-------------------------------------------------------------------------
TPs satisfied = 82; Total TPs = 300; Percentage Satisfied + 27.3%
-------------------------------------------------------------------------

-------------------------------------------------------------------------

EVs

-------------------------------------------------------------------------
--------------------------------------
EV0
--------------------------------------
Num TPs served = 6
TPs served = 2 16 17 32 85 270
Total energy used = 98
--------------------------------------
Schedule:
0 5 2 6 2 6 0 0 100 100 0 5 0
5 20 2 6 14 3 0 1 100 85 2 7 15
20 23 14 3 14 3 1 1 85 85 0 3 0
23 28 14 3 19 3 1 0 85 80 -2 4 5
28 37 19 3 19 12 0 1 80 71 17 7 9
37 40 19 12 18 14 1 2 71 68 16 3 3
40 42 18 14 18 14 2 2 68 68 0 2 0
42 44 18 14 20 14 2 1 68 66 -16 1 2
44 47 20 14 21 12 1 0 66 63 -17 1 3
47 52 21 12 21 12 0 0 63 63 0 5 0
52 72 21 12 7 18 0 1 63 43 32 2 20
72 78 7 18 13 18 1 0 43 37 -32 3 6
78 145 13 18 13 18 0 0 37 37 0 67 0
145 161 13 18 8 7 0 1 37 21 85 6 16
161 166 8 7 8 7 1 1 21 21 0 5 0
166 168 8 7 9 8 1 0 21 19 -85 1 2
168 509 9 8 9 8 0 0 19 19 0 341 0
509 513 9 8 7 6 0 1 19 15 270 11 4
513 521 7 6 7 6 1 1 15 15 0 8 0
521 525 7 6 11 6 1 0 15 11 -270 3 4
525 568 11 6 11 6 0 0 11 11 0 43 0
568 577 11 6 2 6 0 0 11 2 1000000000 0 9
--------------------------------------
--------------------------------------
EV1
--------------------------------------
Num TPs served = 6
TPs served = 3 21 66 88 111 147
Total energy used = 100
--------------------------------------
Schedule:
0 7 33 86 33 86 0 0 100 100 0 7 0
7 19 33 86 23 88 0 1 100 88 3 10 12
19 26 23 88 23 88 1 1 88 88 0 7 0
26 30 23 88 27 88 1 0 88 84 -3 3 4
30 35 27 88 27 88 0 0 84 84 0 5 0
35 42 27 88 22 90 0 1 84 77 21 11 7
42 52 22 90 22 90 1 1 77 77 0 10 0
52 54 22 90 23 91 1 0 77 75 -21 1 2
54 114 23 91 23 91 0 0 75 75 0 60 0
114 129 23 91 34 95 0 1 75 60 66 7 15
129 134 34 95 34 95 1 1 60 60 0 5 0
134 137 34 95 36 96 1 0 60 57 -66 5 3
137 149 36 96 36 96 0 0 57 57 0 12 0
149 159 36 96 46 96 0 1 57 47 88 11 10
159 170 46 96 46 96 1 1 47 47 0 11 0
170 171 46 96 47 96 1 0 47 46 -88 0 1
171 186 47 96 47 96 0 0 46 46 0 15 0
186 202 47 96 33 98 0 1 46 30 111 6 16
202 203 33 98 33 98 1 1 30 30 0 1 0
203 209 33 98 36 95 1 0 30 24 -111 8 6
209 253 36 95 36 95 0 0 24 24 0 44 0
253 264 36 95 27 93 0 1 24 13 147 11 11
264 275 27 93 27 93 1 1 13 13 0 11 0
275 276 27 93 28 93 1 0 13 12 -147 0 1
276 565 28 93 28 93 0 0 12 12 0 289 0
565 577 28 93 33 86 0 0 12 0 1000000000 0 12
--------------------------------------
--------------------------------------
EV2
--------------------------------------
Num TPs served = 5
TPs served = 19 39 49 169 225
Total energy used = 98
--------------------------------------
Schedule:
0 29 29 71 29 71 0 0 100 100 0 29 0
29 47 29 71 36 60 0 1 100 82 19 4 18
47 53 36 60 42 60 1 0 82 76 -19 4 6
53 62 42 60 42 60 0 0 76 76 0 9 0
62 83 42 60 26 55 0 1 76 55 39 1 21
83 84 26 55 26 55 1 1 55 55 0 1 0
84 85 26 55 26 56 1 0 55 54 -39 7 1
85 101 26 56 27 41 0 1 54 38 49 4 16
101 103 27 41 27 41 1 1 38 38 0 2 0
103 106 27 41 29 42 1 0 38 35 -49 4 3
106 293 29 42 29 42 0 0 35 35 0 187 0
293 305 29 42 29 54 0 1 35 23 169 10 12
305 312 29 54 29 54 1 1 23 23 0 7 0
312 316 29 54 30 57 1 0 23 19 -169 3 4
316 398 30 57 30 57 0 0 19 19 0 82 0
398 408 30 57 28 65 0 1 19 9 225 11 10
408 419 28 65 28 65 1 1 9 9 0 11 0
419 420 28 65 29 65 1 0 9 8 -225 0 1
420 571 29 65 29 65 0 0 8 8 0 151 0
571 577 29 65 29 71 0 0 8 2 1000000000 0 6
--------------------------------------
--------------------------------------
EV3
--------------------------------------
Num TPs served = 7
TPs served = 9 25 35 55 76 101 268
Total energy used = 98
--------------------------------------
Schedule:
0 13 86 13 86 13 0 0 100 100 0 13 0
13 28 86 13 99 11 0 1 100 85 9 7 15
28 34 99 11 99 11 1 1 85 85 0 6 0
34 36 99 11 97 11 1 0 85 83 -9 1 2
36 41 97 11 97 11 0 0 83 83 0 5 0
41 50 97 11 90 13 0 1 83 74 25 11 9
50 61 90 13 90 13 1 1 74 74 0 11 0
61 62 90 13 91 13 1 0 74 73 -25 0 1
62 73 91 13 83 16 0 1 73 62 35 5 11
73 87 83 16 86 27 1 0 62 48 -35 8 14
87 99 86 27 86 27 0 0 48 48 0 12 0
99 103 86 27 83 28 0 1 48 44 55 11 4
103 114 83 28 83 28 1 1 44 44 0 11 0
114 115 83 28 84 28 1 0 44 43 -55 0 1
115 139 84 28 84 28 0 0 43 43 0 24 0
139 141 84 28 84 26 0 1 43 41 76 11 2
141 152 84 26 84 26 1 1 41 41 0 11 0
152 153 84 26 84 27 1 0 41 40 -76 0 1
153 168 84 27 84 27 0 0 40 40 0 15 0
168 181 84 27 89 35 0 1 40 27 101 9 13
181 191 89 35 89 35 1 1 27 27 0 10 0
191 191 89 35 89 35 1 0 27 27 -101 1 0
191 496 89 35 89 35 0 0 27 27 0 305 0
496 514 89 35 87 19 0 1 27 9 268 4 18
514 519 87 19 87 19 1 1 9 9 0 5 0
519 519 87 19 87 19 1 0 9 9 -268 0 0
519 570 87 19 87 19 0 0 9 9 0 51 0
570 577 87 19 86 13 0 0 9 2 1000000000 0 7
--------------------------------------
--------------------------------------
EV4
--------------------------------------
Num TPs served = 7
TPs served = 1 27 30 115 138 193 275
Total energy used = 96
--------------------------------------
Schedule:
0 2 20 53 20 53 0 0 100 100 0 2 0
2 24 20 53 3 48 0 1 100 78 1 0 22
24 27 3 48 6 48 1 0 78 75 -1 0 3
27 41 6 48 6 48 0 0 75 75 0 14 0
41 60 6 48 7 30 0 1 75 56 27 3 19
60 62 7 30 8 29 1 2 56 54 30 5 2
62 63 8 29 8 29 2 2 54 54 0 1 0
63 64 8 29 8 30 2 1 54 53 -27 1 1
64 66 8 30 8 30 1 1 53 53 0 2 0
66 68 8 30 9 29 1 0 53 51 -30 1 2
68 199 9 29 9 29 0 0 51 51 0 131 0
199 204 9 29 13 30 0 1 51 46 115 11 5
204 216 13 30 13 30 1 1 46 46 0 12 0
216 216 13 30 13 30 1 0 46 46 -115 0 0
216 246 13 30 13 30 0 0 46 46 0 30 0
246 251 13 30 17 29 0 1 46 41 138 11 5
251 257 17 29 17 29 1 1 41 41 0 6 0
257 263 17 29 20 32 1 0 41 35 -138 10 6
263 342 20 32 20 32 0 0 35 35 0 79 0
342 364 20 32 20 54 0 1 35 13 193 0 22
364 365 20 54 20 55 1 0 13 12 -193 0 1
365 517 20 55 20 55 0 0 12 12 0 152 0
517 522 20 55 23 53 0 1 12 7 275 11 5
522 534 23 53 23 53 1 1 7 7 0 12 0
534 534 23 53 23 53 1 0 7 7 -275 1 0
534 574 23 53 23 53 0 0 7 7 0 40 0
574 577 23 53 20 53 0 0 7 4 1000000000 0 3
--------------------------------------
--------------------------------------
EV5
--------------------------------------
Num TPs served = 7
TPs served = 8 50 58 86 100 109 123
Total energy used = 98
--------------------------------------
Schedule:
0 14 63 14 63 14 0 0 100 100 0 14 0
14 23 63 14 66 20 0 1 100 91 8 11 9
23 34 66 20 66 20 1 1 91 91 0 11 0
34 35 66 20 66 21 1 0 91 90 -8 1 1
35 84 66 21 66 21 0 0 90 90 0 49 0
84 105 66 21 65 41 0 1 90 69 50 1 21
105 107 65 41 65 41 1 1 69 69 0 2 0
107 107 65 41 65 41 1 0 69 69 -50 0 0
107 116 65 41 59 44 0 1 69 60 58 2 9
116 117 59 44 59 44 1 1 60 60 0 1 0
117 119 59 44 61 44 1 0 60 58 -58 1 2
119 146 61 44 61 44 0 0 58 58 0 27 0
146 157 61 44 59 35 0 1 58 47 86 11 11
157 168 59 35 59 35 1 1 47 47 0 11 0
168 169 59 35 59 36 1 0 47 46 -86 0 1
169 174 59 36 59 36 0 0 46 46 0 5 0
174 178 59 36 61 34 0 1 46 42 100 11 4
178 185 61 34 61 34 1 1 42 42 0 7 0
185 190 61 34 66 34 1 0 42 37 -100 4 5
190 206 66 34 57 27 0 1 37 21 109 0 16
206 208 57 27 59 27 1 0 21 19 -109 0 2
208 219 59 27 59 27 0 0 19 19 0 11 0
219 219 59 27 59 27 0 1 19 19 123 11 0
219 231 59 27 59 27 1 1 19 19 0 12 0
231 231 59 27 59 27 1 0 19 19 -123 0 0
231 560 59 27 59 27 0 0 19 19 0 329 0
560 577 59 27 63 14 0 0 19 2 1000000000 0 17
--------------------------------------
--------------------------------------
EV6
--------------------------------------
Num TPs served = 6
TPs served = 23 33 51 60 87 102
Total energy used = 88
--------------------------------------
Schedule:
0 42 27 26 27 26 0 0 100 100 0 42 0
42 46 27 26 23 26 0 1 100 96 23 11 4
46 57 23 26 23 26 1 1 96 96 0 11 0
57 58 23 26 23 27 1 0 96 95 -23 0 1
58 74 23 27 20 14 0 1 95 79 33 1 16
74 76 20 14 20 14 1 1 79 79 0 2 0
76 76 20 14 20 14 1 0 79 79 -33 4 0
76 87 20 14 20 14 0 0 79 79 0 11 0
87 97 20 14 24 20 0 1 79 69 51 11 10
97 99 24 20 24 20 1 1 69 69 0 2 0
99 109 24 20 32 22 1 0 69 59 -51 9 10
109 116 32 22 38 21 0 1 59 52 60 11 7
116 126 38 21 38 21 1 1 52 52 0 10 0
126 128 38 21 40 21 1 0 52 50 -60 1 2
128 147 40 21 40 21 0 0 50 50 0 19 0
147 163 40 21 27 18 0 1 50 34 87 6 16
163 170 27 18 27 18 1 1 34 34 0 7 0
170 170 27 18 27 18 1 0 34 34 -87 0 0
170 173 27 18 27 18 0 0 34 34 0 3 0
173 180 27 18 20 18 0 1 34 27 102 11 7
180 187 20 18 20 18 1 1 27 27 0 7 0
187 192 20 18 25 18 1 0 27 22 -102 4 5
192 567 25 18 25 18 0 0 22 22 0 375 0
567 577 25 18 27 26 0 0 22 12 1000000000 0 10
--------------------------------------
--------------------------------------
EV7
--------------------------------------
Num TPs served = 4
TPs served = 20 48 108 136
Total energy used = 100
--------------------------------------
Schedule:
0 30 42 50 42 50 0 0 100 100 0 30 0
30 44 42 50 43 37 0 1 100 86 20 8 14
44 51 43 37 43 37 1 1 86 86 0 7 0
51 53 43 37 44 38 1 0 86 84 -20 1 2
53 82 44 38 44 38 0 0 84 84 0 29 0
82 98 44 38 53 31 0 1 84 68 48 6 16
98 100 53 31 53 31 1 1 68 68 0 2 0
100 105 53 31 58 31 1 0 68 63 -48 5 5
105 183 58 31 58 31 0 0 63 63 0 78 0
183 198 58 31 67 37 0 1 63 48 108 7 15
198 202 67 37 67 37 1 1 48 48 0 4 0
202 206 67 37 67 41 1 0 48 44 -108 4 4
206 236 67 41 67 41 0 0 44 44 0 30 0
236 250 67 41 58 36 0 1 44 30 136 8 14
250 259 58 36 58 36 1 1 30 30 0 9 0
259 259 58 36 58 36 1 0 30 30 -136 1 0
259 547 58 36 58 36 0 0 30 30 0 288 0
547 577 58 36 42 50 0 0 30 0 1000000000 0 30
--------------------------------------
--------------------------------------
EV8
--------------------------------------
Num TPs served = 5
TPs served = 40 106 150 175 216
Total energy used = 98
--------------------------------------
Schedule:
0 64 18 42 18 42 0 0 100 100 0 64 0
64 78 18 42 17 29 0 1 100 86 40 8 14
78 91 17 29 29 30 1 0 86 73 -40 14 13
91 174 29 30 29 30 0 0 73 73 0 83 0
174 191 29 30 27 15 0 1 73 56 106 5 17
191 196 27 15 27 15 1 1 56 56 0 5 0
196 197 27 15 28 15 1 0 56 55 -106 1 1
197 257 28 15 28 15 0 0 55 55 0 60 0
257 271 28 15 14 15 0 1 55 41 150 8 14
271 277 14 15 14 15 1 1 41 41 0 6 0
277 280 14 15 14 18 1 0 41 38 -150 3 3
280 306 14 18 14 18 0 0 38 38 0 26 0
306 320 14 18 13 31 0 1 38 24 175 8 14
320 328 13 31 13 31 1 1 24 24 0 8 0
328 329 13 31 14 31 1 0 24 23 -175 0 1
329 380 14 31 14 31 0 0 23 23 0 51 0
380 394 14 31 15 44 0 1 23 9 216 8 14
394 402 15 44 15 44 1 1 9 9 0 8 0
402 403 15 44 15 45 1 0 9 8 -216 0 1
403 571 15 45 15 45 0 0 8 8 0 168 0
571 577 15 45 18 42 0 0 8 2 1000000000 0 6
--------------------------------------
--------------------------------------
EV9
--------------------------------------
Num TPs served = 5
TPs served = 18 28 62 68 82
Total energy used = 100
--------------------------------------
Schedule:
0 24 29 0 29 0 0 0 100 100 0 24 0
24 37 29 0 37 5 0 1 100 87 18 9 13
37 45 37 5 37 5 1 1 87 87 0 8 0
45 47 37 5 38 6 1 0 87 85 -18 1 2
47 63 38 6 48 12 0 1 85 69 28 1 16
63 64 48 12 48 12 1 1 69 69 0 1 0
64 65 48 12 49 12 1 0 69 68 -28 0 1
65 107 49 12 49 12 0 0 68 68 0 42 0
107 124 49 12 33 11 0 1 68 51 62 5 17
124 129 33 11 36 13 1 2 51 46 68 9 5
129 131 36 13 34 13 2 1 46 44 -62 1 2
131 140 34 13 36 20 1 0 44 35 -68 10 9
140 162 36 20 27 7 0 1 35 13 82 0 22
162 165 27 7 28 9 1 0 13 10 -82 1 3
165 567 28 9 28 9 0 0 10 10 0 402 0
567 577 28 9 29 0 0 0 10 0 1000000000 0 10
--------------------------------------
--------------------------------------
EV10
--------------------------------------
Num TPs served = 3
TPs served = 38 65 122
Total energy used = 98
--------------------------------------
Schedule:
0 61 6 5 6 5 0 0 100 100 0 61 0
61 81 6 5 23 2 0 1 100 80 38 2 20
81 83 23 2 23 2 1 1 80 80 0 2 0
83 84 23 2 24 2 1 0 80 79 -38 1 1
84 111 24 2 24 2 0 0 79 79 0 27 0
111 133 24 2 36 12 0 1 79 57 65 0 22
133 134 36 12 37 12 1 0 57 56 -65 0 1
134 204 37 12 37 12 0 0 56 56 0 70 0
204 216 37 12 44 7 0 1 56 44 122 10 12
216 226 44 7 44 7 1 1 44 44 0 10 0
226 227 44 7 45 7 1 0 44 43 -122 0 1
227 536 45 7 45 7 0 0 43 43 0 309 0
536 577 45 7 6 5 0 0 43 2 1000000000 0 41
--------------------------------------
--------------------------------------
EV11
--------------------------------------
Num TPs served = 4
TPs served = 127 156 174 226
Total energy used = 98
--------------------------------------
Schedule:
0 213 16 30 16 30 0 0 100 100 0 213 0
213 235 16 30 4 40 0 1 100 78 127 0 22
235 241 4 40 10 40 1 0 78 72 -127 2 6
241 268 10 40 10 40 0 0 72 72 0 27 0
268 289 10 40 8 59 0 1 72 51 156 1 21
289 291 8 59 8 61 1 0 51 49 -156 1 2
291 310 8 61 8 61 0 0 49 49 0 19 0
310 316 8 61 14 61 0 1 49 43 174 11 6
316 324 14 61 14 61 1 1 43 43 0 8 0
324 328 14 61 15 64 1 0 43 39 -174 4 4
328 404 15 64 15 64 0 0 39 39 0 76 0
404 411 15 64 14 58 0 1 39 32 226 11 7
411 422 14 58 14 58 1 1 32 32 0 11 0
422 423 14 58 15 58 1 0 32 31 -226 1 1
423 548 15 58 15 58 0 0 31 31 0 125 0
548 577 15 58 16 30 0 0 31 2 1000000000 0 29
--------------------------------------
--------------------------------------
EV12
--------------------------------------
Num TPs served = 5
TPs served = 129 148 165 185 196
Total energy used = 96
--------------------------------------
Schedule:
0 218 15 5 15 5 0 0 100 100 0 218 0
218 240 15 5 35 3 0 1 100 78 129 0 22
240 247 35 3 38 7 1 0 78 71 -129 0 7
247 257 38 7 38 7 0 0 71 71 0 10 0
257 266 38 7 36 14 0 1 71 62 148 11 9
266 276 36 14 36 14 1 1 62 62 0 10 0
276 278 36 14 37 15 1 0 62 60 -148 1 2
278 283 37 15 37 15 0 0 60 60 0 5 0
283 299 37 15 27 9 0 1 60 44 165 6 16
299 305 27 9 27 9 1 1 44 44 0 6 0
305 306 27 9 27 10 1 0 44 43 -165 0 1
306 332 27 10 27 10 0 0 43 43 0 26 0
332 336 27 10 28 7 0 1 43 39 185 11 4
336 341 28 7 28 7 1 1 39 39 0 5 0
341 348 28 7 33 9 1 0 39 32 -185 7 7
348 349 33 9 33 9 0 0 32 32 0 1 0
349 369 33 9 16 12 0 1 32 12 196 2 20
369 372 16 12 16 12 1 1 12 12 0 3 0
372 372 16 12 16 12 1 0 12 12 -196 0 0
372 569 16 12 16 12 0 0 12 12 0 197 0
569 577 16 12 15 5 0 0 12 4 1000000000 0 8
--------------------------------------
--------------------------------------
EV13
--------------------------------------
Num TPs served = 5
TPs served = 97 121 133 207 242
Total energy used = 100
--------------------------------------
Schedule:
0 162 35 13 35 13 0 0 100 100 0 162 0
162 175 35 13 46 11 0 1 100 87 97 9 13
175 184 46 11 46 11 1 1 87 87 0 9 0
184 185 46 11 46 12 1 0 87 86 -97 0 1
185 201 46 12 46 12 0 0 86 86 0 16 0
201 213 46 12 54 8 0 1 86 74 121 10 12
213 223 54 8 54 8 1 1 74 74 0 10 0
223 224 54 8 55 8 1 0 74 73 -121 0 1
224 229 55 8 55 8 0 0 73 73 0 5 0
229 245 55 8 68 5 0 1 73 57 133 6 16
245 247 68 5 68 5 1 1 57 57 0 2 0
247 252 68 5 73 5 1 0 57 52 -133 5 5
252 367 73 5 73 5 0 0 52 52 0 115 0
367 376 73 5 67 2 0 1 52 43 207 11 9
376 386 67 2 67 2 1 1 43 43 0 10 0
386 388 67 2 67 4 1 0 43 41 -207 1 2
388 437 67 4 67 4 0 0 41 41 0 49 0
437 455 67 4 49 4 0 1 41 23 242 4 18
455 460 49 4 49 4 1 1 23 23 0 5 0
460 460 49 4 49 4 1 0 23 23 -242 0 0
460 554 49 4 49 4 0 0 23 23 0 94 0
554 577 49 4 35 13 0 0 23 0 1000000000 0 23
--------------------------------------
--------------------------------------
EV14
--------------------------------------
Num TPs served = 3
TPs served = 10 29 41
Total energy used = 100
--------------------------------------
Schedule:
0 14 52 34 52 34 0 0 100 100 0 14 0
14 25 52 34 57 28 0 1 100 89 10 11 11
25 34 57 28 57 28 1 1 89 89 0 9 0
34 37 57 28 60 28 1 0 89 86 -10 2 3
37 43 60 28 60 28 0 0 86 86 0 6 0
43 65 60 28 69 41 0 1 86 64 29 0 22
65 66 69 41 70 41 1 0 64 63 -29 0 1
66 69 70 41 70 41 0 0 63 63 0 3 0
69 87 70 41 87 42 0 1 63 45 41 4 18
87 91 87 42 87 42 1 1 45 45 0 4 0
91 92 87 42 88 42 1 0 45 44 -41 1 1
92 533 88 42 88 42 0 0 44 44 0 441 0
533 577 88 42 52 34 0 0 44 0 1000000000 0 44
--------------------------------------
--------------------------------------
EV15
--------------------------------------
Num TPs served = 4
TPs served = 132 212 233 250
Total energy used = 86
--------------------------------------
Schedule:
0 228 4 20 4 20 0 0 100 100 0 228 0
228 236 4 20 11 21 0 1 100 92 132 11 8
236 246 11 21 11 21 1 1 92 92 0 10 0
246 248 11 21 13 21 1 0 92 90 -132 1 2
248 374 13 21 13 21 0 0 90 90 0 126 0
374 390 13 21 21 29 0 1 90 74 212 6 16
390 396 21 29 21 29 1 1 74 74 0 6 0
396 397 21 29 22 29 1 0 74 73 -212 0 1
397 412 22 29 22 29 0 0 73 73 0 15 0
412 434 22 29 26 11 0 1 73 51 233 0 22
434 435 26 11 26 12 1 0 51 50 -233 0 1
435 460 26 12 26 12 0 0 50 50 0 25 0
460 472 26 12 16 14 0 1 50 38 250 10 12
472 479 16 14 16 14 1 1 38 38 0 7 0
479 483 16 14 19 15 1 0 38 34 -250 5 4
483 557 19 15 19 15 0 0 34 34 0 74 0
557 577 19 15 4 20 0 0 34 14 1000000000 0 20
--------------------------------------

-------------------------------------------------------------------------

TPs

-------------------------------------------------------------------------

----------------------
TP1 allocated to 4
----------------------

----------------------
TP2 allocated to 0
----------------------

----------------------
TP3 allocated to 1
----------------------

----------------------
TP4 not allocated
----------------------

----------------------
TP5 not allocated
----------------------

----------------------
TP6 not allocated
----------------------

----------------------
TP7 not allocated
----------------------

----------------------
TP8 allocated to 5
----------------------

----------------------
TP9 allocated to 3
----------------------

----------------------
TP10 allocated to 14
----------------------

----------------------
TP11 not allocated
----------------------

----------------------
TP12 not allocated
----------------------

----------------------
TP13 not allocated
----------------------

----------------------
TP14 not allocated
----------------------

----------------------
TP15 not allocated
----------------------

----------------------
TP16 allocated to 0
----------------------

----------------------
TP17 allocated to 0
----------------------

----------------------
TP18 allocated to 9
----------------------

----------------------
TP19 allocated to 2
----------------------

----------------------
TP20 allocated to 7
----------------------

----------------------
TP21 allocated to 1
----------------------

----------------------
TP22 not allocated
----------------------

----------------------
TP23 allocated to 6
----------------------

----------------------
TP24 not allocated
----------------------

----------------------
TP25 allocated to 3
----------------------

----------------------
TP26 not allocated
----------------------

----------------------
TP27 allocated to 4
----------------------

----------------------
TP28 allocated to 9
----------------------

----------------------
TP29 allocated to 14
----------------------

----------------------
TP30 allocated to 4
----------------------

----------------------
TP31 not allocated
----------------------

----------------------
TP32 allocated to 0
----------------------

----------------------
TP33 allocated to 6
----------------------

----------------------
TP34 not allocated
----------------------

----------------------
TP35 allocated to 3
----------------------

----------------------
TP36 not allocated
----------------------

----------------------
TP37 not allocated
----------------------

----------------------
TP38 allocated to 10
----------------------

----------------------
TP39 allocated to 2
----------------------

----------------------
TP40 allocated to 8
----------------------

----------------------
TP41 allocated to 14
----------------------

----------------------
TP42 not allocated
----------------------

----------------------
TP43 not allocated
----------------------

----------------------
TP44 not allocated
----------------------

----------------------
TP45 not allocated
----------------------

----------------------
TP46 not allocated
----------------------

----------------------
TP47 not allocated
----------------------

----------------------
TP48 allocated to 7
----------------------

----------------------
TP49 allocated to 2
----------------------

----------------------
TP50 allocated to 5
----------------------

----------------------
TP51 allocated to 6
----------------------

----------------------
TP52 not allocated
----------------------

----------------------
TP53 not allocated
----------------------

----------------------
TP54 not allocated
----------------------

----------------------
TP55 allocated to 3
----------------------

----------------------
TP56 not allocated
----------------------

----------------------
TP57 not allocated
----------------------

----------------------
TP58 allocated to 5
----------------------

----------------------
TP59 not allocated
----------------------

----------------------
TP60 allocated to 6
----------------------

----------------------
TP61 not allocated
----------------------

----------------------
TP62 allocated to 9
----------------------

----------------------
TP63 not allocated
----------------------

----------------------
TP64 not allocated
----------------------

----------------------
TP65 allocated to 10
----------------------

----------------------
TP66 allocated to 1
----------------------

----------------------
TP67 not allocated
----------------------

----------------------
TP68 allocated to 9
----------------------

----------------------
TP69 not allocated
----------------------

----------------------
TP70 not allocated
----------------------

----------------------
TP71 not allocated
----------------------

----------------------
TP72 not allocated
----------------------

----------------------
TP73 not allocated
----------------------

----------------------
TP74 not allocated
----------------------

----------------------
TP75 not allocated
----------------------

----------------------
TP76 allocated to 3
----------------------

----------------------
TP77 not allocated
----------------------

----------------------
TP78 not allocated
----------------------

----------------------
TP79 not allocated
----------------------

----------------------
TP80 not allocated
----------------------

----------------------
TP81 not allocated
----------------------

----------------------
TP82 allocated to 9
----------------------

----------------------
TP83 not allocated
----------------------

----------------------
TP84 not allocated
----------------------

----------------------
TP85 allocated to 0
----------------------

----------------------
TP86 allocated to 5
----------------------

----------------------
TP87 allocated to 6
----------------------

----------------------
TP88 allocated to 1
----------------------

----------------------
TP89 not allocated
----------------------

----------------------
TP90 not allocated
----------------------

----------------------
TP91 not allocated
----------------------

----------------------
TP92 not allocated
----------------------

----------------------
TP93 not allocated
----------------------

----------------------
TP94 not allocated
----------------------

----------------------
TP95 not allocated
----------------------

----------------------
TP96 not allocated
----------------------

----------------------
TP97 allocated to 13
----------------------

----------------------
TP98 not allocated
----------------------

----------------------
TP99 not allocated
----------------------

----------------------
TP100 allocated to 5
----------------------

----------------------
TP101 allocated to 3
----------------------

----------------------
TP102 allocated to 6
----------------------

----------------------
TP103 not allocated
----------------------

----------------------
TP104 not allocated
----------------------

----------------------
TP105 not allocated
----------------------

----------------------
TP106 allocated to 8
----------------------

----------------------
TP107 not allocated
----------------------

----------------------
TP108 allocated to 7
----------------------

----------------------
TP109 allocated to 5
----------------------

----------------------
TP110 not allocated
----------------------

----------------------
TP111 allocated to 1
----------------------

----------------------
TP112 not allocated
----------------------

----------------------
TP113 not allocated
----------------------

----------------------
TP114 not allocated
----------------------

----------------------
TP115 allocated to 4
----------------------

----------------------
TP116 not allocated
----------------------

----------------------
TP117 not allocated
----------------------

----------------------
TP118 not allocated
----------------------

----------------------
TP119 not allocated
----------------------

----------------------
TP120 not allocated
----------------------

----------------------
TP121 allocated to 13
----------------------

----------------------
TP122 allocated to 10
----------------------

----------------------
TP123 allocated to 5
----------------------

----------------------
TP124 not allocated
----------------------

----------------------
TP125 not allocated
----------------------

----------------------
TP126 not allocated
----------------------

----------------------
TP127 allocated to 11
----------------------

----------------------
TP128 not allocated
----------------------

----------------------
TP129 allocated to 12
----------------------

----------------------
TP130 not allocated
----------------------

----------------------
TP131 not allocated
----------------------

----------------------
TP132 allocated to 15
----------------------

----------------------
TP133 allocated to 13
----------------------

----------------------
TP134 not allocated
----------------------

----------------------
TP135 not allocated
----------------------

----------------------
TP136 allocated to 7
----------------------

----------------------
TP137 not allocated
----------------------

----------------------
TP138 allocated to 4
----------------------

----------------------
TP139 not allocated
----------------------

----------------------
TP140 not allocated
----------------------

----------------------
TP141 not allocated
----------------------

----------------------
TP142 not allocated
----------------------

----------------------
TP143 not allocated
----------------------

----------------------
TP144 not allocated
----------------------

----------------------
TP145 not allocated
----------------------

----------------------
TP146 not allocated
----------------------

----------------------
TP147 allocated to 1
----------------------

----------------------
TP148 allocated to 12
----------------------

----------------------
TP149 not allocated
----------------------

----------------------
TP150 allocated to 8
----------------------

----------------------
TP151 not allocated
----------------------

----------------------
TP152 not allocated
----------------------

----------------------
TP153 not allocated
----------------------

----------------------
TP154 not allocated
----------------------

----------------------
TP155 not allocated
----------------------

----------------------
TP156 allocated to 11
----------------------

----------------------
TP157 not allocated
----------------------

----------------------
TP158 not allocated
----------------------

----------------------
TP159 not allocated
----------------------

----------------------
TP160 not allocated
----------------------

----------------------
TP161 not allocated
----------------------

----------------------
TP162 not allocated
----------------------

----------------------
TP163 not allocated
----------------------

----------------------
TP164 not allocated
----------------------

----------------------
TP165 allocated to 12
----------------------

----------------------
TP166 not allocated
----------------------

----------------------
TP167 not allocated
----------------------

----------------------
TP168 not allocated
----------------------

----------------------
TP169 allocated to 2
----------------------

----------------------
TP170 not allocated
----------------------

----------------------
TP171 not allocated
----------------------

----------------------
TP172 not allocated
----------------------

----------------------
TP173 not allocated
----------------------

----------------------
TP174 allocated to 11
----------------------

----------------------
TP175 allocated to 8
----------------------

----------------------
TP176 not allocated
----------------------

----------------------
TP177 not allocated
----------------------

----------------------
TP178 not allocated
----------------------

----------------------
TP179 not allocated
----------------------

----------------------
TP180 not allocated
----------------------

----------------------
TP181 not allocated
----------------------

----------------------
TP182 not allocated
----------------------

----------------------
TP183 not allocated
----------------------

----------------------
TP184 not allocated
----------------------

----------------------
TP185 allocated to 12
----------------------

----------------------
TP186 not allocated
----------------------

----------------------
TP187 not allocated
----------------------

----------------------
TP188 not allocated
----------------------

----------------------
TP189 not allocated
----------------------

----------------------
TP190 not allocated
----------------------

----------------------
TP191 not allocated
----------------------

----------------------
TP192 not allocated
----------------------

----------------------
TP193 allocated to 4
----------------------

----------------------
TP194 not allocated
----------------------

----------------------
TP195 not allocated
----------------------

----------------------
TP196 allocated to 12
----------------------

----------------------
TP197 not allocated
----------------------

----------------------
TP198 not allocated
----------------------

----------------------
TP199 not allocated
----------------------

----------------------
TP200 not allocated
----------------------

----------------------
TP201 not allocated
----------------------

----------------------
TP202 not allocated
----------------------

----------------------
TP203 not allocated
----------------------

----------------------
TP204 not allocated
----------------------

----------------------
TP205 not allocated
----------------------

----------------------
TP206 not allocated
----------------------

----------------------
TP207 allocated to 13
----------------------

----------------------
TP208 not allocated
----------------------

----------------------
TP209 not allocated
----------------------

----------------------
TP210 not allocated
----------------------

----------------------
TP211 not allocated
----------------------

----------------------
TP212 allocated to 15
----------------------

----------------------
TP213 not allocated
----------------------

----------------------
TP214 not allocated
----------------------

----------------------
TP215 not allocated
----------------------

----------------------
TP216 allocated to 8
----------------------

----------------------
TP217 not allocated
----------------------

----------------------
TP218 not allocated
----------------------

----------------------
TP219 not allocated
----------------------

----------------------
TP220 not allocated
----------------------

----------------------
TP221 not allocated
----------------------

----------------------
TP222 not allocated
----------------------

----------------------
TP223 not allocated
----------------------

----------------------
TP224 not allocated
----------------------

----------------------
TP225 allocated to 2
----------------------

----------------------
TP226 allocated to 11
----------------------

----------------------
TP227 not allocated
----------------------

----------------------
TP228 not allocated
----------------------

----------------------
TP229 not allocated
----------------------

----------------------
TP230 not allocated
----------------------

----------------------
TP231 not allocated
----------------------

----------------------
TP232 not allocated
----------------------

----------------------
TP233 allocated to 15
----------------------

----------------------
TP234 not allocated
----------------------

----------------------
TP235 not allocated
----------------------

----------------------
TP236 not allocated
----------------------

----------------------
TP237 not allocated
----------------------

----------------------
TP238 not allocated
----------------------

----------------------
TP239 not allocated
----------------------

----------------------
TP240 not allocated
----------------------

----------------------
TP241 not allocated
----------------------

----------------------
TP242 allocated to 13
----------------------

----------------------
TP243 not allocated
----------------------

----------------------
TP244 not allocated
----------------------

----------------------
TP245 not allocated
----------------------

----------------------
TP246 not allocated
----------------------

----------------------
TP247 not allocated
----------------------

----------------------
TP248 not allocated
----------------------

----------------------
TP249 not allocated
----------------------

----------------------
TP250 allocated to 15
----------------------

----------------------
TP251 not allocated
----------------------

----------------------
TP252 not allocated
----------------------

----------------------
TP253 not allocated
----------------------

----------------------
TP254 not allocated
----------------------

----------------------
TP255 not allocated
----------------------

----------------------
TP256 not allocated
----------------------

----------------------
TP257 not allocated
----------------------

----------------------
TP258 not allocated
----------------------

----------------------
TP259 not allocated
----------------------

----------------------
TP260 not allocated
----------------------

----------------------
TP261 not allocated
----------------------

----------------------
TP262 not allocated
----------------------

----------------------
TP263 not allocated
----------------------

----------------------
TP264 not allocated
----------------------

----------------------
TP265 not allocated
----------------------

----------------------
TP266 not allocated
----------------------

----------------------
TP267 not allocated
----------------------

----------------------
TP268 allocated to 3
----------------------

----------------------
TP269 not allocated
----------------------

----------------------
TP270 allocated to 0
----------------------

----------------------
TP271 not allocated
----------------------

----------------------
TP272 not allocated
----------------------

----------------------
TP273 not allocated
----------------------

----------------------
TP274 not allocated
----------------------

----------------------
TP275 allocated to 4
----------------------

----------------------
TP276 not allocated
----------------------

----------------------
TP277 not allocated
----------------------

----------------------
TP278 not allocated
----------------------

----------------------
TP279 not allocated
----------------------

----------------------
TP280 not allocated
----------------------

----------------------
TP281 not allocated
----------------------

----------------------
TP282 not allocated
----------------------

----------------------
TP283 not allocated
----------------------

----------------------
TP284 not allocated
----------------------

----------------------
TP285 not allocated
----------------------

----------------------
TP286 not allocated
----------------------

----------------------
TP287 not allocated
----------------------

----------------------
TP288 not allocated
----------------------

----------------------
TP289 not allocated
----------------------

----------------------
TP290 not allocated
----------------------

----------------------
TP291 not allocated
----------------------

----------------------
TP292 not allocated
----------------------

----------------------
TP293 not allocated
----------------------

----------------------
TP294 not allocated
----------------------

----------------------
TP295 not allocated
----------------------

----------------------
TP296 not allocated
----------------------

----------------------
TP297 not allocated
----------------------

----------------------
TP298 not allocated
----------------------

----------------------
TP299 not allocated
----------------------

----------------------
TP300 not allocated
----------------------
