-------------------------------------------------------------------------
TPs satisfied = 169; Total TPs = 1000; Percentage Satisfied + 16.900000000000002%
-------------------------------------------------------------------------

-------------------------------------------------------------------------

EVs

-------------------------------------------------------------------------
--------------------------------------
EV0
--------------------------------------
Num TPs served = 6
TPs served = 50 56 90 101 132 222
Total energy used = 100
--------------------------------------
Schedule:
128 144 78 29 82 17 0 1 100 84 50 8 16
144 145 82 17 83 17 1 0 84 83 -50 8 1
145 158 83 17 96 17 0 1 83 70 56 3 13
158 158 96 17 96 17 1 0 70 70 -56 6 0
158 186 96 17 68 17 0 1 70 42 90 32 28
186 190 68 17 69 20 1 0 42 38 -90 34 4
190 205 69 20 63 29 0 1 38 23 101 31 15
205 207 63 29 65 29 1 0 23 21 -101 31 2
207 254 65 29 65 29 0 0 21 21 0 47 0
254 259 65 29 66 25 0 1 21 16 132 34 5
259 261 66 25 66 25 1 1 16 16 0 2 0
261 261 66 25 66 25 1 0 16 16 -132 34 0
261 422 66 25 66 25 0 0 16 16 0 161 0
422 426 66 25 68 27 0 1 16 12 222 34 4
426 428 68 27 70 27 1 0 12 10 -222 34 2
428 1787 70 27 70 27 0 0 10 10 0 1359 0
1787 1797 70 27 78 29 0 0 10 0 1000000000 0 10
--------------------------------------
--------------------------------------
EV1
--------------------------------------
Num TPs served = 3
TPs served = 133 163 491
Total energy used = 100
--------------------------------------
Schedule:
251 293 78 29 97 6 0 1 100 58 133 4 42
293 298 97 6 99 9 1 0 58 53 -133 5 5
298 337 99 9 72 21 0 1 53 14 163 10 39
337 339 72 21 74 21 1 0 14 12 -163 12 2
339 892 74 21 74 21 0 0 12 12 0 553 0
892 893 74 21 74 22 0 1 12 11 491 34 1
893 895 74 22 74 22 1 1 11 11 0 2 0
895 898 74 22 77 22 1 0 11 8 -491 34 3
898 1789 77 22 77 22 0 0 8 8 0 891 0
1789 1797 77 22 78 29 0 0 8 0 1000000000 0 8
--------------------------------------
--------------------------------------
EV2
--------------------------------------
Num TPs served = 7
TPs served = 47 53 71 77 105 291 527
Total energy used = 98
--------------------------------------
Schedule:
118 139 56 97 76 98 0 1 100 79 47 10 21
139 140 76 98 77 98 1 0 79 78 -47 11 1
140 155 77 98 72 88 0 1 78 63 53 3 15
155 156 72 88 72 89 1 0 63 62 -53 3 1
156 159 72 89 72 89 0 0 62 62 0 3 0
159 166 72 89 66 88 0 1 62 55 77 34 7
166 170 66 88 66 88 1 1 55 55 0 4 0
170 181 66 88 75 90 1 0 55 44 -77 34 11
181 187 75 90 70 91 0 1 44 38 71 3 6
187 190 70 91 71 93 1 0 38 35 -71 4 3
190 194 71 93 71 93 0 0 35 35 0 4 0
194 207 71 93 64 99 0 1 35 22 105 34 13
207 208 64 99 64 99 1 1 22 22 0 1 0
208 212 64 99 64 95 1 0 22 18 -105 34 4
212 570 64 95 64 95 0 0 18 18 0 358 0
570 571 64 95 64 94 0 1 18 17 291 34 1
571 572 64 94 65 94 1 0 17 16 -291 34 1
572 947 65 94 65 94 0 0 16 16 0 375 0
947 954 65 94 59 95 0 1 16 9 527 34 7
954 956 59 95 59 95 1 1 9 9 0 2 0
956 957 59 95 60 95 1 0 9 8 -527 34 1
957 1791 60 95 60 95 0 0 8 8 0 834 0
1791 1797 60 95 56 97 0 0 8 2 1000000000 0 6
--------------------------------------
--------------------------------------
EV3
--------------------------------------
Num TPs served = 4
TPs served = 121 129 148 595
Total energy used = 100
--------------------------------------
Schedule:
225 256 56 97 33 89 0 1 100 69 121 13 31
256 256 33 89 33 89 1 0 69 69 -121 14 0
256 285 33 89 59 92 0 1 69 40 129 1 29
285 288 59 92 62 92 1 0 40 37 -129 5 3
288 306 62 92 55 81 0 1 37 19 148 17 18
306 307 55 81 55 82 1 0 19 18 -148 18 1
307 1057 55 82 55 82 0 0 18 18 0 750 0
1057 1069 55 82 57 92 0 1 18 6 595 34 12
1069 1070 57 92 57 92 1 1 6 6 0 1 0
1070 1071 57 92 57 93 1 0 6 5 -595 34 1
1071 1792 57 93 57 93 0 0 5 5 0 721 0
1792 1797 57 93 56 97 0 0 5 0 1000000000 0 5
--------------------------------------
--------------------------------------
EV4
--------------------------------------
Num TPs served = 5
TPs served = 46 52 60 84 467
Total energy used = 100
--------------------------------------
Schedule:
125 139 41 61 50 56 0 1 100 86 52 16 14
139 140 50 56 51 56 1 0 86 85 -52 16 1
140 146 51 56 52 51 0 1 85 79 46 2 6
146 149 52 51 54 52 1 0 79 76 -46 2 3
149 169 54 52 70 56 0 1 76 56 60 4 20
169 171 70 56 72 56 1 0 56 54 -60 4 2
171 199 72 56 53 65 0 1 54 26 84 13 28
199 204 53 65 56 67 1 0 26 21 -84 13 5
204 838 56 67 56 67 0 0 21 21 0 634 0
838 844 56 67 52 65 0 1 21 15 467 34 6
844 845 52 65 52 65 1 1 15 15 0 1 0
845 845 52 65 52 65 1 0 15 15 -467 34 0
845 1782 52 65 52 65 0 0 15 15 0 937 0
1782 1797 52 65 41 61 0 0 15 0 1000000000 0 15
--------------------------------------
--------------------------------------
EV5
--------------------------------------
Num TPs served = 8
TPs served = 117 126 130 143 147 165 219 263
Total energy used = 100
--------------------------------------
Schedule:
244 262 41 61 24 60 0 1 100 82 117 3 18
262 263 24 60 24 61 1 0 82 81 -117 3 1
263 266 24 61 24 58 0 1 81 78 130 21 3
266 268 24 58 26 58 1 0 78 76 -130 21 2
268 276 26 58 21 55 0 1 76 68 126 4 8
276 276 21 55 21 55 1 0 68 68 -126 6 0
276 285 21 55 20 63 0 1 68 59 143 30 9
285 286 20 63 21 63 1 0 59 58 -143 32 1
286 313 21 63 47 62 0 1 58 31 147 8 27
313 314 47 62 48 62 1 0 31 30 -147 8 1
314 323 48 62 40 63 0 1 30 21 165 28 9
323 323 40 63 40 63 1 0 21 21 -165 29 0
323 408 40 63 40 63 0 0 21 21 0 85 0
408 417 40 63 42 56 0 1 21 12 219 34 9
417 418 42 56 42 57 1 0 12 11 -219 34 1
418 513 42 57 42 57 0 0 11 11 0 95 0
513 520 42 57 39 61 0 1 11 4 263 34 7
520 523 39 61 42 61 1 0 4 1 -263 34 3
523 1796 42 61 42 61 0 0 1 1 0 1273 0
1796 1797 42 61 41 61 0 0 1 0 1000000000 0 1
--------------------------------------
--------------------------------------
EV6
--------------------------------------
Num TPs served = 4
TPs served = 51 64 79 120
Total energy used = 100
--------------------------------------
Schedule:
123 125 68 69 68 69 0 0 100 100 0 2 0
125 144 68 69 50 68 0 1 100 81 64 34 19
144 154 50 68 54 74 1 2 81 71 51 0 10
154 155 54 74 54 75 2 1 71 70 -51 9 1
155 166 54 75 58 68 1 0 70 59 -64 20 11
166 183 58 68 56 53 0 1 59 42 79 20 17
183 193 56 53 64 55 1 0 42 32 -79 21 10
193 215 64 55 64 55 0 0 32 32 0 22 0
215 234 64 55 75 63 0 1 32 13 120 34 19
234 236 75 63 75 63 1 1 13 13 0 2 0
236 236 75 63 75 63 1 0 13 13 -120 34 0
236 1784 75 63 75 63 0 0 13 13 0 1548 0
1784 1797 75 63 68 69 0 0 13 0 1000000000 0 13
--------------------------------------
--------------------------------------
EV7
--------------------------------------
Num TPs served = 7
TPs served = 128 138 151 152 180 242 343
Total energy used = 98
--------------------------------------
Schedule:
242 258 68 69 68 69 0 0 100 100 0 16 0
258 274 68 69 71 82 0 1 100 84 138 34 16
274 282 71 82 74 87 1 2 84 76 128 0 8
282 287 74 87 78 88 2 1 76 71 -128 0 5
287 294 78 88 77 82 1 0 71 64 -138 25 7
294 308 77 82 84 75 0 1 64 50 152 20 14
308 309 84 75 84 76 1 0 50 49 -152 21 1
309 322 84 76 89 68 0 1 49 36 151 4 13
322 322 89 68 89 68 1 0 36 36 -151 5 0
322 345 89 68 89 68 0 0 36 36 0 23 0
345 347 89 68 90 69 0 1 36 34 180 34 2
347 348 90 69 90 70 1 0 34 33 -180 34 1
348 459 90 70 90 70 0 0 33 33 0 111 0
459 471 90 70 81 67 0 1 33 21 242 34 12
471 472 81 67 81 68 1 0 21 20 -242 34 1
472 644 81 68 81 68 0 0 20 20 0 172 0
644 657 81 68 68 68 0 1 20 7 343 34 13
657 659 68 68 70 68 1 0 7 5 -343 34 2
659 1794 70 68 70 68 0 0 5 5 0 1135 0
1794 1797 70 68 68 69 0 0 5 2 1000000000 0 3
--------------------------------------
--------------------------------------
EV8
--------------------------------------
Num TPs served = 5
TPs served = 83 95 103 359 598
Total energy used = 100
--------------------------------------
Schedule:
142 187 66 80 82 51 0 1 100 55 83 22 45
187 190 82 51 83 53 1 0 55 52 -83 24 3
190 215 83 53 74 69 0 1 52 27 103 23 25
215 215 74 69 74 69 1 2 27 27 95 10 0
215 219 74 69 78 69 2 1 27 23 -103 24 4
219 221 78 69 76 69 1 0 23 21 -95 9 2
221 669 76 69 76 69 0 0 21 21 0 448 0
669 682 76 69 68 74 0 1 21 8 359 34 13
682 683 68 74 68 74 1 1 8 8 0 1 0
683 683 68 74 68 74 1 0 8 8 -359 34 0
683 1070 68 74 68 74 0 0 8 8 0 387 0
1070 1073 68 74 68 77 0 1 8 5 598 34 3
1073 1074 68 77 68 78 1 0 5 4 -598 34 1
1074 1793 68 78 68 78 0 0 4 4 0 719 0
1793 1797 68 78 66 80 0 0 4 0 1000000000 0 4
--------------------------------------
--------------------------------------
EV9
--------------------------------------
Num TPs served = 6
TPs served = 131 141 155 170 172 177
Total energy used = 100
--------------------------------------
Schedule:
268 289 66 80 50 75 0 1 100 79 131 3 21
289 292 50 75 53 75 1 0 79 76 -131 3 3
292 305 53 75 59 68 0 1 76 63 155 30 13
305 313 59 68 60 61 1 2 63 55 141 0 8
313 317 60 61 62 63 2 1 55 51 -141 2 4
317 322 62 63 62 68 1 0 51 46 -155 16 5
322 332 62 68 62 68 0 0 46 46 0 10 0
332 344 62 68 66 76 0 1 46 34 177 34 12
344 345 66 76 66 77 1 2 34 33 172 19 1
345 347 66 77 67 78 2 1 33 31 -172 21 2
347 358 67 78 58 76 1 2 31 20 170 4 11
358 362 58 76 62 76 2 1 20 16 -170 4 4
362 370 62 76 70 76 1 0 16 8 -177 12 8
370 1789 70 76 70 76 0 0 8 8 0 1419 0
1789 1797 70 76 66 80 0 0 8 0 1000000000 0 8
--------------------------------------
--------------------------------------
EV10
--------------------------------------
Num TPs served = 5
TPs served = 42 55 78 108 659
Total energy used = 98
--------------------------------------
Schedule:
104 123 50 49 34 46 0 1 100 81 42 16 19
123 131 34 46 40 48 1 0 81 73 -42 16 8
131 148 40 48 43 62 0 1 73 56 55 12 17
148 149 43 62 43 63 1 0 56 55 -55 12 1
149 174 43 63 32 49 0 1 55 30 78 28 25
174 175 32 49 33 49 1 0 30 29 -78 28 1
175 203 33 49 33 49 0 0 29 29 0 28 0
203 217 33 49 47 49 0 1 29 15 108 34 14
217 222 47 49 47 54 1 0 15 10 -108 34 5
222 1175 47 54 47 54 0 0 10 10 0 953 0
1175 1178 47 54 47 51 0 1 10 7 659 34 3
1178 1179 47 51 47 51 1 1 7 7 0 1 0
1179 1181 47 51 49 51 1 0 7 5 -659 34 2
1181 1794 49 51 49 51 0 0 5 5 0 613 0
1794 1797 49 51 50 49 0 0 5 2 1000000000 0 3
--------------------------------------
--------------------------------------
EV11
--------------------------------------
Num TPs served = 4
TPs served = 113 134 186 269
Total energy used = 100
--------------------------------------
Schedule:
230 247 50 49 63 45 0 1 100 83 113 10 17
247 252 63 45 67 46 1 0 83 78 -113 10 5
252 273 67 46 61 61 0 1 78 57 134 25 21
273 274 61 61 62 61 1 0 57 56 -134 25 1
274 335 62 61 62 61 0 0 56 56 0 61 0
335 360 62 61 76 50 0 1 56 31 186 34 25
360 361 76 50 76 50 1 1 31 31 0 1 0
361 361 76 50 76 50 1 0 31 31 -186 34 0
361 530 76 50 76 50 0 0 31 31 0 169 0
530 535 76 50 72 51 0 1 31 26 269 34 5
535 536 72 51 72 51 1 1 26 26 0 1 0
536 537 72 51 72 52 1 0 26 25 -269 34 1
537 1772 72 52 72 52 0 0 25 25 0 1235 0
1772 1797 72 52 50 49 0 0 25 0 1000000000 0 25
--------------------------------------
--------------------------------------
EV12
--------------------------------------
Num TPs served = 4
TPs served = 58 96 102 107
Total energy used = 98
--------------------------------------
Schedule:
122 133 64 93 58 98 0 1 100 89 58 31 11
133 135 58 98 58 100 1 0 89 87 -58 31 2
135 166 58 100 58 100 0 0 87 87 0 31 0
166 194 58 100 80 94 0 1 87 59 96 34 28
194 212 80 94 74 82 1 2 59 41 102 25 18
212 217 74 82 79 82 2 1 41 36 -102 25 5
217 226 79 82 78 90 1 2 36 27 107 21 9
226 227 78 90 79 90 2 1 27 26 -107 21 1
227 233 79 90 81 94 1 0 26 20 -96 1 6
233 1779 81 94 81 94 0 0 20 20 0 1546 0
1779 1797 81 94 64 93 0 0 20 2 1000000000 0 18
--------------------------------------
--------------------------------------
EV13
--------------------------------------
Num TPs served = 6
TPs served = 135 150 178 183 184 246
Total energy used = 100
--------------------------------------
Schedule:
240 267 64 93 42 98 0 1 100 73 135 32 27
267 269 42 98 42 100 1 0 73 71 -135 33 2
269 276 42 100 42 100 0 0 71 71 0 7 0
276 291 42 100 45 88 0 1 71 56 150 34 15
291 295 45 88 48 89 1 0 56 52 -150 34 4
295 339 48 89 48 89 0 0 52 52 0 44 0
339 357 48 89 53 76 0 1 52 34 184 34 18
357 360 53 76 55 77 1 2 34 31 178 19 3
360 361 55 77 56 77 2 1 31 30 -178 22 1
361 362 56 77 56 77 1 1 30 30 0 1 0
362 370 56 77 55 84 1 0 30 22 -184 34 8
370 382 55 84 65 86 0 1 22 10 183 7 12
382 384 65 86 65 88 1 0 10 8 -183 8 2
384 479 65 88 65 88 0 0 8 8 0 95 0
479 482 65 88 64 90 0 1 8 5 246 34 3
482 483 64 90 64 90 1 1 5 5 0 1 0
483 485 64 90 65 91 1 0 5 3 -246 34 2
485 1794 65 91 65 91 0 0 3 3 0 1309 0
1794 1797 65 91 64 93 0 0 3 0 1000000000 0 3
--------------------------------------
--------------------------------------
EV14
--------------------------------------
Num TPs served = 7
TPs served = 65 69 70 75 91 104 144
Total energy used = 100
--------------------------------------
Schedule:
142 144 67 37 67 37 0 0 100 100 0 2 0
144 154 67 37 64 30 0 1 100 90 70 34 10
154 155 64 30 65 30 1 0 90 89 -70 34 1
155 159 65 30 66 33 0 1 89 85 69 28 4
159 163 66 33 68 31 1 2 85 81 75 33 4
163 166 68 31 69 33 2 1 81 78 -69 24 3
166 178 69 33 70 44 1 2 78 66 65 1 12
178 179 70 44 71 44 2 1 66 65 -65 1 1
179 187 71 44 78 43 1 2 65 57 91 34 8
187 188 78 43 79 43 2 1 57 56 -91 34 1
188 195 79 43 79 36 1 0 56 49 -75 20 7
195 210 79 36 92 38 0 1 49 34 104 30 15
210 212 92 38 92 40 1 0 34 32 -104 33 2
212 267 92 40 92 40 0 0 32 32 0 55 0
267 282 92 40 82 35 0 1 32 17 144 34 15
282 285 82 35 82 35 1 1 17 17 0 3 0
285 285 82 35 82 35 1 0 17 17 -144 34 0
285 1780 82 35 82 35 0 0 17 17 0 1495 0
1780 1797 82 35 67 37 0 0 17 0 1000000000 0 17
--------------------------------------
--------------------------------------
EV15
--------------------------------------
Num TPs served = 5
TPs served = 136 164 169 277 442
Total energy used = 100
--------------------------------------
Schedule:
263 294 67 37 46 27 0 1 100 69 136 10 31
294 296 46 27 48 27 1 0 69 67 -136 10 2
296 314 48 27 35 32 0 1 67 49 164 34 18
314 317 35 32 37 33 1 0 49 46 -164 34 3
317 343 37 33 62 32 0 1 46 20 169 18 26
343 346 62 32 65 32 1 0 20 17 -169 19 3
346 543 65 32 65 32 0 0 17 17 0 197 0
543 549 65 32 61 34 0 1 17 11 277 34 6
549 552 61 34 61 37 1 0 11 8 -277 34 3
552 808 61 37 61 37 0 0 8 8 0 256 0
808 809 61 37 61 38 0 1 8 7 442 34 1
809 814 61 38 66 38 1 0 7 2 -442 34 5
814 1795 66 38 66 38 0 0 2 2 0 981 0
1795 1797 66 38 67 37 0 0 2 0 1000000000 0 2
--------------------------------------
--------------------------------------
EV16
--------------------------------------
Num TPs served = 6
TPs served = 67 80 203 620 690 798
Total energy used = 100
--------------------------------------
Schedule:
135 183 50 97 19 80 0 1 100 52 67 0 48
183 187 19 80 19 84 1 0 52 48 -67 1 4
187 196 19 84 20 92 0 1 48 39 80 8 9
196 198 20 92 22 92 1 0 39 37 -80 8 2
198 384 22 92 22 92 0 0 37 37 0 186 0
384 394 22 92 25 99 0 1 37 27 203 34 10
394 395 25 99 25 99 1 1 27 27 0 1 0
395 396 25 99 26 99 1 0 27 26 -203 34 1
396 1110 26 99 26 99 0 0 26 26 0 714 0
1110 1117 26 99 32 98 0 1 26 19 620 34 7
1117 1119 32 98 34 98 1 0 19 17 -620 34 2
1119 1233 34 98 34 98 0 0 17 17 0 114 0
1233 1237 34 98 37 97 0 1 17 13 690 34 4
1237 1238 37 97 38 97 1 0 13 12 -690 34 1
1238 1426 38 97 38 97 0 0 12 12 0 188 0
1426 1427 38 97 39 97 0 1 12 11 798 34 1
1427 1429 39 97 39 97 1 1 11 11 0 2 0
1429 1429 39 97 39 97 1 0 11 11 -798 34 0
1429 1786 39 97 39 97 0 0 11 11 0 357 0
1786 1797 39 97 50 97 0 0 11 0 1000000000 0 11
--------------------------------------
--------------------------------------
EV17
--------------------------------------
Num TPs served = 2
TPs served = 161 193
Total energy used = 100
--------------------------------------
Schedule:
252 277 50 97 50 97 0 0 100 100 0 25 0
277 318 50 97 88 94 0 1 100 59 161 27 41
318 320 88 94 88 96 1 0 59 57 -161 27 2
320 367 88 96 88 96 0 0 57 57 0 47 0
367 376 88 96 94 93 0 1 57 48 193 34 9
376 377 94 93 94 93 1 1 48 48 0 1 0
377 377 94 93 94 93 1 0 48 48 -193 34 0
377 1749 94 93 94 93 0 0 48 48 0 1372 0
1749 1797 94 93 50 97 0 0 48 0 1000000000 0 48
--------------------------------------
--------------------------------------
EV18
--------------------------------------
Num TPs served = 6
TPs served = 61 109 149 298 480 557
Total energy used = 100
--------------------------------------
Schedule:
120 156 77 51 95 69 0 1 100 64 61 18 36
156 164 95 69 89 71 1 0 64 56 -61 20 8
164 214 89 71 89 71 0 0 56 56 0 50 0
214 218 89 71 90 68 0 1 56 52 109 34 4
218 219 90 68 90 68 1 1 52 52 0 1 0
219 220 90 68 91 68 1 0 52 51 -109 34 1
220 269 91 68 91 68 0 0 51 51 0 49 0
269 290 91 68 94 50 0 1 51 30 149 34 21
290 293 94 50 94 50 1 1 30 30 0 3 0
293 294 94 50 94 51 1 0 30 29 -149 34 1
294 575 94 51 94 51 0 0 29 29 0 281 0
575 581 94 51 89 52 0 1 29 23 298 34 6
581 583 89 52 89 54 1 0 23 21 -298 34 2
583 864 89 54 89 54 0 0 21 21 0 281 0
864 873 89 54 81 53 0 1 21 12 480 34 9
873 874 81 53 81 53 1 1 12 12 0 1 0
874 875 81 53 82 53 1 0 12 11 -480 34 1
875 998 82 53 82 53 0 0 11 11 0 123 0
998 1003 82 53 80 50 0 1 11 6 557 34 5
1003 1004 80 50 80 50 1 1 6 6 0 1 0
1004 1005 80 50 81 50 1 0 6 5 -557 34 1
1005 1792 81 50 81 50 0 0 5 5 0 787 0
1792 1797 81 50 77 51 0 0 5 0 1000000000 0 5
--------------------------------------
--------------------------------------
EV19
--------------------------------------
Num TPs served = 5
TPs served = 142 251 275 379 794
Total energy used = 100
--------------------------------------
Schedule:
249 295 77 51 78 6 0 1 100 54 142 19 46
295 296 78 6 79 6 1 0 54 53 -142 21 1
296 489 79 6 79 6 0 0 53 53 0 193 0
489 495 79 6 79 12 0 1 53 47 251 34 6
495 497 79 12 81 12 1 0 47 45 -251 34 2
497 542 81 12 81 12 0 0 45 45 0 45 0
542 545 81 12 78 12 0 1 45 42 275 34 3
545 547 78 12 78 14 1 0 42 40 -275 34 2
547 699 78 14 78 14 0 0 40 40 0 152 0
699 714 78 14 77 28 0 1 40 25 379 34 15
714 718 77 28 77 28 1 1 25 25 0 4 0
718 720 77 28 77 30 1 0 25 23 -379 34 2
720 1420 77 30 77 30 0 0 23 23 0 700 0
1420 1422 77 30 77 32 0 1 23 21 794 34 2
1422 1424 77 32 77 32 1 1 21 21 0 2 0
1424 1425 77 32 78 32 1 0 21 20 -794 34 1
1425 1777 78 32 78 32 0 0 20 20 0 352 0
1777 1797 78 32 77 51 0 0 20 0 1000000000 0 20
--------------------------------------
--------------------------------------
EV20
--------------------------------------
Num TPs served = 5
TPs served = 59 72 81 116 366
Total energy used = 100
--------------------------------------
Schedule:
144 169 0 43 11 29 0 1 100 75 59 2 25
169 170 11 29 12 29 1 0 75 74 -59 4 1
170 185 12 29 13 15 0 1 74 59 72 6 15
185 185 13 15 13 15 1 0 59 59 -72 9 0
185 202 13 15 19 26 0 1 59 42 81 5 17
202 202 19 26 19 26 1 0 42 42 -81 6 0
202 206 19 26 19 26 0 0 42 42 0 4 0
206 230 19 26 2 33 0 1 42 18 116 34 24
230 232 2 33 4 33 1 0 18 16 -116 34 2
232 687 4 33 4 33 0 0 16 16 0 455 0
687 696 4 33 2 40 0 1 16 7 366 34 9
696 697 2 40 2 40 1 1 7 7 0 1 0
697 698 2 40 3 40 1 0 7 6 -366 34 1
698 1791 3 40 3 40 0 0 6 6 0 1093 0
1791 1797 3 40 0 43 0 0 6 0 1000000000 0 6
--------------------------------------
--------------------------------------
EV21
--------------------------------------
Num TPs served = 5
TPs served = 137 156 157 241 512
Total energy used = 100
--------------------------------------
Schedule:
274 303 0 43 14 28 0 1 100 71 137 2 29
303 304 14 28 15 28 1 0 71 70 -137 3 1
304 318 15 28 14 15 0 1 70 56 156 18 14
318 319 14 15 15 15 1 0 56 55 -156 19 1
319 328 15 15 9 12 0 1 55 46 157 9 9
328 328 9 12 9 12 1 0 46 46 -157 10 0
328 463 9 12 9 12 0 0 46 46 0 135 0
463 467 9 12 6 11 0 1 46 42 241 34 4
467 469 6 11 6 13 1 0 42 40 -241 34 2
469 894 6 13 6 13 0 0 40 40 0 425 0
894 929 6 13 1 43 0 1 40 5 512 33 35
929 931 1 43 2 44 1 0 5 3 -512 34 2
931 1794 2 44 2 44 0 0 3 3 0 863 0
1794 1797 2 44 0 43 0 0 3 0 1000000000 0 3
--------------------------------------
--------------------------------------
EV22
--------------------------------------
Num TPs served = 5
TPs served = 89 175 182 451 819
Total energy used = 100
--------------------------------------
Schedule:
126 149 79 42 79 42 0 0 100 100 0 23 0
149 195 79 42 37 38 0 1 100 54 89 22 46
195 195 37 38 37 38 1 0 54 54 -89 24 0
195 336 37 38 37 38 0 0 54 54 0 141 0
336 340 37 38 39 40 0 1 54 50 175 34 4
340 341 39 40 39 40 1 1 50 50 0 1 0
341 341 39 40 39 40 1 0 50 50 -175 34 0
341 367 39 40 63 38 0 1 50 24 182 21 26
367 378 63 38 74 38 1 0 24 13 -182 26 11
378 822 74 38 74 38 0 0 13 13 0 444 0
822 823 74 38 73 38 0 1 13 12 451 34 1
823 827 73 38 77 38 1 0 12 8 -451 34 4
827 1457 77 38 77 38 0 0 8 8 0 630 0
1457 1464 77 38 80 42 0 1 8 1 819 34 7
1464 1465 80 42 80 42 1 1 1 1 0 1 0
1465 1465 80 42 80 42 1 0 1 1 -819 34 0
1465 1796 80 42 80 42 0 0 1 1 0 331 0
1796 1797 80 42 79 42 0 0 1 0 1000000000 0 1
--------------------------------------
--------------------------------------
EV23
--------------------------------------
Num TPs served = 4
TPs served = 139 167 303 495
Total energy used = 100
--------------------------------------
Schedule:
251 300 79 42 65 7 0 1 100 51 139 10 49
300 302 65 7 67 7 1 0 51 49 -139 10 2
302 315 67 7 67 7 0 0 49 49 0 13 0
315 320 67 7 71 6 0 1 49 44 167 34 5
320 323 71 6 72 8 1 0 44 41 -167 34 3
323 581 72 8 72 8 0 0 41 41 0 258 0
581 590 72 8 73 16 0 1 41 32 303 34 9
590 592 73 16 73 18 1 0 32 30 -303 34 2
592 885 73 18 73 18 0 0 30 30 0 293 0
885 901 73 18 75 32 0 1 30 14 495 34 16
901 902 75 32 75 32 1 1 14 14 0 1 0
902 902 75 32 75 32 1 0 14 14 -495 34 0
902 1783 75 32 75 32 0 0 14 14 0 881 0
1783 1797 75 32 79 42 0 0 14 0 1000000000 0 14
--------------------------------------
--------------------------------------
EV24
--------------------------------------
Num TPs served = 7
TPs served = 73 85 111 215 355 450 544
Total energy used = 100
--------------------------------------
Schedule:
121 124 78 24 78 24 0 0 100 100 0 3 0
124 169 78 24 54 3 0 1 100 55 73 23 45
169 171 54 3 55 4 1 0 55 53 -73 25 2
171 180 55 4 57 11 0 1 53 44 85 33 9
180 181 57 11 57 11 1 1 44 44 0 1 0
181 181 57 11 57 11 1 0 44 44 -85 34 0
181 214 57 11 57 11 0 0 44 44 0 33 0
214 220 57 11 62 10 0 1 44 38 111 34 6
220 223 62 10 62 10 1 1 38 38 0 3 0
223 229 62 10 66 12 1 0 38 32 -111 34 6
229 405 66 12 66 12 0 0 32 32 0 176 0
405 413 66 12 63 17 0 1 32 24 215 34 8
413 414 63 17 64 17 1 0 24 23 -215 34 1
414 670 64 17 64 17 0 0 23 23 0 256 0
670 675 64 17 63 21 0 1 23 18 355 34 5
675 677 63 21 64 22 1 0 18 16 -355 34 2
677 817 64 22 64 22 0 0 16 16 0 140 0
817 822 64 22 68 23 0 1 16 11 450 34 5
822 823 68 23 68 23 1 1 11 11 0 1 0
823 823 68 23 68 23 1 0 11 11 -450 34 0
823 969 68 23 68 23 0 0 11 11 0 146 0
969 978 68 23 76 24 0 1 11 2 544 34 9
978 979 76 24 77 24 1 0 2 1 -544 34 1
979 1796 77 24 77 24 0 0 1 1 0 817 0
1796 1797 77 24 78 24 0 0 1 0 1000000000 0 1
--------------------------------------
--------------------------------------
EV25
--------------------------------------
Num TPs served = 5
TPs served = 153 154 174 389 581
Total energy used = 100
--------------------------------------
Schedule:
239 278 78 24 78 24 0 0 100 100 0 39 0
278 300 78 24 84 40 0 1 100 78 154 34 22
300 302 84 40 84 40 1 1 78 78 0 2 0
302 304 84 40 84 42 1 0 78 76 -154 34 2
304 327 84 42 94 29 0 1 76 53 153 2 23
327 337 94 29 97 36 1 0 53 43 -153 4 10
337 358 97 36 88 24 0 1 43 22 174 15 21
358 363 88 24 92 25 1 0 22 17 -174 15 5
363 720 92 25 92 25 0 0 17 17 0 357 0
720 726 92 25 87 24 0 1 17 11 389 34 6
726 727 87 24 87 24 1 1 11 11 0 1 0
727 728 87 24 87 25 1 0 11 10 -389 34 1
728 1044 87 25 87 25 0 0 10 10 0 316 0
1044 1049 87 25 82 25 0 1 10 5 581 34 5
1049 1050 82 25 82 25 1 1 5 5 0 1 0
1050 1050 82 25 82 25 1 0 5 5 -581 34 0
1050 1792 82 25 82 25 0 0 5 5 0 742 0
1792 1797 82 25 78 24 0 0 5 0 1000000000 0 5
--------------------------------------
--------------------------------------
EV26
--------------------------------------
Num TPs served = 6
TPs served = 44 45 82 123 212 228
Total energy used = 100
--------------------------------------
Schedule:
113 125 49 83 39 85 0 1 100 88 44 19 12
125 128 39 85 40 87 1 0 88 85 -44 19 3
128 143 40 87 26 88 0 1 85 70 45 3 15
143 144 26 88 26 89 1 0 70 69 -45 4 1
144 157 26 89 26 89 0 0 69 69 0 13 0
157 174 26 89 11 87 0 1 69 52 82 34 17
174 178 11 87 15 87 1 0 52 48 -82 34 4
178 239 15 87 15 87 0 0 48 48 0 61 0
239 242 15 87 14 85 0 1 48 45 123 34 3
242 243 14 85 14 86 1 0 45 44 -123 34 1
243 398 14 86 14 86 0 0 44 44 0 155 0
398 408 14 86 21 89 0 1 44 34 212 34 10
408 409 21 89 22 89 1 0 34 33 -212 34 1
409 411 22 89 22 89 0 0 33 33 0 2 0
411 437 22 89 43 84 0 1 33 7 228 34 26
437 442 43 84 48 84 1 0 7 2 -228 34 5
442 1795 48 84 48 84 0 0 2 2 0 1353 0
1795 1797 48 84 49 83 0 0 2 0 1000000000 0 2
--------------------------------------
--------------------------------------
EV27
--------------------------------------
Num TPs served = 6
TPs served = 162 187 233 361 463 988
Total energy used = 100
--------------------------------------
Schedule:
239 278 49 83 49 83 0 0 100 100 0 39 0
278 323 49 83 30 57 0 1 100 55 162 23 45
323 328 30 57 31 61 1 0 55 50 -162 24 5
328 348 31 61 31 61 0 0 50 50 0 20 0
348 361 31 61 27 70 0 1 50 37 187 34 13
361 364 27 70 30 70 1 0 37 34 -187 34 3
364 437 30 70 30 70 0 0 34 34 0 73 0
437 446 30 70 38 71 0 1 34 25 233 34 9
446 447 38 71 38 71 1 1 25 25 0 1 0
447 447 38 71 38 71 1 0 25 25 -233 34 0
447 679 38 71 38 71 0 0 25 25 0 232 0
679 684 38 71 40 74 0 1 25 20 361 34 5
684 685 40 74 41 74 1 0 20 19 -361 34 1
685 830 41 74 41 74 0 0 19 19 0 145 0
830 837 41 74 46 76 0 1 19 12 463 34 7
837 838 46 76 46 76 1 1 12 12 0 1 0
838 839 46 76 47 76 1 0 12 11 -463 34 1
839 1733 47 76 47 76 0 0 11 11 0 894 0
1733 1736 47 76 46 78 0 1 11 8 988 34 3
1736 1749 46 78 46 78 1 1 8 8 0 13 0
1749 1750 46 78 46 79 1 0 8 7 -988 34 1
1750 1790 46 79 46 79 0 0 7 7 0 40 0
1790 1797 46 79 49 83 0 0 7 0 1000000000 0 7
--------------------------------------
--------------------------------------
EV28
--------------------------------------
Num TPs served = 7
TPs served = 57 63 68 88 93 227 586
Total energy used = 100
--------------------------------------
Schedule:
116 137 25 90 16 78 0 1 100 79 57 25 21
137 138 16 78 16 79 1 0 79 78 -57 30 1
138 152 16 79 5 76 0 1 78 64 68 32 14
152 171 5 76 11 63 1 2 64 45 63 5 19
171 177 11 63 13 67 2 1 45 39 -63 7 6
177 178 13 67 13 67 1 1 39 39 0 1 0
178 182 13 67 17 67 1 2 39 35 88 34 4
182 183 17 67 18 67 2 1 35 34 -88 34 1
183 184 18 67 18 67 1 1 34 34 0 1 0
184 189 18 67 16 70 1 2 34 29 93 34 5
189 193 16 70 17 73 2 1 29 25 -93 34 4
193 196 17 73 17 76 1 0 25 22 -68 0 3
196 420 17 76 17 76 0 0 22 22 0 224 0
420 435 17 76 20 88 0 1 22 7 227 34 15
435 437 20 88 22 88 1 0 7 5 -227 34 2
437 1050 22 88 22 88 0 0 5 5 0 613 0
1050 1054 22 88 24 90 0 1 5 1 586 34 4
1054 1056 24 90 24 90 1 1 1 1 0 2 0
1056 1057 24 90 25 90 1 0 1 0 -586 34 1
1057 1797 25 90 25 90 0 0 0 0 0 740 0
1797 1797 25 90 25 90 0 0 0 0 1000000000 0 0
--------------------------------------
--------------------------------------
EV29
--------------------------------------
Num TPs served = 6
TPs served = 122 168 226 271 407 640
Total energy used = 98
--------------------------------------
Schedule:
244 268 25 90 10 99 0 1 100 76 122 4 24
268 268 10 99 10 99 1 0 76 76 -122 5 0
268 289 10 99 10 99 0 0 76 76 0 21 0
289 328 10 99 23 73 0 1 76 37 168 29 39
328 331 23 73 24 75 1 0 37 34 -168 29 3
331 428 24 75 24 75 0 0 34 34 0 97 0
428 434 24 75 25 70 0 1 34 28 226 34 6
434 436 25 70 26 71 1 0 28 26 -226 34 2
436 533 26 71 26 71 0 0 26 26 0 97 0
533 539 26 71 25 76 0 1 26 20 271 34 6
539 540 25 76 25 76 1 1 20 20 0 1 0
540 541 25 76 25 77 1 0 20 19 -271 34 1
541 745 25 77 25 77 0 0 19 19 0 204 0
745 753 25 77 27 83 0 1 19 11 407 34 8
753 754 27 83 27 84 1 0 11 10 -407 34 1
754 1147 27 84 27 84 0 0 10 10 0 393 0
1147 1148 27 84 26 84 0 1 10 9 640 34 1
1148 1149 26 84 26 84 1 1 9 9 0 1 0
1149 1149 26 84 26 84 1 0 9 9 -640 34 0
1149 1790 26 84 26 84 0 0 9 9 0 641 0
1790 1797 26 84 25 90 0 0 9 2 1000000000 0 7
--------------------------------------
--------------------------------------
EV30
--------------------------------------
Num TPs served = 5
TPs served = 43 76 119 223 565
Total energy used = 100
--------------------------------------
Schedule:
136 141 59 40 63 39 0 1 100 95 43 0 5
141 146 63 39 63 44 1 0 95 90 -43 0 5
146 195 63 44 39 19 0 1 90 41 76 3 49
195 195 39 19 39 19 1 0 41 41 -76 4 0
195 222 39 19 39 19 0 0 41 41 0 27 0
222 233 39 19 42 27 0 1 41 30 119 34 11
233 234 42 27 42 27 1 1 30 30 0 1 0
234 234 42 27 42 27 1 0 30 30 -119 34 0
234 415 42 27 42 27 0 0 30 30 0 181 0
415 428 42 27 52 30 0 1 30 17 223 34 13
428 431 52 30 55 30 1 0 17 14 -223 34 3
431 1013 55 30 55 30 0 0 14 14 0 582 0
1013 1018 55 30 56 34 0 1 14 9 565 34 5
1018 1022 56 34 56 34 1 1 9 9 0 4 0
1022 1024 56 34 56 36 1 0 9 7 -565 34 2
1024 1790 56 36 56 36 0 0 7 7 0 766 0
1790 1797 56 36 59 40 0 0 7 0 1000000000 0 7
--------------------------------------
--------------------------------------
EV31
--------------------------------------
Num TPs served = 3
TPs served = 146 181 294
Total energy used = 100
--------------------------------------
Schedule:
261 311 59 40 46 3 0 1 100 50 146 8 50
311 314 46 3 49 3 1 0 50 47 -146 8 3
314 330 49 3 49 3 0 0 47 47 0 16 0
330 349 49 3 54 17 0 1 47 28 181 34 19
349 351 54 17 55 18 1 0 28 26 -181 34 2
351 566 55 18 55 18 0 0 26 26 0 215 0
566 575 55 18 58 24 0 1 26 17 294 34 9
575 577 58 24 58 24 1 1 17 17 0 2 0
577 578 58 24 59 24 1 0 17 16 -294 34 1
578 1781 59 24 59 24 0 0 16 16 0 1203 0
1781 1797 59 24 59 40 0 0 16 0 1000000000 0 16
--------------------------------------

-------------------------------------------------------------------------

TPs

-------------------------------------------------------------------------

----------------------
TP1 not allocated
----------------------

----------------------
TP2 not allocated
----------------------

----------------------
TP3 not allocated
----------------------

----------------------
TP4 not allocated
----------------------

----------------------
TP5 not allocated
----------------------

----------------------
TP6 not allocated
----------------------

----------------------
TP7 not allocated
----------------------

----------------------
TP8 not allocated
----------------------

----------------------
TP9 not allocated
----------------------

----------------------
TP10 not allocated
----------------------

----------------------
TP11 not allocated
----------------------

----------------------
TP12 not allocated
----------------------

----------------------
TP13 not allocated
----------------------

----------------------
TP14 not allocated
----------------------

----------------------
TP15 not allocated
----------------------

----------------------
TP16 not allocated
----------------------

----------------------
TP17 not allocated
----------------------

----------------------
TP18 not allocated
----------------------

----------------------
TP19 not allocated
----------------------

----------------------
TP20 not allocated
----------------------

----------------------
TP21 not allocated
----------------------

----------------------
TP22 not allocated
----------------------

----------------------
TP23 not allocated
----------------------

----------------------
TP24 not allocated
----------------------

----------------------
TP25 not allocated
----------------------

----------------------
TP26 not allocated
----------------------

----------------------
TP27 not allocated
----------------------

----------------------
TP28 not allocated
----------------------

----------------------
TP29 not allocated
----------------------

----------------------
TP30 not allocated
----------------------

----------------------
TP31 not allocated
----------------------

----------------------
TP32 not allocated
----------------------

----------------------
TP33 not allocated
----------------------

----------------------
TP34 not allocated
----------------------

----------------------
TP35 not allocated
----------------------

----------------------
TP36 not allocated
----------------------

----------------------
TP37 not allocated
----------------------

----------------------
TP38 not allocated
----------------------

----------------------
TP39 not allocated
----------------------

----------------------
TP40 not allocated
----------------------

----------------------
TP41 not allocated
----------------------

----------------------
TP42 allocated to 10
----------------------

----------------------
TP43 allocated to 30
----------------------

----------------------
TP44 allocated to 26
----------------------

----------------------
TP45 allocated to 26
----------------------

----------------------
TP46 allocated to 4
----------------------

----------------------
TP47 allocated to 2
----------------------

----------------------
TP48 not allocated
----------------------

----------------------
TP49 not allocated
----------------------

----------------------
TP50 allocated to 0
----------------------

----------------------
TP51 allocated to 6
----------------------

----------------------
TP52 allocated to 4
----------------------

----------------------
TP53 allocated to 2
----------------------

----------------------
TP54 not allocated
----------------------

----------------------
TP55 allocated to 10
----------------------

----------------------
TP56 allocated to 0
----------------------

----------------------
TP57 allocated to 28
----------------------

----------------------
TP58 allocated to 12
----------------------

----------------------
TP59 allocated to 20
----------------------

----------------------
TP60 allocated to 4
----------------------

----------------------
TP61 allocated to 18
----------------------

----------------------
TP62 not allocated
----------------------

----------------------
TP63 allocated to 28
----------------------

----------------------
TP64 allocated to 6
----------------------

----------------------
TP65 allocated to 14
----------------------

----------------------
TP66 not allocated
----------------------

----------------------
TP67 allocated to 16
----------------------

----------------------
TP68 allocated to 28
----------------------

----------------------
TP69 allocated to 14
----------------------

----------------------
TP70 allocated to 14
----------------------

----------------------
TP71 allocated to 2
----------------------

----------------------
TP72 allocated to 20
----------------------

----------------------
TP73 allocated to 24
----------------------

----------------------
TP74 not allocated
----------------------

----------------------
TP75 allocated to 14
----------------------

----------------------
TP76 allocated to 30
----------------------

----------------------
TP77 allocated to 2
----------------------

----------------------
TP78 allocated to 10
----------------------

----------------------
TP79 allocated to 6
----------------------

----------------------
TP80 allocated to 16
----------------------

----------------------
TP81 allocated to 20
----------------------

----------------------
TP82 allocated to 26
----------------------

----------------------
TP83 allocated to 8
----------------------

----------------------
TP84 allocated to 4
----------------------

----------------------
TP85 allocated to 24
----------------------

----------------------
TP86 not allocated
----------------------

----------------------
TP87 not allocated
----------------------

----------------------
TP88 allocated to 28
----------------------

----------------------
TP89 allocated to 22
----------------------

----------------------
TP90 allocated to 0
----------------------

----------------------
TP91 allocated to 14
----------------------

----------------------
TP92 not allocated
----------------------

----------------------
TP93 allocated to 28
----------------------

----------------------
TP94 not allocated
----------------------

----------------------
TP95 allocated to 8
----------------------

----------------------
TP96 allocated to 12
----------------------

----------------------
TP97 not allocated
----------------------

----------------------
TP98 not allocated
----------------------

----------------------
TP99 not allocated
----------------------

----------------------
TP100 not allocated
----------------------

----------------------
TP101 allocated to 0
----------------------

----------------------
TP102 allocated to 12
----------------------

----------------------
TP103 allocated to 8
----------------------

----------------------
TP104 allocated to 14
----------------------

----------------------
TP105 allocated to 2
----------------------

----------------------
TP106 not allocated
----------------------

----------------------
TP107 allocated to 12
----------------------

----------------------
TP108 allocated to 10
----------------------

----------------------
TP109 allocated to 18
----------------------

----------------------
TP110 not allocated
----------------------

----------------------
TP111 allocated to 24
----------------------

----------------------
TP112 not allocated
----------------------

----------------------
TP113 allocated to 11
----------------------

----------------------
TP114 not allocated
----------------------

----------------------
TP115 not allocated
----------------------

----------------------
TP116 allocated to 20
----------------------

----------------------
TP117 allocated to 5
----------------------

----------------------
TP118 not allocated
----------------------

----------------------
TP119 allocated to 30
----------------------

----------------------
TP120 allocated to 6
----------------------

----------------------
TP121 allocated to 3
----------------------

----------------------
TP122 allocated to 29
----------------------

----------------------
TP123 allocated to 26
----------------------

----------------------
TP124 not allocated
----------------------

----------------------
TP125 not allocated
----------------------

----------------------
TP126 allocated to 5
----------------------

----------------------
TP127 not allocated
----------------------

----------------------
TP128 allocated to 7
----------------------

----------------------
TP129 allocated to 3
----------------------

----------------------
TP130 allocated to 5
----------------------

----------------------
TP131 allocated to 9
----------------------

----------------------
TP132 allocated to 0
----------------------

----------------------
TP133 allocated to 1
----------------------

----------------------
TP134 allocated to 11
----------------------

----------------------
TP135 allocated to 13
----------------------

----------------------
TP136 allocated to 15
----------------------

----------------------
TP137 allocated to 21
----------------------

----------------------
TP138 allocated to 7
----------------------

----------------------
TP139 allocated to 23
----------------------

----------------------
TP140 not allocated
----------------------

----------------------
TP141 allocated to 9
----------------------

----------------------
TP142 allocated to 19
----------------------

----------------------
TP143 allocated to 5
----------------------

----------------------
TP144 allocated to 14
----------------------

----------------------
TP145 not allocated
----------------------

----------------------
TP146 allocated to 31
----------------------

----------------------
TP147 allocated to 5
----------------------

----------------------
TP148 allocated to 3
----------------------

----------------------
TP149 allocated to 18
----------------------

----------------------
TP150 allocated to 13
----------------------

----------------------
TP151 allocated to 7
----------------------

----------------------
TP152 allocated to 7
----------------------

----------------------
TP153 allocated to 25
----------------------

----------------------
TP154 allocated to 25
----------------------

----------------------
TP155 allocated to 9
----------------------

----------------------
TP156 allocated to 21
----------------------

----------------------
TP157 allocated to 21
----------------------

----------------------
TP158 not allocated
----------------------

----------------------
TP159 not allocated
----------------------

----------------------
TP160 not allocated
----------------------

----------------------
TP161 allocated to 17
----------------------

----------------------
TP162 allocated to 27
----------------------

----------------------
TP163 allocated to 1
----------------------

----------------------
TP164 allocated to 15
----------------------

----------------------
TP165 allocated to 5
----------------------

----------------------
TP166 not allocated
----------------------

----------------------
TP167 allocated to 23
----------------------

----------------------
TP168 allocated to 29
----------------------

----------------------
TP169 allocated to 15
----------------------

----------------------
TP170 allocated to 9
----------------------

----------------------
TP171 not allocated
----------------------

----------------------
TP172 allocated to 9
----------------------

----------------------
TP173 not allocated
----------------------

----------------------
TP174 allocated to 25
----------------------

----------------------
TP175 allocated to 22
----------------------

----------------------
TP176 not allocated
----------------------

----------------------
TP177 allocated to 9
----------------------

----------------------
TP178 allocated to 13
----------------------

----------------------
TP179 not allocated
----------------------

----------------------
TP180 allocated to 7
----------------------

----------------------
TP181 allocated to 31
----------------------

----------------------
TP182 allocated to 22
----------------------

----------------------
TP183 allocated to 13
----------------------

----------------------
TP184 allocated to 13
----------------------

----------------------
TP185 not allocated
----------------------

----------------------
TP186 allocated to 11
----------------------

----------------------
TP187 allocated to 27
----------------------

----------------------
TP188 not allocated
----------------------

----------------------
TP189 not allocated
----------------------

----------------------
TP190 not allocated
----------------------

----------------------
TP191 not allocated
----------------------

----------------------
TP192 not allocated
----------------------

----------------------
TP193 allocated to 17
----------------------

----------------------
TP194 not allocated
----------------------

----------------------
TP195 not allocated
----------------------

----------------------
TP196 not allocated
----------------------

----------------------
TP197 not allocated
----------------------

----------------------
TP198 not allocated
----------------------

----------------------
TP199 not allocated
----------------------

----------------------
TP200 not allocated
----------------------

----------------------
TP201 not allocated
----------------------

----------------------
TP202 not allocated
----------------------

----------------------
TP203 allocated to 16
----------------------

----------------------
TP204 not allocated
----------------------

----------------------
TP205 not allocated
----------------------

----------------------
TP206 not allocated
----------------------

----------------------
TP207 not allocated
----------------------

----------------------
TP208 not allocated
----------------------

----------------------
TP209 not allocated
----------------------

----------------------
TP210 not allocated
----------------------

----------------------
TP211 not allocated
----------------------

----------------------
TP212 allocated to 26
----------------------

----------------------
TP213 not allocated
----------------------

----------------------
TP214 not allocated
----------------------

----------------------
TP215 allocated to 24
----------------------

----------------------
TP216 not allocated
----------------------

----------------------
TP217 not allocated
----------------------

----------------------
TP218 not allocated
----------------------

----------------------
TP219 allocated to 5
----------------------

----------------------
TP220 not allocated
----------------------

----------------------
TP221 not allocated
----------------------

----------------------
TP222 allocated to 0
----------------------

----------------------
TP223 allocated to 30
----------------------

----------------------
TP224 not allocated
----------------------

----------------------
TP225 not allocated
----------------------

----------------------
TP226 allocated to 29
----------------------

----------------------
TP227 allocated to 28
----------------------

----------------------
TP228 allocated to 26
----------------------

----------------------
TP229 not allocated
----------------------

----------------------
TP230 not allocated
----------------------

----------------------
TP231 not allocated
----------------------

----------------------
TP232 not allocated
----------------------

----------------------
TP233 allocated to 27
----------------------

----------------------
TP234 not allocated
----------------------

----------------------
TP235 not allocated
----------------------

----------------------
TP236 not allocated
----------------------

----------------------
TP237 not allocated
----------------------

----------------------
TP238 not allocated
----------------------

----------------------
TP239 not allocated
----------------------

----------------------
TP240 not allocated
----------------------

----------------------
TP241 allocated to 21
----------------------

----------------------
TP242 allocated to 7
----------------------

----------------------
TP243 not allocated
----------------------

----------------------
TP244 not allocated
----------------------

----------------------
TP245 not allocated
----------------------

----------------------
TP246 allocated to 13
----------------------

----------------------
TP247 not allocated
----------------------

----------------------
TP248 not allocated
----------------------

----------------------
TP249 not allocated
----------------------

----------------------
TP250 not allocated
----------------------

----------------------
TP251 allocated to 19
----------------------

----------------------
TP252 not allocated
----------------------

----------------------
TP253 not allocated
----------------------

----------------------
TP254 not allocated
----------------------

----------------------
TP255 not allocated
----------------------

----------------------
TP256 not allocated
----------------------

----------------------
TP257 not allocated
----------------------

----------------------
TP258 not allocated
----------------------

----------------------
TP259 not allocated
----------------------

----------------------
TP260 not allocated
----------------------

----------------------
TP261 not allocated
----------------------

----------------------
TP262 not allocated
----------------------

----------------------
TP263 allocated to 5
----------------------

----------------------
TP264 not allocated
----------------------

----------------------
TP265 not allocated
----------------------

----------------------
TP266 not allocated
----------------------

----------------------
TP267 not allocated
----------------------

----------------------
TP268 not allocated
----------------------

----------------------
TP269 allocated to 11
----------------------

----------------------
TP270 not allocated
----------------------

----------------------
TP271 allocated to 29
----------------------

----------------------
TP272 not allocated
----------------------

----------------------
TP273 not allocated
----------------------

----------------------
TP274 not allocated
----------------------

----------------------
TP275 allocated to 19
----------------------

----------------------
TP276 not allocated
----------------------

----------------------
TP277 allocated to 15
----------------------

----------------------
TP278 not allocated
----------------------

----------------------
TP279 not allocated
----------------------

----------------------
TP280 not allocated
----------------------

----------------------
TP281 not allocated
----------------------

----------------------
TP282 not allocated
----------------------

----------------------
TP283 not allocated
----------------------

----------------------
TP284 not allocated
----------------------

----------------------
TP285 not allocated
----------------------

----------------------
TP286 not allocated
----------------------

----------------------
TP287 not allocated
----------------------

----------------------
TP288 not allocated
----------------------

----------------------
TP289 not allocated
----------------------

----------------------
TP290 not allocated
----------------------

----------------------
TP291 allocated to 2
----------------------

----------------------
TP292 not allocated
----------------------

----------------------
TP293 not allocated
----------------------

----------------------
TP294 allocated to 31
----------------------

----------------------
TP295 not allocated
----------------------

----------------------
TP296 not allocated
----------------------

----------------------
TP297 not allocated
----------------------

----------------------
TP298 allocated to 18
----------------------

----------------------
TP299 not allocated
----------------------

----------------------
TP300 not allocated
----------------------

----------------------
TP301 not allocated
----------------------

----------------------
TP302 not allocated
----------------------

----------------------
TP303 allocated to 23
----------------------

----------------------
TP304 not allocated
----------------------

----------------------
TP305 not allocated
----------------------

----------------------
TP306 not allocated
----------------------

----------------------
TP307 not allocated
----------------------

----------------------
TP308 not allocated
----------------------

----------------------
TP309 not allocated
----------------------

----------------------
TP310 not allocated
----------------------

----------------------
TP311 not allocated
----------------------

----------------------
TP312 not allocated
----------------------

----------------------
TP313 not allocated
----------------------

----------------------
TP314 not allocated
----------------------

----------------------
TP315 not allocated
----------------------

----------------------
TP316 not allocated
----------------------

----------------------
TP317 not allocated
----------------------

----------------------
TP318 not allocated
----------------------

----------------------
TP319 not allocated
----------------------

----------------------
TP320 not allocated
----------------------

----------------------
TP321 not allocated
----------------------

----------------------
TP322 not allocated
----------------------

----------------------
TP323 not allocated
----------------------

----------------------
TP324 not allocated
----------------------

----------------------
TP325 not allocated
----------------------

----------------------
TP326 not allocated
----------------------

----------------------
TP327 not allocated
----------------------

----------------------
TP328 not allocated
----------------------

----------------------
TP329 not allocated
----------------------

----------------------
TP330 not allocated
----------------------

----------------------
TP331 not allocated
----------------------

----------------------
TP332 not allocated
----------------------

----------------------
TP333 not allocated
----------------------

----------------------
TP334 not allocated
----------------------

----------------------
TP335 not allocated
----------------------

----------------------
TP336 not allocated
----------------------

----------------------
TP337 not allocated
----------------------

----------------------
TP338 not allocated
----------------------

----------------------
TP339 not allocated
----------------------

----------------------
TP340 not allocated
----------------------

----------------------
TP341 not allocated
----------------------

----------------------
TP342 not allocated
----------------------

----------------------
TP343 allocated to 7
----------------------

----------------------
TP344 not allocated
----------------------

----------------------
TP345 not allocated
----------------------

----------------------
TP346 not allocated
----------------------

----------------------
TP347 not allocated
----------------------

----------------------
TP348 not allocated
----------------------

----------------------
TP349 not allocated
----------------------

----------------------
TP350 not allocated
----------------------

----------------------
TP351 not allocated
----------------------

----------------------
TP352 not allocated
----------------------

----------------------
TP353 not allocated
----------------------

----------------------
TP354 not allocated
----------------------

----------------------
TP355 allocated to 24
----------------------

----------------------
TP356 not allocated
----------------------

----------------------
TP357 not allocated
----------------------

----------------------
TP358 not allocated
----------------------

----------------------
TP359 allocated to 8
----------------------

----------------------
TP360 not allocated
----------------------

----------------------
TP361 allocated to 27
----------------------

----------------------
TP362 not allocated
----------------------

----------------------
TP363 not allocated
----------------------

----------------------
TP364 not allocated
----------------------

----------------------
TP365 not allocated
----------------------

----------------------
TP366 allocated to 20
----------------------

----------------------
TP367 not allocated
----------------------

----------------------
TP368 not allocated
----------------------

----------------------
TP369 not allocated
----------------------

----------------------
TP370 not allocated
----------------------

----------------------
TP371 not allocated
----------------------

----------------------
TP372 not allocated
----------------------

----------------------
TP373 not allocated
----------------------

----------------------
TP374 not allocated
----------------------

----------------------
TP375 not allocated
----------------------

----------------------
TP376 not allocated
----------------------

----------------------
TP377 not allocated
----------------------

----------------------
TP378 not allocated
----------------------

----------------------
TP379 allocated to 19
----------------------

----------------------
TP380 not allocated
----------------------

----------------------
TP381 not allocated
----------------------

----------------------
TP382 not allocated
----------------------

----------------------
TP383 not allocated
----------------------

----------------------
TP384 not allocated
----------------------

----------------------
TP385 not allocated
----------------------

----------------------
TP386 not allocated
----------------------

----------------------
TP387 not allocated
----------------------

----------------------
TP388 not allocated
----------------------

----------------------
TP389 allocated to 25
----------------------

----------------------
TP390 not allocated
----------------------

----------------------
TP391 not allocated
----------------------

----------------------
TP392 not allocated
----------------------

----------------------
TP393 not allocated
----------------------

----------------------
TP394 not allocated
----------------------

----------------------
TP395 not allocated
----------------------

----------------------
TP396 not allocated
----------------------

----------------------
TP397 not allocated
----------------------

----------------------
TP398 not allocated
----------------------

----------------------
TP399 not allocated
----------------------

----------------------
TP400 not allocated
----------------------

----------------------
TP401 not allocated
----------------------

----------------------
TP402 not allocated
----------------------

----------------------
TP403 not allocated
----------------------

----------------------
TP404 not allocated
----------------------

----------------------
TP405 not allocated
----------------------

----------------------
TP406 not allocated
----------------------

----------------------
TP407 allocated to 29
----------------------

----------------------
TP408 not allocated
----------------------

----------------------
TP409 not allocated
----------------------

----------------------
TP410 not allocated
----------------------

----------------------
TP411 not allocated
----------------------

----------------------
TP412 not allocated
----------------------

----------------------
TP413 not allocated
----------------------

----------------------
TP414 not allocated
----------------------

----------------------
TP415 not allocated
----------------------

----------------------
TP416 not allocated
----------------------

----------------------
TP417 not allocated
----------------------

----------------------
TP418 not allocated
----------------------

----------------------
TP419 not allocated
----------------------

----------------------
TP420 not allocated
----------------------

----------------------
TP421 not allocated
----------------------

----------------------
TP422 not allocated
----------------------

----------------------
TP423 not allocated
----------------------

----------------------
TP424 not allocated
----------------------

----------------------
TP425 not allocated
----------------------

----------------------
TP426 not allocated
----------------------

----------------------
TP427 not allocated
----------------------

----------------------
TP428 not allocated
----------------------

----------------------
TP429 not allocated
----------------------

----------------------
TP430 not allocated
----------------------

----------------------
TP431 not allocated
----------------------

----------------------
TP432 not allocated
----------------------

----------------------
TP433 not allocated
----------------------

----------------------
TP434 not allocated
----------------------

----------------------
TP435 not allocated
----------------------

----------------------
TP436 not allocated
----------------------

----------------------
TP437 not allocated
----------------------

----------------------
TP438 not allocated
----------------------

----------------------
TP439 not allocated
----------------------

----------------------
TP440 not allocated
----------------------

----------------------
TP441 not allocated
----------------------

----------------------
TP442 allocated to 15
----------------------

----------------------
TP443 not allocated
----------------------

----------------------
TP444 not allocated
----------------------

----------------------
TP445 not allocated
----------------------

----------------------
TP446 not allocated
----------------------

----------------------
TP447 not allocated
----------------------

----------------------
TP448 not allocated
----------------------

----------------------
TP449 not allocated
----------------------

----------------------
TP450 allocated to 24
----------------------

----------------------
TP451 allocated to 22
----------------------

----------------------
TP452 not allocated
----------------------

----------------------
TP453 not allocated
----------------------

----------------------
TP454 not allocated
----------------------

----------------------
TP455 not allocated
----------------------

----------------------
TP456 not allocated
----------------------

----------------------
TP457 not allocated
----------------------

----------------------
TP458 not allocated
----------------------

----------------------
TP459 not allocated
----------------------

----------------------
TP460 not allocated
----------------------

----------------------
TP461 not allocated
----------------------

----------------------
TP462 not allocated
----------------------

----------------------
TP463 allocated to 27
----------------------

----------------------
TP464 not allocated
----------------------

----------------------
TP465 not allocated
----------------------

----------------------
TP466 not allocated
----------------------

----------------------
TP467 allocated to 4
----------------------

----------------------
TP468 not allocated
----------------------

----------------------
TP469 not allocated
----------------------

----------------------
TP470 not allocated
----------------------

----------------------
TP471 not allocated
----------------------

----------------------
TP472 not allocated
----------------------

----------------------
TP473 not allocated
----------------------

----------------------
TP474 not allocated
----------------------

----------------------
TP475 not allocated
----------------------

----------------------
TP476 not allocated
----------------------

----------------------
TP477 not allocated
----------------------

----------------------
TP478 not allocated
----------------------

----------------------
TP479 not allocated
----------------------

----------------------
TP480 allocated to 18
----------------------

----------------------
TP481 not allocated
----------------------

----------------------
TP482 not allocated
----------------------

----------------------
TP483 not allocated
----------------------

----------------------
TP484 not allocated
----------------------

----------------------
TP485 not allocated
----------------------

----------------------
TP486 not allocated
----------------------

----------------------
TP487 not allocated
----------------------

----------------------
TP488 not allocated
----------------------

----------------------
TP489 not allocated
----------------------

----------------------
TP490 not allocated
----------------------

----------------------
TP491 allocated to 1
----------------------

----------------------
TP492 not allocated
----------------------

----------------------
TP493 not allocated
----------------------

----------------------
TP494 not allocated
----------------------

----------------------
TP495 allocated to 23
----------------------

----------------------
TP496 not allocated
----------------------

----------------------
TP497 not allocated
----------------------

----------------------
TP498 not allocated
----------------------

----------------------
TP499 not allocated
----------------------

----------------------
TP500 not allocated
----------------------

----------------------
TP501 not allocated
----------------------

----------------------
TP502 not allocated
----------------------

----------------------
TP503 not allocated
----------------------

----------------------
TP504 not allocated
----------------------

----------------------
TP505 not allocated
----------------------

----------------------
TP506 not allocated
----------------------

----------------------
TP507 not allocated
----------------------

----------------------
TP508 not allocated
----------------------

----------------------
TP509 not allocated
----------------------

----------------------
TP510 not allocated
----------------------

----------------------
TP511 not allocated
----------------------

----------------------
TP512 allocated to 21
----------------------

----------------------
TP513 not allocated
----------------------

----------------------
TP514 not allocated
----------------------

----------------------
TP515 not allocated
----------------------

----------------------
TP516 not allocated
----------------------

----------------------
TP517 not allocated
----------------------

----------------------
TP518 not allocated
----------------------

----------------------
TP519 not allocated
----------------------

----------------------
TP520 not allocated
----------------------

----------------------
TP521 not allocated
----------------------

----------------------
TP522 not allocated
----------------------

----------------------
TP523 not allocated
----------------------

----------------------
TP524 not allocated
----------------------

----------------------
TP525 not allocated
----------------------

----------------------
TP526 not allocated
----------------------

----------------------
TP527 allocated to 2
----------------------

----------------------
TP528 not allocated
----------------------

----------------------
TP529 not allocated
----------------------

----------------------
TP530 not allocated
----------------------

----------------------
TP531 not allocated
----------------------

----------------------
TP532 not allocated
----------------------

----------------------
TP533 not allocated
----------------------

----------------------
TP534 not allocated
----------------------

----------------------
TP535 not allocated
----------------------

----------------------
TP536 not allocated
----------------------

----------------------
TP537 not allocated
----------------------

----------------------
TP538 not allocated
----------------------

----------------------
TP539 not allocated
----------------------

----------------------
TP540 not allocated
----------------------

----------------------
TP541 not allocated
----------------------

----------------------
TP542 not allocated
----------------------

----------------------
TP543 not allocated
----------------------

----------------------
TP544 allocated to 24
----------------------

----------------------
TP545 not allocated
----------------------

----------------------
TP546 not allocated
----------------------

----------------------
TP547 not allocated
----------------------

----------------------
TP548 not allocated
----------------------

----------------------
TP549 not allocated
----------------------

----------------------
TP550 not allocated
----------------------

----------------------
TP551 not allocated
----------------------

----------------------
TP552 not allocated
----------------------

----------------------
TP553 not allocated
----------------------

----------------------
TP554 not allocated
----------------------

----------------------
TP555 not allocated
----------------------

----------------------
TP556 not allocated
----------------------

----------------------
TP557 allocated to 18
----------------------

----------------------
TP558 not allocated
----------------------

----------------------
TP559 not allocated
----------------------

----------------------
TP560 not allocated
----------------------

----------------------
TP561 not allocated
----------------------

----------------------
TP562 not allocated
----------------------

----------------------
TP563 not allocated
----------------------

----------------------
TP564 not allocated
----------------------

----------------------
TP565 allocated to 30
----------------------

----------------------
TP566 not allocated
----------------------

----------------------
TP567 not allocated
----------------------

----------------------
TP568 not allocated
----------------------

----------------------
TP569 not allocated
----------------------

----------------------
TP570 not allocated
----------------------

----------------------
TP571 not allocated
----------------------

----------------------
TP572 not allocated
----------------------

----------------------
TP573 not allocated
----------------------

----------------------
TP574 not allocated
----------------------

----------------------
TP575 not allocated
----------------------

----------------------
TP576 not allocated
----------------------

----------------------
TP577 not allocated
----------------------

----------------------
TP578 not allocated
----------------------

----------------------
TP579 not allocated
----------------------

----------------------
TP580 not allocated
----------------------

----------------------
TP581 allocated to 25
----------------------

----------------------
TP582 not allocated
----------------------

----------------------
TP583 not allocated
----------------------

----------------------
TP584 not allocated
----------------------

----------------------
TP585 not allocated
----------------------

----------------------
TP586 allocated to 28
----------------------

----------------------
TP587 not allocated
----------------------

----------------------
TP588 not allocated
----------------------

----------------------
TP589 not allocated
----------------------

----------------------
TP590 not allocated
----------------------

----------------------
TP591 not allocated
----------------------

----------------------
TP592 not allocated
----------------------

----------------------
TP593 not allocated
----------------------

----------------------
TP594 not allocated
----------------------

----------------------
TP595 allocated to 3
----------------------

----------------------
TP596 not allocated
----------------------

----------------------
TP597 not allocated
----------------------

----------------------
TP598 allocated to 8
----------------------

----------------------
TP599 not allocated
----------------------

----------------------
TP600 not allocated
----------------------

----------------------
TP601 not allocated
----------------------

----------------------
TP602 not allocated
----------------------

----------------------
TP603 not allocated
----------------------

----------------------
TP604 not allocated
----------------------

----------------------
TP605 not allocated
----------------------

----------------------
TP606 not allocated
----------------------

----------------------
TP607 not allocated
----------------------

----------------------
TP608 not allocated
----------------------

----------------------
TP609 not allocated
----------------------

----------------------
TP610 not allocated
----------------------

----------------------
TP611 not allocated
----------------------

----------------------
TP612 not allocated
----------------------

----------------------
TP613 not allocated
----------------------

----------------------
TP614 not allocated
----------------------

----------------------
TP615 not allocated
----------------------

----------------------
TP616 not allocated
----------------------

----------------------
TP617 not allocated
----------------------

----------------------
TP618 not allocated
----------------------

----------------------
TP619 not allocated
----------------------

----------------------
TP620 allocated to 16
----------------------

----------------------
TP621 not allocated
----------------------

----------------------
TP622 not allocated
----------------------

----------------------
TP623 not allocated
----------------------

----------------------
TP624 not allocated
----------------------

----------------------
TP625 not allocated
----------------------

----------------------
TP626 not allocated
----------------------

----------------------
TP627 not allocated
----------------------

----------------------
TP628 not allocated
----------------------

----------------------
TP629 not allocated
----------------------

----------------------
TP630 not allocated
----------------------

----------------------
TP631 not allocated
----------------------

----------------------
TP632 not allocated
----------------------

----------------------
TP633 not allocated
----------------------

----------------------
TP634 not allocated
----------------------

----------------------
TP635 not allocated
----------------------

----------------------
TP636 not allocated
----------------------

----------------------
TP637 not allocated
----------------------

----------------------
TP638 not allocated
----------------------

----------------------
TP639 not allocated
----------------------

----------------------
TP640 allocated to 29
----------------------

----------------------
TP641 not allocated
----------------------

----------------------
TP642 not allocated
----------------------

----------------------
TP643 not allocated
----------------------

----------------------
TP644 not allocated
----------------------

----------------------
TP645 not allocated
----------------------

----------------------
TP646 not allocated
----------------------

----------------------
TP647 not allocated
----------------------

----------------------
TP648 not allocated
----------------------

----------------------
TP649 not allocated
----------------------

----------------------
TP650 not allocated
----------------------

----------------------
TP651 not allocated
----------------------

----------------------
TP652 not allocated
----------------------

----------------------
TP653 not allocated
----------------------

----------------------
TP654 not allocated
----------------------

----------------------
TP655 not allocated
----------------------

----------------------
TP656 not allocated
----------------------

----------------------
TP657 not allocated
----------------------

----------------------
TP658 not allocated
----------------------

----------------------
TP659 allocated to 10
----------------------

----------------------
TP660 not allocated
----------------------

----------------------
TP661 not allocated
----------------------

----------------------
TP662 not allocated
----------------------

----------------------
TP663 not allocated
----------------------

----------------------
TP664 not allocated
----------------------

----------------------
TP665 not allocated
----------------------

----------------------
TP666 not allocated
----------------------

----------------------
TP667 not allocated
----------------------

----------------------
TP668 not allocated
----------------------

----------------------
TP669 not allocated
----------------------

----------------------
TP670 not allocated
----------------------

----------------------
TP671 not allocated
----------------------

----------------------
TP672 not allocated
----------------------

----------------------
TP673 not allocated
----------------------

----------------------
TP674 not allocated
----------------------

----------------------
TP675 not allocated
----------------------

----------------------
TP676 not allocated
----------------------

----------------------
TP677 not allocated
----------------------

----------------------
TP678 not allocated
----------------------

----------------------
TP679 not allocated
----------------------

----------------------
TP680 not allocated
----------------------

----------------------
TP681 not allocated
----------------------

----------------------
TP682 not allocated
----------------------

----------------------
TP683 not allocated
----------------------

----------------------
TP684 not allocated
----------------------

----------------------
TP685 not allocated
----------------------

----------------------
TP686 not allocated
----------------------

----------------------
TP687 not allocated
----------------------

----------------------
TP688 not allocated
----------------------

----------------------
TP689 not allocated
----------------------

----------------------
TP690 allocated to 16
----------------------

----------------------
TP691 not allocated
----------------------

----------------------
TP692 not allocated
----------------------

----------------------
TP693 not allocated
----------------------

----------------------
TP694 not allocated
----------------------

----------------------
TP695 not allocated
----------------------

----------------------
TP696 not allocated
----------------------

----------------------
TP697 not allocated
----------------------

----------------------
TP698 not allocated
----------------------

----------------------
TP699 not allocated
----------------------

----------------------
TP700 not allocated
----------------------

----------------------
TP701 not allocated
----------------------

----------------------
TP702 not allocated
----------------------

----------------------
TP703 not allocated
----------------------

----------------------
TP704 not allocated
----------------------

----------------------
TP705 not allocated
----------------------

----------------------
TP706 not allocated
----------------------

----------------------
TP707 not allocated
----------------------

----------------------
TP708 not allocated
----------------------

----------------------
TP709 not allocated
----------------------

----------------------
TP710 not allocated
----------------------

----------------------
TP711 not allocated
----------------------

----------------------
TP712 not allocated
----------------------

----------------------
TP713 not allocated
----------------------

----------------------
TP714 not allocated
----------------------

----------------------
TP715 not allocated
----------------------

----------------------
TP716 not allocated
----------------------

----------------------
TP717 not allocated
----------------------

----------------------
TP718 not allocated
----------------------

----------------------
TP719 not allocated
----------------------

----------------------
TP720 not allocated
----------------------

----------------------
TP721 not allocated
----------------------

----------------------
TP722 not allocated
----------------------

----------------------
TP723 not allocated
----------------------

----------------------
TP724 not allocated
----------------------

----------------------
TP725 not allocated
----------------------

----------------------
TP726 not allocated
----------------------

----------------------
TP727 not allocated
----------------------

----------------------
TP728 not allocated
----------------------

----------------------
TP729 not allocated
----------------------

----------------------
TP730 not allocated
----------------------

----------------------
TP731 not allocated
----------------------

----------------------
TP732 not allocated
----------------------

----------------------
TP733 not allocated
----------------------

----------------------
TP734 not allocated
----------------------

----------------------
TP735 not allocated
----------------------

----------------------
TP736 not allocated
----------------------

----------------------
TP737 not allocated
----------------------

----------------------
TP738 not allocated
----------------------

----------------------
TP739 not allocated
----------------------

----------------------
TP740 not allocated
----------------------

----------------------
TP741 not allocated
----------------------

----------------------
TP742 not allocated
----------------------

----------------------
TP743 not allocated
----------------------

----------------------
TP744 not allocated
----------------------

----------------------
TP745 not allocated
----------------------

----------------------
TP746 not allocated
----------------------

----------------------
TP747 not allocated
----------------------

----------------------
TP748 not allocated
----------------------

----------------------
TP749 not allocated
----------------------

----------------------
TP750 not allocated
----------------------

----------------------
TP751 not allocated
----------------------

----------------------
TP752 not allocated
----------------------

----------------------
TP753 not allocated
----------------------

----------------------
TP754 not allocated
----------------------

----------------------
TP755 not allocated
----------------------

----------------------
TP756 not allocated
----------------------

----------------------
TP757 not allocated
----------------------

----------------------
TP758 not allocated
----------------------

----------------------
TP759 not allocated
----------------------

----------------------
TP760 not allocated
----------------------

----------------------
TP761 not allocated
----------------------

----------------------
TP762 not allocated
----------------------

----------------------
TP763 not allocated
----------------------

----------------------
TP764 not allocated
----------------------

----------------------
TP765 not allocated
----------------------

----------------------
TP766 not allocated
----------------------

----------------------
TP767 not allocated
----------------------

----------------------
TP768 not allocated
----------------------

----------------------
TP769 not allocated
----------------------

----------------------
TP770 not allocated
----------------------

----------------------
TP771 not allocated
----------------------

----------------------
TP772 not allocated
----------------------

----------------------
TP773 not allocated
----------------------

----------------------
TP774 not allocated
----------------------

----------------------
TP775 not allocated
----------------------

----------------------
TP776 not allocated
----------------------

----------------------
TP777 not allocated
----------------------

----------------------
TP778 not allocated
----------------------

----------------------
TP779 not allocated
----------------------

----------------------
TP780 not allocated
----------------------

----------------------
TP781 not allocated
----------------------

----------------------
TP782 not allocated
----------------------

----------------------
TP783 not allocated
----------------------

----------------------
TP784 not allocated
----------------------

----------------------
TP785 not allocated
----------------------

----------------------
TP786 not allocated
----------------------

----------------------
TP787 not allocated
----------------------

----------------------
TP788 not allocated
----------------------

----------------------
TP789 not allocated
----------------------

----------------------
TP790 not allocated
----------------------

----------------------
TP791 not allocated
----------------------

----------------------
TP792 not allocated
----------------------

----------------------
TP793 not allocated
----------------------

----------------------
TP794 allocated to 19
----------------------

----------------------
TP795 not allocated
----------------------

----------------------
TP796 not allocated
----------------------

----------------------
TP797 not allocated
----------------------

----------------------
TP798 allocated to 16
----------------------

----------------------
TP799 not allocated
----------------------

----------------------
TP800 not allocated
----------------------

----------------------
TP801 not allocated
----------------------

----------------------
TP802 not allocated
----------------------

----------------------
TP803 not allocated
----------------------

----------------------
TP804 not allocated
----------------------

----------------------
TP805 not allocated
----------------------

----------------------
TP806 not allocated
----------------------

----------------------
TP807 not allocated
----------------------

----------------------
TP808 not allocated
----------------------

----------------------
TP809 not allocated
----------------------

----------------------
TP810 not allocated
----------------------

----------------------
TP811 not allocated
----------------------

----------------------
TP812 not allocated
----------------------

----------------------
TP813 not allocated
----------------------

----------------------
TP814 not allocated
----------------------

----------------------
TP815 not allocated
----------------------

----------------------
TP816 not allocated
----------------------

----------------------
TP817 not allocated
----------------------

----------------------
TP818 not allocated
----------------------

----------------------
TP819 allocated to 22
----------------------

----------------------
TP820 not allocated
----------------------

----------------------
TP821 not allocated
----------------------

----------------------
TP822 not allocated
----------------------

----------------------
TP823 not allocated
----------------------

----------------------
TP824 not allocated
----------------------

----------------------
TP825 not allocated
----------------------

----------------------
TP826 not allocated
----------------------

----------------------
TP827 not allocated
----------------------

----------------------
TP828 not allocated
----------------------

----------------------
TP829 not allocated
----------------------

----------------------
TP830 not allocated
----------------------

----------------------
TP831 not allocated
----------------------

----------------------
TP832 not allocated
----------------------

----------------------
TP833 not allocated
----------------------

----------------------
TP834 not allocated
----------------------

----------------------
TP835 not allocated
----------------------

----------------------
TP836 not allocated
----------------------

----------------------
TP837 not allocated
----------------------

----------------------
TP838 not allocated
----------------------

----------------------
TP839 not allocated
----------------------

----------------------
TP840 not allocated
----------------------

----------------------
TP841 not allocated
----------------------

----------------------
TP842 not allocated
----------------------

----------------------
TP843 not allocated
----------------------

----------------------
TP844 not allocated
----------------------

----------------------
TP845 not allocated
----------------------

----------------------
TP846 not allocated
----------------------

----------------------
TP847 not allocated
----------------------

----------------------
TP848 not allocated
----------------------

----------------------
TP849 not allocated
----------------------

----------------------
TP850 not allocated
----------------------

----------------------
TP851 not allocated
----------------------

----------------------
TP852 not allocated
----------------------

----------------------
TP853 not allocated
----------------------

----------------------
TP854 not allocated
----------------------

----------------------
TP855 not allocated
----------------------

----------------------
TP856 not allocated
----------------------

----------------------
TP857 not allocated
----------------------

----------------------
TP858 not allocated
----------------------

----------------------
TP859 not allocated
----------------------

----------------------
TP860 not allocated
----------------------

----------------------
TP861 not allocated
----------------------

----------------------
TP862 not allocated
----------------------

----------------------
TP863 not allocated
----------------------

----------------------
TP864 not allocated
----------------------

----------------------
TP865 not allocated
----------------------

----------------------
TP866 not allocated
----------------------

----------------------
TP867 not allocated
----------------------

----------------------
TP868 not allocated
----------------------

----------------------
TP869 not allocated
----------------------

----------------------
TP870 not allocated
----------------------

----------------------
TP871 not allocated
----------------------

----------------------
TP872 not allocated
----------------------

----------------------
TP873 not allocated
----------------------

----------------------
TP874 not allocated
----------------------

----------------------
TP875 not allocated
----------------------

----------------------
TP876 not allocated
----------------------

----------------------
TP877 not allocated
----------------------

----------------------
TP878 not allocated
----------------------

----------------------
TP879 not allocated
----------------------

----------------------
TP880 not allocated
----------------------

----------------------
TP881 not allocated
----------------------

----------------------
TP882 not allocated
----------------------

----------------------
TP883 not allocated
----------------------

----------------------
TP884 not allocated
----------------------

----------------------
TP885 not allocated
----------------------

----------------------
TP886 not allocated
----------------------

----------------------
TP887 not allocated
----------------------

----------------------
TP888 not allocated
----------------------

----------------------
TP889 not allocated
----------------------

----------------------
TP890 not allocated
----------------------

----------------------
TP891 not allocated
----------------------

----------------------
TP892 not allocated
----------------------

----------------------
TP893 not allocated
----------------------

----------------------
TP894 not allocated
----------------------

----------------------
TP895 not allocated
----------------------

----------------------
TP896 not allocated
----------------------

----------------------
TP897 not allocated
----------------------

----------------------
TP898 not allocated
----------------------

----------------------
TP899 not allocated
----------------------

----------------------
TP900 not allocated
----------------------

----------------------
TP901 not allocated
----------------------

----------------------
TP902 not allocated
----------------------

----------------------
TP903 not allocated
----------------------

----------------------
TP904 not allocated
----------------------

----------------------
TP905 not allocated
----------------------

----------------------
TP906 not allocated
----------------------

----------------------
TP907 not allocated
----------------------

----------------------
TP908 not allocated
----------------------

----------------------
TP909 not allocated
----------------------

----------------------
TP910 not allocated
----------------------

----------------------
TP911 not allocated
----------------------

----------------------
TP912 not allocated
----------------------

----------------------
TP913 not allocated
----------------------

----------------------
TP914 not allocated
----------------------

----------------------
TP915 not allocated
----------------------

----------------------
TP916 not allocated
----------------------

----------------------
TP917 not allocated
----------------------

----------------------
TP918 not allocated
----------------------

----------------------
TP919 not allocated
----------------------

----------------------
TP920 not allocated
----------------------

----------------------
TP921 not allocated
----------------------

----------------------
TP922 not allocated
----------------------

----------------------
TP923 not allocated
----------------------

----------------------
TP924 not allocated
----------------------

----------------------
TP925 not allocated
----------------------

----------------------
TP926 not allocated
----------------------

----------------------
TP927 not allocated
----------------------

----------------------
TP928 not allocated
----------------------

----------------------
TP929 not allocated
----------------------

----------------------
TP930 not allocated
----------------------

----------------------
TP931 not allocated
----------------------

----------------------
TP932 not allocated
----------------------

----------------------
TP933 not allocated
----------------------

----------------------
TP934 not allocated
----------------------

----------------------
TP935 not allocated
----------------------

----------------------
TP936 not allocated
----------------------

----------------------
TP937 not allocated
----------------------

----------------------
TP938 not allocated
----------------------

----------------------
TP939 not allocated
----------------------

----------------------
TP940 not allocated
----------------------

----------------------
TP941 not allocated
----------------------

----------------------
TP942 not allocated
----------------------

----------------------
TP943 not allocated
----------------------

----------------------
TP944 not allocated
----------------------

----------------------
TP945 not allocated
----------------------

----------------------
TP946 not allocated
----------------------

----------------------
TP947 not allocated
----------------------

----------------------
TP948 not allocated
----------------------

----------------------
TP949 not allocated
----------------------

----------------------
TP950 not allocated
----------------------

----------------------
TP951 not allocated
----------------------

----------------------
TP952 not allocated
----------------------

----------------------
TP953 not allocated
----------------------

----------------------
TP954 not allocated
----------------------

----------------------
TP955 not allocated
----------------------

----------------------
TP956 not allocated
----------------------

----------------------
TP957 not allocated
----------------------

----------------------
TP958 not allocated
----------------------

----------------------
TP959 not allocated
----------------------

----------------------
TP960 not allocated
----------------------

----------------------
TP961 not allocated
----------------------

----------------------
TP962 not allocated
----------------------

----------------------
TP963 not allocated
----------------------

----------------------
TP964 not allocated
----------------------

----------------------
TP965 not allocated
----------------------

----------------------
TP966 not allocated
----------------------

----------------------
TP967 not allocated
----------------------

----------------------
TP968 not allocated
----------------------

----------------------
TP969 not allocated
----------------------

----------------------
TP970 not allocated
----------------------

----------------------
TP971 not allocated
----------------------

----------------------
TP972 not allocated
----------------------

----------------------
TP973 not allocated
----------------------

----------------------
TP974 not allocated
----------------------

----------------------
TP975 not allocated
----------------------

----------------------
TP976 not allocated
----------------------

----------------------
TP977 not allocated
----------------------

----------------------
TP978 not allocated
----------------------

----------------------
TP979 not allocated
----------------------

----------------------
TP980 not allocated
----------------------

----------------------
TP981 not allocated
----------------------

----------------------
TP982 not allocated
----------------------

----------------------
TP983 not allocated
----------------------

----------------------
TP984 not allocated
----------------------

----------------------
TP985 not allocated
----------------------

----------------------
TP986 not allocated
----------------------

----------------------
TP987 not allocated
----------------------

----------------------
TP988 allocated to 27
----------------------

----------------------
TP989 not allocated
----------------------

----------------------
TP990 not allocated
----------------------

----------------------
TP991 not allocated
----------------------

----------------------
TP992 not allocated
----------------------

----------------------
TP993 not allocated
----------------------

----------------------
TP994 not allocated
----------------------

----------------------
TP995 not allocated
----------------------

----------------------
TP996 not allocated
----------------------

----------------------
TP997 not allocated
----------------------

----------------------
TP998 not allocated
----------------------

----------------------
TP999 not allocated
----------------------

----------------------
TP1000 not allocated
----------------------
