-------------------------------------------------------------------------
TPs satisfied = 153; Total TPs = 1000; Percentage Satisfied + 15.299999999999999%
-------------------------------------------------------------------------

-------------------------------------------------------------------------

EVs

-------------------------------------------------------------------------
--------------------------------------
EV0
--------------------------------------
Num TPs served = 7
TPs served = 2 23 80 81 84 309 396
Total energy used = 100
--------------------------------------
Schedule:
49 71 75 59 57 63 0 1 100 78 2 2 22
71 76 57 63 62 63 1 0 78 73 -2 2 5
76 96 62 63 54 75 0 1 73 53 23 7 20
96 97 54 75 54 76 1 0 53 52 -23 7 1
97 153 54 76 54 76 0 0 52 52 0 56 0
153 170 54 76 61 66 0 1 52 35 80 34 17
170 172 61 66 61 66 1 1 35 35 0 2 0
172 172 61 66 61 66 1 0 35 35 -80 34 0
172 188 61 66 64 53 0 1 35 19 84 24 16
188 191 64 53 67 53 1 2 19 16 81 16 3
191 191 67 53 67 53 2 1 16 16 -81 17 0
191 193 67 53 69 53 1 0 16 14 -84 24 2
193 597 69 53 69 53 0 0 14 14 0 404 0
597 600 69 53 69 56 0 1 14 11 309 34 3
600 602 69 56 69 56 1 1 11 11 0 2 0
602 604 69 56 69 58 1 0 11 9 -309 34 2
604 734 69 58 69 58 0 0 9 9 0 130 0
734 737 69 58 71 57 0 1 9 6 396 34 3
737 739 71 57 73 57 1 0 6 4 -396 34 2
739 1793 73 57 73 57 0 0 4 4 0 1054 0
1793 1797 73 57 75 59 0 0 4 0 1000000000 0 4
--------------------------------------
--------------------------------------
EV1
--------------------------------------
Num TPs served = 5
TPs served = 36 48 67 155 330
Total energy used = 96
--------------------------------------
Schedule:
97 107 75 59 72 52 0 1 100 90 36 18 10
107 109 72 52 73 53 1 0 90 88 -36 18 2
109 140 73 53 57 38 0 1 88 57 48 10 31
140 144 57 38 57 42 1 0 57 53 -48 12 4
144 166 57 42 76 39 0 1 53 31 67 17 22
166 168 76 39 77 40 1 0 31 29 -67 20 2
168 290 77 40 77 40 0 0 29 29 0 122 0
290 301 77 40 77 51 0 1 29 18 155 34 11
301 304 77 51 79 52 1 0 18 15 -155 34 3
304 630 79 52 79 52 0 0 15 15 0 326 0
630 637 79 52 75 55 0 1 15 8 330 34 7
637 638 75 55 75 55 1 1 8 8 0 1 0
638 639 75 55 75 56 1 0 8 7 -330 34 1
639 1794 75 56 75 56 0 0 7 7 0 1155 0
1794 1797 75 56 75 59 0 0 7 4 1000000000 0 3
--------------------------------------
--------------------------------------
EV2
--------------------------------------
Num TPs served = 5
TPs served = 62 83 111 355 885
Total energy used = 100
--------------------------------------
Schedule:
152 173 75 59 90 65 0 1 100 79 62 2 21
173 175 90 65 92 65 1 0 79 77 -62 3 2
175 205 92 65 74 77 0 1 77 47 83 4 30
205 209 74 77 75 80 1 0 47 43 -83 5 4
209 221 75 80 73 70 0 1 43 31 111 33 12
221 229 73 70 79 72 1 0 31 23 -111 34 8
229 670 79 72 79 72 0 0 23 23 0 441 0
670 675 79 72 80 68 0 1 23 18 355 34 5
675 677 80 68 80 70 1 0 18 16 -355 34 2
677 1558 80 70 80 70 0 0 16 16 0 881 0
1558 1567 80 70 79 62 0 1 16 7 885 34 9
1567 1568 79 62 79 62 1 1 7 7 0 1 0
1568 1568 79 62 79 62 1 0 7 7 -885 34 0
1568 1790 79 62 79 62 0 0 7 7 0 222 0
1790 1797 79 62 75 59 0 0 7 0 1000000000 0 7
--------------------------------------
--------------------------------------
EV3
--------------------------------------
Num TPs served = 5
TPs served = 110 131 213 374 530
Total energy used = 100
--------------------------------------
Schedule:
204 236 75 59 97 49 0 1 100 68 110 17 32
236 238 97 49 99 49 1 0 68 66 -110 17 2
238 280 99 49 64 56 0 1 66 24 131 12 42
280 281 64 56 64 57 1 0 24 23 -131 14 1
281 403 64 57 64 57 0 0 23 23 0 122 0
403 409 64 57 66 53 0 1 23 17 213 34 6
409 410 66 53 67 53 1 0 17 16 -213 34 1
410 703 67 53 67 53 0 0 16 16 0 293 0
703 707 67 53 69 55 0 1 16 12 374 34 4
707 708 69 55 69 55 1 1 12 12 0 1 0
708 709 69 55 69 56 1 0 12 11 -374 34 1
709 956 69 56 69 56 0 0 11 11 0 247 0
956 959 69 56 71 55 0 1 11 8 530 34 3
959 962 71 55 73 56 1 0 8 5 -530 34 3
962 1792 73 56 73 56 0 0 5 5 0 830 0
1792 1797 73 56 75 59 0 0 5 0 1000000000 0 5
--------------------------------------
--------------------------------------
EV4
--------------------------------------
Num TPs served = 5
TPs served = 134 142 167 271 502
Total energy used = 100
--------------------------------------
Schedule:
257 298 75 59 78 21 0 1 100 59 134 0 41
298 299 78 21 79 21 1 0 59 58 -134 0 1
299 302 79 21 81 22 0 1 58 55 142 12 3
302 305 81 22 82 24 1 0 55 52 -142 12 3
305 320 82 24 75 32 0 1 52 37 167 34 15
320 322 75 32 75 32 1 1 37 37 0 2 0
322 323 75 32 76 32 1 0 37 36 -167 34 1
323 529 76 32 76 32 0 0 36 36 0 206 0
529 539 76 32 74 40 0 1 36 26 271 34 10
539 541 74 40 76 40 1 0 26 24 -271 34 2
541 902 76 40 76 40 0 0 24 24 0 361 0
902 912 76 40 76 50 0 1 24 14 502 34 10
912 914 76 50 78 50 1 0 14 12 -502 34 2
914 1785 78 50 78 50 0 0 12 12 0 871 0
1785 1797 78 50 75 59 0 0 12 0 1000000000 0 12
--------------------------------------
--------------------------------------
EV5
--------------------------------------
Num TPs served = 5
TPs served = 153 180 186 197 907
Total energy used = 100
--------------------------------------
Schedule:
300 327 75 59 83 78 0 1 100 73 153 2 27
327 335 83 78 89 80 1 0 73 65 -153 6 8
335 343 89 80 89 80 0 0 65 65 0 8 0
343 347 89 80 88 77 0 1 65 61 180 34 4
347 348 88 77 89 77 1 0 61 60 -180 34 1
348 370 89 77 97 63 0 1 60 38 186 24 22
370 370 97 63 97 63 1 0 38 38 -186 25 0
370 371 97 63 97 63 0 0 38 38 0 1 0
371 385 97 63 88 68 0 1 38 24 197 34 14
385 386 88 68 89 68 1 0 24 23 -197 34 1
386 1585 89 68 89 68 0 0 23 23 0 1199 0
1585 1601 89 68 82 59 0 1 23 7 907 34 16
1601 1605 82 59 82 59 1 1 7 7 0 4 0
1605 1605 82 59 82 59 1 0 7 7 -907 34 0
1605 1790 82 59 82 59 0 0 7 7 0 185 0
1790 1797 82 59 75 59 0 0 7 0 1000000000 0 7
--------------------------------------
--------------------------------------
EV6
--------------------------------------
Num TPs served = 6
TPs served = 183 192 206 257 261 520
Total energy used = 100
--------------------------------------
Schedule:
354 376 75 59 55 61 0 1 100 78 183 13 22
376 379 55 61 58 61 1 0 78 75 -183 13 3
379 402 58 61 53 79 0 1 75 52 192 6 23
402 405 53 79 56 79 1 0 52 49 -192 6 3
405 412 56 79 59 83 0 1 49 42 206 20 7
412 412 59 83 59 83 1 0 42 42 -206 21 0
412 496 59 83 59 83 0 0 42 42 0 84 0
496 516 59 83 64 68 0 1 42 22 261 34 20
516 517 64 68 65 68 1 0 22 21 -261 34 1
517 524 65 68 65 61 0 1 21 14 257 22 7
524 526 65 61 67 61 1 0 14 12 -257 24 2
526 933 67 61 67 61 0 0 12 12 0 407 0
933 936 67 61 67 58 0 1 12 9 520 34 3
936 937 67 58 67 58 1 1 9 9 0 1 0
937 937 67 58 67 58 1 0 9 9 -520 34 0
937 1788 67 58 67 58 0 0 9 9 0 851 0
1788 1797 67 58 75 59 0 0 9 0 1000000000 0 9
--------------------------------------
--------------------------------------
EV7
--------------------------------------
Num TPs served = 4
TPs served = 201 217 231 241
Total energy used = 100
--------------------------------------
Schedule:
405 420 75 59 70 69 0 1 100 85 201 6 15
420 426 70 69 73 72 1 0 85 79 -201 7 6
426 445 73 72 57 69 0 1 79 60 217 4 19
445 450 57 69 62 69 1 0 60 55 -217 4 5
450 459 62 69 65 75 0 1 55 46 231 17 9
459 462 65 75 66 77 1 0 46 43 -231 17 3
462 495 66 77 80 58 0 1 43 10 241 6 33
495 497 80 58 82 58 1 0 10 8 -241 6 2
497 1789 82 58 82 58 0 0 8 8 0 1292 0
1789 1797 82 58 75 59 0 0 8 0 1000000000 0 8
--------------------------------------
--------------------------------------
EV8
--------------------------------------
Num TPs served = 3
TPs served = 239 263 280
Total energy used = 96
--------------------------------------
Schedule:
452 489 75 59 93 40 0 1 100 63 239 5 37
489 493 93 40 96 41 1 0 63 59 -239 6 4
493 498 96 41 96 41 0 0 59 59 0 5 0
498 520 96 41 80 47 0 1 59 37 263 34 22
520 523 80 47 83 47 1 0 37 34 -263 34 3
523 529 83 47 83 47 0 0 34 34 0 6 0
529 552 83 47 72 59 0 1 34 11 280 34 23
552 554 72 59 72 61 1 0 11 9 -280 34 2
554 1792 72 61 72 61 0 0 9 9 0 1238 0
1792 1797 72 61 75 59 0 0 9 4 1000000000 0 5
--------------------------------------
--------------------------------------
EV9
--------------------------------------
Num TPs served = 4
TPs served = 256 269 286 489
Total energy used = 100
--------------------------------------
Schedule:
499 538 75 59 55 78 0 1 100 61 256 5 39
538 540 55 78 57 78 1 0 61 59 -256 5 2
540 562 57 78 78 77 0 1 59 37 269 7 22
562 563 78 77 79 77 1 0 37 36 -269 8 1
563 585 79 77 75 59 0 1 36 14 286 11 22
585 590 75 59 80 59 1 0 14 9 -286 11 5
590 886 80 59 80 59 0 0 9 9 0 296 0
886 888 80 59 79 58 0 1 9 7 489 34 2
888 889 79 58 80 58 1 0 7 6 -489 34 1
889 1791 80 58 80 58 0 0 6 6 0 902 0
1791 1797 80 58 75 59 0 0 6 0 1000000000 0 6
--------------------------------------
--------------------------------------
EV10
--------------------------------------
Num TPs served = 5
TPs served = 267 282 296 302 514
Total energy used = 100
--------------------------------------
Schedule:
545 559 75 59 71 69 0 1 100 86 267 2 14
559 560 71 69 72 69 1 0 86 85 -267 2 1
560 587 72 69 86 82 0 1 85 58 282 3 27
587 592 86 82 90 83 1 0 58 53 -282 7 5
592 598 90 83 95 82 0 1 53 47 296 13 6
598 600 95 82 97 82 1 0 47 45 -296 13 2
600 616 97 82 92 71 0 1 45 29 302 7 16
616 616 92 71 92 71 1 0 29 29 -302 12 0
616 923 92 71 92 71 0 0 29 29 0 307 0
923 930 92 71 90 66 0 1 29 22 514 34 7
930 932 90 66 90 66 1 1 22 22 0 2 0
932 932 90 66 90 66 1 0 22 22 -514 34 0
932 1775 90 66 90 66 0 0 22 22 0 843 0
1775 1797 90 66 75 59 0 0 22 0 1000000000 0 22
--------------------------------------
--------------------------------------
EV11
--------------------------------------
Num TPs served = 6
TPs served = 301 313 331 371 403 439
Total energy used = 100
--------------------------------------
Schedule:
597 613 75 59 86 64 0 1 100 84 313 28 16
613 618 86 64 82 63 1 2 84 79 301 3 5
618 620 82 63 83 64 2 1 79 77 -301 3 2
620 626 83 64 88 65 1 0 77 71 -313 18 6
626 652 88 65 82 45 0 1 71 45 331 24 26
652 654 82 45 84 45 1 0 45 43 -331 25 2
654 693 84 45 84 45 0 0 43 43 0 39 0
693 701 84 45 87 50 0 1 43 35 371 34 8
701 702 87 50 87 50 1 1 35 35 0 1 0
702 704 87 50 89 50 1 0 35 33 -371 34 2
704 741 89 50 89 50 0 0 33 33 0 37 0
741 746 89 50 89 55 0 1 33 28 403 34 5
746 747 89 55 90 55 1 0 28 27 -403 34 1
747 798 90 55 90 55 0 0 27 27 0 51 0
798 805 90 55 90 62 0 1 27 20 439 34 7
805 806 90 62 91 62 1 0 20 19 -439 34 1
806 1778 91 62 91 62 0 0 19 19 0 972 0
1778 1797 91 62 75 59 0 0 19 0 1000000000 0 19
--------------------------------------
--------------------------------------
EV12
--------------------------------------
Num TPs served = 5
TPs served = 332 358 385 395 743
Total energy used = 100
--------------------------------------
Schedule:
644 673 75 59 85 78 0 1 100 71 332 4 29
673 674 85 78 86 78 1 0 71 70 -332 4 1
674 684 86 78 87 69 0 1 70 60 358 30 10
684 685 87 69 88 69 1 0 60 59 -358 31 1
685 696 88 69 88 69 0 0 59 59 0 11 0
696 722 88 69 71 78 0 1 59 33 385 34 26
722 724 71 78 71 78 1 1 33 33 0 2 0
724 724 71 78 71 78 1 0 33 33 -385 34 0
724 730 71 78 71 78 0 0 33 33 0 6 0
730 736 71 78 73 74 0 1 33 27 395 34 6
736 737 73 74 73 74 1 1 27 27 0 1 0
737 743 73 74 77 76 1 0 27 21 -395 34 6
743 1328 77 76 77 76 0 0 21 21 0 585 0
1328 1341 77 76 75 65 0 1 21 8 743 34 13
1341 1342 75 65 76 65 1 0 8 7 -743 34 1
1342 1790 76 65 76 65 0 0 7 7 0 448 0
1790 1797 76 65 75 59 0 0 7 0 1000000000 0 7
--------------------------------------
--------------------------------------
EV13
--------------------------------------
Num TPs served = 4
TPs served = 366 410 442 819
Total energy used = 96
--------------------------------------
Schedule:
688 730 75 59 86 90 0 1 100 58 366 0 42
730 731 86 90 87 90 1 0 58 57 -366 1 1
731 755 87 90 87 90 0 0 57 57 0 24 0
755 758 87 90 85 91 0 1 57 54 410 34 3
758 760 85 91 85 93 1 0 54 52 -410 34 2
760 775 85 93 85 93 0 0 52 52 0 15 0
775 811 85 93 78 64 0 1 52 16 442 32 36
811 813 78 64 78 64 1 1 16 16 0 2 0
813 814 78 64 78 65 1 0 16 15 -442 34 1
814 1461 78 65 78 65 0 0 15 15 0 647 0
1461 1464 78 65 77 63 0 1 15 12 819 34 3
1464 1465 77 63 78 63 1 0 12 11 -819 34 1
1465 1790 78 63 78 63 0 0 11 11 0 325 0
1790 1797 78 63 75 59 0 0 11 4 1000000000 0 7
--------------------------------------
--------------------------------------
EV14
--------------------------------------
Num TPs served = 3
TPs served = 401 416 524
Total energy used = 98
--------------------------------------
Schedule:
735 765 75 59 70 84 0 1 100 70 401 11 30
765 772 70 84 70 91 1 0 70 63 -401 11 7
772 785 70 91 75 99 0 1 63 50 416 14 13
785 785 75 99 75 99 1 0 50 50 -416 15 0
785 930 75 99 75 99 0 0 50 50 0 145 0
930 948 75 99 71 85 0 1 50 32 524 34 18
948 951 71 85 71 85 1 1 32 32 0 3 0
951 955 71 85 75 85 1 0 32 28 -524 34 4
955 1771 75 85 75 85 0 0 28 28 0 816 0
1771 1797 75 85 75 59 0 0 28 2 1000000000 0 26
--------------------------------------
--------------------------------------
EV15
--------------------------------------
Num TPs served = 6
TPs served = 421 429 435 463 468 536
Total energy used = 98
--------------------------------------
Schedule:
783 802 75 59 57 60 0 1 100 81 421 3 19
802 803 57 60 58 60 1 0 81 80 -421 5 1
803 819 58 60 57 75 0 1 80 64 429 2 16
819 820 57 75 58 75 1 0 64 63 -429 2 1
820 823 58 75 61 75 0 1 63 60 435 5 3
823 824 61 75 62 75 1 0 60 59 -435 5 1
824 834 62 75 62 75 0 0 59 59 0 10 0
834 847 62 75 67 67 0 1 59 46 468 34 13
847 848 67 67 67 67 1 1 46 46 0 1 0
848 848 67 67 67 67 1 0 46 46 -468 34 0
848 864 67 67 70 54 0 1 46 30 463 7 16
864 866 70 54 72 54 1 0 30 28 -463 7 2
866 960 72 54 72 54 0 0 28 28 0 94 0
960 967 72 54 78 53 0 1 28 21 536 34 7
967 968 78 53 78 53 1 1 21 21 0 1 0
968 974 78 53 83 54 1 0 21 15 -536 34 6
974 1784 83 54 83 54 0 0 15 15 0 810 0
1784 1797 83 54 75 59 0 0 15 2 1000000000 0 13
--------------------------------------
--------------------------------------
EV16
--------------------------------------
Num TPs served = 5
TPs served = 456 464 484 486 487
Total energy used = 100
--------------------------------------
Schedule:
833 856 75 59 87 48 0 1 100 77 456 7 23
856 858 87 48 88 49 1 0 77 75 -456 7 2
858 873 88 49 91 61 0 1 75 60 464 0 15
873 877 91 61 95 61 1 0 60 56 -464 1 4
877 878 95 61 95 61 0 0 56 56 0 1 0
878 884 95 61 92 58 0 1 56 50 487 34 6
884 886 92 58 92 58 1 1 50 50 0 2 0
886 887 92 58 93 58 1 0 50 49 -487 34 1
887 894 93 58 98 56 0 1 49 42 484 19 7
894 896 98 56 96 56 1 0 42 40 -484 19 2
896 914 96 56 85 49 0 1 40 22 486 1 18
914 915 85 49 86 49 1 0 22 21 -486 1 1
915 1776 86 49 86 49 0 0 21 21 0 861 0
1776 1797 86 49 75 59 0 0 21 0 1000000000 0 21
--------------------------------------
--------------------------------------
EV17
--------------------------------------
Num TPs served = 3
TPs served = 496 528 844
Total energy used = 100
--------------------------------------
Schedule:
883 930 75 59 44 75 0 1 100 53 496 6 47
930 932 44 75 46 75 1 0 53 51 -496 6 2
932 955 46 75 67 77 0 1 51 28 528 34 23
955 956 67 77 67 78 1 0 28 27 -528 34 1
956 1483 67 78 67 78 0 0 27 27 0 527 0
1483 1499 67 78 71 66 0 1 27 11 844 34 16
1499 1501 71 66 73 66 1 0 11 9 -844 34 2
1501 1788 73 66 73 66 0 0 9 9 0 287 0
1788 1797 73 66 75 59 0 0 9 0 1000000000 0 9
--------------------------------------
--------------------------------------
EV18
--------------------------------------
Num TPs served = 3
TPs served = 508 525 544
Total energy used = 94
--------------------------------------
Schedule:
927 950 75 59 70 41 0 1 100 77 508 5 23
950 953 70 41 70 44 1 0 77 74 -508 5 3
953 980 70 44 46 47 0 1 74 47 525 5 27
980 980 46 47 46 47 1 0 47 47 -525 9 0
980 1012 46 47 68 57 0 1 47 15 544 0 32
1012 1013 68 57 68 58 1 0 15 14 -544 0 1
1013 1789 68 58 68 58 0 0 14 14 0 776 0
1789 1797 68 58 75 59 0 0 14 6 1000000000 0 8
--------------------------------------
--------------------------------------
EV19
--------------------------------------
Num TPs served = 4
TPs served = 546 548 569 614
Total energy used = 100
--------------------------------------
Schedule:
978 993 75 59 69 50 0 1 100 85 548 25 15
993 995 69 50 71 50 1 0 85 83 -548 25 2
995 1010 71 50 79 43 0 1 83 68 546 5 15
1010 1021 79 43 87 46 1 0 68 57 -546 7 11
1021 1040 87 46 72 50 0 1 57 38 569 20 19
1040 1040 72 50 72 50 1 0 38 38 -569 24 0
1040 1089 72 50 72 50 0 0 38 38 0 49 0
1089 1105 72 50 77 39 0 1 38 22 614 34 16
1105 1110 77 39 77 44 1 0 22 17 -614 34 5
1110 1780 77 44 77 44 0 0 17 17 0 670 0
1780 1797 77 44 75 59 0 0 17 0 1000000000 0 17
--------------------------------------
--------------------------------------
EV20
--------------------------------------
Num TPs served = 3
TPs served = 570 584 600
Total energy used = 100
--------------------------------------
Schedule:
1023 1058 75 59 41 58 0 1 100 65 570 3 35
1058 1060 41 58 43 58 1 0 65 63 -570 3 2
1060 1079 43 58 50 46 0 1 63 44 584 7 19
1079 1091 50 46 51 57 1 0 44 32 -584 9 12
1091 1104 51 57 61 60 0 1 32 19 600 6 13
1104 1115 61 60 70 62 1 0 19 8 -600 6 11
1115 1789 70 62 70 62 0 0 8 8 0 674 0
1789 1797 70 62 75 59 0 0 8 0 1000000000 0 8
--------------------------------------
--------------------------------------
EV21
--------------------------------------
Num TPs served = 3
TPs served = 595 613 626
Total energy used = 98
--------------------------------------
Schedule:
1071 1092 75 59 89 66 0 1 100 79 595 11 21
1092 1094 89 66 89 68 1 0 79 77 -595 11 2
1094 1131 89 68 81 39 0 1 77 40 626 29 37
1131 1132 81 39 81 40 1 0 40 39 -626 29 1
1132 1138 81 40 80 35 0 1 39 33 613 0 6
1138 1149 80 35 81 45 1 0 33 22 -613 1 11
1149 1777 81 45 81 45 0 0 22 22 0 628 0
1777 1797 81 45 75 59 0 0 22 2 1000000000 0 20
--------------------------------------
--------------------------------------
EV22
--------------------------------------
Num TPs served = 4
TPs served = 621 638 662 855
Total energy used = 96
--------------------------------------
Schedule:
1121 1145 75 59 60 50 0 1 100 76 621 7 24
1145 1151 60 50 66 50 1 0 76 70 -621 7 6
1151 1178 66 50 85 42 0 1 70 43 638 1 27
1178 1180 85 42 86 43 1 0 43 41 -638 1 2
1180 1202 86 43 74 53 0 1 41 19 662 17 22
1202 1204 74 53 76 53 1 0 19 17 -662 17 2
1204 1511 76 53 76 53 0 0 17 17 0 307 0
1511 1515 76 53 73 52 0 1 17 13 855 34 4
1515 1516 73 52 73 52 1 1 13 13 0 1 0
1516 1517 73 52 74 52 1 0 13 12 -855 34 1
1517 1789 74 52 74 52 0 0 12 12 0 272 0
1789 1797 74 52 75 59 0 0 12 4 1000000000 0 8
--------------------------------------
--------------------------------------
EV23
--------------------------------------
Num TPs served = 5
TPs served = 653 660 675 708 863
Total energy used = 100
--------------------------------------
Schedule:
1174 1194 75 59 90 64 0 1 100 80 653 7 20
1194 1197 90 64 93 64 1 0 80 77 -653 7 3
1197 1209 93 64 95 74 0 1 77 65 660 6 12
1209 1210 95 74 96 74 1 0 65 64 -660 6 1
1210 1230 96 74 82 68 0 1 64 44 675 13 20
1230 1233 82 68 85 68 1 0 44 41 -675 13 3
1233 1255 85 68 85 68 0 0 41 41 0 22 0
1255 1267 85 68 74 69 0 1 41 29 708 34 12
1267 1268 74 69 74 69 1 1 29 29 0 1 0
1268 1269 74 69 74 70 1 0 29 28 -708 34 1
1269 1526 74 70 74 70 0 0 28 28 0 257 0
1526 1533 74 70 69 72 0 1 28 21 863 34 7
1533 1535 69 72 70 73 1 0 21 19 -863 34 2
1535 1778 70 73 70 73 0 0 19 19 0 243 0
1778 1797 70 73 75 59 0 0 19 0 1000000000 0 19
--------------------------------------
--------------------------------------
EV24
--------------------------------------
Num TPs served = 4
TPs served = 683 700 702 850
Total energy used = 100
--------------------------------------
Schedule:
1217 1254 75 59 56 41 0 1 100 63 683 5 37
1254 1255 56 41 56 42 1 0 63 62 -683 6 1
1255 1262 56 42 54 37 0 1 62 55 700 26 7
1262 1263 54 37 54 38 1 0 55 54 -700 26 1
1263 1288 54 38 55 62 0 1 54 29 702 3 25
1288 1291 55 62 56 64 1 0 29 26 -702 4 3
1291 1498 56 64 56 64 0 0 26 26 0 207 0
1498 1507 56 64 64 65 0 1 26 17 850 34 9
1507 1512 64 65 69 65 1 0 17 12 -850 34 5
1512 1785 69 65 69 65 0 0 12 12 0 273 0
1785 1797 69 65 75 59 0 0 12 0 1000000000 0 12
--------------------------------------
--------------------------------------
EV25
--------------------------------------
Num TPs served = 5
TPs served = 717 721 740 741 746
Total energy used = 100
--------------------------------------
Schedule:
1265 1281 75 59 90 60 0 1 100 84 717 31 16
1281 1284 90 60 90 60 1 1 84 84 0 3 0
1284 1285 90 60 91 60 1 0 84 83 -717 34 1
1285 1310 91 60 92 84 0 1 83 58 721 13 25
1310 1310 92 84 92 84 1 0 58 58 -721 17 0
1310 1318 92 84 92 84 0 0 58 58 0 8 0
1318 1333 92 84 95 72 0 1 58 43 741 34 15
1333 1336 95 72 98 72 1 0 43 40 -741 34 3
1336 1344 98 72 91 71 0 1 40 32 740 22 8
1344 1345 91 71 91 72 1 0 32 31 -740 22 1
1345 1354 91 72 86 68 0 1 31 22 746 27 9
1354 1355 86 68 87 68 1 0 22 21 -746 27 1
1355 1776 87 68 87 68 0 0 21 21 0 421 0
1776 1797 87 68 75 59 0 0 21 0 1000000000 0 21
--------------------------------------
--------------------------------------
EV26
--------------------------------------
Num TPs served = 3
TPs served = 737 749 804
Total energy used = 98
--------------------------------------
Schedule:
1311 1355 75 59 85 25 0 1 100 56 737 4 44
1355 1358 85 25 86 27 1 0 56 53 -737 4 3
1358 1373 86 27 86 42 0 1 53 38 749 11 15
1373 1374 86 42 87 42 1 0 38 37 -749 12 1
1374 1433 87 42 87 42 0 0 37 37 0 59 0
1433 1437 87 42 88 45 0 1 37 33 804 34 4
1437 1439 88 45 90 45 1 0 33 31 -804 34 2
1439 1768 90 45 90 45 0 0 31 31 0 329 0
1768 1797 90 45 75 59 0 0 31 2 1000000000 0 29
--------------------------------------
--------------------------------------
EV27
--------------------------------------
Num TPs served = 6
TPs served = 753 768 772 784 787 811
Total energy used = 100
--------------------------------------
Schedule:
1366 1384 75 59 61 55 0 1 100 82 753 4 18
1384 1385 61 55 62 55 1 0 82 81 -753 4 1
1385 1411 62 55 38 53 0 1 81 55 768 1 26
1411 1413 38 53 40 53 1 0 55 53 -768 1 2
1413 1416 40 53 37 53 0 1 53 50 772 1 3
1416 1420 37 53 40 54 1 2 50 46 787 27 4
1420 1421 40 54 40 55 2 1 46 45 -772 2 1
1421 1423 40 55 40 57 1 0 45 43 -787 28 2
1423 1427 40 57 43 56 0 1 43 39 784 17 4
1427 1428 43 56 44 56 1 0 39 38 -784 17 1
1428 1441 44 56 44 56 0 0 38 38 0 13 0
1441 1451 44 56 52 54 0 1 38 28 811 34 10
1451 1452 52 54 53 54 1 0 28 27 -811 34 1
1452 1770 53 54 53 54 0 0 27 27 0 318 0
1770 1797 53 54 75 59 0 0 27 0 1000000000 0 27
--------------------------------------
--------------------------------------
EV28
--------------------------------------
Num TPs served = 3
TPs served = 779 803 813
Total energy used = 98
--------------------------------------
Schedule:
1412 1427 75 59 68 67 0 1 100 85 779 10 15
1427 1447 68 67 64 83 1 2 85 65 803 23 20
1447 1454 64 83 69 85 2 1 65 58 -803 23 7
1454 1462 69 85 76 84 1 2 58 50 813 25 8
1462 1469 76 84 79 80 2 1 50 43 -779 3 7
1469 1477 79 80 82 85 1 0 43 35 -813 17 8
1477 1764 82 85 82 85 0 0 35 35 0 287 0
1764 1797 82 85 75 59 0 0 35 2 1000000000 0 33
--------------------------------------
--------------------------------------
EV29
--------------------------------------
Num TPs served = 4
TPs served = 820 827 859 876
Total energy used = 100
--------------------------------------
Schedule:
1459 1477 75 59 76 42 0 1 100 82 820 22 18
1477 1479 76 42 78 42 1 0 82 80 -820 23 2
1479 1505 78 42 64 30 0 1 80 54 827 3 26
1505 1508 64 30 67 30 1 0 54 51 -827 3 3
1508 1520 67 30 67 30 0 0 51 51 0 12 0
1520 1527 67 30 65 25 0 1 51 44 859 34 7
1527 1529 65 25 65 27 1 0 44 42 -859 34 2
1529 1536 65 27 65 27 0 0 42 42 0 7 0
1536 1550 65 27 73 33 0 1 42 28 876 34 14
1550 1553 73 33 74 35 1 0 28 25 -876 34 3
1553 1772 74 35 74 35 0 0 25 25 0 219 0
1772 1797 74 35 75 59 0 0 25 0 1000000000 0 25
--------------------------------------
--------------------------------------
EV30
--------------------------------------
Num TPs served = 4
TPs served = 840 866 886 965
Total energy used = 100
--------------------------------------
Schedule:
1503 1520 75 59 86 65 0 1 100 83 840 6 17
1520 1526 86 65 90 67 1 0 83 77 -840 10 6
1526 1550 90 67 97 50 0 1 77 53 866 20 24
1550 1552 97 50 98 51 1 0 53 51 -866 22 2
1552 1560 98 51 98 51 0 0 51 51 0 8 0
1560 1568 98 51 99 44 0 1 51 43 886 34 8
1568 1569 99 44 99 44 1 1 43 43 0 1 0
1569 1577 99 44 92 45 1 0 43 35 -886 34 8
1577 1691 92 45 92 45 0 0 35 35 0 114 0
1691 1702 92 45 87 51 0 1 35 24 965 34 11
1702 1705 87 51 89 52 1 0 24 21 -965 34 3
1705 1776 89 52 89 52 0 0 21 21 0 71 0
1776 1797 89 52 75 59 0 0 21 0 1000000000 0 21
--------------------------------------
--------------------------------------
EV31
--------------------------------------
Num TPs served = 3
TPs served = 882 892 893
Total energy used = 100
--------------------------------------
Schedule:
1552 1580 75 59 80 36 0 1 100 72 893 33 28
1580 1581 80 36 80 37 1 0 72 71 -893 34 1
1581 1586 80 37 80 32 0 1 71 66 882 5 5
1586 1587 80 32 81 32 1 0 66 65 -882 6 1
1587 1610 81 32 96 40 0 1 65 42 892 2 23
1610 1611 96 40 97 40 1 0 42 41 -892 3 1
1611 1756 97 40 97 40 0 0 41 41 0 145 0
1756 1797 97 40 75 59 0 0 41 0 1000000000 0 41
--------------------------------------
--------------------------------------
EV32
--------------------------------------
Num TPs served = 5
TPs served = 905 920 926 930 936
Total energy used = 98
--------------------------------------
Schedule:
1595 1619 75 59 54 62 0 1 100 76 905 13 24
1619 1627 54 62 59 65 1 2 76 68 920 32 8
1627 1633 59 65 55 63 2 1 68 62 -905 1 6
1633 1645 55 63 50 70 1 2 62 50 930 32 12
1645 1647 50 70 52 70 2 1 50 48 -930 32 2
1647 1655 52 70 58 72 1 2 48 40 926 13 8
1655 1656 58 72 58 73 2 1 40 39 -926 13 1
1656 1664 58 73 61 68 1 0 39 31 -920 0 8
1664 1673 61 68 59 61 0 1 31 22 936 15 9
1673 1676 59 61 61 62 1 0 22 19 -936 17 3
1676 1780 61 62 61 62 0 0 19 19 0 104 0
1780 1797 61 62 75 59 0 0 19 2 1000000000 0 17
--------------------------------------
--------------------------------------
EV33
--------------------------------------
Num TPs served = 4
TPs served = 924 946 975 998
Total energy used = 98
--------------------------------------
Schedule:
1649 1665 75 59 87 63 0 1 100 84 924 1 16
1665 1666 87 63 87 64 1 0 84 83 -924 1 1
1666 1695 87 64 94 86 0 1 83 54 946 7 29
1695 1697 94 86 96 86 1 0 54 52 -946 7 2
1697 1708 96 86 96 86 0 0 52 52 0 11 0
1708 1719 96 86 91 80 0 1 52 41 975 34 11
1719 1721 91 80 91 80 1 1 41 41 0 2 0
1721 1722 91 80 91 81 1 0 41 40 -975 34 1
1722 1745 91 81 91 81 0 0 40 40 0 23 0
1745 1757 91 81 85 75 0 1 40 28 998 34 12
1757 1759 85 75 85 75 1 1 28 28 0 2 0
1759 1759 85 75 85 75 1 0 28 28 -998 34 0
1759 1771 85 75 85 75 0 0 28 28 0 12 0
1771 1797 85 75 75 59 0 0 28 2 1000000000 0 26
--------------------------------------
--------------------------------------
EV34
--------------------------------------
Num TPs served = 4
TPs served = 957 974 981 986
Total energy used = 78
--------------------------------------
Schedule:
1701 1722 75 59 68 73 0 1 100 79 974 29 21
1722 1723 68 73 69 73 1 2 79 78 957 2 1
1723 1727 69 73 70 76 2 1 78 74 -974 31 4
1727 1728 70 76 70 75 1 0 74 73 -957 0 1
1728 1730 70 75 70 75 0 0 73 73 0 2 0
1730 1732 70 75 71 74 0 1 73 71 986 34 2
1732 1734 71 74 72 75 1 0 71 69 -986 34 2
1734 1752 72 75 58 71 0 1 69 51 981 8 18
1752 1753 58 71 59 71 1 0 51 50 -981 10 1
1753 1769 59 71 59 71 0 0 50 50 0 16 0
1769 1797 59 71 75 59 0 0 50 22 1000000000 0 28
--------------------------------------

-------------------------------------------------------------------------

TPs

-------------------------------------------------------------------------

----------------------
TP1 not allocated
----------------------

----------------------
TP2 allocated to 0
----------------------

----------------------
TP3 not allocated
----------------------

----------------------
TP4 not allocated
----------------------

----------------------
TP5 not allocated
----------------------

----------------------
TP6 not allocated
----------------------

----------------------
TP7 not allocated
----------------------

----------------------
TP8 not allocated
----------------------

----------------------
TP9 not allocated
----------------------

----------------------
TP10 not allocated
----------------------

----------------------
TP11 not allocated
----------------------

----------------------
TP12 not allocated
----------------------

----------------------
TP13 not allocated
----------------------

----------------------
TP14 not allocated
----------------------

----------------------
TP15 not allocated
----------------------

----------------------
TP16 not allocated
----------------------

----------------------
TP17 not allocated
----------------------

----------------------
TP18 not allocated
----------------------

----------------------
TP19 not allocated
----------------------

----------------------
TP20 not allocated
----------------------

----------------------
TP21 not allocated
----------------------

----------------------
TP22 not allocated
----------------------

----------------------
TP23 allocated to 0
----------------------

----------------------
TP24 not allocated
----------------------

----------------------
TP25 not allocated
----------------------

----------------------
TP26 not allocated
----------------------

----------------------
TP27 not allocated
----------------------

----------------------
TP28 not allocated
----------------------

----------------------
TP29 not allocated
----------------------

----------------------
TP30 not allocated
----------------------

----------------------
TP31 not allocated
----------------------

----------------------
TP32 not allocated
----------------------

----------------------
TP33 not allocated
----------------------

----------------------
TP34 not allocated
----------------------

----------------------
TP35 not allocated
----------------------

----------------------
TP36 allocated to 1
----------------------

----------------------
TP37 not allocated
----------------------

----------------------
TP38 not allocated
----------------------

----------------------
TP39 not allocated
----------------------

----------------------
TP40 not allocated
----------------------

----------------------
TP41 not allocated
----------------------

----------------------
TP42 not allocated
----------------------

----------------------
TP43 not allocated
----------------------

----------------------
TP44 not allocated
----------------------

----------------------
TP45 not allocated
----------------------

----------------------
TP46 not allocated
----------------------

----------------------
TP47 not allocated
----------------------

----------------------
TP48 allocated to 1
----------------------

----------------------
TP49 not allocated
----------------------

----------------------
TP50 not allocated
----------------------

----------------------
TP51 not allocated
----------------------

----------------------
TP52 not allocated
----------------------

----------------------
TP53 not allocated
----------------------

----------------------
TP54 not allocated
----------------------

----------------------
TP55 not allocated
----------------------

----------------------
TP56 not allocated
----------------------

----------------------
TP57 not allocated
----------------------

----------------------
TP58 not allocated
----------------------

----------------------
TP59 not allocated
----------------------

----------------------
TP60 not allocated
----------------------

----------------------
TP61 not allocated
----------------------

----------------------
TP62 allocated to 2
----------------------

----------------------
TP63 not allocated
----------------------

----------------------
TP64 not allocated
----------------------

----------------------
TP65 not allocated
----------------------

----------------------
TP66 not allocated
----------------------

----------------------
TP67 allocated to 1
----------------------

----------------------
TP68 not allocated
----------------------

----------------------
TP69 not allocated
----------------------

----------------------
TP70 not allocated
----------------------

----------------------
TP71 not allocated
----------------------

----------------------
TP72 not allocated
----------------------

----------------------
TP73 not allocated
----------------------

----------------------
TP74 not allocated
----------------------

----------------------
TP75 not allocated
----------------------

----------------------
TP76 not allocated
----------------------

----------------------
TP77 not allocated
----------------------

----------------------
TP78 not allocated
----------------------

----------------------
TP79 not allocated
----------------------

----------------------
TP80 allocated to 0
----------------------

----------------------
TP81 allocated to 0
----------------------

----------------------
TP82 not allocated
----------------------

----------------------
TP83 allocated to 2
----------------------

----------------------
TP84 allocated to 0
----------------------

----------------------
TP85 not allocated
----------------------

----------------------
TP86 not allocated
----------------------

----------------------
TP87 not allocated
----------------------

----------------------
TP88 not allocated
----------------------

----------------------
TP89 not allocated
----------------------

----------------------
TP90 not allocated
----------------------

----------------------
TP91 not allocated
----------------------

----------------------
TP92 not allocated
----------------------

----------------------
TP93 not allocated
----------------------

----------------------
TP94 not allocated
----------------------

----------------------
TP95 not allocated
----------------------

----------------------
TP96 not allocated
----------------------

----------------------
TP97 not allocated
----------------------

----------------------
TP98 not allocated
----------------------

----------------------
TP99 not allocated
----------------------

----------------------
TP100 not allocated
----------------------

----------------------
TP101 not allocated
----------------------

----------------------
TP102 not allocated
----------------------

----------------------
TP103 not allocated
----------------------

----------------------
TP104 not allocated
----------------------

----------------------
TP105 not allocated
----------------------

----------------------
TP106 not allocated
----------------------

----------------------
TP107 not allocated
----------------------

----------------------
TP108 not allocated
----------------------

----------------------
TP109 not allocated
----------------------

----------------------
TP110 allocated to 3
----------------------

----------------------
TP111 allocated to 2
----------------------

----------------------
TP112 not allocated
----------------------

----------------------
TP113 not allocated
----------------------

----------------------
TP114 not allocated
----------------------

----------------------
TP115 not allocated
----------------------

----------------------
TP116 not allocated
----------------------

----------------------
TP117 not allocated
----------------------

----------------------
TP118 not allocated
----------------------

----------------------
TP119 not allocated
----------------------

----------------------
TP120 not allocated
----------------------

----------------------
TP121 not allocated
----------------------

----------------------
TP122 not allocated
----------------------

----------------------
TP123 not allocated
----------------------

----------------------
TP124 not allocated
----------------------

----------------------
TP125 not allocated
----------------------

----------------------
TP126 not allocated
----------------------

----------------------
TP127 not allocated
----------------------

----------------------
TP128 not allocated
----------------------

----------------------
TP129 not allocated
----------------------

----------------------
TP130 not allocated
----------------------

----------------------
TP131 allocated to 3
----------------------

----------------------
TP132 not allocated
----------------------

----------------------
TP133 not allocated
----------------------

----------------------
TP134 allocated to 4
----------------------

----------------------
TP135 not allocated
----------------------

----------------------
TP136 not allocated
----------------------

----------------------
TP137 not allocated
----------------------

----------------------
TP138 not allocated
----------------------

----------------------
TP139 not allocated
----------------------

----------------------
TP140 not allocated
----------------------

----------------------
TP141 not allocated
----------------------

----------------------
TP142 allocated to 4
----------------------

----------------------
TP143 not allocated
----------------------

----------------------
TP144 not allocated
----------------------

----------------------
TP145 not allocated
----------------------

----------------------
TP146 not allocated
----------------------

----------------------
TP147 not allocated
----------------------

----------------------
TP148 not allocated
----------------------

----------------------
TP149 not allocated
----------------------

----------------------
TP150 not allocated
----------------------

----------------------
TP151 not allocated
----------------------

----------------------
TP152 not allocated
----------------------

----------------------
TP153 allocated to 5
----------------------

----------------------
TP154 not allocated
----------------------

----------------------
TP155 allocated to 1
----------------------

----------------------
TP156 not allocated
----------------------

----------------------
TP157 not allocated
----------------------

----------------------
TP158 not allocated
----------------------

----------------------
TP159 not allocated
----------------------

----------------------
TP160 not allocated
----------------------

----------------------
TP161 not allocated
----------------------

----------------------
TP162 not allocated
----------------------

----------------------
TP163 not allocated
----------------------

----------------------
TP164 not allocated
----------------------

----------------------
TP165 not allocated
----------------------

----------------------
TP166 not allocated
----------------------

----------------------
TP167 allocated to 4
----------------------

----------------------
TP168 not allocated
----------------------

----------------------
TP169 not allocated
----------------------

----------------------
TP170 not allocated
----------------------

----------------------
TP171 not allocated
----------------------

----------------------
TP172 not allocated
----------------------

----------------------
TP173 not allocated
----------------------

----------------------
TP174 not allocated
----------------------

----------------------
TP175 not allocated
----------------------

----------------------
TP176 not allocated
----------------------

----------------------
TP177 not allocated
----------------------

----------------------
TP178 not allocated
----------------------

----------------------
TP179 not allocated
----------------------

----------------------
TP180 allocated to 5
----------------------

----------------------
TP181 not allocated
----------------------

----------------------
TP182 not allocated
----------------------

----------------------
TP183 allocated to 6
----------------------

----------------------
TP184 not allocated
----------------------

----------------------
TP185 not allocated
----------------------

----------------------
TP186 allocated to 5
----------------------

----------------------
TP187 not allocated
----------------------

----------------------
TP188 not allocated
----------------------

----------------------
TP189 not allocated
----------------------

----------------------
TP190 not allocated
----------------------

----------------------
TP191 not allocated
----------------------

----------------------
TP192 allocated to 6
----------------------

----------------------
TP193 not allocated
----------------------

----------------------
TP194 not allocated
----------------------

----------------------
TP195 not allocated
----------------------

----------------------
TP196 not allocated
----------------------

----------------------
TP197 allocated to 5
----------------------

----------------------
TP198 not allocated
----------------------

----------------------
TP199 not allocated
----------------------

----------------------
TP200 not allocated
----------------------

----------------------
TP201 allocated to 7
----------------------

----------------------
TP202 not allocated
----------------------

----------------------
TP203 not allocated
----------------------

----------------------
TP204 not allocated
----------------------

----------------------
TP205 not allocated
----------------------

----------------------
TP206 allocated to 6
----------------------

----------------------
TP207 not allocated
----------------------

----------------------
TP208 not allocated
----------------------

----------------------
TP209 not allocated
----------------------

----------------------
TP210 not allocated
----------------------

----------------------
TP211 not allocated
----------------------

----------------------
TP212 not allocated
----------------------

----------------------
TP213 allocated to 3
----------------------

----------------------
TP214 not allocated
----------------------

----------------------
TP215 not allocated
----------------------

----------------------
TP216 not allocated
----------------------

----------------------
TP217 allocated to 7
----------------------

----------------------
TP218 not allocated
----------------------

----------------------
TP219 not allocated
----------------------

----------------------
TP220 not allocated
----------------------

----------------------
TP221 not allocated
----------------------

----------------------
TP222 not allocated
----------------------

----------------------
TP223 not allocated
----------------------

----------------------
TP224 not allocated
----------------------

----------------------
TP225 not allocated
----------------------

----------------------
TP226 not allocated
----------------------

----------------------
TP227 not allocated
----------------------

----------------------
TP228 not allocated
----------------------

----------------------
TP229 not allocated
----------------------

----------------------
TP230 not allocated
----------------------

----------------------
TP231 allocated to 7
----------------------

----------------------
TP232 not allocated
----------------------

----------------------
TP233 not allocated
----------------------

----------------------
TP234 not allocated
----------------------

----------------------
TP235 not allocated
----------------------

----------------------
TP236 not allocated
----------------------

----------------------
TP237 not allocated
----------------------

----------------------
TP238 not allocated
----------------------

----------------------
TP239 allocated to 8
----------------------

----------------------
TP240 not allocated
----------------------

----------------------
TP241 allocated to 7
----------------------

----------------------
TP242 not allocated
----------------------

----------------------
TP243 not allocated
----------------------

----------------------
TP244 not allocated
----------------------

----------------------
TP245 not allocated
----------------------

----------------------
TP246 not allocated
----------------------

----------------------
TP247 not allocated
----------------------

----------------------
TP248 not allocated
----------------------

----------------------
TP249 not allocated
----------------------

----------------------
TP250 not allocated
----------------------

----------------------
TP251 not allocated
----------------------

----------------------
TP252 not allocated
----------------------

----------------------
TP253 not allocated
----------------------

----------------------
TP254 not allocated
----------------------

----------------------
TP255 not allocated
----------------------

----------------------
TP256 allocated to 9
----------------------

----------------------
TP257 allocated to 6
----------------------

----------------------
TP258 not allocated
----------------------

----------------------
TP259 not allocated
----------------------

----------------------
TP260 not allocated
----------------------

----------------------
TP261 allocated to 6
----------------------

----------------------
TP262 not allocated
----------------------

----------------------
TP263 allocated to 8
----------------------

----------------------
TP264 not allocated
----------------------

----------------------
TP265 not allocated
----------------------

----------------------
TP266 not allocated
----------------------

----------------------
TP267 allocated to 10
----------------------

----------------------
TP268 not allocated
----------------------

----------------------
TP269 allocated to 9
----------------------

----------------------
TP270 not allocated
----------------------

----------------------
TP271 allocated to 4
----------------------

----------------------
TP272 not allocated
----------------------

----------------------
TP273 not allocated
----------------------

----------------------
TP274 not allocated
----------------------

----------------------
TP275 not allocated
----------------------

----------------------
TP276 not allocated
----------------------

----------------------
TP277 not allocated
----------------------

----------------------
TP278 not allocated
----------------------

----------------------
TP279 not allocated
----------------------

----------------------
TP280 allocated to 8
----------------------

----------------------
TP281 not allocated
----------------------

----------------------
TP282 allocated to 10
----------------------

----------------------
TP283 not allocated
----------------------

----------------------
TP284 not allocated
----------------------

----------------------
TP285 not allocated
----------------------

----------------------
TP286 allocated to 9
----------------------

----------------------
TP287 not allocated
----------------------

----------------------
TP288 not allocated
----------------------

----------------------
TP289 not allocated
----------------------

----------------------
TP290 not allocated
----------------------

----------------------
TP291 not allocated
----------------------

----------------------
TP292 not allocated
----------------------

----------------------
TP293 not allocated
----------------------

----------------------
TP294 not allocated
----------------------

----------------------
TP295 not allocated
----------------------

----------------------
TP296 allocated to 10
----------------------

----------------------
TP297 not allocated
----------------------

----------------------
TP298 not allocated
----------------------

----------------------
TP299 not allocated
----------------------

----------------------
TP300 not allocated
----------------------

----------------------
TP301 allocated to 11
----------------------

----------------------
TP302 allocated to 10
----------------------

----------------------
TP303 not allocated
----------------------

----------------------
TP304 not allocated
----------------------

----------------------
TP305 not allocated
----------------------

----------------------
TP306 not allocated
----------------------

----------------------
TP307 not allocated
----------------------

----------------------
TP308 not allocated
----------------------

----------------------
TP309 allocated to 0
----------------------

----------------------
TP310 not allocated
----------------------

----------------------
TP311 not allocated
----------------------

----------------------
TP312 not allocated
----------------------

----------------------
TP313 allocated to 11
----------------------

----------------------
TP314 not allocated
----------------------

----------------------
TP315 not allocated
----------------------

----------------------
TP316 not allocated
----------------------

----------------------
TP317 not allocated
----------------------

----------------------
TP318 not allocated
----------------------

----------------------
TP319 not allocated
----------------------

----------------------
TP320 not allocated
----------------------

----------------------
TP321 not allocated
----------------------

----------------------
TP322 not allocated
----------------------

----------------------
TP323 not allocated
----------------------

----------------------
TP324 not allocated
----------------------

----------------------
TP325 not allocated
----------------------

----------------------
TP326 not allocated
----------------------

----------------------
TP327 not allocated
----------------------

----------------------
TP328 not allocated
----------------------

----------------------
TP329 not allocated
----------------------

----------------------
TP330 allocated to 1
----------------------

----------------------
TP331 allocated to 11
----------------------

----------------------
TP332 allocated to 12
----------------------

----------------------
TP333 not allocated
----------------------

----------------------
TP334 not allocated
----------------------

----------------------
TP335 not allocated
----------------------

----------------------
TP336 not allocated
----------------------

----------------------
TP337 not allocated
----------------------

----------------------
TP338 not allocated
----------------------

----------------------
TP339 not allocated
----------------------

----------------------
TP340 not allocated
----------------------

----------------------
TP341 not allocated
----------------------

----------------------
TP342 not allocated
----------------------

----------------------
TP343 not allocated
----------------------

----------------------
TP344 not allocated
----------------------

----------------------
TP345 not allocated
----------------------

----------------------
TP346 not allocated
----------------------

----------------------
TP347 not allocated
----------------------

----------------------
TP348 not allocated
----------------------

----------------------
TP349 not allocated
----------------------

----------------------
TP350 not allocated
----------------------

----------------------
TP351 not allocated
----------------------

----------------------
TP352 not allocated
----------------------

----------------------
TP353 not allocated
----------------------

----------------------
TP354 not allocated
----------------------

----------------------
TP355 allocated to 2
----------------------

----------------------
TP356 not allocated
----------------------

----------------------
TP357 not allocated
----------------------

----------------------
TP358 allocated to 12
----------------------

----------------------
TP359 not allocated
----------------------

----------------------
TP360 not allocated
----------------------

----------------------
TP361 not allocated
----------------------

----------------------
TP362 not allocated
----------------------

----------------------
TP363 not allocated
----------------------

----------------------
TP364 not allocated
----------------------

----------------------
TP365 not allocated
----------------------

----------------------
TP366 allocated to 13
----------------------

----------------------
TP367 not allocated
----------------------

----------------------
TP368 not allocated
----------------------

----------------------
TP369 not allocated
----------------------

----------------------
TP370 not allocated
----------------------

----------------------
TP371 allocated to 11
----------------------

----------------------
TP372 not allocated
----------------------

----------------------
TP373 not allocated
----------------------

----------------------
TP374 allocated to 3
----------------------

----------------------
TP375 not allocated
----------------------

----------------------
TP376 not allocated
----------------------

----------------------
TP377 not allocated
----------------------

----------------------
TP378 not allocated
----------------------

----------------------
TP379 not allocated
----------------------

----------------------
TP380 not allocated
----------------------

----------------------
TP381 not allocated
----------------------

----------------------
TP382 not allocated
----------------------

----------------------
TP383 not allocated
----------------------

----------------------
TP384 not allocated
----------------------

----------------------
TP385 allocated to 12
----------------------

----------------------
TP386 not allocated
----------------------

----------------------
TP387 not allocated
----------------------

----------------------
TP388 not allocated
----------------------

----------------------
TP389 not allocated
----------------------

----------------------
TP390 not allocated
----------------------

----------------------
TP391 not allocated
----------------------

----------------------
TP392 not allocated
----------------------

----------------------
TP393 not allocated
----------------------

----------------------
TP394 not allocated
----------------------

----------------------
TP395 allocated to 12
----------------------

----------------------
TP396 allocated to 0
----------------------

----------------------
TP397 not allocated
----------------------

----------------------
TP398 not allocated
----------------------

----------------------
TP399 not allocated
----------------------

----------------------
TP400 not allocated
----------------------

----------------------
TP401 allocated to 14
----------------------

----------------------
TP402 not allocated
----------------------

----------------------
TP403 allocated to 11
----------------------

----------------------
TP404 not allocated
----------------------

----------------------
TP405 not allocated
----------------------

----------------------
TP406 not allocated
----------------------

----------------------
TP407 not allocated
----------------------

----------------------
TP408 not allocated
----------------------

----------------------
TP409 not allocated
----------------------

----------------------
TP410 allocated to 13
----------------------

----------------------
TP411 not allocated
----------------------

----------------------
TP412 not allocated
----------------------

----------------------
TP413 not allocated
----------------------

----------------------
TP414 not allocated
----------------------

----------------------
TP415 not allocated
----------------------

----------------------
TP416 allocated to 14
----------------------

----------------------
TP417 not allocated
----------------------

----------------------
TP418 not allocated
----------------------

----------------------
TP419 not allocated
----------------------

----------------------
TP420 not allocated
----------------------

----------------------
TP421 allocated to 15
----------------------

----------------------
TP422 not allocated
----------------------

----------------------
TP423 not allocated
----------------------

----------------------
TP424 not allocated
----------------------

----------------------
TP425 not allocated
----------------------

----------------------
TP426 not allocated
----------------------

----------------------
TP427 not allocated
----------------------

----------------------
TP428 not allocated
----------------------

----------------------
TP429 allocated to 15
----------------------

----------------------
TP430 not allocated
----------------------

----------------------
TP431 not allocated
----------------------

----------------------
TP432 not allocated
----------------------

----------------------
TP433 not allocated
----------------------

----------------------
TP434 not allocated
----------------------

----------------------
TP435 allocated to 15
----------------------

----------------------
TP436 not allocated
----------------------

----------------------
TP437 not allocated
----------------------

----------------------
TP438 not allocated
----------------------

----------------------
TP439 allocated to 11
----------------------

----------------------
TP440 not allocated
----------------------

----------------------
TP441 not allocated
----------------------

----------------------
TP442 allocated to 13
----------------------

----------------------
TP443 not allocated
----------------------

----------------------
TP444 not allocated
----------------------

----------------------
TP445 not allocated
----------------------

----------------------
TP446 not allocated
----------------------

----------------------
TP447 not allocated
----------------------

----------------------
TP448 not allocated
----------------------

----------------------
TP449 not allocated
----------------------

----------------------
TP450 not allocated
----------------------

----------------------
TP451 not allocated
----------------------

----------------------
TP452 not allocated
----------------------

----------------------
TP453 not allocated
----------------------

----------------------
TP454 not allocated
----------------------

----------------------
TP455 not allocated
----------------------

----------------------
TP456 allocated to 16
----------------------

----------------------
TP457 not allocated
----------------------

----------------------
TP458 not allocated
----------------------

----------------------
TP459 not allocated
----------------------

----------------------
TP460 not allocated
----------------------

----------------------
TP461 not allocated
----------------------

----------------------
TP462 not allocated
----------------------

----------------------
TP463 allocated to 15
----------------------

----------------------
TP464 allocated to 16
----------------------

----------------------
TP465 not allocated
----------------------

----------------------
TP466 not allocated
----------------------

----------------------
TP467 not allocated
----------------------

----------------------
TP468 allocated to 15
----------------------

----------------------
TP469 not allocated
----------------------

----------------------
TP470 not allocated
----------------------

----------------------
TP471 not allocated
----------------------

----------------------
TP472 not allocated
----------------------

----------------------
TP473 not allocated
----------------------

----------------------
TP474 not allocated
----------------------

----------------------
TP475 not allocated
----------------------

----------------------
TP476 not allocated
----------------------

----------------------
TP477 not allocated
----------------------

----------------------
TP478 not allocated
----------------------

----------------------
TP479 not allocated
----------------------

----------------------
TP480 not allocated
----------------------

----------------------
TP481 not allocated
----------------------

----------------------
TP482 not allocated
----------------------

----------------------
TP483 not allocated
----------------------

----------------------
TP484 allocated to 16
----------------------

----------------------
TP485 not allocated
----------------------

----------------------
TP486 allocated to 16
----------------------

----------------------
TP487 allocated to 16
----------------------

----------------------
TP488 not allocated
----------------------

----------------------
TP489 allocated to 9
----------------------

----------------------
TP490 not allocated
----------------------

----------------------
TP491 not allocated
----------------------

----------------------
TP492 not allocated
----------------------

----------------------
TP493 not allocated
----------------------

----------------------
TP494 not allocated
----------------------

----------------------
TP495 not allocated
----------------------

----------------------
TP496 allocated to 17
----------------------

----------------------
TP497 not allocated
----------------------

----------------------
TP498 not allocated
----------------------

----------------------
TP499 not allocated
----------------------

----------------------
TP500 not allocated
----------------------

----------------------
TP501 not allocated
----------------------

----------------------
TP502 allocated to 4
----------------------

----------------------
TP503 not allocated
----------------------

----------------------
TP504 not allocated
----------------------

----------------------
TP505 not allocated
----------------------

----------------------
TP506 not allocated
----------------------

----------------------
TP507 not allocated
----------------------

----------------------
TP508 allocated to 18
----------------------

----------------------
TP509 not allocated
----------------------

----------------------
TP510 not allocated
----------------------

----------------------
TP511 not allocated
----------------------

----------------------
TP512 not allocated
----------------------

----------------------
TP513 not allocated
----------------------

----------------------
TP514 allocated to 10
----------------------

----------------------
TP515 not allocated
----------------------

----------------------
TP516 not allocated
----------------------

----------------------
TP517 not allocated
----------------------

----------------------
TP518 not allocated
----------------------

----------------------
TP519 not allocated
----------------------

----------------------
TP520 allocated to 6
----------------------

----------------------
TP521 not allocated
----------------------

----------------------
TP522 not allocated
----------------------

----------------------
TP523 not allocated
----------------------

----------------------
TP524 allocated to 14
----------------------

----------------------
TP525 allocated to 18
----------------------

----------------------
TP526 not allocated
----------------------

----------------------
TP527 not allocated
----------------------

----------------------
TP528 allocated to 17
----------------------

----------------------
TP529 not allocated
----------------------

----------------------
TP530 allocated to 3
----------------------

----------------------
TP531 not allocated
----------------------

----------------------
TP532 not allocated
----------------------

----------------------
TP533 not allocated
----------------------

----------------------
TP534 not allocated
----------------------

----------------------
TP535 not allocated
----------------------

----------------------
TP536 allocated to 15
----------------------

----------------------
TP537 not allocated
----------------------

----------------------
TP538 not allocated
----------------------

----------------------
TP539 not allocated
----------------------

----------------------
TP540 not allocated
----------------------

----------------------
TP541 not allocated
----------------------

----------------------
TP542 not allocated
----------------------

----------------------
TP543 not allocated
----------------------

----------------------
TP544 allocated to 18
----------------------

----------------------
TP545 not allocated
----------------------

----------------------
TP546 allocated to 19
----------------------

----------------------
TP547 not allocated
----------------------

----------------------
TP548 allocated to 19
----------------------

----------------------
TP549 not allocated
----------------------

----------------------
TP550 not allocated
----------------------

----------------------
TP551 not allocated
----------------------

----------------------
TP552 not allocated
----------------------

----------------------
TP553 not allocated
----------------------

----------------------
TP554 not allocated
----------------------

----------------------
TP555 not allocated
----------------------

----------------------
TP556 not allocated
----------------------

----------------------
TP557 not allocated
----------------------

----------------------
TP558 not allocated
----------------------

----------------------
TP559 not allocated
----------------------

----------------------
TP560 not allocated
----------------------

----------------------
TP561 not allocated
----------------------

----------------------
TP562 not allocated
----------------------

----------------------
TP563 not allocated
----------------------

----------------------
TP564 not allocated
----------------------

----------------------
TP565 not allocated
----------------------

----------------------
TP566 not allocated
----------------------

----------------------
TP567 not allocated
----------------------

----------------------
TP568 not allocated
----------------------

----------------------
TP569 allocated to 19
----------------------

----------------------
TP570 allocated to 20
----------------------

----------------------
TP571 not allocated
----------------------

----------------------
TP572 not allocated
----------------------

----------------------
TP573 not allocated
----------------------

----------------------
TP574 not allocated
----------------------

----------------------
TP575 not allocated
----------------------

----------------------
TP576 not allocated
----------------------

----------------------
TP577 not allocated
----------------------

----------------------
TP578 not allocated
----------------------

----------------------
TP579 not allocated
----------------------

----------------------
TP580 not allocated
----------------------

----------------------
TP581 not allocated
----------------------

----------------------
TP582 not allocated
----------------------

----------------------
TP583 not allocated
----------------------

----------------------
TP584 allocated to 20
----------------------

----------------------
TP585 not allocated
----------------------

----------------------
TP586 not allocated
----------------------

----------------------
TP587 not allocated
----------------------

----------------------
TP588 not allocated
----------------------

----------------------
TP589 not allocated
----------------------

----------------------
TP590 not allocated
----------------------

----------------------
TP591 not allocated
----------------------

----------------------
TP592 not allocated
----------------------

----------------------
TP593 not allocated
----------------------

----------------------
TP594 not allocated
----------------------

----------------------
TP595 allocated to 21
----------------------

----------------------
TP596 not allocated
----------------------

----------------------
TP597 not allocated
----------------------

----------------------
TP598 not allocated
----------------------

----------------------
TP599 not allocated
----------------------

----------------------
TP600 allocated to 20
----------------------

----------------------
TP601 not allocated
----------------------

----------------------
TP602 not allocated
----------------------

----------------------
TP603 not allocated
----------------------

----------------------
TP604 not allocated
----------------------

----------------------
TP605 not allocated
----------------------

----------------------
TP606 not allocated
----------------------

----------------------
TP607 not allocated
----------------------

----------------------
TP608 not allocated
----------------------

----------------------
TP609 not allocated
----------------------

----------------------
TP610 not allocated
----------------------

----------------------
TP611 not allocated
----------------------

----------------------
TP612 not allocated
----------------------

----------------------
TP613 allocated to 21
----------------------

----------------------
TP614 allocated to 19
----------------------

----------------------
TP615 not allocated
----------------------

----------------------
TP616 not allocated
----------------------

----------------------
TP617 not allocated
----------------------

----------------------
TP618 not allocated
----------------------

----------------------
TP619 not allocated
----------------------

----------------------
TP620 not allocated
----------------------

----------------------
TP621 allocated to 22
----------------------

----------------------
TP622 not allocated
----------------------

----------------------
TP623 not allocated
----------------------

----------------------
TP624 not allocated
----------------------

----------------------
TP625 not allocated
----------------------

----------------------
TP626 allocated to 21
----------------------

----------------------
TP627 not allocated
----------------------

----------------------
TP628 not allocated
----------------------

----------------------
TP629 not allocated
----------------------

----------------------
TP630 not allocated
----------------------

----------------------
TP631 not allocated
----------------------

----------------------
TP632 not allocated
----------------------

----------------------
TP633 not allocated
----------------------

----------------------
TP634 not allocated
----------------------

----------------------
TP635 not allocated
----------------------

----------------------
TP636 not allocated
----------------------

----------------------
TP637 not allocated
----------------------

----------------------
TP638 allocated to 22
----------------------

----------------------
TP639 not allocated
----------------------

----------------------
TP640 not allocated
----------------------

----------------------
TP641 not allocated
----------------------

----------------------
TP642 not allocated
----------------------

----------------------
TP643 not allocated
----------------------

----------------------
TP644 not allocated
----------------------

----------------------
TP645 not allocated
----------------------

----------------------
TP646 not allocated
----------------------

----------------------
TP647 not allocated
----------------------

----------------------
TP648 not allocated
----------------------

----------------------
TP649 not allocated
----------------------

----------------------
TP650 not allocated
----------------------

----------------------
TP651 not allocated
----------------------

----------------------
TP652 not allocated
----------------------

----------------------
TP653 allocated to 23
----------------------

----------------------
TP654 not allocated
----------------------

----------------------
TP655 not allocated
----------------------

----------------------
TP656 not allocated
----------------------

----------------------
TP657 not allocated
----------------------

----------------------
TP658 not allocated
----------------------

----------------------
TP659 not allocated
----------------------

----------------------
TP660 allocated to 23
----------------------

----------------------
TP661 not allocated
----------------------

----------------------
TP662 allocated to 22
----------------------

----------------------
TP663 not allocated
----------------------

----------------------
TP664 not allocated
----------------------

----------------------
TP665 not allocated
----------------------

----------------------
TP666 not allocated
----------------------

----------------------
TP667 not allocated
----------------------

----------------------
TP668 not allocated
----------------------

----------------------
TP669 not allocated
----------------------

----------------------
TP670 not allocated
----------------------

----------------------
TP671 not allocated
----------------------

----------------------
TP672 not allocated
----------------------

----------------------
TP673 not allocated
----------------------

----------------------
TP674 not allocated
----------------------

----------------------
TP675 allocated to 23
----------------------

----------------------
TP676 not allocated
----------------------

----------------------
TP677 not allocated
----------------------

----------------------
TP678 not allocated
----------------------

----------------------
TP679 not allocated
----------------------

----------------------
TP680 not allocated
----------------------

----------------------
TP681 not allocated
----------------------

----------------------
TP682 not allocated
----------------------

----------------------
TP683 allocated to 24
----------------------

----------------------
TP684 not allocated
----------------------

----------------------
TP685 not allocated
----------------------

----------------------
TP686 not allocated
----------------------

----------------------
TP687 not allocated
----------------------

----------------------
TP688 not allocated
----------------------

----------------------
TP689 not allocated
----------------------

----------------------
TP690 not allocated
----------------------

----------------------
TP691 not allocated
----------------------

----------------------
TP692 not allocated
----------------------

----------------------
TP693 not allocated
----------------------

----------------------
TP694 not allocated
----------------------

----------------------
TP695 not allocated
----------------------

----------------------
TP696 not allocated
----------------------

----------------------
TP697 not allocated
----------------------

----------------------
TP698 not allocated
----------------------

----------------------
TP699 not allocated
----------------------

----------------------
TP700 allocated to 24
----------------------

----------------------
TP701 not allocated
----------------------

----------------------
TP702 allocated to 24
----------------------

----------------------
TP703 not allocated
----------------------

----------------------
TP704 not allocated
----------------------

----------------------
TP705 not allocated
----------------------

----------------------
TP706 not allocated
----------------------

----------------------
TP707 not allocated
----------------------

----------------------
TP708 allocated to 23
----------------------

----------------------
TP709 not allocated
----------------------

----------------------
TP710 not allocated
----------------------

----------------------
TP711 not allocated
----------------------

----------------------
TP712 not allocated
----------------------

----------------------
TP713 not allocated
----------------------

----------------------
TP714 not allocated
----------------------

----------------------
TP715 not allocated
----------------------

----------------------
TP716 not allocated
----------------------

----------------------
TP717 allocated to 25
----------------------

----------------------
TP718 not allocated
----------------------

----------------------
TP719 not allocated
----------------------

----------------------
TP720 not allocated
----------------------

----------------------
TP721 allocated to 25
----------------------

----------------------
TP722 not allocated
----------------------

----------------------
TP723 not allocated
----------------------

----------------------
TP724 not allocated
----------------------

----------------------
TP725 not allocated
----------------------

----------------------
TP726 not allocated
----------------------

----------------------
TP727 not allocated
----------------------

----------------------
TP728 not allocated
----------------------

----------------------
TP729 not allocated
----------------------

----------------------
TP730 not allocated
----------------------

----------------------
TP731 not allocated
----------------------

----------------------
TP732 not allocated
----------------------

----------------------
TP733 not allocated
----------------------

----------------------
TP734 not allocated
----------------------

----------------------
TP735 not allocated
----------------------

----------------------
TP736 not allocated
----------------------

----------------------
TP737 allocated to 26
----------------------

----------------------
TP738 not allocated
----------------------

----------------------
TP739 not allocated
----------------------

----------------------
TP740 allocated to 25
----------------------

----------------------
TP741 allocated to 25
----------------------

----------------------
TP742 not allocated
----------------------

----------------------
TP743 allocated to 12
----------------------

----------------------
TP744 not allocated
----------------------

----------------------
TP745 not allocated
----------------------

----------------------
TP746 allocated to 25
----------------------

----------------------
TP747 not allocated
----------------------

----------------------
TP748 not allocated
----------------------

----------------------
TP749 allocated to 26
----------------------

----------------------
TP750 not allocated
----------------------

----------------------
TP751 not allocated
----------------------

----------------------
TP752 not allocated
----------------------

----------------------
TP753 allocated to 27
----------------------

----------------------
TP754 not allocated
----------------------

----------------------
TP755 not allocated
----------------------

----------------------
TP756 not allocated
----------------------

----------------------
TP757 not allocated
----------------------

----------------------
TP758 not allocated
----------------------

----------------------
TP759 not allocated
----------------------

----------------------
TP760 not allocated
----------------------

----------------------
TP761 not allocated
----------------------

----------------------
TP762 not allocated
----------------------

----------------------
TP763 not allocated
----------------------

----------------------
TP764 not allocated
----------------------

----------------------
TP765 not allocated
----------------------

----------------------
TP766 not allocated
----------------------

----------------------
TP767 not allocated
----------------------

----------------------
TP768 allocated to 27
----------------------

----------------------
TP769 not allocated
----------------------

----------------------
TP770 not allocated
----------------------

----------------------
TP771 not allocated
----------------------

----------------------
TP772 allocated to 27
----------------------

----------------------
TP773 not allocated
----------------------

----------------------
TP774 not allocated
----------------------

----------------------
TP775 not allocated
----------------------

----------------------
TP776 not allocated
----------------------

----------------------
TP777 not allocated
----------------------

----------------------
TP778 not allocated
----------------------

----------------------
TP779 allocated to 28
----------------------

----------------------
TP780 not allocated
----------------------

----------------------
TP781 not allocated
----------------------

----------------------
TP782 not allocated
----------------------

----------------------
TP783 not allocated
----------------------

----------------------
TP784 allocated to 27
----------------------

----------------------
TP785 not allocated
----------------------

----------------------
TP786 not allocated
----------------------

----------------------
TP787 allocated to 27
----------------------

----------------------
TP788 not allocated
----------------------

----------------------
TP789 not allocated
----------------------

----------------------
TP790 not allocated
----------------------

----------------------
TP791 not allocated
----------------------

----------------------
TP792 not allocated
----------------------

----------------------
TP793 not allocated
----------------------

----------------------
TP794 not allocated
----------------------

----------------------
TP795 not allocated
----------------------

----------------------
TP796 not allocated
----------------------

----------------------
TP797 not allocated
----------------------

----------------------
TP798 not allocated
----------------------

----------------------
TP799 not allocated
----------------------

----------------------
TP800 not allocated
----------------------

----------------------
TP801 not allocated
----------------------

----------------------
TP802 not allocated
----------------------

----------------------
TP803 allocated to 28
----------------------

----------------------
TP804 allocated to 26
----------------------

----------------------
TP805 not allocated
----------------------

----------------------
TP806 not allocated
----------------------

----------------------
TP807 not allocated
----------------------

----------------------
TP808 not allocated
----------------------

----------------------
TP809 not allocated
----------------------

----------------------
TP810 not allocated
----------------------

----------------------
TP811 allocated to 27
----------------------

----------------------
TP812 not allocated
----------------------

----------------------
TP813 allocated to 28
----------------------

----------------------
TP814 not allocated
----------------------

----------------------
TP815 not allocated
----------------------

----------------------
TP816 not allocated
----------------------

----------------------
TP817 not allocated
----------------------

----------------------
TP818 not allocated
----------------------

----------------------
TP819 allocated to 13
----------------------

----------------------
TP820 allocated to 29
----------------------

----------------------
TP821 not allocated
----------------------

----------------------
TP822 not allocated
----------------------

----------------------
TP823 not allocated
----------------------

----------------------
TP824 not allocated
----------------------

----------------------
TP825 not allocated
----------------------

----------------------
TP826 not allocated
----------------------

----------------------
TP827 allocated to 29
----------------------

----------------------
TP828 not allocated
----------------------

----------------------
TP829 not allocated
----------------------

----------------------
TP830 not allocated
----------------------

----------------------
TP831 not allocated
----------------------

----------------------
TP832 not allocated
----------------------

----------------------
TP833 not allocated
----------------------

----------------------
TP834 not allocated
----------------------

----------------------
TP835 not allocated
----------------------

----------------------
TP836 not allocated
----------------------

----------------------
TP837 not allocated
----------------------

----------------------
TP838 not allocated
----------------------

----------------------
TP839 not allocated
----------------------

----------------------
TP840 allocated to 30
----------------------

----------------------
TP841 not allocated
----------------------

----------------------
TP842 not allocated
----------------------

----------------------
TP843 not allocated
----------------------

----------------------
TP844 allocated to 17
----------------------

----------------------
TP845 not allocated
----------------------

----------------------
TP846 not allocated
----------------------

----------------------
TP847 not allocated
----------------------

----------------------
TP848 not allocated
----------------------

----------------------
TP849 not allocated
----------------------

----------------------
TP850 allocated to 24
----------------------

----------------------
TP851 not allocated
----------------------

----------------------
TP852 not allocated
----------------------

----------------------
TP853 not allocated
----------------------

----------------------
TP854 not allocated
----------------------

----------------------
TP855 allocated to 22
----------------------

----------------------
TP856 not allocated
----------------------

----------------------
TP857 not allocated
----------------------

----------------------
TP858 not allocated
----------------------

----------------------
TP859 allocated to 29
----------------------

----------------------
TP860 not allocated
----------------------

----------------------
TP861 not allocated
----------------------

----------------------
TP862 not allocated
----------------------

----------------------
TP863 allocated to 23
----------------------

----------------------
TP864 not allocated
----------------------

----------------------
TP865 not allocated
----------------------

----------------------
TP866 allocated to 30
----------------------

----------------------
TP867 not allocated
----------------------

----------------------
TP868 not allocated
----------------------

----------------------
TP869 not allocated
----------------------

----------------------
TP870 not allocated
----------------------

----------------------
TP871 not allocated
----------------------

----------------------
TP872 not allocated
----------------------

----------------------
TP873 not allocated
----------------------

----------------------
TP874 not allocated
----------------------

----------------------
TP875 not allocated
----------------------

----------------------
TP876 allocated to 29
----------------------

----------------------
TP877 not allocated
----------------------

----------------------
TP878 not allocated
----------------------

----------------------
TP879 not allocated
----------------------

----------------------
TP880 not allocated
----------------------

----------------------
TP881 not allocated
----------------------

----------------------
TP882 allocated to 31
----------------------

----------------------
TP883 not allocated
----------------------

----------------------
TP884 not allocated
----------------------

----------------------
TP885 allocated to 2
----------------------

----------------------
TP886 allocated to 30
----------------------

----------------------
TP887 not allocated
----------------------

----------------------
TP888 not allocated
----------------------

----------------------
TP889 not allocated
----------------------

----------------------
TP890 not allocated
----------------------

----------------------
TP891 not allocated
----------------------

----------------------
TP892 allocated to 31
----------------------

----------------------
TP893 allocated to 31
----------------------

----------------------
TP894 not allocated
----------------------

----------------------
TP895 not allocated
----------------------

----------------------
TP896 not allocated
----------------------

----------------------
TP897 not allocated
----------------------

----------------------
TP898 not allocated
----------------------

----------------------
TP899 not allocated
----------------------

----------------------
TP900 not allocated
----------------------

----------------------
TP901 not allocated
----------------------

----------------------
TP902 not allocated
----------------------

----------------------
TP903 not allocated
----------------------

----------------------
TP904 not allocated
----------------------

----------------------
TP905 allocated to 32
----------------------

----------------------
TP906 not allocated
----------------------

----------------------
TP907 allocated to 5
----------------------

----------------------
TP908 not allocated
----------------------

----------------------
TP909 not allocated
----------------------

----------------------
TP910 not allocated
----------------------

----------------------
TP911 not allocated
----------------------

----------------------
TP912 not allocated
----------------------

----------------------
TP913 not allocated
----------------------

----------------------
TP914 not allocated
----------------------

----------------------
TP915 not allocated
----------------------

----------------------
TP916 not allocated
----------------------

----------------------
TP917 not allocated
----------------------

----------------------
TP918 not allocated
----------------------

----------------------
TP919 not allocated
----------------------

----------------------
TP920 allocated to 32
----------------------

----------------------
TP921 not allocated
----------------------

----------------------
TP922 not allocated
----------------------

----------------------
TP923 not allocated
----------------------

----------------------
TP924 allocated to 33
----------------------

----------------------
TP925 not allocated
----------------------

----------------------
TP926 allocated to 32
----------------------

----------------------
TP927 not allocated
----------------------

----------------------
TP928 not allocated
----------------------

----------------------
TP929 not allocated
----------------------

----------------------
TP930 allocated to 32
----------------------

----------------------
TP931 not allocated
----------------------

----------------------
TP932 not allocated
----------------------

----------------------
TP933 not allocated
----------------------

----------------------
TP934 not allocated
----------------------

----------------------
TP935 not allocated
----------------------

----------------------
TP936 allocated to 32
----------------------

----------------------
TP937 not allocated
----------------------

----------------------
TP938 not allocated
----------------------

----------------------
TP939 not allocated
----------------------

----------------------
TP940 not allocated
----------------------

----------------------
TP941 not allocated
----------------------

----------------------
TP942 not allocated
----------------------

----------------------
TP943 not allocated
----------------------

----------------------
TP944 not allocated
----------------------

----------------------
TP945 not allocated
----------------------

----------------------
TP946 allocated to 33
----------------------

----------------------
TP947 not allocated
----------------------

----------------------
TP948 not allocated
----------------------

----------------------
TP949 not allocated
----------------------

----------------------
TP950 not allocated
----------------------

----------------------
TP951 not allocated
----------------------

----------------------
TP952 not allocated
----------------------

----------------------
TP953 not allocated
----------------------

----------------------
TP954 not allocated
----------------------

----------------------
TP955 not allocated
----------------------

----------------------
TP956 not allocated
----------------------

----------------------
TP957 allocated to 34
----------------------

----------------------
TP958 not allocated
----------------------

----------------------
TP959 not allocated
----------------------

----------------------
TP960 not allocated
----------------------

----------------------
TP961 not allocated
----------------------

----------------------
TP962 not allocated
----------------------

----------------------
TP963 not allocated
----------------------

----------------------
TP964 not allocated
----------------------

----------------------
TP965 allocated to 30
----------------------

----------------------
TP966 not allocated
----------------------

----------------------
TP967 not allocated
----------------------

----------------------
TP968 not allocated
----------------------

----------------------
TP969 not allocated
----------------------

----------------------
TP970 not allocated
----------------------

----------------------
TP971 not allocated
----------------------

----------------------
TP972 not allocated
----------------------

----------------------
TP973 not allocated
----------------------

----------------------
TP974 allocated to 34
----------------------

----------------------
TP975 allocated to 33
----------------------

----------------------
TP976 not allocated
----------------------

----------------------
TP977 not allocated
----------------------

----------------------
TP978 not allocated
----------------------

----------------------
TP979 not allocated
----------------------

----------------------
TP980 not allocated
----------------------

----------------------
TP981 allocated to 34
----------------------

----------------------
TP982 not allocated
----------------------

----------------------
TP983 not allocated
----------------------

----------------------
TP984 not allocated
----------------------

----------------------
TP985 not allocated
----------------------

----------------------
TP986 allocated to 34
----------------------

----------------------
TP987 not allocated
----------------------

----------------------
TP988 not allocated
----------------------

----------------------
TP989 not allocated
----------------------

----------------------
TP990 not allocated
----------------------

----------------------
TP991 not allocated
----------------------

----------------------
TP992 not allocated
----------------------

----------------------
TP993 not allocated
----------------------

----------------------
TP994 not allocated
----------------------

----------------------
TP995 not allocated
----------------------

----------------------
TP996 not allocated
----------------------

----------------------
TP997 not allocated
----------------------

----------------------
TP998 allocated to 33
----------------------

----------------------
TP999 not allocated
----------------------

----------------------
TP1000 not allocated
----------------------
