-------------------------------------------------------------------------
TPs satisfied = 150; Total TPs = 1000; Percentage Satisfied + 15.0%
-------------------------------------------------------------------------

-------------------------------------------------------------------------

EVs

-------------------------------------------------------------------------
--------------------------------------
EV0
--------------------------------------
Num TPs served = 5
TPs served = 7 13 50 55 999
Total energy used = 100
--------------------------------------
Schedule:
49 59 80 13 77 6 0 1 100 90 7 20 10
59 61 77 6 78 7 1 0 90 88 -7 24 2
61 85 78 7 84 25 0 1 88 64 13 1 24
85 91 84 25 89 26 1 0 64 58 -13 1 6
91 121 89 26 95 2 0 1 58 28 50 31 30
121 122 95 2 95 3 1 0 28 27 -50 31 1
122 135 95 3 87 8 0 1 27 14 55 25 13
135 136 87 8 87 9 1 0 14 13 -55 25 1
136 1754 87 9 87 9 0 0 13 13 0 1618 0
1754 1759 87 9 83 10 0 1 13 8 999 34 5
1759 1760 83 10 83 10 1 1 8 8 0 1 0
1760 1761 83 10 84 10 1 0 8 7 -999 34 1
1761 1790 84 10 84 10 0 0 7 7 0 29 0
1790 1797 84 10 80 13 0 0 7 0 1000000000 0 7
--------------------------------------
--------------------------------------
EV1
--------------------------------------
Num TPs served = 4
TPs served = 42 63 216 512
Total energy used = 100
--------------------------------------
Schedule:
95 132 80 13 85 45 0 1 100 63 42 7 37
132 135 85 45 87 46 1 0 63 60 -42 12 3
135 149 87 46 77 42 0 1 60 46 63 27 14
149 156 77 42 82 44 1 0 46 39 -63 28 7
156 392 82 44 82 44 0 0 39 39 0 236 0
392 414 82 44 78 26 0 1 39 17 216 34 22
414 415 78 26 78 26 1 1 17 17 0 1 0
415 415 78 26 78 26 1 0 17 17 -216 34 0
415 915 78 26 78 26 0 0 17 17 0 500 0
915 928 78 26 78 13 0 1 17 4 512 34 13
928 931 78 13 80 14 1 0 4 1 -512 34 3
931 1796 80 14 80 14 0 0 1 1 0 865 0
1796 1797 80 14 80 13 0 0 1 0 1000000000 0 1
--------------------------------------
--------------------------------------
EV2
--------------------------------------
Num TPs served = 3
TPs served = 65 73 101
Total energy used = 100
--------------------------------------
Schedule:
140 162 80 13 87 28 0 1 100 78 65 17 22
162 163 87 28 88 28 1 0 78 77 -65 17 1
163 190 88 28 91 4 0 1 77 50 73 2 27
190 194 91 4 95 4 1 0 50 46 -73 2 4
194 218 95 4 90 23 0 1 46 22 101 18 24
218 219 90 23 91 23 1 0 22 21 -101 19 1
219 1776 91 23 91 23 0 0 21 21 0 1557 0
1776 1797 91 23 80 13 0 0 21 0 1000000000 0 21
--------------------------------------
--------------------------------------
EV3
--------------------------------------
Num TPs served = 4
TPs served = 79 104 108 189
Total energy used = 100
--------------------------------------
Schedule:
180 192 80 13 73 18 0 1 100 88 79 11 12
192 202 73 18 83 18 1 0 88 78 -79 12 10
202 212 83 18 88 23 0 1 78 68 104 28 10
212 216 88 23 92 23 1 0 68 64 -104 29 4
216 242 92 23 81 38 0 1 64 38 108 9 26
242 247 81 38 85 39 1 0 38 33 -108 9 5
247 345 85 39 85 39 0 0 33 33 0 98 0
345 363 85 39 85 21 0 1 33 15 189 34 18
363 365 85 21 85 21 1 1 15 15 0 2 0
365 366 85 21 86 21 1 0 15 14 -189 34 1
366 1783 86 21 86 21 0 0 14 14 0 1417 0
1783 1797 86 21 80 13 0 0 14 0 1000000000 0 14
--------------------------------------
--------------------------------------
EV4
--------------------------------------
Num TPs served = 7
TPs served = 111 118 157 175 184 194 542
Total energy used = 100
--------------------------------------
Schedule:
226 245 80 13 64 10 0 1 100 81 111 9 19
245 254 64 10 68 15 1 0 81 72 -111 9 9
254 266 68 15 70 5 0 1 72 60 118 0 12
266 272 70 5 72 9 1 0 60 54 -118 12 6
272 296 72 9 72 9 0 0 54 54 0 24 0
296 303 72 9 73 3 0 1 54 47 157 34 7
303 304 73 3 74 3 1 0 47 46 -157 34 1
304 349 74 3 74 3 0 0 46 46 0 45 0
349 357 74 3 71 8 0 1 46 38 184 34 8
357 364 71 8 77 7 1 2 38 31 175 10 7
364 365 77 7 78 7 2 1 31 30 -175 10 1
365 381 78 7 69 14 1 2 30 14 194 30 16
381 384 69 14 72 14 2 1 14 11 -194 30 3
384 385 72 14 73 14 1 0 11 10 -184 19 1
385 970 73 14 73 14 0 0 10 10 0 585 0
970 976 73 14 78 15 0 1 10 4 542 34 6
976 977 78 15 78 15 1 1 4 4 0 1 0
977 977 78 15 78 15 1 0 4 4 -542 34 0
977 1793 78 15 78 15 0 0 4 4 0 816 0
1793 1797 78 15 80 13 0 0 4 0 1000000000 0 4
--------------------------------------
--------------------------------------
EV5
--------------------------------------
Num TPs served = 5
TPs served = 125 134 143 186 236
Total energy used = 100
--------------------------------------
Schedule:
269 278 80 13 86 16 0 1 100 91 125 1 9
278 281 86 16 88 17 1 0 91 88 -125 1 3
281 298 88 17 90 32 0 1 88 71 134 0 17
298 298 90 32 90 32 1 0 71 71 -134 1 0
298 313 90 32 97 40 0 1 71 56 143 2 15
313 316 97 40 98 42 1 0 56 53 -143 2 3
316 327 98 42 98 42 0 0 53 53 0 11 0
327 360 98 42 87 20 0 1 53 20 186 34 33
360 361 87 20 87 21 1 0 20 19 -186 34 1
361 452 87 21 87 21 0 0 19 19 0 91 0
452 454 87 21 88 20 0 1 19 17 236 34 2
454 455 88 20 88 21 1 0 17 16 -236 34 1
455 1781 88 21 88 21 0 0 16 16 0 1326 0
1781 1797 88 21 80 13 0 0 16 0 1000000000 0 16
--------------------------------------
--------------------------------------
EV6
--------------------------------------
Num TPs served = 5
TPs served = 163 172 179 471 590
Total energy used = 100
--------------------------------------
Schedule:
325 347 80 13 76 31 0 1 100 78 163 0 22
347 350 76 31 78 32 1 0 78 75 -163 1 3
350 363 78 32 83 40 0 1 75 62 172 1 13
363 367 83 40 84 43 1 0 62 58 -172 1 4
367 380 84 43 73 45 0 1 58 45 179 0 13
380 385 73 45 75 48 1 0 45 40 -179 4 5
385 858 75 48 75 48 0 0 40 40 0 473 0
858 858 75 48 75 48 0 1 40 40 471 34 0
858 860 75 48 77 48 1 0 40 38 -471 34 2
860 1029 77 48 77 48 0 0 38 38 0 169 0
1029 1061 77 48 78 17 0 1 38 6 590 34 32
1061 1062 78 17 79 17 1 0 6 5 -590 34 1
1062 1792 79 17 79 17 0 0 5 5 0 730 0
1792 1797 79 17 80 13 0 0 5 0 1000000000 0 5
--------------------------------------
--------------------------------------
EV7
--------------------------------------
Num TPs served = 3
TPs served = 195 240 519
Total energy used = 100
--------------------------------------
Schedule:
375 413 80 13 99 32 0 1 100 62 195 0 38
413 425 99 32 91 36 1 0 62 50 -195 0 12
425 439 91 36 91 36 0 0 50 50 0 14 0
439 462 91 36 79 25 0 1 50 27 240 34 23
462 464 79 25 79 27 1 0 27 25 -240 34 2
464 917 79 27 79 27 0 0 25 25 0 453 0
917 935 79 27 83 13 0 1 25 7 519 34 18
935 937 83 13 85 13 1 0 7 5 -519 34 2
937 1792 85 13 85 13 0 0 5 5 0 855 0
1792 1797 85 13 80 13 0 0 5 0 1000000000 0 5
--------------------------------------
--------------------------------------
EV8
--------------------------------------
Num TPs served = 6
TPs served = 11 18 80 228 291 762
Total energy used = 100
--------------------------------------
Schedule:
43 68 73 9 81 26 0 1 100 75 18 24 25
68 69 81 26 82 26 1 0 75 74 -18 25 1
69 83 82 26 92 22 0 1 74 60 11 0 14
83 87 92 22 94 24 1 0 60 56 -11 2 4
87 161 94 24 94 24 0 0 56 56 0 74 0
161 170 94 24 97 18 0 1 56 47 80 34 9
170 172 97 18 98 19 1 0 47 45 -80 34 2
172 425 98 19 98 19 0 0 45 45 0 253 0
425 437 98 19 97 8 0 1 45 33 228 34 12
437 442 97 8 92 8 1 0 33 28 -228 34 5
442 563 92 8 92 8 0 0 28 28 0 121 0
563 571 92 8 88 12 0 1 28 20 291 34 8
571 572 88 12 89 12 1 0 20 19 -291 34 1
572 1351 89 12 89 12 0 0 19 19 0 779 0
1351 1367 89 12 76 9 0 1 19 3 762 34 16
1367 1368 76 9 76 9 1 1 3 3 0 1 0
1368 1368 76 9 76 9 1 0 3 3 -762 34 0
1368 1794 76 9 76 9 0 0 3 3 0 426 0
1794 1797 76 9 73 9 0 0 3 0 1000000000 0 3
--------------------------------------
--------------------------------------
EV9
--------------------------------------
Num TPs served = 4
TPs served = 43 58 71 387
Total energy used = 100
--------------------------------------
Schedule:
92 130 73 9 40 14 0 1 100 62 43 11 38
130 133 40 14 41 16 1 0 62 59 -43 13 3
133 152 41 16 52 24 0 1 59 40 58 12 19
152 154 52 24 54 24 1 0 40 38 -58 12 2
154 172 54 24 55 7 0 1 38 20 71 18 18
172 174 55 7 56 8 1 0 20 18 -71 20 2
174 721 56 8 56 8 0 0 18 18 0 547 0
721 724 56 8 58 9 0 1 18 15 387 34 3
724 726 58 9 60 9 1 0 15 13 -387 34 2
726 1784 60 9 60 9 0 0 13 13 0 1058 0
1784 1797 60 9 73 9 0 0 13 0 1000000000 0 13
--------------------------------------
--------------------------------------
EV10
--------------------------------------
Num TPs served = 3
TPs served = 67 78 116
Total energy used = 100
--------------------------------------
Schedule:
142 180 73 9 53 27 0 1 100 62 67 3 38
180 185 53 27 58 27 1 0 62 57 -67 3 5
185 201 58 27 65 36 0 1 57 41 78 1 16
201 201 65 36 65 36 1 0 41 41 -78 2 0
201 210 65 36 65 36 0 0 41 41 0 9 0
210 230 65 36 75 26 0 1 41 21 116 34 20
230 231 75 26 75 26 1 1 21 21 0 1 0
231 232 75 26 76 26 1 0 21 20 -116 34 1
232 1777 76 26 76 26 0 0 20 20 0 1545 0
1777 1797 76 26 73 9 0 0 20 0 1000000000 0 20
--------------------------------------
--------------------------------------
EV11
--------------------------------------
Num TPs served = 3
TPs served = 87 112 351
Total energy used = 100
--------------------------------------
Schedule:
195 206 73 9 67 14 0 1 100 89 87 9 11
206 207 67 14 68 14 1 0 89 88 -87 9 1
207 244 68 14 77 42 0 1 88 51 112 11 37
244 250 77 42 80 45 1 0 51 45 -112 11 6
250 655 80 45 80 45 0 0 45 45 0 405 0
655 670 80 45 77 33 0 1 45 30 351 34 15
670 671 77 33 77 33 1 1 30 30 0 1 0
671 672 77 33 77 34 1 0 30 29 -351 34 1
672 1768 77 34 77 34 0 0 29 29 0 1096 0
1768 1797 77 34 73 9 0 0 29 0 1000000000 0 29
--------------------------------------
--------------------------------------
EV12
--------------------------------------
Num TPs served = 5
TPs served = 124 170 239 557 637
Total energy used = 96
--------------------------------------
Schedule:
242 273 73 9 71 38 0 1 100 69 124 4 31
273 274 71 38 72 38 1 0 69 68 -124 4 1
274 294 72 38 72 38 0 0 68 68 0 20 0
294 334 72 38 57 13 0 1 68 28 170 28 40
334 335 57 13 58 13 1 0 28 27 -170 28 1
335 455 58 13 58 13 0 0 27 27 0 120 0
455 460 58 13 62 12 0 1 27 22 239 34 5
460 465 62 12 67 12 1 0 22 17 -239 34 5
465 998 67 12 67 12 0 0 17 17 0 533 0
998 1003 67 12 70 10 0 1 17 12 557 34 5
1003 1004 70 10 70 10 1 1 12 12 0 1 0
1004 1005 70 10 71 10 1 0 12 11 -557 34 1
1005 1141 71 10 71 10 0 0 11 11 0 136 0
1141 1143 71 10 73 10 0 1 11 9 637 34 2
1143 1144 73 10 73 10 1 1 9 9 0 1 0
1144 1146 73 10 74 11 1 0 9 7 -637 34 2
1146 1794 74 11 74 11 0 0 7 7 0 648 0
1794 1797 74 11 73 9 0 0 7 4 1000000000 0 3
--------------------------------------
--------------------------------------
EV13
--------------------------------------
Num TPs served = 3
TPs served = 161 212 427
Total energy used = 100
--------------------------------------
Schedule:
295 344 73 9 26 7 0 1 100 51 161 1 49
344 345 26 7 27 7 1 0 51 50 -161 2 1
345 404 27 7 27 7 0 0 50 50 0 59 0
404 408 27 7 30 6 0 1 50 46 212 34 4
408 409 30 6 31 6 1 0 46 45 -212 34 1
409 764 31 6 31 6 0 0 45 45 0 355 0
764 785 31 6 49 9 0 1 45 24 427 34 21
785 786 49 9 49 9 1 1 24 24 0 1 0
786 786 49 9 49 9 1 0 24 24 -427 34 0
786 1773 49 9 49 9 0 0 24 24 0 987 0
1773 1797 49 9 73 9 0 0 24 0 1000000000 0 24
--------------------------------------
--------------------------------------
EV14
--------------------------------------
Num TPs served = 3
TPs served = 190 201 271
Total energy used = 98
--------------------------------------
Schedule:
343 375 73 9 51 19 0 1 100 68 190 23 32
375 377 51 19 51 21 1 0 68 66 -190 26 2
377 403 51 21 45 1 0 1 66 40 201 23 26
403 410 45 1 52 1 1 0 40 33 -201 23 7
410 515 52 1 52 1 0 0 33 33 0 105 0
515 539 52 1 74 3 0 1 33 9 271 34 24
539 540 74 3 74 3 1 1 9 9 0 1 0
540 541 74 3 74 4 1 0 9 8 -271 34 1
541 1791 74 4 74 4 0 0 8 8 0 1250 0
1791 1797 74 4 73 9 0 0 8 2 1000000000 0 6
--------------------------------------
--------------------------------------
EV15
--------------------------------------
Num TPs served = 7
TPs served = 202 207 225 232 319 391 681
Total energy used = 100
--------------------------------------
Schedule:
386 419 73 9 63 32 0 1 100 67 207 14 33
419 421 63 32 65 32 1 0 67 65 -207 14 2
421 427 65 32 69 34 0 1 65 59 202 0 6
427 430 69 34 71 35 1 0 59 56 -202 0 3
430 442 71 35 71 35 0 0 56 56 0 12 0
442 445 71 35 71 38 0 1 56 53 232 34 3
445 447 71 38 73 38 1 0 53 51 -232 34 2
447 462 73 38 65 31 0 1 51 36 225 3 15
462 463 65 31 66 31 1 0 36 35 -225 3 1
463 615 66 31 66 31 0 0 35 35 0 152 0
615 619 66 31 68 33 0 1 35 31 319 34 4
619 621 68 33 68 33 1 1 31 31 0 2 0
621 622 68 33 69 33 1 0 31 30 -319 34 1
622 718 69 33 69 33 0 0 30 30 0 96 0
718 730 69 33 70 22 0 1 30 18 391 34 12
730 732 70 22 72 22 1 0 18 16 -391 34 2
732 1212 72 22 72 22 0 0 16 16 0 480 0
1212 1222 72 22 71 13 0 1 16 6 681 34 10
1222 1223 71 13 72 13 1 0 6 5 -681 34 1
1223 1792 72 13 72 13 0 0 5 5 0 569 0
1792 1797 72 13 73 9 0 0 5 0 1000000000 0 5
--------------------------------------
--------------------------------------
EV16
--------------------------------------
Num TPs served = 5
TPs served = 4 5 26 127 890
Total energy used = 100
--------------------------------------
Schedule:
43 51 27 17 31 13 0 1 100 92 4 25 8
51 60 31 13 40 13 1 0 92 83 -4 25 9
60 74 40 13 43 24 0 1 83 69 5 3 14
74 77 43 24 46 24 1 0 69 66 -5 6 3
77 94 46 24 58 19 0 1 66 49 26 14 17
94 95 58 19 59 19 1 0 49 48 -26 14 1
95 227 59 19 59 19 0 0 48 48 0 132 0
227 247 59 19 39 19 0 1 48 28 127 34 20
247 248 39 19 39 19 1 1 28 28 0 1 0
248 255 39 19 39 26 1 0 28 21 -127 34 7
255 1563 39 26 39 26 0 0 21 21 0 1308 0
1563 1574 39 26 30 24 0 1 21 10 890 34 11
1574 1575 30 24 30 24 1 1 10 10 0 1 0
1575 1575 30 24 30 24 1 0 10 10 -890 34 0
1575 1787 30 24 30 24 0 0 10 10 0 212 0
1787 1797 30 24 27 17 0 0 10 0 1000000000 0 10
--------------------------------------
--------------------------------------
EV17
--------------------------------------
Num TPs served = 6
TPs served = 30 41 44 52 61 115
Total energy used = 100
--------------------------------------
Schedule:
87 92 27 17 27 17 0 0 100 100 0 5 0
92 103 27 17 24 25 0 1 100 89 41 34 11
103 105 24 25 26 25 1 0 89 87 -41 34 2
105 110 26 25 26 30 0 1 87 82 30 3 5
110 111 26 30 26 31 1 0 82 81 -30 4 1
111 129 26 31 42 33 0 1 81 63 52 26 18
129 130 42 33 42 34 1 0 63 62 -52 26 1
130 144 42 34 37 43 0 1 62 48 44 0 14
144 146 37 43 39 43 1 0 48 46 -44 1 2
146 169 39 43 29 30 0 1 46 23 61 5 23
169 172 29 30 32 30 1 0 23 20 -61 12 3
172 223 32 30 32 30 0 0 20 20 0 51 0
223 227 32 30 33 27 0 1 20 16 115 34 4
227 228 33 27 33 27 1 1 16 16 0 1 0
228 228 33 27 33 27 1 0 16 16 -115 34 0
228 1781 33 27 33 27 0 0 16 16 0 1553 0
1781 1797 33 27 27 17 0 0 16 0 1000000000 0 16
--------------------------------------
--------------------------------------
EV18
--------------------------------------
Num TPs served = 7
TPs served = 56 70 93 110 151 222 777
Total energy used = 98
--------------------------------------
Schedule:
135 157 27 17 10 22 0 1 100 78 56 4 22
157 158 10 22 11 22 1 0 78 77 -56 6 1
158 173 11 22 4 14 0 1 77 62 70 15 15
173 174 4 14 5 14 1 0 62 61 -70 15 1
174 191 5 14 2 28 0 1 61 44 93 32 17
191 192 2 28 2 29 1 0 44 43 -93 32 1
192 211 2 29 2 29 0 0 43 43 0 19 0
211 219 2 29 7 26 0 1 43 35 110 34 8
219 221 7 26 8 27 1 0 35 33 -110 34 2
221 283 8 27 8 27 0 0 33 33 0 62 0
283 292 8 27 8 18 0 1 33 24 151 34 9
292 293 8 18 8 18 1 1 24 24 0 1 0
293 293 8 18 8 18 1 0 24 24 -151 34 0
293 409 8 18 8 18 0 0 24 24 0 116 0
409 426 8 18 25 18 0 1 24 7 222 34 17
426 427 25 18 25 18 1 1 7 7 0 1 0
427 428 25 18 25 19 1 0 7 6 -222 34 1
428 1398 25 19 25 19 0 0 6 6 0 970 0
1398 1399 25 19 25 18 0 1 6 5 777 34 1
1399 1400 25 18 25 18 1 1 5 5 0 1 0
1400 1400 25 18 25 18 1 0 5 5 -777 34 0
1400 1794 25 18 25 18 0 0 5 5 0 394 0
1794 1797 25 18 27 17 0 0 5 2 1000000000 0 3
--------------------------------------
--------------------------------------
EV19
--------------------------------------
Num TPs served = 4
TPs served = 76 103 122 167
Total energy used = 100
--------------------------------------
Schedule:
181 193 27 17 27 5 0 1 100 88 76 5 12
193 194 27 5 28 5 1 0 88 87 -76 5 1
194 234 28 5 41 32 0 1 87 47 103 4 40
234 239 41 32 43 35 1 0 47 42 -103 4 5
239 260 43 35 26 31 0 1 42 21 122 12 21
260 260 26 31 26 31 1 0 21 21 -122 13 0
260 316 26 31 26 31 0 0 21 21 0 56 0
316 320 26 31 27 34 0 1 21 17 167 34 4
320 323 27 34 27 34 1 1 17 17 0 3 0
323 323 27 34 27 34 1 0 17 17 -167 34 0
323 1780 27 34 27 34 0 0 17 17 0 1457 0
1780 1797 27 34 27 17 0 0 17 0 1000000000 0 17
--------------------------------------
--------------------------------------
EV20
--------------------------------------
Num TPs served = 7
TPs served = 105 128 131 160 243 283 631
Total energy used = 100
--------------------------------------
Schedule:
224 240 27 17 34 8 0 1 100 84 105 1 16
240 243 34 8 35 10 1 0 84 81 -105 3 3
243 245 35 10 35 10 0 0 81 81 0 2 0
245 258 35 10 43 15 0 1 81 68 131 34 13
258 261 43 15 44 17 1 0 68 65 -131 34 3
261 268 44 17 45 23 0 1 65 58 128 14 7
268 273 45 23 50 23 1 0 58 53 -128 14 5
273 283 50 23 50 23 0 0 53 53 0 10 0
283 308 50 23 25 23 0 1 53 28 160 34 25
308 315 25 23 25 23 1 1 28 28 0 7 0
315 321 25 23 28 26 1 0 28 22 -160 34 6
321 472 28 26 28 26 0 0 22 22 0 151 0
472 473 28 26 28 27 0 1 22 21 243 34 1
473 475 28 27 28 29 1 0 21 19 -243 34 2
475 551 28 29 28 29 0 0 19 19 0 76 0
551 557 28 29 29 24 0 1 19 13 283 34 6
557 558 29 24 30 24 1 0 13 12 -283 34 1
558 1133 30 24 30 24 0 0 12 12 0 575 0
1133 1134 30 24 29 24 0 1 12 11 631 34 1
1134 1138 29 24 29 24 1 1 11 11 0 4 0
1138 1139 29 24 29 25 1 0 11 10 -631 34 1
1139 1787 29 25 29 25 0 0 10 10 0 648 0
1787 1797 29 25 27 17 0 0 10 0 1000000000 0 10
--------------------------------------
--------------------------------------
EV21
--------------------------------------
Num TPs served = 6
TPs served = 130 138 162 166 199 339
Total energy used = 98
--------------------------------------
Schedule:
275 287 27 17 22 10 0 1 100 88 130 0 12
287 288 22 10 22 11 1 0 88 87 -130 1 1
288 299 22 11 18 4 0 1 87 76 138 9 11
299 311 18 4 18 4 1 1 76 76 0 12 0
311 312 18 4 18 3 1 2 76 75 162 34 1
312 316 18 3 19 6 2 1 75 71 -138 3 4
316 318 19 6 19 4 1 0 71 69 -162 34 2
318 339 19 4 39 3 0 1 69 48 166 14 21
339 340 39 3 40 3 1 0 48 47 -166 16 1
340 361 40 3 40 3 0 0 47 47 0 21 0
361 390 40 3 19 11 0 1 47 18 199 34 29
390 391 19 11 19 11 1 1 18 18 0 1 0
391 391 19 11 19 11 1 0 18 18 -199 34 0
391 645 19 11 19 11 0 0 18 18 0 254 0
645 653 19 11 26 12 0 1 18 10 339 34 8
653 654 26 12 26 12 1 1 10 10 0 1 0
654 658 26 12 28 14 1 0 10 6 -339 34 4
658 1793 28 14 28 14 0 0 6 6 0 1135 0
1793 1797 28 14 27 17 0 0 6 2 1000000000 0 4
--------------------------------------
--------------------------------------
EV22
--------------------------------------
Num TPs served = 5
TPs served = 168 173 220 247 769
Total energy used = 100
--------------------------------------
Schedule:
321 342 27 17 15 26 0 1 100 79 168 15 21
342 344 15 26 16 27 1 0 79 77 -168 16 2
344 369 16 27 6 12 0 1 77 52 173 2 25
369 376 6 12 9 16 1 0 52 45 -173 4 7
376 413 9 16 9 16 0 0 45 45 0 37 0
413 422 9 16 14 12 0 1 45 36 220 34 9
422 423 14 12 15 12 1 0 36 35 -220 34 1
423 469 15 12 15 12 0 0 35 35 0 46 0
469 484 15 12 28 10 0 1 35 20 247 34 15
484 486 28 10 28 10 1 1 20 20 0 2 0
486 492 28 10 33 11 1 0 20 14 -247 34 6
492 1371 33 11 33 11 0 0 14 14 0 879 0
1371 1379 33 11 30 16 0 1 14 6 769 34 8
1379 1380 30 16 31 16 1 0 6 5 -769 34 1
1380 1792 31 16 31 16 0 0 5 5 0 412 0
1792 1797 31 16 27 17 0 0 5 0 1000000000 0 5
--------------------------------------
--------------------------------------
EV23
--------------------------------------
Num TPs served = 5
TPs served = 196 210 213 288 673
Total energy used = 98
--------------------------------------
Schedule:
370 389 27 17 33 30 0 1 100 81 196 28 19
389 390 33 30 34 30 1 0 81 80 -196 28 1
390 401 34 30 34 30 0 0 80 80 0 11 0
401 409 34 30 35 23 0 1 80 72 213 34 8
409 410 35 23 36 23 1 0 72 71 -213 34 1
410 430 36 23 47 14 0 1 71 51 210 10 20
430 438 47 14 55 14 1 0 51 43 -210 10 8
438 536 55 14 55 14 0 0 43 43 0 98 0
536 567 55 14 29 19 0 1 43 12 288 34 31
567 569 29 19 30 20 1 0 12 10 -288 34 2
569 1204 30 20 30 20 0 0 10 10 0 635 0
1204 1206 30 20 30 18 0 1 10 8 673 34 2
1206 1207 30 18 30 19 1 0 8 7 -673 34 1
1207 1792 30 19 30 19 0 0 7 7 0 585 0
1792 1797 30 19 27 17 0 0 7 2 1000000000 0 5
--------------------------------------
--------------------------------------
EV24
--------------------------------------
Num TPs served = 6
TPs served = 10 28 37 98 230 393
Total energy used = 100
--------------------------------------
Schedule:
47 63 47 23 35 27 0 1 100 84 10 19 16
63 66 35 27 38 27 1 0 84 81 -10 19 3
66 71 38 27 38 27 0 0 81 81 0 5 0
71 93 38 27 49 38 0 1 81 59 37 34 22
93 94 49 38 49 39 1 0 59 58 -37 34 1
94 105 49 39 52 47 0 1 58 47 28 5 11
105 106 52 47 53 47 1 0 47 46 -28 5 1
106 178 53 47 53 47 0 0 46 46 0 72 0
178 197 53 47 54 29 0 1 46 27 98 34 19
197 198 54 29 55 29 1 0 27 26 -98 34 1
198 432 55 29 55 29 0 0 26 26 0 234 0
432 441 55 29 47 28 0 1 26 17 230 34 9
441 442 47 28 48 28 1 0 17 16 -230 34 1
442 729 48 28 48 28 0 0 16 16 0 287 0
729 734 48 28 52 27 0 1 16 11 393 34 5
734 735 52 27 53 27 1 0 11 10 -393 34 1
735 1787 53 27 53 27 0 0 10 10 0 1052 0
1787 1797 53 27 47 23 0 0 10 0 1000000000 0 10
--------------------------------------
--------------------------------------
EV25
--------------------------------------
Num TPs served = 5
TPs served = 46 60 169 353 520
Total energy used = 100
--------------------------------------
Schedule:
102 138 47 23 14 20 0 1 100 64 46 10 36
138 140 14 20 14 22 1 0 64 62 -46 11 2
140 154 14 22 16 34 0 1 62 48 60 19 14
154 155 16 34 16 35 1 0 48 47 -60 20 1
155 303 16 35 16 35 0 0 47 47 0 148 0
303 327 16 35 38 33 0 1 47 23 169 34 24
327 330 38 33 38 33 1 1 23 23 0 3 0
330 331 38 33 39 33 1 0 23 22 -169 34 1
331 667 39 33 39 33 0 0 22 22 0 336 0
667 673 39 33 42 30 0 1 22 16 353 34 6
673 674 42 30 42 30 1 1 16 16 0 1 0
674 674 42 30 42 30 1 0 16 16 -353 34 0
674 923 42 30 42 30 0 0 16 16 0 249 0
923 936 42 30 46 21 0 1 16 3 520 34 13
936 937 46 21 46 22 1 0 3 2 -520 34 1
937 1795 46 22 46 22 0 0 2 2 0 858 0
1795 1797 46 22 47 23 0 0 2 0 1000000000 0 2
--------------------------------------
--------------------------------------
EV26
--------------------------------------
Num TPs served = 5
TPs served = 59 106 177 340 800
Total energy used = 100
--------------------------------------
Schedule:
145 166 47 23 42 7 0 1 100 79 59 5 21
166 168 42 7 43 8 1 0 79 77 -59 6 2
168 174 43 8 43 8 0 0 77 77 0 6 0
174 209 43 8 44 42 0 1 77 42 106 33 35
209 211 44 42 44 44 1 0 42 40 -106 33 2
211 339 44 44 44 44 0 0 40 40 0 128 0
339 344 44 44 48 43 0 1 40 35 177 34 5
344 348 48 43 50 45 1 0 35 31 -177 34 4
348 640 50 45 50 45 0 0 31 31 0 292 0
640 654 50 45 45 36 0 1 31 17 340 34 14
654 655 45 36 45 36 1 1 17 17 0 1 0
655 656 45 36 45 37 1 0 17 16 -340 34 1
656 1426 45 37 45 37 0 0 16 16 0 770 0
1426 1430 45 37 45 33 0 1 16 12 800 34 4
1430 1431 45 33 46 33 1 0 12 11 -800 34 1
1431 1786 46 33 46 33 0 0 11 11 0 355 0
1786 1797 46 33 47 23 0 0 11 0 1000000000 0 11
--------------------------------------
--------------------------------------
EV27
--------------------------------------
Num TPs served = 3
TPs served = 150 158 211
Total energy used = 96
--------------------------------------
Schedule:
197 257 47 23 47 23 0 0 100 100 0 60 0
257 302 47 23 23 44 0 1 100 55 150 23 45
302 305 23 44 24 42 1 2 55 52 158 34 3
305 309 24 42 25 45 2 1 52 48 -150 20 4
309 317 25 45 30 42 1 0 48 40 -158 28 8
317 389 30 42 30 42 0 0 40 40 0 72 0
389 407 30 42 43 37 0 1 40 22 211 34 18
407 410 43 37 46 37 1 0 22 19 -211 34 3
410 1782 46 37 46 37 0 0 19 19 0 1372 0
1782 1797 46 37 47 23 0 0 19 4 1000000000 0 15
--------------------------------------
--------------------------------------
EV28
--------------------------------------
Num TPs served = 3
TPs served = 156 215 256
Total energy used = 100
--------------------------------------
Schedule:
248 268 47 23 47 23 0 0 100 100 0 20 0
268 303 47 23 41 52 0 1 100 65 156 33 35
303 305 41 52 41 54 1 0 65 63 -156 33 2
305 389 41 54 41 54 0 0 63 63 0 84 0
389 413 41 54 55 44 0 1 63 39 215 34 24
413 414 55 44 55 45 1 0 39 38 -215 34 1
414 491 55 45 55 45 0 0 38 38 0 77 0
491 509 55 45 57 29 0 1 38 20 256 34 18
509 511 57 29 58 30 1 0 20 18 -256 34 2
511 1779 58 30 58 30 0 0 18 18 0 1268 0
1779 1797 58 30 47 23 0 0 18 0 1000000000 0 18
--------------------------------------
--------------------------------------
EV29
--------------------------------------
Num TPs served = 5
TPs served = 174 238 301 468 532
Total energy used = 100
--------------------------------------
Schedule:
293 305 47 23 47 23 0 0 100 100 0 12 0
305 352 47 23 19 42 0 1 100 53 174 21 47
352 357 19 42 24 42 1 0 53 48 -174 21 5
357 445 24 42 24 42 0 0 48 48 0 88 0
445 457 24 42 35 41 0 1 48 36 238 34 12
457 458 35 41 36 41 1 0 36 35 -238 34 1
458 582 36 41 36 41 0 0 35 35 0 124 0
582 587 36 41 37 37 0 1 35 30 301 34 5
587 589 37 37 38 38 1 0 30 28 -301 34 2
589 842 38 38 38 38 0 0 28 28 0 253 0
842 847 38 38 42 37 0 1 28 23 468 34 5
847 848 42 37 42 37 1 1 23 23 0 1 0
848 848 42 37 42 37 1 0 23 23 -468 34 0
848 952 42 37 42 37 0 0 23 23 0 104 0
952 961 42 37 44 30 0 1 23 14 532 34 9
961 964 44 30 45 32 1 0 14 11 -532 34 3
964 1786 45 32 45 32 0 0 11 11 0 822 0
1786 1797 45 32 47 23 0 0 11 0 1000000000 0 11
--------------------------------------
--------------------------------------
EV30
--------------------------------------
Num TPs served = 3
TPs served = 188 250 294
Total energy used = 100
--------------------------------------
Schedule:
344 389 47 23 10 31 0 1 100 55 188 7 45
389 393 10 31 11 34 1 0 55 51 -188 8 4
393 483 11 34 11 34 0 0 51 51 0 90 0
483 494 11 34 12 24 0 1 51 40 250 34 11
494 500 12 24 18 24 1 0 40 34 -250 34 6
500 563 18 24 18 24 0 0 34 34 0 63 0
563 575 18 24 27 21 0 1 34 22 294 34 12
575 578 27 21 30 21 1 0 22 19 -294 34 3
578 1778 30 21 30 21 0 0 19 19 0 1200 0
1778 1797 30 21 47 23 0 0 19 0 1000000000 0 19
--------------------------------------
--------------------------------------
EV31
--------------------------------------
Num TPs served = 5
TPs served = 206 209 223 316 540
Total energy used = 100
--------------------------------------
Schedule:
389 423 47 23 60 44 0 1 100 66 206 9 34
423 426 60 44 60 44 1 1 66 66 0 3 0
426 428 60 44 60 46 1 2 66 64 223 34 2
428 429 60 46 60 45 2 1 64 63 -206 4 1
429 436 60 45 65 43 1 2 63 56 209 3 7
436 437 65 43 66 43 2 1 56 55 -209 3 1
437 447 66 43 61 48 1 0 55 45 -223 18 10
447 598 61 48 61 48 0 0 45 45 0 151 0
598 612 61 48 59 36 0 1 45 31 316 34 14
612 614 59 36 59 38 1 0 31 29 -316 34 2
614 961 59 38 59 38 0 0 29 29 0 347 0
961 972 59 38 49 39 0 1 29 18 540 34 11
972 976 49 39 49 39 1 1 18 18 0 4 0
976 976 49 39 49 39 1 0 18 18 -540 34 0
976 1779 49 39 49 39 0 0 18 18 0 803 0
1779 1797 49 39 47 23 0 0 18 0 1000000000 0 18
--------------------------------------

-------------------------------------------------------------------------

TPs

-------------------------------------------------------------------------

----------------------
TP1 not allocated
----------------------

----------------------
TP2 not allocated
----------------------

----------------------
TP3 not allocated
----------------------

----------------------
TP4 allocated to 16
----------------------

----------------------
TP5 allocated to 16
----------------------

----------------------
TP6 not allocated
----------------------

----------------------
TP7 allocated to 0
----------------------

----------------------
TP8 not allocated
----------------------

----------------------
TP9 not allocated
----------------------

----------------------
TP10 allocated to 24
----------------------

----------------------
TP11 allocated to 8
----------------------

----------------------
TP12 not allocated
----------------------

----------------------
TP13 allocated to 0
----------------------

----------------------
TP14 not allocated
----------------------

----------------------
TP15 not allocated
----------------------

----------------------
TP16 not allocated
----------------------

----------------------
TP17 not allocated
----------------------

----------------------
TP18 allocated to 8
----------------------

----------------------
TP19 not allocated
----------------------

----------------------
TP20 not allocated
----------------------

----------------------
TP21 not allocated
----------------------

----------------------
TP22 not allocated
----------------------

----------------------
TP23 not allocated
----------------------

----------------------
TP24 not allocated
----------------------

----------------------
TP25 not allocated
----------------------

----------------------
TP26 allocated to 16
----------------------

----------------------
TP27 not allocated
----------------------

----------------------
TP28 allocated to 24
----------------------

----------------------
TP29 not allocated
----------------------

----------------------
TP30 allocated to 17
----------------------

----------------------
TP31 not allocated
----------------------

----------------------
TP32 not allocated
----------------------

----------------------
TP33 not allocated
----------------------

----------------------
TP34 not allocated
----------------------

----------------------
TP35 not allocated
----------------------

----------------------
TP36 not allocated
----------------------

----------------------
TP37 allocated to 24
----------------------

----------------------
TP38 not allocated
----------------------

----------------------
TP39 not allocated
----------------------

----------------------
TP40 not allocated
----------------------

----------------------
TP41 allocated to 17
----------------------

----------------------
TP42 allocated to 1
----------------------

----------------------
TP43 allocated to 9
----------------------

----------------------
TP44 allocated to 17
----------------------

----------------------
TP45 not allocated
----------------------

----------------------
TP46 allocated to 25
----------------------

----------------------
TP47 not allocated
----------------------

----------------------
TP48 not allocated
----------------------

----------------------
TP49 not allocated
----------------------

----------------------
TP50 allocated to 0
----------------------

----------------------
TP51 not allocated
----------------------

----------------------
TP52 allocated to 17
----------------------

----------------------
TP53 not allocated
----------------------

----------------------
TP54 not allocated
----------------------

----------------------
TP55 allocated to 0
----------------------

----------------------
TP56 allocated to 18
----------------------

----------------------
TP57 not allocated
----------------------

----------------------
TP58 allocated to 9
----------------------

----------------------
TP59 allocated to 26
----------------------

----------------------
TP60 allocated to 25
----------------------

----------------------
TP61 allocated to 17
----------------------

----------------------
TP62 not allocated
----------------------

----------------------
TP63 allocated to 1
----------------------

----------------------
TP64 not allocated
----------------------

----------------------
TP65 allocated to 2
----------------------

----------------------
TP66 not allocated
----------------------

----------------------
TP67 allocated to 10
----------------------

----------------------
TP68 not allocated
----------------------

----------------------
TP69 not allocated
----------------------

----------------------
TP70 allocated to 18
----------------------

----------------------
TP71 allocated to 9
----------------------

----------------------
TP72 not allocated
----------------------

----------------------
TP73 allocated to 2
----------------------

----------------------
TP74 not allocated
----------------------

----------------------
TP75 not allocated
----------------------

----------------------
TP76 allocated to 19
----------------------

----------------------
TP77 not allocated
----------------------

----------------------
TP78 allocated to 10
----------------------

----------------------
TP79 allocated to 3
----------------------

----------------------
TP80 allocated to 8
----------------------

----------------------
TP81 not allocated
----------------------

----------------------
TP82 not allocated
----------------------

----------------------
TP83 not allocated
----------------------

----------------------
TP84 not allocated
----------------------

----------------------
TP85 not allocated
----------------------

----------------------
TP86 not allocated
----------------------

----------------------
TP87 allocated to 11
----------------------

----------------------
TP88 not allocated
----------------------

----------------------
TP89 not allocated
----------------------

----------------------
TP90 not allocated
----------------------

----------------------
TP91 not allocated
----------------------

----------------------
TP92 not allocated
----------------------

----------------------
TP93 allocated to 18
----------------------

----------------------
TP94 not allocated
----------------------

----------------------
TP95 not allocated
----------------------

----------------------
TP96 not allocated
----------------------

----------------------
TP97 not allocated
----------------------

----------------------
TP98 allocated to 24
----------------------

----------------------
TP99 not allocated
----------------------

----------------------
TP100 not allocated
----------------------

----------------------
TP101 allocated to 2
----------------------

----------------------
TP102 not allocated
----------------------

----------------------
TP103 allocated to 19
----------------------

----------------------
TP104 allocated to 3
----------------------

----------------------
TP105 allocated to 20
----------------------

----------------------
TP106 allocated to 26
----------------------

----------------------
TP107 not allocated
----------------------

----------------------
TP108 allocated to 3
----------------------

----------------------
TP109 not allocated
----------------------

----------------------
TP110 allocated to 18
----------------------

----------------------
TP111 allocated to 4
----------------------

----------------------
TP112 allocated to 11
----------------------

----------------------
TP113 not allocated
----------------------

----------------------
TP114 not allocated
----------------------

----------------------
TP115 allocated to 17
----------------------

----------------------
TP116 allocated to 10
----------------------

----------------------
TP117 not allocated
----------------------

----------------------
TP118 allocated to 4
----------------------

----------------------
TP119 not allocated
----------------------

----------------------
TP120 not allocated
----------------------

----------------------
TP121 not allocated
----------------------

----------------------
TP122 allocated to 19
----------------------

----------------------
TP123 not allocated
----------------------

----------------------
TP124 allocated to 12
----------------------

----------------------
TP125 allocated to 5
----------------------

----------------------
TP126 not allocated
----------------------

----------------------
TP127 allocated to 16
----------------------

----------------------
TP128 allocated to 20
----------------------

----------------------
TP129 not allocated
----------------------

----------------------
TP130 allocated to 21
----------------------

----------------------
TP131 allocated to 20
----------------------

----------------------
TP132 not allocated
----------------------

----------------------
TP133 not allocated
----------------------

----------------------
TP134 allocated to 5
----------------------

----------------------
TP135 not allocated
----------------------

----------------------
TP136 not allocated
----------------------

----------------------
TP137 not allocated
----------------------

----------------------
TP138 allocated to 21
----------------------

----------------------
TP139 not allocated
----------------------

----------------------
TP140 not allocated
----------------------

----------------------
TP141 not allocated
----------------------

----------------------
TP142 not allocated
----------------------

----------------------
TP143 allocated to 5
----------------------

----------------------
TP144 not allocated
----------------------

----------------------
TP145 not allocated
----------------------

----------------------
TP146 not allocated
----------------------

----------------------
TP147 not allocated
----------------------

----------------------
TP148 not allocated
----------------------

----------------------
TP149 not allocated
----------------------

----------------------
TP150 allocated to 27
----------------------

----------------------
TP151 allocated to 18
----------------------

----------------------
TP152 not allocated
----------------------

----------------------
TP153 not allocated
----------------------

----------------------
TP154 not allocated
----------------------

----------------------
TP155 not allocated
----------------------

----------------------
TP156 allocated to 28
----------------------

----------------------
TP157 allocated to 4
----------------------

----------------------
TP158 allocated to 27
----------------------

----------------------
TP159 not allocated
----------------------

----------------------
TP160 allocated to 20
----------------------

----------------------
TP161 allocated to 13
----------------------

----------------------
TP162 allocated to 21
----------------------

----------------------
TP163 allocated to 6
----------------------

----------------------
TP164 not allocated
----------------------

----------------------
TP165 not allocated
----------------------

----------------------
TP166 allocated to 21
----------------------

----------------------
TP167 allocated to 19
----------------------

----------------------
TP168 allocated to 22
----------------------

----------------------
TP169 allocated to 25
----------------------

----------------------
TP170 allocated to 12
----------------------

----------------------
TP171 not allocated
----------------------

----------------------
TP172 allocated to 6
----------------------

----------------------
TP173 allocated to 22
----------------------

----------------------
TP174 allocated to 29
----------------------

----------------------
TP175 allocated to 4
----------------------

----------------------
TP176 not allocated
----------------------

----------------------
TP177 allocated to 26
----------------------

----------------------
TP178 not allocated
----------------------

----------------------
TP179 allocated to 6
----------------------

----------------------
TP180 not allocated
----------------------

----------------------
TP181 not allocated
----------------------

----------------------
TP182 not allocated
----------------------

----------------------
TP183 not allocated
----------------------

----------------------
TP184 allocated to 4
----------------------

----------------------
TP185 not allocated
----------------------

----------------------
TP186 allocated to 5
----------------------

----------------------
TP187 not allocated
----------------------

----------------------
TP188 allocated to 30
----------------------

----------------------
TP189 allocated to 3
----------------------

----------------------
TP190 allocated to 14
----------------------

----------------------
TP191 not allocated
----------------------

----------------------
TP192 not allocated
----------------------

----------------------
TP193 not allocated
----------------------

----------------------
TP194 allocated to 4
----------------------

----------------------
TP195 allocated to 7
----------------------

----------------------
TP196 allocated to 23
----------------------

----------------------
TP197 not allocated
----------------------

----------------------
TP198 not allocated
----------------------

----------------------
TP199 allocated to 21
----------------------

----------------------
TP200 not allocated
----------------------

----------------------
TP201 allocated to 14
----------------------

----------------------
TP202 allocated to 15
----------------------

----------------------
TP203 not allocated
----------------------

----------------------
TP204 not allocated
----------------------

----------------------
TP205 not allocated
----------------------

----------------------
TP206 allocated to 31
----------------------

----------------------
TP207 allocated to 15
----------------------

----------------------
TP208 not allocated
----------------------

----------------------
TP209 allocated to 31
----------------------

----------------------
TP210 allocated to 23
----------------------

----------------------
TP211 allocated to 27
----------------------

----------------------
TP212 allocated to 13
----------------------

----------------------
TP213 allocated to 23
----------------------

----------------------
TP214 not allocated
----------------------

----------------------
TP215 allocated to 28
----------------------

----------------------
TP216 allocated to 1
----------------------

----------------------
TP217 not allocated
----------------------

----------------------
TP218 not allocated
----------------------

----------------------
TP219 not allocated
----------------------

----------------------
TP220 allocated to 22
----------------------

----------------------
TP221 not allocated
----------------------

----------------------
TP222 allocated to 18
----------------------

----------------------
TP223 allocated to 31
----------------------

----------------------
TP224 not allocated
----------------------

----------------------
TP225 allocated to 15
----------------------

----------------------
TP226 not allocated
----------------------

----------------------
TP227 not allocated
----------------------

----------------------
TP228 allocated to 8
----------------------

----------------------
TP229 not allocated
----------------------

----------------------
TP230 allocated to 24
----------------------

----------------------
TP231 not allocated
----------------------

----------------------
TP232 allocated to 15
----------------------

----------------------
TP233 not allocated
----------------------

----------------------
TP234 not allocated
----------------------

----------------------
TP235 not allocated
----------------------

----------------------
TP236 allocated to 5
----------------------

----------------------
TP237 not allocated
----------------------

----------------------
TP238 allocated to 29
----------------------

----------------------
TP239 allocated to 12
----------------------

----------------------
TP240 allocated to 7
----------------------

----------------------
TP241 not allocated
----------------------

----------------------
TP242 not allocated
----------------------

----------------------
TP243 allocated to 20
----------------------

----------------------
TP244 not allocated
----------------------

----------------------
TP245 not allocated
----------------------

----------------------
TP246 not allocated
----------------------

----------------------
TP247 allocated to 22
----------------------

----------------------
TP248 not allocated
----------------------

----------------------
TP249 not allocated
----------------------

----------------------
TP250 allocated to 30
----------------------

----------------------
TP251 not allocated
----------------------

----------------------
TP252 not allocated
----------------------

----------------------
TP253 not allocated
----------------------

----------------------
TP254 not allocated
----------------------

----------------------
TP255 not allocated
----------------------

----------------------
TP256 allocated to 28
----------------------

----------------------
TP257 not allocated
----------------------

----------------------
TP258 not allocated
----------------------

----------------------
TP259 not allocated
----------------------

----------------------
TP260 not allocated
----------------------

----------------------
TP261 not allocated
----------------------

----------------------
TP262 not allocated
----------------------

----------------------
TP263 not allocated
----------------------

----------------------
TP264 not allocated
----------------------

----------------------
TP265 not allocated
----------------------

----------------------
TP266 not allocated
----------------------

----------------------
TP267 not allocated
----------------------

----------------------
TP268 not allocated
----------------------

----------------------
TP269 not allocated
----------------------

----------------------
TP270 not allocated
----------------------

----------------------
TP271 allocated to 14
----------------------

----------------------
TP272 not allocated
----------------------

----------------------
TP273 not allocated
----------------------

----------------------
TP274 not allocated
----------------------

----------------------
TP275 not allocated
----------------------

----------------------
TP276 not allocated
----------------------

----------------------
TP277 not allocated
----------------------

----------------------
TP278 not allocated
----------------------

----------------------
TP279 not allocated
----------------------

----------------------
TP280 not allocated
----------------------

----------------------
TP281 not allocated
----------------------

----------------------
TP282 not allocated
----------------------

----------------------
TP283 allocated to 20
----------------------

----------------------
TP284 not allocated
----------------------

----------------------
TP285 not allocated
----------------------

----------------------
TP286 not allocated
----------------------

----------------------
TP287 not allocated
----------------------

----------------------
TP288 allocated to 23
----------------------

----------------------
TP289 not allocated
----------------------

----------------------
TP290 not allocated
----------------------

----------------------
TP291 allocated to 8
----------------------

----------------------
TP292 not allocated
----------------------

----------------------
TP293 not allocated
----------------------

----------------------
TP294 allocated to 30
----------------------

----------------------
TP295 not allocated
----------------------

----------------------
TP296 not allocated
----------------------

----------------------
TP297 not allocated
----------------------

----------------------
TP298 not allocated
----------------------

----------------------
TP299 not allocated
----------------------

----------------------
TP300 not allocated
----------------------

----------------------
TP301 allocated to 29
----------------------

----------------------
TP302 not allocated
----------------------

----------------------
TP303 not allocated
----------------------

----------------------
TP304 not allocated
----------------------

----------------------
TP305 not allocated
----------------------

----------------------
TP306 not allocated
----------------------

----------------------
TP307 not allocated
----------------------

----------------------
TP308 not allocated
----------------------

----------------------
TP309 not allocated
----------------------

----------------------
TP310 not allocated
----------------------

----------------------
TP311 not allocated
----------------------

----------------------
TP312 not allocated
----------------------

----------------------
TP313 not allocated
----------------------

----------------------
TP314 not allocated
----------------------

----------------------
TP315 not allocated
----------------------

----------------------
TP316 allocated to 31
----------------------

----------------------
TP317 not allocated
----------------------

----------------------
TP318 not allocated
----------------------

----------------------
TP319 allocated to 15
----------------------

----------------------
TP320 not allocated
----------------------

----------------------
TP321 not allocated
----------------------

----------------------
TP322 not allocated
----------------------

----------------------
TP323 not allocated
----------------------

----------------------
TP324 not allocated
----------------------

----------------------
TP325 not allocated
----------------------

----------------------
TP326 not allocated
----------------------

----------------------
TP327 not allocated
----------------------

----------------------
TP328 not allocated
----------------------

----------------------
TP329 not allocated
----------------------

----------------------
TP330 not allocated
----------------------

----------------------
TP331 not allocated
----------------------

----------------------
TP332 not allocated
----------------------

----------------------
TP333 not allocated
----------------------

----------------------
TP334 not allocated
----------------------

----------------------
TP335 not allocated
----------------------

----------------------
TP336 not allocated
----------------------

----------------------
TP337 not allocated
----------------------

----------------------
TP338 not allocated
----------------------

----------------------
TP339 allocated to 21
----------------------

----------------------
TP340 allocated to 26
----------------------

----------------------
TP341 not allocated
----------------------

----------------------
TP342 not allocated
----------------------

----------------------
TP343 not allocated
----------------------

----------------------
TP344 not allocated
----------------------

----------------------
TP345 not allocated
----------------------

----------------------
TP346 not allocated
----------------------

----------------------
TP347 not allocated
----------------------

----------------------
TP348 not allocated
----------------------

----------------------
TP349 not allocated
----------------------

----------------------
TP350 not allocated
----------------------

----------------------
TP351 allocated to 11
----------------------

----------------------
TP352 not allocated
----------------------

----------------------
TP353 allocated to 25
----------------------

----------------------
TP354 not allocated
----------------------

----------------------
TP355 not allocated
----------------------

----------------------
TP356 not allocated
----------------------

----------------------
TP357 not allocated
----------------------

----------------------
TP358 not allocated
----------------------

----------------------
TP359 not allocated
----------------------

----------------------
TP360 not allocated
----------------------

----------------------
TP361 not allocated
----------------------

----------------------
TP362 not allocated
----------------------

----------------------
TP363 not allocated
----------------------

----------------------
TP364 not allocated
----------------------

----------------------
TP365 not allocated
----------------------

----------------------
TP366 not allocated
----------------------

----------------------
TP367 not allocated
----------------------

----------------------
TP368 not allocated
----------------------

----------------------
TP369 not allocated
----------------------

----------------------
TP370 not allocated
----------------------

----------------------
TP371 not allocated
----------------------

----------------------
TP372 not allocated
----------------------

----------------------
TP373 not allocated
----------------------

----------------------
TP374 not allocated
----------------------

----------------------
TP375 not allocated
----------------------

----------------------
TP376 not allocated
----------------------

----------------------
TP377 not allocated
----------------------

----------------------
TP378 not allocated
----------------------

----------------------
TP379 not allocated
----------------------

----------------------
TP380 not allocated
----------------------

----------------------
TP381 not allocated
----------------------

----------------------
TP382 not allocated
----------------------

----------------------
TP383 not allocated
----------------------

----------------------
TP384 not allocated
----------------------

----------------------
TP385 not allocated
----------------------

----------------------
TP386 not allocated
----------------------

----------------------
TP387 allocated to 9
----------------------

----------------------
TP388 not allocated
----------------------

----------------------
TP389 not allocated
----------------------

----------------------
TP390 not allocated
----------------------

----------------------
TP391 allocated to 15
----------------------

----------------------
TP392 not allocated
----------------------

----------------------
TP393 allocated to 24
----------------------

----------------------
TP394 not allocated
----------------------

----------------------
TP395 not allocated
----------------------

----------------------
TP396 not allocated
----------------------

----------------------
TP397 not allocated
----------------------

----------------------
TP398 not allocated
----------------------

----------------------
TP399 not allocated
----------------------

----------------------
TP400 not allocated
----------------------

----------------------
TP401 not allocated
----------------------

----------------------
TP402 not allocated
----------------------

----------------------
TP403 not allocated
----------------------

----------------------
TP404 not allocated
----------------------

----------------------
TP405 not allocated
----------------------

----------------------
TP406 not allocated
----------------------

----------------------
TP407 not allocated
----------------------

----------------------
TP408 not allocated
----------------------

----------------------
TP409 not allocated
----------------------

----------------------
TP410 not allocated
----------------------

----------------------
TP411 not allocated
----------------------

----------------------
TP412 not allocated
----------------------

----------------------
TP413 not allocated
----------------------

----------------------
TP414 not allocated
----------------------

----------------------
TP415 not allocated
----------------------

----------------------
TP416 not allocated
----------------------

----------------------
TP417 not allocated
----------------------

----------------------
TP418 not allocated
----------------------

----------------------
TP419 not allocated
----------------------

----------------------
TP420 not allocated
----------------------

----------------------
TP421 not allocated
----------------------

----------------------
TP422 not allocated
----------------------

----------------------
TP423 not allocated
----------------------

----------------------
TP424 not allocated
----------------------

----------------------
TP425 not allocated
----------------------

----------------------
TP426 not allocated
----------------------

----------------------
TP427 allocated to 13
----------------------

----------------------
TP428 not allocated
----------------------

----------------------
TP429 not allocated
----------------------

----------------------
TP430 not allocated
----------------------

----------------------
TP431 not allocated
----------------------

----------------------
TP432 not allocated
----------------------

----------------------
TP433 not allocated
----------------------

----------------------
TP434 not allocated
----------------------

----------------------
TP435 not allocated
----------------------

----------------------
TP436 not allocated
----------------------

----------------------
TP437 not allocated
----------------------

----------------------
TP438 not allocated
----------------------

----------------------
TP439 not allocated
----------------------

----------------------
TP440 not allocated
----------------------

----------------------
TP441 not allocated
----------------------

----------------------
TP442 not allocated
----------------------

----------------------
TP443 not allocated
----------------------

----------------------
TP444 not allocated
----------------------

----------------------
TP445 not allocated
----------------------

----------------------
TP446 not allocated
----------------------

----------------------
TP447 not allocated
----------------------

----------------------
TP448 not allocated
----------------------

----------------------
TP449 not allocated
----------------------

----------------------
TP450 not allocated
----------------------

----------------------
TP451 not allocated
----------------------

----------------------
TP452 not allocated
----------------------

----------------------
TP453 not allocated
----------------------

----------------------
TP454 not allocated
----------------------

----------------------
TP455 not allocated
----------------------

----------------------
TP456 not allocated
----------------------

----------------------
TP457 not allocated
----------------------

----------------------
TP458 not allocated
----------------------

----------------------
TP459 not allocated
----------------------

----------------------
TP460 not allocated
----------------------

----------------------
TP461 not allocated
----------------------

----------------------
TP462 not allocated
----------------------

----------------------
TP463 not allocated
----------------------

----------------------
TP464 not allocated
----------------------

----------------------
TP465 not allocated
----------------------

----------------------
TP466 not allocated
----------------------

----------------------
TP467 not allocated
----------------------

----------------------
TP468 allocated to 29
----------------------

----------------------
TP469 not allocated
----------------------

----------------------
TP470 not allocated
----------------------

----------------------
TP471 allocated to 6
----------------------

----------------------
TP472 not allocated
----------------------

----------------------
TP473 not allocated
----------------------

----------------------
TP474 not allocated
----------------------

----------------------
TP475 not allocated
----------------------

----------------------
TP476 not allocated
----------------------

----------------------
TP477 not allocated
----------------------

----------------------
TP478 not allocated
----------------------

----------------------
TP479 not allocated
----------------------

----------------------
TP480 not allocated
----------------------

----------------------
TP481 not allocated
----------------------

----------------------
TP482 not allocated
----------------------

----------------------
TP483 not allocated
----------------------

----------------------
TP484 not allocated
----------------------

----------------------
TP485 not allocated
----------------------

----------------------
TP486 not allocated
----------------------

----------------------
TP487 not allocated
----------------------

----------------------
TP488 not allocated
----------------------

----------------------
TP489 not allocated
----------------------

----------------------
TP490 not allocated
----------------------

----------------------
TP491 not allocated
----------------------

----------------------
TP492 not allocated
----------------------

----------------------
TP493 not allocated
----------------------

----------------------
TP494 not allocated
----------------------

----------------------
TP495 not allocated
----------------------

----------------------
TP496 not allocated
----------------------

----------------------
TP497 not allocated
----------------------

----------------------
TP498 not allocated
----------------------

----------------------
TP499 not allocated
----------------------

----------------------
TP500 not allocated
----------------------

----------------------
TP501 not allocated
----------------------

----------------------
TP502 not allocated
----------------------

----------------------
TP503 not allocated
----------------------

----------------------
TP504 not allocated
----------------------

----------------------
TP505 not allocated
----------------------

----------------------
TP506 not allocated
----------------------

----------------------
TP507 not allocated
----------------------

----------------------
TP508 not allocated
----------------------

----------------------
TP509 not allocated
----------------------

----------------------
TP510 not allocated
----------------------

----------------------
TP511 not allocated
----------------------

----------------------
TP512 allocated to 1
----------------------

----------------------
TP513 not allocated
----------------------

----------------------
TP514 not allocated
----------------------

----------------------
TP515 not allocated
----------------------

----------------------
TP516 not allocated
----------------------

----------------------
TP517 not allocated
----------------------

----------------------
TP518 not allocated
----------------------

----------------------
TP519 allocated to 7
----------------------

----------------------
TP520 allocated to 25
----------------------

----------------------
TP521 not allocated
----------------------

----------------------
TP522 not allocated
----------------------

----------------------
TP523 not allocated
----------------------

----------------------
TP524 not allocated
----------------------

----------------------
TP525 not allocated
----------------------

----------------------
TP526 not allocated
----------------------

----------------------
TP527 not allocated
----------------------

----------------------
TP528 not allocated
----------------------

----------------------
TP529 not allocated
----------------------

----------------------
TP530 not allocated
----------------------

----------------------
TP531 not allocated
----------------------

----------------------
TP532 allocated to 29
----------------------

----------------------
TP533 not allocated
----------------------

----------------------
TP534 not allocated
----------------------

----------------------
TP535 not allocated
----------------------

----------------------
TP536 not allocated
----------------------

----------------------
TP537 not allocated
----------------------

----------------------
TP538 not allocated
----------------------

----------------------
TP539 not allocated
----------------------

----------------------
TP540 allocated to 31
----------------------

----------------------
TP541 not allocated
----------------------

----------------------
TP542 allocated to 4
----------------------

----------------------
TP543 not allocated
----------------------

----------------------
TP544 not allocated
----------------------

----------------------
TP545 not allocated
----------------------

----------------------
TP546 not allocated
----------------------

----------------------
TP547 not allocated
----------------------

----------------------
TP548 not allocated
----------------------

----------------------
TP549 not allocated
----------------------

----------------------
TP550 not allocated
----------------------

----------------------
TP551 not allocated
----------------------

----------------------
TP552 not allocated
----------------------

----------------------
TP553 not allocated
----------------------

----------------------
TP554 not allocated
----------------------

----------------------
TP555 not allocated
----------------------

----------------------
TP556 not allocated
----------------------

----------------------
TP557 allocated to 12
----------------------

----------------------
TP558 not allocated
----------------------

----------------------
TP559 not allocated
----------------------

----------------------
TP560 not allocated
----------------------

----------------------
TP561 not allocated
----------------------

----------------------
TP562 not allocated
----------------------

----------------------
TP563 not allocated
----------------------

----------------------
TP564 not allocated
----------------------

----------------------
TP565 not allocated
----------------------

----------------------
TP566 not allocated
----------------------

----------------------
TP567 not allocated
----------------------

----------------------
TP568 not allocated
----------------------

----------------------
TP569 not allocated
----------------------

----------------------
TP570 not allocated
----------------------

----------------------
TP571 not allocated
----------------------

----------------------
TP572 not allocated
----------------------

----------------------
TP573 not allocated
----------------------

----------------------
TP574 not allocated
----------------------

----------------------
TP575 not allocated
----------------------

----------------------
TP576 not allocated
----------------------

----------------------
TP577 not allocated
----------------------

----------------------
TP578 not allocated
----------------------

----------------------
TP579 not allocated
----------------------

----------------------
TP580 not allocated
----------------------

----------------------
TP581 not allocated
----------------------

----------------------
TP582 not allocated
----------------------

----------------------
TP583 not allocated
----------------------

----------------------
TP584 not allocated
----------------------

----------------------
TP585 not allocated
----------------------

----------------------
TP586 not allocated
----------------------

----------------------
TP587 not allocated
----------------------

----------------------
TP588 not allocated
----------------------

----------------------
TP589 not allocated
----------------------

----------------------
TP590 allocated to 6
----------------------

----------------------
TP591 not allocated
----------------------

----------------------
TP592 not allocated
----------------------

----------------------
TP593 not allocated
----------------------

----------------------
TP594 not allocated
----------------------

----------------------
TP595 not allocated
----------------------

----------------------
TP596 not allocated
----------------------

----------------------
TP597 not allocated
----------------------

----------------------
TP598 not allocated
----------------------

----------------------
TP599 not allocated
----------------------

----------------------
TP600 not allocated
----------------------

----------------------
TP601 not allocated
----------------------

----------------------
TP602 not allocated
----------------------

----------------------
TP603 not allocated
----------------------

----------------------
TP604 not allocated
----------------------

----------------------
TP605 not allocated
----------------------

----------------------
TP606 not allocated
----------------------

----------------------
TP607 not allocated
----------------------

----------------------
TP608 not allocated
----------------------

----------------------
TP609 not allocated
----------------------

----------------------
TP610 not allocated
----------------------

----------------------
TP611 not allocated
----------------------

----------------------
TP612 not allocated
----------------------

----------------------
TP613 not allocated
----------------------

----------------------
TP614 not allocated
----------------------

----------------------
TP615 not allocated
----------------------

----------------------
TP616 not allocated
----------------------

----------------------
TP617 not allocated
----------------------

----------------------
TP618 not allocated
----------------------

----------------------
TP619 not allocated
----------------------

----------------------
TP620 not allocated
----------------------

----------------------
TP621 not allocated
----------------------

----------------------
TP622 not allocated
----------------------

----------------------
TP623 not allocated
----------------------

----------------------
TP624 not allocated
----------------------

----------------------
TP625 not allocated
----------------------

----------------------
TP626 not allocated
----------------------

----------------------
TP627 not allocated
----------------------

----------------------
TP628 not allocated
----------------------

----------------------
TP629 not allocated
----------------------

----------------------
TP630 not allocated
----------------------

----------------------
TP631 allocated to 20
----------------------

----------------------
TP632 not allocated
----------------------

----------------------
TP633 not allocated
----------------------

----------------------
TP634 not allocated
----------------------

----------------------
TP635 not allocated
----------------------

----------------------
TP636 not allocated
----------------------

----------------------
TP637 allocated to 12
----------------------

----------------------
TP638 not allocated
----------------------

----------------------
TP639 not allocated
----------------------

----------------------
TP640 not allocated
----------------------

----------------------
TP641 not allocated
----------------------

----------------------
TP642 not allocated
----------------------

----------------------
TP643 not allocated
----------------------

----------------------
TP644 not allocated
----------------------

----------------------
TP645 not allocated
----------------------

----------------------
TP646 not allocated
----------------------

----------------------
TP647 not allocated
----------------------

----------------------
TP648 not allocated
----------------------

----------------------
TP649 not allocated
----------------------

----------------------
TP650 not allocated
----------------------

----------------------
TP651 not allocated
----------------------

----------------------
TP652 not allocated
----------------------

----------------------
TP653 not allocated
----------------------

----------------------
TP654 not allocated
----------------------

----------------------
TP655 not allocated
----------------------

----------------------
TP656 not allocated
----------------------

----------------------
TP657 not allocated
----------------------

----------------------
TP658 not allocated
----------------------

----------------------
TP659 not allocated
----------------------

----------------------
TP660 not allocated
----------------------

----------------------
TP661 not allocated
----------------------

----------------------
TP662 not allocated
----------------------

----------------------
TP663 not allocated
----------------------

----------------------
TP664 not allocated
----------------------

----------------------
TP665 not allocated
----------------------

----------------------
TP666 not allocated
----------------------

----------------------
TP667 not allocated
----------------------

----------------------
TP668 not allocated
----------------------

----------------------
TP669 not allocated
----------------------

----------------------
TP670 not allocated
----------------------

----------------------
TP671 not allocated
----------------------

----------------------
TP672 not allocated
----------------------

----------------------
TP673 allocated to 23
----------------------

----------------------
TP674 not allocated
----------------------

----------------------
TP675 not allocated
----------------------

----------------------
TP676 not allocated
----------------------

----------------------
TP677 not allocated
----------------------

----------------------
TP678 not allocated
----------------------

----------------------
TP679 not allocated
----------------------

----------------------
TP680 not allocated
----------------------

----------------------
TP681 allocated to 15
----------------------

----------------------
TP682 not allocated
----------------------

----------------------
TP683 not allocated
----------------------

----------------------
TP684 not allocated
----------------------

----------------------
TP685 not allocated
----------------------

----------------------
TP686 not allocated
----------------------

----------------------
TP687 not allocated
----------------------

----------------------
TP688 not allocated
----------------------

----------------------
TP689 not allocated
----------------------

----------------------
TP690 not allocated
----------------------

----------------------
TP691 not allocated
----------------------

----------------------
TP692 not allocated
----------------------

----------------------
TP693 not allocated
----------------------

----------------------
TP694 not allocated
----------------------

----------------------
TP695 not allocated
----------------------

----------------------
TP696 not allocated
----------------------

----------------------
TP697 not allocated
----------------------

----------------------
TP698 not allocated
----------------------

----------------------
TP699 not allocated
----------------------

----------------------
TP700 not allocated
----------------------

----------------------
TP701 not allocated
----------------------

----------------------
TP702 not allocated
----------------------

----------------------
TP703 not allocated
----------------------

----------------------
TP704 not allocated
----------------------

----------------------
TP705 not allocated
----------------------

----------------------
TP706 not allocated
----------------------

----------------------
TP707 not allocated
----------------------

----------------------
TP708 not allocated
----------------------

----------------------
TP709 not allocated
----------------------

----------------------
TP710 not allocated
----------------------

----------------------
TP711 not allocated
----------------------

----------------------
TP712 not allocated
----------------------

----------------------
TP713 not allocated
----------------------

----------------------
TP714 not allocated
----------------------

----------------------
TP715 not allocated
----------------------

----------------------
TP716 not allocated
----------------------

----------------------
TP717 not allocated
----------------------

----------------------
TP718 not allocated
----------------------

----------------------
TP719 not allocated
----------------------

----------------------
TP720 not allocated
----------------------

----------------------
TP721 not allocated
----------------------

----------------------
TP722 not allocated
----------------------

----------------------
TP723 not allocated
----------------------

----------------------
TP724 not allocated
----------------------

----------------------
TP725 not allocated
----------------------

----------------------
TP726 not allocated
----------------------

----------------------
TP727 not allocated
----------------------

----------------------
TP728 not allocated
----------------------

----------------------
TP729 not allocated
----------------------

----------------------
TP730 not allocated
----------------------

----------------------
TP731 not allocated
----------------------

----------------------
TP732 not allocated
----------------------

----------------------
TP733 not allocated
----------------------

----------------------
TP734 not allocated
----------------------

----------------------
TP735 not allocated
----------------------

----------------------
TP736 not allocated
----------------------

----------------------
TP737 not allocated
----------------------

----------------------
TP738 not allocated
----------------------

----------------------
TP739 not allocated
----------------------

----------------------
TP740 not allocated
----------------------

----------------------
TP741 not allocated
----------------------

----------------------
TP742 not allocated
----------------------

----------------------
TP743 not allocated
----------------------

----------------------
TP744 not allocated
----------------------

----------------------
TP745 not allocated
----------------------

----------------------
TP746 not allocated
----------------------

----------------------
TP747 not allocated
----------------------

----------------------
TP748 not allocated
----------------------

----------------------
TP749 not allocated
----------------------

----------------------
TP750 not allocated
----------------------

----------------------
TP751 not allocated
----------------------

----------------------
TP752 not allocated
----------------------

----------------------
TP753 not allocated
----------------------

----------------------
TP754 not allocated
----------------------

----------------------
TP755 not allocated
----------------------

----------------------
TP756 not allocated
----------------------

----------------------
TP757 not allocated
----------------------

----------------------
TP758 not allocated
----------------------

----------------------
TP759 not allocated
----------------------

----------------------
TP760 not allocated
----------------------

----------------------
TP761 not allocated
----------------------

----------------------
TP762 allocated to 8
----------------------

----------------------
TP763 not allocated
----------------------

----------------------
TP764 not allocated
----------------------

----------------------
TP765 not allocated
----------------------

----------------------
TP766 not allocated
----------------------

----------------------
TP767 not allocated
----------------------

----------------------
TP768 not allocated
----------------------

----------------------
TP769 allocated to 22
----------------------

----------------------
TP770 not allocated
----------------------

----------------------
TP771 not allocated
----------------------

----------------------
TP772 not allocated
----------------------

----------------------
TP773 not allocated
----------------------

----------------------
TP774 not allocated
----------------------

----------------------
TP775 not allocated
----------------------

----------------------
TP776 not allocated
----------------------

----------------------
TP777 allocated to 18
----------------------

----------------------
TP778 not allocated
----------------------

----------------------
TP779 not allocated
----------------------

----------------------
TP780 not allocated
----------------------

----------------------
TP781 not allocated
----------------------

----------------------
TP782 not allocated
----------------------

----------------------
TP783 not allocated
----------------------

----------------------
TP784 not allocated
----------------------

----------------------
TP785 not allocated
----------------------

----------------------
TP786 not allocated
----------------------

----------------------
TP787 not allocated
----------------------

----------------------
TP788 not allocated
----------------------

----------------------
TP789 not allocated
----------------------

----------------------
TP790 not allocated
----------------------

----------------------
TP791 not allocated
----------------------

----------------------
TP792 not allocated
----------------------

----------------------
TP793 not allocated
----------------------

----------------------
TP794 not allocated
----------------------

----------------------
TP795 not allocated
----------------------

----------------------
TP796 not allocated
----------------------

----------------------
TP797 not allocated
----------------------

----------------------
TP798 not allocated
----------------------

----------------------
TP799 not allocated
----------------------

----------------------
TP800 allocated to 26
----------------------

----------------------
TP801 not allocated
----------------------

----------------------
TP802 not allocated
----------------------

----------------------
TP803 not allocated
----------------------

----------------------
TP804 not allocated
----------------------

----------------------
TP805 not allocated
----------------------

----------------------
TP806 not allocated
----------------------

----------------------
TP807 not allocated
----------------------

----------------------
TP808 not allocated
----------------------

----------------------
TP809 not allocated
----------------------

----------------------
TP810 not allocated
----------------------

----------------------
TP811 not allocated
----------------------

----------------------
TP812 not allocated
----------------------

----------------------
TP813 not allocated
----------------------

----------------------
TP814 not allocated
----------------------

----------------------
TP815 not allocated
----------------------

----------------------
TP816 not allocated
----------------------

----------------------
TP817 not allocated
----------------------

----------------------
TP818 not allocated
----------------------

----------------------
TP819 not allocated
----------------------

----------------------
TP820 not allocated
----------------------

----------------------
TP821 not allocated
----------------------

----------------------
TP822 not allocated
----------------------

----------------------
TP823 not allocated
----------------------

----------------------
TP824 not allocated
----------------------

----------------------
TP825 not allocated
----------------------

----------------------
TP826 not allocated
----------------------

----------------------
TP827 not allocated
----------------------

----------------------
TP828 not allocated
----------------------

----------------------
TP829 not allocated
----------------------

----------------------
TP830 not allocated
----------------------

----------------------
TP831 not allocated
----------------------

----------------------
TP832 not allocated
----------------------

----------------------
TP833 not allocated
----------------------

----------------------
TP834 not allocated
----------------------

----------------------
TP835 not allocated
----------------------

----------------------
TP836 not allocated
----------------------

----------------------
TP837 not allocated
----------------------

----------------------
TP838 not allocated
----------------------

----------------------
TP839 not allocated
----------------------

----------------------
TP840 not allocated
----------------------

----------------------
TP841 not allocated
----------------------

----------------------
TP842 not allocated
----------------------

----------------------
TP843 not allocated
----------------------

----------------------
TP844 not allocated
----------------------

----------------------
TP845 not allocated
----------------------

----------------------
TP846 not allocated
----------------------

----------------------
TP847 not allocated
----------------------

----------------------
TP848 not allocated
----------------------

----------------------
TP849 not allocated
----------------------

----------------------
TP850 not allocated
----------------------

----------------------
TP851 not allocated
----------------------

----------------------
TP852 not allocated
----------------------

----------------------
TP853 not allocated
----------------------

----------------------
TP854 not allocated
----------------------

----------------------
TP855 not allocated
----------------------

----------------------
TP856 not allocated
----------------------

----------------------
TP857 not allocated
----------------------

----------------------
TP858 not allocated
----------------------

----------------------
TP859 not allocated
----------------------

----------------------
TP860 not allocated
----------------------

----------------------
TP861 not allocated
----------------------

----------------------
TP862 not allocated
----------------------

----------------------
TP863 not allocated
----------------------

----------------------
TP864 not allocated
----------------------

----------------------
TP865 not allocated
----------------------

----------------------
TP866 not allocated
----------------------

----------------------
TP867 not allocated
----------------------

----------------------
TP868 not allocated
----------------------

----------------------
TP869 not allocated
----------------------

----------------------
TP870 not allocated
----------------------

----------------------
TP871 not allocated
----------------------

----------------------
TP872 not allocated
----------------------

----------------------
TP873 not allocated
----------------------

----------------------
TP874 not allocated
----------------------

----------------------
TP875 not allocated
----------------------

----------------------
TP876 not allocated
----------------------

----------------------
TP877 not allocated
----------------------

----------------------
TP878 not allocated
----------------------

----------------------
TP879 not allocated
----------------------

----------------------
TP880 not allocated
----------------------

----------------------
TP881 not allocated
----------------------

----------------------
TP882 not allocated
----------------------

----------------------
TP883 not allocated
----------------------

----------------------
TP884 not allocated
----------------------

----------------------
TP885 not allocated
----------------------

----------------------
TP886 not allocated
----------------------

----------------------
TP887 not allocated
----------------------

----------------------
TP888 not allocated
----------------------

----------------------
TP889 not allocated
----------------------

----------------------
TP890 allocated to 16
----------------------

----------------------
TP891 not allocated
----------------------

----------------------
TP892 not allocated
----------------------

----------------------
TP893 not allocated
----------------------

----------------------
TP894 not allocated
----------------------

----------------------
TP895 not allocated
----------------------

----------------------
TP896 not allocated
----------------------

----------------------
TP897 not allocated
----------------------

----------------------
TP898 not allocated
----------------------

----------------------
TP899 not allocated
----------------------

----------------------
TP900 not allocated
----------------------

----------------------
TP901 not allocated
----------------------

----------------------
TP902 not allocated
----------------------

----------------------
TP903 not allocated
----------------------

----------------------
TP904 not allocated
----------------------

----------------------
TP905 not allocated
----------------------

----------------------
TP906 not allocated
----------------------

----------------------
TP907 not allocated
----------------------

----------------------
TP908 not allocated
----------------------

----------------------
TP909 not allocated
----------------------

----------------------
TP910 not allocated
----------------------

----------------------
TP911 not allocated
----------------------

----------------------
TP912 not allocated
----------------------

----------------------
TP913 not allocated
----------------------

----------------------
TP914 not allocated
----------------------

----------------------
TP915 not allocated
----------------------

----------------------
TP916 not allocated
----------------------

----------------------
TP917 not allocated
----------------------

----------------------
TP918 not allocated
----------------------

----------------------
TP919 not allocated
----------------------

----------------------
TP920 not allocated
----------------------

----------------------
TP921 not allocated
----------------------

----------------------
TP922 not allocated
----------------------

----------------------
TP923 not allocated
----------------------

----------------------
TP924 not allocated
----------------------

----------------------
TP925 not allocated
----------------------

----------------------
TP926 not allocated
----------------------

----------------------
TP927 not allocated
----------------------

----------------------
TP928 not allocated
----------------------

----------------------
TP929 not allocated
----------------------

----------------------
TP930 not allocated
----------------------

----------------------
TP931 not allocated
----------------------

----------------------
TP932 not allocated
----------------------

----------------------
TP933 not allocated
----------------------

----------------------
TP934 not allocated
----------------------

----------------------
TP935 not allocated
----------------------

----------------------
TP936 not allocated
----------------------

----------------------
TP937 not allocated
----------------------

----------------------
TP938 not allocated
----------------------

----------------------
TP939 not allocated
----------------------

----------------------
TP940 not allocated
----------------------

----------------------
TP941 not allocated
----------------------

----------------------
TP942 not allocated
----------------------

----------------------
TP943 not allocated
----------------------

----------------------
TP944 not allocated
----------------------

----------------------
TP945 not allocated
----------------------

----------------------
TP946 not allocated
----------------------

----------------------
TP947 not allocated
----------------------

----------------------
TP948 not allocated
----------------------

----------------------
TP949 not allocated
----------------------

----------------------
TP950 not allocated
----------------------

----------------------
TP951 not allocated
----------------------

----------------------
TP952 not allocated
----------------------

----------------------
TP953 not allocated
----------------------

----------------------
TP954 not allocated
----------------------

----------------------
TP955 not allocated
----------------------

----------------------
TP956 not allocated
----------------------

----------------------
TP957 not allocated
----------------------

----------------------
TP958 not allocated
----------------------

----------------------
TP959 not allocated
----------------------

----------------------
TP960 not allocated
----------------------

----------------------
TP961 not allocated
----------------------

----------------------
TP962 not allocated
----------------------

----------------------
TP963 not allocated
----------------------

----------------------
TP964 not allocated
----------------------

----------------------
TP965 not allocated
----------------------

----------------------
TP966 not allocated
----------------------

----------------------
TP967 not allocated
----------------------

----------------------
TP968 not allocated
----------------------

----------------------
TP969 not allocated
----------------------

----------------------
TP970 not allocated
----------------------

----------------------
TP971 not allocated
----------------------

----------------------
TP972 not allocated
----------------------

----------------------
TP973 not allocated
----------------------

----------------------
TP974 not allocated
----------------------

----------------------
TP975 not allocated
----------------------

----------------------
TP976 not allocated
----------------------

----------------------
TP977 not allocated
----------------------

----------------------
TP978 not allocated
----------------------

----------------------
TP979 not allocated
----------------------

----------------------
TP980 not allocated
----------------------

----------------------
TP981 not allocated
----------------------

----------------------
TP982 not allocated
----------------------

----------------------
TP983 not allocated
----------------------

----------------------
TP984 not allocated
----------------------

----------------------
TP985 not allocated
----------------------

----------------------
TP986 not allocated
----------------------

----------------------
TP987 not allocated
----------------------

----------------------
TP988 not allocated
----------------------

----------------------
TP989 not allocated
----------------------

----------------------
TP990 not allocated
----------------------

----------------------
TP991 not allocated
----------------------

----------------------
TP992 not allocated
----------------------

----------------------
TP993 not allocated
----------------------

----------------------
TP994 not allocated
----------------------

----------------------
TP995 not allocated
----------------------

----------------------
TP996 not allocated
----------------------

----------------------
TP997 not allocated
----------------------

----------------------
TP998 not allocated
----------------------

----------------------
TP999 allocated to 0
----------------------

----------------------
TP1000 not allocated
----------------------
