-------------------------------------------------------------------------
TPs satisfied = 186; Total TPs = 1000; Percentage Satisfied + 18.6%
-------------------------------------------------------------------------

-------------------------------------------------------------------------

EVs

-------------------------------------------------------------------------
--------------------------------------
EV0
--------------------------------------
Num TPs served = 7
TPs served = 3 13 22 67 82 165 220
Total energy used = 98
--------------------------------------
Schedule:
31 34 80 80 80 80 0 0 100 100 0 3 0
34 52 80 80 73 69 0 1 100 82 13 34 18
52 68 73 69 72 54 1 2 82 66 3 7 16
68 70 72 54 73 55 2 1 66 64 -3 9 2
70 88 73 55 77 69 1 0 64 46 -13 4 18
88 99 77 69 68 67 0 1 46 35 22 2 11
99 101 68 67 69 68 1 0 35 33 -22 6 2
101 173 69 68 69 68 0 0 33 33 0 72 0
173 174 69 68 69 67 0 1 33 32 82 34 1
174 175 69 67 69 67 1 1 32 32 0 1 0
175 178 69 67 71 68 1 0 32 29 -82 34 3
178 183 71 68 73 71 0 1 29 24 67 0 5
183 184 73 71 74 71 1 0 24 23 -67 4 1
184 310 74 71 74 71 0 0 23 23 0 126 0
310 317 74 71 79 69 0 1 23 16 165 34 7
317 318 79 69 80 69 1 0 16 15 -165 34 1
318 411 80 69 80 69 0 0 15 15 0 93 0
411 422 80 69 79 79 0 1 15 4 220 34 11
422 423 79 79 80 79 1 0 4 3 -220 34 1
423 1796 80 79 80 79 0 0 3 3 0 1373 0
1796 1797 80 79 80 80 0 0 3 2 1000000000 0 1
--------------------------------------
--------------------------------------
EV1
--------------------------------------
Num TPs served = 7
TPs served = 24 29 32 187 222 251 946
Total energy used = 100
--------------------------------------
Schedule:
63 79 80 80 66 82 0 1 100 84 24 25 16
79 81 66 82 67 83 1 0 84 82 -24 25 2
81 107 67 83 66 58 0 1 82 56 29 4 26
107 108 66 58 67 58 1 0 56 55 -29 4 1
108 115 67 58 70 54 0 1 55 48 32 5 7
115 120 70 54 74 55 1 0 48 43 -32 7 5
120 346 74 55 74 55 0 0 43 43 0 226 0
346 361 74 55 83 61 0 1 43 28 187 34 15
361 364 83 61 84 63 1 0 28 25 -187 34 3
364 420 84 63 84 63 0 0 25 25 0 56 0
420 426 84 63 81 66 0 1 25 19 222 34 6
426 428 81 66 81 66 1 1 19 19 0 2 0
428 428 81 66 81 66 1 0 19 19 -222 34 0
428 490 81 66 81 66 0 0 19 19 0 62 0
490 495 81 66 79 69 0 1 19 14 251 34 5
495 497 79 69 81 69 1 0 14 12 -251 34 2
497 1663 81 69 81 69 0 0 12 12 0 1166 0
1663 1668 81 69 81 74 0 1 12 7 946 34 5
1668 1670 81 74 81 74 1 1 7 7 0 2 0
1670 1670 81 74 81 74 1 0 7 7 -946 34 0
1670 1790 81 74 81 74 0 0 7 7 0 120 0
1790 1797 81 74 80 80 0 0 7 0 1000000000 0 7
--------------------------------------
--------------------------------------
EV2
--------------------------------------
Num TPs served = 5
TPs served = 41 47 64 66 294
Total energy used = 100
--------------------------------------
Schedule:
95 126 80 80 50 81 0 1 100 69 47 23 31
126 127 50 81 51 81 1 0 69 68 -47 24 1
127 137 51 81 46 76 0 1 68 58 41 0 10
137 139 46 76 48 76 1 0 58 56 -41 0 2
139 155 48 76 54 66 0 1 56 40 66 27 16
155 161 54 66 60 66 1 0 40 34 -66 27 6
161 167 60 66 62 70 0 1 34 28 64 11 6
167 173 62 70 68 70 1 0 28 22 -64 13 6
173 560 68 70 68 70 0 0 22 22 0 387 0
560 575 68 70 73 80 0 1 22 7 294 34 15
575 576 73 80 73 80 1 1 7 7 0 1 0
576 578 73 80 75 80 1 0 7 5 -294 34 2
578 1792 75 80 75 80 0 0 5 5 0 1214 0
1792 1797 75 80 80 80 0 0 5 0 1000000000 0 5
--------------------------------------
--------------------------------------
EV3
--------------------------------------
Num TPs served = 5
TPs served = 57 63 92 245 402
Total energy used = 100
--------------------------------------
Schedule:
127 149 80 80 88 66 0 1 100 78 57 13 22
149 152 88 66 89 68 1 0 78 75 -57 16 3
152 163 89 68 99 69 0 1 75 64 63 13 11
163 168 99 69 96 71 1 0 64 59 -63 16 5
168 190 96 71 99 90 0 1 59 37 92 32 22
190 194 99 90 95 90 1 0 37 33 -92 32 4
194 459 95 90 95 90 0 0 33 33 0 265 0
459 480 95 90 79 85 0 1 33 12 245 34 21
480 482 79 85 79 85 1 1 12 12 0 2 0
482 484 79 85 81 85 1 0 12 10 -245 34 2
484 743 81 85 81 85 0 0 10 10 0 259 0
743 744 81 85 80 85 0 1 10 9 402 34 1
744 745 80 85 80 85 1 1 9 9 0 1 0
745 747 80 85 81 86 1 0 9 7 -402 34 2
747 1790 81 86 81 86 0 0 7 7 0 1043 0
1790 1797 81 86 80 80 0 0 7 0 1000000000 0 7
--------------------------------------
--------------------------------------
EV4
--------------------------------------
Num TPs served = 6
TPs served = 76 85 155 201 215 845
Total energy used = 100
--------------------------------------
Schedule:
157 191 80 80 50 84 0 1 100 66 76 7 34
191 192 50 84 51 84 1 0 66 65 -76 7 1
192 208 51 84 48 71 0 1 65 49 85 5 16
208 210 48 71 50 71 1 0 49 47 -85 5 2
210 298 50 71 50 71 0 0 47 47 0 88 0
298 301 50 71 49 73 0 1 47 44 155 34 3
301 304 49 73 52 73 1 0 44 41 -155 34 3
304 379 52 73 52 73 0 0 41 41 0 75 0
379 392 52 73 57 81 0 1 41 28 201 34 13
392 408 57 81 57 81 1 1 28 28 0 16 0
408 413 57 81 61 82 1 2 28 23 215 34 5
413 414 61 82 62 82 2 1 23 22 -215 34 1
414 416 62 82 63 81 1 0 22 20 -201 17 2
416 1484 63 81 63 81 0 0 20 20 0 1068 0
1484 1500 63 81 77 79 0 1 20 4 845 34 16
1500 1502 77 79 78 80 1 0 4 2 -845 34 2
1502 1795 78 80 78 80 0 0 2 2 0 293 0
1795 1797 78 80 80 80 0 0 2 0 1000000000 0 2
--------------------------------------
--------------------------------------
EV5
--------------------------------------
Num TPs served = 3
TPs served = 97 149 344
Total energy used = 100
--------------------------------------
Schedule:
189 230 80 80 43 76 0 1 100 59 97 0 41
230 231 43 76 44 76 1 0 59 58 -97 0 1
231 262 44 76 44 76 0 0 58 58 0 31 0
262 290 44 76 61 87 0 1 58 30 149 34 28
290 294 61 87 64 88 1 0 30 26 -149 34 4
294 643 64 88 64 88 0 0 26 26 0 349 0
643 658 64 88 78 89 0 1 26 11 344 34 15
658 659 78 89 79 89 1 0 11 10 -344 34 1
659 1787 79 89 79 89 0 0 10 10 0 1128 0
1787 1797 79 89 80 80 0 0 10 0 1000000000 0 10
--------------------------------------
--------------------------------------
EV6
--------------------------------------
Num TPs served = 5
TPs served = 108 111 137 141 229
Total energy used = 100
--------------------------------------
Schedule:
216 229 80 80 80 93 0 1 100 87 108 22 13
229 231 80 93 82 93 1 0 87 85 -108 25 2
231 247 82 93 97 92 0 1 85 69 111 7 16
247 253 97 92 97 98 1 0 69 63 -111 10 6
253 279 97 98 72 99 0 1 63 37 137 26 26
279 281 72 99 73 100 1 0 37 35 -137 26 2
281 291 73 100 69 94 0 1 35 25 141 22 10
291 293 69 94 71 94 1 0 25 23 -141 26 2
293 431 71 94 71 94 0 0 23 23 0 138 0
431 438 71 94 78 94 0 1 23 16 229 34 7
438 440 78 94 80 94 1 0 16 14 -229 34 2
440 1783 80 94 80 94 0 0 14 14 0 1343 0
1783 1797 80 94 80 80 0 0 14 0 1000000000 0 14
--------------------------------------
--------------------------------------
EV7
--------------------------------------
Num TPs served = 7
TPs served = 114 128 136 189 203 271 603
Total energy used = 100
--------------------------------------
Schedule:
246 250 80 80 83 81 0 1 100 96 114 8 4
250 255 83 81 88 81 1 0 96 91 -114 8 5
255 281 88 81 87 56 0 1 91 65 128 1 26
281 283 87 56 88 57 1 0 65 63 -128 4 2
283 293 88 57 84 51 0 1 63 53 136 11 10
293 295 84 51 86 51 1 0 53 51 -136 11 2
295 341 86 51 86 51 0 0 51 51 0 46 0
341 363 86 51 86 73 0 1 51 29 189 34 22
363 390 86 73 86 73 1 1 29 29 0 27 0
390 394 86 73 89 72 1 2 29 25 203 34 4
394 396 89 72 89 74 2 1 25 23 -203 34 2
396 397 89 74 88 74 1 0 23 22 -189 3 1
397 532 88 74 88 74 0 0 22 22 0 135 0
532 539 88 74 82 73 0 1 22 15 271 34 7
539 541 82 73 82 73 1 1 15 15 0 2 0
541 541 82 73 82 73 1 0 15 15 -271 34 0
541 1075 82 73 82 73 0 0 15 15 0 534 0
1075 1085 82 73 77 78 0 1 15 5 603 34 10
1085 1086 77 78 77 79 1 0 5 4 -603 34 1
1086 1793 77 79 77 79 0 0 4 4 0 707 0
1793 1797 77 79 80 80 0 0 4 0 1000000000 0 4
--------------------------------------
--------------------------------------
EV8
--------------------------------------
Num TPs served = 6
TPs served = 153 170 182 190 314 676
Total energy used = 100
--------------------------------------
Schedule:
287 312 80 80 87 98 0 1 100 75 153 17 25
312 317 87 98 87 98 1 1 75 75 0 5 0
317 328 87 98 96 96 1 2 75 64 170 34 11
328 332 96 96 92 96 2 1 64 60 -170 34 4
332 341 92 96 99 98 1 0 60 51 -153 0 9
341 359 99 98 99 98 0 0 51 51 0 18 0
359 364 99 98 96 96 0 1 51 46 190 34 5
364 366 96 96 96 96 1 1 46 46 0 2 0
366 369 96 96 98 97 1 0 46 43 -190 34 3
369 378 98 97 92 94 0 1 43 34 182 10 9
378 392 92 94 79 95 1 0 34 20 -182 12 14
392 606 79 95 79 95 0 0 20 20 0 214 0
606 609 79 95 78 93 0 1 20 17 314 34 3
609 610 78 93 78 93 1 1 17 17 0 1 0
610 611 78 93 79 93 1 0 17 16 -314 34 1
611 1209 79 93 79 93 0 0 16 16 0 598 0
1209 1210 79 93 78 93 0 1 16 15 676 34 1
1210 1212 78 93 80 93 1 0 15 13 -676 34 2
1212 1784 80 93 80 93 0 0 13 13 0 572 0
1784 1797 80 93 80 80 0 0 13 0 1000000000 0 13
--------------------------------------
--------------------------------------
EV9
--------------------------------------
Num TPs served = 5
TPs served = 1 6 27 46 74
Total energy used = 100
--------------------------------------
Schedule:
31 63 41 42 29 22 0 1 100 68 1 7 32
63 66 29 22 29 25 1 0 68 65 -1 7 3
66 75 29 25 23 22 0 1 65 56 6 3 9
75 79 23 22 26 23 1 0 56 52 -6 3 4
79 99 26 23 42 19 0 1 52 32 27 10 20
99 100 42 19 43 19 1 0 32 31 -27 11 1
100 121 43 19 42 39 0 1 31 10 46 27 21
121 123 42 39 43 40 1 0 10 8 -46 28 2
123 157 43 40 43 40 0 0 8 8 0 34 0
157 161 43 40 39 40 0 1 8 4 74 34 4
161 162 39 40 40 40 1 0 4 3 -74 34 1
162 1794 40 40 40 40 0 0 3 3 0 1632 0
1794 1797 40 40 41 42 0 0 3 0 1000000000 0 3
--------------------------------------
--------------------------------------
EV10
--------------------------------------
Num TPs served = 8
TPs served = 5 23 36 45 86 117 375 712
Total energy used = 100
--------------------------------------
Schedule:
62 70 41 42 35 40 0 1 100 92 5 7 8
70 76 35 40 37 44 1 0 92 86 -5 7 6
76 97 37 44 55 47 0 1 86 65 23 6 21
97 98 55 47 56 47 1 0 65 64 -23 6 1
98 117 56 47 60 32 0 1 64 45 45 29 19
117 118 60 32 61 32 1 0 45 44 -45 30 1
118 124 61 32 56 31 0 1 44 38 36 1 6
124 126 56 31 56 33 1 0 38 36 -36 1 2
126 168 56 33 56 33 0 0 36 36 0 42 0
168 180 56 33 47 30 0 1 36 24 86 34 12
180 181 47 30 48 30 1 0 24 23 -86 34 1
181 220 48 30 48 30 0 0 23 23 0 39 0
220 231 48 30 45 38 0 1 23 12 117 34 11
231 232 45 38 46 38 1 0 12 11 -117 34 1
232 707 46 38 46 38 0 0 11 11 0 475 0
707 708 46 38 46 39 0 1 11 10 375 34 1
708 709 46 39 46 39 1 1 10 10 0 1 0
709 712 46 39 46 42 1 0 10 7 -375 34 3
712 1271 46 42 46 42 0 0 7 7 0 559 0
1271 1272 46 42 45 42 0 1 7 6 712 34 1
1272 1276 45 42 45 42 1 1 6 6 0 4 0
1276 1277 45 42 46 42 1 0 6 5 -712 34 1
1277 1792 46 42 46 42 0 0 5 5 0 515 0
1792 1797 46 42 41 42 0 0 5 0 1000000000 0 5
--------------------------------------
--------------------------------------
EV11
--------------------------------------
Num TPs served = 5
TPs served = 31 42 49 162 225
Total energy used = 100
--------------------------------------
Schedule:
95 102 41 42 34 42 0 1 100 93 31 15 7
102 104 34 42 36 42 1 0 93 91 -31 16 2
104 135 36 42 51 58 0 1 91 60 42 4 31
135 138 51 58 54 58 1 0 60 57 -42 9 3
138 149 54 58 46 61 0 1 57 46 49 2 11
149 154 46 61 48 64 1 0 46 41 -49 2 5
154 303 48 64 48 64 0 0 41 41 0 149 0
303 312 48 64 44 59 0 1 41 32 162 34 9
312 313 44 59 44 59 1 1 32 32 0 1 0
313 318 44 59 46 62 1 0 32 27 -162 34 5
318 412 46 62 46 62 0 0 27 27 0 94 0
412 431 46 62 40 49 0 1 27 8 225 34 19
431 432 40 49 41 49 1 0 8 7 -225 34 1
432 1790 41 49 41 49 0 0 7 7 0 1358 0
1790 1797 41 49 41 42 0 0 7 0 1000000000 0 7
--------------------------------------
--------------------------------------
EV12
--------------------------------------
Num TPs served = 8
TPs served = 55 69 70 71 87 90 249 466
Total energy used = 100
--------------------------------------
Schedule:
129 147 41 42 31 34 0 1 100 82 55 13 18
147 148 31 34 31 35 1 0 82 81 -55 13 1
148 161 31 35 23 30 0 1 81 68 70 27 13
161 162 23 30 23 31 1 0 68 67 -70 27 1
162 173 23 31 24 41 0 1 67 56 69 14 11
173 176 24 41 27 41 1 0 56 53 -69 14 3
176 182 27 41 26 46 0 1 53 47 87 33 6
182 182 26 46 26 46 1 0 47 47 -87 34 0
182 188 26 46 25 51 0 1 47 41 71 2 6
188 190 25 51 25 53 1 0 41 39 -71 4 2
190 197 25 53 30 55 0 1 39 32 90 21 7
197 203 30 55 32 59 1 0 32 26 -90 21 6
203 481 32 59 32 59 0 0 26 26 0 278 0
481 489 32 59 34 53 0 1 26 18 249 34 8
489 492 34 53 34 53 1 1 18 18 0 3 0
492 492 34 53 34 53 1 0 18 18 -249 34 0
492 825 34 53 34 53 0 0 18 18 0 333 0
825 841 34 53 39 42 0 1 18 2 466 34 16
841 842 39 42 39 42 1 1 2 2 0 1 0
842 843 39 42 40 42 1 0 2 1 -466 34 1
843 1796 40 42 40 42 0 0 1 1 0 953 0
1796 1797 40 42 41 42 0 0 1 0 1000000000 0 1
--------------------------------------
--------------------------------------
EV13
--------------------------------------
Num TPs served = 5
TPs served = 79 105 233 481 941
Total energy used = 100
--------------------------------------
Schedule:
164 202 41 42 26 19 0 1 100 62 79 1 38
202 211 26 19 35 19 1 0 62 53 -79 3 9
211 225 35 19 41 11 0 1 53 39 105 16 14
225 230 41 11 42 15 1 0 39 34 -105 16 5
230 441 42 15 42 15 0 0 34 34 0 211 0
441 446 42 15 42 20 0 1 34 29 233 34 5
446 447 42 20 43 20 1 0 29 28 -233 34 1
447 857 43 20 43 20 0 0 28 28 0 410 0
857 875 43 20 42 37 0 1 28 10 481 34 18
875 876 42 37 42 37 1 1 10 10 0 1 0
876 879 42 37 43 39 1 0 10 7 -481 34 3
879 1659 43 39 43 39 0 0 7 7 0 780 0
1659 1660 43 39 42 39 0 1 7 6 941 34 1
1660 1661 42 39 42 39 1 1 6 6 0 1 0
1661 1662 42 39 43 39 1 0 6 5 -941 34 1
1662 1792 43 39 43 39 0 0 5 5 0 130 0
1792 1797 43 39 41 42 0 0 5 0 1000000000 0 5
--------------------------------------
--------------------------------------
EV14
--------------------------------------
Num TPs served = 5
TPs served = 100 119 144 228 234
Total energy used = 100
--------------------------------------
Schedule:
196 222 41 42 50 25 0 1 100 74 100 13 26
222 227 50 25 55 25 1 0 74 69 -100 13 5
227 253 55 25 56 50 0 1 69 43 119 14 26
253 254 56 50 57 50 1 0 43 42 -119 14 1
254 279 57 50 57 50 0 0 42 42 0 25 0
279 282 57 50 55 49 0 1 42 39 144 34 3
282 284 55 49 55 49 1 1 39 39 0 2 0
284 285 55 49 56 49 1 0 39 38 -144 34 1
285 444 56 49 56 49 0 0 38 38 0 159 0
444 448 56 49 54 47 0 1 38 34 234 34 4
448 449 54 47 55 47 1 0 34 33 -234 34 1
449 467 55 47 44 40 0 1 33 15 228 4 18
467 472 44 40 49 40 1 0 15 10 -228 4 5
472 1787 49 40 49 40 0 0 10 10 0 1315 0
1787 1797 49 40 41 42 0 0 10 0 1000000000 0 10
--------------------------------------
--------------------------------------
EV15
--------------------------------------
Num TPs served = 3
TPs served = 120 134 164
Total energy used = 98
--------------------------------------
Schedule:
233 265 41 42 64 33 0 1 100 68 120 3 32
265 267 64 33 64 35 1 0 68 66 -120 3 2
267 274 64 35 67 39 0 1 66 59 134 24 7
274 275 67 39 67 40 1 0 59 58 -134 24 1
275 280 67 40 67 40 0 0 58 58 0 5 0
280 320 67 40 28 39 0 1 58 18 164 28 40
320 323 28 39 31 39 1 0 18 15 -164 28 3
323 1784 31 39 31 39 0 0 15 15 0 1461 0
1784 1797 31 39 41 42 0 0 15 2 1000000000 0 13
--------------------------------------
--------------------------------------
EV16
--------------------------------------
Num TPs served = 6
TPs served = 138 169 193 217 235 542
Total energy used = 100
--------------------------------------
Schedule:
266 299 41 42 32 66 0 1 100 67 138 9 33
299 309 32 66 41 67 1 0 67 57 -138 10 10
309 317 41 67 41 67 0 0 57 57 0 8 0
317 327 41 67 35 63 0 1 57 47 169 34 10
327 328 35 63 35 63 1 1 47 47 0 1 0
328 331 35 63 37 64 1 0 47 44 -169 34 3
331 376 37 64 37 64 0 0 44 44 0 45 0
376 376 37 64 37 64 0 1 44 44 193 34 0
376 377 37 64 37 65 1 0 44 43 -193 34 1
377 410 37 65 37 65 0 0 43 43 0 33 0
410 415 37 65 33 64 0 1 43 38 217 34 5
415 417 33 64 33 64 1 1 38 38 0 2 0
417 420 33 64 35 65 1 0 38 35 -217 34 3
420 444 35 65 35 65 0 0 35 35 0 24 0
444 452 35 65 33 59 0 1 35 27 235 34 8
452 453 33 59 33 60 1 0 27 26 -235 34 1
453 957 33 60 33 60 0 0 26 26 0 504 0
957 976 33 60 38 46 0 1 26 7 542 34 19
976 977 38 46 39 46 1 0 7 6 -542 34 1
977 1791 39 46 39 46 0 0 6 6 0 814 0
1791 1797 39 46 41 42 0 0 6 0 1000000000 0 6
--------------------------------------
--------------------------------------
EV17
--------------------------------------
Num TPs served = 6
TPs served = 152 168 180 195 261 305
Total energy used = 100
--------------------------------------
Schedule:
301 328 41 42 15 43 0 1 100 73 152 0 27
328 330 15 43 15 45 1 0 73 71 -152 0 2
330 340 15 45 15 45 0 0 71 71 0 10 0
340 347 15 45 12 41 0 1 71 64 180 34 7
347 348 12 41 12 42 1 0 64 63 -180 34 1
348 357 12 42 3 42 0 1 63 54 168 0 9
357 359 3 42 5 42 1 0 54 52 -168 1 2
359 387 5 42 28 37 0 1 52 24 195 26 28
387 391 28 37 28 37 1 1 24 24 0 4 0
391 391 28 37 28 37 1 0 24 24 -195 34 0
391 506 28 37 28 37 0 0 24 24 0 115 0
506 516 28 37 32 43 0 1 24 14 261 34 10
516 517 32 43 32 44 1 0 14 13 -261 34 1
517 592 32 44 32 44 0 0 13 13 0 75 0
592 593 32 44 33 44 0 1 13 12 305 34 1
593 596 33 44 33 44 1 1 12 12 0 3 0
596 598 33 44 34 45 1 0 12 10 -305 34 2
598 1787 34 45 34 45 0 0 10 10 0 1189 0
1787 1797 34 45 41 42 0 0 10 0 1000000000 0 10
--------------------------------------
--------------------------------------
EV18
--------------------------------------
Num TPs served = 5
TPs served = 7 16 25 43 51
Total energy used = 100
--------------------------------------
Schedule:
34 38 18 94 18 94 0 0 100 100 0 4 0
38 45 18 94 23 92 0 1 100 93 7 34 7
45 47 23 92 23 92 1 1 93 93 0 2 0
47 51 23 92 24 95 1 0 93 89 -7 34 4
51 85 24 95 20 65 0 1 89 55 16 4 34
85 85 20 65 20 65 1 0 55 55 -16 6 0
85 97 20 65 10 67 0 1 55 43 25 10 12
97 98 10 67 10 68 1 0 43 42 -25 10 1
98 103 10 68 10 68 0 0 42 42 0 5 0
103 107 10 68 7 67 0 1 42 38 43 34 4
107 109 7 67 7 67 1 1 38 38 0 2 0
109 112 7 67 7 70 1 0 38 35 -43 34 3
112 135 7 70 10 90 0 1 35 12 51 19 23
135 145 10 90 18 92 1 0 12 2 -51 19 10
145 1795 18 92 18 92 0 0 2 2 0 1650 0
1795 1797 18 92 18 94 0 0 2 0 1000000000 0 2
--------------------------------------
--------------------------------------
EV19
--------------------------------------
Num TPs served = 8
TPs served = 17 21 38 40 56 88 192 212
Total energy used = 98
--------------------------------------
Schedule:
69 76 18 94 14 91 0 1 100 93 21 23 7
76 78 14 91 14 93 1 0 93 91 -21 23 2
78 88 14 93 10 99 0 1 91 81 17 2 10
88 91 10 99 11 97 1 0 81 78 -17 3 3
91 108 11 97 24 93 0 1 78 61 40 24 17
108 121 24 93 37 93 1 2 61 48 38 8 13
121 126 37 93 42 93 2 1 48 43 -40 25 5
126 130 42 93 38 93 1 0 43 39 -38 1 4
130 146 38 93 25 96 0 1 39 23 56 15 16
146 149 25 96 27 97 1 0 23 20 -56 15 3
149 175 27 97 27 97 0 0 20 20 0 26 0
175 182 27 97 21 96 0 1 20 13 88 34 7
182 183 21 96 21 96 1 1 13 13 0 1 0
183 183 21 96 21 96 1 0 13 13 -88 34 0
183 367 21 96 21 96 0 0 13 13 0 184 0
367 374 21 96 17 93 0 1 13 6 192 34 7
374 407 17 93 17 93 1 1 6 6 0 33 0
407 408 17 93 18 93 1 2 6 5 212 34 1
408 409 18 93 19 93 2 1 5 4 -212 34 1
409 410 19 93 19 94 1 0 4 3 -192 1 1
410 1796 19 94 19 94 0 0 3 3 0 1386 0
1796 1797 19 94 18 94 0 0 3 2 1000000000 0 1
--------------------------------------
--------------------------------------
EV20
--------------------------------------
Num TPs served = 5
TPs served = 58 62 72 129 130
Total energy used = 100
--------------------------------------
Schedule:
103 109 18 94 18 94 0 0 100 100 0 6 0
109 130 18 94 33 88 0 1 100 79 58 34 21
130 131 33 88 33 88 1 1 79 79 0 1 0
131 132 33 88 33 89 1 0 79 78 -58 34 1
132 135 33 89 33 89 0 0 78 78 0 3 0
135 157 33 89 26 74 0 1 78 56 72 34 22
157 158 26 74 26 74 1 1 56 56 0 1 0
158 160 26 74 28 74 1 0 56 54 -72 34 2
160 168 28 74 26 68 0 1 54 46 62 7 8
168 171 26 68 28 69 1 0 46 43 -62 7 3
171 218 28 69 28 69 0 0 43 43 0 47 0
218 253 28 69 14 90 0 1 43 8 129 33 35
253 255 14 90 16 90 1 2 8 6 130 32 2
255 257 16 90 18 90 2 1 6 4 -130 32 2
257 260 18 90 18 93 1 0 4 1 -129 33 3
260 1796 18 93 18 93 0 0 1 1 0 1536 0
1796 1797 18 93 18 94 0 0 1 0 1000000000 0 1
--------------------------------------
--------------------------------------
EV21
--------------------------------------
Num TPs served = 4
TPs served = 91 99 109 269
Total energy used = 100
--------------------------------------
Schedule:
135 159 18 94 18 94 0 0 100 100 0 24 0
159 187 18 94 2 82 0 1 100 72 91 34 28
187 202 2 82 10 89 1 2 72 57 99 32 15
202 204 10 89 10 91 2 1 57 55 -99 32 2
204 220 10 91 3 82 1 0 55 39 -91 2 16
220 246 3 82 13 98 0 1 39 13 109 6 26
246 248 13 98 13 100 1 0 13 11 -109 6 2
248 529 13 100 13 100 0 0 11 11 0 281 0
529 535 13 100 16 97 0 1 11 5 269 34 6
535 536 16 97 16 97 1 1 5 5 0 1 0
536 537 16 97 17 97 1 0 5 4 -269 34 1
537 1793 17 97 17 97 0 0 4 4 0 1256 0
1793 1797 17 97 18 94 0 0 4 0 1000000000 0 4
--------------------------------------
--------------------------------------
EV22
--------------------------------------
Num TPs served = 5
TPs served = 93 142 240 417 750
Total energy used = 100
--------------------------------------
Schedule:
166 203 18 94 51 98 0 1 100 63 93 20 37
203 207 51 98 55 98 1 0 63 59 -93 20 4
207 276 55 98 55 98 0 0 59 59 0 69 0
276 280 55 98 58 97 0 1 59 55 142 34 4
280 281 58 97 58 97 1 1 55 55 0 1 0
281 283 58 97 60 97 1 0 55 53 -142 34 2
283 428 60 97 60 97 0 0 53 53 0 145 0
428 464 60 97 25 98 0 1 53 17 240 32 36
464 465 25 98 26 98 1 0 17 16 -240 33 1
465 760 26 98 26 98 0 0 16 16 0 295 0
760 767 26 98 20 97 0 1 16 9 417 34 7
767 769 20 97 22 97 1 0 9 7 -417 34 2
769 1349 22 97 22 97 0 0 7 7 0 580 0
1349 1351 22 97 21 96 0 1 7 5 750 34 2
1351 1353 21 96 21 96 1 1 5 5 0 2 0
1353 1353 21 96 21 96 1 0 5 5 -750 34 0
1353 1792 21 96 21 96 0 0 5 5 0 439 0
1792 1797 21 96 18 94 0 0 5 0 1000000000 0 5
--------------------------------------
--------------------------------------
EV23
--------------------------------------
Num TPs served = 4
TPs served = 110 124 140 205
Total energy used = 100
--------------------------------------
Schedule:
205 246 18 94 20 55 0 1 100 59 110 7 41
246 250 20 55 24 55 1 2 59 55 124 27 4
250 251 24 55 24 56 2 1 55 54 -124 27 1
251 255 24 56 21 55 1 0 54 50 -110 0 4
255 288 21 55 14 81 0 1 50 17 140 24 33
288 292 14 81 16 83 1 0 17 13 -140 25 4
292 394 16 83 16 83 0 0 13 13 0 102 0
394 397 16 83 17 85 0 1 13 10 205 34 3
397 398 17 85 17 86 1 0 10 9 -205 34 1
398 1788 17 86 17 86 0 0 9 9 0 1390 0
1788 1797 17 86 18 94 0 0 9 0 1000000000 0 9
--------------------------------------
--------------------------------------
EV24
--------------------------------------
Num TPs served = 3
TPs served = 123 143 160
Total energy used = 98
--------------------------------------
Schedule:
231 271 18 94 32 68 0 1 100 60 123 5 40
271 272 32 68 33 68 1 0 60 59 -123 5 1
272 304 33 68 13 80 0 1 59 27 143 11 32
304 308 13 80 13 84 1 2 27 23 160 34 4
308 313 13 84 15 81 2 1 23 18 -143 5 5
313 321 15 81 18 86 1 0 18 10 -160 34 8
321 1789 18 86 18 86 0 0 10 10 0 1468 0
1789 1797 18 86 18 94 0 0 10 2 1000000000 0 8
--------------------------------------
--------------------------------------
EV25
--------------------------------------
Num TPs served = 4
TPs served = 147 158 186 232
Total energy used = 98
--------------------------------------
Schedule:
261 268 18 94 18 94 0 0 100 100 0 7 0
268 287 18 94 0 93 0 1 100 81 147 34 19
287 288 0 93 0 93 1 1 81 81 0 1 0
288 288 0 93 0 93 1 0 81 81 -147 34 0
288 310 0 93 3 74 0 1 81 59 158 29 22
310 316 3 74 6 77 1 0 59 53 -158 29 6
316 336 6 77 6 77 0 0 53 53 0 20 0
336 360 6 77 26 81 0 1 53 29 186 34 24
360 361 26 81 26 81 1 1 29 29 0 1 0
361 361 26 81 26 81 1 0 29 29 -186 34 0
361 435 26 81 26 81 0 0 29 29 0 74 0
435 445 26 81 18 79 0 1 29 19 232 34 10
445 447 18 79 19 80 1 0 19 17 -232 34 2
447 1782 19 80 19 80 0 0 17 17 0 1335 0
1782 1797 19 80 18 94 0 0 17 2 1000000000 0 15
--------------------------------------
--------------------------------------
EV26
--------------------------------------
Num TPs served = 3
TPs served = 161 202 247
Total energy used = 96
--------------------------------------
Schedule:
294 326 18 94 41 85 0 1 100 68 161 19 32
326 328 41 85 43 85 1 0 68 66 -161 19 2
328 387 43 85 43 85 0 0 66 66 0 59 0
387 393 43 85 48 84 0 1 66 60 202 34 6
393 394 48 84 48 84 1 1 60 60 0 1 0
394 396 48 84 50 84 1 0 60 58 -202 34 2
396 450 50 84 50 84 0 0 58 58 0 54 0
450 495 50 84 12 91 0 1 58 13 247 23 45
495 500 12 91 17 91 1 0 13 8 -247 26 5
500 1793 17 91 17 91 0 0 8 8 0 1293 0
1793 1797 17 91 18 94 0 0 8 4 1000000000 0 4
--------------------------------------
--------------------------------------
EV27
--------------------------------------
Num TPs served = 5
TPs served = 8 12 19 98 191
Total energy used = 100
--------------------------------------
Schedule:
30 51 64 96 55 84 0 1 100 79 12 34 21
51 55 55 84 59 84 1 0 79 75 -12 34 4
55 57 59 84 57 84 0 1 75 73 8 23 2
57 59 57 84 57 86 1 0 73 71 -8 23 2
59 72 57 86 45 87 0 1 71 58 19 25 13
72 77 45 87 50 87 1 0 58 53 -19 26 5
77 172 50 87 50 87 0 0 53 53 0 95 0
172 197 50 87 67 95 0 1 53 28 98 34 25
197 198 67 95 68 95 1 0 28 27 -98 34 1
198 356 68 95 68 95 0 0 27 27 0 158 0
356 371 68 95 58 90 0 1 27 12 191 34 15
371 377 58 90 58 90 1 1 12 12 0 6 0
377 384 58 90 62 93 1 0 12 5 -191 34 7
384 1792 62 93 62 93 0 0 5 5 0 1408 0
1792 1797 62 93 64 96 0 0 5 0 1000000000 0 5
--------------------------------------
--------------------------------------
EV28
--------------------------------------
Num TPs served = 7
TPs served = 50 104 194 254 319 510 635
Total energy used = 96
--------------------------------------
Schedule:
63 87 64 96 64 96 0 0 100 100 0 24 0
87 118 64 96 94 95 0 1 100 69 50 34 31
118 119 94 95 95 95 1 0 69 68 -50 34 1
119 196 95 95 95 95 0 0 68 68 0 77 0
196 206 95 95 89 99 0 1 68 58 104 34 10
206 208 89 99 89 99 1 1 58 58 0 2 0
208 211 89 99 90 97 1 0 58 55 -104 34 3
211 357 90 97 90 97 0 0 55 55 0 146 0
357 377 90 97 76 91 0 1 55 35 194 34 20
377 379 76 91 76 91 1 1 35 35 0 2 0
379 380 76 91 76 92 1 0 35 34 -194 34 1
380 499 76 92 76 92 0 0 34 34 0 119 0
499 503 76 92 74 90 0 1 34 30 254 34 4
503 505 74 90 74 92 1 0 30 28 -254 34 2
505 608 74 92 74 92 0 0 28 28 0 103 0
608 619 74 92 65 90 0 1 28 17 319 34 11
619 620 65 90 65 90 1 1 17 17 0 1 0
620 622 65 90 65 92 1 0 17 15 -319 34 2
622 921 65 92 65 92 0 0 15 15 0 299 0
921 925 65 92 66 95 0 1 15 11 510 34 4
925 926 66 95 66 95 1 1 11 11 0 1 0
926 927 66 95 66 96 1 0 11 10 -510 34 1
927 1137 66 96 66 96 0 0 10 10 0 210 0
1137 1139 66 96 65 97 0 1 10 8 635 34 2
1139 1140 65 97 66 97 1 0 8 7 -635 34 1
1140 1794 66 97 66 97 0 0 7 7 0 654 0
1794 1797 66 97 64 96 0 0 7 4 1000000000 0 3
--------------------------------------
--------------------------------------
EV29
--------------------------------------
Num TPs served = 4
TPs served = 126 133 302 693
Total energy used = 100
--------------------------------------
Schedule:
91 212 64 96 64 96 0 0 100 100 0 121 0
212 257 64 96 54 61 0 1 100 55 126 23 45
257 258 54 61 54 61 1 1 55 55 0 1 0
258 263 54 61 57 63 1 2 55 50 133 34 5
263 266 57 63 56 61 2 1 50 47 -126 16 3
266 274 56 61 61 64 1 0 47 39 -133 29 8
274 575 61 64 61 64 0 0 39 39 0 301 0
575 589 61 64 60 77 0 1 39 25 302 34 14
589 592 60 77 60 77 1 1 25 25 0 3 0
592 594 60 77 61 78 1 0 25 23 -302 34 2
594 1225 61 78 61 78 0 0 23 23 0 631 0
1225 1242 61 78 60 94 0 1 23 6 693 34 17
1242 1244 60 94 61 95 1 0 6 4 -693 34 2
1244 1793 61 95 61 95 0 0 4 4 0 549 0
1793 1797 61 95 64 96 0 0 4 0 1000000000 0 4
--------------------------------------
--------------------------------------
EV30
--------------------------------------
Num TPs served = 4
TPs served = 184 238 262 848
Total energy used = 100
--------------------------------------
Schedule:
126 326 64 96 64 96 0 0 100 100 0 200 0
326 357 64 96 77 78 0 1 100 69 184 34 31
357 358 77 78 77 78 1 1 69 69 0 1 0
358 370 77 78 89 78 1 0 69 57 -184 34 12
370 438 89 78 89 78 0 0 57 57 0 68 0
438 457 89 78 91 95 0 1 57 38 238 34 19
457 458 91 95 91 95 1 1 38 38 0 1 0
458 458 91 95 91 95 1 0 38 38 -238 34 0
458 515 91 95 91 95 0 0 38 38 0 57 0
515 518 91 95 92 93 0 1 38 35 262 34 3
518 522 92 93 92 97 1 0 35 31 -262 34 4
522 1487 92 97 92 97 0 0 31 31 0 965 0
1487 1504 92 97 76 96 0 1 31 14 848 34 17
1504 1505 76 96 77 96 1 0 14 13 -848 34 1
1505 1784 77 96 77 96 0 0 13 13 0 279 0
1784 1797 77 96 64 96 0 0 13 0 1000000000 0 13
--------------------------------------
--------------------------------------
EV31
--------------------------------------
Num TPs served = 4
TPs served = 214 237 445 657
Total energy used = 100
--------------------------------------
Schedule:
152 377 64 96 64 96 0 0 100 100 0 225 0
377 424 64 96 59 54 0 1 100 53 214 21 47
424 425 59 54 60 54 1 0 53 52 -214 21 1
425 445 60 54 60 54 0 0 52 52 0 20 0
445 455 60 54 64 60 0 1 52 42 237 34 10
455 457 64 60 65 61 1 0 42 40 -237 34 2
457 797 65 61 65 61 0 0 40 40 0 340 0
797 813 65 61 65 77 0 1 40 24 445 34 16
813 814 65 77 65 77 1 1 24 24 0 1 0
814 816 65 77 67 77 1 0 24 22 -445 34 2
816 1175 67 77 67 77 0 0 22 22 0 359 0
1175 1175 67 77 67 77 0 1 22 22 657 34 0
1175 1176 67 77 67 77 1 1 22 22 0 1 0
1176 1177 67 77 67 78 1 0 22 21 -657 34 1
1177 1776 67 78 67 78 0 0 21 21 0 599 0
1776 1797 67 78 64 96 0 0 21 0 1000000000 0 21
--------------------------------------
--------------------------------------
EV32
--------------------------------------
Num TPs served = 7
TPs served = 268 278 298 309 322 388 876
Total energy used = 98
--------------------------------------
Schedule:
186 500 64 96 64 96 0 0 100 100 0 314 0
500 530 64 96 87 89 0 1 100 70 268 34 30
530 547 87 89 87 89 1 1 70 70 0 17 0
547 550 87 89 87 86 1 2 70 67 278 34 3
550 554 87 86 88 89 2 1 67 63 -268 11 4
554 573 88 89 88 89 1 1 63 63 0 19 0
573 581 88 89 94 87 1 2 63 55 298 34 8
581 583 94 87 96 87 2 1 55 53 -298 34 2
583 589 96 87 92 89 1 0 53 47 -278 8 6
589 594 92 89 92 89 0 0 47 47 0 5 0
594 600 92 89 87 90 0 1 47 41 309 34 6
600 601 87 90 87 90 1 1 41 41 0 1 0
601 604 87 90 89 91 1 0 41 38 -309 34 3
604 615 89 91 89 91 0 0 38 38 0 11 0
615 626 89 91 80 93 0 1 38 27 322 34 11
626 627 80 93 80 94 1 0 27 26 -322 34 1
627 724 80 94 80 94 0 0 26 26 0 97 0
724 725 80 94 80 95 0 1 26 25 388 34 1
725 727 80 95 81 96 1 0 25 23 -388 34 2
727 1536 81 96 81 96 0 0 23 23 0 809 0
1536 1550 81 96 68 95 0 1 23 9 876 34 14
1550 1552 68 95 68 95 1 1 9 9 0 2 0
1552 1553 68 95 69 95 1 0 9 8 -876 34 1
1553 1791 69 95 69 95 0 0 8 8 0 238 0
1791 1797 69 95 64 96 0 0 8 2 1000000000 0 6
--------------------------------------
--------------------------------------
EV33
--------------------------------------
Num TPs served = 4
TPs served = 272 315 348 449
Total energy used = 98
--------------------------------------
Schedule:
218 506 64 96 64 96 0 0 100 100 0 288 0
506 551 64 96 21 94 0 1 100 55 272 23 45
551 555 21 94 23 96 1 0 55 51 -272 24 4
555 591 23 96 23 96 0 0 51 51 0 36 0
591 611 23 96 40 99 0 1 51 31 315 34 20
611 612 40 99 41 99 1 0 31 30 -315 34 1
612 652 41 99 41 99 0 0 30 30 0 40 0
652 664 41 99 52 98 0 1 30 18 348 34 12
664 665 52 98 53 98 1 0 18 17 -348 34 1
665 813 53 98 53 98 0 0 17 17 0 148 0
813 821 53 98 59 96 0 1 17 9 449 34 8
821 823 59 96 60 97 1 0 9 7 -449 34 2
823 1792 60 97 60 97 0 0 7 7 0 969 0
1792 1797 60 97 64 96 0 0 7 2 1000000000 0 5
--------------------------------------
--------------------------------------
EV34
--------------------------------------
Num TPs served = 4
TPs served = 282 389 506 809
Total energy used = 98
--------------------------------------
Schedule:
247 522 64 96 64 96 0 0 100 100 0 275 0
522 566 64 96 61 55 0 1 100 56 282 24 44
566 569 61 55 63 56 1 0 56 53 -282 30 3
569 721 63 56 63 56 0 0 53 53 0 152 0
721 726 63 56 68 56 0 1 53 48 389 34 5
726 727 68 56 68 56 1 1 48 48 0 1 0
727 728 68 56 68 57 1 0 48 47 -389 34 1
728 896 68 57 68 57 0 0 47 47 0 168 0
896 916 68 57 68 77 0 1 47 27 506 34 20
916 918 68 77 68 77 1 1 27 27 0 2 0
918 918 68 77 68 77 1 0 27 27 -506 34 0
918 1430 68 77 68 77 0 0 27 27 0 512 0
1430 1448 68 77 66 93 0 1 27 9 809 34 18
1448 1450 66 93 67 94 1 0 9 7 -809 34 2
1450 1792 67 94 67 94 0 0 7 7 0 342 0
1792 1797 67 94 64 96 0 0 7 2 1000000000 0 5
--------------------------------------
--------------------------------------
EV35
--------------------------------------
Num TPs served = 4
TPs served = 289 304 313 413
Total energy used = 100
--------------------------------------
Schedule:
286 535 64 96 64 96 0 0 100 100 0 249 0
535 571 64 96 51 73 0 1 100 64 289 32 36
571 573 51 73 51 75 1 0 64 62 -289 33 2
573 595 51 75 37 83 0 1 62 40 304 31 22
595 595 37 83 37 83 1 0 40 40 -304 32 0
595 617 37 83 54 88 0 1 40 18 313 24 22
617 620 54 88 57 88 1 0 18 15 -313 24 3
620 757 57 88 57 88 0 0 15 15 0 137 0
757 761 57 88 57 92 0 1 15 11 413 34 4
761 762 57 92 57 92 1 1 11 11 0 1 0
762 764 57 92 59 92 1 0 11 9 -413 34 2
764 1788 59 92 59 92 0 0 9 9 0 1024 0
1788 1797 59 92 64 96 0 0 9 0 1000000000 0 9
--------------------------------------

-------------------------------------------------------------------------

TPs

-------------------------------------------------------------------------

----------------------
TP1 allocated to 9
----------------------

----------------------
TP2 not allocated
----------------------

----------------------
TP3 allocated to 0
----------------------

----------------------
TP4 not allocated
----------------------

----------------------
TP5 allocated to 10
----------------------

----------------------
TP6 allocated to 9
----------------------

----------------------
TP7 allocated to 18
----------------------

----------------------
TP8 allocated to 27
----------------------

----------------------
TP9 not allocated
----------------------

----------------------
TP10 not allocated
----------------------

----------------------
TP11 not allocated
----------------------

----------------------
TP12 allocated to 27
----------------------

----------------------
TP13 allocated to 0
----------------------

----------------------
TP14 not allocated
----------------------

----------------------
TP15 not allocated
----------------------

----------------------
TP16 allocated to 18
----------------------

----------------------
TP17 allocated to 19
----------------------

----------------------
TP18 not allocated
----------------------

----------------------
TP19 allocated to 27
----------------------

----------------------
TP20 not allocated
----------------------

----------------------
TP21 allocated to 19
----------------------

----------------------
TP22 allocated to 0
----------------------

----------------------
TP23 allocated to 10
----------------------

----------------------
TP24 allocated to 1
----------------------

----------------------
TP25 allocated to 18
----------------------

----------------------
TP26 not allocated
----------------------

----------------------
TP27 allocated to 9
----------------------

----------------------
TP28 not allocated
----------------------

----------------------
TP29 allocated to 1
----------------------

----------------------
TP30 not allocated
----------------------

----------------------
TP31 allocated to 11
----------------------

----------------------
TP32 allocated to 1
----------------------

----------------------
TP33 not allocated
----------------------

----------------------
TP34 not allocated
----------------------

----------------------
TP35 not allocated
----------------------

----------------------
TP36 allocated to 10
----------------------

----------------------
TP37 not allocated
----------------------

----------------------
TP38 allocated to 19
----------------------

----------------------
TP39 not allocated
----------------------

----------------------
TP40 allocated to 19
----------------------

----------------------
TP41 allocated to 2
----------------------

----------------------
TP42 allocated to 11
----------------------

----------------------
TP43 allocated to 18
----------------------

----------------------
TP44 not allocated
----------------------

----------------------
TP45 allocated to 10
----------------------

----------------------
TP46 allocated to 9
----------------------

----------------------
TP47 allocated to 2
----------------------

----------------------
TP48 not allocated
----------------------

----------------------
TP49 allocated to 11
----------------------

----------------------
TP50 allocated to 28
----------------------

----------------------
TP51 allocated to 18
----------------------

----------------------
TP52 not allocated
----------------------

----------------------
TP53 not allocated
----------------------

----------------------
TP54 not allocated
----------------------

----------------------
TP55 allocated to 12
----------------------

----------------------
TP56 allocated to 19
----------------------

----------------------
TP57 allocated to 3
----------------------

----------------------
TP58 allocated to 20
----------------------

----------------------
TP59 not allocated
----------------------

----------------------
TP60 not allocated
----------------------

----------------------
TP61 not allocated
----------------------

----------------------
TP62 allocated to 20
----------------------

----------------------
TP63 allocated to 3
----------------------

----------------------
TP64 allocated to 2
----------------------

----------------------
TP65 not allocated
----------------------

----------------------
TP66 allocated to 2
----------------------

----------------------
TP67 allocated to 0
----------------------

----------------------
TP68 not allocated
----------------------

----------------------
TP69 allocated to 12
----------------------

----------------------
TP70 allocated to 12
----------------------

----------------------
TP71 allocated to 12
----------------------

----------------------
TP72 allocated to 20
----------------------

----------------------
TP73 not allocated
----------------------

----------------------
TP74 allocated to 9
----------------------

----------------------
TP75 not allocated
----------------------

----------------------
TP76 allocated to 4
----------------------

----------------------
TP77 not allocated
----------------------

----------------------
TP78 not allocated
----------------------

----------------------
TP79 allocated to 13
----------------------

----------------------
TP80 not allocated
----------------------

----------------------
TP81 not allocated
----------------------

----------------------
TP82 allocated to 0
----------------------

----------------------
TP83 not allocated
----------------------

----------------------
TP84 not allocated
----------------------

----------------------
TP85 allocated to 4
----------------------

----------------------
TP86 allocated to 10
----------------------

----------------------
TP87 allocated to 12
----------------------

----------------------
TP88 allocated to 19
----------------------

----------------------
TP89 not allocated
----------------------

----------------------
TP90 allocated to 12
----------------------

----------------------
TP91 allocated to 21
----------------------

----------------------
TP92 allocated to 3
----------------------

----------------------
TP93 allocated to 22
----------------------

----------------------
TP94 not allocated
----------------------

----------------------
TP95 not allocated
----------------------

----------------------
TP96 not allocated
----------------------

----------------------
TP97 allocated to 5
----------------------

----------------------
TP98 allocated to 27
----------------------

----------------------
TP99 allocated to 21
----------------------

----------------------
TP100 allocated to 14
----------------------

----------------------
TP101 not allocated
----------------------

----------------------
TP102 not allocated
----------------------

----------------------
TP103 not allocated
----------------------

----------------------
TP104 allocated to 28
----------------------

----------------------
TP105 allocated to 13
----------------------

----------------------
TP106 not allocated
----------------------

----------------------
TP107 not allocated
----------------------

----------------------
TP108 allocated to 6
----------------------

----------------------
TP109 allocated to 21
----------------------

----------------------
TP110 allocated to 23
----------------------

----------------------
TP111 allocated to 6
----------------------

----------------------
TP112 not allocated
----------------------

----------------------
TP113 not allocated
----------------------

----------------------
TP114 allocated to 7
----------------------

----------------------
TP115 not allocated
----------------------

----------------------
TP116 not allocated
----------------------

----------------------
TP117 allocated to 10
----------------------

----------------------
TP118 not allocated
----------------------

----------------------
TP119 allocated to 14
----------------------

----------------------
TP120 allocated to 15
----------------------

----------------------
TP121 not allocated
----------------------

----------------------
TP122 not allocated
----------------------

----------------------
TP123 allocated to 24
----------------------

----------------------
TP124 allocated to 23
----------------------

----------------------
TP125 not allocated
----------------------

----------------------
TP126 allocated to 29
----------------------

----------------------
TP127 not allocated
----------------------

----------------------
TP128 allocated to 7
----------------------

----------------------
TP129 allocated to 20
----------------------

----------------------
TP130 allocated to 20
----------------------

----------------------
TP131 not allocated
----------------------

----------------------
TP132 not allocated
----------------------

----------------------
TP133 allocated to 29
----------------------

----------------------
TP134 allocated to 15
----------------------

----------------------
TP135 not allocated
----------------------

----------------------
TP136 allocated to 7
----------------------

----------------------
TP137 allocated to 6
----------------------

----------------------
TP138 allocated to 16
----------------------

----------------------
TP139 not allocated
----------------------

----------------------
TP140 allocated to 23
----------------------

----------------------
TP141 allocated to 6
----------------------

----------------------
TP142 allocated to 22
----------------------

----------------------
TP143 allocated to 24
----------------------

----------------------
TP144 allocated to 14
----------------------

----------------------
TP145 not allocated
----------------------

----------------------
TP146 not allocated
----------------------

----------------------
TP147 allocated to 25
----------------------

----------------------
TP148 not allocated
----------------------

----------------------
TP149 allocated to 5
----------------------

----------------------
TP150 not allocated
----------------------

----------------------
TP151 not allocated
----------------------

----------------------
TP152 allocated to 17
----------------------

----------------------
TP153 allocated to 8
----------------------

----------------------
TP154 not allocated
----------------------

----------------------
TP155 allocated to 4
----------------------

----------------------
TP156 not allocated
----------------------

----------------------
TP157 not allocated
----------------------

----------------------
TP158 allocated to 25
----------------------

----------------------
TP159 not allocated
----------------------

----------------------
TP160 allocated to 24
----------------------

----------------------
TP161 allocated to 26
----------------------

----------------------
TP162 allocated to 11
----------------------

----------------------
TP163 not allocated
----------------------

----------------------
TP164 allocated to 15
----------------------

----------------------
TP165 allocated to 0
----------------------

----------------------
TP166 not allocated
----------------------

----------------------
TP167 not allocated
----------------------

----------------------
TP168 allocated to 17
----------------------

----------------------
TP169 allocated to 16
----------------------

----------------------
TP170 allocated to 8
----------------------

----------------------
TP171 not allocated
----------------------

----------------------
TP172 not allocated
----------------------

----------------------
TP173 not allocated
----------------------

----------------------
TP174 not allocated
----------------------

----------------------
TP175 not allocated
----------------------

----------------------
TP176 not allocated
----------------------

----------------------
TP177 not allocated
----------------------

----------------------
TP178 not allocated
----------------------

----------------------
TP179 not allocated
----------------------

----------------------
TP180 allocated to 17
----------------------

----------------------
TP181 not allocated
----------------------

----------------------
TP182 allocated to 8
----------------------

----------------------
TP183 not allocated
----------------------

----------------------
TP184 allocated to 30
----------------------

----------------------
TP185 not allocated
----------------------

----------------------
TP186 allocated to 25
----------------------

----------------------
TP187 allocated to 1
----------------------

----------------------
TP188 not allocated
----------------------

----------------------
TP189 allocated to 7
----------------------

----------------------
TP190 allocated to 8
----------------------

----------------------
TP191 allocated to 27
----------------------

----------------------
TP192 allocated to 19
----------------------

----------------------
TP193 allocated to 16
----------------------

----------------------
TP194 allocated to 28
----------------------

----------------------
TP195 allocated to 17
----------------------

----------------------
TP196 not allocated
----------------------

----------------------
TP197 not allocated
----------------------

----------------------
TP198 not allocated
----------------------

----------------------
TP199 not allocated
----------------------

----------------------
TP200 not allocated
----------------------

----------------------
TP201 allocated to 4
----------------------

----------------------
TP202 allocated to 26
----------------------

----------------------
TP203 allocated to 7
----------------------

----------------------
TP204 not allocated
----------------------

----------------------
TP205 allocated to 23
----------------------

----------------------
TP206 not allocated
----------------------

----------------------
TP207 not allocated
----------------------

----------------------
TP208 not allocated
----------------------

----------------------
TP209 not allocated
----------------------

----------------------
TP210 not allocated
----------------------

----------------------
TP211 not allocated
----------------------

----------------------
TP212 allocated to 19
----------------------

----------------------
TP213 not allocated
----------------------

----------------------
TP214 allocated to 31
----------------------

----------------------
TP215 allocated to 4
----------------------

----------------------
TP216 not allocated
----------------------

----------------------
TP217 allocated to 16
----------------------

----------------------
TP218 not allocated
----------------------

----------------------
TP219 not allocated
----------------------

----------------------
TP220 allocated to 0
----------------------

----------------------
TP221 not allocated
----------------------

----------------------
TP222 allocated to 1
----------------------

----------------------
TP223 not allocated
----------------------

----------------------
TP224 not allocated
----------------------

----------------------
TP225 allocated to 11
----------------------

----------------------
TP226 not allocated
----------------------

----------------------
TP227 not allocated
----------------------

----------------------
TP228 allocated to 14
----------------------

----------------------
TP229 allocated to 6
----------------------

----------------------
TP230 not allocated
----------------------

----------------------
TP231 not allocated
----------------------

----------------------
TP232 allocated to 25
----------------------

----------------------
TP233 allocated to 13
----------------------

----------------------
TP234 allocated to 14
----------------------

----------------------
TP235 allocated to 16
----------------------

----------------------
TP236 not allocated
----------------------

----------------------
TP237 allocated to 31
----------------------

----------------------
TP238 allocated to 30
----------------------

----------------------
TP239 not allocated
----------------------

----------------------
TP240 allocated to 22
----------------------

----------------------
TP241 not allocated
----------------------

----------------------
TP242 not allocated
----------------------

----------------------
TP243 not allocated
----------------------

----------------------
TP244 not allocated
----------------------

----------------------
TP245 allocated to 3
----------------------

----------------------
TP246 not allocated
----------------------

----------------------
TP247 allocated to 26
----------------------

----------------------
TP248 not allocated
----------------------

----------------------
TP249 allocated to 12
----------------------

----------------------
TP250 not allocated
----------------------

----------------------
TP251 allocated to 1
----------------------

----------------------
TP252 not allocated
----------------------

----------------------
TP253 not allocated
----------------------

----------------------
TP254 allocated to 28
----------------------

----------------------
TP255 not allocated
----------------------

----------------------
TP256 not allocated
----------------------

----------------------
TP257 not allocated
----------------------

----------------------
TP258 not allocated
----------------------

----------------------
TP259 not allocated
----------------------

----------------------
TP260 not allocated
----------------------

----------------------
TP261 allocated to 17
----------------------

----------------------
TP262 allocated to 30
----------------------

----------------------
TP263 not allocated
----------------------

----------------------
TP264 not allocated
----------------------

----------------------
TP265 not allocated
----------------------

----------------------
TP266 not allocated
----------------------

----------------------
TP267 not allocated
----------------------

----------------------
TP268 allocated to 32
----------------------

----------------------
TP269 allocated to 21
----------------------

----------------------
TP270 not allocated
----------------------

----------------------
TP271 allocated to 7
----------------------

----------------------
TP272 allocated to 33
----------------------

----------------------
TP273 not allocated
----------------------

----------------------
TP274 not allocated
----------------------

----------------------
TP275 not allocated
----------------------

----------------------
TP276 not allocated
----------------------

----------------------
TP277 not allocated
----------------------

----------------------
TP278 allocated to 32
----------------------

----------------------
TP279 not allocated
----------------------

----------------------
TP280 not allocated
----------------------

----------------------
TP281 not allocated
----------------------

----------------------
TP282 allocated to 34
----------------------

----------------------
TP283 not allocated
----------------------

----------------------
TP284 not allocated
----------------------

----------------------
TP285 not allocated
----------------------

----------------------
TP286 not allocated
----------------------

----------------------
TP287 not allocated
----------------------

----------------------
TP288 not allocated
----------------------

----------------------
TP289 allocated to 35
----------------------

----------------------
TP290 not allocated
----------------------

----------------------
TP291 not allocated
----------------------

----------------------
TP292 not allocated
----------------------

----------------------
TP293 not allocated
----------------------

----------------------
TP294 allocated to 2
----------------------

----------------------
TP295 not allocated
----------------------

----------------------
TP296 not allocated
----------------------

----------------------
TP297 not allocated
----------------------

----------------------
TP298 allocated to 32
----------------------

----------------------
TP299 not allocated
----------------------

----------------------
TP300 not allocated
----------------------

----------------------
TP301 not allocated
----------------------

----------------------
TP302 allocated to 29
----------------------

----------------------
TP303 not allocated
----------------------

----------------------
TP304 allocated to 35
----------------------

----------------------
TP305 allocated to 17
----------------------

----------------------
TP306 not allocated
----------------------

----------------------
TP307 not allocated
----------------------

----------------------
TP308 not allocated
----------------------

----------------------
TP309 allocated to 32
----------------------

----------------------
TP310 not allocated
----------------------

----------------------
TP311 not allocated
----------------------

----------------------
TP312 not allocated
----------------------

----------------------
TP313 allocated to 35
----------------------

----------------------
TP314 allocated to 8
----------------------

----------------------
TP315 allocated to 33
----------------------

----------------------
TP316 not allocated
----------------------

----------------------
TP317 not allocated
----------------------

----------------------
TP318 not allocated
----------------------

----------------------
TP319 allocated to 28
----------------------

----------------------
TP320 not allocated
----------------------

----------------------
TP321 not allocated
----------------------

----------------------
TP322 allocated to 32
----------------------

----------------------
TP323 not allocated
----------------------

----------------------
TP324 not allocated
----------------------

----------------------
TP325 not allocated
----------------------

----------------------
TP326 not allocated
----------------------

----------------------
TP327 not allocated
----------------------

----------------------
TP328 not allocated
----------------------

----------------------
TP329 not allocated
----------------------

----------------------
TP330 not allocated
----------------------

----------------------
TP331 not allocated
----------------------

----------------------
TP332 not allocated
----------------------

----------------------
TP333 not allocated
----------------------

----------------------
TP334 not allocated
----------------------

----------------------
TP335 not allocated
----------------------

----------------------
TP336 not allocated
----------------------

----------------------
TP337 not allocated
----------------------

----------------------
TP338 not allocated
----------------------

----------------------
TP339 not allocated
----------------------

----------------------
TP340 not allocated
----------------------

----------------------
TP341 not allocated
----------------------

----------------------
TP342 not allocated
----------------------

----------------------
TP343 not allocated
----------------------

----------------------
TP344 allocated to 5
----------------------

----------------------
TP345 not allocated
----------------------

----------------------
TP346 not allocated
----------------------

----------------------
TP347 not allocated
----------------------

----------------------
TP348 allocated to 33
----------------------

----------------------
TP349 not allocated
----------------------

----------------------
TP350 not allocated
----------------------

----------------------
TP351 not allocated
----------------------

----------------------
TP352 not allocated
----------------------

----------------------
TP353 not allocated
----------------------

----------------------
TP354 not allocated
----------------------

----------------------
TP355 not allocated
----------------------

----------------------
TP356 not allocated
----------------------

----------------------
TP357 not allocated
----------------------

----------------------
TP358 not allocated
----------------------

----------------------
TP359 not allocated
----------------------

----------------------
TP360 not allocated
----------------------

----------------------
TP361 not allocated
----------------------

----------------------
TP362 not allocated
----------------------

----------------------
TP363 not allocated
----------------------

----------------------
TP364 not allocated
----------------------

----------------------
TP365 not allocated
----------------------

----------------------
TP366 not allocated
----------------------

----------------------
TP367 not allocated
----------------------

----------------------
TP368 not allocated
----------------------

----------------------
TP369 not allocated
----------------------

----------------------
TP370 not allocated
----------------------

----------------------
TP371 not allocated
----------------------

----------------------
TP372 not allocated
----------------------

----------------------
TP373 not allocated
----------------------

----------------------
TP374 not allocated
----------------------

----------------------
TP375 allocated to 10
----------------------

----------------------
TP376 not allocated
----------------------

----------------------
TP377 not allocated
----------------------

----------------------
TP378 not allocated
----------------------

----------------------
TP379 not allocated
----------------------

----------------------
TP380 not allocated
----------------------

----------------------
TP381 not allocated
----------------------

----------------------
TP382 not allocated
----------------------

----------------------
TP383 not allocated
----------------------

----------------------
TP384 not allocated
----------------------

----------------------
TP385 not allocated
----------------------

----------------------
TP386 not allocated
----------------------

----------------------
TP387 not allocated
----------------------

----------------------
TP388 allocated to 32
----------------------

----------------------
TP389 allocated to 34
----------------------

----------------------
TP390 not allocated
----------------------

----------------------
TP391 not allocated
----------------------

----------------------
TP392 not allocated
----------------------

----------------------
TP393 not allocated
----------------------

----------------------
TP394 not allocated
----------------------

----------------------
TP395 not allocated
----------------------

----------------------
TP396 not allocated
----------------------

----------------------
TP397 not allocated
----------------------

----------------------
TP398 not allocated
----------------------

----------------------
TP399 not allocated
----------------------

----------------------
TP400 not allocated
----------------------

----------------------
TP401 not allocated
----------------------

----------------------
TP402 allocated to 3
----------------------

----------------------
TP403 not allocated
----------------------

----------------------
TP404 not allocated
----------------------

----------------------
TP405 not allocated
----------------------

----------------------
TP406 not allocated
----------------------

----------------------
TP407 not allocated
----------------------

----------------------
TP408 not allocated
----------------------

----------------------
TP409 not allocated
----------------------

----------------------
TP410 not allocated
----------------------

----------------------
TP411 not allocated
----------------------

----------------------
TP412 not allocated
----------------------

----------------------
TP413 allocated to 35
----------------------

----------------------
TP414 not allocated
----------------------

----------------------
TP415 not allocated
----------------------

----------------------
TP416 not allocated
----------------------

----------------------
TP417 allocated to 22
----------------------

----------------------
TP418 not allocated
----------------------

----------------------
TP419 not allocated
----------------------

----------------------
TP420 not allocated
----------------------

----------------------
TP421 not allocated
----------------------

----------------------
TP422 not allocated
----------------------

----------------------
TP423 not allocated
----------------------

----------------------
TP424 not allocated
----------------------

----------------------
TP425 not allocated
----------------------

----------------------
TP426 not allocated
----------------------

----------------------
TP427 not allocated
----------------------

----------------------
TP428 not allocated
----------------------

----------------------
TP429 not allocated
----------------------

----------------------
TP430 not allocated
----------------------

----------------------
TP431 not allocated
----------------------

----------------------
TP432 not allocated
----------------------

----------------------
TP433 not allocated
----------------------

----------------------
TP434 not allocated
----------------------

----------------------
TP435 not allocated
----------------------

----------------------
TP436 not allocated
----------------------

----------------------
TP437 not allocated
----------------------

----------------------
TP438 not allocated
----------------------

----------------------
TP439 not allocated
----------------------

----------------------
TP440 not allocated
----------------------

----------------------
TP441 not allocated
----------------------

----------------------
TP442 not allocated
----------------------

----------------------
TP443 not allocated
----------------------

----------------------
TP444 not allocated
----------------------

----------------------
TP445 allocated to 31
----------------------

----------------------
TP446 not allocated
----------------------

----------------------
TP447 not allocated
----------------------

----------------------
TP448 not allocated
----------------------

----------------------
TP449 allocated to 33
----------------------

----------------------
TP450 not allocated
----------------------

----------------------
TP451 not allocated
----------------------

----------------------
TP452 not allocated
----------------------

----------------------
TP453 not allocated
----------------------

----------------------
TP454 not allocated
----------------------

----------------------
TP455 not allocated
----------------------

----------------------
TP456 not allocated
----------------------

----------------------
TP457 not allocated
----------------------

----------------------
TP458 not allocated
----------------------

----------------------
TP459 not allocated
----------------------

----------------------
TP460 not allocated
----------------------

----------------------
TP461 not allocated
----------------------

----------------------
TP462 not allocated
----------------------

----------------------
TP463 not allocated
----------------------

----------------------
TP464 not allocated
----------------------

----------------------
TP465 not allocated
----------------------

----------------------
TP466 allocated to 12
----------------------

----------------------
TP467 not allocated
----------------------

----------------------
TP468 not allocated
----------------------

----------------------
TP469 not allocated
----------------------

----------------------
TP470 not allocated
----------------------

----------------------
TP471 not allocated
----------------------

----------------------
TP472 not allocated
----------------------

----------------------
TP473 not allocated
----------------------

----------------------
TP474 not allocated
----------------------

----------------------
TP475 not allocated
----------------------

----------------------
TP476 not allocated
----------------------

----------------------
TP477 not allocated
----------------------

----------------------
TP478 not allocated
----------------------

----------------------
TP479 not allocated
----------------------

----------------------
TP480 not allocated
----------------------

----------------------
TP481 allocated to 13
----------------------

----------------------
TP482 not allocated
----------------------

----------------------
TP483 not allocated
----------------------

----------------------
TP484 not allocated
----------------------

----------------------
TP485 not allocated
----------------------

----------------------
TP486 not allocated
----------------------

----------------------
TP487 not allocated
----------------------

----------------------
TP488 not allocated
----------------------

----------------------
TP489 not allocated
----------------------

----------------------
TP490 not allocated
----------------------

----------------------
TP491 not allocated
----------------------

----------------------
TP492 not allocated
----------------------

----------------------
TP493 not allocated
----------------------

----------------------
TP494 not allocated
----------------------

----------------------
TP495 not allocated
----------------------

----------------------
TP496 not allocated
----------------------

----------------------
TP497 not allocated
----------------------

----------------------
TP498 not allocated
----------------------

----------------------
TP499 not allocated
----------------------

----------------------
TP500 not allocated
----------------------

----------------------
TP501 not allocated
----------------------

----------------------
TP502 not allocated
----------------------

----------------------
TP503 not allocated
----------------------

----------------------
TP504 not allocated
----------------------

----------------------
TP505 not allocated
----------------------

----------------------
TP506 allocated to 34
----------------------

----------------------
TP507 not allocated
----------------------

----------------------
TP508 not allocated
----------------------

----------------------
TP509 not allocated
----------------------

----------------------
TP510 allocated to 28
----------------------

----------------------
TP511 not allocated
----------------------

----------------------
TP512 not allocated
----------------------

----------------------
TP513 not allocated
----------------------

----------------------
TP514 not allocated
----------------------

----------------------
TP515 not allocated
----------------------

----------------------
TP516 not allocated
----------------------

----------------------
TP517 not allocated
----------------------

----------------------
TP518 not allocated
----------------------

----------------------
TP519 not allocated
----------------------

----------------------
TP520 not allocated
----------------------

----------------------
TP521 not allocated
----------------------

----------------------
TP522 not allocated
----------------------

----------------------
TP523 not allocated
----------------------

----------------------
TP524 not allocated
----------------------

----------------------
TP525 not allocated
----------------------

----------------------
TP526 not allocated
----------------------

----------------------
TP527 not allocated
----------------------

----------------------
TP528 not allocated
----------------------

----------------------
TP529 not allocated
----------------------

----------------------
TP530 not allocated
----------------------

----------------------
TP531 not allocated
----------------------

----------------------
TP532 not allocated
----------------------

----------------------
TP533 not allocated
----------------------

----------------------
TP534 not allocated
----------------------

----------------------
TP535 not allocated
----------------------

----------------------
TP536 not allocated
----------------------

----------------------
TP537 not allocated
----------------------

----------------------
TP538 not allocated
----------------------

----------------------
TP539 not allocated
----------------------

----------------------
TP540 not allocated
----------------------

----------------------
TP541 not allocated
----------------------

----------------------
TP542 allocated to 16
----------------------

----------------------
TP543 not allocated
----------------------

----------------------
TP544 not allocated
----------------------

----------------------
TP545 not allocated
----------------------

----------------------
TP546 not allocated
----------------------

----------------------
TP547 not allocated
----------------------

----------------------
TP548 not allocated
----------------------

----------------------
TP549 not allocated
----------------------

----------------------
TP550 not allocated
----------------------

----------------------
TP551 not allocated
----------------------

----------------------
TP552 not allocated
----------------------

----------------------
TP553 not allocated
----------------------

----------------------
TP554 not allocated
----------------------

----------------------
TP555 not allocated
----------------------

----------------------
TP556 not allocated
----------------------

----------------------
TP557 not allocated
----------------------

----------------------
TP558 not allocated
----------------------

----------------------
TP559 not allocated
----------------------

----------------------
TP560 not allocated
----------------------

----------------------
TP561 not allocated
----------------------

----------------------
TP562 not allocated
----------------------

----------------------
TP563 not allocated
----------------------

----------------------
TP564 not allocated
----------------------

----------------------
TP565 not allocated
----------------------

----------------------
TP566 not allocated
----------------------

----------------------
TP567 not allocated
----------------------

----------------------
TP568 not allocated
----------------------

----------------------
TP569 not allocated
----------------------

----------------------
TP570 not allocated
----------------------

----------------------
TP571 not allocated
----------------------

----------------------
TP572 not allocated
----------------------

----------------------
TP573 not allocated
----------------------

----------------------
TP574 not allocated
----------------------

----------------------
TP575 not allocated
----------------------

----------------------
TP576 not allocated
----------------------

----------------------
TP577 not allocated
----------------------

----------------------
TP578 not allocated
----------------------

----------------------
TP579 not allocated
----------------------

----------------------
TP580 not allocated
----------------------

----------------------
TP581 not allocated
----------------------

----------------------
TP582 not allocated
----------------------

----------------------
TP583 not allocated
----------------------

----------------------
TP584 not allocated
----------------------

----------------------
TP585 not allocated
----------------------

----------------------
TP586 not allocated
----------------------

----------------------
TP587 not allocated
----------------------

----------------------
TP588 not allocated
----------------------

----------------------
TP589 not allocated
----------------------

----------------------
TP590 not allocated
----------------------

----------------------
TP591 not allocated
----------------------

----------------------
TP592 not allocated
----------------------

----------------------
TP593 not allocated
----------------------

----------------------
TP594 not allocated
----------------------

----------------------
TP595 not allocated
----------------------

----------------------
TP596 not allocated
----------------------

----------------------
TP597 not allocated
----------------------

----------------------
TP598 not allocated
----------------------

----------------------
TP599 not allocated
----------------------

----------------------
TP600 not allocated
----------------------

----------------------
TP601 not allocated
----------------------

----------------------
TP602 not allocated
----------------------

----------------------
TP603 allocated to 7
----------------------

----------------------
TP604 not allocated
----------------------

----------------------
TP605 not allocated
----------------------

----------------------
TP606 not allocated
----------------------

----------------------
TP607 not allocated
----------------------

----------------------
TP608 not allocated
----------------------

----------------------
TP609 not allocated
----------------------

----------------------
TP610 not allocated
----------------------

----------------------
TP611 not allocated
----------------------

----------------------
TP612 not allocated
----------------------

----------------------
TP613 not allocated
----------------------

----------------------
TP614 not allocated
----------------------

----------------------
TP615 not allocated
----------------------

----------------------
TP616 not allocated
----------------------

----------------------
TP617 not allocated
----------------------

----------------------
TP618 not allocated
----------------------

----------------------
TP619 not allocated
----------------------

----------------------
TP620 not allocated
----------------------

----------------------
TP621 not allocated
----------------------

----------------------
TP622 not allocated
----------------------

----------------------
TP623 not allocated
----------------------

----------------------
TP624 not allocated
----------------------

----------------------
TP625 not allocated
----------------------

----------------------
TP626 not allocated
----------------------

----------------------
TP627 not allocated
----------------------

----------------------
TP628 not allocated
----------------------

----------------------
TP629 not allocated
----------------------

----------------------
TP630 not allocated
----------------------

----------------------
TP631 not allocated
----------------------

----------------------
TP632 not allocated
----------------------

----------------------
TP633 not allocated
----------------------

----------------------
TP634 not allocated
----------------------

----------------------
TP635 allocated to 28
----------------------

----------------------
TP636 not allocated
----------------------

----------------------
TP637 not allocated
----------------------

----------------------
TP638 not allocated
----------------------

----------------------
TP639 not allocated
----------------------

----------------------
TP640 not allocated
----------------------

----------------------
TP641 not allocated
----------------------

----------------------
TP642 not allocated
----------------------

----------------------
TP643 not allocated
----------------------

----------------------
TP644 not allocated
----------------------

----------------------
TP645 not allocated
----------------------

----------------------
TP646 not allocated
----------------------

----------------------
TP647 not allocated
----------------------

----------------------
TP648 not allocated
----------------------

----------------------
TP649 not allocated
----------------------

----------------------
TP650 not allocated
----------------------

----------------------
TP651 not allocated
----------------------

----------------------
TP652 not allocated
----------------------

----------------------
TP653 not allocated
----------------------

----------------------
TP654 not allocated
----------------------

----------------------
TP655 not allocated
----------------------

----------------------
TP656 not allocated
----------------------

----------------------
TP657 allocated to 31
----------------------

----------------------
TP658 not allocated
----------------------

----------------------
TP659 not allocated
----------------------

----------------------
TP660 not allocated
----------------------

----------------------
TP661 not allocated
----------------------

----------------------
TP662 not allocated
----------------------

----------------------
TP663 not allocated
----------------------

----------------------
TP664 not allocated
----------------------

----------------------
TP665 not allocated
----------------------

----------------------
TP666 not allocated
----------------------

----------------------
TP667 not allocated
----------------------

----------------------
TP668 not allocated
----------------------

----------------------
TP669 not allocated
----------------------

----------------------
TP670 not allocated
----------------------

----------------------
TP671 not allocated
----------------------

----------------------
TP672 not allocated
----------------------

----------------------
TP673 not allocated
----------------------

----------------------
TP674 not allocated
----------------------

----------------------
TP675 not allocated
----------------------

----------------------
TP676 allocated to 8
----------------------

----------------------
TP677 not allocated
----------------------

----------------------
TP678 not allocated
----------------------

----------------------
TP679 not allocated
----------------------

----------------------
TP680 not allocated
----------------------

----------------------
TP681 not allocated
----------------------

----------------------
TP682 not allocated
----------------------

----------------------
TP683 not allocated
----------------------

----------------------
TP684 not allocated
----------------------

----------------------
TP685 not allocated
----------------------

----------------------
TP686 not allocated
----------------------

----------------------
TP687 not allocated
----------------------

----------------------
TP688 not allocated
----------------------

----------------------
TP689 not allocated
----------------------

----------------------
TP690 not allocated
----------------------

----------------------
TP691 not allocated
----------------------

----------------------
TP692 not allocated
----------------------

----------------------
TP693 allocated to 29
----------------------

----------------------
TP694 not allocated
----------------------

----------------------
TP695 not allocated
----------------------

----------------------
TP696 not allocated
----------------------

----------------------
TP697 not allocated
----------------------

----------------------
TP698 not allocated
----------------------

----------------------
TP699 not allocated
----------------------

----------------------
TP700 not allocated
----------------------

----------------------
TP701 not allocated
----------------------

----------------------
TP702 not allocated
----------------------

----------------------
TP703 not allocated
----------------------

----------------------
TP704 not allocated
----------------------

----------------------
TP705 not allocated
----------------------

----------------------
TP706 not allocated
----------------------

----------------------
TP707 not allocated
----------------------

----------------------
TP708 not allocated
----------------------

----------------------
TP709 not allocated
----------------------

----------------------
TP710 not allocated
----------------------

----------------------
TP711 not allocated
----------------------

----------------------
TP712 allocated to 10
----------------------

----------------------
TP713 not allocated
----------------------

----------------------
TP714 not allocated
----------------------

----------------------
TP715 not allocated
----------------------

----------------------
TP716 not allocated
----------------------

----------------------
TP717 not allocated
----------------------

----------------------
TP718 not allocated
----------------------

----------------------
TP719 not allocated
----------------------

----------------------
TP720 not allocated
----------------------

----------------------
TP721 not allocated
----------------------

----------------------
TP722 not allocated
----------------------

----------------------
TP723 not allocated
----------------------

----------------------
TP724 not allocated
----------------------

----------------------
TP725 not allocated
----------------------

----------------------
TP726 not allocated
----------------------

----------------------
TP727 not allocated
----------------------

----------------------
TP728 not allocated
----------------------

----------------------
TP729 not allocated
----------------------

----------------------
TP730 not allocated
----------------------

----------------------
TP731 not allocated
----------------------

----------------------
TP732 not allocated
----------------------

----------------------
TP733 not allocated
----------------------

----------------------
TP734 not allocated
----------------------

----------------------
TP735 not allocated
----------------------

----------------------
TP736 not allocated
----------------------

----------------------
TP737 not allocated
----------------------

----------------------
TP738 not allocated
----------------------

----------------------
TP739 not allocated
----------------------

----------------------
TP740 not allocated
----------------------

----------------------
TP741 not allocated
----------------------

----------------------
TP742 not allocated
----------------------

----------------------
TP743 not allocated
----------------------

----------------------
TP744 not allocated
----------------------

----------------------
TP745 not allocated
----------------------

----------------------
TP746 not allocated
----------------------

----------------------
TP747 not allocated
----------------------

----------------------
TP748 not allocated
----------------------

----------------------
TP749 not allocated
----------------------

----------------------
TP750 allocated to 22
----------------------

----------------------
TP751 not allocated
----------------------

----------------------
TP752 not allocated
----------------------

----------------------
TP753 not allocated
----------------------

----------------------
TP754 not allocated
----------------------

----------------------
TP755 not allocated
----------------------

----------------------
TP756 not allocated
----------------------

----------------------
TP757 not allocated
----------------------

----------------------
TP758 not allocated
----------------------

----------------------
TP759 not allocated
----------------------

----------------------
TP760 not allocated
----------------------

----------------------
TP761 not allocated
----------------------

----------------------
TP762 not allocated
----------------------

----------------------
TP763 not allocated
----------------------

----------------------
TP764 not allocated
----------------------

----------------------
TP765 not allocated
----------------------

----------------------
TP766 not allocated
----------------------

----------------------
TP767 not allocated
----------------------

----------------------
TP768 not allocated
----------------------

----------------------
TP769 not allocated
----------------------

----------------------
TP770 not allocated
----------------------

----------------------
TP771 not allocated
----------------------

----------------------
TP772 not allocated
----------------------

----------------------
TP773 not allocated
----------------------

----------------------
TP774 not allocated
----------------------

----------------------
TP775 not allocated
----------------------

----------------------
TP776 not allocated
----------------------

----------------------
TP777 not allocated
----------------------

----------------------
TP778 not allocated
----------------------

----------------------
TP779 not allocated
----------------------

----------------------
TP780 not allocated
----------------------

----------------------
TP781 not allocated
----------------------

----------------------
TP782 not allocated
----------------------

----------------------
TP783 not allocated
----------------------

----------------------
TP784 not allocated
----------------------

----------------------
TP785 not allocated
----------------------

----------------------
TP786 not allocated
----------------------

----------------------
TP787 not allocated
----------------------

----------------------
TP788 not allocated
----------------------

----------------------
TP789 not allocated
----------------------

----------------------
TP790 not allocated
----------------------

----------------------
TP791 not allocated
----------------------

----------------------
TP792 not allocated
----------------------

----------------------
TP793 not allocated
----------------------

----------------------
TP794 not allocated
----------------------

----------------------
TP795 not allocated
----------------------

----------------------
TP796 not allocated
----------------------

----------------------
TP797 not allocated
----------------------

----------------------
TP798 not allocated
----------------------

----------------------
TP799 not allocated
----------------------

----------------------
TP800 not allocated
----------------------

----------------------
TP801 not allocated
----------------------

----------------------
TP802 not allocated
----------------------

----------------------
TP803 not allocated
----------------------

----------------------
TP804 not allocated
----------------------

----------------------
TP805 not allocated
----------------------

----------------------
TP806 not allocated
----------------------

----------------------
TP807 not allocated
----------------------

----------------------
TP808 not allocated
----------------------

----------------------
TP809 allocated to 34
----------------------

----------------------
TP810 not allocated
----------------------

----------------------
TP811 not allocated
----------------------

----------------------
TP812 not allocated
----------------------

----------------------
TP813 not allocated
----------------------

----------------------
TP814 not allocated
----------------------

----------------------
TP815 not allocated
----------------------

----------------------
TP816 not allocated
----------------------

----------------------
TP817 not allocated
----------------------

----------------------
TP818 not allocated
----------------------

----------------------
TP819 not allocated
----------------------

----------------------
TP820 not allocated
----------------------

----------------------
TP821 not allocated
----------------------

----------------------
TP822 not allocated
----------------------

----------------------
TP823 not allocated
----------------------

----------------------
TP824 not allocated
----------------------

----------------------
TP825 not allocated
----------------------

----------------------
TP826 not allocated
----------------------

----------------------
TP827 not allocated
----------------------

----------------------
TP828 not allocated
----------------------

----------------------
TP829 not allocated
----------------------

----------------------
TP830 not allocated
----------------------

----------------------
TP831 not allocated
----------------------

----------------------
TP832 not allocated
----------------------

----------------------
TP833 not allocated
----------------------

----------------------
TP834 not allocated
----------------------

----------------------
TP835 not allocated
----------------------

----------------------
TP836 not allocated
----------------------

----------------------
TP837 not allocated
----------------------

----------------------
TP838 not allocated
----------------------

----------------------
TP839 not allocated
----------------------

----------------------
TP840 not allocated
----------------------

----------------------
TP841 not allocated
----------------------

----------------------
TP842 not allocated
----------------------

----------------------
TP843 not allocated
----------------------

----------------------
TP844 not allocated
----------------------

----------------------
TP845 allocated to 4
----------------------

----------------------
TP846 not allocated
----------------------

----------------------
TP847 not allocated
----------------------

----------------------
TP848 allocated to 30
----------------------

----------------------
TP849 not allocated
----------------------

----------------------
TP850 not allocated
----------------------

----------------------
TP851 not allocated
----------------------

----------------------
TP852 not allocated
----------------------

----------------------
TP853 not allocated
----------------------

----------------------
TP854 not allocated
----------------------

----------------------
TP855 not allocated
----------------------

----------------------
TP856 not allocated
----------------------

----------------------
TP857 not allocated
----------------------

----------------------
TP858 not allocated
----------------------

----------------------
TP859 not allocated
----------------------

----------------------
TP860 not allocated
----------------------

----------------------
TP861 not allocated
----------------------

----------------------
TP862 not allocated
----------------------

----------------------
TP863 not allocated
----------------------

----------------------
TP864 not allocated
----------------------

----------------------
TP865 not allocated
----------------------

----------------------
TP866 not allocated
----------------------

----------------------
TP867 not allocated
----------------------

----------------------
TP868 not allocated
----------------------

----------------------
TP869 not allocated
----------------------

----------------------
TP870 not allocated
----------------------

----------------------
TP871 not allocated
----------------------

----------------------
TP872 not allocated
----------------------

----------------------
TP873 not allocated
----------------------

----------------------
TP874 not allocated
----------------------

----------------------
TP875 not allocated
----------------------

----------------------
TP876 allocated to 32
----------------------

----------------------
TP877 not allocated
----------------------

----------------------
TP878 not allocated
----------------------

----------------------
TP879 not allocated
----------------------

----------------------
TP880 not allocated
----------------------

----------------------
TP881 not allocated
----------------------

----------------------
TP882 not allocated
----------------------

----------------------
TP883 not allocated
----------------------

----------------------
TP884 not allocated
----------------------

----------------------
TP885 not allocated
----------------------

----------------------
TP886 not allocated
----------------------

----------------------
TP887 not allocated
----------------------

----------------------
TP888 not allocated
----------------------

----------------------
TP889 not allocated
----------------------

----------------------
TP890 not allocated
----------------------

----------------------
TP891 not allocated
----------------------

----------------------
TP892 not allocated
----------------------

----------------------
TP893 not allocated
----------------------

----------------------
TP894 not allocated
----------------------

----------------------
TP895 not allocated
----------------------

----------------------
TP896 not allocated
----------------------

----------------------
TP897 not allocated
----------------------

----------------------
TP898 not allocated
----------------------

----------------------
TP899 not allocated
----------------------

----------------------
TP900 not allocated
----------------------

----------------------
TP901 not allocated
----------------------

----------------------
TP902 not allocated
----------------------

----------------------
TP903 not allocated
----------------------

----------------------
TP904 not allocated
----------------------

----------------------
TP905 not allocated
----------------------

----------------------
TP906 not allocated
----------------------

----------------------
TP907 not allocated
----------------------

----------------------
TP908 not allocated
----------------------

----------------------
TP909 not allocated
----------------------

----------------------
TP910 not allocated
----------------------

----------------------
TP911 not allocated
----------------------

----------------------
TP912 not allocated
----------------------

----------------------
TP913 not allocated
----------------------

----------------------
TP914 not allocated
----------------------

----------------------
TP915 not allocated
----------------------

----------------------
TP916 not allocated
----------------------

----------------------
TP917 not allocated
----------------------

----------------------
TP918 not allocated
----------------------

----------------------
TP919 not allocated
----------------------

----------------------
TP920 not allocated
----------------------

----------------------
TP921 not allocated
----------------------

----------------------
TP922 not allocated
----------------------

----------------------
TP923 not allocated
----------------------

----------------------
TP924 not allocated
----------------------

----------------------
TP925 not allocated
----------------------

----------------------
TP926 not allocated
----------------------

----------------------
TP927 not allocated
----------------------

----------------------
TP928 not allocated
----------------------

----------------------
TP929 not allocated
----------------------

----------------------
TP930 not allocated
----------------------

----------------------
TP931 not allocated
----------------------

----------------------
TP932 not allocated
----------------------

----------------------
TP933 not allocated
----------------------

----------------------
TP934 not allocated
----------------------

----------------------
TP935 not allocated
----------------------

----------------------
TP936 not allocated
----------------------

----------------------
TP937 not allocated
----------------------

----------------------
TP938 not allocated
----------------------

----------------------
TP939 not allocated
----------------------

----------------------
TP940 not allocated
----------------------

----------------------
TP941 allocated to 13
----------------------

----------------------
TP942 not allocated
----------------------

----------------------
TP943 not allocated
----------------------

----------------------
TP944 not allocated
----------------------

----------------------
TP945 not allocated
----------------------

----------------------
TP946 allocated to 1
----------------------

----------------------
TP947 not allocated
----------------------

----------------------
TP948 not allocated
----------------------

----------------------
TP949 not allocated
----------------------

----------------------
TP950 not allocated
----------------------

----------------------
TP951 not allocated
----------------------

----------------------
TP952 not allocated
----------------------

----------------------
TP953 not allocated
----------------------

----------------------
TP954 not allocated
----------------------

----------------------
TP955 not allocated
----------------------

----------------------
TP956 not allocated
----------------------

----------------------
TP957 not allocated
----------------------

----------------------
TP958 not allocated
----------------------

----------------------
TP959 not allocated
----------------------

----------------------
TP960 not allocated
----------------------

----------------------
TP961 not allocated
----------------------

----------------------
TP962 not allocated
----------------------

----------------------
TP963 not allocated
----------------------

----------------------
TP964 not allocated
----------------------

----------------------
TP965 not allocated
----------------------

----------------------
TP966 not allocated
----------------------

----------------------
TP967 not allocated
----------------------

----------------------
TP968 not allocated
----------------------

----------------------
TP969 not allocated
----------------------

----------------------
TP970 not allocated
----------------------

----------------------
TP971 not allocated
----------------------

----------------------
TP972 not allocated
----------------------

----------------------
TP973 not allocated
----------------------

----------------------
TP974 not allocated
----------------------

----------------------
TP975 not allocated
----------------------

----------------------
TP976 not allocated
----------------------

----------------------
TP977 not allocated
----------------------

----------------------
TP978 not allocated
----------------------

----------------------
TP979 not allocated
----------------------

----------------------
TP980 not allocated
----------------------

----------------------
TP981 not allocated
----------------------

----------------------
TP982 not allocated
----------------------

----------------------
TP983 not allocated
----------------------

----------------------
TP984 not allocated
----------------------

----------------------
TP985 not allocated
----------------------

----------------------
TP986 not allocated
----------------------

----------------------
TP987 not allocated
----------------------

----------------------
TP988 not allocated
----------------------

----------------------
TP989 not allocated
----------------------

----------------------
TP990 not allocated
----------------------

----------------------
TP991 not allocated
----------------------

----------------------
TP992 not allocated
----------------------

----------------------
TP993 not allocated
----------------------

----------------------
TP994 not allocated
----------------------

----------------------
TP995 not allocated
----------------------

----------------------
TP996 not allocated
----------------------

----------------------
TP997 not allocated
----------------------

----------------------
TP998 not allocated
----------------------

----------------------
TP999 not allocated
----------------------

----------------------
TP1000 not allocated
----------------------
