-------------------------------------------------------------------------
TPs satisfied = 214; Total TPs = 1000; Percentage Satisfied + 21.4%
-------------------------------------------------------------------------

-------------------------------------------------------------------------

EVs

-------------------------------------------------------------------------
--------------------------------------
EV0
--------------------------------------
Num TPs served = 7
TPs served = 2 6 12 28 159 169 230
Total energy used = 100
--------------------------------------
Schedule:
185 698 81 61 81 61 0 0 100 100 0 513 0
698 724 81 61 81 35 0 1 100 74 169 431 26
724 730 81 35 84 32 1 2 74 68 6 142 6
730 732 84 32 86 32 2 1 68 66 -6 144 2
732 735 86 32 87 34 1 2 66 63 28 169 3
735 736 87 34 88 34 2 1 63 62 -28 169 1
736 740 88 34 85 35 1 0 62 58 -169 419 4
740 758 85 35 67 35 0 1 58 40 2 109 18
758 762 67 35 67 39 1 0 40 36 -2 110 4
762 774 67 39 70 48 0 1 36 24 12 105 12
774 777 70 48 72 49 1 0 24 21 -12 106 3
777 788 72 49 79 53 0 1 21 10 159 346 11
788 789 79 53 80 53 1 0 10 9 -159 346 1
789 830 80 53 80 53 0 0 9 9 0 41 0
830 838 80 53 81 60 0 1 9 1 230 431 8
838 839 81 60 81 61 1 0 1 0 -230 431 1
839 2591 81 61 81 61 0 0 0 0 0 1752 0
2591 2591 81 61 81 61 0 0 0 0 1000000000 0 0
--------------------------------------
--------------------------------------
EV1
--------------------------------------
Num TPs served = 5
TPs served = 3 4 7 10 197
Total energy used = 100
--------------------------------------
Schedule:
370 426 81 61 81 61 0 0 100 100 0 56 0
426 439 81 61 92 59 0 1 100 87 4 431 13
439 444 92 59 92 59 1 1 87 87 0 5 0
444 445 92 59 93 59 1 2 87 86 10 431 1
445 447 93 59 93 59 2 2 86 86 0 2 0
447 448 93 59 94 59 2 1 86 85 -10 431 1
448 453 94 59 95 63 1 0 85 80 -4 426 5
453 743 95 63 95 63 0 0 80 80 0 290 0
743 782 95 63 59 66 0 1 80 41 197 431 39
782 783 59 66 59 67 1 0 41 40 -197 431 1
783 785 59 67 59 69 0 1 40 38 7 88 2
785 787 59 69 60 70 1 0 38 36 -7 92 2
787 797 60 70 57 63 0 1 36 26 3 72 10
797 797 57 63 57 63 1 0 26 26 -3 76 0
797 2565 57 63 57 63 0 0 26 26 0 1768 0
2565 2591 57 63 81 61 0 0 26 0 1000000000 0 26
--------------------------------------
--------------------------------------
EV2
--------------------------------------
Num TPs served = 5
TPs served = 5 20 26 168 255
Total energy used = 100
--------------------------------------
Schedule:
579 600 81 61 63 58 0 1 100 79 26 302 21
600 711 63 58 63 58 1 1 79 79 0 111 0
711 720 63 58 55 57 1 2 79 70 168 431 9
720 723 55 57 55 57 2 2 70 70 0 3 0
723 723 55 57 55 57 2 1 70 70 -168 431 0
723 734 55 57 54 47 1 2 70 59 20 158 11
734 736 54 47 54 49 2 1 59 57 -20 158 2
736 752 54 49 61 40 1 2 57 41 5 119 16
752 758 61 40 62 45 2 1 41 35 -5 119 6
758 773 62 45 64 58 1 0 35 20 -26 130 15
773 893 64 58 64 58 0 0 20 20 0 120 0
893 902 64 58 72 59 0 1 20 11 255 431 9
902 904 72 59 72 59 1 1 11 11 0 2 0
904 913 72 59 81 59 1 0 11 2 -255 431 9
913 2589 81 59 81 59 0 0 2 2 0 1676 0
2589 2591 81 59 81 61 0 0 2 0 1000000000 0 2
--------------------------------------
--------------------------------------
EV3
--------------------------------------
Num TPs served = 7
TPs served = 8 23 29 86 181 386 416
Total energy used = 100
--------------------------------------
Schedule:
777 792 81 61 75 70 0 1 100 85 29 113 15
792 792 75 70 75 70 1 0 85 85 -29 114 0
792 800 75 70 74 77 0 1 85 77 181 377 8
800 802 74 77 76 77 1 0 77 75 -181 377 2
802 804 76 77 77 78 0 1 75 73 86 204 2
804 805 77 78 78 78 1 0 73 72 -86 204 1
805 816 78 78 79 88 0 1 72 61 23 81 11
816 817 79 88 80 88 1 0 61 60 -23 81 1
817 831 80 88 75 97 0 1 60 46 8 43 14
831 832 75 97 75 98 1 0 46 45 -8 44 1
832 1140 75 98 75 98 0 0 45 45 0 308 0
1140 1162 75 98 80 81 0 1 45 23 416 431 22
1162 1163 80 81 80 81 1 1 23 23 0 1 0
1163 1163 80 81 80 81 1 0 23 23 -416 431 0
1163 1182 80 81 81 63 0 1 23 4 386 369 19
1182 1183 81 63 81 64 1 0 4 3 -386 370 1
1183 2588 81 64 81 64 0 0 3 3 0 1405 0
2588 2591 81 64 81 61 0 0 3 0 1000000000 0 3
--------------------------------------
--------------------------------------
EV4
--------------------------------------
Num TPs served = 7
TPs served = 97 126 134 142 184 350 969
Total energy used = 100
--------------------------------------
Schedule:
981 1007 81 61 64 70 0 1 100 74 134 85 26
1007 1007 64 70 64 70 1 0 74 74 -134 86 0
1007 1014 64 70 58 71 0 1 74 67 142 94 7
1014 1023 58 71 50 70 1 2 67 58 97 1 9
1023 1024 50 70 51 70 2 1 58 57 -97 1 1
1024 1033 51 70 59 71 1 0 57 48 -142 78 9
1033 1049 59 71 58 56 0 1 48 32 184 136 16
1049 1051 58 56 58 54 1 2 32 30 126 23 2
1051 1052 58 54 59 54 2 1 30 29 -126 24 1
1052 1063 59 54 59 54 1 1 29 29 0 11 0
1063 1066 59 54 62 54 1 2 29 26 350 431 3
1066 1068 62 54 63 55 2 1 26 24 -350 431 2
1068 1072 63 55 66 56 1 0 24 20 -184 126 4
1072 2100 66 56 66 56 0 0 20 20 0 1028 0
2100 2106 66 56 70 58 0 1 20 14 969 431 6
2106 2107 70 58 71 58 1 0 14 13 -969 431 1
2107 2578 71 58 71 58 0 0 13 13 0 471 0
2578 2591 71 58 81 61 0 0 13 0 1000000000 0 13
--------------------------------------
--------------------------------------
EV5
--------------------------------------
Num TPs served = 8
TPs served = 199 214 223 245 284 612 879 899
Total energy used = 100
--------------------------------------
Schedule:
1187 1207 81 61 81 81 0 1 100 80 284 180 20
1207 1209 81 81 82 82 1 0 80 78 -284 180 2
1209 1213 82 82 84 84 0 1 78 74 223 43 4
1213 1217 84 84 83 87 1 2 74 70 199 1 4
1217 1218 83 87 84 87 2 1 70 69 -199 1 1
1218 1231 84 87 86 98 1 2 69 56 245 77 13
1231 1235 86 98 89 99 2 3 56 52 214 4 4
1235 1236 89 99 90 99 3 2 52 51 -214 4 1
1236 1244 90 99 86 95 2 1 51 43 -245 68 8
1244 1256 86 95 85 84 1 0 43 31 -223 3 12
1256 1488 85 84 85 84 0 0 31 31 0 232 0
1488 1498 85 84 84 75 0 1 31 21 612 431 10
1498 1499 84 75 85 75 1 0 21 20 -612 431 1
1499 1980 85 75 85 75 0 0 20 20 0 481 0
1980 1986 85 75 82 72 0 1 20 14 899 431 6
1986 1988 82 72 82 72 1 1 14 14 0 2 0
1988 1988 82 72 82 72 1 0 14 14 -899 431 0
1988 1997 82 72 80 65 0 1 14 5 879 384 9
1997 1998 80 65 81 65 1 0 5 4 -879 384 1
1998 2587 81 65 81 65 0 0 4 4 0 589 0
2587 2591 81 65 81 61 0 0 4 0 1000000000 0 4
--------------------------------------
--------------------------------------
EV6
--------------------------------------
Num TPs served = 7
TPs served = 303 326 338 441 447 469 705
Total energy used = 100
--------------------------------------
Schedule:
1382 1392 81 61 74 64 0 1 100 90 447 252 10
1392 1395 74 64 75 66 1 0 90 87 -447 253 3
1395 1405 75 66 72 73 0 1 87 77 303 13 10
1405 1407 72 73 74 73 1 0 77 75 -303 13 2
1407 1418 74 73 71 81 0 1 75 64 441 217 11
1418 1421 71 81 74 81 1 0 64 61 -441 217 3
1421 1423 74 81 72 81 0 1 61 59 338 55 2
1423 1423 72 81 72 81 1 0 59 59 -338 57 0
1423 1436 72 81 72 94 0 1 59 46 326 23 13
1436 1443 72 94 77 96 1 0 46 39 -326 24 7
1443 1454 77 96 81 89 0 1 39 28 469 226 11
1454 1454 81 89 81 89 1 0 28 28 -469 228 0
1454 1653 81 89 81 89 0 0 28 28 0 199 0
1653 1660 81 89 81 82 0 1 28 21 705 431 7
1660 1661 81 82 81 82 1 1 21 21 0 1 0
1661 1661 81 82 81 82 1 0 21 21 -705 431 0
1661 2570 81 82 81 82 0 0 21 21 0 909 0
2570 2591 81 82 81 61 0 0 21 0 1000000000 0 21
--------------------------------------
--------------------------------------
EV7
--------------------------------------
Num TPs served = 7
TPs served = 400 417 426 430 501 641 749
Total energy used = 98
--------------------------------------
Schedule:
1545 1568 81 61 72 47 0 1 100 77 400 1 23
1568 1572 72 47 75 48 1 0 77 73 -400 1 4
1572 1583 75 48 68 52 0 1 73 62 417 12 11
1583 1584 68 52 68 53 1 0 62 61 -417 13 1
1584 1587 68 53 69 55 0 1 61 58 501 152 3
1587 1588 69 55 70 55 1 0 58 57 -501 154 1
1588 1604 70 55 84 57 0 1 57 41 426 8 16
1604 1605 84 57 84 58 1 0 41 40 -426 8 1
1605 1615 84 58 84 68 0 1 40 30 430 1 10
1615 1619 84 68 87 69 1 2 30 26 641 358 4
1619 1620 87 69 88 69 2 1 26 25 -430 2 1
1620 1622 88 69 88 71 1 0 25 23 -641 358 2
1622 1731 88 71 88 71 0 0 23 23 0 109 0
1731 1747 88 71 80 63 0 1 23 7 749 431 16
1747 1748 80 63 80 63 1 1 7 7 0 1 0
1748 1749 80 63 80 64 1 0 7 6 -749 431 1
1749 2587 80 64 80 64 0 0 6 6 0 838 0
2587 2591 80 64 81 61 0 0 6 2 1000000000 0 4
--------------------------------------
--------------------------------------
EV8
--------------------------------------
Num TPs served = 8
TPs served = 1 14 15 16 53 74 170 193
Total energy used = 100
--------------------------------------
Schedule:
207 440 57 5 57 5 0 0 100 100 0 233 0
440 451 57 5 53 12 0 1 100 89 15 431 11
451 453 53 12 53 14 1 0 89 87 -15 431 2
453 551 53 14 53 14 0 0 87 87 0 98 0
551 558 53 14 56 18 0 1 87 80 74 431 7
558 559 56 18 56 19 1 0 80 79 -74 431 1
559 569 56 19 64 21 0 1 79 69 14 312 10
569 570 64 21 65 21 1 0 69 68 -14 312 1
570 576 65 21 70 20 0 1 68 62 53 376 6
576 576 70 20 70 20 1 0 62 62 -53 377 0
576 753 70 20 70 20 0 0 62 62 0 177 0
753 773 70 20 73 3 0 1 62 42 193 431 20
773 773 73 3 73 3 1 2 42 42 16 110 0
773 774 73 3 73 3 2 2 42 42 0 1 0
774 774 73 3 73 3 2 1 42 42 -193 431 0
774 776 73 3 73 5 1 0 42 40 -16 109 2
776 785 73 5 81 4 0 1 40 31 1 79 9
785 788 81 4 84 4 1 0 31 28 -1 79 3
788 790 84 4 83 5 0 1 28 26 170 366 2
790 790 83 5 83 5 1 0 26 26 -170 367 0
790 2565 83 5 83 5 0 0 26 26 0 1775 0
2565 2591 83 5 57 5 0 0 26 0 1000000000 0 26
--------------------------------------
--------------------------------------
EV9
--------------------------------------
Num TPs served = 6
TPs served = 9 18 27 34 52 210
Total energy used = 100
--------------------------------------
Schedule:
396 460 57 5 57 5 0 0 100 100 0 64 0
460 472 57 5 49 1 0 1 100 88 27 431 12
472 473 49 1 49 1 1 1 88 88 0 1 0
473 474 49 1 49 2 1 0 88 87 -27 431 1
474 480 49 2 44 3 0 1 87 81 18 406 6
480 481 44 3 44 4 1 0 81 80 -18 407 1
481 500 44 4 48 19 0 1 80 61 9 375 19
500 501 48 19 48 20 1 0 61 60 -9 376 1
501 515 48 20 48 20 0 0 60 60 0 14 0
515 518 48 20 48 23 0 1 60 57 52 431 3
518 519 48 23 49 23 1 0 57 56 -52 431 1
519 534 49 23 49 38 0 1 56 41 34 382 15
534 535 49 38 50 38 1 0 41 40 -34 382 1
535 786 50 38 50 38 0 0 40 40 0 251 0
786 803 50 38 50 21 0 1 40 23 210 431 17
803 804 50 21 50 21 1 1 23 23 0 1 0
804 811 50 21 57 21 1 0 23 16 -210 431 7
811 2575 57 21 57 21 0 0 16 16 0 1764 0
2575 2591 57 21 57 5 0 0 16 0 1000000000 0 16
--------------------------------------
--------------------------------------
EV10
--------------------------------------
Num TPs served = 6
TPs served = 32 41 43 50 104 221
Total energy used = 100
--------------------------------------
Schedule:
599 603 57 5 58 2 0 1 100 96 41 328 4
603 604 58 2 59 2 1 0 96 95 -41 329 1
604 789 59 2 59 2 0 0 95 95 0 185 0
789 822 59 2 56 32 0 1 95 62 221 431 33
822 824 56 32 56 32 1 1 62 62 0 2 0
824 824 56 32 56 32 1 0 62 62 -221 431 0
824 828 56 32 55 35 0 1 62 58 43 107 4
828 833 55 35 60 35 1 0 58 53 -43 107 5
833 840 60 35 55 37 0 1 53 46 32 74 7
840 847 55 37 62 37 1 0 46 39 -32 74 7
847 874 62 37 62 10 0 1 39 12 50 72 27
874 875 62 10 63 10 1 0 12 11 -50 72 1
875 878 63 10 63 7 0 1 11 8 104 156 3
878 878 63 7 63 7 1 0 8 8 -104 161 0
878 2583 63 7 63 7 0 0 8 8 0 1705 0
2583 2591 63 7 57 5 0 0 8 0 1000000000 0 8
--------------------------------------
--------------------------------------
EV11
--------------------------------------
Num TPs served = 4
TPs served = 37 51 237 808
Total energy used = 100
--------------------------------------
Schedule:
790 848 57 5 57 5 0 0 100 100 0 58 0
848 852 57 5 58 8 0 1 100 96 237 431 4
852 854 58 8 59 9 1 0 96 94 -237 431 2
854 873 59 9 64 23 0 1 94 75 51 75 19
873 881 64 23 72 23 1 0 75 67 -51 77 8
881 897 72 23 74 37 0 1 67 51 37 24 16
897 898 74 37 75 37 1 0 51 50 -37 24 1
898 1831 75 37 75 37 0 0 50 50 0 933 0
1831 1844 75 37 73 26 0 1 50 37 808 431 13
1844 1845 73 26 73 26 1 1 37 37 0 1 0
1845 1845 73 26 73 26 1 0 37 37 -808 431 0
1845 2554 73 26 73 26 0 0 37 37 0 709 0
2554 2591 73 26 57 5 0 0 37 0 1000000000 0 37
--------------------------------------
--------------------------------------
EV12
--------------------------------------
Num TPs served = 6
TPs served = 85 107 146 179 244 389
Total energy used = 100
--------------------------------------
Schedule:
972 984 57 5 52 12 0 1 100 88 179 190 12
984 992 52 12 52 20 1 0 88 80 -179 191 8
992 994 52 20 51 21 0 1 80 78 244 309 2
994 998 51 21 51 25 1 0 78 74 -244 313 4
998 1006 51 25 52 32 0 1 74 66 85 1 8
1006 1008 52 32 53 33 1 0 66 64 -85 1 2
1008 1020 53 33 63 31 0 1 64 52 107 21 12
1020 1021 63 31 64 31 1 0 52 51 -107 21 1
1021 1052 64 31 48 16 0 1 51 20 146 61 31
1052 1053 48 16 49 16 1 0 20 19 -146 63 1
1053 1109 49 16 49 16 0 0 19 19 0 56 0
1109 1123 49 16 54 7 0 1 19 5 389 431 14
1123 1125 54 7 56 7 1 0 5 3 -389 431 2
1125 2588 56 7 56 7 0 0 3 3 0 1463 0
2588 2591 56 7 57 5 0 0 3 0 1000000000 0 3
--------------------------------------
--------------------------------------
EV13
--------------------------------------
Num TPs served = 8
TPs served = 185 194 202 254 257 277 287 297
Total energy used = 100
--------------------------------------
Schedule:
1149 1168 57 5 68 13 0 1 100 81 185 19 19
1168 1174 68 13 73 14 1 2 81 75 297 234 6
1174 1175 73 14 74 14 2 1 75 74 -297 235 1
1175 1175 74 14 74 14 1 0 74 74 -185 20 0
1175 1187 74 14 85 13 0 1 74 62 287 205 12
1187 1188 85 13 86 13 1 2 62 61 194 17 1
1188 1190 86 13 88 13 2 1 61 59 -287 206 2
1190 1190 88 13 88 13 1 0 59 59 -194 18 0
1190 1205 88 13 81 5 0 1 59 44 277 172 15
1205 1206 81 5 81 6 1 0 44 43 -277 174 1
1206 1217 81 6 72 4 0 1 43 32 254 114 11
1217 1217 72 4 72 4 1 0 32 32 -254 116 0
1217 1221 72 4 75 3 0 1 32 28 202 0 4
1221 1221 75 3 75 3 1 0 28 28 -202 3 0
1221 1233 75 3 64 2 0 1 28 16 257 107 12
1233 1236 64 2 67 2 1 0 16 13 -257 108 3
1236 2578 67 2 67 2 0 0 13 13 0 1342 0
2578 2591 67 2 57 5 0 0 13 0 1000000000 0 13
--------------------------------------
--------------------------------------
EV14
--------------------------------------
Num TPs served = 6
TPs served = 289 302 356 366 435 869
Total energy used = 100
--------------------------------------
Schedule:
1366 1374 57 5 49 5 0 1 100 92 435 248 8
1374 1374 49 5 49 5 1 0 92 92 -435 249 0
1374 1381 49 5 49 12 0 1 92 85 366 143 7
1381 1396 49 12 35 13 1 2 85 70 289 1 15
1396 1398 35 13 37 13 2 1 70 68 -289 2 2
1398 1414 37 13 24 10 1 2 68 52 356 91 16
1414 1415 24 10 24 11 2 3 52 51 302 2 1
1415 1418 24 11 27 11 3 2 51 48 -302 4 3
1418 1424 27 11 25 15 2 1 48 42 -356 87 6
1424 1449 25 15 49 14 1 0 42 17 -366 77 25
1449 1931 49 14 49 14 0 0 17 17 0 482 0
1931 1937 49 14 54 13 0 1 17 11 869 431 6
1937 1939 54 13 56 13 1 0 11 9 -869 431 2
1939 2582 56 13 56 13 0 0 9 9 0 643 0
2582 2591 56 13 57 5 0 0 9 0 1000000000 0 9
--------------------------------------
--------------------------------------
EV15
--------------------------------------
Num TPs served = 8
TPs served = 413 437 456 460 472 540 613 635
Total energy used = 100
--------------------------------------
Schedule:
1554 1560 57 5 62 6 0 1 100 94 456 97 6
1560 1561 62 6 62 7 1 0 94 93 -456 98 1
1561 1572 62 7 73 7 0 1 93 82 540 228 11
1572 1574 73 7 75 7 1 0 82 80 -540 230 2
1574 1588 75 7 81 15 0 1 80 66 413 1 14
1588 1591 81 15 84 15 1 0 66 63 -413 1 3
1591 1595 84 15 86 13 0 1 63 59 472 92 4
1595 1596 86 13 86 14 1 0 59 58 -472 94 1
1596 1612 86 14 90 2 0 1 58 42 460 49 16
1612 1614 90 2 90 4 1 0 42 40 -460 49 2
1614 1621 90 4 86 1 0 1 40 33 437 8 7
1621 1623 86 1 86 3 1 0 33 31 -437 8 2
1623 1637 86 3 72 3 0 1 31 17 635 330 14
1637 1637 72 3 72 3 1 0 17 17 -635 331 0
1637 1638 72 3 72 4 0 1 17 16 613 294 1
1638 1638 72 4 72 4 1 0 16 16 -613 306 0
1638 2575 72 4 72 4 0 0 16 16 0 937 0
2575 2591 72 4 57 5 0 0 16 0 1000000000 0 16
--------------------------------------
--------------------------------------
EV16
--------------------------------------
Num TPs served = 4
TPs served = 19 36 105 212
Total energy used = 100
--------------------------------------
Schedule:
182 785 71 36 71 36 0 0 100 100 0 603 0
785 805 71 36 72 55 0 1 100 80 212 431 20
805 806 72 55 72 56 1 0 80 79 -212 431 1
806 819 72 56 67 64 0 1 79 66 105 216 13
819 835 67 64 60 73 1 2 66 50 36 84 16
835 837 60 73 62 73 2 1 50 48 -36 84 2
837 845 62 73 67 70 1 2 48 40 19 46 8
845 848 67 70 70 70 2 1 40 37 -19 49 3
848 856 70 70 72 64 1 0 37 29 -105 184 8
856 2562 72 64 72 64 0 0 29 29 0 1706 0
2562 2591 72 64 71 36 0 0 29 0 1000000000 0 29
--------------------------------------
--------------------------------------
EV17
--------------------------------------
Num TPs served = 5
TPs served = 40 45 78 82 177
Total energy used = 100
--------------------------------------
Schedule:
365 565 71 36 71 36 0 0 100 100 0 200 0
565 571 71 36 68 33 0 1 100 94 82 431 6
571 573 68 33 68 33 1 1 94 94 0 2 0
573 575 68 33 70 33 1 0 94 92 -82 431 2
575 580 70 33 68 30 0 1 92 87 78 416 5
580 581 68 30 69 30 1 0 87 86 -78 416 1
581 612 69 30 41 27 0 1 86 55 45 328 31
612 614 41 27 41 29 1 0 55 53 -45 328 2
614 622 41 29 40 22 0 1 53 45 40 304 8
622 637 40 22 47 30 1 0 45 30 -40 308 15
637 721 47 30 47 30 0 0 30 30 0 84 0
721 741 47 30 66 31 0 1 30 10 177 431 20
741 745 66 31 69 32 1 0 10 6 -177 431 4
745 2585 69 32 69 32 0 0 6 6 0 1840 0
2585 2591 69 32 71 36 0 0 6 0 1000000000 0 6
--------------------------------------
--------------------------------------
EV18
--------------------------------------
Num TPs served = 5
TPs served = 47 56 63 125 507
Total energy used = 100
--------------------------------------
Schedule:
564 582 71 36 89 36 0 1 100 82 63 388 18
582 636 89 36 89 36 1 1 82 82 0 54 0
636 642 89 36 89 42 1 2 82 76 125 431 6
642 643 89 42 89 43 2 1 76 75 -63 335 1
643 665 89 43 94 60 1 2 75 53 56 290 22
665 667 94 60 96 60 2 1 53 51 -56 291 2
667 677 96 60 96 50 1 2 51 41 47 266 10
677 678 96 50 97 50 2 1 41 40 -47 267 1
678 691 97 50 92 42 1 0 40 27 -125 385 13
691 1312 92 42 92 42 0 0 27 27 0 621 0
1312 1316 92 42 89 41 0 1 27 23 507 431 4
1316 1317 89 41 89 41 1 1 23 23 0 1 0
1317 1317 89 41 89 41 1 0 23 23 -507 431 0
1317 2568 89 41 89 41 0 0 23 23 0 1251 0
2568 2591 89 41 71 36 0 0 23 0 1000000000 0 23
--------------------------------------
--------------------------------------
EV19
--------------------------------------
Num TPs served = 6
TPs served = 54 65 88 112 280 292
Total energy used = 100
--------------------------------------
Schedule:
752 768 71 36 61 42 0 1 100 84 112 281 16
768 784 61 42 52 49 1 2 84 68 65 189 16
784 784 52 49 52 49 2 1 68 68 -65 190 0
784 800 52 49 37 48 1 2 68 52 54 153 16
800 802 37 48 37 50 2 1 52 50 -54 155 2
802 817 37 50 47 45 1 2 50 35 88 193 15
817 818 47 45 47 46 2 1 35 34 -88 193 1
818 930 47 46 47 46 1 1 34 34 0 112 0
930 949 47 46 64 44 1 2 34 15 280 431 19
949 951 64 44 66 44 2 1 15 13 -280 431 2
951 953 66 44 66 42 1 0 13 11 -112 102 2
953 967 66 42 66 42 0 0 11 11 0 14 0
967 969 66 42 68 42 0 1 11 9 292 431 2
969 970 68 42 68 42 1 1 9 9 0 1 0
970 972 68 42 70 42 1 0 9 7 -292 431 2
972 2584 70 42 70 42 0 0 7 7 0 1612 0
2584 2591 70 42 71 36 0 0 7 0 1000000000 0 7
--------------------------------------
--------------------------------------
EV20
--------------------------------------
Num TPs served = 7
TPs served = 61 80 99 149 233 475 784
Total energy used = 100
--------------------------------------
Schedule:
942 947 71 36 71 31 0 1 100 95 149 171 5
947 949 71 31 73 31 1 0 95 93 -149 173 2
949 965 73 31 74 16 0 1 93 77 61 3 16
965 973 74 16 81 17 1 0 77 69 -61 5 8
973 982 81 17 83 10 0 1 69 60 80 16 9
982 983 83 10 84 10 1 0 60 59 -80 17 1
983 992 84 10 84 1 0 1 59 50 99 36 9
992 993 84 1 85 1 1 0 50 49 -99 37 1
993 1235 85 1 85 1 0 0 49 49 0 242 0
1235 1261 85 1 81 23 0 1 49 23 475 431 26
1261 1264 81 23 81 26 1 0 23 20 -475 431 3
1264 1271 81 26 78 30 0 1 20 13 233 3 7
1271 1271 78 30 78 30 1 0 13 13 -233 4 0
1271 1798 78 30 78 30 0 0 13 13 0 527 0
1798 1807 78 30 73 34 0 1 13 4 784 431 9
1807 1808 73 34 73 35 1 0 4 3 -784 431 1
1808 2588 73 35 73 35 0 0 3 3 0 780 0
2588 2591 73 35 71 36 0 0 3 0 1000000000 0 3
--------------------------------------
--------------------------------------
EV21
--------------------------------------
Num TPs served = 8
TPs served = 178 234 235 238 323 343 382 403
Total energy used = 100
--------------------------------------
Schedule:
1144 1173 71 36 42 36 0 1 100 71 178 0 29
1173 1177 42 36 45 37 1 0 71 67 -178 0 4
1177 1181 45 37 49 37 0 1 67 63 323 275 4
1181 1182 49 37 50 37 1 0 63 62 -323 276 1
1182 1187 50 37 54 38 0 1 62 57 403 387 5
1187 1187 54 38 54 38 1 0 57 57 -403 388 0
1187 1189 54 38 56 38 0 1 57 55 238 96 2
1189 1190 56 38 56 39 1 0 55 54 -238 96 1
1190 1197 56 39 62 40 0 1 54 47 343 288 7
1197 1198 62 40 62 41 1 0 47 46 -343 289 1
1198 1205 62 41 66 44 0 1 46 39 382 341 7
1205 1207 66 44 66 46 1 0 39 37 -382 341 2
1207 1214 66 46 69 50 0 1 37 30 235 66 7
1214 1220 69 50 67 54 1 2 30 24 234 56 6
1220 1221 67 54 67 55 2 1 24 23 -234 56 1
1221 1229 67 55 70 50 1 0 23 15 -235 52 8
1229 2576 70 50 70 50 0 0 15 15 0 1347 0
2576 2591 70 50 71 36 0 0 15 0 1000000000 0 15
--------------------------------------
--------------------------------------
EV22
--------------------------------------
Num TPs served = 9
TPs served = 274 294 295 318 361 390 464 514 534
Total energy used = 100
--------------------------------------
Schedule:
1345 1347 71 36 72 37 0 1 100 98 390 209 2
1347 1349 72 37 74 37 1 0 98 96 -390 210 2
1349 1354 74 37 78 38 0 1 96 91 514 404 5
1354 1355 78 38 78 39 1 0 91 90 -514 405 1
1355 1363 78 39 81 44 0 1 90 82 361 149 8
1363 1364 81 44 82 44 1 2 82 81 534 427 1
1364 1364 82 44 82 44 2 1 81 81 -361 149 0
1364 1365 82 44 83 44 1 0 81 80 -534 427 1
1365 1369 83 44 85 42 0 1 80 76 274 2 4
1369 1370 85 42 86 42 1 0 76 75 -274 2 1
1370 1383 86 42 98 41 0 1 75 62 295 21 13
1383 1390 98 41 91 41 1 0 62 55 -295 22 7
1390 1397 91 41 96 39 0 1 55 48 294 6 7
1397 1400 96 39 99 39 1 0 48 45 -294 6 3
1400 1407 99 39 98 33 0 1 45 38 318 35 7
1407 1408 98 33 99 33 1 0 38 37 -318 35 1
1408 1425 99 33 83 34 0 1 37 20 464 242 17
1425 1428 83 34 86 34 1 0 20 17 -464 244 3
1428 2574 86 34 86 34 0 0 17 17 0 1146 0
2574 2591 86 34 71 36 0 0 17 0 1000000000 0 17
--------------------------------------
--------------------------------------
EV23
--------------------------------------
Num TPs served = 7
TPs served = 401 422 439 443 468 495 551
Total energy used = 100
--------------------------------------
Schedule:
1546 1557 71 36 64 40 0 1 100 89 495 172 11
1557 1562 64 40 62 43 1 2 89 84 401 8 5
1562 1568 62 43 67 44 2 1 84 78 -401 9 6
1568 1577 67 44 65 51 1 2 78 69 439 56 9
1577 1578 65 51 66 51 2 1 69 68 -439 56 1
1578 1589 66 51 55 51 1 2 68 57 551 228 11
1589 1589 55 51 55 51 2 1 57 57 -551 229 0
1589 1594 55 51 51 50 1 2 57 52 443 45 5
1594 1595 51 50 52 50 2 1 52 51 -443 46 1
1595 1600 52 50 48 51 1 2 51 46 422 4 5
1600 1600 48 51 48 51 2 1 46 46 -422 9 0
1600 1628 48 51 65 40 1 0 46 18 -495 102 28
1628 1641 65 40 71 33 0 1 18 5 468 34 13
1641 1642 71 33 72 33 1 0 5 4 -468 34 1
1642 2587 72 33 72 33 0 0 4 4 0 945 0
2587 2591 72 33 71 36 0 0 4 0 1000000000 0 4
--------------------------------------
--------------------------------------
EV24
--------------------------------------
Num TPs served = 6
TPs served = 57 59 111 147 602 782
Total energy used = 98
--------------------------------------
Schedule:
193 677 64 26 64 26 0 0 100 100 0 484 0
677 684 64 26 69 24 0 1 100 93 147 431 7
684 685 69 24 70 24 1 0 93 92 -147 431 1
685 696 70 24 70 13 0 1 92 81 111 352 11
696 702 70 13 72 17 1 0 81 75 -111 355 6
702 714 72 17 77 10 0 1 75 63 59 251 12
714 716 77 10 79 10 1 0 63 61 -59 252 2
716 744 79 10 59 2 0 1 61 33 57 212 28
744 750 59 2 63 4 1 0 33 27 -57 212 6
750 1800 63 4 63 4 0 0 27 27 0 1050 0
1800 1805 63 4 64 8 0 1 27 22 782 431 5
1805 1806 64 8 64 8 1 1 22 22 0 1 0
1806 1807 64 8 64 9 1 0 22 21 -782 431 1
1807 1808 64 9 63 9 0 1 21 20 602 99 1
1808 1811 63 9 64 11 1 0 20 17 -602 99 3
1811 2576 64 11 64 11 0 0 17 17 0 765 0
2576 2591 64 11 64 26 0 0 17 2 1000000000 0 15
--------------------------------------
--------------------------------------
EV25
--------------------------------------
Num TPs served = 7
TPs served = 58 64 77 140 155 198 626
Total energy used = 100
--------------------------------------
Schedule:
378 765 64 26 64 26 0 0 100 100 0 387 0
765 785 64 26 82 28 0 1 100 80 198 431 20
785 788 82 28 82 28 1 1 80 80 0 3 0
788 791 82 28 85 28 1 0 80 77 -198 431 3
791 801 85 28 94 29 0 1 77 67 77 193 10
801 811 94 29 85 30 1 0 67 57 -77 198 10
811 814 85 30 85 33 0 1 57 54 155 315 3
814 816 85 33 85 35 1 2 54 52 140 290 2
816 818 85 35 87 35 2 1 52 50 -140 293 2
818 818 87 35 87 35 1 2 50 50 64 154 0
818 826 87 35 95 35 2 1 50 42 -64 154 8
826 826 95 35 95 35 1 2 42 42 58 132 0
826 827 95 35 96 35 2 1 42 41 -58 133 1
827 839 96 35 86 33 1 0 41 29 -155 293 12
839 1518 86 33 86 33 0 0 29 29 0 679 0
1518 1523 86 33 83 31 0 1 29 24 626 431 5
1523 1524 83 31 83 31 1 1 24 24 0 1 0
1524 1524 83 31 83 31 1 0 24 24 -626 431 0
1524 2567 83 31 83 31 0 0 24 24 0 1043 0
2567 2591 83 31 64 26 0 0 24 0 1000000000 0 24
--------------------------------------
--------------------------------------
EV26
--------------------------------------
Num TPs served = 6
TPs served = 60 95 106 118 636 716
Total energy used = 100
--------------------------------------
Schedule:
577 604 64 26 64 26 0 0 100 100 0 27 0
604 629 64 26 43 22 0 1 100 75 118 431 25
629 645 43 22 27 22 1 2 75 59 106 391 16
645 647 27 22 29 22 2 1 59 57 -106 391 2
647 658 29 22 26 30 1 2 57 46 95 361 11
658 660 26 30 28 30 2 1 46 44 -95 364 2
660 660 28 30 28 30 1 2 44 44 60 307 0
660 661 28 30 28 31 2 1 44 43 -60 308 1
661 686 28 31 51 29 1 0 43 18 -118 392 25
686 1532 51 29 51 29 0 0 18 18 0 846 0
1532 1538 51 29 55 27 0 1 18 12 636 431 6
1538 1544 55 27 55 27 1 1 12 12 0 6 0
1544 1548 55 27 59 27 1 0 12 8 -636 431 4
1548 1671 59 27 59 27 0 0 8 8 0 123 0
1671 1674 59 27 60 25 0 1 8 5 716 431 3
1674 1676 60 25 61 26 1 0 5 3 -716 431 2
1676 2588 61 26 61 26 0 0 3 3 0 912 0
2588 2591 61 26 64 26 0 0 3 0 1000000000 0 3
--------------------------------------
--------------------------------------
EV27
--------------------------------------
Num TPs served = 10
TPs served = 66 71 76 116 201 216 253 260 270 307
Total energy used = 100
--------------------------------------
Schedule:
763 892 64 26 64 26 0 0 100 100 0 129 0
892 912 64 26 48 22 0 1 100 80 260 431 20
912 914 48 22 47 21 1 2 80 78 253 412 2
914 925 47 21 39 18 2 3 78 67 201 295 11
925 929 39 18 36 17 3 4 67 63 216 313 4
929 929 36 17 36 17 4 3 63 63 -216 314 0
929 935 36 17 33 14 3 4 63 57 116 123 6
935 937 33 14 34 15 4 3 57 55 -116 123 2
937 940 34 15 32 14 3 4 55 52 76 52 3
940 940 32 14 32 14 4 3 52 52 -76 53 0
940 946 32 14 29 17 3 4 52 46 71 38 6
946 947 29 17 30 17 4 3 46 45 -71 41 1
947 959 30 17 41 18 3 4 45 33 66 17 12
959 962 41 18 42 20 4 3 33 30 -201 265 3
962 963 42 20 43 20 3 2 30 29 -66 19 1
963 990 43 20 43 20 2 2 29 29 0 27 0
990 993 43 20 43 23 2 3 29 26 307 431 3
993 994 43 23 43 23 3 3 26 26 0 1 0
994 994 43 23 43 23 3 2 26 26 -307 431 0
994 998 43 23 47 23 2 1 26 22 -253 330 4
998 1005 47 23 53 22 1 0 22 15 -260 344 7
1005 1008 53 22 55 23 0 1 15 12 270 356 3
1008 1011 55 23 58 23 1 0 12 9 -270 357 3
1011 2582 58 23 58 23 0 0 9 9 0 1571 0
2582 2591 58 23 64 26 0 0 9 0 1000000000 0 9
--------------------------------------
--------------------------------------
EV28
--------------------------------------
Num TPs served = 8
TPs served = 89 123 135 256 331 648 744 835
Total energy used = 100
--------------------------------------
Schedule:
959 992 64 26 55 50 0 1 100 67 135 101 33
992 992 55 50 55 50 1 2 67 67 89 19 0
992 994 55 50 57 50 2 1 67 65 -135 102 2
994 997 57 50 55 51 1 0 65 62 -89 16 3
997 1022 55 51 55 51 0 0 62 62 0 25 0
1022 1039 55 51 51 38 0 1 62 45 331 431 17
1039 1046 51 38 46 36 1 2 45 38 256 291 7
1046 1047 46 36 47 36 2 1 38 37 -256 292 1
1047 1051 47 36 45 38 1 2 37 33 123 19 4
1051 1052 45 38 45 39 2 1 33 32 -123 19 1
1052 1060 45 39 53 39 1 0 32 24 -331 413 8
1060 1738 53 39 53 39 0 0 24 24 0 678 0
1738 1740 53 39 55 39 0 1 24 22 744 431 2
1740 1741 55 39 56 39 1 2 22 21 648 246 1
1741 1742 56 39 57 39 2 1 21 20 -744 431 1
1742 1743 57 39 58 39 1 0 20 19 -648 246 1
1743 1877 58 39 58 39 0 0 19 19 0 134 0
1877 1883 58 39 62 37 0 1 19 13 835 431 6
1883 1884 62 37 63 37 1 0 13 12 -835 431 1
1884 2579 63 37 63 37 0 0 12 12 0 695 0
2579 2591 63 37 64 26 0 0 12 0 1000000000 0 12
--------------------------------------
--------------------------------------
EV29
--------------------------------------
Num TPs served = 6
TPs served = 182 324 336 345 573 885
Total energy used = 100
--------------------------------------
Schedule:
1143 1154 64 26 64 15 0 1 100 89 324 303 11
1154 1155 64 15 65 15 1 2 89 88 336 321 1
1155 1181 65 15 88 12 2 3 88 62 182 1 26
1181 1189 88 12 87 19 3 4 62 54 345 298 8
1189 1191 87 19 89 19 4 3 54 52 -345 298 2
1191 1197 89 19 91 23 3 2 52 46 -182 1 6
1197 1217 91 23 75 19 2 1 46 26 -324 255 20
1217 1421 75 19 75 19 1 1 26 26 0 204 0
1421 1428 75 19 72 15 1 2 26 19 573 431 7
1428 1429 72 15 72 15 2 2 19 19 0 1 0
1429 1430 72 15 72 16 2 1 19 18 -573 431 1
1430 1435 72 16 67 16 1 0 18 13 -336 47 5
1435 1962 67 16 67 16 0 0 13 13 0 527 0
1962 1964 67 16 67 18 0 1 13 11 885 431 2
1964 1965 67 18 67 19 1 0 11 10 -885 431 1
1965 2581 67 19 67 19 0 0 10 10 0 616 0
2581 2591 67 19 64 26 0 0 10 0 1000000000 0 10
--------------------------------------
--------------------------------------
EV30
--------------------------------------
Num TPs served = 10
TPs served = 290 301 312 352 388 391 419 438 529 682
Total energy used = 100
--------------------------------------
Schedule:
1339 1347 64 26 64 34 0 1 100 92 388 206 8
1347 1348 64 34 65 34 1 0 92 91 -388 207 1
1348 1374 65 34 39 34 0 1 91 65 301 41 26
1374 1375 39 34 40 34 1 0 65 64 -301 42 1
1375 1387 40 34 44 26 0 1 64 52 391 171 12
1387 1389 44 26 46 26 1 0 52 50 -391 171 2
1389 1397 46 26 46 18 0 1 50 42 290 1 8
1397 1397 46 18 46 18 1 0 42 42 -290 3 0
1397 1402 46 18 50 19 0 1 42 37 529 383 5
1402 1403 50 19 51 19 1 0 37 36 -529 383 1
1403 1410 51 19 48 15 0 1 36 29 438 220 7
1410 1412 48 15 50 15 1 0 29 27 -438 221 2
1412 1417 50 15 53 17 0 1 27 22 419 180 5
1417 1419 53 17 53 19 1 0 22 20 -419 181 2
1419 1421 53 19 52 20 0 1 20 18 352 78 2
1421 1421 52 20 52 20 1 2 18 18 312 13 0
1421 1422 52 20 52 21 2 1 18 17 -352 79 1
1422 1424 52 21 54 21 1 0 17 15 -312 13 2
1424 1616 54 21 54 21 0 0 15 15 0 192 0
1616 1621 54 21 56 24 0 1 15 10 682 431 5
1621 1622 56 24 56 24 1 1 10 10 0 1 0
1622 1622 56 24 56 24 1 0 10 10 -682 431 0
1622 2581 56 24 56 24 0 0 10 10 0 959 0
2581 2591 56 24 64 26 0 0 10 0 1000000000 0 10
--------------------------------------
--------------------------------------
EV31
--------------------------------------
Num TPs served = 5
TPs served = 410 442 466 489 555
Total energy used = 100
--------------------------------------
Schedule:
1543 1550 64 26 71 26 0 1 100 93 466 119 7
1550 1552 71 26 73 26 1 0 93 91 -466 119 2
1552 1586 73 26 39 26 0 1 91 57 410 0 34
1586 1588 39 26 41 26 1 0 57 55 -410 0 2
1588 1600 41 26 40 15 0 1 55 43 442 37 12
1600 1604 40 15 43 16 1 0 43 39 -442 38 4
1604 1613 43 16 48 20 0 1 39 30 555 213 9
1613 1615 48 20 50 20 1 0 30 28 -555 213 2
1615 1625 50 20 50 30 0 1 28 18 489 91 10
1625 1626 50 30 51 30 1 0 18 17 -489 91 1
1626 2574 51 30 51 30 0 0 17 17 0 948 0
2574 2591 51 30 64 26 0 0 17 0 1000000000 0 17
--------------------------------------

-------------------------------------------------------------------------

TPs

-------------------------------------------------------------------------

----------------------
TP1 allocated to 8
----------------------

----------------------
TP2 allocated to 0
----------------------

----------------------
TP3 allocated to 1
----------------------

----------------------
TP4 allocated to 1
----------------------

----------------------
TP5 allocated to 2
----------------------

----------------------
TP6 allocated to 0
----------------------

----------------------
TP7 allocated to 1
----------------------

----------------------
TP8 allocated to 3
----------------------

----------------------
TP9 allocated to 9
----------------------

----------------------
TP10 allocated to 1
----------------------

----------------------
TP11 not allocated
----------------------

----------------------
TP12 allocated to 0
----------------------

----------------------
TP13 not allocated
----------------------

----------------------
TP14 allocated to 8
----------------------

----------------------
TP15 allocated to 8
----------------------

----------------------
TP16 allocated to 8
----------------------

----------------------
TP17 not allocated
----------------------

----------------------
TP18 allocated to 9
----------------------

----------------------
TP19 allocated to 16
----------------------

----------------------
TP20 allocated to 2
----------------------

----------------------
TP21 not allocated
----------------------

----------------------
TP22 not allocated
----------------------

----------------------
TP23 allocated to 3
----------------------

----------------------
TP24 not allocated
----------------------

----------------------
TP25 not allocated
----------------------

----------------------
TP26 allocated to 2
----------------------

----------------------
TP27 allocated to 9
----------------------

----------------------
TP28 allocated to 0
----------------------

----------------------
TP29 allocated to 3
----------------------

----------------------
TP30 not allocated
----------------------

----------------------
TP31 not allocated
----------------------

----------------------
TP32 allocated to 10
----------------------

----------------------
TP33 not allocated
----------------------

----------------------
TP34 allocated to 9
----------------------

----------------------
TP35 not allocated
----------------------

----------------------
TP36 allocated to 16
----------------------

----------------------
TP37 allocated to 11
----------------------

----------------------
TP38 not allocated
----------------------

----------------------
TP39 not allocated
----------------------

----------------------
TP40 allocated to 17
----------------------

----------------------
TP41 allocated to 10
----------------------

----------------------
TP42 not allocated
----------------------

----------------------
TP43 allocated to 10
----------------------

----------------------
TP44 not allocated
----------------------

----------------------
TP45 allocated to 17
----------------------

----------------------
TP46 not allocated
----------------------

----------------------
TP47 allocated to 18
----------------------

----------------------
TP48 not allocated
----------------------

----------------------
TP49 not allocated
----------------------

----------------------
TP50 allocated to 10
----------------------

----------------------
TP51 allocated to 11
----------------------

----------------------
TP52 allocated to 9
----------------------

----------------------
TP53 allocated to 8
----------------------

----------------------
TP54 allocated to 19
----------------------

----------------------
TP55 not allocated
----------------------

----------------------
TP56 allocated to 18
----------------------

----------------------
TP57 allocated to 24
----------------------

----------------------
TP58 allocated to 25
----------------------

----------------------
TP59 allocated to 24
----------------------

----------------------
TP60 allocated to 26
----------------------

----------------------
TP61 allocated to 20
----------------------

----------------------
TP62 not allocated
----------------------

----------------------
TP63 allocated to 18
----------------------

----------------------
TP64 allocated to 25
----------------------

----------------------
TP65 allocated to 19
----------------------

----------------------
TP66 allocated to 27
----------------------

----------------------
TP67 not allocated
----------------------

----------------------
TP68 not allocated
----------------------

----------------------
TP69 not allocated
----------------------

----------------------
TP70 not allocated
----------------------

----------------------
TP71 allocated to 27
----------------------

----------------------
TP72 not allocated
----------------------

----------------------
TP73 not allocated
----------------------

----------------------
TP74 allocated to 8
----------------------

----------------------
TP75 not allocated
----------------------

----------------------
TP76 allocated to 27
----------------------

----------------------
TP77 allocated to 25
----------------------

----------------------
TP78 allocated to 17
----------------------

----------------------
TP79 not allocated
----------------------

----------------------
TP80 allocated to 20
----------------------

----------------------
TP81 not allocated
----------------------

----------------------
TP82 allocated to 17
----------------------

----------------------
TP83 not allocated
----------------------

----------------------
TP84 not allocated
----------------------

----------------------
TP85 allocated to 12
----------------------

----------------------
TP86 allocated to 3
----------------------

----------------------
TP87 not allocated
----------------------

----------------------
TP88 allocated to 19
----------------------

----------------------
TP89 allocated to 28
----------------------

----------------------
TP90 not allocated
----------------------

----------------------
TP91 not allocated
----------------------

----------------------
TP92 not allocated
----------------------

----------------------
TP93 not allocated
----------------------

----------------------
TP94 not allocated
----------------------

----------------------
TP95 allocated to 26
----------------------

----------------------
TP96 not allocated
----------------------

----------------------
TP97 allocated to 4
----------------------

----------------------
TP98 not allocated
----------------------

----------------------
TP99 allocated to 20
----------------------

----------------------
TP100 not allocated
----------------------

----------------------
TP101 not allocated
----------------------

----------------------
TP102 not allocated
----------------------

----------------------
TP103 not allocated
----------------------

----------------------
TP104 allocated to 10
----------------------

----------------------
TP105 allocated to 16
----------------------

----------------------
TP106 allocated to 26
----------------------

----------------------
TP107 allocated to 12
----------------------

----------------------
TP108 not allocated
----------------------

----------------------
TP109 not allocated
----------------------

----------------------
TP110 not allocated
----------------------

----------------------
TP111 allocated to 24
----------------------

----------------------
TP112 allocated to 19
----------------------

----------------------
TP113 not allocated
----------------------

----------------------
TP114 not allocated
----------------------

----------------------
TP115 not allocated
----------------------

----------------------
TP116 allocated to 27
----------------------

----------------------
TP117 not allocated
----------------------

----------------------
TP118 allocated to 26
----------------------

----------------------
TP119 not allocated
----------------------

----------------------
TP120 not allocated
----------------------

----------------------
TP121 not allocated
----------------------

----------------------
TP122 not allocated
----------------------

----------------------
TP123 allocated to 28
----------------------

----------------------
TP124 not allocated
----------------------

----------------------
TP125 allocated to 18
----------------------

----------------------
TP126 allocated to 4
----------------------

----------------------
TP127 not allocated
----------------------

----------------------
TP128 not allocated
----------------------

----------------------
TP129 not allocated
----------------------

----------------------
TP130 not allocated
----------------------

----------------------
TP131 not allocated
----------------------

----------------------
TP132 not allocated
----------------------

----------------------
TP133 not allocated
----------------------

----------------------
TP134 allocated to 4
----------------------

----------------------
TP135 allocated to 28
----------------------

----------------------
TP136 not allocated
----------------------

----------------------
TP137 not allocated
----------------------

----------------------
TP138 not allocated
----------------------

----------------------
TP139 not allocated
----------------------

----------------------
TP140 allocated to 25
----------------------

----------------------
TP141 not allocated
----------------------

----------------------
TP142 allocated to 4
----------------------

----------------------
TP143 not allocated
----------------------

----------------------
TP144 not allocated
----------------------

----------------------
TP145 not allocated
----------------------

----------------------
TP146 allocated to 12
----------------------

----------------------
TP147 allocated to 24
----------------------

----------------------
TP148 not allocated
----------------------

----------------------
TP149 allocated to 20
----------------------

----------------------
TP150 not allocated
----------------------

----------------------
TP151 not allocated
----------------------

----------------------
TP152 not allocated
----------------------

----------------------
TP153 not allocated
----------------------

----------------------
TP154 not allocated
----------------------

----------------------
TP155 allocated to 25
----------------------

----------------------
TP156 not allocated
----------------------

----------------------
TP157 not allocated
----------------------

----------------------
TP158 not allocated
----------------------

----------------------
TP159 allocated to 0
----------------------

----------------------
TP160 not allocated
----------------------

----------------------
TP161 not allocated
----------------------

----------------------
TP162 not allocated
----------------------

----------------------
TP163 not allocated
----------------------

----------------------
TP164 not allocated
----------------------

----------------------
TP165 not allocated
----------------------

----------------------
TP166 not allocated
----------------------

----------------------
TP167 not allocated
----------------------

----------------------
TP168 allocated to 2
----------------------

----------------------
TP169 allocated to 0
----------------------

----------------------
TP170 allocated to 8
----------------------

----------------------
TP171 not allocated
----------------------

----------------------
TP172 not allocated
----------------------

----------------------
TP173 not allocated
----------------------

----------------------
TP174 not allocated
----------------------

----------------------
TP175 not allocated
----------------------

----------------------
TP176 not allocated
----------------------

----------------------
TP177 allocated to 17
----------------------

----------------------
TP178 allocated to 21
----------------------

----------------------
TP179 allocated to 12
----------------------

----------------------
TP180 not allocated
----------------------

----------------------
TP181 allocated to 3
----------------------

----------------------
TP182 allocated to 29
----------------------

----------------------
TP183 not allocated
----------------------

----------------------
TP184 allocated to 4
----------------------

----------------------
TP185 allocated to 13
----------------------

----------------------
TP186 not allocated
----------------------

----------------------
TP187 not allocated
----------------------

----------------------
TP188 not allocated
----------------------

----------------------
TP189 not allocated
----------------------

----------------------
TP190 not allocated
----------------------

----------------------
TP191 not allocated
----------------------

----------------------
TP192 not allocated
----------------------

----------------------
TP193 allocated to 8
----------------------

----------------------
TP194 allocated to 13
----------------------

----------------------
TP195 not allocated
----------------------

----------------------
TP196 not allocated
----------------------

----------------------
TP197 allocated to 1
----------------------

----------------------
TP198 allocated to 25
----------------------

----------------------
TP199 allocated to 5
----------------------

----------------------
TP200 not allocated
----------------------

----------------------
TP201 allocated to 27
----------------------

----------------------
TP202 allocated to 13
----------------------

----------------------
TP203 not allocated
----------------------

----------------------
TP204 not allocated
----------------------

----------------------
TP205 not allocated
----------------------

----------------------
TP206 not allocated
----------------------

----------------------
TP207 not allocated
----------------------

----------------------
TP208 not allocated
----------------------

----------------------
TP209 not allocated
----------------------

----------------------
TP210 allocated to 9
----------------------

----------------------
TP211 not allocated
----------------------

----------------------
TP212 allocated to 16
----------------------

----------------------
TP213 not allocated
----------------------

----------------------
TP214 allocated to 5
----------------------

----------------------
TP215 not allocated
----------------------

----------------------
TP216 allocated to 27
----------------------

----------------------
TP217 not allocated
----------------------

----------------------
TP218 not allocated
----------------------

----------------------
TP219 not allocated
----------------------

----------------------
TP220 not allocated
----------------------

----------------------
TP221 allocated to 10
----------------------

----------------------
TP222 not allocated
----------------------

----------------------
TP223 allocated to 5
----------------------

----------------------
TP224 not allocated
----------------------

----------------------
TP225 not allocated
----------------------

----------------------
TP226 not allocated
----------------------

----------------------
TP227 not allocated
----------------------

----------------------
TP228 not allocated
----------------------

----------------------
TP229 not allocated
----------------------

----------------------
TP230 allocated to 0
----------------------

----------------------
TP231 not allocated
----------------------

----------------------
TP232 not allocated
----------------------

----------------------
TP233 allocated to 20
----------------------

----------------------
TP234 allocated to 21
----------------------

----------------------
TP235 allocated to 21
----------------------

----------------------
TP236 not allocated
----------------------

----------------------
TP237 allocated to 11
----------------------

----------------------
TP238 allocated to 21
----------------------

----------------------
TP239 not allocated
----------------------

----------------------
TP240 not allocated
----------------------

----------------------
TP241 not allocated
----------------------

----------------------
TP242 not allocated
----------------------

----------------------
TP243 not allocated
----------------------

----------------------
TP244 allocated to 12
----------------------

----------------------
TP245 allocated to 5
----------------------

----------------------
TP246 not allocated
----------------------

----------------------
TP247 not allocated
----------------------

----------------------
TP248 not allocated
----------------------

----------------------
TP249 not allocated
----------------------

----------------------
TP250 not allocated
----------------------

----------------------
TP251 not allocated
----------------------

----------------------
TP252 not allocated
----------------------

----------------------
TP253 allocated to 27
----------------------

----------------------
TP254 allocated to 13
----------------------

----------------------
TP255 allocated to 2
----------------------

----------------------
TP256 allocated to 28
----------------------

----------------------
TP257 allocated to 13
----------------------

----------------------
TP258 not allocated
----------------------

----------------------
TP259 not allocated
----------------------

----------------------
TP260 allocated to 27
----------------------

----------------------
TP261 not allocated
----------------------

----------------------
TP262 not allocated
----------------------

----------------------
TP263 not allocated
----------------------

----------------------
TP264 not allocated
----------------------

----------------------
TP265 not allocated
----------------------

----------------------
TP266 not allocated
----------------------

----------------------
TP267 not allocated
----------------------

----------------------
TP268 not allocated
----------------------

----------------------
TP269 not allocated
----------------------

----------------------
TP270 allocated to 27
----------------------

----------------------
TP271 not allocated
----------------------

----------------------
TP272 not allocated
----------------------

----------------------
TP273 not allocated
----------------------

----------------------
TP274 allocated to 22
----------------------

----------------------
TP275 not allocated
----------------------

----------------------
TP276 not allocated
----------------------

----------------------
TP277 allocated to 13
----------------------

----------------------
TP278 not allocated
----------------------

----------------------
TP279 not allocated
----------------------

----------------------
TP280 allocated to 19
----------------------

----------------------
TP281 not allocated
----------------------

----------------------
TP282 not allocated
----------------------

----------------------
TP283 not allocated
----------------------

----------------------
TP284 allocated to 5
----------------------

----------------------
TP285 not allocated
----------------------

----------------------
TP286 not allocated
----------------------

----------------------
TP287 allocated to 13
----------------------

----------------------
TP288 not allocated
----------------------

----------------------
TP289 allocated to 14
----------------------

----------------------
TP290 allocated to 30
----------------------

----------------------
TP291 not allocated
----------------------

----------------------
TP292 allocated to 19
----------------------

----------------------
TP293 not allocated
----------------------

----------------------
TP294 allocated to 22
----------------------

----------------------
TP295 allocated to 22
----------------------

----------------------
TP296 not allocated
----------------------

----------------------
TP297 allocated to 13
----------------------

----------------------
TP298 not allocated
----------------------

----------------------
TP299 not allocated
----------------------

----------------------
TP300 not allocated
----------------------

----------------------
TP301 allocated to 30
----------------------

----------------------
TP302 allocated to 14
----------------------

----------------------
TP303 allocated to 6
----------------------

----------------------
TP304 not allocated
----------------------

----------------------
TP305 not allocated
----------------------

----------------------
TP306 not allocated
----------------------

----------------------
TP307 allocated to 27
----------------------

----------------------
TP308 not allocated
----------------------

----------------------
TP309 not allocated
----------------------

----------------------
TP310 not allocated
----------------------

----------------------
TP311 not allocated
----------------------

----------------------
TP312 allocated to 30
----------------------

----------------------
TP313 not allocated
----------------------

----------------------
TP314 not allocated
----------------------

----------------------
TP315 not allocated
----------------------

----------------------
TP316 not allocated
----------------------

----------------------
TP317 not allocated
----------------------

----------------------
TP318 allocated to 22
----------------------

----------------------
TP319 not allocated
----------------------

----------------------
TP320 not allocated
----------------------

----------------------
TP321 not allocated
----------------------

----------------------
TP322 not allocated
----------------------

----------------------
TP323 allocated to 21
----------------------

----------------------
TP324 allocated to 29
----------------------

----------------------
TP325 not allocated
----------------------

----------------------
TP326 allocated to 6
----------------------

----------------------
TP327 not allocated
----------------------

----------------------
TP328 not allocated
----------------------

----------------------
TP329 not allocated
----------------------

----------------------
TP330 not allocated
----------------------

----------------------
TP331 allocated to 28
----------------------

----------------------
TP332 not allocated
----------------------

----------------------
TP333 not allocated
----------------------

----------------------
TP334 not allocated
----------------------

----------------------
TP335 not allocated
----------------------

----------------------
TP336 allocated to 29
----------------------

----------------------
TP337 not allocated
----------------------

----------------------
TP338 allocated to 6
----------------------

----------------------
TP339 not allocated
----------------------

----------------------
TP340 not allocated
----------------------

----------------------
TP341 not allocated
----------------------

----------------------
TP342 not allocated
----------------------

----------------------
TP343 allocated to 21
----------------------

----------------------
TP344 not allocated
----------------------

----------------------
TP345 allocated to 29
----------------------

----------------------
TP346 not allocated
----------------------

----------------------
TP347 not allocated
----------------------

----------------------
TP348 not allocated
----------------------

----------------------
TP349 not allocated
----------------------

----------------------
TP350 allocated to 4
----------------------

----------------------
TP351 not allocated
----------------------

----------------------
TP352 allocated to 30
----------------------

----------------------
TP353 not allocated
----------------------

----------------------
TP354 not allocated
----------------------

----------------------
TP355 not allocated
----------------------

----------------------
TP356 allocated to 14
----------------------

----------------------
TP357 not allocated
----------------------

----------------------
TP358 not allocated
----------------------

----------------------
TP359 not allocated
----------------------

----------------------
TP360 not allocated
----------------------

----------------------
TP361 allocated to 22
----------------------

----------------------
TP362 not allocated
----------------------

----------------------
TP363 not allocated
----------------------

----------------------
TP364 not allocated
----------------------

----------------------
TP365 not allocated
----------------------

----------------------
TP366 allocated to 14
----------------------

----------------------
TP367 not allocated
----------------------

----------------------
TP368 not allocated
----------------------

----------------------
TP369 not allocated
----------------------

----------------------
TP370 not allocated
----------------------

----------------------
TP371 not allocated
----------------------

----------------------
TP372 not allocated
----------------------

----------------------
TP373 not allocated
----------------------

----------------------
TP374 not allocated
----------------------

----------------------
TP375 not allocated
----------------------

----------------------
TP376 not allocated
----------------------

----------------------
TP377 not allocated
----------------------

----------------------
TP378 not allocated
----------------------

----------------------
TP379 not allocated
----------------------

----------------------
TP380 not allocated
----------------------

----------------------
TP381 not allocated
----------------------

----------------------
TP382 allocated to 21
----------------------

----------------------
TP383 not allocated
----------------------

----------------------
TP384 not allocated
----------------------

----------------------
TP385 not allocated
----------------------

----------------------
TP386 allocated to 3
----------------------

----------------------
TP387 not allocated
----------------------

----------------------
TP388 allocated to 30
----------------------

----------------------
TP389 allocated to 12
----------------------

----------------------
TP390 allocated to 22
----------------------

----------------------
TP391 allocated to 30
----------------------

----------------------
TP392 not allocated
----------------------

----------------------
TP393 not allocated
----------------------

----------------------
TP394 not allocated
----------------------

----------------------
TP395 not allocated
----------------------

----------------------
TP396 not allocated
----------------------

----------------------
TP397 not allocated
----------------------

----------------------
TP398 not allocated
----------------------

----------------------
TP399 not allocated
----------------------

----------------------
TP400 allocated to 7
----------------------

----------------------
TP401 allocated to 23
----------------------

----------------------
TP402 not allocated
----------------------

----------------------
TP403 allocated to 21
----------------------

----------------------
TP404 not allocated
----------------------

----------------------
TP405 not allocated
----------------------

----------------------
TP406 not allocated
----------------------

----------------------
TP407 not allocated
----------------------

----------------------
TP408 not allocated
----------------------

----------------------
TP409 not allocated
----------------------

----------------------
TP410 allocated to 31
----------------------

----------------------
TP411 not allocated
----------------------

----------------------
TP412 not allocated
----------------------

----------------------
TP413 allocated to 15
----------------------

----------------------
TP414 not allocated
----------------------

----------------------
TP415 not allocated
----------------------

----------------------
TP416 allocated to 3
----------------------

----------------------
TP417 allocated to 7
----------------------

----------------------
TP418 not allocated
----------------------

----------------------
TP419 allocated to 30
----------------------

----------------------
TP420 not allocated
----------------------

----------------------
TP421 not allocated
----------------------

----------------------
TP422 allocated to 23
----------------------

----------------------
TP423 not allocated
----------------------

----------------------
TP424 not allocated
----------------------

----------------------
TP425 not allocated
----------------------

----------------------
TP426 allocated to 7
----------------------

----------------------
TP427 not allocated
----------------------

----------------------
TP428 not allocated
----------------------

----------------------
TP429 not allocated
----------------------

----------------------
TP430 allocated to 7
----------------------

----------------------
TP431 not allocated
----------------------

----------------------
TP432 not allocated
----------------------

----------------------
TP433 not allocated
----------------------

----------------------
TP434 not allocated
----------------------

----------------------
TP435 allocated to 14
----------------------

----------------------
TP436 not allocated
----------------------

----------------------
TP437 allocated to 15
----------------------

----------------------
TP438 allocated to 30
----------------------

----------------------
TP439 allocated to 23
----------------------

----------------------
TP440 not allocated
----------------------

----------------------
TP441 allocated to 6
----------------------

----------------------
TP442 allocated to 31
----------------------

----------------------
TP443 allocated to 23
----------------------

----------------------
TP444 not allocated
----------------------

----------------------
TP445 not allocated
----------------------

----------------------
TP446 not allocated
----------------------

----------------------
TP447 allocated to 6
----------------------

----------------------
TP448 not allocated
----------------------

----------------------
TP449 not allocated
----------------------

----------------------
TP450 not allocated
----------------------

----------------------
TP451 not allocated
----------------------

----------------------
TP452 not allocated
----------------------

----------------------
TP453 not allocated
----------------------

----------------------
TP454 not allocated
----------------------

----------------------
TP455 not allocated
----------------------

----------------------
TP456 allocated to 15
----------------------

----------------------
TP457 not allocated
----------------------

----------------------
TP458 not allocated
----------------------

----------------------
TP459 not allocated
----------------------

----------------------
TP460 allocated to 15
----------------------

----------------------
TP461 not allocated
----------------------

----------------------
TP462 not allocated
----------------------

----------------------
TP463 not allocated
----------------------

----------------------
TP464 allocated to 22
----------------------

----------------------
TP465 not allocated
----------------------

----------------------
TP466 allocated to 31
----------------------

----------------------
TP467 not allocated
----------------------

----------------------
TP468 allocated to 23
----------------------

----------------------
TP469 allocated to 6
----------------------

----------------------
TP470 not allocated
----------------------

----------------------
TP471 not allocated
----------------------

----------------------
TP472 allocated to 15
----------------------

----------------------
TP473 not allocated
----------------------

----------------------
TP474 not allocated
----------------------

----------------------
TP475 allocated to 20
----------------------

----------------------
TP476 not allocated
----------------------

----------------------
TP477 not allocated
----------------------

----------------------
TP478 not allocated
----------------------

----------------------
TP479 not allocated
----------------------

----------------------
TP480 not allocated
----------------------

----------------------
TP481 not allocated
----------------------

----------------------
TP482 not allocated
----------------------

----------------------
TP483 not allocated
----------------------

----------------------
TP484 not allocated
----------------------

----------------------
TP485 not allocated
----------------------

----------------------
TP486 not allocated
----------------------

----------------------
TP487 not allocated
----------------------

----------------------
TP488 not allocated
----------------------

----------------------
TP489 allocated to 31
----------------------

----------------------
TP490 not allocated
----------------------

----------------------
TP491 not allocated
----------------------

----------------------
TP492 not allocated
----------------------

----------------------
TP493 not allocated
----------------------

----------------------
TP494 not allocated
----------------------

----------------------
TP495 allocated to 23
----------------------

----------------------
TP496 not allocated
----------------------

----------------------
TP497 not allocated
----------------------

----------------------
TP498 not allocated
----------------------

----------------------
TP499 not allocated
----------------------

----------------------
TP500 not allocated
----------------------

----------------------
TP501 allocated to 7
----------------------

----------------------
TP502 not allocated
----------------------

----------------------
TP503 not allocated
----------------------

----------------------
TP504 not allocated
----------------------

----------------------
TP505 not allocated
----------------------

----------------------
TP506 not allocated
----------------------

----------------------
TP507 allocated to 18
----------------------

----------------------
TP508 not allocated
----------------------

----------------------
TP509 not allocated
----------------------

----------------------
TP510 not allocated
----------------------

----------------------
TP511 not allocated
----------------------

----------------------
TP512 not allocated
----------------------

----------------------
TP513 not allocated
----------------------

----------------------
TP514 allocated to 22
----------------------

----------------------
TP515 not allocated
----------------------

----------------------
TP516 not allocated
----------------------

----------------------
TP517 not allocated
----------------------

----------------------
TP518 not allocated
----------------------

----------------------
TP519 not allocated
----------------------

----------------------
TP520 not allocated
----------------------

----------------------
TP521 not allocated
----------------------

----------------------
TP522 not allocated
----------------------

----------------------
TP523 not allocated
----------------------

----------------------
TP524 not allocated
----------------------

----------------------
TP525 not allocated
----------------------

----------------------
TP526 not allocated
----------------------

----------------------
TP527 not allocated
----------------------

----------------------
TP528 not allocated
----------------------

----------------------
TP529 allocated to 30
----------------------

----------------------
TP530 not allocated
----------------------

----------------------
TP531 not allocated
----------------------

----------------------
TP532 not allocated
----------------------

----------------------
TP533 not allocated
----------------------

----------------------
TP534 allocated to 22
----------------------

----------------------
TP535 not allocated
----------------------

----------------------
TP536 not allocated
----------------------

----------------------
TP537 not allocated
----------------------

----------------------
TP538 not allocated
----------------------

----------------------
TP539 not allocated
----------------------

----------------------
TP540 allocated to 15
----------------------

----------------------
TP541 not allocated
----------------------

----------------------
TP542 not allocated
----------------------

----------------------
TP543 not allocated
----------------------

----------------------
TP544 not allocated
----------------------

----------------------
TP545 not allocated
----------------------

----------------------
TP546 not allocated
----------------------

----------------------
TP547 not allocated
----------------------

----------------------
TP548 not allocated
----------------------

----------------------
TP549 not allocated
----------------------

----------------------
TP550 not allocated
----------------------

----------------------
TP551 allocated to 23
----------------------

----------------------
TP552 not allocated
----------------------

----------------------
TP553 not allocated
----------------------

----------------------
TP554 not allocated
----------------------

----------------------
TP555 allocated to 31
----------------------

----------------------
TP556 not allocated
----------------------

----------------------
TP557 not allocated
----------------------

----------------------
TP558 not allocated
----------------------

----------------------
TP559 not allocated
----------------------

----------------------
TP560 not allocated
----------------------

----------------------
TP561 not allocated
----------------------

----------------------
TP562 not allocated
----------------------

----------------------
TP563 not allocated
----------------------

----------------------
TP564 not allocated
----------------------

----------------------
TP565 not allocated
----------------------

----------------------
TP566 not allocated
----------------------

----------------------
TP567 not allocated
----------------------

----------------------
TP568 not allocated
----------------------

----------------------
TP569 not allocated
----------------------

----------------------
TP570 not allocated
----------------------

----------------------
TP571 not allocated
----------------------

----------------------
TP572 not allocated
----------------------

----------------------
TP573 allocated to 29
----------------------

----------------------
TP574 not allocated
----------------------

----------------------
TP575 not allocated
----------------------

----------------------
TP576 not allocated
----------------------

----------------------
TP577 not allocated
----------------------

----------------------
TP578 not allocated
----------------------

----------------------
TP579 not allocated
----------------------

----------------------
TP580 not allocated
----------------------

----------------------
TP581 not allocated
----------------------

----------------------
TP582 not allocated
----------------------

----------------------
TP583 not allocated
----------------------

----------------------
TP584 not allocated
----------------------

----------------------
TP585 not allocated
----------------------

----------------------
TP586 not allocated
----------------------

----------------------
TP587 not allocated
----------------------

----------------------
TP588 not allocated
----------------------

----------------------
TP589 not allocated
----------------------

----------------------
TP590 not allocated
----------------------

----------------------
TP591 not allocated
----------------------

----------------------
TP592 not allocated
----------------------

----------------------
TP593 not allocated
----------------------

----------------------
TP594 not allocated
----------------------

----------------------
TP595 not allocated
----------------------

----------------------
TP596 not allocated
----------------------

----------------------
TP597 not allocated
----------------------

----------------------
TP598 not allocated
----------------------

----------------------
TP599 not allocated
----------------------

----------------------
TP600 not allocated
----------------------

----------------------
TP601 not allocated
----------------------

----------------------
TP602 allocated to 24
----------------------

----------------------
TP603 not allocated
----------------------

----------------------
TP604 not allocated
----------------------

----------------------
TP605 not allocated
----------------------

----------------------
TP606 not allocated
----------------------

----------------------
TP607 not allocated
----------------------

----------------------
TP608 not allocated
----------------------

----------------------
TP609 not allocated
----------------------

----------------------
TP610 not allocated
----------------------

----------------------
TP611 not allocated
----------------------

----------------------
TP612 allocated to 5
----------------------

----------------------
TP613 allocated to 15
----------------------

----------------------
TP614 not allocated
----------------------

----------------------
TP615 not allocated
----------------------

----------------------
TP616 not allocated
----------------------

----------------------
TP617 not allocated
----------------------

----------------------
TP618 not allocated
----------------------

----------------------
TP619 not allocated
----------------------

----------------------
TP620 not allocated
----------------------

----------------------
TP621 not allocated
----------------------

----------------------
TP622 not allocated
----------------------

----------------------
TP623 not allocated
----------------------

----------------------
TP624 not allocated
----------------------

----------------------
TP625 not allocated
----------------------

----------------------
TP626 allocated to 25
----------------------

----------------------
TP627 not allocated
----------------------

----------------------
TP628 not allocated
----------------------

----------------------
TP629 not allocated
----------------------

----------------------
TP630 not allocated
----------------------

----------------------
TP631 not allocated
----------------------

----------------------
TP632 not allocated
----------------------

----------------------
TP633 not allocated
----------------------

----------------------
TP634 not allocated
----------------------

----------------------
TP635 allocated to 15
----------------------

----------------------
TP636 allocated to 26
----------------------

----------------------
TP637 not allocated
----------------------

----------------------
TP638 not allocated
----------------------

----------------------
TP639 not allocated
----------------------

----------------------
TP640 not allocated
----------------------

----------------------
TP641 allocated to 7
----------------------

----------------------
TP642 not allocated
----------------------

----------------------
TP643 not allocated
----------------------

----------------------
TP644 not allocated
----------------------

----------------------
TP645 not allocated
----------------------

----------------------
TP646 not allocated
----------------------

----------------------
TP647 not allocated
----------------------

----------------------
TP648 allocated to 28
----------------------

----------------------
TP649 not allocated
----------------------

----------------------
TP650 not allocated
----------------------

----------------------
TP651 not allocated
----------------------

----------------------
TP652 not allocated
----------------------

----------------------
TP653 not allocated
----------------------

----------------------
TP654 not allocated
----------------------

----------------------
TP655 not allocated
----------------------

----------------------
TP656 not allocated
----------------------

----------------------
TP657 not allocated
----------------------

----------------------
TP658 not allocated
----------------------

----------------------
TP659 not allocated
----------------------

----------------------
TP660 not allocated
----------------------

----------------------
TP661 not allocated
----------------------

----------------------
TP662 not allocated
----------------------

----------------------
TP663 not allocated
----------------------

----------------------
TP664 not allocated
----------------------

----------------------
TP665 not allocated
----------------------

----------------------
TP666 not allocated
----------------------

----------------------
TP667 not allocated
----------------------

----------------------
TP668 not allocated
----------------------

----------------------
TP669 not allocated
----------------------

----------------------
TP670 not allocated
----------------------

----------------------
TP671 not allocated
----------------------

----------------------
TP672 not allocated
----------------------

----------------------
TP673 not allocated
----------------------

----------------------
TP674 not allocated
----------------------

----------------------
TP675 not allocated
----------------------

----------------------
TP676 not allocated
----------------------

----------------------
TP677 not allocated
----------------------

----------------------
TP678 not allocated
----------------------

----------------------
TP679 not allocated
----------------------

----------------------
TP680 not allocated
----------------------

----------------------
TP681 not allocated
----------------------

----------------------
TP682 allocated to 30
----------------------

----------------------
TP683 not allocated
----------------------

----------------------
TP684 not allocated
----------------------

----------------------
TP685 not allocated
----------------------

----------------------
TP686 not allocated
----------------------

----------------------
TP687 not allocated
----------------------

----------------------
TP688 not allocated
----------------------

----------------------
TP689 not allocated
----------------------

----------------------
TP690 not allocated
----------------------

----------------------
TP691 not allocated
----------------------

----------------------
TP692 not allocated
----------------------

----------------------
TP693 not allocated
----------------------

----------------------
TP694 not allocated
----------------------

----------------------
TP695 not allocated
----------------------

----------------------
TP696 not allocated
----------------------

----------------------
TP697 not allocated
----------------------

----------------------
TP698 not allocated
----------------------

----------------------
TP699 not allocated
----------------------

----------------------
TP700 not allocated
----------------------

----------------------
TP701 not allocated
----------------------

----------------------
TP702 not allocated
----------------------

----------------------
TP703 not allocated
----------------------

----------------------
TP704 not allocated
----------------------

----------------------
TP705 allocated to 6
----------------------

----------------------
TP706 not allocated
----------------------

----------------------
TP707 not allocated
----------------------

----------------------
TP708 not allocated
----------------------

----------------------
TP709 not allocated
----------------------

----------------------
TP710 not allocated
----------------------

----------------------
TP711 not allocated
----------------------

----------------------
TP712 not allocated
----------------------

----------------------
TP713 not allocated
----------------------

----------------------
TP714 not allocated
----------------------

----------------------
TP715 not allocated
----------------------

----------------------
TP716 allocated to 26
----------------------

----------------------
TP717 not allocated
----------------------

----------------------
TP718 not allocated
----------------------

----------------------
TP719 not allocated
----------------------

----------------------
TP720 not allocated
----------------------

----------------------
TP721 not allocated
----------------------

----------------------
TP722 not allocated
----------------------

----------------------
TP723 not allocated
----------------------

----------------------
TP724 not allocated
----------------------

----------------------
TP725 not allocated
----------------------

----------------------
TP726 not allocated
----------------------

----------------------
TP727 not allocated
----------------------

----------------------
TP728 not allocated
----------------------

----------------------
TP729 not allocated
----------------------

----------------------
TP730 not allocated
----------------------

----------------------
TP731 not allocated
----------------------

----------------------
TP732 not allocated
----------------------

----------------------
TP733 not allocated
----------------------

----------------------
TP734 not allocated
----------------------

----------------------
TP735 not allocated
----------------------

----------------------
TP736 not allocated
----------------------

----------------------
TP737 not allocated
----------------------

----------------------
TP738 not allocated
----------------------

----------------------
TP739 not allocated
----------------------

----------------------
TP740 not allocated
----------------------

----------------------
TP741 not allocated
----------------------

----------------------
TP742 not allocated
----------------------

----------------------
TP743 not allocated
----------------------

----------------------
TP744 allocated to 28
----------------------

----------------------
TP745 not allocated
----------------------

----------------------
TP746 not allocated
----------------------

----------------------
TP747 not allocated
----------------------

----------------------
TP748 not allocated
----------------------

----------------------
TP749 allocated to 7
----------------------

----------------------
TP750 not allocated
----------------------

----------------------
TP751 not allocated
----------------------

----------------------
TP752 not allocated
----------------------

----------------------
TP753 not allocated
----------------------

----------------------
TP754 not allocated
----------------------

----------------------
TP755 not allocated
----------------------

----------------------
TP756 not allocated
----------------------

----------------------
TP757 not allocated
----------------------

----------------------
TP758 not allocated
----------------------

----------------------
TP759 not allocated
----------------------

----------------------
TP760 not allocated
----------------------

----------------------
TP761 not allocated
----------------------

----------------------
TP762 not allocated
----------------------

----------------------
TP763 not allocated
----------------------

----------------------
TP764 not allocated
----------------------

----------------------
TP765 not allocated
----------------------

----------------------
TP766 not allocated
----------------------

----------------------
TP767 not allocated
----------------------

----------------------
TP768 not allocated
----------------------

----------------------
TP769 not allocated
----------------------

----------------------
TP770 not allocated
----------------------

----------------------
TP771 not allocated
----------------------

----------------------
TP772 not allocated
----------------------

----------------------
TP773 not allocated
----------------------

----------------------
TP774 not allocated
----------------------

----------------------
TP775 not allocated
----------------------

----------------------
TP776 not allocated
----------------------

----------------------
TP777 not allocated
----------------------

----------------------
TP778 not allocated
----------------------

----------------------
TP779 not allocated
----------------------

----------------------
TP780 not allocated
----------------------

----------------------
TP781 not allocated
----------------------

----------------------
TP782 allocated to 24
----------------------

----------------------
TP783 not allocated
----------------------

----------------------
TP784 allocated to 20
----------------------

----------------------
TP785 not allocated
----------------------

----------------------
TP786 not allocated
----------------------

----------------------
TP787 not allocated
----------------------

----------------------
TP788 not allocated
----------------------

----------------------
TP789 not allocated
----------------------

----------------------
TP790 not allocated
----------------------

----------------------
TP791 not allocated
----------------------

----------------------
TP792 not allocated
----------------------

----------------------
TP793 not allocated
----------------------

----------------------
TP794 not allocated
----------------------

----------------------
TP795 not allocated
----------------------

----------------------
TP796 not allocated
----------------------

----------------------
TP797 not allocated
----------------------

----------------------
TP798 not allocated
----------------------

----------------------
TP799 not allocated
----------------------

----------------------
TP800 not allocated
----------------------

----------------------
TP801 not allocated
----------------------

----------------------
TP802 not allocated
----------------------

----------------------
TP803 not allocated
----------------------

----------------------
TP804 not allocated
----------------------

----------------------
TP805 not allocated
----------------------

----------------------
TP806 not allocated
----------------------

----------------------
TP807 not allocated
----------------------

----------------------
TP808 allocated to 11
----------------------

----------------------
TP809 not allocated
----------------------

----------------------
TP810 not allocated
----------------------

----------------------
TP811 not allocated
----------------------

----------------------
TP812 not allocated
----------------------

----------------------
TP813 not allocated
----------------------

----------------------
TP814 not allocated
----------------------

----------------------
TP815 not allocated
----------------------

----------------------
TP816 not allocated
----------------------

----------------------
TP817 not allocated
----------------------

----------------------
TP818 not allocated
----------------------

----------------------
TP819 not allocated
----------------------

----------------------
TP820 not allocated
----------------------

----------------------
TP821 not allocated
----------------------

----------------------
TP822 not allocated
----------------------

----------------------
TP823 not allocated
----------------------

----------------------
TP824 not allocated
----------------------

----------------------
TP825 not allocated
----------------------

----------------------
TP826 not allocated
----------------------

----------------------
TP827 not allocated
----------------------

----------------------
TP828 not allocated
----------------------

----------------------
TP829 not allocated
----------------------

----------------------
TP830 not allocated
----------------------

----------------------
TP831 not allocated
----------------------

----------------------
TP832 not allocated
----------------------

----------------------
TP833 not allocated
----------------------

----------------------
TP834 not allocated
----------------------

----------------------
TP835 allocated to 28
----------------------

----------------------
TP836 not allocated
----------------------

----------------------
TP837 not allocated
----------------------

----------------------
TP838 not allocated
----------------------

----------------------
TP839 not allocated
----------------------

----------------------
TP840 not allocated
----------------------

----------------------
TP841 not allocated
----------------------

----------------------
TP842 not allocated
----------------------

----------------------
TP843 not allocated
----------------------

----------------------
TP844 not allocated
----------------------

----------------------
TP845 not allocated
----------------------

----------------------
TP846 not allocated
----------------------

----------------------
TP847 not allocated
----------------------

----------------------
TP848 not allocated
----------------------

----------------------
TP849 not allocated
----------------------

----------------------
TP850 not allocated
----------------------

----------------------
TP851 not allocated
----------------------

----------------------
TP852 not allocated
----------------------

----------------------
TP853 not allocated
----------------------

----------------------
TP854 not allocated
----------------------

----------------------
TP855 not allocated
----------------------

----------------------
TP856 not allocated
----------------------

----------------------
TP857 not allocated
----------------------

----------------------
TP858 not allocated
----------------------

----------------------
TP859 not allocated
----------------------

----------------------
TP860 not allocated
----------------------

----------------------
TP861 not allocated
----------------------

----------------------
TP862 not allocated
----------------------

----------------------
TP863 not allocated
----------------------

----------------------
TP864 not allocated
----------------------

----------------------
TP865 not allocated
----------------------

----------------------
TP866 not allocated
----------------------

----------------------
TP867 not allocated
----------------------

----------------------
TP868 not allocated
----------------------

----------------------
TP869 allocated to 14
----------------------

----------------------
TP870 not allocated
----------------------

----------------------
TP871 not allocated
----------------------

----------------------
TP872 not allocated
----------------------

----------------------
TP873 not allocated
----------------------

----------------------
TP874 not allocated
----------------------

----------------------
TP875 not allocated
----------------------

----------------------
TP876 not allocated
----------------------

----------------------
TP877 not allocated
----------------------

----------------------
TP878 not allocated
----------------------

----------------------
TP879 allocated to 5
----------------------

----------------------
TP880 not allocated
----------------------

----------------------
TP881 not allocated
----------------------

----------------------
TP882 not allocated
----------------------

----------------------
TP883 not allocated
----------------------

----------------------
TP884 not allocated
----------------------

----------------------
TP885 allocated to 29
----------------------

----------------------
TP886 not allocated
----------------------

----------------------
TP887 not allocated
----------------------

----------------------
TP888 not allocated
----------------------

----------------------
TP889 not allocated
----------------------

----------------------
TP890 not allocated
----------------------

----------------------
TP891 not allocated
----------------------

----------------------
TP892 not allocated
----------------------

----------------------
TP893 not allocated
----------------------

----------------------
TP894 not allocated
----------------------

----------------------
TP895 not allocated
----------------------

----------------------
TP896 not allocated
----------------------

----------------------
TP897 not allocated
----------------------

----------------------
TP898 not allocated
----------------------

----------------------
TP899 allocated to 5
----------------------

----------------------
TP900 not allocated
----------------------

----------------------
TP901 not allocated
----------------------

----------------------
TP902 not allocated
----------------------

----------------------
TP903 not allocated
----------------------

----------------------
TP904 not allocated
----------------------

----------------------
TP905 not allocated
----------------------

----------------------
TP906 not allocated
----------------------

----------------------
TP907 not allocated
----------------------

----------------------
TP908 not allocated
----------------------

----------------------
TP909 not allocated
----------------------

----------------------
TP910 not allocated
----------------------

----------------------
TP911 not allocated
----------------------

----------------------
TP912 not allocated
----------------------

----------------------
TP913 not allocated
----------------------

----------------------
TP914 not allocated
----------------------

----------------------
TP915 not allocated
----------------------

----------------------
TP916 not allocated
----------------------

----------------------
TP917 not allocated
----------------------

----------------------
TP918 not allocated
----------------------

----------------------
TP919 not allocated
----------------------

----------------------
TP920 not allocated
----------------------

----------------------
TP921 not allocated
----------------------

----------------------
TP922 not allocated
----------------------

----------------------
TP923 not allocated
----------------------

----------------------
TP924 not allocated
----------------------

----------------------
TP925 not allocated
----------------------

----------------------
TP926 not allocated
----------------------

----------------------
TP927 not allocated
----------------------

----------------------
TP928 not allocated
----------------------

----------------------
TP929 not allocated
----------------------

----------------------
TP930 not allocated
----------------------

----------------------
TP931 not allocated
----------------------

----------------------
TP932 not allocated
----------------------

----------------------
TP933 not allocated
----------------------

----------------------
TP934 not allocated
----------------------

----------------------
TP935 not allocated
----------------------

----------------------
TP936 not allocated
----------------------

----------------------
TP937 not allocated
----------------------

----------------------
TP938 not allocated
----------------------

----------------------
TP939 not allocated
----------------------

----------------------
TP940 not allocated
----------------------

----------------------
TP941 not allocated
----------------------

----------------------
TP942 not allocated
----------------------

----------------------
TP943 not allocated
----------------------

----------------------
TP944 not allocated
----------------------

----------------------
TP945 not allocated
----------------------

----------------------
TP946 not allocated
----------------------

----------------------
TP947 not allocated
----------------------

----------------------
TP948 not allocated
----------------------

----------------------
TP949 not allocated
----------------------

----------------------
TP950 not allocated
----------------------

----------------------
TP951 not allocated
----------------------

----------------------
TP952 not allocated
----------------------

----------------------
TP953 not allocated
----------------------

----------------------
TP954 not allocated
----------------------

----------------------
TP955 not allocated
----------------------

----------------------
TP956 not allocated
----------------------

----------------------
TP957 not allocated
----------------------

----------------------
TP958 not allocated
----------------------

----------------------
TP959 not allocated
----------------------

----------------------
TP960 not allocated
----------------------

----------------------
TP961 not allocated
----------------------

----------------------
TP962 not allocated
----------------------

----------------------
TP963 not allocated
----------------------

----------------------
TP964 not allocated
----------------------

----------------------
TP965 not allocated
----------------------

----------------------
TP966 not allocated
----------------------

----------------------
TP967 not allocated
----------------------

----------------------
TP968 not allocated
----------------------

----------------------
TP969 allocated to 4
----------------------

----------------------
TP970 not allocated
----------------------

----------------------
TP971 not allocated
----------------------

----------------------
TP972 not allocated
----------------------

----------------------
TP973 not allocated
----------------------

----------------------
TP974 not allocated
----------------------

----------------------
TP975 not allocated
----------------------

----------------------
TP976 not allocated
----------------------

----------------------
TP977 not allocated
----------------------

----------------------
TP978 not allocated
----------------------

----------------------
TP979 not allocated
----------------------

----------------------
TP980 not allocated
----------------------

----------------------
TP981 not allocated
----------------------

----------------------
TP982 not allocated
----------------------

----------------------
TP983 not allocated
----------------------

----------------------
TP984 not allocated
----------------------

----------------------
TP985 not allocated
----------------------

----------------------
TP986 not allocated
----------------------

----------------------
TP987 not allocated
----------------------

----------------------
TP988 not allocated
----------------------

----------------------
TP989 not allocated
----------------------

----------------------
TP990 not allocated
----------------------

----------------------
TP991 not allocated
----------------------

----------------------
TP992 not allocated
----------------------

----------------------
TP993 not allocated
----------------------

----------------------
TP994 not allocated
----------------------

----------------------
TP995 not allocated
----------------------

----------------------
TP996 not allocated
----------------------

----------------------
TP997 not allocated
----------------------

----------------------
TP998 not allocated
----------------------

----------------------
TP999 not allocated
----------------------

----------------------
TP1000 not allocated
----------------------
