-------------------------------------------------------------------------
TPs satisfied = 166; Total TPs = 1000; Percentage Satisfied + 16.6%
-------------------------------------------------------------------------

-------------------------------------------------------------------------

EVs

-------------------------------------------------------------------------
--------------------------------------
EV0
--------------------------------------
Num TPs served = 7
TPs served = 83 95 112 131 166 190 315
Total energy used = 98
--------------------------------------
Schedule:
184 200 84 64 96 68 0 1 100 84 95 25 16
200 204 96 68 93 69 1 2 84 80 83 5 4
204 208 93 69 93 73 2 1 80 76 -83 6 4
208 215 93 73 98 71 1 0 76 69 -95 15 7
215 242 98 71 72 70 0 1 69 42 112 13 27
242 247 72 70 76 71 1 0 42 37 -112 14 5
247 250 76 71 76 71 0 0 37 37 0 3 0
250 258 76 71 78 65 0 1 37 29 131 34 8
258 261 78 65 79 67 1 0 29 26 -131 34 3
261 314 79 67 79 67 0 0 26 26 0 53 0
314 319 79 67 76 65 0 1 26 21 166 34 5
319 320 76 65 76 65 1 1 21 21 0 1 0
320 322 76 65 76 67 1 0 21 19 -166 34 2
322 355 76 67 76 67 0 0 19 19 0 33 0
355 364 76 67 80 62 0 1 19 10 190 34 9
364 366 80 62 80 62 1 1 10 10 0 2 0
366 369 80 62 83 62 1 0 10 7 -190 34 3
369 610 83 62 83 62 0 0 7 7 0 241 0
610 611 83 62 83 61 0 1 7 6 315 34 1
611 612 83 61 83 62 1 0 6 5 -315 34 1
612 1794 83 62 83 62 0 0 5 5 0 1182 0
1794 1797 83 62 84 64 0 0 5 2 1000000000 0 3
--------------------------------------
--------------------------------------
EV1
--------------------------------------
Num TPs served = 5
TPs served = 194 199 207 218 243
Total energy used = 100
--------------------------------------
Schedule:
388 393 84 64 86 61 0 1 100 95 199 31 5
393 394 86 61 87 61 1 0 95 94 -199 31 1
394 402 87 61 84 56 0 1 94 86 194 9 8
402 405 84 56 84 59 1 0 86 83 -194 9 3
405 418 84 59 77 65 0 1 83 70 207 15 13
418 420 77 65 77 67 1 0 70 68 -207 15 2
420 449 77 67 51 70 0 1 68 39 218 1 29
449 450 51 70 52 70 1 0 39 38 -218 2 1
450 454 52 70 52 70 0 0 38 38 0 4 0
454 473 52 70 68 67 0 1 38 19 243 34 19
473 474 68 67 68 67 1 1 19 19 0 1 0
474 475 68 67 69 67 1 0 19 18 -243 34 1
475 1779 69 67 69 67 0 0 18 18 0 1304 0
1779 1797 69 67 84 64 0 0 18 0 1000000000 0 18
--------------------------------------
--------------------------------------
EV2
--------------------------------------
Num TPs served = 5
TPs served = 303 306 319 368 370
Total energy used = 96
--------------------------------------
Schedule:
587 605 84 64 90 76 0 1 100 82 306 23 18
605 605 90 76 90 76 1 0 82 82 -306 25 0
605 621 90 76 84 66 0 1 82 66 303 3 16
621 623 84 66 86 66 1 0 66 64 -303 3 2
623 651 86 66 69 77 0 1 64 36 319 2 28
651 653 69 77 71 77 1 0 36 34 -319 3 2
653 686 71 77 71 77 0 0 34 34 0 33 0
686 700 71 77 82 74 0 1 34 20 370 34 14
700 702 82 74 84 74 1 0 20 18 -370 34 2
702 711 84 74 85 66 0 1 18 9 368 21 9
711 712 85 66 85 67 1 0 9 8 -368 22 1
712 1793 85 67 85 67 0 0 8 8 0 1081 0
1793 1797 85 67 84 64 0 0 8 4 1000000000 0 4
--------------------------------------
--------------------------------------
EV3
--------------------------------------
Num TPs served = 3
TPs served = 423 449 466
Total energy used = 100
--------------------------------------
Schedule:
783 811 84 64 63 71 0 1 100 72 423 1 28
811 812 63 71 63 72 1 0 72 71 -423 2 1
812 837 63 72 79 63 0 1 71 46 449 18 25
837 839 79 63 81 63 1 0 46 44 -449 18 2
839 861 81 63 82 84 0 1 44 22 466 14 22
861 861 82 84 82 84 1 0 22 22 -466 16 0
861 1775 82 84 82 84 0 0 22 22 0 914 0
1775 1797 82 84 84 64 0 0 22 0 1000000000 0 22
--------------------------------------
--------------------------------------
EV4
--------------------------------------
Num TPs served = 4
TPs served = 547 552 556 572
Total energy used = 98
--------------------------------------
Schedule:
981 999 84 64 89 77 0 1 100 82 552 26 18
999 1002 89 77 92 77 1 0 82 79 -552 26 3
1002 1009 92 77 97 79 0 1 79 72 556 25 7
1009 1010 97 79 98 79 1 0 72 71 -556 26 1
1010 1015 98 79 99 75 0 1 71 66 547 1 5
1015 1018 99 75 99 78 1 0 66 63 -547 1 3
1018 1063 99 78 72 60 0 1 63 18 572 1 45
1063 1065 72 60 74 60 1 0 18 16 -572 1 2
1065 1783 74 60 74 60 0 0 16 16 0 718 0
1783 1797 74 60 84 64 0 0 16 2 1000000000 0 14
--------------------------------------
--------------------------------------
EV5
--------------------------------------
Num TPs served = 6
TPs served = 654 667 668 679 694 783
Total energy used = 100
--------------------------------------
Schedule:
1166 1182 84 64 93 57 0 1 100 84 654 23 16
1182 1186 93 57 93 61 1 0 84 80 -654 23 4
1186 1219 93 61 69 70 0 1 80 47 668 13 33
1219 1219 69 70 69 70 1 0 47 47 -668 16 0
1219 1226 69 70 68 76 0 1 47 40 667 1 7
1226 1228 68 76 70 76 1 0 40 38 -667 1 2
1228 1233 70 76 70 76 0 0 38 38 0 5 0
1233 1243 70 76 75 71 0 1 38 28 694 34 10
1243 1244 75 71 75 72 1 0 28 27 -694 34 1
1244 1248 75 72 75 76 0 1 27 23 679 6 4
1248 1250 75 76 76 77 1 0 23 21 -679 6 2
1250 1398 76 77 76 77 0 0 21 21 0 148 0
1398 1409 76 77 80 70 0 1 21 10 783 34 11
1409 1413 80 70 80 70 1 1 10 10 0 4 0
1413 1416 80 70 83 70 1 0 10 7 -783 34 3
1416 1790 83 70 83 70 0 0 7 7 0 374 0
1790 1797 83 70 84 64 0 0 7 0 1000000000 0 7
--------------------------------------
--------------------------------------
EV6
--------------------------------------
Num TPs served = 5
TPs served = 744 772 780 806 872
Total energy used = 94
--------------------------------------
Schedule:
1359 1376 84 64 76 55 0 1 100 83 744 1 17
1376 1378 76 55 78 55 1 0 83 81 -744 1 2
1378 1383 78 55 83 55 0 1 81 76 772 34 5
1383 1404 83 55 94 65 1 2 76 55 780 34 21
1404 1406 94 65 95 66 2 1 55 53 -780 34 2
1406 1423 95 66 89 55 1 0 53 36 -772 0 17
1423 1433 89 55 89 55 0 0 36 36 0 10 0
1433 1445 89 55 95 61 0 1 36 24 806 34 12
1445 1447 95 61 95 61 1 1 24 24 0 2 0
1447 1447 95 61 95 61 1 0 24 24 -806 34 0
1447 1539 95 61 95 61 0 0 24 24 0 92 0
1539 1543 95 61 92 60 0 1 24 20 872 34 4
1543 1544 92 60 93 60 1 0 20 19 -872 34 1
1544 1784 93 60 93 60 0 0 19 19 0 240 0
1784 1797 93 60 84 64 0 0 19 6 1000000000 0 13
--------------------------------------
--------------------------------------
EV7
--------------------------------------
Num TPs served = 6
TPs served = 851 853 891 894 906 913
Total energy used = 98
--------------------------------------
Schedule:
1531 1540 84 64 84 73 0 1 100 91 851 2 9
1540 1545 84 73 88 74 1 2 91 86 853 1 5
1545 1550 88 74 93 74 2 1 86 81 -853 2 5
1550 1551 93 74 93 75 1 0 81 80 -851 2 1
1551 1565 93 75 93 75 0 0 80 80 0 14 0
1565 1577 93 75 90 66 0 1 80 68 891 34 12
1577 1580 90 66 92 67 1 0 68 65 -891 34 3
1580 1603 92 67 79 57 0 1 65 42 906 31 23
1603 1614 79 57 68 57 1 2 42 31 894 1 11
1614 1619 68 57 72 58 2 1 31 26 -894 1 5
1619 1622 72 58 71 60 1 2 26 23 913 26 3
1622 1623 71 60 72 60 2 1 23 22 -913 27 1
1623 1632 72 60 79 58 1 0 22 13 -906 4 9
1632 1786 79 58 79 58 0 0 13 13 0 154 0
1786 1797 79 58 84 64 0 0 13 2 1000000000 0 11
--------------------------------------
--------------------------------------
EV8
--------------------------------------
Num TPs served = 7
TPs served = 88 89 101 159 167 172 614
Total energy used = 100
--------------------------------------
Schedule:
190 194 75 77 79 77 0 1 100 96 88 22 4
194 194 79 77 79 77 1 0 96 96 -88 23 0
194 206 79 77 89 75 0 1 96 84 89 11 12
206 208 89 75 90 76 1 0 84 82 -89 11 2
208 232 90 76 86 96 0 1 82 58 101 4 24
232 232 86 96 86 96 1 0 58 58 -101 6 0
232 282 86 96 86 96 0 0 58 58 0 50 0
282 306 86 96 68 90 0 1 58 34 159 34 24
306 328 68 90 68 90 1 1 34 34 0 22 0
328 330 68 90 68 88 1 2 34 32 172 34 2
330 334 68 88 69 91 2 1 32 28 -172 34 4
334 335 69 91 68 91 1 0 28 27 -159 6 1
335 344 68 91 76 90 0 1 27 18 167 10 9
344 346 76 90 78 90 1 0 18 16 -167 11 2
346 1102 78 90 78 90 0 0 16 16 0 756 0
1102 1105 78 90 77 88 0 1 16 13 614 34 3
1105 1110 77 88 77 88 1 1 13 13 0 5 0
1110 1110 77 88 77 88 1 0 13 13 -614 34 0
1110 1784 77 88 77 88 0 0 13 13 0 674 0
1784 1797 77 88 75 77 0 0 13 0 1000000000 0 13
--------------------------------------
--------------------------------------
EV9
--------------------------------------
Num TPs served = 5
TPs served = 206 228 247 262 700
Total energy used = 98
--------------------------------------
Schedule:
419 428 75 77 79 82 0 1 100 91 206 4 9
428 429 79 82 80 82 1 0 91 90 -206 4 1
429 470 80 82 40 83 0 1 90 49 228 1 41
470 472 40 83 42 83 1 0 49 47 -228 4 2
472 476 42 83 42 83 0 0 47 47 0 4 0
476 484 42 83 47 86 0 1 47 39 247 34 8
484 486 47 86 47 86 1 1 39 39 0 2 0
486 492 47 86 53 86 1 0 39 33 -247 34 6
492 506 53 86 53 86 0 0 33 33 0 14 0
506 518 53 86 61 82 0 1 33 21 262 34 12
518 519 61 82 61 82 1 1 21 21 0 1 0
519 522 61 82 64 82 1 0 21 18 -262 34 3
522 1247 64 82 64 82 0 0 18 18 0 725 0
1247 1254 64 82 71 82 0 1 18 11 700 34 7
1254 1255 71 82 72 82 1 0 11 10 -700 34 1
1255 1789 72 82 72 82 0 0 10 10 0 534 0
1789 1797 72 82 75 77 0 0 10 2 1000000000 0 8
--------------------------------------
--------------------------------------
EV10
--------------------------------------
Num TPs served = 6
TPs served = 307 321 344 346 352 372
Total energy used = 98
--------------------------------------
Schedule:
612 623 75 77 70 71 0 1 100 89 307 7 11
623 624 70 71 71 71 1 0 89 88 -307 7 1
624 636 71 71 71 83 0 1 88 76 321 21 12
636 656 71 83 71 83 1 1 76 76 0 20 0
656 662 71 83 71 89 1 2 76 70 346 34 6
662 663 71 89 72 89 2 1 70 69 -346 34 1
663 665 72 89 73 88 1 2 69 67 344 27 2
665 666 73 88 73 89 2 1 67 66 -344 27 1
666 669 73 89 75 90 1 0 66 63 -321 3 3
669 685 75 90 82 99 0 1 63 47 352 20 16
685 687 82 99 84 99 1 0 47 45 -352 20 2
687 717 84 99 70 83 0 1 45 15 372 20 30
717 718 70 83 70 84 1 0 15 14 -372 20 1
718 1785 70 84 70 84 0 0 14 14 0 1067 0
1785 1797 70 84 75 77 0 0 14 2 1000000000 0 12
--------------------------------------
--------------------------------------
EV11
--------------------------------------
Num TPs served = 3
TPs served = 457 553 659
Total energy used = 100
--------------------------------------
Schedule:
812 862 75 77 71 31 0 1 100 50 457 2 50
862 866 71 31 72 34 1 0 50 46 -457 2 4
866 978 72 34 72 34 0 0 46 46 0 112 0
978 992 72 34 73 47 0 1 46 32 553 34 14
992 993 73 47 73 48 1 0 32 31 -553 34 1
993 1177 73 48 73 48 0 0 31 31 0 184 0
1177 1178 73 48 74 48 0 1 31 30 659 34 1
1178 1180 74 48 74 48 1 1 30 30 0 2 0
1180 1181 74 48 75 48 1 0 30 29 -659 34 1
1181 1768 75 48 75 48 0 0 29 29 0 587 0
1768 1797 75 48 75 77 0 0 29 0 1000000000 0 29
--------------------------------------
--------------------------------------
EV12
--------------------------------------
Num TPs served = 6
TPs served = 558 564 573 582 595 677
Total energy used = 100
--------------------------------------
Schedule:
992 1001 75 77 75 77 0 0 100 100 0 9 0
1001 1017 75 77 62 74 0 1 100 84 564 34 16
1017 1020 62 74 65 74 1 0 84 81 -564 34 3
1020 1021 65 74 64 74 0 1 81 80 558 19 1
1021 1026 64 74 65 78 1 0 80 75 -558 20 5
1026 1051 65 78 46 84 0 1 75 50 582 33 25
1051 1052 46 84 46 85 1 0 50 49 -582 33 1
1052 1065 46 85 54 80 0 1 49 36 573 0 13
1065 1066 54 80 54 81 1 0 36 35 -573 1 1
1066 1068 54 81 54 81 0 0 35 35 0 2 0
1068 1069 54 81 53 81 0 1 35 34 595 34 1
1069 1070 53 81 53 81 1 1 34 34 0 1 0
1070 1071 53 81 54 81 1 0 34 33 -595 34 1
1071 1198 54 81 54 81 0 0 33 33 0 127 0
1198 1211 54 81 59 73 0 1 33 20 677 34 13
1211 1212 59 73 59 73 1 1 20 20 0 1 0
1212 1213 59 73 59 74 1 0 20 19 -677 34 1
1213 1778 59 74 59 74 0 0 19 19 0 565 0
1778 1797 59 74 75 77 0 0 19 0 1000000000 0 19
--------------------------------------
--------------------------------------
EV13
--------------------------------------
Num TPs served = 6
TPs served = 673 674 688 698 699 708
Total energy used = 98
--------------------------------------
Schedule:
1184 1196 75 77 75 77 0 0 100 100 0 12 0
1196 1208 75 77 76 88 0 1 100 88 674 34 12
1208 1213 76 88 76 88 1 1 88 88 0 5 0
1213 1215 76 88 76 90 1 0 88 86 -674 34 2
1215 1232 76 90 61 92 0 1 86 69 673 8 17
1232 1233 61 92 61 93 1 0 69 68 -673 8 1
1233 1247 61 93 60 80 0 1 68 54 688 22 14
1247 1249 60 80 61 81 1 0 54 52 -688 25 2
1249 1261 61 81 73 81 0 1 52 40 699 26 12
1261 1265 73 81 75 83 1 0 40 36 -699 29 4
1265 1272 75 83 75 76 0 1 36 29 708 29 7
1272 1274 75 76 77 76 1 0 29 27 -708 29 2
1274 1285 77 76 85 79 0 1 27 16 698 1 11
1285 1286 85 79 85 80 1 0 16 15 -698 1 1
1286 1784 85 80 85 80 0 0 15 15 0 498 0
1784 1797 85 80 75 77 0 0 15 2 1000000000 0 13
--------------------------------------
--------------------------------------
EV14
--------------------------------------
Num TPs served = 5
TPs served = 764 773 774 837 838
Total energy used = 90
--------------------------------------
Schedule:
1376 1397 75 77 81 92 0 1 100 79 764 7 21
1397 1398 81 92 81 93 1 0 79 78 -764 7 1
1398 1410 81 93 91 91 0 1 78 66 773 12 12
1410 1417 91 91 98 91 1 2 66 59 774 6 7
1417 1422 98 91 93 91 2 1 59 54 -774 6 5
1422 1423 93 91 94 91 1 0 54 53 -773 2 1
1423 1470 94 91 94 91 0 0 53 53 0 47 0
1470 1489 94 91 77 93 0 1 53 34 837 34 19
1489 1491 77 93 77 93 1 1 34 34 0 2 0
1491 1491 77 93 77 93 1 0 34 34 -837 34 0
1491 1510 77 93 77 74 0 1 34 15 838 14 19
1510 1511 77 74 77 75 1 0 15 14 -838 14 1
1511 1793 77 75 77 75 0 0 14 14 0 282 0
1793 1797 77 75 75 77 0 0 14 10 1000000000 0 4
--------------------------------------
--------------------------------------
EV15
--------------------------------------
Num TPs served = 4
TPs served = 895 905 915 927
Total energy used = 100
--------------------------------------
Schedule:
1571 1591 75 77 72 60 0 1 100 80 895 27 20
1591 1593 72 60 73 61 1 0 80 78 -895 27 2
1593 1594 73 61 73 61 0 0 78 78 0 1 0
1594 1618 73 61 77 41 0 1 78 54 915 34 24
1618 1619 77 41 77 42 1 0 54 53 -915 34 1
1619 1622 77 42 77 39 0 1 53 50 905 10 3
1622 1624 77 39 78 40 1 0 50 48 -905 10 2
1624 1637 78 40 81 50 0 1 48 35 927 34 13
1637 1638 81 50 82 50 1 0 35 34 -927 34 1
1638 1763 82 50 82 50 0 0 34 34 0 125 0
1763 1797 82 50 75 77 0 0 34 0 1000000000 0 34
--------------------------------------
--------------------------------------
EV16
--------------------------------------
Num TPs served = 7
TPs served = 78 102 108 136 164 211 273
Total energy used = 98
--------------------------------------
Schedule:
195 201 64 20 66 24 0 1 100 94 78 1 6
201 202 66 24 67 24 1 0 94 93 -78 1 1
202 227 67 24 72 4 0 1 93 68 102 10 25
227 229 72 4 73 5 1 0 68 66 -102 13 2
229 251 73 5 57 11 0 1 66 44 108 0 22
251 254 57 11 59 12 1 0 44 41 -108 2 3
254 266 59 12 59 12 0 0 41 41 0 12 0
266 270 59 12 62 13 0 1 41 37 136 34 4
270 271 62 13 62 13 1 1 37 37 0 1 0
271 272 62 13 63 13 1 0 37 36 -136 34 1
272 305 63 13 63 13 0 0 36 36 0 33 0
305 314 63 13 65 20 0 1 36 27 164 34 9
314 315 65 20 65 20 1 1 27 27 0 1 0
315 317 65 20 65 22 1 0 27 25 -164 34 2
317 398 65 22 65 22 0 0 25 25 0 81 0
398 407 65 22 62 28 0 1 25 16 211 34 9
407 410 62 28 65 28 1 0 16 13 -211 34 3
410 537 65 28 65 28 0 0 13 13 0 127 0
537 541 65 28 63 26 0 1 13 9 273 34 4
541 542 63 26 63 26 1 1 9 9 0 1 0
542 542 63 26 63 26 1 0 9 9 -273 34 0
542 1790 63 26 63 26 0 0 9 9 0 1248 0
1790 1797 63 26 64 20 0 0 9 2 1000000000 0 7
--------------------------------------
--------------------------------------
EV17
--------------------------------------
Num TPs served = 5
TPs served = 209 227 281 320 653
Total energy used = 100
--------------------------------------
Schedule:
399 434 64 20 39 30 0 1 100 65 209 5 35
434 435 39 30 39 31 1 0 65 64 -209 5 1
435 454 39 31 29 22 0 1 64 45 227 15 19
454 454 29 22 29 22 1 0 45 45 -227 17 0
454 540 29 22 29 22 0 0 45 45 0 86 0
540 554 29 22 37 16 0 1 45 31 281 34 14
554 555 37 16 37 17 1 0 31 30 -281 34 1
555 610 37 17 37 17 0 0 30 30 0 55 0
610 622 37 17 47 19 0 1 30 18 320 34 12
622 627 47 19 52 19 1 0 18 13 -320 34 5
627 1160 52 19 52 19 0 0 13 13 0 533 0
1160 1167 52 19 58 20 0 1 13 6 653 34 7
1167 1168 58 20 58 20 1 1 6 6 0 1 0
1168 1170 58 20 60 20 1 0 6 4 -653 34 2
1170 1793 60 20 60 20 0 0 4 4 0 623 0
1793 1797 60 20 64 20 0 0 4 0 1000000000 0 4
--------------------------------------
--------------------------------------
EV18
--------------------------------------
Num TPs served = 6
TPs served = 298 313 330 339 342 396
Total energy used = 98
--------------------------------------
Schedule:
588 609 64 20 72 7 0 1 100 79 298 6 21
609 611 72 7 73 8 1 0 79 77 -298 6 2
611 636 73 8 77 29 0 1 77 52 313 5 25
636 637 77 29 78 29 1 0 52 51 -313 7 1
637 650 78 29 78 29 0 0 51 51 0 13 0
650 653 78 29 75 29 0 1 51 48 339 34 3
653 658 75 29 75 29 1 1 48 48 0 5 0
658 658 75 29 75 29 1 0 48 48 -339 34 0
658 663 75 29 70 29 0 1 48 43 330 8 5
663 664 70 29 70 30 1 0 43 42 -330 9 1
664 677 70 30 66 39 0 1 42 29 342 13 13
677 680 66 39 69 39 1 0 29 26 -342 13 3
680 719 69 39 69 39 0 0 26 26 0 39 0
719 737 69 39 69 21 0 1 26 8 396 34 18
737 739 69 21 69 21 1 1 8 8 0 2 0
739 739 69 21 69 21 1 0 8 8 -396 34 0
739 1791 69 21 69 21 0 0 8 8 0 1052 0
1791 1797 69 21 64 20 0 0 8 2 1000000000 0 6
--------------------------------------
--------------------------------------
EV19
--------------------------------------
Num TPs served = 5
TPs served = 420 433 447 467 619
Total energy used = 100
--------------------------------------
Schedule:
780 804 64 20 66 42 0 1 100 76 420 0 24
804 806 66 42 68 42 1 0 76 74 -420 0 2
806 820 68 42 64 52 0 1 74 60 433 6 14
820 828 64 52 72 52 1 0 60 52 -433 6 8
828 850 72 52 62 40 0 1 52 30 447 0 22
850 852 62 40 62 42 1 0 30 28 -447 2 2
852 856 62 42 62 38 0 1 28 24 467 22 4
856 857 62 38 63 38 1 0 24 23 -467 22 1
857 1114 63 38 63 38 0 0 23 23 0 257 0
1114 1116 63 38 61 38 0 1 23 21 619 34 2
1116 1117 61 38 62 38 1 0 21 20 -619 34 1
1117 1777 62 38 62 38 0 0 20 20 0 660 0
1777 1797 62 38 64 20 0 0 20 0 1000000000 0 20
--------------------------------------
--------------------------------------
EV20
--------------------------------------
Num TPs served = 6
TPs served = 549 562 565 574 611 664
Total energy used = 94
--------------------------------------
Schedule:
997 1012 64 20 66 33 0 1 100 85 549 7 15
1012 1014 66 33 68 33 1 0 85 83 -549 7 2
1014 1032 68 33 58 41 0 1 83 65 565 20 18
1032 1033 58 41 59 41 1 0 65 64 -565 25 1
1033 1038 59 41 61 38 0 1 64 59 562 9 5
1038 1042 61 38 65 38 1 0 59 55 -562 9 4
1042 1056 65 38 60 29 0 1 55 41 574 10 14
1056 1057 60 29 61 29 1 0 41 40 -574 10 1
1057 1084 61 29 61 29 0 0 40 40 0 27 0
1084 1100 61 29 53 21 0 1 40 24 611 34 16
1100 1102 53 21 54 22 1 0 24 22 -611 34 2
1102 1181 54 22 54 22 0 0 22 22 0 79 0
1181 1190 54 22 59 18 0 1 22 13 664 34 9
1190 1192 59 18 60 19 1 0 13 11 -664 34 2
1192 1792 60 19 60 19 0 0 11 11 0 600 0
1792 1797 60 19 64 20 0 0 11 6 1000000000 0 5
--------------------------------------
--------------------------------------
EV21
--------------------------------------
Num TPs served = 4
TPs served = 662 680 730 804
Total energy used = 100
--------------------------------------
Schedule:
1174 1211 64 20 31 24 0 1 100 63 662 8 37
1211 1213 31 24 33 24 1 0 63 61 -662 8 2
1213 1226 33 24 34 12 0 1 61 48 680 29 13
1226 1228 34 12 36 12 1 0 48 46 -680 29 2
1228 1280 36 12 36 12 0 0 46 46 0 52 0
1280 1302 36 12 55 15 0 1 46 24 730 34 22
1302 1305 55 15 58 15 1 0 24 21 -730 34 3
1305 1430 58 15 58 15 0 0 21 21 0 125 0
1430 1437 58 15 53 17 0 1 21 14 804 34 7
1437 1439 53 17 54 18 1 0 14 12 -804 34 2
1439 1785 54 18 54 18 0 0 12 12 0 346 0
1785 1797 54 18 64 20 0 0 12 0 1000000000 0 12
--------------------------------------
--------------------------------------
EV22
--------------------------------------
Num TPs served = 5
TPs served = 754 782 786 810 866
Total energy used = 100
--------------------------------------
Schedule:
1363 1389 64 20 48 10 0 1 100 74 754 0 26
1389 1389 48 10 48 10 1 0 74 74 -754 2 0
1389 1407 48 10 48 10 0 0 74 74 0 18 0
1407 1412 48 10 49 14 0 1 74 69 786 34 5
1412 1413 49 14 50 14 1 0 69 68 -786 34 1
1413 1441 50 14 57 35 0 1 68 40 782 1 28
1441 1442 57 35 58 35 1 0 40 39 -782 2 1
1442 1457 58 35 67 29 0 1 39 24 810 26 15
1457 1459 67 29 68 30 1 0 24 22 -810 26 2
1459 1532 68 30 68 30 0 0 22 22 0 73 0
1532 1536 68 30 65 29 0 1 22 18 866 34 4
1536 1540 65 29 69 29 1 0 18 14 -866 34 4
1540 1783 69 29 69 29 0 0 14 14 0 243 0
1783 1797 69 29 64 20 0 0 14 0 1000000000 0 14
--------------------------------------
--------------------------------------
EV23
--------------------------------------
Num TPs served = 5
TPs served = 865 877 889 900 982
Total energy used = 92
--------------------------------------
Schedule:
1558 1562 64 20 67 19 0 1 100 96 865 7 4
1562 1567 67 19 71 20 1 2 96 91 877 18 5
1567 1569 71 20 72 21 2 1 91 89 -877 19 2
1569 1574 72 21 75 19 1 0 89 84 -865 3 5
1574 1590 75 19 75 3 0 1 84 68 889 16 16
1590 1593 75 3 78 3 1 0 68 65 -889 17 3
1593 1616 78 3 89 15 0 1 65 42 900 8 23
1616 1617 89 15 90 15 1 0 42 41 -900 9 1
1617 1706 90 15 90 15 0 0 41 41 0 89 0
1706 1728 90 15 74 21 0 1 41 19 982 34 22
1728 1729 74 21 74 21 1 1 19 19 0 1 0
1729 1729 74 21 74 21 1 0 19 19 -982 34 0
1729 1786 74 21 74 21 0 0 19 19 0 57 0
1786 1797 74 21 64 20 0 0 19 8 1000000000 0 11
--------------------------------------
--------------------------------------
EV24
--------------------------------------
Num TPs served = 5
TPs served = 82 124 132 161 261
Total energy used = 96
--------------------------------------
Schedule:
174 199 16 2 34 9 0 1 100 75 82 9 25
199 203 34 9 38 9 1 0 75 71 -82 9 4
203 213 38 9 38 9 0 0 71 71 0 10 0
213 243 38 9 12 5 0 1 71 41 124 34 30
243 252 12 5 12 5 1 1 41 41 0 9 0
252 259 12 5 14 10 1 2 41 34 132 34 7
259 261 14 10 15 11 2 1 34 32 -132 34 2
261 269 15 11 13 5 1 0 32 24 -124 9 8
269 301 13 5 13 5 0 0 24 24 0 32 0
301 311 13 5 7 1 0 1 24 14 161 34 10
311 313 7 1 9 1 1 0 14 12 -161 34 2
313 511 9 1 9 1 0 0 12 12 0 198 0
511 516 9 1 14 1 0 1 12 7 261 34 5
516 517 14 1 15 1 1 0 7 6 -261 34 1
517 1795 15 1 15 1 0 0 6 6 0 1278 0
1795 1797 15 1 16 2 0 0 6 4 1000000000 0 2
--------------------------------------
--------------------------------------
EV25
--------------------------------------
Num TPs served = 7
TPs served = 192 202 212 217 386 676 762
Total energy used = 100
--------------------------------------
Schedule:
371 387 16 2 8 10 0 1 100 84 192 21 16
387 389 8 10 10 10 1 0 84 82 -192 22 2
389 405 10 10 21 15 0 1 82 66 202 22 16
405 408 21 15 21 15 1 1 66 66 0 3 0
408 415 21 15 15 16 1 2 66 59 217 34 7
415 421 15 16 21 16 2 1 59 53 -202 9 6
421 429 21 16 15 18 1 0 53 45 -217 25 8
429 441 15 18 12 27 0 1 45 33 212 1 12
441 441 12 27 12 27 1 0 33 33 -212 2 0
441 717 12 27 12 27 0 0 33 33 0 276 0
717 723 12 27 15 24 0 1 33 27 386 34 6
723 724 15 24 15 24 1 1 27 27 0 1 0
724 725 15 24 15 25 1 0 27 26 -386 34 1
725 1209 15 25 15 25 0 0 26 26 0 484 0
1209 1210 15 25 15 24 0 1 26 25 676 34 1
1210 1211 15 24 15 24 1 1 25 25 0 1 0
1211 1212 15 24 16 24 1 0 25 24 -676 34 1
1212 1356 16 24 16 24 0 0 24 24 0 144 0
1356 1367 16 24 16 13 0 1 24 13 762 34 11
1367 1368 16 13 16 14 1 0 13 12 -762 34 1
1368 1785 16 14 16 14 0 0 12 12 0 417 0
1785 1797 16 14 16 2 0 0 12 0 1000000000 0 12
--------------------------------------
--------------------------------------
EV26
--------------------------------------
Num TPs served = 4
TPs served = 289 290 314 858
Total energy used = 100
--------------------------------------
Schedule:
557 583 16 2 20 24 0 1 100 74 289 20 26
583 585 20 24 21 25 1 0 74 72 -289 21 2
585 601 21 25 32 30 0 1 72 56 290 3 16
601 603 32 30 32 32 1 0 56 54 -290 3 2
603 623 32 32 13 31 0 1 54 34 314 20 20
623 625 13 31 14 32 1 0 34 32 -314 20 2
625 1512 14 32 14 32 0 0 32 32 0 887 0
1512 1521 14 32 15 24 0 1 32 23 858 34 9
1521 1524 15 24 15 24 1 1 23 23 0 3 0
1524 1525 15 24 16 24 1 0 23 22 -858 34 1
1525 1775 16 24 16 24 0 0 22 22 0 250 0
1775 1797 16 24 16 2 0 0 22 0 1000000000 0 22
--------------------------------------
--------------------------------------
EV27
--------------------------------------
Num TPs served = 5
TPs served = 399 411 421 427 453
Total energy used = 96
--------------------------------------
Schedule:
747 768 16 2 32 7 0 1 100 79 399 6 21
768 770 32 7 33 8 1 0 79 77 -399 6 2
770 775 33 8 38 8 0 1 77 72 411 18 5
775 778 38 8 38 11 1 0 72 69 -411 26 3
778 781 38 11 38 11 0 0 69 69 0 3 0
781 785 38 11 36 9 0 1 69 65 427 34 4
785 786 36 9 36 10 1 0 65 64 -427 34 1
786 801 36 10 25 6 0 1 64 49 421 4 15
801 804 25 6 28 6 1 0 49 46 -421 4 3
804 829 28 6 13 16 0 1 46 21 453 30 25
829 831 13 16 15 16 1 0 21 19 -453 33 2
831 1782 15 16 15 16 0 0 19 19 0 951 0
1782 1797 15 16 16 2 0 0 19 4 1000000000 0 15
--------------------------------------
--------------------------------------
EV28
--------------------------------------
Num TPs served = 8
TPs served = 514 519 531 538 544 566 567 625
Total energy used = 100
--------------------------------------
Schedule:
943 957 16 2 18 14 0 1 100 86 519 12 14
957 959 18 14 20 14 1 0 86 84 -519 12 2
959 963 20 14 23 13 0 1 84 80 514 1 4
963 965 23 13 23 15 1 0 80 78 -514 1 2
965 970 23 15 25 12 0 1 78 73 538 34 5
970 971 25 12 25 13 1 0 73 72 -538 34 1
971 984 25 13 31 6 0 1 72 59 544 28 13
984 985 31 6 32 6 1 0 59 58 -544 28 1
985 991 32 6 31 1 0 1 58 52 531 3 6
991 998 31 1 38 1 1 0 52 45 -531 5 7
998 1026 38 1 17 8 0 1 45 17 567 31 28
1026 1029 17 8 20 8 1 0 17 14 -567 31 3
1029 1029 20 8 20 8 0 1 14 14 566 26 0
1029 1029 20 8 20 8 1 0 14 14 -566 30 0
1029 1118 20 8 20 8 0 0 14 14 0 89 0
1118 1125 20 8 21 2 0 1 14 7 625 34 7
1125 1126 21 2 22 2 1 0 7 6 -625 34 1
1126 1791 22 2 22 2 0 0 6 6 0 665 0
1791 1797 22 2 16 2 0 0 6 0 1000000000 0 6
--------------------------------------
--------------------------------------
EV29
--------------------------------------
Num TPs served = 3
TPs served = 666 670 683
Total energy used = 98
--------------------------------------
Schedule:
1180 1182 16 2 16 2 0 0 100 100 0 2 0
1182 1203 16 2 1 8 0 1 100 79 670 34 21
1203 1205 1 8 1 8 1 1 79 79 0 2 0
1205 1206 1 8 2 8 1 0 79 78 -670 34 1
1206 1223 2 8 11 16 0 1 78 61 666 3 17
1223 1226 11 16 14 16 1 0 61 58 -666 4 3
1226 1246 14 16 11 33 0 1 58 38 683 13 20
1246 1248 11 33 13 33 1 0 38 36 -683 13 2
1248 1763 13 33 13 33 0 0 36 36 0 515 0
1763 1797 13 33 16 2 0 0 36 2 1000000000 0 34
--------------------------------------
--------------------------------------
EV30
--------------------------------------
Num TPs served = 4
TPs served = 755 777 784 789
Total energy used = 100
--------------------------------------
Schedule:
1352 1391 16 2 15 40 0 1 100 61 755 0 39
1391 1392 15 40 16 40 1 0 61 60 -755 1 1
1392 1413 16 40 11 24 0 1 60 39 777 20 21
1413 1413 11 24 11 24 1 0 39 39 -777 21 0
1413 1422 11 24 20 24 0 1 39 30 789 28 9
1422 1423 20 24 20 25 1 0 30 29 -789 30 1
1423 1437 20 25 20 11 0 1 29 15 784 7 14
1437 1438 20 11 21 11 1 0 15 14 -784 7 1
1438 1783 21 11 21 11 0 0 14 14 0 345 0
1783 1797 21 11 16 2 0 0 14 0 1000000000 0 14
--------------------------------------
--------------------------------------
EV31
--------------------------------------
Num TPs served = 4
TPs served = 868 880 911 929
Total energy used = 90
--------------------------------------
Schedule:
1546 1567 16 2 35 4 0 1 100 79 868 6 21
1567 1575 35 4 37 10 1 0 79 71 -868 8 8
1575 1584 37 10 42 14 0 1 71 62 880 5 9
1584 1588 42 14 42 18 1 0 62 58 -880 5 4
1588 1612 42 18 31 5 0 1 58 34 911 33 24
1612 1614 31 5 33 5 1 0 34 32 -911 33 2
1614 1627 33 5 33 5 0 0 32 32 0 13 0
1627 1642 33 5 18 5 0 1 32 17 929 34 15
1642 1643 18 5 19 5 1 0 17 16 -929 34 1
1643 1791 19 5 19 5 0 0 16 16 0 148 0
1791 1797 19 5 16 2 0 0 16 10 1000000000 0 6
--------------------------------------

-------------------------------------------------------------------------

TPs

-------------------------------------------------------------------------

----------------------
TP1 not allocated
----------------------

----------------------
TP2 not allocated
----------------------

----------------------
TP3 not allocated
----------------------

----------------------
TP4 not allocated
----------------------

----------------------
TP5 not allocated
----------------------

----------------------
TP6 not allocated
----------------------

----------------------
TP7 not allocated
----------------------

----------------------
TP8 not allocated
----------------------

----------------------
TP9 not allocated
----------------------

----------------------
TP10 not allocated
----------------------

----------------------
TP11 not allocated
----------------------

----------------------
TP12 not allocated
----------------------

----------------------
TP13 not allocated
----------------------

----------------------
TP14 not allocated
----------------------

----------------------
TP15 not allocated
----------------------

----------------------
TP16 not allocated
----------------------

----------------------
TP17 not allocated
----------------------

----------------------
TP18 not allocated
----------------------

----------------------
TP19 not allocated
----------------------

----------------------
TP20 not allocated
----------------------

----------------------
TP21 not allocated
----------------------

----------------------
TP22 not allocated
----------------------

----------------------
TP23 not allocated
----------------------

----------------------
TP24 not allocated
----------------------

----------------------
TP25 not allocated
----------------------

----------------------
TP26 not allocated
----------------------

----------------------
TP27 not allocated
----------------------

----------------------
TP28 not allocated
----------------------

----------------------
TP29 not allocated
----------------------

----------------------
TP30 not allocated
----------------------

----------------------
TP31 not allocated
----------------------

----------------------
TP32 not allocated
----------------------

----------------------
TP33 not allocated
----------------------

----------------------
TP34 not allocated
----------------------

----------------------
TP35 not allocated
----------------------

----------------------
TP36 not allocated
----------------------

----------------------
TP37 not allocated
----------------------

----------------------
TP38 not allocated
----------------------

----------------------
TP39 not allocated
----------------------

----------------------
TP40 not allocated
----------------------

----------------------
TP41 not allocated
----------------------

----------------------
TP42 not allocated
----------------------

----------------------
TP43 not allocated
----------------------

----------------------
TP44 not allocated
----------------------

----------------------
TP45 not allocated
----------------------

----------------------
TP46 not allocated
----------------------

----------------------
TP47 not allocated
----------------------

----------------------
TP48 not allocated
----------------------

----------------------
TP49 not allocated
----------------------

----------------------
TP50 not allocated
----------------------

----------------------
TP51 not allocated
----------------------

----------------------
TP52 not allocated
----------------------

----------------------
TP53 not allocated
----------------------

----------------------
TP54 not allocated
----------------------

----------------------
TP55 not allocated
----------------------

----------------------
TP56 not allocated
----------------------

----------------------
TP57 not allocated
----------------------

----------------------
TP58 not allocated
----------------------

----------------------
TP59 not allocated
----------------------

----------------------
TP60 not allocated
----------------------

----------------------
TP61 not allocated
----------------------

----------------------
TP62 not allocated
----------------------

----------------------
TP63 not allocated
----------------------

----------------------
TP64 not allocated
----------------------

----------------------
TP65 not allocated
----------------------

----------------------
TP66 not allocated
----------------------

----------------------
TP67 not allocated
----------------------

----------------------
TP68 not allocated
----------------------

----------------------
TP69 not allocated
----------------------

----------------------
TP70 not allocated
----------------------

----------------------
TP71 not allocated
----------------------

----------------------
TP72 not allocated
----------------------

----------------------
TP73 not allocated
----------------------

----------------------
TP74 not allocated
----------------------

----------------------
TP75 not allocated
----------------------

----------------------
TP76 not allocated
----------------------

----------------------
TP77 not allocated
----------------------

----------------------
TP78 allocated to 16
----------------------

----------------------
TP79 not allocated
----------------------

----------------------
TP80 not allocated
----------------------

----------------------
TP81 not allocated
----------------------

----------------------
TP82 allocated to 24
----------------------

----------------------
TP83 allocated to 0
----------------------

----------------------
TP84 not allocated
----------------------

----------------------
TP85 not allocated
----------------------

----------------------
TP86 not allocated
----------------------

----------------------
TP87 not allocated
----------------------

----------------------
TP88 allocated to 8
----------------------

----------------------
TP89 allocated to 8
----------------------

----------------------
TP90 not allocated
----------------------

----------------------
TP91 not allocated
----------------------

----------------------
TP92 not allocated
----------------------

----------------------
TP93 not allocated
----------------------

----------------------
TP94 not allocated
----------------------

----------------------
TP95 allocated to 0
----------------------

----------------------
TP96 not allocated
----------------------

----------------------
TP97 not allocated
----------------------

----------------------
TP98 not allocated
----------------------

----------------------
TP99 not allocated
----------------------

----------------------
TP100 not allocated
----------------------

----------------------
TP101 allocated to 8
----------------------

----------------------
TP102 allocated to 16
----------------------

----------------------
TP103 not allocated
----------------------

----------------------
TP104 not allocated
----------------------

----------------------
TP105 not allocated
----------------------

----------------------
TP106 not allocated
----------------------

----------------------
TP107 not allocated
----------------------

----------------------
TP108 allocated to 16
----------------------

----------------------
TP109 not allocated
----------------------

----------------------
TP110 not allocated
----------------------

----------------------
TP111 not allocated
----------------------

----------------------
TP112 allocated to 0
----------------------

----------------------
TP113 not allocated
----------------------

----------------------
TP114 not allocated
----------------------

----------------------
TP115 not allocated
----------------------

----------------------
TP116 not allocated
----------------------

----------------------
TP117 not allocated
----------------------

----------------------
TP118 not allocated
----------------------

----------------------
TP119 not allocated
----------------------

----------------------
TP120 not allocated
----------------------

----------------------
TP121 not allocated
----------------------

----------------------
TP122 not allocated
----------------------

----------------------
TP123 not allocated
----------------------

----------------------
TP124 allocated to 24
----------------------

----------------------
TP125 not allocated
----------------------

----------------------
TP126 not allocated
----------------------

----------------------
TP127 not allocated
----------------------

----------------------
TP128 not allocated
----------------------

----------------------
TP129 not allocated
----------------------

----------------------
TP130 not allocated
----------------------

----------------------
TP131 allocated to 0
----------------------

----------------------
TP132 allocated to 24
----------------------

----------------------
TP133 not allocated
----------------------

----------------------
TP134 not allocated
----------------------

----------------------
TP135 not allocated
----------------------

----------------------
TP136 allocated to 16
----------------------

----------------------
TP137 not allocated
----------------------

----------------------
TP138 not allocated
----------------------

----------------------
TP139 not allocated
----------------------

----------------------
TP140 not allocated
----------------------

----------------------
TP141 not allocated
----------------------

----------------------
TP142 not allocated
----------------------

----------------------
TP143 not allocated
----------------------

----------------------
TP144 not allocated
----------------------

----------------------
TP145 not allocated
----------------------

----------------------
TP146 not allocated
----------------------

----------------------
TP147 not allocated
----------------------

----------------------
TP148 not allocated
----------------------

----------------------
TP149 not allocated
----------------------

----------------------
TP150 not allocated
----------------------

----------------------
TP151 not allocated
----------------------

----------------------
TP152 not allocated
----------------------

----------------------
TP153 not allocated
----------------------

----------------------
TP154 not allocated
----------------------

----------------------
TP155 not allocated
----------------------

----------------------
TP156 not allocated
----------------------

----------------------
TP157 not allocated
----------------------

----------------------
TP158 not allocated
----------------------

----------------------
TP159 allocated to 8
----------------------

----------------------
TP160 not allocated
----------------------

----------------------
TP161 allocated to 24
----------------------

----------------------
TP162 not allocated
----------------------

----------------------
TP163 not allocated
----------------------

----------------------
TP164 allocated to 16
----------------------

----------------------
TP165 not allocated
----------------------

----------------------
TP166 allocated to 0
----------------------

----------------------
TP167 allocated to 8
----------------------

----------------------
TP168 not allocated
----------------------

----------------------
TP169 not allocated
----------------------

----------------------
TP170 not allocated
----------------------

----------------------
TP171 not allocated
----------------------

----------------------
TP172 allocated to 8
----------------------

----------------------
TP173 not allocated
----------------------

----------------------
TP174 not allocated
----------------------

----------------------
TP175 not allocated
----------------------

----------------------
TP176 not allocated
----------------------

----------------------
TP177 not allocated
----------------------

----------------------
TP178 not allocated
----------------------

----------------------
TP179 not allocated
----------------------

----------------------
TP180 not allocated
----------------------

----------------------
TP181 not allocated
----------------------

----------------------
TP182 not allocated
----------------------

----------------------
TP183 not allocated
----------------------

----------------------
TP184 not allocated
----------------------

----------------------
TP185 not allocated
----------------------

----------------------
TP186 not allocated
----------------------

----------------------
TP187 not allocated
----------------------

----------------------
TP188 not allocated
----------------------

----------------------
TP189 not allocated
----------------------

----------------------
TP190 allocated to 0
----------------------

----------------------
TP191 not allocated
----------------------

----------------------
TP192 allocated to 25
----------------------

----------------------
TP193 not allocated
----------------------

----------------------
TP194 allocated to 1
----------------------

----------------------
TP195 not allocated
----------------------

----------------------
TP196 not allocated
----------------------

----------------------
TP197 not allocated
----------------------

----------------------
TP198 not allocated
----------------------

----------------------
TP199 allocated to 1
----------------------

----------------------
TP200 not allocated
----------------------

----------------------
TP201 not allocated
----------------------

----------------------
TP202 allocated to 25
----------------------

----------------------
TP203 not allocated
----------------------

----------------------
TP204 not allocated
----------------------

----------------------
TP205 not allocated
----------------------

----------------------
TP206 allocated to 9
----------------------

----------------------
TP207 allocated to 1
----------------------

----------------------
TP208 not allocated
----------------------

----------------------
TP209 allocated to 17
----------------------

----------------------
TP210 not allocated
----------------------

----------------------
TP211 allocated to 16
----------------------

----------------------
TP212 allocated to 25
----------------------

----------------------
TP213 not allocated
----------------------

----------------------
TP214 not allocated
----------------------

----------------------
TP215 not allocated
----------------------

----------------------
TP216 not allocated
----------------------

----------------------
TP217 allocated to 25
----------------------

----------------------
TP218 allocated to 1
----------------------

----------------------
TP219 not allocated
----------------------

----------------------
TP220 not allocated
----------------------

----------------------
TP221 not allocated
----------------------

----------------------
TP222 not allocated
----------------------

----------------------
TP223 not allocated
----------------------

----------------------
TP224 not allocated
----------------------

----------------------
TP225 not allocated
----------------------

----------------------
TP226 not allocated
----------------------

----------------------
TP227 allocated to 17
----------------------

----------------------
TP228 allocated to 9
----------------------

----------------------
TP229 not allocated
----------------------

----------------------
TP230 not allocated
----------------------

----------------------
TP231 not allocated
----------------------

----------------------
TP232 not allocated
----------------------

----------------------
TP233 not allocated
----------------------

----------------------
TP234 not allocated
----------------------

----------------------
TP235 not allocated
----------------------

----------------------
TP236 not allocated
----------------------

----------------------
TP237 not allocated
----------------------

----------------------
TP238 not allocated
----------------------

----------------------
TP239 not allocated
----------------------

----------------------
TP240 not allocated
----------------------

----------------------
TP241 not allocated
----------------------

----------------------
TP242 not allocated
----------------------

----------------------
TP243 allocated to 1
----------------------

----------------------
TP244 not allocated
----------------------

----------------------
TP245 not allocated
----------------------

----------------------
TP246 not allocated
----------------------

----------------------
TP247 allocated to 9
----------------------

----------------------
TP248 not allocated
----------------------

----------------------
TP249 not allocated
----------------------

----------------------
TP250 not allocated
----------------------

----------------------
TP251 not allocated
----------------------

----------------------
TP252 not allocated
----------------------

----------------------
TP253 not allocated
----------------------

----------------------
TP254 not allocated
----------------------

----------------------
TP255 not allocated
----------------------

----------------------
TP256 not allocated
----------------------

----------------------
TP257 not allocated
----------------------

----------------------
TP258 not allocated
----------------------

----------------------
TP259 not allocated
----------------------

----------------------
TP260 not allocated
----------------------

----------------------
TP261 allocated to 24
----------------------

----------------------
TP262 allocated to 9
----------------------

----------------------
TP263 not allocated
----------------------

----------------------
TP264 not allocated
----------------------

----------------------
TP265 not allocated
----------------------

----------------------
TP266 not allocated
----------------------

----------------------
TP267 not allocated
----------------------

----------------------
TP268 not allocated
----------------------

----------------------
TP269 not allocated
----------------------

----------------------
TP270 not allocated
----------------------

----------------------
TP271 not allocated
----------------------

----------------------
TP272 not allocated
----------------------

----------------------
TP273 allocated to 16
----------------------

----------------------
TP274 not allocated
----------------------

----------------------
TP275 not allocated
----------------------

----------------------
TP276 not allocated
----------------------

----------------------
TP277 not allocated
----------------------

----------------------
TP278 not allocated
----------------------

----------------------
TP279 not allocated
----------------------

----------------------
TP280 not allocated
----------------------

----------------------
TP281 allocated to 17
----------------------

----------------------
TP282 not allocated
----------------------

----------------------
TP283 not allocated
----------------------

----------------------
TP284 not allocated
----------------------

----------------------
TP285 not allocated
----------------------

----------------------
TP286 not allocated
----------------------

----------------------
TP287 not allocated
----------------------

----------------------
TP288 not allocated
----------------------

----------------------
TP289 allocated to 26
----------------------

----------------------
TP290 allocated to 26
----------------------

----------------------
TP291 not allocated
----------------------

----------------------
TP292 not allocated
----------------------

----------------------
TP293 not allocated
----------------------

----------------------
TP294 not allocated
----------------------

----------------------
TP295 not allocated
----------------------

----------------------
TP296 not allocated
----------------------

----------------------
TP297 not allocated
----------------------

----------------------
TP298 allocated to 18
----------------------

----------------------
TP299 not allocated
----------------------

----------------------
TP300 not allocated
----------------------

----------------------
TP301 not allocated
----------------------

----------------------
TP302 not allocated
----------------------

----------------------
TP303 allocated to 2
----------------------

----------------------
TP304 not allocated
----------------------

----------------------
TP305 not allocated
----------------------

----------------------
TP306 allocated to 2
----------------------

----------------------
TP307 allocated to 10
----------------------

----------------------
TP308 not allocated
----------------------

----------------------
TP309 not allocated
----------------------

----------------------
TP310 not allocated
----------------------

----------------------
TP311 not allocated
----------------------

----------------------
TP312 not allocated
----------------------

----------------------
TP313 allocated to 18
----------------------

----------------------
TP314 allocated to 26
----------------------

----------------------
TP315 allocated to 0
----------------------

----------------------
TP316 not allocated
----------------------

----------------------
TP317 not allocated
----------------------

----------------------
TP318 not allocated
----------------------

----------------------
TP319 allocated to 2
----------------------

----------------------
TP320 allocated to 17
----------------------

----------------------
TP321 allocated to 10
----------------------

----------------------
TP322 not allocated
----------------------

----------------------
TP323 not allocated
----------------------

----------------------
TP324 not allocated
----------------------

----------------------
TP325 not allocated
----------------------

----------------------
TP326 not allocated
----------------------

----------------------
TP327 not allocated
----------------------

----------------------
TP328 not allocated
----------------------

----------------------
TP329 not allocated
----------------------

----------------------
TP330 allocated to 18
----------------------

----------------------
TP331 not allocated
----------------------

----------------------
TP332 not allocated
----------------------

----------------------
TP333 not allocated
----------------------

----------------------
TP334 not allocated
----------------------

----------------------
TP335 not allocated
----------------------

----------------------
TP336 not allocated
----------------------

----------------------
TP337 not allocated
----------------------

----------------------
TP338 not allocated
----------------------

----------------------
TP339 allocated to 18
----------------------

----------------------
TP340 not allocated
----------------------

----------------------
TP341 not allocated
----------------------

----------------------
TP342 allocated to 18
----------------------

----------------------
TP343 not allocated
----------------------

----------------------
TP344 allocated to 10
----------------------

----------------------
TP345 not allocated
----------------------

----------------------
TP346 allocated to 10
----------------------

----------------------
TP347 not allocated
----------------------

----------------------
TP348 not allocated
----------------------

----------------------
TP349 not allocated
----------------------

----------------------
TP350 not allocated
----------------------

----------------------
TP351 not allocated
----------------------

----------------------
TP352 allocated to 10
----------------------

----------------------
TP353 not allocated
----------------------

----------------------
TP354 not allocated
----------------------

----------------------
TP355 not allocated
----------------------

----------------------
TP356 not allocated
----------------------

----------------------
TP357 not allocated
----------------------

----------------------
TP358 not allocated
----------------------

----------------------
TP359 not allocated
----------------------

----------------------
TP360 not allocated
----------------------

----------------------
TP361 not allocated
----------------------

----------------------
TP362 not allocated
----------------------

----------------------
TP363 not allocated
----------------------

----------------------
TP364 not allocated
----------------------

----------------------
TP365 not allocated
----------------------

----------------------
TP366 not allocated
----------------------

----------------------
TP367 not allocated
----------------------

----------------------
TP368 allocated to 2
----------------------

----------------------
TP369 not allocated
----------------------

----------------------
TP370 allocated to 2
----------------------

----------------------
TP371 not allocated
----------------------

----------------------
TP372 allocated to 10
----------------------

----------------------
TP373 not allocated
----------------------

----------------------
TP374 not allocated
----------------------

----------------------
TP375 not allocated
----------------------

----------------------
TP376 not allocated
----------------------

----------------------
TP377 not allocated
----------------------

----------------------
TP378 not allocated
----------------------

----------------------
TP379 not allocated
----------------------

----------------------
TP380 not allocated
----------------------

----------------------
TP381 not allocated
----------------------

----------------------
TP382 not allocated
----------------------

----------------------
TP383 not allocated
----------------------

----------------------
TP384 not allocated
----------------------

----------------------
TP385 not allocated
----------------------

----------------------
TP386 allocated to 25
----------------------

----------------------
TP387 not allocated
----------------------

----------------------
TP388 not allocated
----------------------

----------------------
TP389 not allocated
----------------------

----------------------
TP390 not allocated
----------------------

----------------------
TP391 not allocated
----------------------

----------------------
TP392 not allocated
----------------------

----------------------
TP393 not allocated
----------------------

----------------------
TP394 not allocated
----------------------

----------------------
TP395 not allocated
----------------------

----------------------
TP396 allocated to 18
----------------------

----------------------
TP397 not allocated
----------------------

----------------------
TP398 not allocated
----------------------

----------------------
TP399 allocated to 27
----------------------

----------------------
TP400 not allocated
----------------------

----------------------
TP401 not allocated
----------------------

----------------------
TP402 not allocated
----------------------

----------------------
TP403 not allocated
----------------------

----------------------
TP404 not allocated
----------------------

----------------------
TP405 not allocated
----------------------

----------------------
TP406 not allocated
----------------------

----------------------
TP407 not allocated
----------------------

----------------------
TP408 not allocated
----------------------

----------------------
TP409 not allocated
----------------------

----------------------
TP410 not allocated
----------------------

----------------------
TP411 allocated to 27
----------------------

----------------------
TP412 not allocated
----------------------

----------------------
TP413 not allocated
----------------------

----------------------
TP414 not allocated
----------------------

----------------------
TP415 not allocated
----------------------

----------------------
TP416 not allocated
----------------------

----------------------
TP417 not allocated
----------------------

----------------------
TP418 not allocated
----------------------

----------------------
TP419 not allocated
----------------------

----------------------
TP420 allocated to 19
----------------------

----------------------
TP421 allocated to 27
----------------------

----------------------
TP422 not allocated
----------------------

----------------------
TP423 allocated to 3
----------------------

----------------------
TP424 not allocated
----------------------

----------------------
TP425 not allocated
----------------------

----------------------
TP426 not allocated
----------------------

----------------------
TP427 allocated to 27
----------------------

----------------------
TP428 not allocated
----------------------

----------------------
TP429 not allocated
----------------------

----------------------
TP430 not allocated
----------------------

----------------------
TP431 not allocated
----------------------

----------------------
TP432 not allocated
----------------------

----------------------
TP433 allocated to 19
----------------------

----------------------
TP434 not allocated
----------------------

----------------------
TP435 not allocated
----------------------

----------------------
TP436 not allocated
----------------------

----------------------
TP437 not allocated
----------------------

----------------------
TP438 not allocated
----------------------

----------------------
TP439 not allocated
----------------------

----------------------
TP440 not allocated
----------------------

----------------------
TP441 not allocated
----------------------

----------------------
TP442 not allocated
----------------------

----------------------
TP443 not allocated
----------------------

----------------------
TP444 not allocated
----------------------

----------------------
TP445 not allocated
----------------------

----------------------
TP446 not allocated
----------------------

----------------------
TP447 allocated to 19
----------------------

----------------------
TP448 not allocated
----------------------

----------------------
TP449 allocated to 3
----------------------

----------------------
TP450 not allocated
----------------------

----------------------
TP451 not allocated
----------------------

----------------------
TP452 not allocated
----------------------

----------------------
TP453 allocated to 27
----------------------

----------------------
TP454 not allocated
----------------------

----------------------
TP455 not allocated
----------------------

----------------------
TP456 not allocated
----------------------

----------------------
TP457 allocated to 11
----------------------

----------------------
TP458 not allocated
----------------------

----------------------
TP459 not allocated
----------------------

----------------------
TP460 not allocated
----------------------

----------------------
TP461 not allocated
----------------------

----------------------
TP462 not allocated
----------------------

----------------------
TP463 not allocated
----------------------

----------------------
TP464 not allocated
----------------------

----------------------
TP465 not allocated
----------------------

----------------------
TP466 allocated to 3
----------------------

----------------------
TP467 allocated to 19
----------------------

----------------------
TP468 not allocated
----------------------

----------------------
TP469 not allocated
----------------------

----------------------
TP470 not allocated
----------------------

----------------------
TP471 not allocated
----------------------

----------------------
TP472 not allocated
----------------------

----------------------
TP473 not allocated
----------------------

----------------------
TP474 not allocated
----------------------

----------------------
TP475 not allocated
----------------------

----------------------
TP476 not allocated
----------------------

----------------------
TP477 not allocated
----------------------

----------------------
TP478 not allocated
----------------------

----------------------
TP479 not allocated
----------------------

----------------------
TP480 not allocated
----------------------

----------------------
TP481 not allocated
----------------------

----------------------
TP482 not allocated
----------------------

----------------------
TP483 not allocated
----------------------

----------------------
TP484 not allocated
----------------------

----------------------
TP485 not allocated
----------------------

----------------------
TP486 not allocated
----------------------

----------------------
TP487 not allocated
----------------------

----------------------
TP488 not allocated
----------------------

----------------------
TP489 not allocated
----------------------

----------------------
TP490 not allocated
----------------------

----------------------
TP491 not allocated
----------------------

----------------------
TP492 not allocated
----------------------

----------------------
TP493 not allocated
----------------------

----------------------
TP494 not allocated
----------------------

----------------------
TP495 not allocated
----------------------

----------------------
TP496 not allocated
----------------------

----------------------
TP497 not allocated
----------------------

----------------------
TP498 not allocated
----------------------

----------------------
TP499 not allocated
----------------------

----------------------
TP500 not allocated
----------------------

----------------------
TP501 not allocated
----------------------

----------------------
TP502 not allocated
----------------------

----------------------
TP503 not allocated
----------------------

----------------------
TP504 not allocated
----------------------

----------------------
TP505 not allocated
----------------------

----------------------
TP506 not allocated
----------------------

----------------------
TP507 not allocated
----------------------

----------------------
TP508 not allocated
----------------------

----------------------
TP509 not allocated
----------------------

----------------------
TP510 not allocated
----------------------

----------------------
TP511 not allocated
----------------------

----------------------
TP512 not allocated
----------------------

----------------------
TP513 not allocated
----------------------

----------------------
TP514 allocated to 28
----------------------

----------------------
TP515 not allocated
----------------------

----------------------
TP516 not allocated
----------------------

----------------------
TP517 not allocated
----------------------

----------------------
TP518 not allocated
----------------------

----------------------
TP519 allocated to 28
----------------------

----------------------
TP520 not allocated
----------------------

----------------------
TP521 not allocated
----------------------

----------------------
TP522 not allocated
----------------------

----------------------
TP523 not allocated
----------------------

----------------------
TP524 not allocated
----------------------

----------------------
TP525 not allocated
----------------------

----------------------
TP526 not allocated
----------------------

----------------------
TP527 not allocated
----------------------

----------------------
TP528 not allocated
----------------------

----------------------
TP529 not allocated
----------------------

----------------------
TP530 not allocated
----------------------

----------------------
TP531 allocated to 28
----------------------

----------------------
TP532 not allocated
----------------------

----------------------
TP533 not allocated
----------------------

----------------------
TP534 not allocated
----------------------

----------------------
TP535 not allocated
----------------------

----------------------
TP536 not allocated
----------------------

----------------------
TP537 not allocated
----------------------

----------------------
TP538 allocated to 28
----------------------

----------------------
TP539 not allocated
----------------------

----------------------
TP540 not allocated
----------------------

----------------------
TP541 not allocated
----------------------

----------------------
TP542 not allocated
----------------------

----------------------
TP543 not allocated
----------------------

----------------------
TP544 allocated to 28
----------------------

----------------------
TP545 not allocated
----------------------

----------------------
TP546 not allocated
----------------------

----------------------
TP547 allocated to 4
----------------------

----------------------
TP548 not allocated
----------------------

----------------------
TP549 allocated to 20
----------------------

----------------------
TP550 not allocated
----------------------

----------------------
TP551 not allocated
----------------------

----------------------
TP552 allocated to 4
----------------------

----------------------
TP553 allocated to 11
----------------------

----------------------
TP554 not allocated
----------------------

----------------------
TP555 not allocated
----------------------

----------------------
TP556 allocated to 4
----------------------

----------------------
TP557 not allocated
----------------------

----------------------
TP558 allocated to 12
----------------------

----------------------
TP559 not allocated
----------------------

----------------------
TP560 not allocated
----------------------

----------------------
TP561 not allocated
----------------------

----------------------
TP562 allocated to 20
----------------------

----------------------
TP563 not allocated
----------------------

----------------------
TP564 allocated to 12
----------------------

----------------------
TP565 allocated to 20
----------------------

----------------------
TP566 allocated to 28
----------------------

----------------------
TP567 allocated to 28
----------------------

----------------------
TP568 not allocated
----------------------

----------------------
TP569 not allocated
----------------------

----------------------
TP570 not allocated
----------------------

----------------------
TP571 not allocated
----------------------

----------------------
TP572 allocated to 4
----------------------

----------------------
TP573 allocated to 12
----------------------

----------------------
TP574 allocated to 20
----------------------

----------------------
TP575 not allocated
----------------------

----------------------
TP576 not allocated
----------------------

----------------------
TP577 not allocated
----------------------

----------------------
TP578 not allocated
----------------------

----------------------
TP579 not allocated
----------------------

----------------------
TP580 not allocated
----------------------

----------------------
TP581 not allocated
----------------------

----------------------
TP582 allocated to 12
----------------------

----------------------
TP583 not allocated
----------------------

----------------------
TP584 not allocated
----------------------

----------------------
TP585 not allocated
----------------------

----------------------
TP586 not allocated
----------------------

----------------------
TP587 not allocated
----------------------

----------------------
TP588 not allocated
----------------------

----------------------
TP589 not allocated
----------------------

----------------------
TP590 not allocated
----------------------

----------------------
TP591 not allocated
----------------------

----------------------
TP592 not allocated
----------------------

----------------------
TP593 not allocated
----------------------

----------------------
TP594 not allocated
----------------------

----------------------
TP595 allocated to 12
----------------------

----------------------
TP596 not allocated
----------------------

----------------------
TP597 not allocated
----------------------

----------------------
TP598 not allocated
----------------------

----------------------
TP599 not allocated
----------------------

----------------------
TP600 not allocated
----------------------

----------------------
TP601 not allocated
----------------------

----------------------
TP602 not allocated
----------------------

----------------------
TP603 not allocated
----------------------

----------------------
TP604 not allocated
----------------------

----------------------
TP605 not allocated
----------------------

----------------------
TP606 not allocated
----------------------

----------------------
TP607 not allocated
----------------------

----------------------
TP608 not allocated
----------------------

----------------------
TP609 not allocated
----------------------

----------------------
TP610 not allocated
----------------------

----------------------
TP611 allocated to 20
----------------------

----------------------
TP612 not allocated
----------------------

----------------------
TP613 not allocated
----------------------

----------------------
TP614 allocated to 8
----------------------

----------------------
TP615 not allocated
----------------------

----------------------
TP616 not allocated
----------------------

----------------------
TP617 not allocated
----------------------

----------------------
TP618 not allocated
----------------------

----------------------
TP619 allocated to 19
----------------------

----------------------
TP620 not allocated
----------------------

----------------------
TP621 not allocated
----------------------

----------------------
TP622 not allocated
----------------------

----------------------
TP623 not allocated
----------------------

----------------------
TP624 not allocated
----------------------

----------------------
TP625 allocated to 28
----------------------

----------------------
TP626 not allocated
----------------------

----------------------
TP627 not allocated
----------------------

----------------------
TP628 not allocated
----------------------

----------------------
TP629 not allocated
----------------------

----------------------
TP630 not allocated
----------------------

----------------------
TP631 not allocated
----------------------

----------------------
TP632 not allocated
----------------------

----------------------
TP633 not allocated
----------------------

----------------------
TP634 not allocated
----------------------

----------------------
TP635 not allocated
----------------------

----------------------
TP636 not allocated
----------------------

----------------------
TP637 not allocated
----------------------

----------------------
TP638 not allocated
----------------------

----------------------
TP639 not allocated
----------------------

----------------------
TP640 not allocated
----------------------

----------------------
TP641 not allocated
----------------------

----------------------
TP642 not allocated
----------------------

----------------------
TP643 not allocated
----------------------

----------------------
TP644 not allocated
----------------------

----------------------
TP645 not allocated
----------------------

----------------------
TP646 not allocated
----------------------

----------------------
TP647 not allocated
----------------------

----------------------
TP648 not allocated
----------------------

----------------------
TP649 not allocated
----------------------

----------------------
TP650 not allocated
----------------------

----------------------
TP651 not allocated
----------------------

----------------------
TP652 not allocated
----------------------

----------------------
TP653 allocated to 17
----------------------

----------------------
TP654 allocated to 5
----------------------

----------------------
TP655 not allocated
----------------------

----------------------
TP656 not allocated
----------------------

----------------------
TP657 not allocated
----------------------

----------------------
TP658 not allocated
----------------------

----------------------
TP659 allocated to 11
----------------------

----------------------
TP660 not allocated
----------------------

----------------------
TP661 not allocated
----------------------

----------------------
TP662 allocated to 21
----------------------

----------------------
TP663 not allocated
----------------------

----------------------
TP664 allocated to 20
----------------------

----------------------
TP665 not allocated
----------------------

----------------------
TP666 allocated to 29
----------------------

----------------------
TP667 allocated to 5
----------------------

----------------------
TP668 allocated to 5
----------------------

----------------------
TP669 not allocated
----------------------

----------------------
TP670 allocated to 29
----------------------

----------------------
TP671 not allocated
----------------------

----------------------
TP672 not allocated
----------------------

----------------------
TP673 allocated to 13
----------------------

----------------------
TP674 allocated to 13
----------------------

----------------------
TP675 not allocated
----------------------

----------------------
TP676 allocated to 25
----------------------

----------------------
TP677 allocated to 12
----------------------

----------------------
TP678 not allocated
----------------------

----------------------
TP679 allocated to 5
----------------------

----------------------
TP680 allocated to 21
----------------------

----------------------
TP681 not allocated
----------------------

----------------------
TP682 not allocated
----------------------

----------------------
TP683 allocated to 29
----------------------

----------------------
TP684 not allocated
----------------------

----------------------
TP685 not allocated
----------------------

----------------------
TP686 not allocated
----------------------

----------------------
TP687 not allocated
----------------------

----------------------
TP688 allocated to 13
----------------------

----------------------
TP689 not allocated
----------------------

----------------------
TP690 not allocated
----------------------

----------------------
TP691 not allocated
----------------------

----------------------
TP692 not allocated
----------------------

----------------------
TP693 not allocated
----------------------

----------------------
TP694 allocated to 5
----------------------

----------------------
TP695 not allocated
----------------------

----------------------
TP696 not allocated
----------------------

----------------------
TP697 not allocated
----------------------

----------------------
TP698 allocated to 13
----------------------

----------------------
TP699 allocated to 13
----------------------

----------------------
TP700 allocated to 9
----------------------

----------------------
TP701 not allocated
----------------------

----------------------
TP702 not allocated
----------------------

----------------------
TP703 not allocated
----------------------

----------------------
TP704 not allocated
----------------------

----------------------
TP705 not allocated
----------------------

----------------------
TP706 not allocated
----------------------

----------------------
TP707 not allocated
----------------------

----------------------
TP708 allocated to 13
----------------------

----------------------
TP709 not allocated
----------------------

----------------------
TP710 not allocated
----------------------

----------------------
TP711 not allocated
----------------------

----------------------
TP712 not allocated
----------------------

----------------------
TP713 not allocated
----------------------

----------------------
TP714 not allocated
----------------------

----------------------
TP715 not allocated
----------------------

----------------------
TP716 not allocated
----------------------

----------------------
TP717 not allocated
----------------------

----------------------
TP718 not allocated
----------------------

----------------------
TP719 not allocated
----------------------

----------------------
TP720 not allocated
----------------------

----------------------
TP721 not allocated
----------------------

----------------------
TP722 not allocated
----------------------

----------------------
TP723 not allocated
----------------------

----------------------
TP724 not allocated
----------------------

----------------------
TP725 not allocated
----------------------

----------------------
TP726 not allocated
----------------------

----------------------
TP727 not allocated
----------------------

----------------------
TP728 not allocated
----------------------

----------------------
TP729 not allocated
----------------------

----------------------
TP730 allocated to 21
----------------------

----------------------
TP731 not allocated
----------------------

----------------------
TP732 not allocated
----------------------

----------------------
TP733 not allocated
----------------------

----------------------
TP734 not allocated
----------------------

----------------------
TP735 not allocated
----------------------

----------------------
TP736 not allocated
----------------------

----------------------
TP737 not allocated
----------------------

----------------------
TP738 not allocated
----------------------

----------------------
TP739 not allocated
----------------------

----------------------
TP740 not allocated
----------------------

----------------------
TP741 not allocated
----------------------

----------------------
TP742 not allocated
----------------------

----------------------
TP743 not allocated
----------------------

----------------------
TP744 allocated to 6
----------------------

----------------------
TP745 not allocated
----------------------

----------------------
TP746 not allocated
----------------------

----------------------
TP747 not allocated
----------------------

----------------------
TP748 not allocated
----------------------

----------------------
TP749 not allocated
----------------------

----------------------
TP750 not allocated
----------------------

----------------------
TP751 not allocated
----------------------

----------------------
TP752 not allocated
----------------------

----------------------
TP753 not allocated
----------------------

----------------------
TP754 allocated to 22
----------------------

----------------------
TP755 allocated to 30
----------------------

----------------------
TP756 not allocated
----------------------

----------------------
TP757 not allocated
----------------------

----------------------
TP758 not allocated
----------------------

----------------------
TP759 not allocated
----------------------

----------------------
TP760 not allocated
----------------------

----------------------
TP761 not allocated
----------------------

----------------------
TP762 allocated to 25
----------------------

----------------------
TP763 not allocated
----------------------

----------------------
TP764 allocated to 14
----------------------

----------------------
TP765 not allocated
----------------------

----------------------
TP766 not allocated
----------------------

----------------------
TP767 not allocated
----------------------

----------------------
TP768 not allocated
----------------------

----------------------
TP769 not allocated
----------------------

----------------------
TP770 not allocated
----------------------

----------------------
TP771 not allocated
----------------------

----------------------
TP772 allocated to 6
----------------------

----------------------
TP773 allocated to 14
----------------------

----------------------
TP774 allocated to 14
----------------------

----------------------
TP775 not allocated
----------------------

----------------------
TP776 not allocated
----------------------

----------------------
TP777 allocated to 30
----------------------

----------------------
TP778 not allocated
----------------------

----------------------
TP779 not allocated
----------------------

----------------------
TP780 allocated to 6
----------------------

----------------------
TP781 not allocated
----------------------

----------------------
TP782 allocated to 22
----------------------

----------------------
TP783 allocated to 5
----------------------

----------------------
TP784 allocated to 30
----------------------

----------------------
TP785 not allocated
----------------------

----------------------
TP786 allocated to 22
----------------------

----------------------
TP787 not allocated
----------------------

----------------------
TP788 not allocated
----------------------

----------------------
TP789 allocated to 30
----------------------

----------------------
TP790 not allocated
----------------------

----------------------
TP791 not allocated
----------------------

----------------------
TP792 not allocated
----------------------

----------------------
TP793 not allocated
----------------------

----------------------
TP794 not allocated
----------------------

----------------------
TP795 not allocated
----------------------

----------------------
TP796 not allocated
----------------------

----------------------
TP797 not allocated
----------------------

----------------------
TP798 not allocated
----------------------

----------------------
TP799 not allocated
----------------------

----------------------
TP800 not allocated
----------------------

----------------------
TP801 not allocated
----------------------

----------------------
TP802 not allocated
----------------------

----------------------
TP803 not allocated
----------------------

----------------------
TP804 allocated to 21
----------------------

----------------------
TP805 not allocated
----------------------

----------------------
TP806 allocated to 6
----------------------

----------------------
TP807 not allocated
----------------------

----------------------
TP808 not allocated
----------------------

----------------------
TP809 not allocated
----------------------

----------------------
TP810 allocated to 22
----------------------

----------------------
TP811 not allocated
----------------------

----------------------
TP812 not allocated
----------------------

----------------------
TP813 not allocated
----------------------

----------------------
TP814 not allocated
----------------------

----------------------
TP815 not allocated
----------------------

----------------------
TP816 not allocated
----------------------

----------------------
TP817 not allocated
----------------------

----------------------
TP818 not allocated
----------------------

----------------------
TP819 not allocated
----------------------

----------------------
TP820 not allocated
----------------------

----------------------
TP821 not allocated
----------------------

----------------------
TP822 not allocated
----------------------

----------------------
TP823 not allocated
----------------------

----------------------
TP824 not allocated
----------------------

----------------------
TP825 not allocated
----------------------

----------------------
TP826 not allocated
----------------------

----------------------
TP827 not allocated
----------------------

----------------------
TP828 not allocated
----------------------

----------------------
TP829 not allocated
----------------------

----------------------
TP830 not allocated
----------------------

----------------------
TP831 not allocated
----------------------

----------------------
TP832 not allocated
----------------------

----------------------
TP833 not allocated
----------------------

----------------------
TP834 not allocated
----------------------

----------------------
TP835 not allocated
----------------------

----------------------
TP836 not allocated
----------------------

----------------------
TP837 allocated to 14
----------------------

----------------------
TP838 allocated to 14
----------------------

----------------------
TP839 not allocated
----------------------

----------------------
TP840 not allocated
----------------------

----------------------
TP841 not allocated
----------------------

----------------------
TP842 not allocated
----------------------

----------------------
TP843 not allocated
----------------------

----------------------
TP844 not allocated
----------------------

----------------------
TP845 not allocated
----------------------

----------------------
TP846 not allocated
----------------------

----------------------
TP847 not allocated
----------------------

----------------------
TP848 not allocated
----------------------

----------------------
TP849 not allocated
----------------------

----------------------
TP850 not allocated
----------------------

----------------------
TP851 allocated to 7
----------------------

----------------------
TP852 not allocated
----------------------

----------------------
TP853 allocated to 7
----------------------

----------------------
TP854 not allocated
----------------------

----------------------
TP855 not allocated
----------------------

----------------------
TP856 not allocated
----------------------

----------------------
TP857 not allocated
----------------------

----------------------
TP858 allocated to 26
----------------------

----------------------
TP859 not allocated
----------------------

----------------------
TP860 not allocated
----------------------

----------------------
TP861 not allocated
----------------------

----------------------
TP862 not allocated
----------------------

----------------------
TP863 not allocated
----------------------

----------------------
TP864 not allocated
----------------------

----------------------
TP865 allocated to 23
----------------------

----------------------
TP866 allocated to 22
----------------------

----------------------
TP867 not allocated
----------------------

----------------------
TP868 allocated to 31
----------------------

----------------------
TP869 not allocated
----------------------

----------------------
TP870 not allocated
----------------------

----------------------
TP871 not allocated
----------------------

----------------------
TP872 allocated to 6
----------------------

----------------------
TP873 not allocated
----------------------

----------------------
TP874 not allocated
----------------------

----------------------
TP875 not allocated
----------------------

----------------------
TP876 not allocated
----------------------

----------------------
TP877 allocated to 23
----------------------

----------------------
TP878 not allocated
----------------------

----------------------
TP879 not allocated
----------------------

----------------------
TP880 allocated to 31
----------------------

----------------------
TP881 not allocated
----------------------

----------------------
TP882 not allocated
----------------------

----------------------
TP883 not allocated
----------------------

----------------------
TP884 not allocated
----------------------

----------------------
TP885 not allocated
----------------------

----------------------
TP886 not allocated
----------------------

----------------------
TP887 not allocated
----------------------

----------------------
TP888 not allocated
----------------------

----------------------
TP889 allocated to 23
----------------------

----------------------
TP890 not allocated
----------------------

----------------------
TP891 allocated to 7
----------------------

----------------------
TP892 not allocated
----------------------

----------------------
TP893 not allocated
----------------------

----------------------
TP894 allocated to 7
----------------------

----------------------
TP895 allocated to 15
----------------------

----------------------
TP896 not allocated
----------------------

----------------------
TP897 not allocated
----------------------

----------------------
TP898 not allocated
----------------------

----------------------
TP899 not allocated
----------------------

----------------------
TP900 allocated to 23
----------------------

----------------------
TP901 not allocated
----------------------

----------------------
TP902 not allocated
----------------------

----------------------
TP903 not allocated
----------------------

----------------------
TP904 not allocated
----------------------

----------------------
TP905 allocated to 15
----------------------

----------------------
TP906 allocated to 7
----------------------

----------------------
TP907 not allocated
----------------------

----------------------
TP908 not allocated
----------------------

----------------------
TP909 not allocated
----------------------

----------------------
TP910 not allocated
----------------------

----------------------
TP911 allocated to 31
----------------------

----------------------
TP912 not allocated
----------------------

----------------------
TP913 allocated to 7
----------------------

----------------------
TP914 not allocated
----------------------

----------------------
TP915 allocated to 15
----------------------

----------------------
TP916 not allocated
----------------------

----------------------
TP917 not allocated
----------------------

----------------------
TP918 not allocated
----------------------

----------------------
TP919 not allocated
----------------------

----------------------
TP920 not allocated
----------------------

----------------------
TP921 not allocated
----------------------

----------------------
TP922 not allocated
----------------------

----------------------
TP923 not allocated
----------------------

----------------------
TP924 not allocated
----------------------

----------------------
TP925 not allocated
----------------------

----------------------
TP926 not allocated
----------------------

----------------------
TP927 allocated to 15
----------------------

----------------------
TP928 not allocated
----------------------

----------------------
TP929 allocated to 31
----------------------

----------------------
TP930 not allocated
----------------------

----------------------
TP931 not allocated
----------------------

----------------------
TP932 not allocated
----------------------

----------------------
TP933 not allocated
----------------------

----------------------
TP934 not allocated
----------------------

----------------------
TP935 not allocated
----------------------

----------------------
TP936 not allocated
----------------------

----------------------
TP937 not allocated
----------------------

----------------------
TP938 not allocated
----------------------

----------------------
TP939 not allocated
----------------------

----------------------
TP940 not allocated
----------------------

----------------------
TP941 not allocated
----------------------

----------------------
TP942 not allocated
----------------------

----------------------
TP943 not allocated
----------------------

----------------------
TP944 not allocated
----------------------

----------------------
TP945 not allocated
----------------------

----------------------
TP946 not allocated
----------------------

----------------------
TP947 not allocated
----------------------

----------------------
TP948 not allocated
----------------------

----------------------
TP949 not allocated
----------------------

----------------------
TP950 not allocated
----------------------

----------------------
TP951 not allocated
----------------------

----------------------
TP952 not allocated
----------------------

----------------------
TP953 not allocated
----------------------

----------------------
TP954 not allocated
----------------------

----------------------
TP955 not allocated
----------------------

----------------------
TP956 not allocated
----------------------

----------------------
TP957 not allocated
----------------------

----------------------
TP958 not allocated
----------------------

----------------------
TP959 not allocated
----------------------

----------------------
TP960 not allocated
----------------------

----------------------
TP961 not allocated
----------------------

----------------------
TP962 not allocated
----------------------

----------------------
TP963 not allocated
----------------------

----------------------
TP964 not allocated
----------------------

----------------------
TP965 not allocated
----------------------

----------------------
TP966 not allocated
----------------------

----------------------
TP967 not allocated
----------------------

----------------------
TP968 not allocated
----------------------

----------------------
TP969 not allocated
----------------------

----------------------
TP970 not allocated
----------------------

----------------------
TP971 not allocated
----------------------

----------------------
TP972 not allocated
----------------------

----------------------
TP973 not allocated
----------------------

----------------------
TP974 not allocated
----------------------

----------------------
TP975 not allocated
----------------------

----------------------
TP976 not allocated
----------------------

----------------------
TP977 not allocated
----------------------

----------------------
TP978 not allocated
----------------------

----------------------
TP979 not allocated
----------------------

----------------------
TP980 not allocated
----------------------

----------------------
TP981 not allocated
----------------------

----------------------
TP982 allocated to 23
----------------------

----------------------
TP983 not allocated
----------------------

----------------------
TP984 not allocated
----------------------

----------------------
TP985 not allocated
----------------------

----------------------
TP986 not allocated
----------------------

----------------------
TP987 not allocated
----------------------

----------------------
TP988 not allocated
----------------------

----------------------
TP989 not allocated
----------------------

----------------------
TP990 not allocated
----------------------

----------------------
TP991 not allocated
----------------------

----------------------
TP992 not allocated
----------------------

----------------------
TP993 not allocated
----------------------

----------------------
TP994 not allocated
----------------------

----------------------
TP995 not allocated
----------------------

----------------------
TP996 not allocated
----------------------

----------------------
TP997 not allocated
----------------------

----------------------
TP998 not allocated
----------------------

----------------------
TP999 not allocated
----------------------

----------------------
TP1000 not allocated
----------------------
