-------------------------------------------------------------------------
TPs satisfied = 202; Total TPs = 1000; Percentage Satisfied + 20.200000000000003%
-------------------------------------------------------------------------

-------------------------------------------------------------------------

EVs

-------------------------------------------------------------------------
--------------------------------------
EV0
--------------------------------------
Num TPs served = 7
TPs served = 4 9 34 50 54 147 346
Total energy used = 100
--------------------------------------
Schedule:
195 250 12 21 12 21 0 0 100 100 0 55 0
250 256 12 21 17 20 0 1 100 94 50 172 6
256 257 17 20 18 20 1 0 94 93 -50 172 1
257 268 18 20 8 19 0 1 93 82 34 130 11
268 268 8 19 8 19 1 0 82 82 -34 131 0
268 288 8 19 8 39 0 1 82 62 54 147 20
288 292 8 39 9 42 1 0 62 58 -54 147 4
292 305 9 42 2 48 0 1 58 45 9 52 13
305 307 2 48 3 49 1 0 45 43 -9 52 2
307 327 3 49 3 29 0 1 43 23 4 25 20
327 335 3 29 11 29 1 0 23 15 -4 26 8
335 418 11 29 11 29 0 0 15 15 0 83 0
418 425 11 29 8 25 0 1 15 8 147 172 7
425 426 8 25 9 25 1 0 8 7 -147 172 1
426 796 9 25 9 25 0 0 7 7 0 370 0
796 800 9 25 11 23 0 1 7 3 346 172 4
800 801 11 23 11 23 1 1 3 3 0 1 0
801 801 11 23 11 23 1 0 3 3 -346 172 0
801 2070 11 23 11 23 0 0 3 3 0 1269 0
2070 2073 11 23 12 21 0 0 3 0 1000000000 0 3
--------------------------------------
--------------------------------------
EV1
--------------------------------------
Num TPs served = 5
TPs served = 49 66 68 127 467
Total energy used = 100
--------------------------------------
Schedule:
394 408 12 21 10 33 0 1 100 86 68 52 14
408 413 10 33 13 35 1 2 86 81 127 144 5
413 415 13 35 15 35 2 1 81 79 -127 150 2
415 418 15 35 17 36 1 0 79 76 -68 54 3
418 424 17 36 21 38 0 1 76 70 49 3 6
424 427 21 38 24 38 1 0 70 67 -49 5 3
427 457 24 38 41 25 0 1 67 37 66 1 30
457 459 41 25 43 25 1 0 37 35 -66 5 2
459 966 43 25 43 25 0 0 35 35 0 507 0
966 982 43 25 29 23 0 1 35 19 467 172 16
982 983 29 23 29 23 1 1 19 19 0 1 0
983 983 29 23 29 23 1 0 19 19 -467 172 0
983 2054 29 23 29 23 0 0 19 19 0 1071 0
2054 2073 29 23 12 21 0 0 19 0 1000000000 0 19
--------------------------------------
--------------------------------------
EV2
--------------------------------------
Num TPs served = 6
TPs served = 166 179 196 239 240 646
Total energy used = 100
--------------------------------------
Schedule:
587 612 12 21 31 27 0 1 100 75 179 44 25
612 619 31 27 37 28 1 0 75 68 -179 46 7
619 626 37 28 36 22 0 1 68 61 166 3 7
626 629 36 22 39 22 1 0 61 58 -166 3 3
629 665 39 22 13 12 0 1 58 22 240 107 36
665 667 13 12 14 13 1 0 22 20 -240 107 2
667 671 14 13 12 15 0 1 20 16 239 99 4
671 674 12 15 12 18 1 0 16 13 -239 101 3
674 679 12 18 7 18 0 1 13 8 196 14 5
679 680 7 18 8 18 1 0 8 7 -196 14 1
680 1292 8 18 8 18 0 0 7 7 0 612 0
1292 1294 8 18 9 19 0 1 7 5 646 172 2
1294 1297 9 19 9 19 1 1 5 5 0 3 0
1297 1297 9 19 9 19 1 0 5 5 -646 172 0
1297 2068 9 19 9 19 0 0 5 5 0 771 0
2068 2073 9 19 12 21 0 0 5 0 1000000000 0 5
--------------------------------------
--------------------------------------
EV3
--------------------------------------
Num TPs served = 6
TPs served = 251 260 275 280 319 579
Total energy used = 100
--------------------------------------
Schedule:
783 795 12 21 14 31 0 1 100 88 251 10 12
795 797 14 31 16 31 1 0 88 86 -251 10 2
797 799 16 31 17 32 0 1 86 84 319 130 2
799 799 17 32 17 32 1 0 84 84 -319 133 0
799 812 17 32 10 38 0 1 84 71 260 13 13
812 814 10 38 12 38 1 0 71 69 -260 17 2
814 828 12 38 19 45 0 1 69 55 280 34 14
828 830 19 45 21 45 1 0 55 53 -280 34 2
830 839 21 45 29 44 0 1 53 44 275 16 9
839 841 29 44 30 45 1 0 44 42 -275 16 2
841 1163 30 45 30 45 0 0 42 42 0 322 0
1163 1182 30 45 29 27 0 1 42 23 579 172 19
1182 1184 29 27 29 27 1 1 23 23 0 2 0
1184 1184 29 27 29 27 1 0 23 23 -579 172 0
1184 2050 29 27 29 27 0 0 23 23 0 866 0
2050 2073 29 27 12 21 0 0 23 0 1000000000 0 23
--------------------------------------
--------------------------------------
EV4
--------------------------------------
Num TPs served = 7
TPs served = 361 371 378 415 419 434 454
Total energy used = 98
--------------------------------------
Schedule:
963 978 12 21 14 8 0 1 100 85 415 95 15
978 979 14 8 14 9 1 0 85 84 -415 95 1
979 985 14 9 16 5 0 1 84 78 361 9 6
985 985 16 5 16 5 1 0 78 78 -361 10 0
985 990 16 5 20 6 0 1 78 73 434 113 5
990 992 20 6 22 6 1 0 73 71 -434 113 2
992 994 22 6 24 6 0 1 71 69 371 17 2
994 997 24 6 27 6 1 0 69 66 -371 17 3
997 1023 27 6 2 5 0 1 66 40 378 0 26
1023 1026 2 5 4 6 1 0 40 37 -378 0 3
1026 1041 4 6 0 17 0 1 37 22 419 38 15
1041 1043 0 17 2 17 1 0 22 20 -419 39 2
1043 1056 2 17 10 22 0 1 20 7 454 81 13
1056 1059 10 22 13 22 1 0 7 4 -454 81 3
1059 2071 13 22 13 22 0 0 4 4 0 1012 0
2071 2073 13 22 12 21 0 0 4 2 1000000000 0 2
--------------------------------------
--------------------------------------
EV5
--------------------------------------
Num TPs served = 10
TPs served = 470 477 486 495 496 518 530 599 603 668
Total energy used = 100
--------------------------------------
Schedule:
1149 1158 12 21 9 27 0 1 100 91 470 6 9
1158 1160 9 27 10 28 1 0 91 89 -470 7 2
1160 1165 10 28 7 30 0 1 89 84 496 47 5
1165 1166 7 30 8 30 1 0 84 83 -496 48 1
1166 1177 8 30 18 31 0 1 83 72 477 0 11
1177 1179 18 31 20 31 1 0 72 70 -477 0 2
1179 1185 20 31 25 32 0 1 70 64 486 6 6
1185 1186 25 32 26 32 1 0 64 63 -486 6 1
1186 1201 26 32 15 36 0 1 63 48 530 68 15
1201 1202 15 36 15 37 1 0 48 47 -530 70 1
1202 1208 15 37 10 36 0 1 47 41 518 36 6
1208 1209 10 36 10 35 1 2 41 40 495 2 1
1209 1210 10 35 11 35 2 1 40 39 -495 2 1
1210 1220 11 35 11 35 1 1 39 39 0 10 0
1220 1223 11 35 9 36 1 2 39 36 603 172 3
1223 1224 9 36 9 37 2 1 36 35 -603 172 1
1224 1230 9 37 12 40 1 2 35 29 599 154 6
1230 1230 12 40 12 40 2 1 29 29 -599 155 0
1230 1238 12 40 16 36 1 0 29 21 -518 12 8
1238 1325 16 36 16 36 0 0 21 21 0 87 0
1325 1336 16 36 14 27 0 1 21 10 668 172 11
1336 1338 14 27 14 27 1 1 10 10 0 2 0
1338 1339 14 27 14 28 1 0 10 9 -668 172 1
1339 2064 14 28 14 28 0 0 9 9 0 725 0
2064 2073 14 28 12 21 0 0 9 0 1000000000 0 9
--------------------------------------
--------------------------------------
EV6
--------------------------------------
Num TPs served = 5
TPs served = 608 610 626 632 675
Total energy used = 98
--------------------------------------
Schedule:
1351 1357 12 21 7 20 0 1 100 94 610 52 6
1357 1359 7 20 9 20 1 0 94 92 -610 53 2
1359 1393 9 20 22 41 0 1 92 58 626 43 34
1393 1394 22 41 23 41 1 0 58 57 -626 43 1
1394 1404 23 41 18 46 0 1 57 47 608 0 10
1404 1405 18 46 17 46 1 2 47 46 632 41 1
1405 1408 17 46 18 48 2 1 46 43 -632 41 3
1408 1409 18 48 19 48 1 0 43 42 -608 0 1
1409 1440 19 48 17 19 0 1 42 11 675 79 31
1440 1443 17 19 18 21 1 0 11 8 -675 79 3
1443 2067 18 21 18 21 0 0 8 8 0 624 0
2067 2073 18 21 12 21 0 0 8 2 1000000000 0 6
--------------------------------------
--------------------------------------
EV7
--------------------------------------
Num TPs served = 8
TPs served = 688 701 714 725 760 765 782 800
Total energy used = 100
--------------------------------------
Schedule:
1533 1540 12 21 10 26 0 1 100 93 765 142 7
1540 1545 10 26 10 31 1 2 93 88 688 0 5
1545 1549 10 31 12 33 2 1 88 84 -688 1 4
1549 1552 12 33 13 31 1 2 84 81 725 53 3
1552 1563 13 31 19 36 2 3 81 70 760 110 11
1563 1564 19 36 19 37 3 2 70 69 -760 111 1
1564 1566 19 37 17 37 2 3 69 67 701 0 2
1566 1568 17 37 19 37 3 2 67 65 -701 1 2
1568 1584 19 37 13 47 2 3 65 49 714 1 16
1584 1585 13 47 14 47 3 2 49 48 -714 1 1
1585 1607 14 47 20 31 2 1 48 26 -725 5 22
1607 1610 20 31 20 28 1 2 26 23 782 108 3
1610 1611 20 28 21 28 2 1 23 22 -782 109 1
1611 1621 21 28 12 27 1 0 22 12 -765 64 10
1621 1629 12 27 9 22 0 1 12 4 800 111 8
1629 1630 9 22 10 22 1 0 4 3 -800 111 1
1630 2070 10 22 10 22 0 0 3 3 0 440 0
2070 2073 10 22 12 21 0 0 3 0 1000000000 0 3
--------------------------------------
--------------------------------------
EV8
--------------------------------------
Num TPs served = 3
TPs served = 19 24 908
Total energy used = 100
--------------------------------------
Schedule:
-1 181 12 21 12 21 0 0 100 100 0 182 0
181 208 12 21 23 37 0 1 100 73 24 172 27
208 210 23 37 25 37 1 0 73 71 -24 172 2
210 226 25 37 37 41 0 1 71 55 19 147 16
226 231 37 41 41 42 1 0 55 50 -19 148 5
231 1740 41 42 41 42 0 0 50 50 0 1509 0
1740 1745 41 42 38 40 0 1 50 45 908 172 5
1745 1753 38 40 38 40 1 1 45 45 0 8 0
1753 1753 38 40 38 40 1 0 45 45 -908 172 0
1753 2028 38 40 38 40 0 0 45 45 0 275 0
2028 2073 38 40 12 21 0 0 45 0 1000000000 0 45
--------------------------------------
--------------------------------------
EV9
--------------------------------------
Num TPs served = 4
TPs served = 2 29 51 846
Total energy used = 100
--------------------------------------
Schedule:
225 237 49 72 45 80 0 1 100 88 29 150 12
237 238 45 80 46 80 1 0 88 87 -29 150 1
238 273 46 80 22 69 0 1 87 52 51 157 35
273 284 22 69 16 64 1 2 52 41 2 65 11
284 289 16 64 21 64 2 1 41 36 -2 65 5
289 301 21 64 25 72 1 0 36 24 -51 139 12
301 1625 25 72 25 72 0 0 24 24 0 1324 0
1625 1640 25 72 40 72 0 1 24 9 846 172 15
1640 1641 40 72 40 72 1 1 9 9 0 1 0
1641 1641 40 72 40 72 1 0 9 9 -846 172 0
1641 2064 40 72 40 72 0 0 9 9 0 423 0
2064 2073 40 72 49 72 0 0 9 0 1000000000 0 9
--------------------------------------
--------------------------------------
EV10
--------------------------------------
Num TPs served = 7
TPs served = 43 59 75 83 143 256 337
Total energy used = 100
--------------------------------------
Schedule:
394 406 49 72 50 83 0 1 100 88 75 66 12
406 417 50 83 54 90 1 2 88 77 43 0 11
417 422 54 90 56 93 2 1 77 72 -43 0 5
422 427 56 93 53 95 1 2 72 67 83 58 5
427 431 53 95 53 91 2 1 67 63 -75 60 4
431 442 53 91 60 95 1 2 63 52 143 149 11
442 443 60 95 61 95 2 1 52 51 -143 151 1
443 447 61 95 64 96 1 2 51 47 59 0 4
447 450 64 96 64 99 2 1 47 44 -59 0 3
450 461 64 99 54 98 1 0 44 33 -83 29 11
461 639 54 98 54 98 0 0 33 33 0 178 0
639 647 54 98 53 91 0 1 33 25 256 172 8
647 648 53 91 53 91 1 1 25 25 0 1 0
648 649 53 91 54 91 1 0 25 24 -256 172 1
649 779 54 91 54 91 0 0 24 24 0 130 0
779 787 54 91 52 85 0 1 24 16 337 172 8
787 788 52 85 52 85 1 1 16 16 0 1 0
788 788 52 85 52 85 1 0 16 16 -337 172 0
788 2057 52 85 52 85 0 0 16 16 0 1269 0
2057 2073 52 85 49 72 0 0 16 0 1000000000 0 16
--------------------------------------
--------------------------------------
EV11
--------------------------------------
Num TPs served = 7
TPs served = 156 162 164 187 212 226 282
Total energy used = 100
--------------------------------------
Schedule:
576 589 49 72 61 73 0 1 100 87 162 33 13
589 595 61 73 65 75 1 2 87 81 212 123 6
595 596 65 75 65 76 2 1 81 80 -212 123 1
596 598 65 76 64 75 1 0 80 78 -162 30 2
598 608 64 75 64 85 0 1 78 68 156 4 10
608 610 64 85 66 85 1 0 68 66 -156 4 2
610 619 66 85 65 93 0 1 66 57 164 5 9
619 621 65 93 67 93 1 0 57 55 -164 6 2
621 647 67 93 67 67 0 1 55 29 226 97 26
647 649 67 67 69 67 1 0 29 27 -226 97 2
649 655 69 67 63 67 0 1 27 21 187 16 6
655 657 63 67 63 69 1 0 21 19 -187 17 2
657 682 63 69 63 69 0 0 19 19 0 25 0
682 694 63 69 53 71 0 1 19 7 282 172 12
694 701 53 71 53 71 1 1 7 7 0 7 0
701 703 53 71 53 73 1 0 7 5 -282 172 2
703 2068 53 73 53 73 0 0 5 5 0 1365 0
2068 2073 53 73 49 72 0 0 5 0 1000000000 0 5
--------------------------------------
--------------------------------------
EV12
--------------------------------------
Num TPs served = 4
TPs served = 247 248 279 297
Total energy used = 100
--------------------------------------
Schedule:
755 771 49 72 53 84 0 1 100 84 248 25 16
771 773 53 84 55 84 1 0 84 82 -248 26 2
773 792 55 84 72 82 0 1 82 63 247 2 19
792 800 72 82 80 82 1 0 63 55 -247 2 8
800 809 80 82 84 77 0 1 55 46 279 52 9
809 811 84 77 86 77 1 0 46 44 -279 54 2
811 838 86 77 59 77 0 1 44 17 297 52 27
838 839 59 77 60 77 1 0 17 16 -297 53 1
839 2057 60 77 60 77 0 0 16 16 0 1218 0
2057 2073 60 77 49 72 0 0 16 0 1000000000 0 16
--------------------------------------
--------------------------------------
EV13
--------------------------------------
Num TPs served = 7
TPs served = 350 359 365 381 394 473 788
Total energy used = 100
--------------------------------------
Schedule:
942 957 49 72 41 65 0 1 100 85 359 35 15
957 957 41 65 41 65 1 0 85 85 -359 36 0
957 972 41 65 45 54 0 1 85 70 350 7 15
972 973 45 54 45 55 1 0 70 69 -350 8 1
973 983 45 55 38 58 0 1 69 59 394 62 10
983 983 38 58 38 58 1 0 59 59 -394 63 0
983 998 38 58 31 66 0 1 59 44 365 2 15
998 999 31 66 32 66 1 0 44 43 -365 2 1
999 1017 32 66 48 64 0 1 43 25 473 154 18
1017 1017 48 64 48 64 1 0 25 25 -473 155 0
1017 1024 48 64 55 64 0 1 25 18 381 2 7
1024 1026 55 64 57 64 1 0 18 16 -381 2 2
1026 1548 57 64 57 64 0 0 16 16 0 522 0
1548 1553 57 64 53 65 0 1 16 11 788 172 5
1553 1556 53 65 53 65 1 1 11 11 0 3 0
1556 1556 53 65 53 65 1 0 11 11 -788 172 0
1556 2062 53 65 53 65 0 0 11 11 0 506 0
2062 2073 53 65 49 72 0 0 11 0 1000000000 0 11
--------------------------------------
--------------------------------------
EV14
--------------------------------------
Num TPs served = 5
TPs served = 468 480 497 516 551
Total energy used = 100
--------------------------------------
Schedule:
1136 1145 49 72 43 69 0 1 100 91 468 12 9
1145 1146 43 69 43 70 1 0 91 90 -468 12 1
1146 1177 43 70 12 70 0 1 90 59 516 65 31
1177 1179 12 70 14 70 1 0 59 57 -516 65 2
1179 1182 14 70 11 70 0 1 57 54 480 1 3
1182 1184 11 70 13 70 1 0 54 52 -480 1 2
1184 1209 13 70 33 65 0 1 52 27 497 6 25
1209 1218 33 65 39 68 1 2 27 18 551 81 9
1218 1219 39 68 40 68 2 1 18 17 -551 81 1
1219 1225 40 68 44 66 1 0 17 11 -497 6 6
1225 2062 44 66 44 66 0 0 11 11 0 837 0
2062 2073 44 66 49 72 0 0 11 0 1000000000 0 11
--------------------------------------
--------------------------------------
EV15
--------------------------------------
Num TPs served = 5
TPs served = 578 589 601 619 766
Total energy used = 100
--------------------------------------
Schedule:
1338 1350 49 72 49 84 0 1 100 88 578 2 12
1350 1351 49 84 49 85 1 0 88 87 -578 2 1
1351 1365 49 85 41 79 0 1 87 73 589 4 14
1365 1370 41 79 46 79 1 0 73 68 -589 4 5
1370 1383 46 79 40 72 0 1 68 55 601 5 13
1383 1387 40 72 41 75 1 0 55 51 -601 5 4
1387 1407 41 75 28 68 0 1 51 31 619 19 20
1407 1408 28 68 28 69 1 0 31 30 -619 19 1
1408 1509 28 69 28 69 0 0 30 30 0 101 0
1509 1512 28 69 28 72 0 1 30 27 766 172 3
1512 1519 28 72 32 75 1 0 27 20 -766 172 7
1519 2053 32 75 32 75 0 0 20 20 0 534 0
2053 2073 32 75 49 72 0 0 20 0 1000000000 0 20
--------------------------------------
--------------------------------------
EV16
--------------------------------------
Num TPs served = 6
TPs served = 709 715 722 742 753 776
Total energy used = 100
--------------------------------------
Schedule:
1538 1555 49 72 59 79 0 1 100 83 722 47 17
1555 1557 59 79 59 77 1 2 83 81 715 29 2
1557 1566 59 77 67 78 2 3 81 72 776 140 9
1566 1567 67 78 66 78 3 2 72 71 -715 32 1
1567 1574 66 78 62 81 2 1 71 64 -722 44 7
1574 1579 62 81 62 86 1 2 64 59 709 0 5
1579 1583 62 86 64 88 2 1 59 55 -709 0 4
1583 1594 64 88 67 80 1 0 55 44 -776 114 11
1594 1610 67 80 68 65 0 1 44 28 753 54 16
1610 1611 68 65 68 66 1 0 28 27 -753 54 1
1611 1622 68 66 58 67 0 1 27 16 742 22 11
1622 1624 58 67 59 68 1 0 16 14 -742 22 2
1624 2059 59 68 59 68 0 0 14 14 0 435 0
2059 2073 59 68 49 72 0 0 14 0 1000000000 0 14
--------------------------------------
--------------------------------------
EV17
--------------------------------------
Num TPs served = 4
TPs served = 7 14 27 30
Total energy used = 100
--------------------------------------
Schedule:
-1 191 49 72 49 72 0 0 100 100 0 192 0
191 213 49 72 37 82 0 1 100 78 27 172 22
213 215 37 82 39 82 1 0 78 76 -27 172 2
215 222 39 82 43 85 0 1 76 69 14 141 7
222 223 43 85 44 85 1 0 69 68 -14 141 1
223 250 44 85 63 77 0 1 68 41 7 105 27
250 251 63 77 63 78 1 0 41 40 -7 110 1
251 277 63 78 52 63 0 1 40 14 30 112 26
277 279 52 63 53 64 1 0 14 12 -30 112 2
279 2061 53 64 53 64 0 0 12 12 0 1782 0
2061 2073 53 64 49 72 0 0 12 0 1000000000 0 12
--------------------------------------
--------------------------------------
EV18
--------------------------------------
Num TPs served = 3
TPs served = 5 61 493
Total energy used = 100
--------------------------------------
Schedule:
207 241 49 76 49 76 0 0 100 100 0 34 0
241 278 49 76 85 75 0 1 100 63 61 172 37
278 288 85 75 95 75 1 0 63 53 -61 172 10
288 292 95 75 95 79 0 1 53 49 5 61 4
292 297 95 79 90 79 1 0 49 44 -5 62 5
297 1004 90 79 90 79 0 0 44 44 0 707 0
1004 1033 90 79 63 77 0 1 44 15 493 172 29
1033 1035 63 77 63 77 1 1 15 15 0 2 0
1035 1035 63 77 63 77 1 0 15 15 -493 172 0
1035 2058 63 77 63 77 0 0 15 15 0 1023 0
2058 2073 63 77 49 76 0 0 15 0 1000000000 0 15
--------------------------------------
--------------------------------------
EV19
--------------------------------------
Num TPs served = 5
TPs served = 39 55 85 382 625
Total energy used = 100
--------------------------------------
Schedule:
381 404 49 76 67 71 0 1 100 77 39 2 23
404 408 67 71 71 71 1 0 77 73 -39 6 4
408 436 71 71 62 52 0 1 73 45 55 0 28
436 437 62 52 62 53 1 0 45 44 -55 0 1
437 452 62 53 58 64 0 1 44 29 85 37 15
452 454 58 64 58 66 1 0 29 27 -85 37 2
454 852 58 66 58 66 0 0 27 27 0 398 0
852 856 58 66 57 69 0 1 27 23 382 172 4
856 858 57 69 59 69 1 0 23 21 -382 172 2
858 1258 59 69 59 69 0 0 21 21 0 400 0
1258 1263 59 69 56 71 0 1 21 16 625 172 5
1263 1267 56 71 58 73 1 0 16 12 -625 172 4
1267 2061 58 73 58 73 0 0 12 12 0 794 0
2061 2073 58 73 49 76 0 0 12 0 1000000000 0 12
--------------------------------------
--------------------------------------
EV20
--------------------------------------
Num TPs served = 4
TPs served = 135 169 192 329
Total energy used = 100
--------------------------------------
Schedule:
540 570 49 76 74 71 0 1 100 70 135 5 30
570 573 74 71 77 71 1 0 70 67 -135 5 3
573 593 77 71 70 84 0 1 67 47 192 91 20
593 596 70 84 70 87 1 0 47 44 -192 91 3
596 617 70 87 56 80 0 1 44 23 169 20 21
617 621 56 80 60 80 1 0 23 19 -169 20 4
621 771 60 80 60 80 0 0 19 19 0 150 0
771 773 60 80 62 80 0 1 19 17 329 172 2
773 775 62 80 62 80 1 1 17 17 0 2 0
775 775 62 80 62 80 1 0 17 17 -329 172 0
775 2056 62 80 62 80 0 0 17 17 0 1281 0
2056 2073 62 80 49 76 0 0 17 0 1000000000 0 17
--------------------------------------
--------------------------------------
EV21
--------------------------------------
Num TPs served = 5
TPs served = 249 258 278 290 482
Total energy used = 98
--------------------------------------
Schedule:
763 791 49 76 55 54 0 1 100 72 258 32 28
791 793 55 54 56 55 1 0 72 70 -258 32 2
793 799 56 55 54 59 0 1 70 64 249 0 6
799 802 54 59 57 59 1 0 64 61 -249 0 3
802 826 57 59 35 61 0 1 61 37 278 34 24
826 832 35 61 36 66 1 2 37 31 290 48 6
832 835 36 66 36 63 2 1 31 28 -278 38 3
835 840 36 63 38 66 1 0 28 23 -290 42 5
840 1007 38 66 38 66 0 0 23 23 0 167 0
1007 1014 38 66 44 67 0 1 23 16 482 172 7
1014 1016 44 67 46 67 1 0 16 14 -482 172 2
1016 2061 46 67 46 67 0 0 14 14 0 1045 0
2061 2073 46 67 49 76 0 0 14 2 1000000000 0 12
--------------------------------------
--------------------------------------
EV22
--------------------------------------
Num TPs served = 6
TPs served = 360 376 408 453 491 669
Total energy used = 98
--------------------------------------
Schedule:
967 981 49 76 52 65 0 1 100 86 360 12 14
981 994 52 65 62 62 1 2 86 73 376 25 13
994 1003 62 62 59 68 2 1 73 64 -360 0 9
1003 1010 59 68 59 61 1 2 64 57 453 125 7
1010 1015 59 61 63 62 2 1 57 52 -453 125 5
1015 1019 63 62 65 64 1 0 52 48 -376 5 4
1019 1025 65 64 65 64 0 0 48 48 0 6 0
1025 1031 65 64 69 66 0 1 48 42 491 172 6
1031 1033 69 66 69 66 1 1 42 42 0 2 0
1033 1036 69 66 72 66 1 0 42 39 -491 172 3
1036 1046 72 66 68 72 0 1 39 29 408 18 10
1046 1048 68 72 68 74 1 0 29 27 -408 18 2
1048 1335 68 74 68 74 0 0 27 27 0 287 0
1335 1338 68 74 69 76 0 1 27 24 669 172 3
1338 1340 69 76 69 76 1 1 24 24 0 2 0
1340 1341 69 76 70 76 1 0 24 23 -669 172 1
1341 2052 70 76 70 76 0 0 23 23 0 711 0
2052 2073 70 76 49 76 0 0 23 2 1000000000 0 21
--------------------------------------
--------------------------------------
EV23
--------------------------------------
Num TPs served = 7
TPs served = 479 488 507 513 517 542 951
Total energy used = 100
--------------------------------------
Schedule:
1149 1157 49 76 50 83 0 1 100 92 513 82 8
1157 1159 50 83 52 83 1 0 92 90 -513 83 2
1159 1177 52 83 56 97 0 1 90 72 479 2 18
1177 1179 56 97 58 97 1 2 72 70 488 16 2
1179 1182 58 97 59 99 2 1 70 67 -488 17 3
1182 1188 59 99 64 98 1 0 67 61 -479 1 6
1188 1192 64 98 67 99 0 1 61 57 507 37 4
1192 1193 67 99 67 100 1 0 57 56 -507 37 1
1193 1224 67 100 45 91 0 1 56 25 542 62 31
1224 1225 45 91 46 91 1 0 25 24 -542 62 1
1225 1234 46 91 43 85 0 1 24 15 517 9 9
1234 1235 43 85 44 85 1 0 15 14 -517 10 1
1235 1807 44 85 44 85 0 0 14 14 0 572 0
1807 1814 44 85 44 78 0 1 14 7 951 172 7
1814 1817 44 78 44 78 1 1 7 7 0 3 0
1817 1818 44 78 45 78 1 0 7 6 -951 172 1
1818 2067 45 78 45 78 0 0 6 6 0 249 0
2067 2073 45 78 49 76 0 0 6 0 1000000000 0 6
--------------------------------------
--------------------------------------
EV24
--------------------------------------
Num TPs served = 4
TPs served = 585 605 622 655
Total energy used = 100
--------------------------------------
Schedule:
1347 1361 49 76 35 76 0 1 100 86 585 2 14
1361 1369 35 76 36 83 1 0 86 78 -585 4 8
1369 1389 36 83 31 68 0 1 78 58 605 11 20
1389 1390 31 68 31 69 1 0 58 57 -605 12 1
1390 1403 31 69 20 71 0 1 57 44 655 79 13
1403 1404 20 71 21 71 1 0 44 43 -655 79 1
1404 1412 21 71 16 74 0 1 43 35 622 17 8
1412 1414 16 74 16 76 1 0 35 33 -622 18 2
1414 2040 16 76 16 76 0 0 33 33 0 626 0
2040 2073 16 76 49 76 0 0 33 0 1000000000 0 33
--------------------------------------
--------------------------------------
EV25
--------------------------------------
Num TPs served = 7
TPs served = 696 728 750 756 757 767 817
Total energy used = 100
--------------------------------------
Schedule:
1534 1545 49 76 40 78 0 1 100 89 728 64 11
1545 1546 40 78 40 79 1 0 89 88 -728 65 1
1546 1556 40 79 39 88 0 1 88 78 696 2 10
1556 1561 39 88 40 92 1 2 78 73 767 125 5
1561 1562 40 92 40 93 2 1 73 72 -767 127 1
1562 1562 40 93 40 93 1 0 72 72 -696 2 0
1562 1574 40 93 36 85 0 1 72 60 750 87 12
1574 1576 36 85 38 85 1 0 60 58 -750 87 2
1576 1604 38 85 34 61 0 1 58 30 756 64 28
1604 1608 34 61 38 61 1 0 30 26 -756 65 4
1608 1618 38 61 46 63 0 1 26 16 757 51 10
1618 1621 46 63 47 65 1 2 16 13 817 151 3
1621 1623 47 65 48 66 2 1 13 11 -757 52 2
1623 1624 48 66 49 66 1 0 11 10 -817 151 1
1624 2063 49 66 49 66 0 0 10 10 0 439 0
2063 2073 49 66 49 76 0 0 10 0 1000000000 0 10
--------------------------------------
--------------------------------------
EV26
--------------------------------------
Num TPs served = 5
TPs served = 16 48 72 84 95
Total energy used = 100
--------------------------------------
Schedule:
-1 233 49 76 49 76 0 0 100 100 0 234 0
233 254 49 76 32 80 0 1 100 79 48 172 21
254 310 32 80 32 80 1 1 79 79 0 56 0
310 316 32 80 29 83 1 2 79 73 84 172 6
316 323 29 83 23 84 2 3 73 66 72 144 7
323 323 23 84 23 84 3 2 66 66 -72 147 0
323 338 23 84 8 84 2 3 66 51 16 27 15
338 338 8 84 8 84 3 2 51 51 -16 29 0
338 354 8 84 23 85 2 3 51 35 95 147 16
354 357 23 85 26 85 3 2 35 32 -95 149 3
357 362 26 85 31 85 2 1 32 27 -84 131 5
362 373 31 85 37 80 1 0 27 16 -48 59 11
373 2057 37 80 37 80 0 0 16 16 0 1684 0
2057 2073 37 80 49 76 0 0 16 0 1000000000 0 16
--------------------------------------
--------------------------------------
EV27
--------------------------------------
Num TPs served = 5
TPs served = 18 32 37 112 199
Total energy used = 100
--------------------------------------
Schedule:
186 211 28 98 28 98 0 0 100 100 0 25 0
211 231 28 98 9 99 0 1 100 80 37 172 20
231 232 9 99 9 100 1 0 80 79 -37 172 1
232 261 9 100 5 75 0 1 79 50 32 135 29
261 263 5 75 5 77 1 0 50 48 -32 140 2
263 264 5 77 5 76 0 1 48 47 18 104 1
264 266 5 76 5 78 1 0 47 45 -18 104 2
266 331 5 78 5 78 0 0 45 45 0 65 0
331 359 5 78 21 90 0 1 45 17 112 172 28
359 365 21 90 27 90 1 0 17 11 -112 172 6
365 526 27 90 27 90 0 0 11 11 0 161 0
526 528 27 90 29 90 0 1 11 9 199 172 2
528 529 29 90 29 90 1 1 9 9 0 1 0
529 529 29 90 29 90 1 0 9 9 -199 172 0
529 2064 29 90 29 90 0 0 9 9 0 1535 0
2064 2073 29 90 28 98 0 0 9 0 1000000000 0 9
--------------------------------------
--------------------------------------
EV28
--------------------------------------
Num TPs served = 8
TPs served = 44 64 121 128 145 175 231 241
Total energy used = 100
--------------------------------------
Schedule:
398 402 28 98 30 96 0 1 100 96 121 143 4
402 403 30 96 31 96 1 0 96 95 -121 143 1
403 408 31 96 35 97 0 1 95 90 128 150 5
408 411 35 97 38 97 1 0 90 87 -128 152 3
411 419 38 97 36 91 0 1 87 79 44 1 8
419 422 36 91 39 91 1 0 79 76 -44 1 3
422 439 39 91 26 87 0 1 76 59 145 155 17
439 440 26 87 26 88 1 0 59 58 -145 156 1
440 454 26 88 23 77 0 1 58 44 64 0 14
454 462 23 77 29 79 1 0 44 36 -64 0 8
462 598 29 79 29 79 0 0 36 36 0 136 0
598 605 29 79 23 78 0 1 36 29 241 172 7
605 607 23 78 23 80 1 0 29 27 -241 172 2
607 609 23 80 22 79 0 1 27 25 231 143 2
609 612 22 79 25 79 1 0 25 22 -231 143 3
612 618 25 79 27 83 0 1 22 16 175 32 6
618 619 27 83 28 83 1 0 16 15 -175 32 1
619 2058 28 83 28 83 0 0 15 15 0 1439 0
2058 2073 28 83 28 98 0 0 15 0 1000000000 0 15
--------------------------------------
--------------------------------------
EV29
--------------------------------------
Num TPs served = 5
TPs served = 167 189 217 276 391
Total energy used = 96
--------------------------------------
Schedule:
582 590 28 98 20 98 0 1 100 92 189 83 8
590 593 20 98 23 98 1 0 92 89 -189 83 3
593 623 23 98 53 98 0 1 89 59 167 7 30
623 626 53 98 54 100 1 0 59 56 -167 7 3
626 638 54 100 62 96 0 1 56 44 217 87 12
638 640 62 96 63 97 1 0 44 42 -217 90 2
640 668 63 97 63 97 0 0 42 42 0 28 0
668 684 63 97 48 98 0 1 42 26 276 172 16
684 685 48 98 48 98 1 1 26 26 0 1 0
685 685 48 98 48 98 1 0 26 26 -276 172 0
685 855 48 98 48 98 0 0 26 26 0 170 0
855 868 48 98 36 97 0 1 26 13 391 172 13
868 870 36 97 36 97 1 1 13 13 0 2 0
870 870 36 97 36 97 1 0 13 13 -391 172 0
870 2064 36 97 36 97 0 0 13 13 0 1194 0
2064 2073 36 97 28 98 0 0 13 4 1000000000 0 9
--------------------------------------
--------------------------------------
EV30
--------------------------------------
Num TPs served = 6
TPs served = 261 274 287 289 301 397
Total energy used = 100
--------------------------------------
Schedule:
778 805 28 98 38 81 0 1 100 73 287 69 27
805 806 38 81 38 82 1 0 73 72 -287 72 1
806 817 38 82 31 86 0 1 72 61 261 9 11
817 818 31 86 31 87 1 0 61 60 -261 9 1
818 832 31 87 25 79 0 1 60 46 289 47 14
832 834 25 79 26 80 1 0 46 44 -289 48 2
834 846 26 80 24 70 0 1 44 32 274 7 12
846 847 24 70 25 70 1 0 32 31 -274 7 1
847 867 25 70 25 90 0 1 31 11 301 30 20
867 868 25 90 26 90 1 0 11 10 -301 31 1
868 872 26 90 26 90 0 0 10 10 0 4 0
872 876 26 90 27 93 0 1 10 6 397 172 4
876 878 27 93 27 95 1 0 6 4 -397 172 2
878 2069 27 95 27 95 0 0 4 4 0 1191 0
2069 2073 27 95 28 98 0 0 4 0 1000000000 0 4
--------------------------------------
--------------------------------------
EV31
--------------------------------------
Num TPs served = 4
TPs served = 377 402 435 444
Total energy used = 100
--------------------------------------
Schedule:
972 998 28 98 51 95 0 1 100 74 377 24 26
998 1002 51 95 52 98 1 0 74 70 -377 24 4
1002 1007 52 98 56 99 0 1 70 65 444 115 5
1007 1009 56 99 58 99 1 0 65 63 -444 115 2
1009 1019 58 99 68 99 0 1 63 53 402 35 10
1019 1024 68 99 70 96 1 2 53 48 435 80 5
1024 1025 70 96 71 96 2 1 48 47 -435 80 1
1025 1028 71 96 71 99 1 0 47 44 -402 29 3
1028 2029 71 99 71 99 0 0 44 44 0 1001 0
2029 2073 71 99 28 98 0 0 44 0 1000000000 0 44
--------------------------------------
--------------------------------------
EV32
--------------------------------------
Num TPs served = 5
TPs served = 489 501 511 638 690
Total energy used = 100
--------------------------------------
Schedule:
1168 1180 28 98 32 90 0 1 100 88 489 18 12
1180 1181 32 90 33 90 1 0 88 87 -489 18 1
1181 1216 33 90 6 82 0 1 87 52 511 21 35
1216 1221 6 82 5 78 1 2 52 47 501 0 5
1221 1224 5 78 8 78 2 1 47 44 -501 0 3
1224 1230 8 78 7 83 1 0 44 38 -511 9 6
1230 1361 7 83 7 83 0 0 38 38 0 131 0
1361 1375 7 83 17 87 0 1 38 24 690 172 14
1375 1376 17 87 17 88 1 0 24 23 -690 172 1
1376 1381 17 88 21 87 0 1 23 18 638 74 5
1381 1383 21 87 23 87 1 0 18 16 -638 74 2
1383 2057 23 87 23 87 0 0 16 16 0 674 0
2057 2073 23 87 28 98 0 0 16 0 1000000000 0 16
--------------------------------------
--------------------------------------
EV33
--------------------------------------
Num TPs served = 5
TPs served = 596 609 618 762 769
Total energy used = 100
--------------------------------------
Schedule:
1354 1374 28 98 46 96 0 1 100 80 596 6 20
1374 1375 46 96 47 96 1 0 80 79 -596 7 1
1375 1399 47 96 64 89 0 1 79 55 618 23 24
1399 1400 64 89 65 89 1 0 55 54 -618 26 1
1400 1404 65 89 67 91 0 1 54 50 609 3 4
1404 1404 67 91 67 91 1 0 50 50 -609 6 0
1404 1512 67 91 67 91 0 0 50 50 0 108 0
1512 1517 67 91 66 95 0 1 50 45 769 172 5
1517 1518 66 95 67 95 1 0 45 44 -769 172 1
1518 1541 67 95 47 98 0 1 44 21 762 136 23
1541 1542 47 98 47 99 1 0 21 20 -762 136 1
1542 2053 47 99 47 99 0 0 20 20 0 511 0
2053 2073 47 99 28 98 0 0 20 0 1000000000 0 20
--------------------------------------
--------------------------------------
EV34
--------------------------------------
Num TPs served = 8
TPs served = 703 707 718 774 777 815 833 957
Total energy used = 98
--------------------------------------
Schedule:
1542 1549 28 98 21 98 0 1 100 93 707 26 7
1549 1550 21 98 22 98 1 0 93 92 -707 26 1
1550 1562 22 98 14 94 0 1 92 80 703 8 12
1562 1565 14 94 17 94 1 0 80 77 -703 8 3
1565 1577 17 94 9 98 0 1 77 65 718 13 12
1577 1587 9 98 9 98 1 1 65 65 0 10 0
1587 1595 9 98 8 91 1 2 65 57 815 172 8
1595 1596 8 91 8 92 2 1 57 56 -815 172 1
1596 1598 8 92 9 91 1 0 56 54 -718 1 2
1598 1617 9 91 9 91 0 0 54 54 0 19 0
1617 1619 9 91 8 92 0 1 54 52 833 172 2
1619 1621 8 92 9 93 1 0 52 50 -833 172 2
1621 1645 9 93 25 85 0 1 50 26 777 64 24
1645 1646 25 85 26 85 1 0 26 25 -777 64 1
1646 1650 26 85 24 87 0 1 25 21 774 49 4
1650 1655 24 87 29 87 1 0 21 16 -774 49 5
1655 1823 29 87 29 87 0 0 16 16 0 168 0
1823 1829 29 87 29 93 0 1 16 10 957 172 6
1829 1830 29 93 29 93 1 1 10 10 0 1 0
1830 1832 29 93 30 94 1 0 10 8 -957 172 2
1832 2067 30 94 30 94 0 0 8 8 0 235 0
2067 2073 30 94 28 98 0 0 8 2 1000000000 0 6
--------------------------------------
--------------------------------------
EV35
--------------------------------------
Num TPs served = 4
TPs served = 38 65 183 813
Total energy used = 100
--------------------------------------
Schedule:
-1 247 28 98 28 98 0 0 100 100 0 248 0
247 283 28 98 26 64 0 1 100 64 65 172 36
283 284 26 64 27 64 1 0 64 63 -65 172 1
284 296 27 64 34 59 0 1 63 51 38 109 12
296 298 34 59 36 59 1 0 51 49 -38 109 2
298 488 36 59 36 59 0 0 49 49 0 190 0
488 493 36 59 34 62 0 1 49 44 183 172 5
493 494 34 62 34 62 1 1 44 44 0 1 0
494 496 34 62 35 63 1 0 44 42 -183 172 2
496 1576 35 63 35 63 0 0 42 42 0 1080 0
1576 1591 35 63 31 74 0 1 42 27 813 172 15
1591 1596 31 74 31 74 1 1 27 27 0 5 0
1596 1598 31 74 31 76 1 0 27 25 -813 172 2
1598 2048 31 76 31 76 0 0 25 25 0 450 0
2048 2073 31 76 28 98 0 0 25 0 1000000000 0 25
--------------------------------------

-------------------------------------------------------------------------

TPs

-------------------------------------------------------------------------

----------------------
TP1 not allocated
----------------------

----------------------
TP2 allocated to 9
----------------------

----------------------
TP3 not allocated
----------------------

----------------------
TP4 allocated to 0
----------------------

----------------------
TP5 allocated to 18
----------------------

----------------------
TP6 not allocated
----------------------

----------------------
TP7 allocated to 17
----------------------

----------------------
TP8 not allocated
----------------------

----------------------
TP9 allocated to 0
----------------------

----------------------
TP10 not allocated
----------------------

----------------------
TP11 not allocated
----------------------

----------------------
TP12 not allocated
----------------------

----------------------
TP13 not allocated
----------------------

----------------------
TP14 allocated to 17
----------------------

----------------------
TP15 not allocated
----------------------

----------------------
TP16 allocated to 26
----------------------

----------------------
TP17 not allocated
----------------------

----------------------
TP18 allocated to 27
----------------------

----------------------
TP19 allocated to 8
----------------------

----------------------
TP20 not allocated
----------------------

----------------------
TP21 not allocated
----------------------

----------------------
TP22 not allocated
----------------------

----------------------
TP23 not allocated
----------------------

----------------------
TP24 allocated to 8
----------------------

----------------------
TP25 not allocated
----------------------

----------------------
TP26 not allocated
----------------------

----------------------
TP27 allocated to 17
----------------------

----------------------
TP28 not allocated
----------------------

----------------------
TP29 allocated to 9
----------------------

----------------------
TP30 allocated to 17
----------------------

----------------------
TP31 not allocated
----------------------

----------------------
TP32 allocated to 27
----------------------

----------------------
TP33 not allocated
----------------------

----------------------
TP34 allocated to 0
----------------------

----------------------
TP35 not allocated
----------------------

----------------------
TP36 not allocated
----------------------

----------------------
TP37 allocated to 27
----------------------

----------------------
TP38 allocated to 35
----------------------

----------------------
TP39 allocated to 19
----------------------

----------------------
TP40 not allocated
----------------------

----------------------
TP41 not allocated
----------------------

----------------------
TP42 not allocated
----------------------

----------------------
TP43 allocated to 10
----------------------

----------------------
TP44 allocated to 28
----------------------

----------------------
TP45 not allocated
----------------------

----------------------
TP46 not allocated
----------------------

----------------------
TP47 not allocated
----------------------

----------------------
TP48 allocated to 26
----------------------

----------------------
TP49 allocated to 1
----------------------

----------------------
TP50 allocated to 0
----------------------

----------------------
TP51 allocated to 9
----------------------

----------------------
TP52 not allocated
----------------------

----------------------
TP53 not allocated
----------------------

----------------------
TP54 allocated to 0
----------------------

----------------------
TP55 allocated to 19
----------------------

----------------------
TP56 not allocated
----------------------

----------------------
TP57 not allocated
----------------------

----------------------
TP58 not allocated
----------------------

----------------------
TP59 allocated to 10
----------------------

----------------------
TP60 not allocated
----------------------

----------------------
TP61 allocated to 18
----------------------

----------------------
TP62 not allocated
----------------------

----------------------
TP63 not allocated
----------------------

----------------------
TP64 allocated to 28
----------------------

----------------------
TP65 allocated to 35
----------------------

----------------------
TP66 allocated to 1
----------------------

----------------------
TP67 not allocated
----------------------

----------------------
TP68 allocated to 1
----------------------

----------------------
TP69 not allocated
----------------------

----------------------
TP70 not allocated
----------------------

----------------------
TP71 not allocated
----------------------

----------------------
TP72 allocated to 26
----------------------

----------------------
TP73 not allocated
----------------------

----------------------
TP74 not allocated
----------------------

----------------------
TP75 allocated to 10
----------------------

----------------------
TP76 not allocated
----------------------

----------------------
TP77 not allocated
----------------------

----------------------
TP78 not allocated
----------------------

----------------------
TP79 not allocated
----------------------

----------------------
TP80 not allocated
----------------------

----------------------
TP81 not allocated
----------------------

----------------------
TP82 not allocated
----------------------

----------------------
TP83 allocated to 10
----------------------

----------------------
TP84 allocated to 26
----------------------

----------------------
TP85 allocated to 19
----------------------

----------------------
TP86 not allocated
----------------------

----------------------
TP87 not allocated
----------------------

----------------------
TP88 not allocated
----------------------

----------------------
TP89 not allocated
----------------------

----------------------
TP90 not allocated
----------------------

----------------------
TP91 not allocated
----------------------

----------------------
TP92 not allocated
----------------------

----------------------
TP93 not allocated
----------------------

----------------------
TP94 not allocated
----------------------

----------------------
TP95 allocated to 26
----------------------

----------------------
TP96 not allocated
----------------------

----------------------
TP97 not allocated
----------------------

----------------------
TP98 not allocated
----------------------

----------------------
TP99 not allocated
----------------------

----------------------
TP100 not allocated
----------------------

----------------------
TP101 not allocated
----------------------

----------------------
TP102 not allocated
----------------------

----------------------
TP103 not allocated
----------------------

----------------------
TP104 not allocated
----------------------

----------------------
TP105 not allocated
----------------------

----------------------
TP106 not allocated
----------------------

----------------------
TP107 not allocated
----------------------

----------------------
TP108 not allocated
----------------------

----------------------
TP109 not allocated
----------------------

----------------------
TP110 not allocated
----------------------

----------------------
TP111 not allocated
----------------------

----------------------
TP112 allocated to 27
----------------------

----------------------
TP113 not allocated
----------------------

----------------------
TP114 not allocated
----------------------

----------------------
TP115 not allocated
----------------------

----------------------
TP116 not allocated
----------------------

----------------------
TP117 not allocated
----------------------

----------------------
TP118 not allocated
----------------------

----------------------
TP119 not allocated
----------------------

----------------------
TP120 not allocated
----------------------

----------------------
TP121 allocated to 28
----------------------

----------------------
TP122 not allocated
----------------------

----------------------
TP123 not allocated
----------------------

----------------------
TP124 not allocated
----------------------

----------------------
TP125 not allocated
----------------------

----------------------
TP126 not allocated
----------------------

----------------------
TP127 allocated to 1
----------------------

----------------------
TP128 allocated to 28
----------------------

----------------------
TP129 not allocated
----------------------

----------------------
TP130 not allocated
----------------------

----------------------
TP131 not allocated
----------------------

----------------------
TP132 not allocated
----------------------

----------------------
TP133 not allocated
----------------------

----------------------
TP134 not allocated
----------------------

----------------------
TP135 allocated to 20
----------------------

----------------------
TP136 not allocated
----------------------

----------------------
TP137 not allocated
----------------------

----------------------
TP138 not allocated
----------------------

----------------------
TP139 not allocated
----------------------

----------------------
TP140 not allocated
----------------------

----------------------
TP141 not allocated
----------------------

----------------------
TP142 not allocated
----------------------

----------------------
TP143 allocated to 10
----------------------

----------------------
TP144 not allocated
----------------------

----------------------
TP145 allocated to 28
----------------------

----------------------
TP146 not allocated
----------------------

----------------------
TP147 allocated to 0
----------------------

----------------------
TP148 not allocated
----------------------

----------------------
TP149 not allocated
----------------------

----------------------
TP150 not allocated
----------------------

----------------------
TP151 not allocated
----------------------

----------------------
TP152 not allocated
----------------------

----------------------
TP153 not allocated
----------------------

----------------------
TP154 not allocated
----------------------

----------------------
TP155 not allocated
----------------------

----------------------
TP156 allocated to 11
----------------------

----------------------
TP157 not allocated
----------------------

----------------------
TP158 not allocated
----------------------

----------------------
TP159 not allocated
----------------------

----------------------
TP160 not allocated
----------------------

----------------------
TP161 not allocated
----------------------

----------------------
TP162 allocated to 11
----------------------

----------------------
TP163 not allocated
----------------------

----------------------
TP164 allocated to 11
----------------------

----------------------
TP165 not allocated
----------------------

----------------------
TP166 allocated to 2
----------------------

----------------------
TP167 allocated to 29
----------------------

----------------------
TP168 not allocated
----------------------

----------------------
TP169 allocated to 20
----------------------

----------------------
TP170 not allocated
----------------------

----------------------
TP171 not allocated
----------------------

----------------------
TP172 not allocated
----------------------

----------------------
TP173 not allocated
----------------------

----------------------
TP174 not allocated
----------------------

----------------------
TP175 allocated to 28
----------------------

----------------------
TP176 not allocated
----------------------

----------------------
TP177 not allocated
----------------------

----------------------
TP178 not allocated
----------------------

----------------------
TP179 allocated to 2
----------------------

----------------------
TP180 not allocated
----------------------

----------------------
TP181 not allocated
----------------------

----------------------
TP182 not allocated
----------------------

----------------------
TP183 allocated to 35
----------------------

----------------------
TP184 not allocated
----------------------

----------------------
TP185 not allocated
----------------------

----------------------
TP186 not allocated
----------------------

----------------------
TP187 allocated to 11
----------------------

----------------------
TP188 not allocated
----------------------

----------------------
TP189 allocated to 29
----------------------

----------------------
TP190 not allocated
----------------------

----------------------
TP191 not allocated
----------------------

----------------------
TP192 allocated to 20
----------------------

----------------------
TP193 not allocated
----------------------

----------------------
TP194 not allocated
----------------------

----------------------
TP195 not allocated
----------------------

----------------------
TP196 allocated to 2
----------------------

----------------------
TP197 not allocated
----------------------

----------------------
TP198 not allocated
----------------------

----------------------
TP199 allocated to 27
----------------------

----------------------
TP200 not allocated
----------------------

----------------------
TP201 not allocated
----------------------

----------------------
TP202 not allocated
----------------------

----------------------
TP203 not allocated
----------------------

----------------------
TP204 not allocated
----------------------

----------------------
TP205 not allocated
----------------------

----------------------
TP206 not allocated
----------------------

----------------------
TP207 not allocated
----------------------

----------------------
TP208 not allocated
----------------------

----------------------
TP209 not allocated
----------------------

----------------------
TP210 not allocated
----------------------

----------------------
TP211 not allocated
----------------------

----------------------
TP212 allocated to 11
----------------------

----------------------
TP213 not allocated
----------------------

----------------------
TP214 not allocated
----------------------

----------------------
TP215 not allocated
----------------------

----------------------
TP216 not allocated
----------------------

----------------------
TP217 allocated to 29
----------------------

----------------------
TP218 not allocated
----------------------

----------------------
TP219 not allocated
----------------------

----------------------
TP220 not allocated
----------------------

----------------------
TP221 not allocated
----------------------

----------------------
TP222 not allocated
----------------------

----------------------
TP223 not allocated
----------------------

----------------------
TP224 not allocated
----------------------

----------------------
TP225 not allocated
----------------------

----------------------
TP226 allocated to 11
----------------------

----------------------
TP227 not allocated
----------------------

----------------------
TP228 not allocated
----------------------

----------------------
TP229 not allocated
----------------------

----------------------
TP230 not allocated
----------------------

----------------------
TP231 allocated to 28
----------------------

----------------------
TP232 not allocated
----------------------

----------------------
TP233 not allocated
----------------------

----------------------
TP234 not allocated
----------------------

----------------------
TP235 not allocated
----------------------

----------------------
TP236 not allocated
----------------------

----------------------
TP237 not allocated
----------------------

----------------------
TP238 not allocated
----------------------

----------------------
TP239 allocated to 2
----------------------

----------------------
TP240 allocated to 2
----------------------

----------------------
TP241 allocated to 28
----------------------

----------------------
TP242 not allocated
----------------------

----------------------
TP243 not allocated
----------------------

----------------------
TP244 not allocated
----------------------

----------------------
TP245 not allocated
----------------------

----------------------
TP246 not allocated
----------------------

----------------------
TP247 allocated to 12
----------------------

----------------------
TP248 allocated to 12
----------------------

----------------------
TP249 allocated to 21
----------------------

----------------------
TP250 not allocated
----------------------

----------------------
TP251 allocated to 3
----------------------

----------------------
TP252 not allocated
----------------------

----------------------
TP253 not allocated
----------------------

----------------------
TP254 not allocated
----------------------

----------------------
TP255 not allocated
----------------------

----------------------
TP256 allocated to 10
----------------------

----------------------
TP257 not allocated
----------------------

----------------------
TP258 allocated to 21
----------------------

----------------------
TP259 not allocated
----------------------

----------------------
TP260 allocated to 3
----------------------

----------------------
TP261 allocated to 30
----------------------

----------------------
TP262 not allocated
----------------------

----------------------
TP263 not allocated
----------------------

----------------------
TP264 not allocated
----------------------

----------------------
TP265 not allocated
----------------------

----------------------
TP266 not allocated
----------------------

----------------------
TP267 not allocated
----------------------

----------------------
TP268 not allocated
----------------------

----------------------
TP269 not allocated
----------------------

----------------------
TP270 not allocated
----------------------

----------------------
TP271 not allocated
----------------------

----------------------
TP272 not allocated
----------------------

----------------------
TP273 not allocated
----------------------

----------------------
TP274 allocated to 30
----------------------

----------------------
TP275 allocated to 3
----------------------

----------------------
TP276 allocated to 29
----------------------

----------------------
TP277 not allocated
----------------------

----------------------
TP278 allocated to 21
----------------------

----------------------
TP279 allocated to 12
----------------------

----------------------
TP280 allocated to 3
----------------------

----------------------
TP281 not allocated
----------------------

----------------------
TP282 allocated to 11
----------------------

----------------------
TP283 not allocated
----------------------

----------------------
TP284 not allocated
----------------------

----------------------
TP285 not allocated
----------------------

----------------------
TP286 not allocated
----------------------

----------------------
TP287 allocated to 30
----------------------

----------------------
TP288 not allocated
----------------------

----------------------
TP289 allocated to 30
----------------------

----------------------
TP290 allocated to 21
----------------------

----------------------
TP291 not allocated
----------------------

----------------------
TP292 not allocated
----------------------

----------------------
TP293 not allocated
----------------------

----------------------
TP294 not allocated
----------------------

----------------------
TP295 not allocated
----------------------

----------------------
TP296 not allocated
----------------------

----------------------
TP297 allocated to 12
----------------------

----------------------
TP298 not allocated
----------------------

----------------------
TP299 not allocated
----------------------

----------------------
TP300 not allocated
----------------------

----------------------
TP301 allocated to 30
----------------------

----------------------
TP302 not allocated
----------------------

----------------------
TP303 not allocated
----------------------

----------------------
TP304 not allocated
----------------------

----------------------
TP305 not allocated
----------------------

----------------------
TP306 not allocated
----------------------

----------------------
TP307 not allocated
----------------------

----------------------
TP308 not allocated
----------------------

----------------------
TP309 not allocated
----------------------

----------------------
TP310 not allocated
----------------------

----------------------
TP311 not allocated
----------------------

----------------------
TP312 not allocated
----------------------

----------------------
TP313 not allocated
----------------------

----------------------
TP314 not allocated
----------------------

----------------------
TP315 not allocated
----------------------

----------------------
TP316 not allocated
----------------------

----------------------
TP317 not allocated
----------------------

----------------------
TP318 not allocated
----------------------

----------------------
TP319 allocated to 3
----------------------

----------------------
TP320 not allocated
----------------------

----------------------
TP321 not allocated
----------------------

----------------------
TP322 not allocated
----------------------

----------------------
TP323 not allocated
----------------------

----------------------
TP324 not allocated
----------------------

----------------------
TP325 not allocated
----------------------

----------------------
TP326 not allocated
----------------------

----------------------
TP327 not allocated
----------------------

----------------------
TP328 not allocated
----------------------

----------------------
TP329 allocated to 20
----------------------

----------------------
TP330 not allocated
----------------------

----------------------
TP331 not allocated
----------------------

----------------------
TP332 not allocated
----------------------

----------------------
TP333 not allocated
----------------------

----------------------
TP334 not allocated
----------------------

----------------------
TP335 not allocated
----------------------

----------------------
TP336 not allocated
----------------------

----------------------
TP337 allocated to 10
----------------------

----------------------
TP338 not allocated
----------------------

----------------------
TP339 not allocated
----------------------

----------------------
TP340 not allocated
----------------------

----------------------
TP341 not allocated
----------------------

----------------------
TP342 not allocated
----------------------

----------------------
TP343 not allocated
----------------------

----------------------
TP344 not allocated
----------------------

----------------------
TP345 not allocated
----------------------

----------------------
TP346 allocated to 0
----------------------

----------------------
TP347 not allocated
----------------------

----------------------
TP348 not allocated
----------------------

----------------------
TP349 not allocated
----------------------

----------------------
TP350 allocated to 13
----------------------

----------------------
TP351 not allocated
----------------------

----------------------
TP352 not allocated
----------------------

----------------------
TP353 not allocated
----------------------

----------------------
TP354 not allocated
----------------------

----------------------
TP355 not allocated
----------------------

----------------------
TP356 not allocated
----------------------

----------------------
TP357 not allocated
----------------------

----------------------
TP358 not allocated
----------------------

----------------------
TP359 allocated to 13
----------------------

----------------------
TP360 allocated to 22
----------------------

----------------------
TP361 allocated to 4
----------------------

----------------------
TP362 not allocated
----------------------

----------------------
TP363 not allocated
----------------------

----------------------
TP364 not allocated
----------------------

----------------------
TP365 allocated to 13
----------------------

----------------------
TP366 not allocated
----------------------

----------------------
TP367 not allocated
----------------------

----------------------
TP368 not allocated
----------------------

----------------------
TP369 not allocated
----------------------

----------------------
TP370 not allocated
----------------------

----------------------
TP371 allocated to 4
----------------------

----------------------
TP372 not allocated
----------------------

----------------------
TP373 not allocated
----------------------

----------------------
TP374 not allocated
----------------------

----------------------
TP375 not allocated
----------------------

----------------------
TP376 allocated to 22
----------------------

----------------------
TP377 allocated to 31
----------------------

----------------------
TP378 allocated to 4
----------------------

----------------------
TP379 not allocated
----------------------

----------------------
TP380 not allocated
----------------------

----------------------
TP381 allocated to 13
----------------------

----------------------
TP382 allocated to 19
----------------------

----------------------
TP383 not allocated
----------------------

----------------------
TP384 not allocated
----------------------

----------------------
TP385 not allocated
----------------------

----------------------
TP386 not allocated
----------------------

----------------------
TP387 not allocated
----------------------

----------------------
TP388 not allocated
----------------------

----------------------
TP389 not allocated
----------------------

----------------------
TP390 not allocated
----------------------

----------------------
TP391 allocated to 29
----------------------

----------------------
TP392 not allocated
----------------------

----------------------
TP393 not allocated
----------------------

----------------------
TP394 allocated to 13
----------------------

----------------------
TP395 not allocated
----------------------

----------------------
TP396 not allocated
----------------------

----------------------
TP397 allocated to 30
----------------------

----------------------
TP398 not allocated
----------------------

----------------------
TP399 not allocated
----------------------

----------------------
TP400 not allocated
----------------------

----------------------
TP401 not allocated
----------------------

----------------------
TP402 allocated to 31
----------------------

----------------------
TP403 not allocated
----------------------

----------------------
TP404 not allocated
----------------------

----------------------
TP405 not allocated
----------------------

----------------------
TP406 not allocated
----------------------

----------------------
TP407 not allocated
----------------------

----------------------
TP408 allocated to 22
----------------------

----------------------
TP409 not allocated
----------------------

----------------------
TP410 not allocated
----------------------

----------------------
TP411 not allocated
----------------------

----------------------
TP412 not allocated
----------------------

----------------------
TP413 not allocated
----------------------

----------------------
TP414 not allocated
----------------------

----------------------
TP415 allocated to 4
----------------------

----------------------
TP416 not allocated
----------------------

----------------------
TP417 not allocated
----------------------

----------------------
TP418 not allocated
----------------------

----------------------
TP419 allocated to 4
----------------------

----------------------
TP420 not allocated
----------------------

----------------------
TP421 not allocated
----------------------

----------------------
TP422 not allocated
----------------------

----------------------
TP423 not allocated
----------------------

----------------------
TP424 not allocated
----------------------

----------------------
TP425 not allocated
----------------------

----------------------
TP426 not allocated
----------------------

----------------------
TP427 not allocated
----------------------

----------------------
TP428 not allocated
----------------------

----------------------
TP429 not allocated
----------------------

----------------------
TP430 not allocated
----------------------

----------------------
TP431 not allocated
----------------------

----------------------
TP432 not allocated
----------------------

----------------------
TP433 not allocated
----------------------

----------------------
TP434 allocated to 4
----------------------

----------------------
TP435 allocated to 31
----------------------

----------------------
TP436 not allocated
----------------------

----------------------
TP437 not allocated
----------------------

----------------------
TP438 not allocated
----------------------

----------------------
TP439 not allocated
----------------------

----------------------
TP440 not allocated
----------------------

----------------------
TP441 not allocated
----------------------

----------------------
TP442 not allocated
----------------------

----------------------
TP443 not allocated
----------------------

----------------------
TP444 allocated to 31
----------------------

----------------------
TP445 not allocated
----------------------

----------------------
TP446 not allocated
----------------------

----------------------
TP447 not allocated
----------------------

----------------------
TP448 not allocated
----------------------

----------------------
TP449 not allocated
----------------------

----------------------
TP450 not allocated
----------------------

----------------------
TP451 not allocated
----------------------

----------------------
TP452 not allocated
----------------------

----------------------
TP453 allocated to 22
----------------------

----------------------
TP454 allocated to 4
----------------------

----------------------
TP455 not allocated
----------------------

----------------------
TP456 not allocated
----------------------

----------------------
TP457 not allocated
----------------------

----------------------
TP458 not allocated
----------------------

----------------------
TP459 not allocated
----------------------

----------------------
TP460 not allocated
----------------------

----------------------
TP461 not allocated
----------------------

----------------------
TP462 not allocated
----------------------

----------------------
TP463 not allocated
----------------------

----------------------
TP464 not allocated
----------------------

----------------------
TP465 not allocated
----------------------

----------------------
TP466 not allocated
----------------------

----------------------
TP467 allocated to 1
----------------------

----------------------
TP468 allocated to 14
----------------------

----------------------
TP469 not allocated
----------------------

----------------------
TP470 allocated to 5
----------------------

----------------------
TP471 not allocated
----------------------

----------------------
TP472 not allocated
----------------------

----------------------
TP473 allocated to 13
----------------------

----------------------
TP474 not allocated
----------------------

----------------------
TP475 not allocated
----------------------

----------------------
TP476 not allocated
----------------------

----------------------
TP477 allocated to 5
----------------------

----------------------
TP478 not allocated
----------------------

----------------------
TP479 allocated to 23
----------------------

----------------------
TP480 allocated to 14
----------------------

----------------------
TP481 not allocated
----------------------

----------------------
TP482 allocated to 21
----------------------

----------------------
TP483 not allocated
----------------------

----------------------
TP484 not allocated
----------------------

----------------------
TP485 not allocated
----------------------

----------------------
TP486 allocated to 5
----------------------

----------------------
TP487 not allocated
----------------------

----------------------
TP488 allocated to 23
----------------------

----------------------
TP489 allocated to 32
----------------------

----------------------
TP490 not allocated
----------------------

----------------------
TP491 allocated to 22
----------------------

----------------------
TP492 not allocated
----------------------

----------------------
TP493 allocated to 18
----------------------

----------------------
TP494 not allocated
----------------------

----------------------
TP495 allocated to 5
----------------------

----------------------
TP496 allocated to 5
----------------------

----------------------
TP497 allocated to 14
----------------------

----------------------
TP498 not allocated
----------------------

----------------------
TP499 not allocated
----------------------

----------------------
TP500 not allocated
----------------------

----------------------
TP501 allocated to 32
----------------------

----------------------
TP502 not allocated
----------------------

----------------------
TP503 not allocated
----------------------

----------------------
TP504 not allocated
----------------------

----------------------
TP505 not allocated
----------------------

----------------------
TP506 not allocated
----------------------

----------------------
TP507 allocated to 23
----------------------

----------------------
TP508 not allocated
----------------------

----------------------
TP509 not allocated
----------------------

----------------------
TP510 not allocated
----------------------

----------------------
TP511 allocated to 32
----------------------

----------------------
TP512 not allocated
----------------------

----------------------
TP513 allocated to 23
----------------------

----------------------
TP514 not allocated
----------------------

----------------------
TP515 not allocated
----------------------

----------------------
TP516 allocated to 14
----------------------

----------------------
TP517 allocated to 23
----------------------

----------------------
TP518 allocated to 5
----------------------

----------------------
TP519 not allocated
----------------------

----------------------
TP520 not allocated
----------------------

----------------------
TP521 not allocated
----------------------

----------------------
TP522 not allocated
----------------------

----------------------
TP523 not allocated
----------------------

----------------------
TP524 not allocated
----------------------

----------------------
TP525 not allocated
----------------------

----------------------
TP526 not allocated
----------------------

----------------------
TP527 not allocated
----------------------

----------------------
TP528 not allocated
----------------------

----------------------
TP529 not allocated
----------------------

----------------------
TP530 allocated to 5
----------------------

----------------------
TP531 not allocated
----------------------

----------------------
TP532 not allocated
----------------------

----------------------
TP533 not allocated
----------------------

----------------------
TP534 not allocated
----------------------

----------------------
TP535 not allocated
----------------------

----------------------
TP536 not allocated
----------------------

----------------------
TP537 not allocated
----------------------

----------------------
TP538 not allocated
----------------------

----------------------
TP539 not allocated
----------------------

----------------------
TP540 not allocated
----------------------

----------------------
TP541 not allocated
----------------------

----------------------
TP542 allocated to 23
----------------------

----------------------
TP543 not allocated
----------------------

----------------------
TP544 not allocated
----------------------

----------------------
TP545 not allocated
----------------------

----------------------
TP546 not allocated
----------------------

----------------------
TP547 not allocated
----------------------

----------------------
TP548 not allocated
----------------------

----------------------
TP549 not allocated
----------------------

----------------------
TP550 not allocated
----------------------

----------------------
TP551 allocated to 14
----------------------

----------------------
TP552 not allocated
----------------------

----------------------
TP553 not allocated
----------------------

----------------------
TP554 not allocated
----------------------

----------------------
TP555 not allocated
----------------------

----------------------
TP556 not allocated
----------------------

----------------------
TP557 not allocated
----------------------

----------------------
TP558 not allocated
----------------------

----------------------
TP559 not allocated
----------------------

----------------------
TP560 not allocated
----------------------

----------------------
TP561 not allocated
----------------------

----------------------
TP562 not allocated
----------------------

----------------------
TP563 not allocated
----------------------

----------------------
TP564 not allocated
----------------------

----------------------
TP565 not allocated
----------------------

----------------------
TP566 not allocated
----------------------

----------------------
TP567 not allocated
----------------------

----------------------
TP568 not allocated
----------------------

----------------------
TP569 not allocated
----------------------

----------------------
TP570 not allocated
----------------------

----------------------
TP571 not allocated
----------------------

----------------------
TP572 not allocated
----------------------

----------------------
TP573 not allocated
----------------------

----------------------
TP574 not allocated
----------------------

----------------------
TP575 not allocated
----------------------

----------------------
TP576 not allocated
----------------------

----------------------
TP577 not allocated
----------------------

----------------------
TP578 allocated to 15
----------------------

----------------------
TP579 allocated to 3
----------------------

----------------------
TP580 not allocated
----------------------

----------------------
TP581 not allocated
----------------------

----------------------
TP582 not allocated
----------------------

----------------------
TP583 not allocated
----------------------

----------------------
TP584 not allocated
----------------------

----------------------
TP585 allocated to 24
----------------------

----------------------
TP586 not allocated
----------------------

----------------------
TP587 not allocated
----------------------

----------------------
TP588 not allocated
----------------------

----------------------
TP589 allocated to 15
----------------------

----------------------
TP590 not allocated
----------------------

----------------------
TP591 not allocated
----------------------

----------------------
TP592 not allocated
----------------------

----------------------
TP593 not allocated
----------------------

----------------------
TP594 not allocated
----------------------

----------------------
TP595 not allocated
----------------------

----------------------
TP596 allocated to 33
----------------------

----------------------
TP597 not allocated
----------------------

----------------------
TP598 not allocated
----------------------

----------------------
TP599 allocated to 5
----------------------

----------------------
TP600 not allocated
----------------------

----------------------
TP601 allocated to 15
----------------------

----------------------
TP602 not allocated
----------------------

----------------------
TP603 allocated to 5
----------------------

----------------------
TP604 not allocated
----------------------

----------------------
TP605 allocated to 24
----------------------

----------------------
TP606 not allocated
----------------------

----------------------
TP607 not allocated
----------------------

----------------------
TP608 allocated to 6
----------------------

----------------------
TP609 allocated to 33
----------------------

----------------------
TP610 allocated to 6
----------------------

----------------------
TP611 not allocated
----------------------

----------------------
TP612 not allocated
----------------------

----------------------
TP613 not allocated
----------------------

----------------------
TP614 not allocated
----------------------

----------------------
TP615 not allocated
----------------------

----------------------
TP616 not allocated
----------------------

----------------------
TP617 not allocated
----------------------

----------------------
TP618 allocated to 33
----------------------

----------------------
TP619 allocated to 15
----------------------

----------------------
TP620 not allocated
----------------------

----------------------
TP621 not allocated
----------------------

----------------------
TP622 allocated to 24
----------------------

----------------------
TP623 not allocated
----------------------

----------------------
TP624 not allocated
----------------------

----------------------
TP625 allocated to 19
----------------------

----------------------
TP626 allocated to 6
----------------------

----------------------
TP627 not allocated
----------------------

----------------------
TP628 not allocated
----------------------

----------------------
TP629 not allocated
----------------------

----------------------
TP630 not allocated
----------------------

----------------------
TP631 not allocated
----------------------

----------------------
TP632 allocated to 6
----------------------

----------------------
TP633 not allocated
----------------------

----------------------
TP634 not allocated
----------------------

----------------------
TP635 not allocated
----------------------

----------------------
TP636 not allocated
----------------------

----------------------
TP637 not allocated
----------------------

----------------------
TP638 allocated to 32
----------------------

----------------------
TP639 not allocated
----------------------

----------------------
TP640 not allocated
----------------------

----------------------
TP641 not allocated
----------------------

----------------------
TP642 not allocated
----------------------

----------------------
TP643 not allocated
----------------------

----------------------
TP644 not allocated
----------------------

----------------------
TP645 not allocated
----------------------

----------------------
TP646 allocated to 2
----------------------

----------------------
TP647 not allocated
----------------------

----------------------
TP648 not allocated
----------------------

----------------------
TP649 not allocated
----------------------

----------------------
TP650 not allocated
----------------------

----------------------
TP651 not allocated
----------------------

----------------------
TP652 not allocated
----------------------

----------------------
TP653 not allocated
----------------------

----------------------
TP654 not allocated
----------------------

----------------------
TP655 allocated to 24
----------------------

----------------------
TP656 not allocated
----------------------

----------------------
TP657 not allocated
----------------------

----------------------
TP658 not allocated
----------------------

----------------------
TP659 not allocated
----------------------

----------------------
TP660 not allocated
----------------------

----------------------
TP661 not allocated
----------------------

----------------------
TP662 not allocated
----------------------

----------------------
TP663 not allocated
----------------------

----------------------
TP664 not allocated
----------------------

----------------------
TP665 not allocated
----------------------

----------------------
TP666 not allocated
----------------------

----------------------
TP667 not allocated
----------------------

----------------------
TP668 allocated to 5
----------------------

----------------------
TP669 allocated to 22
----------------------

----------------------
TP670 not allocated
----------------------

----------------------
TP671 not allocated
----------------------

----------------------
TP672 not allocated
----------------------

----------------------
TP673 not allocated
----------------------

----------------------
TP674 not allocated
----------------------

----------------------
TP675 allocated to 6
----------------------

----------------------
TP676 not allocated
----------------------

----------------------
TP677 not allocated
----------------------

----------------------
TP678 not allocated
----------------------

----------------------
TP679 not allocated
----------------------

----------------------
TP680 not allocated
----------------------

----------------------
TP681 not allocated
----------------------

----------------------
TP682 not allocated
----------------------

----------------------
TP683 not allocated
----------------------

----------------------
TP684 not allocated
----------------------

----------------------
TP685 not allocated
----------------------

----------------------
TP686 not allocated
----------------------

----------------------
TP687 not allocated
----------------------

----------------------
TP688 allocated to 7
----------------------

----------------------
TP689 not allocated
----------------------

----------------------
TP690 allocated to 32
----------------------

----------------------
TP691 not allocated
----------------------

----------------------
TP692 not allocated
----------------------

----------------------
TP693 not allocated
----------------------

----------------------
TP694 not allocated
----------------------

----------------------
TP695 not allocated
----------------------

----------------------
TP696 allocated to 25
----------------------

----------------------
TP697 not allocated
----------------------

----------------------
TP698 not allocated
----------------------

----------------------
TP699 not allocated
----------------------

----------------------
TP700 not allocated
----------------------

----------------------
TP701 allocated to 7
----------------------

----------------------
TP702 not allocated
----------------------

----------------------
TP703 allocated to 34
----------------------

----------------------
TP704 not allocated
----------------------

----------------------
TP705 not allocated
----------------------

----------------------
TP706 not allocated
----------------------

----------------------
TP707 allocated to 34
----------------------

----------------------
TP708 not allocated
----------------------

----------------------
TP709 allocated to 16
----------------------

----------------------
TP710 not allocated
----------------------

----------------------
TP711 not allocated
----------------------

----------------------
TP712 not allocated
----------------------

----------------------
TP713 not allocated
----------------------

----------------------
TP714 allocated to 7
----------------------

----------------------
TP715 allocated to 16
----------------------

----------------------
TP716 not allocated
----------------------

----------------------
TP717 not allocated
----------------------

----------------------
TP718 allocated to 34
----------------------

----------------------
TP719 not allocated
----------------------

----------------------
TP720 not allocated
----------------------

----------------------
TP721 not allocated
----------------------

----------------------
TP722 allocated to 16
----------------------

----------------------
TP723 not allocated
----------------------

----------------------
TP724 not allocated
----------------------

----------------------
TP725 allocated to 7
----------------------

----------------------
TP726 not allocated
----------------------

----------------------
TP727 not allocated
----------------------

----------------------
TP728 allocated to 25
----------------------

----------------------
TP729 not allocated
----------------------

----------------------
TP730 not allocated
----------------------

----------------------
TP731 not allocated
----------------------

----------------------
TP732 not allocated
----------------------

----------------------
TP733 not allocated
----------------------

----------------------
TP734 not allocated
----------------------

----------------------
TP735 not allocated
----------------------

----------------------
TP736 not allocated
----------------------

----------------------
TP737 not allocated
----------------------

----------------------
TP738 not allocated
----------------------

----------------------
TP739 not allocated
----------------------

----------------------
TP740 not allocated
----------------------

----------------------
TP741 not allocated
----------------------

----------------------
TP742 allocated to 16
----------------------

----------------------
TP743 not allocated
----------------------

----------------------
TP744 not allocated
----------------------

----------------------
TP745 not allocated
----------------------

----------------------
TP746 not allocated
----------------------

----------------------
TP747 not allocated
----------------------

----------------------
TP748 not allocated
----------------------

----------------------
TP749 not allocated
----------------------

----------------------
TP750 allocated to 25
----------------------

----------------------
TP751 not allocated
----------------------

----------------------
TP752 not allocated
----------------------

----------------------
TP753 allocated to 16
----------------------

----------------------
TP754 not allocated
----------------------

----------------------
TP755 not allocated
----------------------

----------------------
TP756 allocated to 25
----------------------

----------------------
TP757 allocated to 25
----------------------

----------------------
TP758 not allocated
----------------------

----------------------
TP759 not allocated
----------------------

----------------------
TP760 allocated to 7
----------------------

----------------------
TP761 not allocated
----------------------

----------------------
TP762 allocated to 33
----------------------

----------------------
TP763 not allocated
----------------------

----------------------
TP764 not allocated
----------------------

----------------------
TP765 allocated to 7
----------------------

----------------------
TP766 allocated to 15
----------------------

----------------------
TP767 allocated to 25
----------------------

----------------------
TP768 not allocated
----------------------

----------------------
TP769 allocated to 33
----------------------

----------------------
TP770 not allocated
----------------------

----------------------
TP771 not allocated
----------------------

----------------------
TP772 not allocated
----------------------

----------------------
TP773 not allocated
----------------------

----------------------
TP774 allocated to 34
----------------------

----------------------
TP775 not allocated
----------------------

----------------------
TP776 allocated to 16
----------------------

----------------------
TP777 allocated to 34
----------------------

----------------------
TP778 not allocated
----------------------

----------------------
TP779 not allocated
----------------------

----------------------
TP780 not allocated
----------------------

----------------------
TP781 not allocated
----------------------

----------------------
TP782 allocated to 7
----------------------

----------------------
TP783 not allocated
----------------------

----------------------
TP784 not allocated
----------------------

----------------------
TP785 not allocated
----------------------

----------------------
TP786 not allocated
----------------------

----------------------
TP787 not allocated
----------------------

----------------------
TP788 allocated to 13
----------------------

----------------------
TP789 not allocated
----------------------

----------------------
TP790 not allocated
----------------------

----------------------
TP791 not allocated
----------------------

----------------------
TP792 not allocated
----------------------

----------------------
TP793 not allocated
----------------------

----------------------
TP794 not allocated
----------------------

----------------------
TP795 not allocated
----------------------

----------------------
TP796 not allocated
----------------------

----------------------
TP797 not allocated
----------------------

----------------------
TP798 not allocated
----------------------

----------------------
TP799 not allocated
----------------------

----------------------
TP800 allocated to 7
----------------------

----------------------
TP801 not allocated
----------------------

----------------------
TP802 not allocated
----------------------

----------------------
TP803 not allocated
----------------------

----------------------
TP804 not allocated
----------------------

----------------------
TP805 not allocated
----------------------

----------------------
TP806 not allocated
----------------------

----------------------
TP807 not allocated
----------------------

----------------------
TP808 not allocated
----------------------

----------------------
TP809 not allocated
----------------------

----------------------
TP810 not allocated
----------------------

----------------------
TP811 not allocated
----------------------

----------------------
TP812 not allocated
----------------------

----------------------
TP813 allocated to 35
----------------------

----------------------
TP814 not allocated
----------------------

----------------------
TP815 allocated to 34
----------------------

----------------------
TP816 not allocated
----------------------

----------------------
TP817 allocated to 25
----------------------

----------------------
TP818 not allocated
----------------------

----------------------
TP819 not allocated
----------------------

----------------------
TP820 not allocated
----------------------

----------------------
TP821 not allocated
----------------------

----------------------
TP822 not allocated
----------------------

----------------------
TP823 not allocated
----------------------

----------------------
TP824 not allocated
----------------------

----------------------
TP825 not allocated
----------------------

----------------------
TP826 not allocated
----------------------

----------------------
TP827 not allocated
----------------------

----------------------
TP828 not allocated
----------------------

----------------------
TP829 not allocated
----------------------

----------------------
TP830 not allocated
----------------------

----------------------
TP831 not allocated
----------------------

----------------------
TP832 not allocated
----------------------

----------------------
TP833 allocated to 34
----------------------

----------------------
TP834 not allocated
----------------------

----------------------
TP835 not allocated
----------------------

----------------------
TP836 not allocated
----------------------

----------------------
TP837 not allocated
----------------------

----------------------
TP838 not allocated
----------------------

----------------------
TP839 not allocated
----------------------

----------------------
TP840 not allocated
----------------------

----------------------
TP841 not allocated
----------------------

----------------------
TP842 not allocated
----------------------

----------------------
TP843 not allocated
----------------------

----------------------
TP844 not allocated
----------------------

----------------------
TP845 not allocated
----------------------

----------------------
TP846 allocated to 9
----------------------

----------------------
TP847 not allocated
----------------------

----------------------
TP848 not allocated
----------------------

----------------------
TP849 not allocated
----------------------

----------------------
TP850 not allocated
----------------------

----------------------
TP851 not allocated
----------------------

----------------------
TP852 not allocated
----------------------

----------------------
TP853 not allocated
----------------------

----------------------
TP854 not allocated
----------------------

----------------------
TP855 not allocated
----------------------

----------------------
TP856 not allocated
----------------------

----------------------
TP857 not allocated
----------------------

----------------------
TP858 not allocated
----------------------

----------------------
TP859 not allocated
----------------------

----------------------
TP860 not allocated
----------------------

----------------------
TP861 not allocated
----------------------

----------------------
TP862 not allocated
----------------------

----------------------
TP863 not allocated
----------------------

----------------------
TP864 not allocated
----------------------

----------------------
TP865 not allocated
----------------------

----------------------
TP866 not allocated
----------------------

----------------------
TP867 not allocated
----------------------

----------------------
TP868 not allocated
----------------------

----------------------
TP869 not allocated
----------------------

----------------------
TP870 not allocated
----------------------

----------------------
TP871 not allocated
----------------------

----------------------
TP872 not allocated
----------------------

----------------------
TP873 not allocated
----------------------

----------------------
TP874 not allocated
----------------------

----------------------
TP875 not allocated
----------------------

----------------------
TP876 not allocated
----------------------

----------------------
TP877 not allocated
----------------------

----------------------
TP878 not allocated
----------------------

----------------------
TP879 not allocated
----------------------

----------------------
TP880 not allocated
----------------------

----------------------
TP881 not allocated
----------------------

----------------------
TP882 not allocated
----------------------

----------------------
TP883 not allocated
----------------------

----------------------
TP884 not allocated
----------------------

----------------------
TP885 not allocated
----------------------

----------------------
TP886 not allocated
----------------------

----------------------
TP887 not allocated
----------------------

----------------------
TP888 not allocated
----------------------

----------------------
TP889 not allocated
----------------------

----------------------
TP890 not allocated
----------------------

----------------------
TP891 not allocated
----------------------

----------------------
TP892 not allocated
----------------------

----------------------
TP893 not allocated
----------------------

----------------------
TP894 not allocated
----------------------

----------------------
TP895 not allocated
----------------------

----------------------
TP896 not allocated
----------------------

----------------------
TP897 not allocated
----------------------

----------------------
TP898 not allocated
----------------------

----------------------
TP899 not allocated
----------------------

----------------------
TP900 not allocated
----------------------

----------------------
TP901 not allocated
----------------------

----------------------
TP902 not allocated
----------------------

----------------------
TP903 not allocated
----------------------

----------------------
TP904 not allocated
----------------------

----------------------
TP905 not allocated
----------------------

----------------------
TP906 not allocated
----------------------

----------------------
TP907 not allocated
----------------------

----------------------
TP908 allocated to 8
----------------------

----------------------
TP909 not allocated
----------------------

----------------------
TP910 not allocated
----------------------

----------------------
TP911 not allocated
----------------------

----------------------
TP912 not allocated
----------------------

----------------------
TP913 not allocated
----------------------

----------------------
TP914 not allocated
----------------------

----------------------
TP915 not allocated
----------------------

----------------------
TP916 not allocated
----------------------

----------------------
TP917 not allocated
----------------------

----------------------
TP918 not allocated
----------------------

----------------------
TP919 not allocated
----------------------

----------------------
TP920 not allocated
----------------------

----------------------
TP921 not allocated
----------------------

----------------------
TP922 not allocated
----------------------

----------------------
TP923 not allocated
----------------------

----------------------
TP924 not allocated
----------------------

----------------------
TP925 not allocated
----------------------

----------------------
TP926 not allocated
----------------------

----------------------
TP927 not allocated
----------------------

----------------------
TP928 not allocated
----------------------

----------------------
TP929 not allocated
----------------------

----------------------
TP930 not allocated
----------------------

----------------------
TP931 not allocated
----------------------

----------------------
TP932 not allocated
----------------------

----------------------
TP933 not allocated
----------------------

----------------------
TP934 not allocated
----------------------

----------------------
TP935 not allocated
----------------------

----------------------
TP936 not allocated
----------------------

----------------------
TP937 not allocated
----------------------

----------------------
TP938 not allocated
----------------------

----------------------
TP939 not allocated
----------------------

----------------------
TP940 not allocated
----------------------

----------------------
TP941 not allocated
----------------------

----------------------
TP942 not allocated
----------------------

----------------------
TP943 not allocated
----------------------

----------------------
TP944 not allocated
----------------------

----------------------
TP945 not allocated
----------------------

----------------------
TP946 not allocated
----------------------

----------------------
TP947 not allocated
----------------------

----------------------
TP948 not allocated
----------------------

----------------------
TP949 not allocated
----------------------

----------------------
TP950 not allocated
----------------------

----------------------
TP951 allocated to 23
----------------------

----------------------
TP952 not allocated
----------------------

----------------------
TP953 not allocated
----------------------

----------------------
TP954 not allocated
----------------------

----------------------
TP955 not allocated
----------------------

----------------------
TP956 not allocated
----------------------

----------------------
TP957 allocated to 34
----------------------

----------------------
TP958 not allocated
----------------------

----------------------
TP959 not allocated
----------------------

----------------------
TP960 not allocated
----------------------

----------------------
TP961 not allocated
----------------------

----------------------
TP962 not allocated
----------------------

----------------------
TP963 not allocated
----------------------

----------------------
TP964 not allocated
----------------------

----------------------
TP965 not allocated
----------------------

----------------------
TP966 not allocated
----------------------

----------------------
TP967 not allocated
----------------------

----------------------
TP968 not allocated
----------------------

----------------------
TP969 not allocated
----------------------

----------------------
TP970 not allocated
----------------------

----------------------
TP971 not allocated
----------------------

----------------------
TP972 not allocated
----------------------

----------------------
TP973 not allocated
----------------------

----------------------
TP974 not allocated
----------------------

----------------------
TP975 not allocated
----------------------

----------------------
TP976 not allocated
----------------------

----------------------
TP977 not allocated
----------------------

----------------------
TP978 not allocated
----------------------

----------------------
TP979 not allocated
----------------------

----------------------
TP980 not allocated
----------------------

----------------------
TP981 not allocated
----------------------

----------------------
TP982 not allocated
----------------------

----------------------
TP983 not allocated
----------------------

----------------------
TP984 not allocated
----------------------

----------------------
TP985 not allocated
----------------------

----------------------
TP986 not allocated
----------------------

----------------------
TP987 not allocated
----------------------

----------------------
TP988 not allocated
----------------------

----------------------
TP989 not allocated
----------------------

----------------------
TP990 not allocated
----------------------

----------------------
TP991 not allocated
----------------------

----------------------
TP992 not allocated
----------------------

----------------------
TP993 not allocated
----------------------

----------------------
TP994 not allocated
----------------------

----------------------
TP995 not allocated
----------------------

----------------------
TP996 not allocated
----------------------

----------------------
TP997 not allocated
----------------------

----------------------
TP998 not allocated
----------------------

----------------------
TP999 not allocated
----------------------

----------------------
TP1000 not allocated
----------------------
