-------------------------------------------------------------------------
TPs satisfied = 99; Total TPs = 300; Percentage Satisfied + 33.0%
-------------------------------------------------------------------------

-------------------------------------------------------------------------

EVs

-------------------------------------------------------------------------
--------------------------------------
EV0
--------------------------------------
Num TPs served = 6
TPs served = 5 51 69 134 154 193
Total energy used = 94
--------------------------------------
Schedule:
0 9 56 34 56 34 0 0 100 100 0 9 0
9 27 56 34 68 40 0 1 100 82 5 4 18
27 33 68 40 70 44 1 0 82 76 -5 4 6
33 87 70 44 70 44 0 0 76 76 0 54 0
87 97 70 44 70 34 0 1 76 66 51 11 10
97 99 70 34 70 34 1 1 66 66 0 2 0
99 107 70 34 78 34 1 0 66 58 -51 11 8
107 121 78 34 78 34 0 0 58 58 0 14 0
121 130 78 34 77 42 0 1 58 49 69 11 9
130 133 77 42 79 43 1 0 49 46 -69 11 3
133 230 79 43 79 43 0 0 46 46 0 97 0
230 247 79 43 66 39 0 1 46 29 134 5 17
247 248 66 39 66 40 1 0 29 28 -134 5 1
248 271 66 40 66 40 0 0 28 28 0 23 0
271 277 66 40 65 35 0 1 28 22 154 11 6
277 278 65 35 65 35 1 1 22 22 0 1 0
278 281 65 35 68 35 1 0 22 19 -154 11 3
281 348 68 35 68 35 0 0 19 19 0 67 0
348 353 68 35 64 34 0 1 19 14 193 11 5
353 354 64 34 64 34 1 1 14 14 0 1 0
354 354 64 34 64 34 1 0 14 14 -193 11 0
354 569 64 34 64 34 0 0 14 14 0 215 0
569 577 64 34 56 34 0 0 14 6 1000000000 0 8
--------------------------------------
--------------------------------------
EV1
--------------------------------------
Num TPs served = 7
TPs served = 2 21 36 45 52 179 231
Total energy used = 100
--------------------------------------
Schedule:
0 5 83 77 83 77 0 0 100 100 0 5 0
5 22 83 77 75 86 0 1 100 83 2 5 17
22 25 75 86 77 87 1 0 83 80 -2 7 3
25 31 77 87 77 87 0 0 80 80 0 6 0
31 43 77 87 70 82 0 1 80 68 21 10 12
43 45 70 82 72 82 1 0 68 66 -21 10 2
45 57 72 82 72 82 0 0 66 66 0 12 0
57 74 72 82 65 92 0 1 66 49 36 5 17
74 74 65 92 65 92 1 0 49 49 -36 7 0
74 78 65 92 65 92 0 0 49 49 0 4 0
78 90 65 92 68 83 0 1 49 37 45 10 12
90 92 68 83 70 83 1 0 37 35 -45 10 2
92 104 70 83 65 76 0 1 35 23 52 5 12
104 105 65 76 66 76 1 0 23 22 -52 5 1
105 312 66 76 66 76 0 0 22 22 0 207 0
312 324 66 76 78 76 0 1 22 10 179 10 12
324 327 78 76 78 76 1 1 10 10 0 3 0
327 332 78 76 80 79 1 0 10 5 -179 11 5
332 419 80 79 80 79 0 0 5 5 0 87 0
419 419 80 79 80 79 0 1 5 5 231 11 0
419 422 80 79 83 79 1 0 5 2 -231 11 3
422 575 83 79 83 79 0 0 2 2 0 153 0
575 577 83 79 83 77 0 0 2 0 1000000000 0 2
--------------------------------------
--------------------------------------
EV2
--------------------------------------
Num TPs served = 5
TPs served = 10 30 53 125 286
Total energy used = 100
--------------------------------------
Schedule:
0 14 65 76 65 76 0 0 100 100 0 14 0
14 30 65 76 73 68 0 1 100 84 10 6 16
30 33 73 68 76 68 1 0 84 81 -10 6 3
33 45 76 68 76 68 0 0 81 81 0 12 0
45 67 76 68 62 60 0 1 81 59 30 0 22
67 68 62 60 63 60 1 0 59 58 -30 1 1
68 90 63 60 63 60 0 0 58 58 0 22 0
90 109 63 60 51 53 0 1 58 39 53 3 19
109 110 51 53 52 53 1 0 39 38 -53 3 1
110 211 52 53 52 53 0 0 38 38 0 101 0
211 228 52 53 66 56 0 1 38 21 125 5 17
228 230 66 56 66 58 1 0 21 19 -125 6 2
230 530 66 58 66 58 0 0 19 19 0 300 0
530 539 66 58 65 66 0 1 19 10 286 11 9
539 542 65 66 65 66 1 1 10 10 0 3 0
542 544 65 66 65 68 1 0 10 8 -286 11 2
544 569 65 68 65 68 0 0 8 8 0 25 0
569 577 65 68 65 76 0 0 8 0 1000000000 0 8
--------------------------------------
--------------------------------------
EV3
--------------------------------------
Num TPs served = 7
TPs served = 4 38 46 71 115 132 261
Total energy used = 98
--------------------------------------
Schedule:
0 11 6 28 6 28 0 0 100 100 0 11 0
11 19 6 28 6 36 0 1 100 92 4 11 8
19 21 6 36 6 36 1 1 92 92 0 2 0
21 28 6 36 11 38 1 0 92 85 -4 11 7
28 61 11 38 11 38 0 0 85 85 0 33 0
61 79 11 38 8 53 0 1 85 67 38 4 18
79 81 8 53 10 53 1 0 67 65 -38 4 2
81 101 10 53 1 42 0 1 65 45 46 1 20
101 103 1 42 2 43 1 0 45 43 -46 2 2
103 128 2 43 2 43 0 0 43 43 0 25 0
128 133 2 43 2 38 0 1 43 38 71 11 5
133 134 2 38 2 38 1 1 38 38 0 1 0
134 137 2 38 4 39 1 0 38 35 -71 11 3
137 198 4 39 4 39 0 0 35 35 0 61 0
198 204 4 39 0 37 0 1 35 29 115 11 6
204 205 0 37 1 37 1 0 29 28 -115 11 1
205 230 1 37 1 37 0 0 28 28 0 25 0
230 236 1 37 7 37 0 1 28 22 132 11 6
236 238 7 37 8 38 1 0 22 20 -132 11 2
238 482 8 38 8 38 0 0 20 20 0 244 0
482 497 8 38 3 28 0 1 20 5 261 7 15
497 498 3 28 4 28 1 0 5 4 -261 7 1
498 575 4 28 4 28 0 0 4 4 0 77 0
575 577 4 28 6 28 0 0 4 2 1000000000 0 2
--------------------------------------
--------------------------------------
EV4
--------------------------------------
Num TPs served = 7
TPs served = 7 17 31 47 59 157 190
Total energy used = 92
--------------------------------------
Schedule:
0 11 13 16 13 16 0 0 100 100 0 11 0
11 23 13 16 17 24 0 1 100 88 7 10 12
23 29 17 24 20 27 1 0 88 82 -7 10 6
29 39 20 27 27 24 0 1 82 72 17 5 10
39 42 27 24 27 27 1 0 72 69 -17 6 3
42 56 27 27 27 27 0 0 69 69 0 14 0
56 60 27 27 23 27 0 1 69 65 31 11 4
60 63 23 27 25 28 1 0 65 62 -31 11 3
63 85 25 28 25 28 0 0 62 62 0 22 0
85 92 25 28 19 27 0 1 62 55 47 11 7
92 93 19 27 19 27 1 1 55 55 0 1 0
93 94 19 27 19 28 1 0 55 54 -47 11 1
94 103 19 28 19 28 0 0 54 54 0 9 0
103 123 19 28 7 20 0 1 54 34 59 2 20
123 126 7 20 9 21 1 0 34 31 -59 2 3
126 275 9 21 9 21 0 0 31 31 0 149 0
275 280 9 21 6 19 0 1 31 26 157 11 5
280 281 6 19 6 20 1 0 26 25 -157 11 1
281 330 6 20 6 20 0 0 25 25 0 49 0
330 342 6 20 13 15 0 1 25 13 190 10 12
342 344 13 15 13 15 1 1 13 13 0 2 0
344 346 13 15 15 15 1 0 13 11 -190 11 2
346 574 15 15 15 15 0 0 11 11 0 228 0
574 577 15 15 13 16 0 0 11 8 1000000000 0 3
--------------------------------------
--------------------------------------
EV5
--------------------------------------
Num TPs served = 6
TPs served = 19 33 40 70 89 110
Total energy used = 98
--------------------------------------
Schedule:
0 34 8 95 8 95 0 0 100 100 0 34 0
34 40 8 95 6 91 0 1 100 94 19 11 6
40 43 6 91 6 91 1 1 94 94 0 3 0
43 46 6 91 6 94 1 0 94 91 -19 11 3
46 53 6 94 6 94 0 0 91 91 0 7 0
53 68 6 94 17 98 0 1 91 76 33 7 15
68 73 17 98 17 93 1 0 76 71 -33 7 5
73 82 17 93 21 98 0 1 71 62 40 4 9
82 98 21 98 35 100 1 0 62 46 -40 7 16
98 120 35 100 35 100 0 0 46 46 0 22 0
120 142 35 100 19 94 0 1 46 24 70 0 22
142 143 19 94 20 94 1 0 24 23 -70 0 1
143 149 20 94 20 94 0 0 23 23 0 6 0
149 162 20 94 11 90 0 1 23 10 89 9 13
162 164 11 90 11 92 1 0 10 8 -89 9 2
164 193 11 92 11 92 0 0 8 8 0 29 0
193 196 11 92 11 95 0 1 8 5 110 11 3
196 198 11 95 11 95 1 1 5 5 0 2 0
198 198 11 95 11 95 1 0 5 5 -110 11 0
198 574 11 95 11 95 0 0 5 5 0 376 0
574 577 11 95 8 95 0 0 5 2 1000000000 0 3
--------------------------------------
--------------------------------------
EV6
--------------------------------------
Num TPs served = 6
TPs served = 41 49 60 66 79 88
Total energy used = 98
--------------------------------------
Schedule:
0 69 67 88 67 88 0 0 100 100 0 69 0
69 81 67 88 78 87 0 1 100 88 41 10 12
81 82 78 87 78 88 1 0 88 87 -41 11 1
82 83 78 88 78 88 0 0 87 87 0 1 0
83 95 78 88 82 96 0 1 87 75 49 10 12
95 99 82 96 85 97 1 0 75 71 -49 11 4
99 110 85 97 85 97 0 0 71 71 0 11 0
110 116 85 97 89 99 0 1 71 65 60 11 6
116 118 89 99 89 99 1 1 65 65 0 2 0
118 118 89 99 89 99 1 0 65 65 -60 11 0
118 135 89 99 82 89 0 1 65 48 66 1 17
135 138 82 89 85 89 1 0 48 45 -66 4 3
138 149 85 89 92 85 0 1 45 34 79 8 11
149 158 92 85 84 86 1 0 34 25 -79 10 9
158 165 84 86 78 85 0 1 25 18 88 5 7
165 166 78 85 79 85 1 0 18 17 -88 5 1
166 562 79 85 79 85 0 0 17 17 0 396 0
562 577 79 85 67 88 0 0 17 2 1000000000 0 15
--------------------------------------
--------------------------------------
EV7
--------------------------------------
Num TPs served = 6
TPs served = 9 14 23 61 86 264
Total energy used = 98
--------------------------------------
Schedule:
0 14 38 0 38 0 0 0 100 100 0 14 0
14 24 38 0 34 6 0 1 100 90 9 11 10
24 26 34 6 34 8 1 0 90 88 -9 11 2
26 33 34 8 35 14 0 1 88 81 14 8 7
33 34 35 14 35 15 1 0 81 80 -14 8 1
34 35 35 15 35 15 0 0 80 80 0 1 0
35 57 35 15 23 5 0 1 80 58 23 0 22
57 57 23 5 23 5 1 0 58 58 -23 1 0
57 106 23 5 23 5 0 0 58 58 0 49 0
106 122 23 5 35 9 0 1 58 42 61 6 16
122 129 35 9 41 10 1 0 42 35 -61 9 7
129 147 41 10 41 10 0 0 35 35 0 18 0
147 157 41 10 38 17 0 1 35 25 86 11 10
157 158 38 17 38 17 1 1 25 25 0 1 0
158 158 38 17 38 17 1 0 25 25 -86 11 0
158 491 38 17 38 17 0 0 25 25 0 333 0
491 499 38 17 35 12 0 1 25 17 264 11 8
499 502 35 12 38 12 1 0 17 14 -264 11 3
502 565 38 12 38 12 0 0 14 14 0 63 0
565 577 38 12 38 0 0 0 14 2 1000000000 0 12
--------------------------------------
--------------------------------------
EV8
--------------------------------------
Num TPs served = 6
TPs served = 6 8 27 80 87 109
Total energy used = 98
--------------------------------------
Schedule:
0 10 36 45 36 45 0 0 100 100 0 10 0
10 30 36 45 24 53 0 1 100 80 6 2 20
30 32 24 53 26 53 1 2 80 78 8 2 2
32 33 26 53 26 54 2 1 78 77 -8 3 1
33 36 26 54 24 55 1 0 77 74 -6 0 3
36 41 24 55 24 55 0 0 74 74 0 5 0
41 56 24 55 18 64 0 1 74 59 27 7 15
56 58 18 64 18 66 1 0 59 57 -27 7 2
58 136 18 66 18 66 0 0 57 57 0 78 0
136 151 18 66 11 58 0 1 57 42 80 7 15
151 153 11 58 13 58 1 0 42 40 -80 7 2
153 165 13 58 21 54 0 1 40 28 87 4 12
165 166 21 54 22 54 1 0 28 27 -87 4 1
166 190 22 54 22 54 0 0 27 27 0 24 0
190 195 22 54 26 55 0 1 27 22 109 11 5
195 196 26 55 26 55 1 1 22 22 0 1 0
196 197 26 55 27 55 1 0 22 21 -109 11 1
197 558 27 55 27 55 0 0 21 21 0 361 0
558 577 27 55 36 45 0 0 21 2 1000000000 0 19
--------------------------------------
--------------------------------------
EV9
--------------------------------------
Num TPs served = 7
TPs served = 15 18 48 74 128 159 241
Total energy used = 100
--------------------------------------
Schedule:
0 20 63 44 63 44 0 0 100 100 0 20 0
20 35 63 44 61 31 0 1 100 85 15 7 15
35 35 61 31 61 31 1 0 85 85 -15 9 0
35 45 61 31 52 30 0 1 85 75 18 1 10
45 46 52 30 53 30 1 0 75 74 -18 2 1
46 82 53 30 53 30 0 0 74 74 0 36 0
82 103 53 30 50 48 0 1 74 53 48 1 21
103 104 50 48 50 49 1 0 53 52 -48 6 1
104 127 50 49 50 49 0 0 52 52 0 23 0
127 139 50 49 58 45 0 1 52 40 74 10 12
139 139 58 45 58 45 1 0 40 40 -74 11 0
139 216 58 45 58 45 0 0 40 40 0 77 0
216 225 58 45 66 46 0 1 40 31 128 11 9
225 230 66 46 67 50 1 0 31 26 -128 11 5
230 273 67 50 67 50 0 0 26 26 0 43 0
273 283 67 50 63 56 0 1 26 16 159 11 10
283 284 63 56 63 56 1 1 16 16 0 1 0
284 284 63 56 63 56 1 0 16 16 -159 11 0
284 433 63 56 63 56 0 0 16 16 0 149 0
433 445 63 56 63 44 0 1 16 4 241 10 12
445 447 63 44 63 46 1 0 4 2 -241 10 2
447 575 63 46 63 46 0 0 2 2 0 128 0
575 577 63 46 63 44 0 0 2 0 1000000000 0 2
--------------------------------------
--------------------------------------
EV10
--------------------------------------
Num TPs served = 5
TPs served = 83 96 119 145 222
Total energy used = 98
--------------------------------------
Schedule:
0 141 64 73 64 73 0 0 100 100 0 141 0
141 157 64 73 71 82 0 1 100 84 83 6 16
157 160 71 82 74 82 1 0 84 81 -83 8 3
160 172 74 82 74 94 0 1 81 69 96 10 12
172 178 74 94 77 97 1 0 69 63 -96 10 6
178 199 77 97 77 97 0 0 63 63 0 21 0
199 219 77 97 60 94 0 1 63 43 119 2 20
219 220 60 94 61 94 1 0 43 42 -119 2 1
220 256 61 94 61 94 0 0 42 42 0 36 0
256 261 61 94 62 90 0 1 42 37 145 11 5
261 263 62 90 62 92 1 0 37 35 -145 11 2
263 392 62 92 62 92 0 0 35 35 0 129 0
392 408 62 92 56 82 0 1 35 19 222 6 16
408 410 56 82 58 82 1 0 19 17 -222 6 2
410 562 58 82 58 82 0 0 17 17 0 152 0
562 577 58 82 64 73 0 0 17 2 1000000000 0 15
--------------------------------------
--------------------------------------
EV11
--------------------------------------
Num TPs served = 7
TPs served = 11 28 43 44 73 76 176
Total energy used = 100
--------------------------------------
Schedule:
0 15 39 60 39 60 0 0 100 100 0 15 0
15 31 39 60 25 62 0 1 100 84 11 6 16
31 37 25 62 31 62 1 0 84 78 -11 6 6
37 42 31 62 31 62 0 0 78 78 0 5 0
42 62 31 62 35 46 0 1 78 58 28 2 20
62 63 35 46 36 46 1 0 58 57 -28 2 1
63 79 36 46 36 46 0 0 57 57 0 16 0
79 87 36 46 35 39 0 1 57 49 44 11 8
87 90 35 39 37 40 1 0 49 46 -44 11 3
90 92 37 40 38 41 0 1 46 44 43 3 2
92 97 38 41 39 45 1 0 44 39 -43 3 5
97 124 39 45 39 45 0 0 39 39 0 27 0
124 141 39 45 37 60 0 1 39 22 73 5 17
141 143 37 60 37 62 1 0 22 20 -73 7 2
143 151 37 62 43 64 0 1 20 12 76 1 8
151 151 43 64 43 64 1 0 12 12 -76 2 0
151 310 43 64 43 64 0 0 12 12 0 159 0
310 318 43 64 40 59 0 1 12 4 176 11 8
318 320 40 59 40 61 1 0 4 2 -176 11 2
320 575 40 61 40 61 0 0 2 2 0 255 0
575 577 40 61 39 60 0 0 2 0 1000000000 0 2
--------------------------------------
--------------------------------------
EV12
--------------------------------------
Num TPs served = 6
TPs served = 13 32 62 82 103 284
Total energy used = 100
--------------------------------------
Schedule:
0 18 89 48 89 48 0 0 100 100 0 18 0
18 32 89 48 86 37 0 1 100 86 13 8 14
32 37 86 37 88 40 1 0 86 81 -13 9 5
37 52 88 40 88 40 0 0 81 81 0 15 0
52 68 88 40 86 54 0 1 81 65 32 6 16
68 72 86 54 86 58 1 0 65 61 -32 9 4
72 107 86 58 86 58 0 0 61 61 0 35 0
107 125 86 58 70 56 0 1 61 43 62 4 18
125 126 70 56 70 57 1 0 43 42 -62 6 1
126 141 70 57 70 57 0 0 42 42 0 15 0
141 151 70 57 80 57 0 1 42 32 82 11 10
151 154 80 57 80 57 1 1 32 32 0 3 0
154 155 80 57 80 58 1 0 32 31 -82 11 1
155 170 80 58 80 58 0 0 31 31 0 15 0
170 183 80 58 89 54 0 1 31 18 103 9 13
183 187 89 54 92 55 1 0 18 14 -103 10 4
187 525 92 55 92 55 0 0 14 14 0 338 0
525 536 92 55 87 49 0 1 14 3 284 11 11
536 538 87 49 87 49 1 1 3 3 0 2 0
538 538 87 49 87 49 1 0 3 3 -284 11 0
538 574 87 49 87 49 0 0 3 3 0 36 0
574 577 87 49 89 48 0 0 3 0 1000000000 0 3
--------------------------------------
--------------------------------------
EV13
--------------------------------------
Num TPs served = 8
TPs served = 16 26 57 58 81 95 101 118
Total energy used = 100
--------------------------------------
Schedule:
0 21 89 27 89 27 0 0 100 100 0 21 0
21 34 89 27 93 18 0 1 100 87 16 9 13
34 35 93 18 93 19 1 0 87 86 -16 10 1
35 41 93 19 93 19 0 0 86 86 0 6 0
41 51 93 19 95 11 0 1 86 76 26 11 10
51 52 95 11 95 12 1 0 76 75 -26 11 1
52 102 95 12 95 12 0 0 75 75 0 50 0
102 107 95 12 94 8 0 1 75 70 58 11 5
107 108 94 8 94 8 1 1 70 70 0 1 0
108 109 94 8 95 8 1 0 70 69 -58 11 1
109 114 95 8 92 10 0 1 69 64 57 2 5
114 120 92 10 97 11 1 0 64 58 -57 2 6
120 146 97 11 97 11 0 0 58 58 0 26 0
146 150 97 11 95 9 0 1 58 54 81 11 4
150 151 95 9 96 9 1 0 54 53 -81 11 1
151 157 96 9 96 9 0 0 53 53 0 6 0
157 171 96 9 99 20 0 1 53 39 95 8 14
171 174 99 20 97 21 1 0 39 36 -95 10 3
174 186 97 21 91 15 0 1 36 24 101 4 12
186 188 91 15 93 15 1 0 24 22 -101 4 2
188 201 93 15 93 15 0 0 22 22 0 13 0
201 209 93 15 95 21 0 1 22 14 118 11 8
209 214 95 21 95 21 1 1 14 14 0 5 0
214 227 95 21 89 28 1 0 14 1 -118 11 13
227 576 89 28 89 28 0 0 1 1 0 349 0
576 577 89 28 89 27 0 0 1 0 1000000000 0 1
--------------------------------------
--------------------------------------
EV14
--------------------------------------
Num TPs served = 4
TPs served = 29 91 137 150
Total energy used = 98
--------------------------------------
Schedule:
0 43 63 58 63 58 0 0 100 100 0 43 0
43 57 63 58 51 56 0 1 100 86 29 8 14
57 57 51 56 51 56 1 0 86 86 -29 9 0
57 153 51 56 51 56 0 0 86 86 0 96 0
153 166 51 56 39 55 0 1 86 73 91 9 13
166 167 39 55 40 55 1 0 73 72 -91 9 1
167 237 40 55 40 55 0 0 72 72 0 70 0
237 258 40 55 25 61 0 1 72 51 137 1 21
258 259 25 61 25 62 1 0 51 50 -137 2 1
259 270 25 62 33 59 0 1 50 39 150 9 11
270 273 33 59 33 62 1 0 39 36 -150 10 3
273 543 33 62 33 62 0 0 36 36 0 270 0
543 577 33 62 63 58 0 0 36 2 1000000000 0 34
--------------------------------------
--------------------------------------
EV15
--------------------------------------
Num TPs served = 6
TPs served = 3 22 42 55 122 203
Total energy used = 96
--------------------------------------
Schedule:
0 7 41 18 41 18 0 0 100 100 0 7 0
7 25 41 18 54 13 0 1 100 82 3 4 18
25 29 54 13 58 13 1 0 82 78 -3 4 4
29 33 58 13 58 13 0 0 78 78 0 4 0
33 47 58 13 61 2 0 1 78 64 22 8 14
47 50 61 2 64 2 1 0 64 61 -22 11 3
50 71 64 2 64 2 0 0 61 61 0 21 0
71 86 64 2 59 12 0 1 61 46 42 7 15
86 90 59 12 59 12 1 1 46 46 0 4 0
90 90 59 12 59 12 1 0 46 46 -42 11 0
90 92 59 12 59 12 0 0 46 46 0 2 0
92 103 59 12 52 8 0 1 46 35 55 11 11
103 104 52 8 53 8 1 0 35 34 -55 11 1
104 204 53 8 53 8 0 0 34 34 0 100 0
204 216 53 8 43 6 0 1 34 22 122 10 12
216 217 43 6 44 6 1 0 22 21 -122 10 1
217 362 44 6 44 6 0 0 21 21 0 145 0
362 371 44 6 42 13 0 1 21 12 203 11 9
371 372 42 13 42 13 1 1 12 12 0 1 0
372 373 42 13 43 13 1 0 12 11 -203 11 1
373 570 43 13 43 13 0 0 11 11 0 197 0
570 577 43 13 41 18 0 0 11 4 1000000000 0 7
--------------------------------------

-------------------------------------------------------------------------

TPs

-------------------------------------------------------------------------

----------------------
TP1 not allocated
----------------------

----------------------
TP2 allocated to 1
----------------------

----------------------
TP3 allocated to 15
----------------------

----------------------
TP4 allocated to 3
----------------------

----------------------
TP5 allocated to 0
----------------------

----------------------
TP6 allocated to 8
----------------------

----------------------
TP7 allocated to 4
----------------------

----------------------
TP8 allocated to 8
----------------------

----------------------
TP9 allocated to 7
----------------------

----------------------
TP10 allocated to 2
----------------------

----------------------
TP11 allocated to 11
----------------------

----------------------
TP12 not allocated
----------------------

----------------------
TP13 allocated to 12
----------------------

----------------------
TP14 allocated to 7
----------------------

----------------------
TP15 allocated to 9
----------------------

----------------------
TP16 allocated to 13
----------------------

----------------------
TP17 allocated to 4
----------------------

----------------------
TP18 allocated to 9
----------------------

----------------------
TP19 allocated to 5
----------------------

----------------------
TP20 not allocated
----------------------

----------------------
TP21 allocated to 1
----------------------

----------------------
TP22 allocated to 15
----------------------

----------------------
TP23 allocated to 7
----------------------

----------------------
TP24 not allocated
----------------------

----------------------
TP25 not allocated
----------------------

----------------------
TP26 allocated to 13
----------------------

----------------------
TP27 allocated to 8
----------------------

----------------------
TP28 allocated to 11
----------------------

----------------------
TP29 allocated to 14
----------------------

----------------------
TP30 allocated to 2
----------------------

----------------------
TP31 allocated to 4
----------------------

----------------------
TP32 allocated to 12
----------------------

----------------------
TP33 allocated to 5
----------------------

----------------------
TP34 not allocated
----------------------

----------------------
TP35 not allocated
----------------------

----------------------
TP36 allocated to 1
----------------------

----------------------
TP37 not allocated
----------------------

----------------------
TP38 allocated to 3
----------------------

----------------------
TP39 not allocated
----------------------

----------------------
TP40 allocated to 5
----------------------

----------------------
TP41 allocated to 6
----------------------

----------------------
TP42 allocated to 15
----------------------

----------------------
TP43 allocated to 11
----------------------

----------------------
TP44 allocated to 11
----------------------

----------------------
TP45 allocated to 1
----------------------

----------------------
TP46 allocated to 3
----------------------

----------------------
TP47 allocated to 4
----------------------

----------------------
TP48 allocated to 9
----------------------

----------------------
TP49 allocated to 6
----------------------

----------------------
TP50 not allocated
----------------------

----------------------
TP51 allocated to 0
----------------------

----------------------
TP52 allocated to 1
----------------------

----------------------
TP53 allocated to 2
----------------------

----------------------
TP54 not allocated
----------------------

----------------------
TP55 allocated to 15
----------------------

----------------------
TP56 not allocated
----------------------

----------------------
TP57 allocated to 13
----------------------

----------------------
TP58 allocated to 13
----------------------

----------------------
TP59 allocated to 4
----------------------

----------------------
TP60 allocated to 6
----------------------

----------------------
TP61 allocated to 7
----------------------

----------------------
TP62 allocated to 12
----------------------

----------------------
TP63 not allocated
----------------------

----------------------
TP64 not allocated
----------------------

----------------------
TP65 not allocated
----------------------

----------------------
TP66 allocated to 6
----------------------

----------------------
TP67 not allocated
----------------------

----------------------
TP68 not allocated
----------------------

----------------------
TP69 allocated to 0
----------------------

----------------------
TP70 allocated to 5
----------------------

----------------------
TP71 allocated to 3
----------------------

----------------------
TP72 not allocated
----------------------

----------------------
TP73 allocated to 11
----------------------

----------------------
TP74 allocated to 9
----------------------

----------------------
TP75 not allocated
----------------------

----------------------
TP76 allocated to 11
----------------------

----------------------
TP77 not allocated
----------------------

----------------------
TP78 not allocated
----------------------

----------------------
TP79 allocated to 6
----------------------

----------------------
TP80 allocated to 8
----------------------

----------------------
TP81 allocated to 13
----------------------

----------------------
TP82 allocated to 12
----------------------

----------------------
TP83 allocated to 10
----------------------

----------------------
TP84 not allocated
----------------------

----------------------
TP85 not allocated
----------------------

----------------------
TP86 allocated to 7
----------------------

----------------------
TP87 allocated to 8
----------------------

----------------------
TP88 allocated to 6
----------------------

----------------------
TP89 allocated to 5
----------------------

----------------------
TP90 not allocated
----------------------

----------------------
TP91 allocated to 14
----------------------

----------------------
TP92 not allocated
----------------------

----------------------
TP93 not allocated
----------------------

----------------------
TP94 not allocated
----------------------

----------------------
TP95 allocated to 13
----------------------

----------------------
TP96 allocated to 10
----------------------

----------------------
TP97 not allocated
----------------------

----------------------
TP98 not allocated
----------------------

----------------------
TP99 not allocated
----------------------

----------------------
TP100 not allocated
----------------------

----------------------
TP101 allocated to 13
----------------------

----------------------
TP102 not allocated
----------------------

----------------------
TP103 allocated to 12
----------------------

----------------------
TP104 not allocated
----------------------

----------------------
TP105 not allocated
----------------------

----------------------
TP106 not allocated
----------------------

----------------------
TP107 not allocated
----------------------

----------------------
TP108 not allocated
----------------------

----------------------
TP109 allocated to 8
----------------------

----------------------
TP110 allocated to 5
----------------------

----------------------
TP111 not allocated
----------------------

----------------------
TP112 not allocated
----------------------

----------------------
TP113 not allocated
----------------------

----------------------
TP114 not allocated
----------------------

----------------------
TP115 allocated to 3
----------------------

----------------------
TP116 not allocated
----------------------

----------------------
TP117 not allocated
----------------------

----------------------
TP118 allocated to 13
----------------------

----------------------
TP119 allocated to 10
----------------------

----------------------
TP120 not allocated
----------------------

----------------------
TP121 not allocated
----------------------

----------------------
TP122 allocated to 15
----------------------

----------------------
TP123 not allocated
----------------------

----------------------
TP124 not allocated
----------------------

----------------------
TP125 allocated to 2
----------------------

----------------------
TP126 not allocated
----------------------

----------------------
TP127 not allocated
----------------------

----------------------
TP128 allocated to 9
----------------------

----------------------
TP129 not allocated
----------------------

----------------------
TP130 not allocated
----------------------

----------------------
TP131 not allocated
----------------------

----------------------
TP132 allocated to 3
----------------------

----------------------
TP133 not allocated
----------------------

----------------------
TP134 allocated to 0
----------------------

----------------------
TP135 not allocated
----------------------

----------------------
TP136 not allocated
----------------------

----------------------
TP137 allocated to 14
----------------------

----------------------
TP138 not allocated
----------------------

----------------------
TP139 not allocated
----------------------

----------------------
TP140 not allocated
----------------------

----------------------
TP141 not allocated
----------------------

----------------------
TP142 not allocated
----------------------

----------------------
TP143 not allocated
----------------------

----------------------
TP144 not allocated
----------------------

----------------------
TP145 allocated to 10
----------------------

----------------------
TP146 not allocated
----------------------

----------------------
TP147 not allocated
----------------------

----------------------
TP148 not allocated
----------------------

----------------------
TP149 not allocated
----------------------

----------------------
TP150 allocated to 14
----------------------

----------------------
TP151 not allocated
----------------------

----------------------
TP152 not allocated
----------------------

----------------------
TP153 not allocated
----------------------

----------------------
TP154 allocated to 0
----------------------

----------------------
TP155 not allocated
----------------------

----------------------
TP156 not allocated
----------------------

----------------------
TP157 allocated to 4
----------------------

----------------------
TP158 not allocated
----------------------

----------------------
TP159 allocated to 9
----------------------

----------------------
TP160 not allocated
----------------------

----------------------
TP161 not allocated
----------------------

----------------------
TP162 not allocated
----------------------

----------------------
TP163 not allocated
----------------------

----------------------
TP164 not allocated
----------------------

----------------------
TP165 not allocated
----------------------

----------------------
TP166 not allocated
----------------------

----------------------
TP167 not allocated
----------------------

----------------------
TP168 not allocated
----------------------

----------------------
TP169 not allocated
----------------------

----------------------
TP170 not allocated
----------------------

----------------------
TP171 not allocated
----------------------

----------------------
TP172 not allocated
----------------------

----------------------
TP173 not allocated
----------------------

----------------------
TP174 not allocated
----------------------

----------------------
TP175 not allocated
----------------------

----------------------
TP176 allocated to 11
----------------------

----------------------
TP177 not allocated
----------------------

----------------------
TP178 not allocated
----------------------

----------------------
TP179 allocated to 1
----------------------

----------------------
TP180 not allocated
----------------------

----------------------
TP181 not allocated
----------------------

----------------------
TP182 not allocated
----------------------

----------------------
TP183 not allocated
----------------------

----------------------
TP184 not allocated
----------------------

----------------------
TP185 not allocated
----------------------

----------------------
TP186 not allocated
----------------------

----------------------
TP187 not allocated
----------------------

----------------------
TP188 not allocated
----------------------

----------------------
TP189 not allocated
----------------------

----------------------
TP190 allocated to 4
----------------------

----------------------
TP191 not allocated
----------------------

----------------------
TP192 not allocated
----------------------

----------------------
TP193 allocated to 0
----------------------

----------------------
TP194 not allocated
----------------------

----------------------
TP195 not allocated
----------------------

----------------------
TP196 not allocated
----------------------

----------------------
TP197 not allocated
----------------------

----------------------
TP198 not allocated
----------------------

----------------------
TP199 not allocated
----------------------

----------------------
TP200 not allocated
----------------------

----------------------
TP201 not allocated
----------------------

----------------------
TP202 not allocated
----------------------

----------------------
TP203 allocated to 15
----------------------

----------------------
TP204 not allocated
----------------------

----------------------
TP205 not allocated
----------------------

----------------------
TP206 not allocated
----------------------

----------------------
TP207 not allocated
----------------------

----------------------
TP208 not allocated
----------------------

----------------------
TP209 not allocated
----------------------

----------------------
TP210 not allocated
----------------------

----------------------
TP211 not allocated
----------------------

----------------------
TP212 not allocated
----------------------

----------------------
TP213 not allocated
----------------------

----------------------
TP214 not allocated
----------------------

----------------------
TP215 not allocated
----------------------

----------------------
TP216 not allocated
----------------------

----------------------
TP217 not allocated
----------------------

----------------------
TP218 not allocated
----------------------

----------------------
TP219 not allocated
----------------------

----------------------
TP220 not allocated
----------------------

----------------------
TP221 not allocated
----------------------

----------------------
TP222 allocated to 10
----------------------

----------------------
TP223 not allocated
----------------------

----------------------
TP224 not allocated
----------------------

----------------------
TP225 not allocated
----------------------

----------------------
TP226 not allocated
----------------------

----------------------
TP227 not allocated
----------------------

----------------------
TP228 not allocated
----------------------

----------------------
TP229 not allocated
----------------------

----------------------
TP230 not allocated
----------------------

----------------------
TP231 allocated to 1
----------------------

----------------------
TP232 not allocated
----------------------

----------------------
TP233 not allocated
----------------------

----------------------
TP234 not allocated
----------------------

----------------------
TP235 not allocated
----------------------

----------------------
TP236 not allocated
----------------------

----------------------
TP237 not allocated
----------------------

----------------------
TP238 not allocated
----------------------

----------------------
TP239 not allocated
----------------------

----------------------
TP240 not allocated
----------------------

----------------------
TP241 allocated to 9
----------------------

----------------------
TP242 not allocated
----------------------

----------------------
TP243 not allocated
----------------------

----------------------
TP244 not allocated
----------------------

----------------------
TP245 not allocated
----------------------

----------------------
TP246 not allocated
----------------------

----------------------
TP247 not allocated
----------------------

----------------------
TP248 not allocated
----------------------

----------------------
TP249 not allocated
----------------------

----------------------
TP250 not allocated
----------------------

----------------------
TP251 not allocated
----------------------

----------------------
TP252 not allocated
----------------------

----------------------
TP253 not allocated
----------------------

----------------------
TP254 not allocated
----------------------

----------------------
TP255 not allocated
----------------------

----------------------
TP256 not allocated
----------------------

----------------------
TP257 not allocated
----------------------

----------------------
TP258 not allocated
----------------------

----------------------
TP259 not allocated
----------------------

----------------------
TP260 not allocated
----------------------

----------------------
TP261 allocated to 3
----------------------

----------------------
TP262 not allocated
----------------------

----------------------
TP263 not allocated
----------------------

----------------------
TP264 allocated to 7
----------------------

----------------------
TP265 not allocated
----------------------

----------------------
TP266 not allocated
----------------------

----------------------
TP267 not allocated
----------------------

----------------------
TP268 not allocated
----------------------

----------------------
TP269 not allocated
----------------------

----------------------
TP270 not allocated
----------------------

----------------------
TP271 not allocated
----------------------

----------------------
TP272 not allocated
----------------------

----------------------
TP273 not allocated
----------------------

----------------------
TP274 not allocated
----------------------

----------------------
TP275 not allocated
----------------------

----------------------
TP276 not allocated
----------------------

----------------------
TP277 not allocated
----------------------

----------------------
TP278 not allocated
----------------------

----------------------
TP279 not allocated
----------------------

----------------------
TP280 not allocated
----------------------

----------------------
TP281 not allocated
----------------------

----------------------
TP282 not allocated
----------------------

----------------------
TP283 not allocated
----------------------

----------------------
TP284 allocated to 12
----------------------

----------------------
TP285 not allocated
----------------------

----------------------
TP286 allocated to 2
----------------------

----------------------
TP287 not allocated
----------------------

----------------------
TP288 not allocated
----------------------

----------------------
TP289 not allocated
----------------------

----------------------
TP290 not allocated
----------------------

----------------------
TP291 not allocated
----------------------

----------------------
TP292 not allocated
----------------------

----------------------
TP293 not allocated
----------------------

----------------------
TP294 not allocated
----------------------

----------------------
TP295 not allocated
----------------------

----------------------
TP296 not allocated
----------------------

----------------------
TP297 not allocated
----------------------

----------------------
TP298 not allocated
----------------------

----------------------
TP299 not allocated
----------------------

----------------------
TP300 not allocated
----------------------
