-------------------------------------------------------------------------
TPs satisfied = 135; Total TPs = 1000; Percentage Satisfied + 13.5%
-------------------------------------------------------------------------

-------------------------------------------------------------------------

EVs

-------------------------------------------------------------------------
--------------------------------------
EV0
--------------------------------------
Num TPs served = 7
TPs served = 3 9 36 64 71 388 876
Total energy used = 100
--------------------------------------
Schedule:
0 39 35 16 35 16 0 0 100 100 0 39 0
39 41 35 16 35 18 0 1 100 98 3 34 2
41 42 35 18 35 18 1 1 98 98 0 1 0
42 45 35 18 35 21 1 0 98 95 -3 34 3
45 79 35 21 10 30 0 1 95 61 9 2 34
79 81 10 30 11 31 1 0 61 59 -9 2 2
81 87 11 31 11 31 0 0 59 59 0 6 0
87 91 11 31 13 33 0 1 59 55 36 34 4
91 92 13 33 13 33 1 1 55 55 0 1 0
92 93 13 33 14 33 1 0 55 54 -36 34 1
93 141 14 33 14 33 0 0 54 54 0 48 0
141 156 14 33 11 21 0 1 54 39 71 34 15
156 160 11 21 12 24 1 0 39 35 -71 34 4
160 165 12 24 12 19 0 1 35 30 64 13 5
165 168 12 19 14 20 1 0 30 27 -64 18 3
168 711 14 20 14 20 0 0 27 27 0 543 0
711 725 14 20 25 17 0 1 27 13 388 34 14
725 727 25 17 27 17 1 0 13 11 -388 34 2
727 1544 27 17 27 17 0 0 11 11 0 817 0
1544 1550 27 17 32 18 0 1 11 5 876 34 6
1550 1552 32 18 32 18 1 1 5 5 0 2 0
1552 1553 32 18 33 18 1 0 5 4 -876 34 1
1553 1793 33 18 33 18 0 0 4 4 0 240 0
1793 1797 33 18 35 16 0 0 4 0 1000000000 0 4
--------------------------------------
--------------------------------------
EV1
--------------------------------------
Num TPs served = 2
TPs served = 5 407
Total energy used = 100
--------------------------------------
Schedule:
0 9 35 16 35 16 0 0 100 100 0 9 0
9 53 35 16 58 37 0 1 100 56 5 24 44
53 59 58 37 63 38 1 0 56 50 -5 24 6
59 719 63 38 63 38 0 0 50 50 0 660 0
719 753 63 38 48 19 0 1 50 16 407 34 34
753 754 48 19 48 19 1 1 16 16 0 1 0
754 754 48 19 48 19 1 0 16 16 -407 34 0
754 1781 48 19 48 19 0 0 16 16 0 1027 0
1781 1797 48 19 35 16 0 0 16 0 1000000000 0 16
--------------------------------------
--------------------------------------
EV2
--------------------------------------
Num TPs served = 4
TPs served = 6 11 105 121
Total energy used = 100
--------------------------------------
Schedule:
0 12 35 16 35 16 0 0 100 100 0 12 0
12 44 35 16 23 36 0 1 100 68 6 34 32
44 63 23 36 25 53 1 2 68 49 11 20 19
63 63 25 53 25 53 2 1 49 49 -11 26 0
63 79 25 53 25 37 1 0 49 33 -6 3 16
79 202 25 37 25 37 0 0 33 33 0 123 0
202 207 25 37 26 33 0 1 33 28 105 34 5
207 208 26 33 26 33 1 1 28 28 0 1 0
208 212 26 33 29 34 1 0 28 24 -105 34 4
212 226 29 34 29 34 0 0 24 24 0 14 0
226 235 29 34 33 29 0 1 24 15 121 34 9
235 236 33 29 33 29 1 1 15 15 0 1 0
236 236 33 29 33 29 1 0 15 15 -121 34 0
236 1782 33 29 33 29 0 0 15 15 0 1546 0
1782 1797 33 29 35 16 0 0 15 0 1000000000 0 15
--------------------------------------
--------------------------------------
EV3
--------------------------------------
Num TPs served = 4
TPs served = 16 21 34 355
Total energy used = 100
--------------------------------------
Schedule:
0 21 35 16 35 16 0 0 100 100 0 21 0
21 62 35 16 40 52 0 1 100 59 16 27 41
62 63 40 52 40 52 1 1 59 59 0 1 0
63 65 40 52 39 51 1 2 59 57 21 34 2
65 67 39 51 39 53 2 1 57 55 -21 34 2
67 68 39 53 40 53 1 0 55 54 -16 23 1
68 72 40 53 40 53 0 0 54 54 0 4 0
72 88 40 53 45 42 0 1 54 38 34 34 16
88 89 45 42 46 42 1 0 38 37 -34 34 1
89 665 46 42 46 42 0 0 37 37 0 576 0
665 675 46 42 37 41 0 1 37 27 355 34 10
675 677 37 41 37 41 1 1 27 27 0 2 0
677 677 37 41 37 41 1 0 27 27 -355 34 0
677 1770 37 41 37 41 0 0 27 27 0 1093 0
1770 1797 37 41 35 16 0 0 27 0 1000000000 0 27
--------------------------------------
--------------------------------------
EV4
--------------------------------------
Num TPs served = 3
TPs served = 19 29 89
Total energy used = 100
--------------------------------------
Schedule:
0 29 35 16 35 16 0 0 100 100 0 29 0
29 75 35 16 21 48 0 1 100 54 19 22 46
75 79 21 48 25 48 1 0 54 50 -19 24 4
79 85 25 48 27 52 0 1 50 44 29 26 6
85 86 27 52 28 52 1 0 44 43 -29 26 1
86 167 28 52 28 52 0 0 43 43 0 81 0
167 183 28 52 32 40 0 1 43 27 89 34 16
183 185 32 40 34 40 1 0 27 25 -89 34 2
185 1772 34 40 34 40 0 0 25 25 0 1587 0
1772 1797 34 40 35 16 0 0 25 0 1000000000 0 25
--------------------------------------
--------------------------------------
EV5
--------------------------------------
Num TPs served = 4
TPs served = 22 23 410 689
Total energy used = 100
--------------------------------------
Schedule:
0 33 35 16 35 16 0 0 100 100 0 33 0
33 79 35 16 69 28 0 1 100 54 22 22 46
79 82 69 28 69 31 1 0 54 51 -22 25 3
82 86 69 31 66 30 0 1 51 47 23 17 4
86 87 66 30 67 30 1 0 47 46 -23 17 1
87 732 67 30 67 30 0 0 46 46 0 645 0
732 758 67 30 54 17 0 1 46 20 410 34 26
758 760 54 17 54 17 1 1 20 20 0 2 0
760 760 54 17 54 17 1 0 20 20 -410 34 0
760 1236 54 17 54 17 0 0 20 20 0 476 0
1236 1236 54 17 54 17 0 1 20 20 689 34 0
1236 1237 54 17 54 17 1 1 20 20 0 1 0
1237 1237 54 17 54 17 1 0 20 20 -689 34 0
1237 1777 54 17 54 17 0 0 20 20 0 540 0
1777 1797 54 17 35 16 0 0 20 0 1000000000 0 20
--------------------------------------
--------------------------------------
EV6
--------------------------------------
Num TPs served = 5
TPs served = 24 39 120 242 248
Total energy used = 100
--------------------------------------
Schedule:
0 36 35 16 35 16 0 0 100 100 0 36 0
36 73 35 16 57 1 0 1 100 63 24 31 37
73 75 57 1 57 3 1 0 63 61 -24 31 2
75 102 57 3 47 20 0 1 61 34 39 28 27
102 104 47 20 49 20 1 0 34 32 -39 34 2
104 225 49 20 49 20 0 0 32 32 0 121 0
225 234 49 20 49 11 0 1 32 23 120 34 9
234 236 49 11 50 12 1 0 23 21 -120 34 2
236 482 50 12 50 12 0 0 21 21 0 246 0
482 486 50 12 47 13 0 1 21 17 248 34 4
486 489 47 13 48 15 1 0 17 14 -248 34 3
489 489 48 15 48 15 0 1 14 14 242 16 0
489 489 48 15 48 15 1 0 14 14 -242 17 0
489 1783 48 15 48 15 0 0 14 14 0 1294 0
1783 1797 48 15 35 16 0 0 14 0 1000000000 0 14
--------------------------------------
--------------------------------------
EV7
--------------------------------------
Num TPs served = 5
TPs served = 26 46 50 387 568
Total energy used = 100
--------------------------------------
Schedule:
0 40 35 16 35 16 0 0 100 100 0 40 0
40 77 35 16 66 22 0 1 100 63 26 31 37
77 78 66 22 66 23 1 0 63 62 -26 31 1
78 108 66 23 66 23 0 0 62 62 0 30 0
108 118 66 23 63 30 0 1 62 52 50 34 10
118 119 63 30 64 30 1 0 52 51 -50 34 1
119 130 64 30 55 28 0 1 51 40 46 18 11
130 133 55 28 57 29 1 0 40 37 -46 18 3
133 709 57 29 57 29 0 0 37 37 0 576 0
709 724 57 29 45 26 0 1 37 22 387 34 15
724 725 45 26 45 26 1 1 22 22 0 1 0
725 726 45 26 46 26 1 0 22 21 -387 34 1
726 1015 46 26 46 26 0 0 21 21 0 289 0
1015 1024 46 26 43 20 0 1 21 12 568 34 9
1024 1028 43 20 43 20 1 1 12 12 0 4 0
1028 1028 43 20 43 20 1 0 12 12 -568 34 0
1028 1785 43 20 43 20 0 0 12 12 0 757 0
1785 1797 43 20 35 16 0 0 12 0 1000000000 0 12
--------------------------------------
--------------------------------------
EV8
--------------------------------------
Num TPs served = 4
TPs served = 31 99 159 610
Total energy used = 100
--------------------------------------
Schedule:
0 49 35 16 35 16 0 0 100 100 0 49 0
49 91 35 16 8 1 0 1 100 58 31 26 42
91 94 8 1 11 1 1 0 58 55 -31 26 3
94 181 11 1 11 1 0 0 55 55 0 87 0
181 200 11 1 9 18 0 1 55 36 99 34 19
200 202 9 18 9 20 1 0 36 34 -99 34 2
202 285 9 20 9 20 0 0 34 34 0 83 0
285 306 9 20 29 21 0 1 34 13 159 34 21
306 307 29 21 29 22 1 0 13 12 -159 34 1
307 1098 29 22 29 22 0 0 12 12 0 791 0
1098 1099 29 22 30 22 0 1 12 11 610 34 1
1099 1102 30 22 33 22 1 0 11 8 -610 34 3
1102 1789 33 22 33 22 0 0 8 8 0 687 0
1789 1797 33 22 35 16 0 0 8 0 1000000000 0 8
--------------------------------------
--------------------------------------
EV9
--------------------------------------
Num TPs served = 4
TPs served = 32 49 55 366
Total energy used = 100
--------------------------------------
Schedule:
0 52 35 16 35 16 0 0 100 100 0 52 0
52 97 35 16 67 3 0 1 100 55 32 23 45
97 104 67 3 72 5 1 0 55 48 -32 23 7
104 110 72 5 72 5 0 0 48 48 0 6 0
110 117 72 5 67 7 0 1 48 41 49 34 7
117 122 67 7 67 7 1 1 41 41 0 5 0
122 122 67 7 67 7 1 0 41 41 -49 34 0
122 126 67 7 64 8 0 1 41 37 55 34 4
126 127 64 8 64 8 1 1 37 37 0 1 0
127 127 64 8 64 8 1 0 37 37 -55 34 0
127 672 64 8 64 8 0 0 37 37 0 545 0
672 696 64 8 45 13 0 1 37 13 366 34 24
696 698 45 13 45 15 1 0 13 11 -366 34 2
698 1786 45 15 45 15 0 0 11 11 0 1088 0
1786 1797 45 15 35 16 0 0 11 0 1000000000 0 11
--------------------------------------
--------------------------------------
EV10
--------------------------------------
Num TPs served = 4
TPs served = 43 97 158 318
Total energy used = 100
--------------------------------------
Schedule:
0 73 35 16 35 16 0 0 100 100 0 73 0
73 113 35 16 1 10 0 1 100 60 43 28 40
113 117 1 10 5 10 1 0 60 56 -43 29 4
117 181 5 10 5 10 0 0 56 56 0 64 0
181 196 5 10 5 25 0 1 56 41 97 34 15
196 197 5 25 6 25 1 0 41 40 -97 34 1
197 289 6 25 6 25 0 0 40 40 0 92 0
289 305 6 25 22 25 0 1 40 24 158 34 16
305 308 22 25 22 25 1 1 24 24 0 3 0
308 311 22 25 25 25 1 0 24 21 -158 34 3
311 611 25 25 25 25 0 0 21 21 0 300 0
611 614 25 25 27 26 0 1 21 18 318 34 3
614 615 27 26 28 26 1 0 18 17 -318 34 1
615 1780 28 26 28 26 0 0 17 17 0 1165 0
1780 1797 28 26 35 16 0 0 17 0 1000000000 0 17
--------------------------------------
--------------------------------------
EV11
--------------------------------------
Num TPs served = 4
TPs served = 56 58 123 986
Total energy used = 100
--------------------------------------
Schedule:
0 104 35 16 35 16 0 0 100 100 0 104 0
104 127 35 16 41 33 0 1 100 77 56 34 23
127 130 41 33 43 34 1 0 77 74 -56 34 3
130 153 43 34 56 44 0 1 74 51 58 11 23
153 154 56 44 56 45 1 0 51 50 -58 12 1
154 231 56 45 56 45 0 0 50 50 0 77 0
231 242 56 45 47 43 0 1 50 39 123 34 11
242 243 47 43 47 43 1 1 39 39 0 1 0
243 243 47 43 47 43 1 0 39 39 -123 34 0
243 1718 47 43 47 43 0 0 39 39 0 1475 0
1718 1732 47 43 40 36 0 1 39 25 986 34 14
1732 1734 40 36 40 36 1 1 25 25 0 2 0
1734 1734 40 36 40 36 1 0 25 25 -986 34 0
1734 1772 40 36 40 36 0 0 25 25 0 38 0
1772 1797 40 36 35 16 0 0 25 0 1000000000 0 25
--------------------------------------
--------------------------------------
EV12
--------------------------------------
Num TPs served = 4
TPs served = 66 67 254 493
Total energy used = 100
--------------------------------------
Schedule:
0 115 35 16 35 16 0 0 100 100 0 115 0
115 156 35 16 65 5 0 1 100 59 67 27 41
156 160 65 5 65 9 1 0 59 55 -67 28 4
160 181 65 9 45 8 0 1 55 34 66 1 21
181 185 45 8 49 8 1 0 34 30 -66 3 4
185 494 49 8 49 8 0 0 30 30 0 309 0
494 503 49 8 50 16 0 1 30 21 254 34 9
503 505 50 16 51 17 1 0 21 19 -254 34 2
505 894 51 17 51 17 0 0 19 19 0 389 0
894 895 51 17 50 17 0 1 19 18 493 34 1
895 896 50 17 50 17 1 1 18 18 0 1 0
896 897 50 17 50 18 1 0 18 17 -493 34 1
897 1780 50 18 50 18 0 0 17 17 0 883 0
1780 1797 50 18 35 16 0 0 17 0 1000000000 0 17
--------------------------------------
--------------------------------------
EV13
--------------------------------------
Num TPs served = 4
TPs served = 68 81 94 268
Total energy used = 100
--------------------------------------
Schedule:
0 116 35 16 35 16 0 0 100 100 0 116 0
116 155 35 16 64 6 0 1 100 61 68 29 39
155 156 64 6 64 6 1 1 61 61 0 1 0
156 162 64 6 70 6 1 0 61 55 -68 34 6
162 180 70 6 70 6 0 0 55 55 0 18 0
180 190 70 6 63 9 0 1 55 45 94 34 10
190 191 63 9 63 9 1 1 45 45 0 1 0
191 195 63 9 66 10 1 0 45 41 -94 34 4
195 205 66 10 56 10 0 1 41 31 81 2 10
205 206 56 10 57 10 1 0 31 30 -81 2 1
206 509 57 10 57 10 0 0 30 30 0 303 0
509 530 57 10 37 11 0 1 30 9 268 34 21
530 531 37 11 38 11 1 0 9 8 -268 34 1
531 1789 38 11 38 11 0 0 8 8 0 1258 0
1789 1797 38 11 35 16 0 0 8 0 1000000000 0 8
--------------------------------------
--------------------------------------
EV14
--------------------------------------
Num TPs served = 5
TPs served = 75 86 88 168 760
Total energy used = 100
--------------------------------------
Schedule:
0 141 35 16 35 16 0 0 100 100 0 141 0
141 162 35 16 49 9 0 1 100 79 75 34 21
162 171 49 9 49 9 1 1 79 79 0 9 0
171 182 49 9 46 1 1 2 79 68 88 34 11
182 183 46 1 46 1 2 2 68 68 0 1 0
183 183 46 1 46 1 2 1 68 68 -88 34 0
183 185 46 1 47 0 1 2 68 66 86 29 2
185 186 47 0 48 0 2 1 66 65 -86 29 1
186 209 48 0 62 9 1 0 65 42 -75 6 23
209 316 62 9 62 9 0 0 42 42 0 107 0
316 323 62 9 57 11 0 1 42 35 168 34 7
323 326 57 11 60 11 1 0 35 32 -168 34 3
326 1360 60 11 60 11 0 0 32 32 0 1034 0
1360 1363 60 11 61 13 0 1 32 29 760 34 3
1363 1365 61 13 61 13 1 1 29 29 0 2 0
1365 1365 61 13 61 13 1 0 29 29 -760 34 0
1365 1768 61 13 61 13 0 0 29 29 0 403 0
1768 1797 61 13 35 16 0 0 29 0 1000000000 0 29
--------------------------------------
--------------------------------------
EV15
--------------------------------------
Num TPs served = 5
TPs served = 84 119 202 457 954
Total energy used = 98
--------------------------------------
Schedule:
0 145 35 16 35 16 0 0 100 100 0 145 0
145 178 35 16 52 32 0 1 100 67 84 34 33
178 181 52 32 52 32 1 1 67 67 0 3 0
181 183 52 32 53 33 1 0 67 65 -84 34 2
183 208 53 33 53 33 0 0 65 65 0 25 0
208 233 53 33 30 35 0 1 65 40 119 34 25
233 234 30 35 30 35 1 1 40 40 0 1 0
234 234 30 35 30 35 1 0 40 40 -119 34 0
234 377 30 35 30 35 0 0 40 40 0 143 0
377 393 30 35 35 24 0 1 40 24 202 34 16
393 394 35 24 35 24 1 1 24 24 0 1 0
394 396 35 24 37 24 1 0 24 22 -202 34 2
396 825 37 24 37 24 0 0 22 22 0 429 0
825 830 37 24 33 23 0 1 22 17 457 34 5
830 834 33 23 37 23 1 0 17 13 -457 34 4
834 1678 37 23 37 23 0 0 13 13 0 844 0
1678 1683 37 23 36 19 0 1 13 8 954 34 5
1683 1684 36 19 36 19 1 1 8 8 0 1 0
1684 1685 36 19 37 19 1 0 8 7 -954 34 1
1685 1792 37 19 37 19 0 0 7 7 0 107 0
1792 1797 37 19 35 16 0 0 7 2 1000000000 0 5
--------------------------------------
--------------------------------------
EV16
--------------------------------------
Num TPs served = 3
TPs served = 92 192 219
Total energy used = 100
--------------------------------------
Schedule:
0 154 35 16 35 16 0 0 100 100 0 154 0
154 192 35 16 24 43 0 1 100 62 92 30 38
192 193 24 43 24 44 1 0 62 61 -92 33 1
193 364 24 44 24 44 0 0 61 61 0 171 0
364 374 24 44 32 46 0 1 61 51 192 34 10
374 377 32 46 35 46 1 0 51 48 -192 34 3
377 392 35 46 35 46 0 0 48 48 0 15 0
392 417 35 46 27 29 0 1 48 23 219 34 25
417 418 27 29 27 30 1 0 23 22 -219 34 1
418 1775 27 30 27 30 0 0 22 22 0 1357 0
1775 1797 27 30 35 16 0 0 22 0 1000000000 0 22
--------------------------------------
--------------------------------------
EV17
--------------------------------------
Num TPs served = 4
TPs served = 131 206 225 417
Total energy used = 100
--------------------------------------
Schedule:
0 224 35 16 35 16 0 0 100 100 0 224 0
224 266 35 16 3 26 0 1 100 58 131 26 42
266 269 3 26 5 27 1 0 58 55 -131 26 3
269 392 5 27 5 27 0 0 55 55 0 123 0
392 398 5 27 6 32 0 1 55 49 206 34 6
398 399 6 32 6 32 1 1 49 49 0 1 0
399 399 6 32 6 32 1 0 49 49 -206 34 0
399 417 6 32 6 32 0 0 49 49 0 18 0
417 431 6 32 10 22 0 1 49 35 225 34 14
431 432 10 22 10 23 1 0 35 34 -225 34 1
432 747 10 23 10 23 0 0 34 34 0 315 0
747 767 10 23 27 20 0 1 34 14 417 34 20
767 769 27 20 28 21 1 0 14 12 -417 34 2
769 1785 28 21 28 21 0 0 12 12 0 1016 0
1785 1797 28 21 35 16 0 0 12 0 1000000000 0 12
--------------------------------------
--------------------------------------
EV18
--------------------------------------
Num TPs served = 4
TPs served = 133 153 529 780
Total energy used = 100
--------------------------------------
Schedule:
0 232 35 16 35 16 0 0 100 100 0 232 0
232 263 35 16 61 11 0 1 100 69 133 34 31
263 264 61 11 61 11 1 1 69 69 0 1 0
264 269 61 11 66 11 1 0 69 64 -133 34 5
269 299 66 11 39 14 0 1 64 34 153 30 30
299 311 39 14 49 16 1 0 34 22 -153 30 12
311 949 49 16 49 16 0 0 22 22 0 638 0
949 957 49 16 42 17 0 1 22 14 529 34 8
957 958 42 17 42 18 1 0 14 13 -529 34 1
958 1403 42 18 42 18 0 0 13 13 0 445 0
1403 1404 42 18 41 18 0 1 13 12 780 34 1
1404 1406 41 18 43 18 1 0 12 10 -780 34 2
1406 1787 43 18 43 18 0 0 10 10 0 381 0
1787 1797 43 18 35 16 0 0 10 0 1000000000 0 10
--------------------------------------
--------------------------------------
EV19
--------------------------------------
Num TPs served = 3
TPs served = 137 174 176
Total energy used = 100
--------------------------------------
Schedule:
0 237 35 16 35 16 0 0 100 100 0 237 0
237 278 35 16 42 50 0 1 100 59 137 27 41
278 279 42 50 43 50 1 0 59 58 -137 28 1
279 336 43 50 43 50 0 0 58 58 0 57 0
336 339 43 50 44 48 0 1 58 55 174 34 3
339 344 44 48 49 48 1 0 55 50 -174 34 5
344 351 49 48 45 45 0 1 50 43 176 24 7
351 353 45 45 47 45 1 0 43 41 -176 24 2
353 1756 47 45 47 45 0 0 41 41 0 1403 0
1756 1797 47 45 35 16 0 0 41 0 1000000000 0 41
--------------------------------------
--------------------------------------
EV20
--------------------------------------
Num TPs served = 3
TPs served = 150 173 746
Total energy used = 100
--------------------------------------
Schedule:
0 258 35 16 35 16 0 0 100 100 0 258 0
258 291 35 16 49 35 0 1 100 67 150 34 33
291 295 49 35 52 36 1 0 67 63 -150 34 4
295 326 52 36 52 36 0 0 63 63 0 31 0
326 337 52 36 56 43 0 1 63 52 173 34 11
337 344 56 43 56 43 1 1 52 52 0 7 0
344 346 56 43 58 43 1 0 52 50 -173 34 2
346 1317 58 43 58 43 0 0 50 50 0 971 0
1317 1347 58 43 51 20 0 1 50 20 746 34 30
1347 1348 51 20 51 20 1 1 20 20 0 1 0
1348 1348 51 20 51 20 1 0 20 20 -746 34 0
1348 1777 51 20 51 20 0 0 20 20 0 429 0
1777 1797 51 20 35 16 0 0 20 0 1000000000 0 20
--------------------------------------
--------------------------------------
EV21
--------------------------------------
Num TPs served = 6
TPs served = 154 163 205 228 233 295
Total energy used = 98
--------------------------------------
Schedule:
0 274 35 16 35 16 0 0 100 100 0 274 0
274 300 35 16 22 3 0 1 100 74 154 34 26
300 307 22 3 22 3 1 1 74 74 0 7 0
307 313 22 3 17 4 1 2 74 68 163 34 6
313 316 17 4 17 4 2 2 68 68 0 3 0
316 317 17 4 18 4 2 1 68 67 -163 34 1
317 325 18 4 25 3 1 0 67 59 -154 13 8
325 381 25 3 25 3 0 0 59 59 0 56 0
381 397 25 3 12 6 0 1 59 43 205 34 16
397 398 12 6 12 7 1 0 43 42 -205 34 1
398 431 12 7 12 7 0 0 42 42 0 33 0
431 437 12 7 13 12 0 1 42 36 228 34 6
437 442 13 12 16 14 1 0 36 31 -228 34 5
442 451 16 14 24 13 0 1 31 22 233 29 9
451 452 24 13 25 13 1 0 22 21 -233 29 1
452 564 25 13 25 13 0 0 21 21 0 112 0
564 576 25 13 34 10 0 1 21 9 295 34 12
576 580 34 10 34 10 1 1 9 9 0 4 0
580 584 34 10 35 13 1 0 9 5 -295 34 4
584 1794 35 13 35 13 0 0 5 5 0 1210 0
1794 1797 35 13 35 16 0 0 5 2 1000000000 0 3
--------------------------------------
--------------------------------------
EV22
--------------------------------------
Num TPs served = 2
TPs served = 166 191
Total energy used = 100
--------------------------------------
Schedule:
0 285 35 16 35 16 0 0 100 100 0 285 0
285 325 35 16 71 20 0 1 100 60 166 28 40
325 328 71 20 73 21 1 0 60 57 -166 28 3
328 355 73 21 73 21 0 0 57 57 0 27 0
355 371 73 21 60 18 0 1 57 41 191 34 16
371 377 60 18 60 18 1 1 41 41 0 6 0
377 384 60 18 63 22 1 0 41 34 -191 34 7
384 1763 63 22 63 22 0 0 34 34 0 1379 0
1763 1797 63 22 35 16 0 0 34 0 1000000000 0 34
--------------------------------------
--------------------------------------
EV23
--------------------------------------
Num TPs served = 2
TPs served = 167 210
Total energy used = 98
--------------------------------------
Schedule:
0 286 35 16 35 16 0 0 100 100 0 286 0
286 328 35 16 65 28 0 1 100 58 167 26 42
328 329 65 28 65 29 1 0 58 57 -167 28 1
329 380 65 29 65 29 0 0 57 57 0 51 0
380 406 65 29 52 16 0 1 57 31 210 34 26
406 408 52 16 52 16 1 1 31 31 0 2 0
408 414 52 16 53 21 1 0 31 25 -210 34 6
414 1774 53 21 53 21 0 0 25 25 0 1360 0
1774 1797 53 21 35 16 0 0 25 2 1000000000 0 23
--------------------------------------
--------------------------------------
EV24
--------------------------------------
Num TPs served = 3
TPs served = 193 235 690
Total energy used = 98
--------------------------------------
Schedule:
0 342 35 16 35 16 0 0 100 100 0 342 0
342 386 35 16 6 1 0 1 100 56 193 24 44
386 387 6 1 6 2 1 0 56 55 -193 24 1
387 419 6 2 6 2 0 0 55 55 0 32 0
419 452 6 2 38 1 0 1 55 22 235 34 33
452 453 38 1 38 1 1 1 22 22 0 1 0
453 453 38 1 38 1 1 0 22 22 -235 34 0
453 1229 38 1 38 1 0 0 22 22 0 776 0
1229 1237 38 1 38 9 0 1 22 14 690 34 8
1237 1238 38 9 39 9 1 0 14 13 -690 34 1
1238 1786 39 9 39 9 0 0 13 13 0 548 0
1786 1797 39 9 35 16 0 0 13 2 1000000000 0 11
--------------------------------------
--------------------------------------
EV25
--------------------------------------
Num TPs served = 4
TPs served = 208 261 439 532
Total energy used = 100
--------------------------------------
Schedule:
0 367 35 16 35 16 0 0 100 100 0 367 0
367 406 35 16 70 20 0 1 100 61 208 29 39
406 411 70 20 75 20 1 0 61 56 -208 30 5
411 501 75 20 75 20 0 0 56 56 0 90 0
501 516 75 20 69 11 0 1 56 41 261 34 15
516 517 69 11 69 11 1 1 41 41 0 1 0
517 517 69 11 69 11 1 0 41 41 -261 34 0
517 798 69 11 69 11 0 0 41 41 0 281 0
798 805 69 11 62 11 0 1 41 34 439 34 7
805 806 62 11 63 11 1 0 34 33 -439 34 1
806 958 63 11 63 11 0 0 33 33 0 152 0
958 961 63 11 62 13 0 1 33 30 532 34 3
961 962 62 13 62 13 1 1 30 30 0 1 0
962 964 62 13 62 15 1 0 30 28 -532 34 2
964 1769 62 15 62 15 0 0 28 28 0 805 0
1769 1797 62 15 35 16 0 0 28 0 1000000000 0 28
--------------------------------------
--------------------------------------
EV26
--------------------------------------
Num TPs served = 3
TPs served = 213 329 467
Total energy used = 100
--------------------------------------
Schedule:
0 375 35 16 35 16 0 0 100 100 0 375 0
375 424 35 16 44 56 0 1 100 51 213 19 49
424 425 44 56 45 56 1 0 51 50 -213 19 1
425 631 45 56 45 56 0 0 50 50 0 206 0
631 635 45 56 42 55 0 1 50 46 329 34 4
635 637 42 55 42 55 1 1 46 46 0 2 0
637 637 42 55 42 55 1 0 46 46 -329 34 0
637 832 42 55 42 55 0 0 46 46 0 195 0
832 844 42 55 36 49 0 1 46 34 467 34 12
844 845 36 49 36 49 1 1 34 34 0 1 0
845 845 36 49 36 49 1 0 34 34 -467 34 0
845 1763 36 49 36 49 0 0 34 34 0 918 0
1763 1797 36 49 35 16 0 0 34 0 1000000000 0 34
--------------------------------------
--------------------------------------
EV27
--------------------------------------
Num TPs served = 2
TPs served = 216 314
Total energy used = 100
--------------------------------------
Schedule:
0 380 35 16 35 16 0 0 100 100 0 380 0
380 427 35 16 66 32 0 1 100 53 216 21 47
427 427 66 32 66 32 1 0 53 53 -216 22 0
427 598 66 32 66 32 0 0 53 53 0 171 0
598 609 66 32 69 24 0 1 53 42 314 34 11
609 611 69 24 69 24 1 1 42 42 0 2 0
611 611 69 24 69 24 1 0 42 42 -314 34 0
611 1755 69 24 69 24 0 0 42 42 0 1144 0
1755 1797 69 24 35 16 0 0 42 0 1000000000 0 42
--------------------------------------
--------------------------------------
EV28
--------------------------------------
Num TPs served = 4
TPs served = 218 222 353 572
Total energy used = 100
--------------------------------------
Schedule:
0 382 35 16 35 16 0 0 100 100 0 382 0
382 423 35 16 26 48 0 1 100 59 218 27 41
423 424 26 48 26 49 1 0 59 58 -218 28 1
424 443 26 49 37 41 0 1 58 39 222 17 19
443 445 37 41 38 42 1 0 39 37 -222 17 2
445 666 38 42 38 42 0 0 37 37 0 221 0
666 673 38 42 36 37 0 1 37 30 353 34 7
673 674 36 37 37 37 1 0 30 29 -353 34 1
674 1021 37 37 37 37 0 0 29 29 0 347 0
1021 1030 37 37 33 32 0 1 29 20 572 34 9
1030 1032 33 32 34 33 1 0 20 18 -572 34 2
1032 1779 34 33 34 33 0 0 18 18 0 747 0
1779 1797 34 33 35 16 0 0 18 0 1000000000 0 18
--------------------------------------
--------------------------------------
EV29
--------------------------------------
Num TPs served = 3
TPs served = 229 277 286
Total energy used = 100
--------------------------------------
Schedule:
0 404 35 16 35 16 0 0 100 100 0 404 0
404 447 35 16 33 57 0 1 100 57 229 25 43
447 447 33 57 33 57 1 0 57 57 -229 27 0
447 540 33 57 33 57 0 0 57 57 0 93 0
540 549 33 57 31 50 0 1 57 48 277 34 9
549 552 31 50 32 52 1 0 48 45 -277 34 3
552 570 32 52 32 34 0 1 45 27 286 26 18
570 575 32 34 34 37 1 0 27 22 -286 26 5
575 1775 34 37 34 37 0 0 22 22 0 1200 0
1775 1797 34 37 35 16 0 0 22 0 1000000000 0 22
--------------------------------------
--------------------------------------
EV30
--------------------------------------
Num TPs served = 6
TPs served = 247 251 267 274 310 334
Total energy used = 98
--------------------------------------
Schedule:
0 470 35 16 35 16 0 0 100 100 0 470 0
470 484 35 16 27 22 0 1 100 86 247 34 14
484 489 27 22 27 22 1 1 86 86 0 5 0
489 492 27 22 28 24 1 0 86 83 -247 34 3
492 514 28 24 14 32 0 1 83 61 251 15 22
514 516 14 32 14 34 1 0 61 59 -251 15 2
516 542 14 34 10 12 0 1 59 33 267 19 26
542 543 10 12 11 12 1 0 33 32 -267 19 1
543 550 11 12 18 12 0 1 32 25 274 27 7
550 551 18 12 18 13 1 0 25 24 -274 27 1
551 598 18 13 18 13 0 0 24 24 0 47 0
598 601 18 13 20 12 0 1 24 21 310 34 3
601 602 20 12 20 12 1 1 21 21 0 1 0
602 602 20 12 20 12 1 0 21 21 -310 34 0
602 636 20 12 20 12 0 0 21 21 0 34 0
636 645 20 12 28 13 0 1 21 12 334 34 9
645 649 28 13 32 13 1 0 12 8 -334 34 4
649 1791 32 13 32 13 0 0 8 8 0 1142 0
1791 1797 32 13 35 16 0 0 8 2 1000000000 0 6
--------------------------------------
--------------------------------------
EV31
--------------------------------------
Num TPs served = 5
TPs served = 252 272 359 406 618
Total energy used = 100
--------------------------------------
Schedule:
0 462 35 16 35 16 0 0 100 100 0 462 0
462 504 35 16 21 44 0 1 100 58 252 26 42
504 507 21 44 23 45 1 0 58 55 -252 26 3
507 528 23 45 23 45 0 0 55 55 0 21 0
528 540 23 45 25 35 0 1 55 43 272 34 12
540 545 25 35 25 35 1 1 43 43 0 5 0
545 545 25 35 25 35 1 0 43 43 -272 34 0
545 678 25 35 25 35 0 0 43 43 0 133 0
678 682 25 35 22 34 0 1 43 39 359 34 4
682 683 22 34 23 34 1 0 39 38 -359 34 1
683 746 23 34 23 34 0 0 38 38 0 63 0
746 752 23 34 28 35 0 1 38 32 406 34 6
752 755 28 35 28 35 1 1 32 32 0 3 0
755 760 28 35 33 35 1 0 32 27 -406 34 5
760 1096 33 35 33 35 0 0 27 27 0 336 0
1096 1112 33 35 34 20 0 1 27 11 618 34 16
1112 1116 34 20 35 23 1 0 11 7 -618 34 4
1116 1790 35 23 35 23 0 0 7 7 0 674 0
1790 1797 35 23 35 16 0 0 7 0 1000000000 0 7
--------------------------------------
--------------------------------------
EV32
--------------------------------------
Num TPs served = 5
TPs served = 257 260 635 821 939
Total energy used = 100
--------------------------------------
Schedule:
0 478 35 16 35 16 0 0 100 100 0 478 0
478 513 35 16 55 1 0 1 100 65 257 33 35
513 517 55 1 59 1 1 0 65 61 -257 33 4
517 529 59 1 64 8 0 1 61 49 260 20 12
529 535 64 8 70 8 1 0 49 43 -260 20 6
535 1118 70 8 70 8 0 0 43 43 0 583 0
1118 1139 70 8 50 9 0 1 43 22 635 34 21
1139 1140 50 9 50 9 1 1 22 22 0 1 0
1140 1140 50 9 50 9 1 0 22 22 -635 34 0
1140 1465 50 9 50 9 0 0 22 22 0 325 0
1465 1466 50 9 50 10 0 1 22 21 821 34 1
1466 1467 50 10 50 11 1 0 21 20 -821 34 1
1467 1650 50 11 50 11 0 0 20 20 0 183 0
1650 1658 50 11 42 11 0 1 20 12 939 34 8
1658 1659 42 11 42 12 1 0 12 11 -939 34 1
1659 1786 42 12 42 12 0 0 11 11 0 127 0
1786 1797 42 12 35 16 0 0 11 0 1000000000 0 11
--------------------------------------
--------------------------------------
EV33
--------------------------------------
Num TPs served = 3
TPs served = 259 280 287
Total energy used = 100
--------------------------------------
Schedule:
0 501 35 16 35 16 0 0 100 100 0 501 0
501 514 35 16 38 26 0 1 100 87 259 34 13
514 522 38 26 46 26 1 0 87 79 -259 34 8
522 528 46 26 46 26 0 0 79 79 0 6 0
528 552 46 26 42 46 0 1 79 55 280 34 24
552 555 42 46 42 46 1 1 55 55 0 3 0
555 564 42 46 49 48 1 2 55 46 287 34 9
564 568 49 48 49 48 2 2 46 46 0 4 0
568 568 49 48 49 48 2 1 46 46 -287 34 0
568 575 49 48 42 48 1 0 46 39 -280 13 7
575 1758 42 48 42 48 0 0 39 39 0 1183 0
1758 1797 42 48 35 16 0 0 39 0 1000000000 0 39
--------------------------------------
--------------------------------------
EV34
--------------------------------------
Num TPs served = 2
TPs served = 278 342
Total energy used = 100
--------------------------------------
Schedule:
0 516 35 16 35 16 0 0 100 100 0 516 0
516 555 35 16 40 50 0 1 100 61 278 29 39
555 564 40 50 42 57 1 0 61 52 -278 33 9
564 622 42 57 42 57 0 0 52 52 0 58 0
622 656 42 57 42 23 0 1 52 18 342 34 34
656 657 42 23 42 23 1 1 18 18 0 1 0
657 659 42 23 44 23 1 0 18 16 -342 34 2
659 1781 44 23 44 23 0 0 16 16 0 1122 0
1781 1797 44 23 35 16 0 0 16 0 1000000000 0 16
--------------------------------------

-------------------------------------------------------------------------

TPs

-------------------------------------------------------------------------

----------------------
TP1 not allocated
----------------------

----------------------
TP2 not allocated
----------------------

----------------------
TP3 allocated to 0
----------------------

----------------------
TP4 not allocated
----------------------

----------------------
TP5 allocated to 1
----------------------

----------------------
TP6 allocated to 2
----------------------

----------------------
TP7 not allocated
----------------------

----------------------
TP8 not allocated
----------------------

----------------------
TP9 allocated to 0
----------------------

----------------------
TP10 not allocated
----------------------

----------------------
TP11 allocated to 2
----------------------

----------------------
TP12 not allocated
----------------------

----------------------
TP13 not allocated
----------------------

----------------------
TP14 not allocated
----------------------

----------------------
TP15 not allocated
----------------------

----------------------
TP16 allocated to 3
----------------------

----------------------
TP17 not allocated
----------------------

----------------------
TP18 not allocated
----------------------

----------------------
TP19 allocated to 4
----------------------

----------------------
TP20 not allocated
----------------------

----------------------
TP21 allocated to 3
----------------------

----------------------
TP22 allocated to 5
----------------------

----------------------
TP23 allocated to 5
----------------------

----------------------
TP24 allocated to 6
----------------------

----------------------
TP25 not allocated
----------------------

----------------------
TP26 allocated to 7
----------------------

----------------------
TP27 not allocated
----------------------

----------------------
TP28 not allocated
----------------------

----------------------
TP29 allocated to 4
----------------------

----------------------
TP30 not allocated
----------------------

----------------------
TP31 allocated to 8
----------------------

----------------------
TP32 allocated to 9
----------------------

----------------------
TP33 not allocated
----------------------

----------------------
TP34 allocated to 3
----------------------

----------------------
TP35 not allocated
----------------------

----------------------
TP36 allocated to 0
----------------------

----------------------
TP37 not allocated
----------------------

----------------------
TP38 not allocated
----------------------

----------------------
TP39 allocated to 6
----------------------

----------------------
TP40 not allocated
----------------------

----------------------
TP41 not allocated
----------------------

----------------------
TP42 not allocated
----------------------

----------------------
TP43 allocated to 10
----------------------

----------------------
TP44 not allocated
----------------------

----------------------
TP45 not allocated
----------------------

----------------------
TP46 allocated to 7
----------------------

----------------------
TP47 not allocated
----------------------

----------------------
TP48 not allocated
----------------------

----------------------
TP49 allocated to 9
----------------------

----------------------
TP50 allocated to 7
----------------------

----------------------
TP51 not allocated
----------------------

----------------------
TP52 not allocated
----------------------

----------------------
TP53 not allocated
----------------------

----------------------
TP54 not allocated
----------------------

----------------------
TP55 allocated to 9
----------------------

----------------------
TP56 allocated to 11
----------------------

----------------------
TP57 not allocated
----------------------

----------------------
TP58 allocated to 11
----------------------

----------------------
TP59 not allocated
----------------------

----------------------
TP60 not allocated
----------------------

----------------------
TP61 not allocated
----------------------

----------------------
TP62 not allocated
----------------------

----------------------
TP63 not allocated
----------------------

----------------------
TP64 allocated to 0
----------------------

----------------------
TP65 not allocated
----------------------

----------------------
TP66 allocated to 12
----------------------

----------------------
TP67 allocated to 12
----------------------

----------------------
TP68 allocated to 13
----------------------

----------------------
TP69 not allocated
----------------------

----------------------
TP70 not allocated
----------------------

----------------------
TP71 allocated to 0
----------------------

----------------------
TP72 not allocated
----------------------

----------------------
TP73 not allocated
----------------------

----------------------
TP74 not allocated
----------------------

----------------------
TP75 allocated to 14
----------------------

----------------------
TP76 not allocated
----------------------

----------------------
TP77 not allocated
----------------------

----------------------
TP78 not allocated
----------------------

----------------------
TP79 not allocated
----------------------

----------------------
TP80 not allocated
----------------------

----------------------
TP81 allocated to 13
----------------------

----------------------
TP82 not allocated
----------------------

----------------------
TP83 not allocated
----------------------

----------------------
TP84 allocated to 15
----------------------

----------------------
TP85 not allocated
----------------------

----------------------
TP86 allocated to 14
----------------------

----------------------
TP87 not allocated
----------------------

----------------------
TP88 allocated to 14
----------------------

----------------------
TP89 allocated to 4
----------------------

----------------------
TP90 not allocated
----------------------

----------------------
TP91 not allocated
----------------------

----------------------
TP92 allocated to 16
----------------------

----------------------
TP93 not allocated
----------------------

----------------------
TP94 allocated to 13
----------------------

----------------------
TP95 not allocated
----------------------

----------------------
TP96 not allocated
----------------------

----------------------
TP97 allocated to 10
----------------------

----------------------
TP98 not allocated
----------------------

----------------------
TP99 allocated to 8
----------------------

----------------------
TP100 not allocated
----------------------

----------------------
TP101 not allocated
----------------------

----------------------
TP102 not allocated
----------------------

----------------------
TP103 not allocated
----------------------

----------------------
TP104 not allocated
----------------------

----------------------
TP105 allocated to 2
----------------------

----------------------
TP106 not allocated
----------------------

----------------------
TP107 not allocated
----------------------

----------------------
TP108 not allocated
----------------------

----------------------
TP109 not allocated
----------------------

----------------------
TP110 not allocated
----------------------

----------------------
TP111 not allocated
----------------------

----------------------
TP112 not allocated
----------------------

----------------------
TP113 not allocated
----------------------

----------------------
TP114 not allocated
----------------------

----------------------
TP115 not allocated
----------------------

----------------------
TP116 not allocated
----------------------

----------------------
TP117 not allocated
----------------------

----------------------
TP118 not allocated
----------------------

----------------------
TP119 allocated to 15
----------------------

----------------------
TP120 allocated to 6
----------------------

----------------------
TP121 allocated to 2
----------------------

----------------------
TP122 not allocated
----------------------

----------------------
TP123 allocated to 11
----------------------

----------------------
TP124 not allocated
----------------------

----------------------
TP125 not allocated
----------------------

----------------------
TP126 not allocated
----------------------

----------------------
TP127 not allocated
----------------------

----------------------
TP128 not allocated
----------------------

----------------------
TP129 not allocated
----------------------

----------------------
TP130 not allocated
----------------------

----------------------
TP131 allocated to 17
----------------------

----------------------
TP132 not allocated
----------------------

----------------------
TP133 allocated to 18
----------------------

----------------------
TP134 not allocated
----------------------

----------------------
TP135 not allocated
----------------------

----------------------
TP136 not allocated
----------------------

----------------------
TP137 allocated to 19
----------------------

----------------------
TP138 not allocated
----------------------

----------------------
TP139 not allocated
----------------------

----------------------
TP140 not allocated
----------------------

----------------------
TP141 not allocated
----------------------

----------------------
TP142 not allocated
----------------------

----------------------
TP143 not allocated
----------------------

----------------------
TP144 not allocated
----------------------

----------------------
TP145 not allocated
----------------------

----------------------
TP146 not allocated
----------------------

----------------------
TP147 not allocated
----------------------

----------------------
TP148 not allocated
----------------------

----------------------
TP149 not allocated
----------------------

----------------------
TP150 allocated to 20
----------------------

----------------------
TP151 not allocated
----------------------

----------------------
TP152 not allocated
----------------------

----------------------
TP153 allocated to 18
----------------------

----------------------
TP154 allocated to 21
----------------------

----------------------
TP155 not allocated
----------------------

----------------------
TP156 not allocated
----------------------

----------------------
TP157 not allocated
----------------------

----------------------
TP158 allocated to 10
----------------------

----------------------
TP159 allocated to 8
----------------------

----------------------
TP160 not allocated
----------------------

----------------------
TP161 not allocated
----------------------

----------------------
TP162 not allocated
----------------------

----------------------
TP163 allocated to 21
----------------------

----------------------
TP164 not allocated
----------------------

----------------------
TP165 not allocated
----------------------

----------------------
TP166 allocated to 22
----------------------

----------------------
TP167 allocated to 23
----------------------

----------------------
TP168 allocated to 14
----------------------

----------------------
TP169 not allocated
----------------------

----------------------
TP170 not allocated
----------------------

----------------------
TP171 not allocated
----------------------

----------------------
TP172 not allocated
----------------------

----------------------
TP173 allocated to 20
----------------------

----------------------
TP174 allocated to 19
----------------------

----------------------
TP175 not allocated
----------------------

----------------------
TP176 allocated to 19
----------------------

----------------------
TP177 not allocated
----------------------

----------------------
TP178 not allocated
----------------------

----------------------
TP179 not allocated
----------------------

----------------------
TP180 not allocated
----------------------

----------------------
TP181 not allocated
----------------------

----------------------
TP182 not allocated
----------------------

----------------------
TP183 not allocated
----------------------

----------------------
TP184 not allocated
----------------------

----------------------
TP185 not allocated
----------------------

----------------------
TP186 not allocated
----------------------

----------------------
TP187 not allocated
----------------------

----------------------
TP188 not allocated
----------------------

----------------------
TP189 not allocated
----------------------

----------------------
TP190 not allocated
----------------------

----------------------
TP191 allocated to 22
----------------------

----------------------
TP192 allocated to 16
----------------------

----------------------
TP193 allocated to 24
----------------------

----------------------
TP194 not allocated
----------------------

----------------------
TP195 not allocated
----------------------

----------------------
TP196 not allocated
----------------------

----------------------
TP197 not allocated
----------------------

----------------------
TP198 not allocated
----------------------

----------------------
TP199 not allocated
----------------------

----------------------
TP200 not allocated
----------------------

----------------------
TP201 not allocated
----------------------

----------------------
TP202 allocated to 15
----------------------

----------------------
TP203 not allocated
----------------------

----------------------
TP204 not allocated
----------------------

----------------------
TP205 allocated to 21
----------------------

----------------------
TP206 allocated to 17
----------------------

----------------------
TP207 not allocated
----------------------

----------------------
TP208 allocated to 25
----------------------

----------------------
TP209 not allocated
----------------------

----------------------
TP210 allocated to 23
----------------------

----------------------
TP211 not allocated
----------------------

----------------------
TP212 not allocated
----------------------

----------------------
TP213 allocated to 26
----------------------

----------------------
TP214 not allocated
----------------------

----------------------
TP215 not allocated
----------------------

----------------------
TP216 allocated to 27
----------------------

----------------------
TP217 not allocated
----------------------

----------------------
TP218 allocated to 28
----------------------

----------------------
TP219 allocated to 16
----------------------

----------------------
TP220 not allocated
----------------------

----------------------
TP221 not allocated
----------------------

----------------------
TP222 allocated to 28
----------------------

----------------------
TP223 not allocated
----------------------

----------------------
TP224 not allocated
----------------------

----------------------
TP225 allocated to 17
----------------------

----------------------
TP226 not allocated
----------------------

----------------------
TP227 not allocated
----------------------

----------------------
TP228 allocated to 21
----------------------

----------------------
TP229 allocated to 29
----------------------

----------------------
TP230 not allocated
----------------------

----------------------
TP231 not allocated
----------------------

----------------------
TP232 not allocated
----------------------

----------------------
TP233 allocated to 21
----------------------

----------------------
TP234 not allocated
----------------------

----------------------
TP235 allocated to 24
----------------------

----------------------
TP236 not allocated
----------------------

----------------------
TP237 not allocated
----------------------

----------------------
TP238 not allocated
----------------------

----------------------
TP239 not allocated
----------------------

----------------------
TP240 not allocated
----------------------

----------------------
TP241 not allocated
----------------------

----------------------
TP242 allocated to 6
----------------------

----------------------
TP243 not allocated
----------------------

----------------------
TP244 not allocated
----------------------

----------------------
TP245 not allocated
----------------------

----------------------
TP246 not allocated
----------------------

----------------------
TP247 allocated to 30
----------------------

----------------------
TP248 allocated to 6
----------------------

----------------------
TP249 not allocated
----------------------

----------------------
TP250 not allocated
----------------------

----------------------
TP251 allocated to 30
----------------------

----------------------
TP252 allocated to 31
----------------------

----------------------
TP253 not allocated
----------------------

----------------------
TP254 allocated to 12
----------------------

----------------------
TP255 not allocated
----------------------

----------------------
TP256 not allocated
----------------------

----------------------
TP257 allocated to 32
----------------------

----------------------
TP258 not allocated
----------------------

----------------------
TP259 allocated to 33
----------------------

----------------------
TP260 allocated to 32
----------------------

----------------------
TP261 allocated to 25
----------------------

----------------------
TP262 not allocated
----------------------

----------------------
TP263 not allocated
----------------------

----------------------
TP264 not allocated
----------------------

----------------------
TP265 not allocated
----------------------

----------------------
TP266 not allocated
----------------------

----------------------
TP267 allocated to 30
----------------------

----------------------
TP268 allocated to 13
----------------------

----------------------
TP269 not allocated
----------------------

----------------------
TP270 not allocated
----------------------

----------------------
TP271 not allocated
----------------------

----------------------
TP272 allocated to 31
----------------------

----------------------
TP273 not allocated
----------------------

----------------------
TP274 allocated to 30
----------------------

----------------------
TP275 not allocated
----------------------

----------------------
TP276 not allocated
----------------------

----------------------
TP277 allocated to 29
----------------------

----------------------
TP278 allocated to 34
----------------------

----------------------
TP279 not allocated
----------------------

----------------------
TP280 allocated to 33
----------------------

----------------------
TP281 not allocated
----------------------

----------------------
TP282 not allocated
----------------------

----------------------
TP283 not allocated
----------------------

----------------------
TP284 not allocated
----------------------

----------------------
TP285 not allocated
----------------------

----------------------
TP286 allocated to 29
----------------------

----------------------
TP287 allocated to 33
----------------------

----------------------
TP288 not allocated
----------------------

----------------------
TP289 not allocated
----------------------

----------------------
TP290 not allocated
----------------------

----------------------
TP291 not allocated
----------------------

----------------------
TP292 not allocated
----------------------

----------------------
TP293 not allocated
----------------------

----------------------
TP294 not allocated
----------------------

----------------------
TP295 allocated to 21
----------------------

----------------------
TP296 not allocated
----------------------

----------------------
TP297 not allocated
----------------------

----------------------
TP298 not allocated
----------------------

----------------------
TP299 not allocated
----------------------

----------------------
TP300 not allocated
----------------------

----------------------
TP301 not allocated
----------------------

----------------------
TP302 not allocated
----------------------

----------------------
TP303 not allocated
----------------------

----------------------
TP304 not allocated
----------------------

----------------------
TP305 not allocated
----------------------

----------------------
TP306 not allocated
----------------------

----------------------
TP307 not allocated
----------------------

----------------------
TP308 not allocated
----------------------

----------------------
TP309 not allocated
----------------------

----------------------
TP310 allocated to 30
----------------------

----------------------
TP311 not allocated
----------------------

----------------------
TP312 not allocated
----------------------

----------------------
TP313 not allocated
----------------------

----------------------
TP314 allocated to 27
----------------------

----------------------
TP315 not allocated
----------------------

----------------------
TP316 not allocated
----------------------

----------------------
TP317 not allocated
----------------------

----------------------
TP318 allocated to 10
----------------------

----------------------
TP319 not allocated
----------------------

----------------------
TP320 not allocated
----------------------

----------------------
TP321 not allocated
----------------------

----------------------
TP322 not allocated
----------------------

----------------------
TP323 not allocated
----------------------

----------------------
TP324 not allocated
----------------------

----------------------
TP325 not allocated
----------------------

----------------------
TP326 not allocated
----------------------

----------------------
TP327 not allocated
----------------------

----------------------
TP328 not allocated
----------------------

----------------------
TP329 allocated to 26
----------------------

----------------------
TP330 not allocated
----------------------

----------------------
TP331 not allocated
----------------------

----------------------
TP332 not allocated
----------------------

----------------------
TP333 not allocated
----------------------

----------------------
TP334 allocated to 30
----------------------

----------------------
TP335 not allocated
----------------------

----------------------
TP336 not allocated
----------------------

----------------------
TP337 not allocated
----------------------

----------------------
TP338 not allocated
----------------------

----------------------
TP339 not allocated
----------------------

----------------------
TP340 not allocated
----------------------

----------------------
TP341 not allocated
----------------------

----------------------
TP342 allocated to 34
----------------------

----------------------
TP343 not allocated
----------------------

----------------------
TP344 not allocated
----------------------

----------------------
TP345 not allocated
----------------------

----------------------
TP346 not allocated
----------------------

----------------------
TP347 not allocated
----------------------

----------------------
TP348 not allocated
----------------------

----------------------
TP349 not allocated
----------------------

----------------------
TP350 not allocated
----------------------

----------------------
TP351 not allocated
----------------------

----------------------
TP352 not allocated
----------------------

----------------------
TP353 allocated to 28
----------------------

----------------------
TP354 not allocated
----------------------

----------------------
TP355 allocated to 3
----------------------

----------------------
TP356 not allocated
----------------------

----------------------
TP357 not allocated
----------------------

----------------------
TP358 not allocated
----------------------

----------------------
TP359 allocated to 31
----------------------

----------------------
TP360 not allocated
----------------------

----------------------
TP361 not allocated
----------------------

----------------------
TP362 not allocated
----------------------

----------------------
TP363 not allocated
----------------------

----------------------
TP364 not allocated
----------------------

----------------------
TP365 not allocated
----------------------

----------------------
TP366 allocated to 9
----------------------

----------------------
TP367 not allocated
----------------------

----------------------
TP368 not allocated
----------------------

----------------------
TP369 not allocated
----------------------

----------------------
TP370 not allocated
----------------------

----------------------
TP371 not allocated
----------------------

----------------------
TP372 not allocated
----------------------

----------------------
TP373 not allocated
----------------------

----------------------
TP374 not allocated
----------------------

----------------------
TP375 not allocated
----------------------

----------------------
TP376 not allocated
----------------------

----------------------
TP377 not allocated
----------------------

----------------------
TP378 not allocated
----------------------

----------------------
TP379 not allocated
----------------------

----------------------
TP380 not allocated
----------------------

----------------------
TP381 not allocated
----------------------

----------------------
TP382 not allocated
----------------------

----------------------
TP383 not allocated
----------------------

----------------------
TP384 not allocated
----------------------

----------------------
TP385 not allocated
----------------------

----------------------
TP386 not allocated
----------------------

----------------------
TP387 allocated to 7
----------------------

----------------------
TP388 allocated to 0
----------------------

----------------------
TP389 not allocated
----------------------

----------------------
TP390 not allocated
----------------------

----------------------
TP391 not allocated
----------------------

----------------------
TP392 not allocated
----------------------

----------------------
TP393 not allocated
----------------------

----------------------
TP394 not allocated
----------------------

----------------------
TP395 not allocated
----------------------

----------------------
TP396 not allocated
----------------------

----------------------
TP397 not allocated
----------------------

----------------------
TP398 not allocated
----------------------

----------------------
TP399 not allocated
----------------------

----------------------
TP400 not allocated
----------------------

----------------------
TP401 not allocated
----------------------

----------------------
TP402 not allocated
----------------------

----------------------
TP403 not allocated
----------------------

----------------------
TP404 not allocated
----------------------

----------------------
TP405 not allocated
----------------------

----------------------
TP406 allocated to 31
----------------------

----------------------
TP407 allocated to 1
----------------------

----------------------
TP408 not allocated
----------------------

----------------------
TP409 not allocated
----------------------

----------------------
TP410 allocated to 5
----------------------

----------------------
TP411 not allocated
----------------------

----------------------
TP412 not allocated
----------------------

----------------------
TP413 not allocated
----------------------

----------------------
TP414 not allocated
----------------------

----------------------
TP415 not allocated
----------------------

----------------------
TP416 not allocated
----------------------

----------------------
TP417 allocated to 17
----------------------

----------------------
TP418 not allocated
----------------------

----------------------
TP419 not allocated
----------------------

----------------------
TP420 not allocated
----------------------

----------------------
TP421 not allocated
----------------------

----------------------
TP422 not allocated
----------------------

----------------------
TP423 not allocated
----------------------

----------------------
TP424 not allocated
----------------------

----------------------
TP425 not allocated
----------------------

----------------------
TP426 not allocated
----------------------

----------------------
TP427 not allocated
----------------------

----------------------
TP428 not allocated
----------------------

----------------------
TP429 not allocated
----------------------

----------------------
TP430 not allocated
----------------------

----------------------
TP431 not allocated
----------------------

----------------------
TP432 not allocated
----------------------

----------------------
TP433 not allocated
----------------------

----------------------
TP434 not allocated
----------------------

----------------------
TP435 not allocated
----------------------

----------------------
TP436 not allocated
----------------------

----------------------
TP437 not allocated
----------------------

----------------------
TP438 not allocated
----------------------

----------------------
TP439 allocated to 25
----------------------

----------------------
TP440 not allocated
----------------------

----------------------
TP441 not allocated
----------------------

----------------------
TP442 not allocated
----------------------

----------------------
TP443 not allocated
----------------------

----------------------
TP444 not allocated
----------------------

----------------------
TP445 not allocated
----------------------

----------------------
TP446 not allocated
----------------------

----------------------
TP447 not allocated
----------------------

----------------------
TP448 not allocated
----------------------

----------------------
TP449 not allocated
----------------------

----------------------
TP450 not allocated
----------------------

----------------------
TP451 not allocated
----------------------

----------------------
TP452 not allocated
----------------------

----------------------
TP453 not allocated
----------------------

----------------------
TP454 not allocated
----------------------

----------------------
TP455 not allocated
----------------------

----------------------
TP456 not allocated
----------------------

----------------------
TP457 allocated to 15
----------------------

----------------------
TP458 not allocated
----------------------

----------------------
TP459 not allocated
----------------------

----------------------
TP460 not allocated
----------------------

----------------------
TP461 not allocated
----------------------

----------------------
TP462 not allocated
----------------------

----------------------
TP463 not allocated
----------------------

----------------------
TP464 not allocated
----------------------

----------------------
TP465 not allocated
----------------------

----------------------
TP466 not allocated
----------------------

----------------------
TP467 allocated to 26
----------------------

----------------------
TP468 not allocated
----------------------

----------------------
TP469 not allocated
----------------------

----------------------
TP470 not allocated
----------------------

----------------------
TP471 not allocated
----------------------

----------------------
TP472 not allocated
----------------------

----------------------
TP473 not allocated
----------------------

----------------------
TP474 not allocated
----------------------

----------------------
TP475 not allocated
----------------------

----------------------
TP476 not allocated
----------------------

----------------------
TP477 not allocated
----------------------

----------------------
TP478 not allocated
----------------------

----------------------
TP479 not allocated
----------------------

----------------------
TP480 not allocated
----------------------

----------------------
TP481 not allocated
----------------------

----------------------
TP482 not allocated
----------------------

----------------------
TP483 not allocated
----------------------

----------------------
TP484 not allocated
----------------------

----------------------
TP485 not allocated
----------------------

----------------------
TP486 not allocated
----------------------

----------------------
TP487 not allocated
----------------------

----------------------
TP488 not allocated
----------------------

----------------------
TP489 not allocated
----------------------

----------------------
TP490 not allocated
----------------------

----------------------
TP491 not allocated
----------------------

----------------------
TP492 not allocated
----------------------

----------------------
TP493 allocated to 12
----------------------

----------------------
TP494 not allocated
----------------------

----------------------
TP495 not allocated
----------------------

----------------------
TP496 not allocated
----------------------

----------------------
TP497 not allocated
----------------------

----------------------
TP498 not allocated
----------------------

----------------------
TP499 not allocated
----------------------

----------------------
TP500 not allocated
----------------------

----------------------
TP501 not allocated
----------------------

----------------------
TP502 not allocated
----------------------

----------------------
TP503 not allocated
----------------------

----------------------
TP504 not allocated
----------------------

----------------------
TP505 not allocated
----------------------

----------------------
TP506 not allocated
----------------------

----------------------
TP507 not allocated
----------------------

----------------------
TP508 not allocated
----------------------

----------------------
TP509 not allocated
----------------------

----------------------
TP510 not allocated
----------------------

----------------------
TP511 not allocated
----------------------

----------------------
TP512 not allocated
----------------------

----------------------
TP513 not allocated
----------------------

----------------------
TP514 not allocated
----------------------

----------------------
TP515 not allocated
----------------------

----------------------
TP516 not allocated
----------------------

----------------------
TP517 not allocated
----------------------

----------------------
TP518 not allocated
----------------------

----------------------
TP519 not allocated
----------------------

----------------------
TP520 not allocated
----------------------

----------------------
TP521 not allocated
----------------------

----------------------
TP522 not allocated
----------------------

----------------------
TP523 not allocated
----------------------

----------------------
TP524 not allocated
----------------------

----------------------
TP525 not allocated
----------------------

----------------------
TP526 not allocated
----------------------

----------------------
TP527 not allocated
----------------------

----------------------
TP528 not allocated
----------------------

----------------------
TP529 allocated to 18
----------------------

----------------------
TP530 not allocated
----------------------

----------------------
TP531 not allocated
----------------------

----------------------
TP532 allocated to 25
----------------------

----------------------
TP533 not allocated
----------------------

----------------------
TP534 not allocated
----------------------

----------------------
TP535 not allocated
----------------------

----------------------
TP536 not allocated
----------------------

----------------------
TP537 not allocated
----------------------

----------------------
TP538 not allocated
----------------------

----------------------
TP539 not allocated
----------------------

----------------------
TP540 not allocated
----------------------

----------------------
TP541 not allocated
----------------------

----------------------
TP542 not allocated
----------------------

----------------------
TP543 not allocated
----------------------

----------------------
TP544 not allocated
----------------------

----------------------
TP545 not allocated
----------------------

----------------------
TP546 not allocated
----------------------

----------------------
TP547 not allocated
----------------------

----------------------
TP548 not allocated
----------------------

----------------------
TP549 not allocated
----------------------

----------------------
TP550 not allocated
----------------------

----------------------
TP551 not allocated
----------------------

----------------------
TP552 not allocated
----------------------

----------------------
TP553 not allocated
----------------------

----------------------
TP554 not allocated
----------------------

----------------------
TP555 not allocated
----------------------

----------------------
TP556 not allocated
----------------------

----------------------
TP557 not allocated
----------------------

----------------------
TP558 not allocated
----------------------

----------------------
TP559 not allocated
----------------------

----------------------
TP560 not allocated
----------------------

----------------------
TP561 not allocated
----------------------

----------------------
TP562 not allocated
----------------------

----------------------
TP563 not allocated
----------------------

----------------------
TP564 not allocated
----------------------

----------------------
TP565 not allocated
----------------------

----------------------
TP566 not allocated
----------------------

----------------------
TP567 not allocated
----------------------

----------------------
TP568 allocated to 7
----------------------

----------------------
TP569 not allocated
----------------------

----------------------
TP570 not allocated
----------------------

----------------------
TP571 not allocated
----------------------

----------------------
TP572 allocated to 28
----------------------

----------------------
TP573 not allocated
----------------------

----------------------
TP574 not allocated
----------------------

----------------------
TP575 not allocated
----------------------

----------------------
TP576 not allocated
----------------------

----------------------
TP577 not allocated
----------------------

----------------------
TP578 not allocated
----------------------

----------------------
TP579 not allocated
----------------------

----------------------
TP580 not allocated
----------------------

----------------------
TP581 not allocated
----------------------

----------------------
TP582 not allocated
----------------------

----------------------
TP583 not allocated
----------------------

----------------------
TP584 not allocated
----------------------

----------------------
TP585 not allocated
----------------------

----------------------
TP586 not allocated
----------------------

----------------------
TP587 not allocated
----------------------

----------------------
TP588 not allocated
----------------------

----------------------
TP589 not allocated
----------------------

----------------------
TP590 not allocated
----------------------

----------------------
TP591 not allocated
----------------------

----------------------
TP592 not allocated
----------------------

----------------------
TP593 not allocated
----------------------

----------------------
TP594 not allocated
----------------------

----------------------
TP595 not allocated
----------------------

----------------------
TP596 not allocated
----------------------

----------------------
TP597 not allocated
----------------------

----------------------
TP598 not allocated
----------------------

----------------------
TP599 not allocated
----------------------

----------------------
TP600 not allocated
----------------------

----------------------
TP601 not allocated
----------------------

----------------------
TP602 not allocated
----------------------

----------------------
TP603 not allocated
----------------------

----------------------
TP604 not allocated
----------------------

----------------------
TP605 not allocated
----------------------

----------------------
TP606 not allocated
----------------------

----------------------
TP607 not allocated
----------------------

----------------------
TP608 not allocated
----------------------

----------------------
TP609 not allocated
----------------------

----------------------
TP610 allocated to 8
----------------------

----------------------
TP611 not allocated
----------------------

----------------------
TP612 not allocated
----------------------

----------------------
TP613 not allocated
----------------------

----------------------
TP614 not allocated
----------------------

----------------------
TP615 not allocated
----------------------

----------------------
TP616 not allocated
----------------------

----------------------
TP617 not allocated
----------------------

----------------------
TP618 allocated to 31
----------------------

----------------------
TP619 not allocated
----------------------

----------------------
TP620 not allocated
----------------------

----------------------
TP621 not allocated
----------------------

----------------------
TP622 not allocated
----------------------

----------------------
TP623 not allocated
----------------------

----------------------
TP624 not allocated
----------------------

----------------------
TP625 not allocated
----------------------

----------------------
TP626 not allocated
----------------------

----------------------
TP627 not allocated
----------------------

----------------------
TP628 not allocated
----------------------

----------------------
TP629 not allocated
----------------------

----------------------
TP630 not allocated
----------------------

----------------------
TP631 not allocated
----------------------

----------------------
TP632 not allocated
----------------------

----------------------
TP633 not allocated
----------------------

----------------------
TP634 not allocated
----------------------

----------------------
TP635 allocated to 32
----------------------

----------------------
TP636 not allocated
----------------------

----------------------
TP637 not allocated
----------------------

----------------------
TP638 not allocated
----------------------

----------------------
TP639 not allocated
----------------------

----------------------
TP640 not allocated
----------------------

----------------------
TP641 not allocated
----------------------

----------------------
TP642 not allocated
----------------------

----------------------
TP643 not allocated
----------------------

----------------------
TP644 not allocated
----------------------

----------------------
TP645 not allocated
----------------------

----------------------
TP646 not allocated
----------------------

----------------------
TP647 not allocated
----------------------

----------------------
TP648 not allocated
----------------------

----------------------
TP649 not allocated
----------------------

----------------------
TP650 not allocated
----------------------

----------------------
TP651 not allocated
----------------------

----------------------
TP652 not allocated
----------------------

----------------------
TP653 not allocated
----------------------

----------------------
TP654 not allocated
----------------------

----------------------
TP655 not allocated
----------------------

----------------------
TP656 not allocated
----------------------

----------------------
TP657 not allocated
----------------------

----------------------
TP658 not allocated
----------------------

----------------------
TP659 not allocated
----------------------

----------------------
TP660 not allocated
----------------------

----------------------
TP661 not allocated
----------------------

----------------------
TP662 not allocated
----------------------

----------------------
TP663 not allocated
----------------------

----------------------
TP664 not allocated
----------------------

----------------------
TP665 not allocated
----------------------

----------------------
TP666 not allocated
----------------------

----------------------
TP667 not allocated
----------------------

----------------------
TP668 not allocated
----------------------

----------------------
TP669 not allocated
----------------------

----------------------
TP670 not allocated
----------------------

----------------------
TP671 not allocated
----------------------

----------------------
TP672 not allocated
----------------------

----------------------
TP673 not allocated
----------------------

----------------------
TP674 not allocated
----------------------

----------------------
TP675 not allocated
----------------------

----------------------
TP676 not allocated
----------------------

----------------------
TP677 not allocated
----------------------

----------------------
TP678 not allocated
----------------------

----------------------
TP679 not allocated
----------------------

----------------------
TP680 not allocated
----------------------

----------------------
TP681 not allocated
----------------------

----------------------
TP682 not allocated
----------------------

----------------------
TP683 not allocated
----------------------

----------------------
TP684 not allocated
----------------------

----------------------
TP685 not allocated
----------------------

----------------------
TP686 not allocated
----------------------

----------------------
TP687 not allocated
----------------------

----------------------
TP688 not allocated
----------------------

----------------------
TP689 allocated to 5
----------------------

----------------------
TP690 allocated to 24
----------------------

----------------------
TP691 not allocated
----------------------

----------------------
TP692 not allocated
----------------------

----------------------
TP693 not allocated
----------------------

----------------------
TP694 not allocated
----------------------

----------------------
TP695 not allocated
----------------------

----------------------
TP696 not allocated
----------------------

----------------------
TP697 not allocated
----------------------

----------------------
TP698 not allocated
----------------------

----------------------
TP699 not allocated
----------------------

----------------------
TP700 not allocated
----------------------

----------------------
TP701 not allocated
----------------------

----------------------
TP702 not allocated
----------------------

----------------------
TP703 not allocated
----------------------

----------------------
TP704 not allocated
----------------------

----------------------
TP705 not allocated
----------------------

----------------------
TP706 not allocated
----------------------

----------------------
TP707 not allocated
----------------------

----------------------
TP708 not allocated
----------------------

----------------------
TP709 not allocated
----------------------

----------------------
TP710 not allocated
----------------------

----------------------
TP711 not allocated
----------------------

----------------------
TP712 not allocated
----------------------

----------------------
TP713 not allocated
----------------------

----------------------
TP714 not allocated
----------------------

----------------------
TP715 not allocated
----------------------

----------------------
TP716 not allocated
----------------------

----------------------
TP717 not allocated
----------------------

----------------------
TP718 not allocated
----------------------

----------------------
TP719 not allocated
----------------------

----------------------
TP720 not allocated
----------------------

----------------------
TP721 not allocated
----------------------

----------------------
TP722 not allocated
----------------------

----------------------
TP723 not allocated
----------------------

----------------------
TP724 not allocated
----------------------

----------------------
TP725 not allocated
----------------------

----------------------
TP726 not allocated
----------------------

----------------------
TP727 not allocated
----------------------

----------------------
TP728 not allocated
----------------------

----------------------
TP729 not allocated
----------------------

----------------------
TP730 not allocated
----------------------

----------------------
TP731 not allocated
----------------------

----------------------
TP732 not allocated
----------------------

----------------------
TP733 not allocated
----------------------

----------------------
TP734 not allocated
----------------------

----------------------
TP735 not allocated
----------------------

----------------------
TP736 not allocated
----------------------

----------------------
TP737 not allocated
----------------------

----------------------
TP738 not allocated
----------------------

----------------------
TP739 not allocated
----------------------

----------------------
TP740 not allocated
----------------------

----------------------
TP741 not allocated
----------------------

----------------------
TP742 not allocated
----------------------

----------------------
TP743 not allocated
----------------------

----------------------
TP744 not allocated
----------------------

----------------------
TP745 not allocated
----------------------

----------------------
TP746 allocated to 20
----------------------

----------------------
TP747 not allocated
----------------------

----------------------
TP748 not allocated
----------------------

----------------------
TP749 not allocated
----------------------

----------------------
TP750 not allocated
----------------------

----------------------
TP751 not allocated
----------------------

----------------------
TP752 not allocated
----------------------

----------------------
TP753 not allocated
----------------------

----------------------
TP754 not allocated
----------------------

----------------------
TP755 not allocated
----------------------

----------------------
TP756 not allocated
----------------------

----------------------
TP757 not allocated
----------------------

----------------------
TP758 not allocated
----------------------

----------------------
TP759 not allocated
----------------------

----------------------
TP760 allocated to 14
----------------------

----------------------
TP761 not allocated
----------------------

----------------------
TP762 not allocated
----------------------

----------------------
TP763 not allocated
----------------------

----------------------
TP764 not allocated
----------------------

----------------------
TP765 not allocated
----------------------

----------------------
TP766 not allocated
----------------------

----------------------
TP767 not allocated
----------------------

----------------------
TP768 not allocated
----------------------

----------------------
TP769 not allocated
----------------------

----------------------
TP770 not allocated
----------------------

----------------------
TP771 not allocated
----------------------

----------------------
TP772 not allocated
----------------------

----------------------
TP773 not allocated
----------------------

----------------------
TP774 not allocated
----------------------

----------------------
TP775 not allocated
----------------------

----------------------
TP776 not allocated
----------------------

----------------------
TP777 not allocated
----------------------

----------------------
TP778 not allocated
----------------------

----------------------
TP779 not allocated
----------------------

----------------------
TP780 allocated to 18
----------------------

----------------------
TP781 not allocated
----------------------

----------------------
TP782 not allocated
----------------------

----------------------
TP783 not allocated
----------------------

----------------------
TP784 not allocated
----------------------

----------------------
TP785 not allocated
----------------------

----------------------
TP786 not allocated
----------------------

----------------------
TP787 not allocated
----------------------

----------------------
TP788 not allocated
----------------------

----------------------
TP789 not allocated
----------------------

----------------------
TP790 not allocated
----------------------

----------------------
TP791 not allocated
----------------------

----------------------
TP792 not allocated
----------------------

----------------------
TP793 not allocated
----------------------

----------------------
TP794 not allocated
----------------------

----------------------
TP795 not allocated
----------------------

----------------------
TP796 not allocated
----------------------

----------------------
TP797 not allocated
----------------------

----------------------
TP798 not allocated
----------------------

----------------------
TP799 not allocated
----------------------

----------------------
TP800 not allocated
----------------------

----------------------
TP801 not allocated
----------------------

----------------------
TP802 not allocated
----------------------

----------------------
TP803 not allocated
----------------------

----------------------
TP804 not allocated
----------------------

----------------------
TP805 not allocated
----------------------

----------------------
TP806 not allocated
----------------------

----------------------
TP807 not allocated
----------------------

----------------------
TP808 not allocated
----------------------

----------------------
TP809 not allocated
----------------------

----------------------
TP810 not allocated
----------------------

----------------------
TP811 not allocated
----------------------

----------------------
TP812 not allocated
----------------------

----------------------
TP813 not allocated
----------------------

----------------------
TP814 not allocated
----------------------

----------------------
TP815 not allocated
----------------------

----------------------
TP816 not allocated
----------------------

----------------------
TP817 not allocated
----------------------

----------------------
TP818 not allocated
----------------------

----------------------
TP819 not allocated
----------------------

----------------------
TP820 not allocated
----------------------

----------------------
TP821 allocated to 32
----------------------

----------------------
TP822 not allocated
----------------------

----------------------
TP823 not allocated
----------------------

----------------------
TP824 not allocated
----------------------

----------------------
TP825 not allocated
----------------------

----------------------
TP826 not allocated
----------------------

----------------------
TP827 not allocated
----------------------

----------------------
TP828 not allocated
----------------------

----------------------
TP829 not allocated
----------------------

----------------------
TP830 not allocated
----------------------

----------------------
TP831 not allocated
----------------------

----------------------
TP832 not allocated
----------------------

----------------------
TP833 not allocated
----------------------

----------------------
TP834 not allocated
----------------------

----------------------
TP835 not allocated
----------------------

----------------------
TP836 not allocated
----------------------

----------------------
TP837 not allocated
----------------------

----------------------
TP838 not allocated
----------------------

----------------------
TP839 not allocated
----------------------

----------------------
TP840 not allocated
----------------------

----------------------
TP841 not allocated
----------------------

----------------------
TP842 not allocated
----------------------

----------------------
TP843 not allocated
----------------------

----------------------
TP844 not allocated
----------------------

----------------------
TP845 not allocated
----------------------

----------------------
TP846 not allocated
----------------------

----------------------
TP847 not allocated
----------------------

----------------------
TP848 not allocated
----------------------

----------------------
TP849 not allocated
----------------------

----------------------
TP850 not allocated
----------------------

----------------------
TP851 not allocated
----------------------

----------------------
TP852 not allocated
----------------------

----------------------
TP853 not allocated
----------------------

----------------------
TP854 not allocated
----------------------

----------------------
TP855 not allocated
----------------------

----------------------
TP856 not allocated
----------------------

----------------------
TP857 not allocated
----------------------

----------------------
TP858 not allocated
----------------------

----------------------
TP859 not allocated
----------------------

----------------------
TP860 not allocated
----------------------

----------------------
TP861 not allocated
----------------------

----------------------
TP862 not allocated
----------------------

----------------------
TP863 not allocated
----------------------

----------------------
TP864 not allocated
----------------------

----------------------
TP865 not allocated
----------------------

----------------------
TP866 not allocated
----------------------

----------------------
TP867 not allocated
----------------------

----------------------
TP868 not allocated
----------------------

----------------------
TP869 not allocated
----------------------

----------------------
TP870 not allocated
----------------------

----------------------
TP871 not allocated
----------------------

----------------------
TP872 not allocated
----------------------

----------------------
TP873 not allocated
----------------------

----------------------
TP874 not allocated
----------------------

----------------------
TP875 not allocated
----------------------

----------------------
TP876 allocated to 0
----------------------

----------------------
TP877 not allocated
----------------------

----------------------
TP878 not allocated
----------------------

----------------------
TP879 not allocated
----------------------

----------------------
TP880 not allocated
----------------------

----------------------
TP881 not allocated
----------------------

----------------------
TP882 not allocated
----------------------

----------------------
TP883 not allocated
----------------------

----------------------
TP884 not allocated
----------------------

----------------------
TP885 not allocated
----------------------

----------------------
TP886 not allocated
----------------------

----------------------
TP887 not allocated
----------------------

----------------------
TP888 not allocated
----------------------

----------------------
TP889 not allocated
----------------------

----------------------
TP890 not allocated
----------------------

----------------------
TP891 not allocated
----------------------

----------------------
TP892 not allocated
----------------------

----------------------
TP893 not allocated
----------------------

----------------------
TP894 not allocated
----------------------

----------------------
TP895 not allocated
----------------------

----------------------
TP896 not allocated
----------------------

----------------------
TP897 not allocated
----------------------

----------------------
TP898 not allocated
----------------------

----------------------
TP899 not allocated
----------------------

----------------------
TP900 not allocated
----------------------

----------------------
TP901 not allocated
----------------------

----------------------
TP902 not allocated
----------------------

----------------------
TP903 not allocated
----------------------

----------------------
TP904 not allocated
----------------------

----------------------
TP905 not allocated
----------------------

----------------------
TP906 not allocated
----------------------

----------------------
TP907 not allocated
----------------------

----------------------
TP908 not allocated
----------------------

----------------------
TP909 not allocated
----------------------

----------------------
TP910 not allocated
----------------------

----------------------
TP911 not allocated
----------------------

----------------------
TP912 not allocated
----------------------

----------------------
TP913 not allocated
----------------------

----------------------
TP914 not allocated
----------------------

----------------------
TP915 not allocated
----------------------

----------------------
TP916 not allocated
----------------------

----------------------
TP917 not allocated
----------------------

----------------------
TP918 not allocated
----------------------

----------------------
TP919 not allocated
----------------------

----------------------
TP920 not allocated
----------------------

----------------------
TP921 not allocated
----------------------

----------------------
TP922 not allocated
----------------------

----------------------
TP923 not allocated
----------------------

----------------------
TP924 not allocated
----------------------

----------------------
TP925 not allocated
----------------------

----------------------
TP926 not allocated
----------------------

----------------------
TP927 not allocated
----------------------

----------------------
TP928 not allocated
----------------------

----------------------
TP929 not allocated
----------------------

----------------------
TP930 not allocated
----------------------

----------------------
TP931 not allocated
----------------------

----------------------
TP932 not allocated
----------------------

----------------------
TP933 not allocated
----------------------

----------------------
TP934 not allocated
----------------------

----------------------
TP935 not allocated
----------------------

----------------------
TP936 not allocated
----------------------

----------------------
TP937 not allocated
----------------------

----------------------
TP938 not allocated
----------------------

----------------------
TP939 allocated to 32
----------------------

----------------------
TP940 not allocated
----------------------

----------------------
TP941 not allocated
----------------------

----------------------
TP942 not allocated
----------------------

----------------------
TP943 not allocated
----------------------

----------------------
TP944 not allocated
----------------------

----------------------
TP945 not allocated
----------------------

----------------------
TP946 not allocated
----------------------

----------------------
TP947 not allocated
----------------------

----------------------
TP948 not allocated
----------------------

----------------------
TP949 not allocated
----------------------

----------------------
TP950 not allocated
----------------------

----------------------
TP951 not allocated
----------------------

----------------------
TP952 not allocated
----------------------

----------------------
TP953 not allocated
----------------------

----------------------
TP954 allocated to 15
----------------------

----------------------
TP955 not allocated
----------------------

----------------------
TP956 not allocated
----------------------

----------------------
TP957 not allocated
----------------------

----------------------
TP958 not allocated
----------------------

----------------------
TP959 not allocated
----------------------

----------------------
TP960 not allocated
----------------------

----------------------
TP961 not allocated
----------------------

----------------------
TP962 not allocated
----------------------

----------------------
TP963 not allocated
----------------------

----------------------
TP964 not allocated
----------------------

----------------------
TP965 not allocated
----------------------

----------------------
TP966 not allocated
----------------------

----------------------
TP967 not allocated
----------------------

----------------------
TP968 not allocated
----------------------

----------------------
TP969 not allocated
----------------------

----------------------
TP970 not allocated
----------------------

----------------------
TP971 not allocated
----------------------

----------------------
TP972 not allocated
----------------------

----------------------
TP973 not allocated
----------------------

----------------------
TP974 not allocated
----------------------

----------------------
TP975 not allocated
----------------------

----------------------
TP976 not allocated
----------------------

----------------------
TP977 not allocated
----------------------

----------------------
TP978 not allocated
----------------------

----------------------
TP979 not allocated
----------------------

----------------------
TP980 not allocated
----------------------

----------------------
TP981 not allocated
----------------------

----------------------
TP982 not allocated
----------------------

----------------------
TP983 not allocated
----------------------

----------------------
TP984 not allocated
----------------------

----------------------
TP985 not allocated
----------------------

----------------------
TP986 allocated to 11
----------------------

----------------------
TP987 not allocated
----------------------

----------------------
TP988 not allocated
----------------------

----------------------
TP989 not allocated
----------------------

----------------------
TP990 not allocated
----------------------

----------------------
TP991 not allocated
----------------------

----------------------
TP992 not allocated
----------------------

----------------------
TP993 not allocated
----------------------

----------------------
TP994 not allocated
----------------------

----------------------
TP995 not allocated
----------------------

----------------------
TP996 not allocated
----------------------

----------------------
TP997 not allocated
----------------------

----------------------
TP998 not allocated
----------------------

----------------------
TP999 not allocated
----------------------

----------------------
TP1000 not allocated
----------------------
