100 100 665
16
0 74 59
1 23 42
2 67 23
3 60 30
4 17 44
5 85 71
6 94 68
7 11 36
8 51 16
9 44 93
10 5 48
11 43 74
12 15 20
13 90 14
14 63 85
15 41 71
16
0 0 214 100 6
0
1 1 173 100 6
0
2 2 184 100 6
0
3 3 193 100 6
0
4 4 201 100 6
0
5 5 213 100 6
0
6 6 182 100 6
0
7 7 182 100 6
0
8 8 174 100 6
0
9 9 208 100 6
0
10 10 203 100 6
0
11 11 211 100 6
0
12 12 194 100 6
0
13 13 201 100 6
0
14 14 203 100 6
0
15 15 191 100 6
0
300
1 3 -1
2 26 1 26 3 57 112 113 115
2 12 -1
5 33 80 37 80 60 115 116 120
3 11 -1
7 86 75 86 76 62 117 118 121
4 1 -1
8 10 31 12 36 63 118 119 127
5 3 -1
9 26 42 31 42 64 119 120 125
6 11 -1
10 98 82 99 85 65 120 121 124
7 8 -1
11 74 44 79 44 66 121 122 127
8 4 -1
12 4 16 5 17 67 122 123 124
9 9 -1
13 58 2 59 2 68 123 124 125
10 15 -1
14 17 66 20 66 69 124 125 127
11 11 -1
15 91 18 92 23 70 125 126 131
12 12 -1
17 50 2 50 6 72 127 128 131
13 11 -1
18 74 2 75 7 73 128 129 134
14 1 -1
19 71 62 72 62 74 129 130 130
15 7 -1
20 65 53 66 54 75 130 131 132
16 5 -1
21 4 44 6 44 76 131 132 133
17 14 -1
22 95 91 98 91 77 132 133 136
18 14 -1
24 74 1 75 2 79 134 135 136
19 4 -1
29 71 4 74 6 84 139 140 145
20 14 -1
30 46 0 47 0 85 140 141 142
21 10 -1
31 63 51 64 51 86 141 142 143
22 2 -1
33 77 28 77 31 88 143 144 149
23 3 -1
35 87 13 88 13 90 145 146 146
24 6 -1
36 41 36 43 36 91 146 147 148
25 8 -1
39 74 20 74 21 94 149 150 150
26 11 -1
40 46 62 46 62 95 150 151 151
27 8 -1
41 4 28 5 29 96 151 152 153
28 1 -1
42 38 34 38 35 97 152 153 153
29 4 -1
43 12 66 13 66 98 153 154 154
30 7 -1
45 74 26 76 26 100 155 156 157
31 11 -1
49 0 18 0 20 104 159 160 162
32 6 -1
52 88 52 94 52 107 162 163 169
33 13 -1
53 75 91 80 91 108 163 164 168
34 14 -1
54 1 41 1 42 109 164 165 165
35 5 -1
56 61 76 76 77 111 166 167 183
36 7 -1
57 84 92 86 92 112 167 168 169
37 1 -1
59 64 50 64 51 114 169 170 170
38 6 -1
61 71 76 72 76 116 171 172 173
39 8 -1
62 97 0 97 1 117 172 173 180
40 3 -1
64 24 9 27 19 119 174 175 193
41 12 -1
69 50 51 52 51 124 179 180 181
42 6 -1
71 87 65 87 66 126 181 182 189
43 2 -1
73 58 86 63 86 128 183 184 188
44 5 -1
76 73 98 74 99 131 186 187 189
45 1 -1
78 86 23 87 24 133 188 189 190
46 10 -1
80 57 49 60 49 135 190 191 193
47 10 -1
81 22 55 22 55 136 191 192 193
48 0 -1
82 54 28 58 28 137 192 193 198
49 3 -1
83 60 15 63 17 138 193 194 198
50 8 -1
84 26 84 27 84 139 194 195 195
51 12 -1
86 23 93 24 97 141 196 197 206
52 2 -1
87 46 4 46 5 142 197 198 198
53 6 -1
90 48 71 48 72 145 200 201 201
54 10 -1
91 49 36 51 36 146 201 202 205
55 1 -1
92 3 92 3 93 147 202 203 203
56 0 -1
93 14 82 16 83 148 203 204 206
57 11 -1
94 31 85 36 85 149 204 205 210
58 13 -1
96 44 74 44 76 151 206 207 208
59 10 -1
103 90 91 90 91 158 213 214 216
60 9 -1
105 90 97 92 97 160 215 216 217
61 0 -1
106 32 48 41 49 161 216 217 226
62 5 -1
107 43 38 46 38 162 217 218 220
63 9 -1
108 63 73 66 73 163 218 219 226
64 11 -1
110 26 0 31 1 165 220 221 228
65 2 -1
111 90 44 90 44 166 221 222 222
66 14 -1
114 1 3 7 3 169 224 225 230
67 10 -1
115 46 79 47 79 170 225 226 230
68 3 -1
116 56 89 57 92 171 226 227 238
69 2 -1
119 92 73 94 73 174 229 230 232
70 11 -1
120 37 71 38 71 175 230 231 231
71 7 -1
122 26 69 26 70 177 232 233 236
72 11 -1
123 62 95 64 96 178 233 234 236
73 1 -1
124 70 26 72 28 179 234 235 238
74 5 -1
127 21 31 22 31 182 237 238 238
75 0 -1
128 27 65 38 67 183 238 239 257
76 4 -1
130 19 3 19 4 185 240 241 241
77 1 -1
132 84 36 90 40 187 242 243 257
78 7 -1
134 57 90 58 90 189 244 245 245
79 7 -1
135 23 69 32 70 190 245 246 256
80 11 -1
136 0 37 0 38 191 246 247 248
81 13 -1
139 39 47 40 47 194 249 250 250
82 12 -1
140 87 28 89 28 195 250 251 254
83 12 -1
141 2 11 4 14 196 251 252 256
84 0 -1
144 2 79 7 79 199 254 255 259
85 14 -1
145 36 21 37 21 200 255 256 257
86 4 -1
146 43 26 43 26 201 256 257 257
87 11 -1
147 56 99 56 99 202 257 258 258
88 2 -1
148 58 79 58 80 203 258 259 259
89 14 -1
149 60 62 60 64 204 259 260 261
90 8 -1
150 47 33 51 35 205 260 261 266
91 11 -1
153 99 25 99 25 208 263 264 264
92 1 -1
154 77 51 81 51 209 264 265 268
93 14 -1
155 94 69 95 70 210 265 266 269
94 1 -1
156 23 22 23 27 211 266 267 271
95 6 -1
157 56 23 57 25 212 267 268 272
96 0 -1
160 13 50 15 54 215 270 271 276
97 6 -1
162 26 80 27 80 217 272 273 273
98 1 -1
163 91 34 92 34 218 273 274 274
99 2 -1
166 97 65 97 65 221 276 277 278
100 7 -1
167 45 88 50 88 222 277 278 282
101 4 -1
168 29 48 31 48 223 278 279 280
102 3 -1
169 91 26 92 28 224 279 280 284
103 1 -1
170 22 42 23 43 225 280 281 285
104 11 -1
172 81 80 85 80 227 282 283 287
105 8 -1
173 58 10 58 10 228 283 284 288
106 11 -1
174 34 47 34 49 229 284 285 286
107 15 -1
179 2 66 3 66 234 289 290 290
108 1 -1
183 50 15 50 19 238 293 294 298
109 2 -1
184 60 12 60 12 239 294 295 296
110 8 -1
185 49 23 50 24 240 295 296 297
111 10 -1
186 77 64 86 64 241 296 297 305
112 0 -1
187 74 20 79 21 242 297 298 303
113 14 -1
189 24 12 29 12 244 299 300 304
114 1 -1
190 53 84 58 84 245 300 301 305
115 12 -1
193 29 63 29 63 248 303 304 304
116 15 -1
196 46 13 48 13 251 306 307 308
117 11 -1
197 56 5 57 5 252 307 308 308
118 11 -1
198 84 97 99 98 253 308 309 326
119 3 -1
199 19 50 19 50 254 309 310 310
120 8 -1
200 30 96 31 97 255 310 311 312
121 15 -1
201 94 12 95 12 256 311 312 312
122 4 -1
204 47 77 48 77 259 314 315 315
123 10 -1
208 81 56 81 56 263 318 319 319
124 0 -1
209 53 53 53 53 264 319 320 320
125 0 -1
211 48 97 48 98 266 321 322 324
126 9 -1
212 50 25 52 25 267 322 323 324
127 14 -1
213 95 24 99 25 268 323 324 331
128 3 -1
214 47 51 51 52 269 324 325 329
129 11 -1
218 2 79 3 82 273 328 329 335
130 14 -1
219 41 5 42 5 274 329 330 331
131 15 -1
224 68 33 70 33 279 334 335 337
132 8 -1
225 70 73 72 73 280 335 336 337
133 13 -1
229 28 23 30 25 284 339 340 345
134 9 -1
230 82 36 83 36 285 340 341 341
135 11 -1
231 67 45 70 45 286 341 342 344
136 14 -1
236 50 21 52 21 291 346 347 348
137 12 -1
237 87 52 89 52 292 347 348 349
138 1 -1
240 96 50 87 51 295 350 351 361
139 0 -1
242 67 75 67 75 297 352 353 354
140 5 -1
244 80 53 85 53 299 354 355 359
141 11 -1
245 42 4 43 4 300 355 356 361
142 15 -1
246 60 24 62 24 301 356 357 359
143 15 -1
247 84 26 86 26 302 357 358 360
144 13 -1
248 93 3 95 3 303 358 359 361
145 8 -1
250 84 72 85 72 305 360 361 362
146 7 -1
251 84 12 85 12 306 361 362 364
147 3 -1
253 63 48 63 48 308 363 364 364
148 10 -1
255 37 18 38 19 310 365 366 367
149 8 -1
256 36 75 38 76 311 366 367 370
150 3 -1
257 43 80 43 84 312 367 368 371
151 0 -1
258 43 23 44 23 313 368 369 369
152 5 -1
260 86 1 87 1 315 370 371 372
153 14 -1
261 87 51 96 53 316 371 372 383
154 10 -1
266 6 27 7 27 321 376 377 380
155 4 -1
267 79 87 80 89 322 377 378 380
156 13 -1
268 45 97 46 97 323 378 379 380
157 10 -1
269 55 88 56 88 324 379 380 380
158 9 -1
271 80 22 82 25 326 381 382 387
159 4 -1
272 3 27 4 27 327 382 383 383
160 2 -1
274 78 64 91 64 329 384 385 397
161 4 -1
277 3 28 4 29 332 387 388 389
162 8 -1
278 95 16 89 16 333 388 389 394
163 6 -1
279 33 4 37 4 334 389 390 393
164 10 -1
280 21 63 24 63 335 390 391 393
165 12 -1
283 16 28 16 28 338 393 394 394
166 5 -1
285 96 60 96 60 340 395 396 398
167 1 -1
286 70 73 72 73 341 396 397 399
168 6 -1
289 58 12 58 15 344 399 400 402
169 12 -1
293 11 52 12 53 348 403 404 407
170 14 -1
294 34 2 35 4 349 404 405 408
171 9 -1
295 56 57 57 58 350 405 406 407
172 11 -1
296 8 24 8 27 351 406 407 410
173 12 -1
303 95 2 89 4 358 413 414 422
174 7 -1
305 83 74 86 74 360 415 416 420
175 15 -1
306 89 47 90 47 361 416 417 417
176 12 -1
307 29 68 31 68 362 417 418 419
177 0 -1
310 83 23 86 24 365 420 421 424
178 5 -1
311 89 61 89 64 366 421 422 425
179 4 -1
312 14 68 21 69 367 422 423 431
180 15 -1
313 13 22 14 22 368 423 424 424
181 3 -1
315 26 91 26 93 370 425 426 427
182 15 -1
320 80 76 91 80 375 430 431 446
183 8 -1
321 24 1 25 3 376 431 432 434
184 3 -1
323 64 55 67 55 378 433 434 446
185 15 -1
325 39 12 41 14 380 435 436 443
186 8 -1
326 13 35 13 35 381 436 437 437
187 9 -1
327 32 71 33 73 382 437 438 440
188 12 -1
328 61 61 61 66 383 438 439 443
189 11 -1
329 89 18 89 20 384 439 440 442
190 13 -1
330 77 77 80 79 385 440 441 445
191 2 -1
337 56 19 68 20 392 447 448 460
192 6 -1
340 62 1 64 2 395 450 451 453
193 1 -1
342 47 49 47 50 397 452 453 453
194 13 -1
343 38 44 39 46 398 453 454 456
195 10 -1
345 29 44 29 48 400 455 456 467
196 4 -1
349 90 93 90 93 404 459 460 460
197 4 -1
351 71 9 71 9 406 461 462 462
198 4 -1
354 94 20 98 22 409 464 465 470
199 2 -1
356 92 10 93 10 411 466 467 467
200 5 -1
357 73 1 73 2 412 467 468 471
201 9 -1
358 54 13 58 13 413 468 469 475
202 3 -1
359 22 9 25 9 414 469 470 472
203 12 -1
360 28 17 28 17 415 470 471 472
204 9 -1
361 62 17 62 23 416 471 472 477
205 13 -1
363 30 45 30 46 418 473 474 474
206 4 -1
364 15 95 16 95 419 474 475 475
207 7 -1
365 23 95 24 96 420 475 476 477
208 4 -1
367 97 11 91 11 422 477 478 483
209 0 -1
371 60 95 60 96 426 481 482 482
210 8 -1
372 44 93 52 93 427 482 483 490
211 2 -1
373 25 32 25 32 428 483 484 486
212 3 -1
374 56 26 57 26 429 484 485 485
213 13 -1
375 50 24 50 24 430 485 486 486
214 14 -1
377 15 98 16 98 432 487 488 488
215 1 -1
379 11 47 12 47 434 489 490 490
216 0 -1
380 66 50 67 50 435 490 491 491
217 0 -1
381 25 91 28 92 436 491 492 496
218 12 -1
382 24 37 24 39 437 492 493 494
219 13 -1
383 82 99 83 99 438 493 494 494
220 14 -1
388 48 94 48 95 443 498 499 499
221 4 -1
391 58 88 59 88 446 501 502 503
222 12 -1
392 54 63 55 64 447 502 503 504
223 14 -1
394 62 86 62 89 449 504 505 507
224 11 -1
396 33 68 33 70 451 506 507 511
225 14 -1
397 24 56 24 56 452 507 508 508
226 15 -1
400 72 21 72 23 455 510 511 512
227 8 -1
401 5 59 6 60 456 511 512 513
228 13 -1
403 14 56 18 56 458 513 514 518
229 7 -1
404 4 76 4 78 459 514 515 516
230 2 -1
407 64 48 65 48 462 517 518 518
231 11 -1
408 97 12 97 14 463 518 519 521
232 7 -1
411 74 26 74 28 466 521 522 523
233 3 -1
412 68 19 69 19 467 522 523 523
234 1 -1
414 63 61 63 62 469 524 525 525
235 6 -1
418 24 14 24 15 473 528 529 529
236 13 -1
420 15 57 15 57 475 530 531 531
237 4 -1
421 68 95 68 97 476 531 532 533
238 4 -1
423 91 8 92 8 478 533 534 534
239 9 -1
426 82 98 87 98 481 536 537 541
240 11 -1
428 3 98 5 98 483 538 539 540
241 5 -1
433 53 0 54 1 488 543 544 545
242 9 -1
437 19 17 19 18 492 547 548 548
243 15 -1
439 97 46 99 46 494 549 550 551
244 12 -1
441 46 76 48 82 496 551 552 559
245 15 -1
446 71 63 75 63 501 556 557 560
246 3 -1
448 87 48 89 49 503 558 559 561
247 12 -1
450 14 68 16 71 505 560 561 568
248 7 -1
452 60 40 61 41 507 562 563 565
249 13 -1
455 3 78 4 78 510 565 566 568
250 15 -1
460 34 70 34 76 515 570 571 576
251 15 -1
461 83 57 83 58 516 571 572 573
252 5 -1
462 16 36 16 36 517 572 573 575
253 11 -1
464 70 52 70 53 519 574 575 576
254 12 -1
469 97 57 97 58 524 579 580 581
255 6 -1
471 50 91 51 92 526 581 582 592
256 2 -1
475 30 63 31 64 530 585 586 587
257 12 -1
478 63 88 64 88 533 588 589 592
258 2 -1
479 24 49 24 51 534 589 590 591
259 13 -1
480 57 65 59 67 535 590 591 598
260 14 -1
481 47 65 52 65 536 591 592 597
261 12 -1
482 7 96 7 96 537 592 593 593
262 9 -1
484 30 67 30 69 539 594 595 598
263 7 -1
486 51 52 51 55 541 596 597 599
264 2 -1
488 67 84 69 84 543 598 599 601
265 9 -1
489 90 77 90 88 544 599 600 612
266 1 -1
491 13 29 13 31 546 601 602 603
267 10 -1
493 13 16 13 17 548 603 604 604
268 12 -1
496 32 61 32 61 551 606 607 607
269 13 -1
501 78 94 80 94 556 611 612 613
270 2 -1
502 50 28 52 30 557 612 613 616
271 15 -1
505 92 46 94 46 560 615 616 617
272 14 -1
506 25 89 25 90 561 616 617 621
273 13 -1
507 28 45 31 46 562 617 618 621
274 5 -1
509 44 92 44 92 564 619 620 620
275 7 -1
511 28 20 28 21 566 621 622 623
276 10 -1
512 44 12 44 13 567 622 623 623
277 10 -1
515 96 69 98 70 570 625 626 628
278 8 -1
516 23 92 34 92 571 626 627 639
279 2 -1
517 28 33 28 35 572 627 628 631
280 9 -1
518 17 44 19 44 573 628 629 630
281 13 -1
520 50 84 50 84 575 630 631 631
282 15 -1
522 97 46 91 49 577 632 633 641
283 0 -1
523 66 29 66 30 578 633 634 634
284 7 -1
525 78 89 78 89 580 635 636 637
285 2 -1
526 10 57 12 57 581 636 637 638
286 4 -1
528 51 70 55 71 583 638 639 643
287 4 -1
530 6 43 6 46 585 640 641 644
288 4 -1
533 37 88 39 88 588 643 644 645
289 10 -1
535 54 73 55 75 590 645 646 648
290 0 -1
536 4 39 5 40 591 646 647 648
291 6 -1
537 55 75 55 75 592 647 648 648
292 7 -1
538 93 73 93 73 593 648 649 651
293 14 -1
540 62 89 63 92 595 650 651 654
294 6 -1
541 49 96 49 97 596 651 652 654
295 9 -1
542 29 83 33 85 597 652 653 660
296 12 -1
543 48 13 50 13 598 653 654 655
297 0 -1
546 28 15 28 17 601 656 657 658
298 2 -1
547 78 95 80 95 602 657 658 659
299 2 -1
550 25 69 25 69 605 660 661 661
300 9 -1
552 27 87 30 87 607 662 663 665
