100 100 2591
16
0 72 12
1 41 89
2 32 30
3 15 53
4 40 82
5 87 19
6 64 0
7 68 98
8 81 29
9 65 4
10 84 7
11 41 89
12 41 69
13 87 18
14 62 88
15 42 24
32
0 0 143 100 6
0
1 0 292 100 6
0
2 1 163 100 6
0
3 1 317 100 6
0
4 2 152 100 6
0
5 2 302 100 6
0
6 3 167 100 6
0
7 3 323 100 6
0
8 4 171 100 6
0
9 4 322 100 6
0
10 5 148 100 6
0
11 5 293 100 6
0
12 6 148 100 6
0
13 6 288 100 6
0
14 7 151 100 6
0
15 7 313 100 6
0
16 8 148 100 6
0
17 8 295 100 6
0
18 9 136 100 6
0
19 9 306 100 6
0
20 10 162 100 6
0
21 10 324 100 6
0
22 11 159 100 6
0
23 11 319 100 6
0
24 12 154 100 6
0
25 12 307 100 6
0
26 13 149 100 6
0
27 13 320 100 6
0
28 14 152 100 6
0
29 14 314 100 6
0
30 15 143 100 6
0
31 15 303 100 6
0
1000
1 0 -1
2 56 14 57 14 433 864 865 867
2 11 -1
5 32 66 35 67 436 867 868 872
3 3 -1
7 89 5 89 6 438 869 870 873
4 4 -1
8 90 67 97 67 439 870 871 879
5 2 -1
9 35 53 35 57 440 871 872 877
6 8 -1
10 79 11 79 12 441 872 873 876
7 11 -1
11 70 9 72 12 442 873 874 879
8 7 -1
12 2 48 4 48 443 874 875 876
9 6 -1
13 80 47 80 48 444 875 876 877
10 1 -1
14 92 76 93 76 445 876 877 879
11 1 -1
15 28 3 31 6 446 877 878 883
12 5 -1
17 56 48 60 48 448 879 880 883
13 3 -1
18 18 73 24 73 449 880 881 886
14 14 -1
19 24 53 25 53 450 881 882 882
15 6 -1
20 3 27 3 27 451 882 883 884
16 10 -1
21 28 1 30 1 452 883 884 885
17 4 -1
22 29 37 33 37 453 884 885 888
18 7 -1
24 30 16 30 17 455 886 887 888
19 0 -1
29 83 87 87 89 460 891 892 897
20 9 -1
30 37 72 39 72 461 892 893 894
21 7 -1
31 24 62 25 62 462 893 894 895
22 0 -1
33 73 37 77 37 464 895 896 901
23 7 -1
35 17 10 18 10 466 897 898 898
24 2 -1
36 28 65 28 66 467 898 899 900
25 2 -1
39 90 87 91 87 470 901 902 902
26 4 -1
40 35 75 36 75 471 902 903 903
27 10 -1
41 71 95 71 95 472 903 904 905
28 6 -1
42 1 4 1 5 473 904 905 905
29 0 -1
43 77 46 78 46 474 905 906 906
30 7 -1
45 82 45 82 47 476 907 908 909
31 10 -1
49 85 14 87 15 480 911 912 914
32 4 -1
52 6 45 11 47 483 914 915 921
33 8 -1
53 76 34 78 37 484 915 916 920
34 10 -1
54 44 53 44 53 485 916 917 917
35 7 -1
56 42 7 52 9 487 918 919 935
36 14 -1
57 65 61 66 62 488 919 920 921
37 1 -1
59 51 35 52 35 490 921 922 922
38 5 -1
61 4 6 5 7 492 923 924 925
39 5 -1
62 35 53 37 57 493 924 925 932
40 13 -1
64 63 19 82 19 495 926 927 945
41 2 -1
69 53 49 54 50 500 931 932 933
42 10 -1
71 77 92 85 92 502 933 934 941
43 2 -1
73 52 47 57 47 504 935 936 940
44 8 -1
76 79 56 79 58 507 938 939 941
45 10 -1
78 57 62 59 62 509 940 941 942
46 6 -1
80 80 0 81 0 511 942 943 945
47 6 -1
81 65 25 65 27 512 943 944 945
48 9 -1
82 31 78 34 78 513 944 945 950
49 10 -1
83 6 14 6 14 514 945 946 950
50 13 -1
84 50 1 50 2 515 946 947 947
51 14 -1
86 29 77 37 77 517 948 949 958
52 12 -1
87 52 77 53 77 518 949 950 950
53 5 -1
90 91 76 92 76 521 952 953 953
54 2 -1
91 88 66 89 66 522 953 954 957
55 5 -1
92 50 86 51 86 523 954 955 955
56 12 -1
93 62 35 64 36 524 955 956 958
57 14 -1
94 76 94 81 95 525 956 957 962
58 6 -1
96 93 47 93 48 527 958 959 960
59 2 -1
103 14 29 15 30 534 965 966 968
60 3 -1
105 20 95 21 96 536 967 968 969
61 2 -1
106 45 10 52 10 537 968 969 978
62 5 -1
107 99 77 98 77 538 969 970 972
63 3 -1
108 23 53 23 54 539 970 971 978
64 10 -1
110 24 61 29 64 541 972 973 980
65 7 -1
111 63 36 63 37 542 973 974 974
66 6 -1
114 38 65 43 66 545 976 977 982
67 1 -1
115 88 70 88 74 546 977 978 982
68 4 -1
116 6 2 13 5 547 978 979 990
69 6 -1
119 84 31 86 32 550 981 982 984
70 11 -1
120 47 79 48 79 551 982 983 983
71 0 -1
122 81 10 84 10 553 984 985 988
72 13 -1
123 71 65 72 67 554 985 986 988
73 11 -1
124 44 63 46 64 555 986 987 990
74 0 -1
127 25 50 25 50 558 989 990 990
75 11 -1
128 60 70 71 72 559 990 991 1009
76 8 -1
130 47 51 47 51 561 992 993 993
77 2 -1
132 45 20 59 21 563 994 995 1009
78 9 -1
134 5 93 5 94 565 996 997 997
79 12 -1
135 28 61 39 61 566 997 998 1008
80 11 -1
136 29 65 31 65 567 998 999 1000
81 5 -1
139 18 58 19 58 570 1001 1002 1002
82 13 -1
140 58 19 62 19 571 1002 1003 1006
83 9 -1
141 45 84 45 88 572 1003 1004 1008
84 9 -1
144 7 51 9 51 575 1006 1007 1011
85 15 -1
145 72 36 74 36 576 1007 1008 1009
86 4 -1
146 21 41 22 41 577 1008 1009 1009
87 15 -1
147 73 92 73 93 578 1009 1010 1010
88 10 -1
148 57 29 57 29 579 1010 1011 1011
89 9 -1
149 31 11 32 12 580 1011 1012 1013
90 15 -1
150 13 71 19 71 581 1012 1013 1018
91 11 -1
153 86 96 87 96 584 1015 1016 1016
92 4 -1
154 37 49 38 49 585 1016 1017 1020
93 13 -1
155 16 56 16 59 586 1017 1018 1021
94 3 -1
156 53 54 56 56 587 1018 1019 1023
95 11 -1
157 71 28 74 29 588 1019 1020 1024
96 0 -1
160 6 23 11 23 591 1022 1023 1028
97 14 -1
162 1 13 1 13 593 1024 1025 1025
98 1 -1
163 5 15 6 15 594 1025 1026 1026
99 10 -1
166 67 59 69 59 597 1028 1029 1030
100 6 -1
167 72 4 75 4 598 1029 1030 1034
101 11 -1
168 6 65 8 65 599 1030 1031 1032
102 1 -1
169 52 9 57 9 600 1031 1032 1036
103 15 -1
170 34 66 38 67 601 1032 1033 1037
104 4 -1
172 31 96 36 96 603 1034 1035 1039
105 2 -1
173 59 79 64 79 604 1035 1036 1040
106 4 -1
174 47 93 47 95 605 1036 1037 1038
107 3 -1
179 33 60 33 60 610 1041 1042 1042
108 12 -1
183 79 78 80 81 614 1045 1046 1050
109 0 -1
184 45 25 46 26 615 1046 1047 1048
110 12 -1
185 53 83 55 83 616 1047 1048 1049
111 10 -1
186 39 58 47 59 617 1048 1049 1057
112 0 -1
187 76 13 81 14 618 1049 1050 1055
113 9 -1
189 25 31 30 31 620 1051 1052 1056
114 8 -1
190 99 39 98 40 621 1052 1053 1057
115 10 -1
193 9 93 10 93 624 1055 1056 1056
116 14 -1
196 54 14 54 14 627 1058 1059 1060
117 12 -1
197 54 46 55 46 628 1059 1060 1060
118 5 -1
198 97 61 81 62 629 1060 1061 1078
119 9 -1
199 54 87 55 87 630 1061 1062 1062
120 0 -1
200 77 53 78 53 631 1062 1063 1064
121 9 -1
201 55 26 56 26 632 1063 1064 1064
122 12 -1
204 38 73 38 73 635 1066 1067 1067
123 10 -1
208 77 20 78 20 639 1070 1071 1071
124 9 -1
209 80 86 80 87 640 1071 1072 1072
125 11 -1
211 23 80 24 81 642 1073 1074 1076
126 15 -1
212 27 58 28 59 643 1074 1075 1076
127 3 -1
213 96 18 90 19 644 1075 1076 1083
128 11 -1
214 47 2 47 2 645 1076 1077 1081
129 14 -1
218 33 16 39 17 649 1080 1081 1087
130 8 -1
219 96 47 98 47 650 1081 1082 1083
131 13 -1
224 60 67 63 67 655 1086 1087 1089
132 9 -1
225 99 46 98 47 656 1087 1088 1089
133 11 -1
229 51 96 53 99 660 1091 1092 1097
134 2 -1
230 7 31 7 31 661 1092 1093 1093
135 1 -1
231 76 63 77 65 662 1093 1094 1096
136 12 -1
236 34 42 35 42 667 1098 1099 1100
137 7 -1
237 8 66 8 66 668 1099 1100 1101
138 14 -1
240 62 92 70 94 671 1102 1103 1113
139 4 -1
242 58 30 59 31 673 1104 1105 1106
140 5 -1
244 84 25 87 27 675 1106 1107 1111
141 4 -1
245 83 12 88 12 676 1107 1108 1113
142 5 -1
246 44 75 47 75 677 1108 1109 1111
143 15 -1
247 54 14 54 16 678 1109 1110 1112
144 15 -1
248 16 20 18 21 679 1110 1111 1113
145 7 -1
250 69 25 69 25 681 1112 1113 1114
146 9 -1
251 75 10 78 10 682 1113 1114 1116
147 9 -1
253 27 47 28 47 684 1115 1116 1116
148 13 -1
255 5 85 6 86 686 1117 1118 1119
149 9 -1
256 8 32 11 33 687 1118 1119 1122
150 15 -1
257 48 44 50 46 688 1119 1120 1123
151 15 -1
258 40 86 41 86 689 1120 1121 1121
152 10 -1
260 8 87 9 87 691 1122 1123 1124
153 0 -1
261 76 98 79 93 692 1123 1124 1135
154 11 -1
266 98 65 96 67 697 1128 1129 1132
155 3 -1
267 10 69 11 70 698 1129 1130 1132
156 6 -1
268 0 75 2 75 699 1130 1131 1132
157 1 -1
269 43 24 43 24 700 1131 1132 1132
158 6 -1
271 41 16 41 18 702 1133 1134 1139
159 0 -1
272 30 8 31 8 703 1134 1135 1135
160 11 -1
274 75 35 87 36 705 1136 1137 1149
161 0 -1
277 8 12 9 13 708 1139 1140 1141
162 4 -1
278 84 85 87 88 709 1140 1141 1146
163 13 -1
279 40 6 41 7 710 1141 1142 1145
164 12 -1
280 57 45 58 46 711 1142 1143 1145
165 4 -1
283 86 36 87 36 714 1145 1146 1146
166 9 -1
285 39 53 40 55 716 1147 1148 1150
167 3 -1
286 67 36 68 38 717 1148 1149 1151
168 5 -1
289 71 9 71 10 720 1151 1152 1154
169 1 -1
293 82 93 84 94 724 1155 1156 1159
170 14 -1
294 16 91 20 91 725 1156 1157 1160
171 5 -1
295 4 11 6 11 726 1157 1158 1159
172 0 -1
296 55 70 59 70 727 1158 1159 1162
173 5 -1
303 43 37 43 46 734 1165 1166 1174
174 6 -1
305 38 69 38 74 736 1167 1168 1172
175 11 -1
306 91 74 91 75 737 1168 1169 1169
176 13 -1
307 97 61 98 61 738 1169 1170 1171
177 13 -1
310 77 96 79 97 741 1172 1173 1176
178 5 -1
311 73 52 73 56 742 1173 1174 1177
179 15 -1
312 0 16 3 19 743 1174 1175 1183
180 14 -1
313 82 69 82 70 744 1175 1176 1176
181 2 -1
315 69 51 71 51 746 1177 1178 1179
182 12 -1
320 76 51 82 53 751 1182 1183 1198
183 7 -1
321 16 71 17 73 752 1183 1184 1186
184 4 -1
323 7 13 20 13 754 1185 1186 1198
185 5 -1
325 15 66 17 67 756 1187 1188 1195
186 1 -1
326 77 54 78 54 757 1188 1189 1189
187 0 -1
327 89 10 91 11 758 1189 1190 1192
188 3 -1
328 71 55 76 55 759 1190 1191 1195
189 2 -1
329 41 47 43 47 760 1191 1192 1194
190 10 -1
330 48 27 51 29 761 1192 1193 1197
191 6 -1
337 11 32 11 34 768 1199 1200 1212
192 9 -1
340 15 81 16 83 771 1202 1203 1205
193 7 -1
342 31 26 32 26 773 1204 1205 1205
194 12 -1
343 33 13 34 13 774 1205 1206 1208
195 8 -1
345 33 94 45 94 776 1207 1208 1219
196 7 -1
349 87 72 88 72 780 1211 1212 1212
197 9 -1
351 71 6 71 6 782 1213 1214 1214
198 5 -1
354 33 55 39 55 785 1216 1217 1222
199 1 -1
356 37 40 38 40 787 1218 1219 1219
200 7 -1
357 15 56 15 58 788 1219 1220 1223
201 4 -1
358 58 91 60 96 789 1220 1221 1227
202 6 -1
359 65 48 67 49 790 1221 1222 1224
203 2 -1
360 18 56 20 56 791 1222 1223 1224
204 0 -1
361 5 7 11 7 792 1223 1224 1229
205 11 -1
363 7 21 7 21 794 1225 1226 1226
206 13 -1
364 15 86 15 87 795 1226 1227 1227
207 9 -1
365 5 80 7 80 796 1227 1228 1229
208 2 -1
367 91 69 94 69 798 1229 1230 1235
209 11 -1
371 6 65 7 65 802 1233 1234 1234
210 14 -1
372 42 25 45 30 803 1234 1235 1242
211 5 -1
373 27 55 29 55 804 1235 1236 1238
212 12 -1
374 58 39 59 39 805 1236 1237 1237
213 9 -1
375 10 38 10 38 806 1237 1238 1238
214 7 -1
377 32 61 32 62 808 1239 1240 1240
215 3 -1
379 57 49 58 49 810 1241 1242 1242
216 7 -1
380 94 4 94 4 811 1242 1243 1243
217 12 -1
381 76 77 77 79 812 1243 1244 1248
218 8 -1
382 80 24 80 26 813 1244 1245 1246
219 8 -1
383 11 36 11 36 814 1245 1246 1246
220 5 -1
388 38 40 38 40 819 1250 1251 1251
221 5 -1
391 81 1 82 1 822 1253 1254 1255
222 8 -1
392 23 27 23 27 823 1254 1255 1256
223 14 -1
394 19 52 22 52 825 1256 1257 1259
224 14 -1
396 52 79 52 82 827 1258 1259 1263
225 4 -1
397 2 70 3 70 828 1259 1260 1260
226 14 -1
400 9 6 9 8 831 1262 1263 1264
227 9 -1
401 38 41 40 41 832 1263 1264 1265
228 11 -1
403 42 33 43 37 834 1265 1266 1270
229 2 -1
404 11 25 13 25 835 1266 1267 1268
230 1 -1
407 72 73 72 74 838 1269 1270 1270
231 5 -1
408 46 54 47 55 839 1270 1271 1273
232 5 -1
411 37 7 37 7 842 1273 1274 1275
233 3 -1
412 73 45 73 45 843 1274 1275 1275
234 9 -1
414 60 52 61 52 845 1276 1277 1277
235 10 -1
418 68 74 68 74 849 1280 1281 1281
236 1 -1
420 14 60 15 60 851 1282 1283 1283
237 2 -1
421 89 30 89 30 852 1283 1284 1285
238 5 -1
423 51 64 52 64 854 1285 1286 1286
239 7 -1
426 72 5 76 6 857 1288 1289 1293
240 8 -1
428 19 52 19 53 859 1290 1291 1292
241 7 -1
433 39 15 39 16 864 1295 1296 1297
242 12 -1
437 54 74 55 74 868 1299 1300 1300
243 11 -1
439 30 13 32 13 870 1301 1302 1303
244 13 -1
441 53 29 56 30 872 1303 1304 1311
245 2 -1
446 94 70 95 72 877 1308 1309 1312
246 8 -1
448 14 41 15 43 879 1310 1311 1313
247 12 -1
450 74 54 77 59 881 1312 1313 1320
248 15 -1
452 40 43 42 44 883 1314 1315 1317
249 10 -1
455 47 35 49 36 886 1317 1318 1320
250 11 -1
460 36 31 36 35 891 1322 1323 1328
251 3 -1
461 53 26 54 26 892 1323 1324 1325
252 8 -1
462 0 89 1 90 893 1324 1325 1327
253 12 -1
464 44 71 44 71 895 1326 1327 1328
254 5 -1
469 82 77 82 77 900 1331 1332 1333
255 4 -1
471 61 14 62 17 902 1333 1334 1344
256 10 -1
475 59 84 59 86 906 1337 1338 1339
257 6 -1
478 99 20 98 22 909 1340 1341 1344
258 7 -1
479 69 0 70 1 910 1341 1342 1343
259 1 -1
480 68 64 74 64 911 1342 1343 1350
260 13 -1
481 20 37 24 38 912 1343 1344 1349
261 14 -1
482 1 51 1 51 913 1344 1345 1345
262 6 -1
484 38 74 38 77 915 1346 1347 1350
263 14 -1
486 60 41 60 44 917 1348 1349 1351
264 6 -1
488 7 50 10 50 919 1350 1351 1353
265 0 -1
489 62 98 62 86 920 1351 1352 1364
266 8 -1
491 9 36 11 36 922 1353 1354 1355
267 7 -1
493 25 90 25 90 924 1355 1356 1356
268 2 -1
496 43 40 44 40 927 1358 1359 1359
269 11 -1
501 65 26 66 26 932 1363 1364 1365
270 1 -1
502 49 33 53 33 933 1364 1365 1368
271 5 -1
505 57 56 58 56 936 1367 1368 1369
272 10 -1
506 81 88 84 89 937 1368 1369 1373
273 4 -1
507 1 3 5 3 938 1369 1370 1373
274 4 -1
509 57 9 57 9 940 1371 1372 1372
275 7 -1
511 85 9 87 9 942 1373 1374 1375
276 15 -1
512 52 95 53 95 943 1374 1375 1375
277 3 -1
515 16 74 17 76 946 1377 1378 1380
278 11 -1
516 18 28 23 36 947 1378 1379 1391
279 14 -1
517 43 21 44 24 948 1379 1380 1383
280 11 -1
518 20 13 21 13 949 1380 1381 1382
281 9 -1
520 72 96 72 97 951 1382 1383 1383
282 2 -1
522 3 16 8 18 953 1384 1385 1393
283 4 -1
523 32 69 32 69 954 1385 1386 1386
284 15 -1
525 56 37 57 38 956 1387 1388 1389
285 5 -1
526 99 0 98 1 957 1388 1389 1390
286 6 -1
528 30 0 32 2 959 1390 1391 1395
287 0 -1
530 62 14 66 14 961 1392 1393 1396
288 5 -1
533 31 25 33 25 964 1395 1396 1397
289 4 -1
535 10 51 11 52 966 1397 1398 1400
290 4 -1
536 74 22 74 24 967 1398 1399 1400
291 0 -1
537 67 24 68 24 968 1399 1400 1400
292 5 -1
538 49 90 49 93 969 1400 1401 1403
293 3 -1
540 16 67 19 68 971 1402 1403 1406
294 15 -1
541 27 59 27 62 972 1403 1404 1406
295 1 -1
542 61 88 66 91 973 1404 1405 1412
296 14 -1
543 17 29 17 29 974 1405 1406 1407
297 7 -1
546 35 34 35 36 977 1408 1409 1410
298 14 -1
547 38 9 39 9 978 1409 1410 1411
299 12 -1
550 59 91 59 92 981 1412 1413 1413
300 13 -1
552 90 47 90 47 983 1414 1415 1417
301 8 -1
553 41 53 42 53 984 1415 1416 1417
302 6 -1
555 84 46 84 51 986 1417 1418 1422
303 2 -1
556 50 36 52 36 987 1418 1419 1420
304 13 -1
558 40 4 40 4 989 1420 1421 1421
305 11 -1
559 13 2 18 2 990 1421 1422 1426
306 8 -1
560 66 47 66 49 991 1422 1423 1424
307 7 -1
562 12 42 13 42 993 1424 1425 1425
308 9 -1
565 59 4 60 4 996 1427 1428 1431
309 4 -1
566 26 90 30 90 997 1428 1429 1432
310 0 -1
567 13 84 13 85 998 1429 1430 1430
311 13 -1
570 23 13 26 14 1001 1432 1433 1436
312 2 -1
572 34 92 35 93 1003 1434 1435 1437
313 6 -1
573 84 92 85 94 1004 1435 1436 1438
314 14 -1
575 29 56 31 56 1006 1437 1438 1439
315 3 -1
577 1 39 1 40 1008 1439 1440 1440
316 4 -1
578 68 3 69 4 1009 1440 1441 1442
317 14 -1
579 59 73 59 76 1010 1441 1442 1446
318 12 -1
580 92 4 93 4 1011 1442 1443 1443
319 0 -1
585 30 90 33 90 1016 1447 1448 1450
320 6 -1
588 71 90 72 92 1019 1450 1451 1455
321 12 -1
589 84 17 92 21 1020 1451 1452 1466
322 6 -1
592 61 37 62 37 1023 1454 1455 1455
323 7 -1
594 85 22 86 22 1025 1456 1457 1458
324 2 -1
595 79 80 91 82 1026 1457 1458 1472
325 2 -1
596 38 50 38 54 1027 1458 1459 1462
326 7 -1
597 3 41 6 43 1028 1459 1460 1467
327 13 -1
599 89 51 96 51 1030 1461 1462 1469
328 0 -1
600 91 26 92 27 1031 1462 1463 1465
329 1 -1
601 58 76 58 77 1032 1463 1464 1465
330 3 -1
603 34 64 35 65 1034 1465 1466 1467
331 6 -1
608 62 41 65 41 1039 1470 1471 1473
332 13 -1
609 30 13 31 13 1040 1471 1472 1472
333 3 -1
610 92 61 93 64 1041 1472 1473 1477
334 15 -1
611 76 94 79 95 1042 1473 1474 1477
335 3 -1
613 11 59 13 61 1044 1475 1476 1483
336 14 -1
614 23 81 24 83 1045 1476 1477 1482
337 4 -1
615 52 76 53 76 1046 1477 1478 1478
338 2 -1
616 38 5 39 6 1047 1478 1479 1480
339 12 -1
619 83 60 84 60 1050 1481 1482 1486
340 14 -1
620 49 31 50 32 1051 1482 1483 1484
341 1 -1
621 40 19 41 23 1052 1483 1484 1488
342 13 -1
622 99 94 97 94 1053 1484 1485 1487
343 4 -1
623 31 59 33 59 1054 1485 1486 1487
344 5 -1
624 9 27 10 27 1055 1486 1487 1487
345 5 -1
625 82 67 84 67 1056 1487 1488 1489
346 1 -1
628 9 15 9 16 1059 1490 1491 1491
347 6 -1
629 21 30 24 30 1060 1491 1492 1496
348 5 -1
630 1 22 2 22 1061 1492 1493 1493
349 13 -1
634 89 63 90 63 1065 1496 1497 1497
350 10 -1
635 13 3 13 4 1066 1497 1498 1499
351 13 -1
636 45 11 46 12 1067 1498 1499 1500
352 15 -1
637 0 42 1 43 1068 1499 1500 1501
353 8 -1
639 55 50 55 50 1070 1501 1502 1502
354 4 -1
640 80 29 82 29 1071 1502 1503 1504
355 0 -1
641 26 81 28 81 1072 1503 1504 1505
356 6 -1
643 31 71 34 72 1074 1505 1506 1511
357 0 -1
645 91 14 93 14 1076 1507 1508 1509
358 8 -1
646 68 70 68 70 1077 1508 1509 1510
359 10 -1
648 95 94 95 95 1079 1510 1511 1511
360 0 -1
649 84 17 85 23 1080 1511 1512 1521
361 13 -1
650 57 32 57 33 1081 1512 1513 1513
362 11 -1
651 82 24 82 26 1082 1513 1514 1517
363 10 -1
652 19 70 21 80 1083 1514 1515 1529
364 1 -1
653 68 11 69 11 1084 1515 1516 1516
365 7 -1
656 6 89 7 89 1087 1518 1519 1519
366 11 -1
662 52 47 54 47 1093 1524 1525 1526
367 13 -1
663 52 36 57 39 1094 1525 1526 1533
368 7 -1
664 5 1 6 2 1095 1526 1527 1528
369 6 -1
665 67 83 68 83 1096 1527 1528 1528
370 7 -1
666 50 80 51 80 1097 1528 1529 1530
371 10 -1
667 72 2 73 4 1098 1529 1530 1532
372 15 -1
669 51 49 51 49 1100 1531 1532 1532
373 5 -1
672 97 84 97 85 1103 1534 1535 1538
374 0 -1
673 16 22 16 24 1104 1535 1536 1537
375 15 -1
674 51 58 55 58 1105 1536 1537 1540
376 5 -1
675 80 9 85 9 1106 1537 1538 1542
377 2 -1
678 78 86 80 87 1109 1540 1541 1544
378 15 -1
679 21 54 22 55 1110 1541 1542 1544
379 7 -1
680 81 54 84 55 1111 1542 1543 1548
380 14 -1
681 4 66 4 68 1112 1543 1544 1545
381 1 -1
682 40 12 41 13 1113 1544 1545 1546
382 13 -1
684 76 17 78 17 1115 1546 1547 1548
383 15 -1
685 72 23 76 24 1116 1547 1548 1552
384 13 -1
687 31 63 36 63 1118 1549 1550 1554
385 8 -1
688 72 42 72 42 1119 1550 1551 1552
386 4 -1
689 92 26 92 26 1120 1551 1552 1553
387 3 -1
690 38 8 38 9 1121 1552 1553 1554
388 11 -1
691 19 75 21 75 1122 1553 1554 1555
389 15 -1
692 11 36 11 36 1123 1554 1555 1556
390 10 -1
694 84 28 85 30 1125 1556 1557 1559
391 2 -1
696 16 43 18 43 1127 1558 1559 1560
392 4 -1
698 38 36 39 38 1129 1560 1561 1565
393 2 -1
700 25 11 25 12 1131 1562 1563 1563
394 10 -1
701 87 26 87 27 1132 1563 1564 1564
395 1 -1
702 1 24 7 25 1133 1564 1565 1571
396 10 -1
703 88 26 88 27 1134 1565 1566 1567
397 4 -1
704 96 25 98 25 1135 1566 1567 1568
398 14 -1
705 54 89 55 91 1136 1567 1568 1571
399 11 -1
706 52 96 52 98 1137 1568 1569 1570
400 12 -1
707 16 20 18 22 1138 1569 1570 1573
401 2 -1
708 24 3 25 8 1139 1570 1571 1577
402 15 -1
710 28 41 28 41 1141 1572 1573 1575
403 13 -1
712 32 45 32 45 1143 1574 1575 1575
404 10 -1
714 2 81 2 81 1145 1576 1577 1577
405 5 -1
716 87 62 88 62 1147 1578 1579 1579
406 14 -1
718 53 34 56 39 1149 1580 1581 1588
407 0 -1
719 26 25 27 25 1150 1581 1582 1582
408 2 -1
720 55 22 57 22 1151 1582 1583 1584
409 11 -1
722 6 89 8 89 1153 1584 1585 1586
410 7 -1
724 23 17 25 17 1155 1586 1587 1588
411 8 -1
725 92 24 97 26 1156 1587 1588 1598
412 3 -1
726 8 91 10 93 1157 1588 1589 1592
413 0 -1
727 49 87 50 88 1158 1589 1590 1592
414 6 -1
728 0 13 5 13 1159 1590 1591 1595
415 8 -1
729 51 44 52 44 1160 1591 1592 1592
416 14 -1
731 94 1 94 1 1162 1593 1594 1594
417 14 -1
733 88 38 90 38 1164 1595 1596 1597
418 3 -1
734 66 78 67 79 1165 1596 1597 1598
419 9 -1
735 47 64 48 64 1166 1597 1598 1600
420 0 -1
736 56 61 56 63 1167 1598 1599 1600
421 9 -1
737 79 80 80 80 1168 1599 1600 1602
422 4 -1
742 10 57 13 57 1173 1604 1605 1609
423 0 -1
744 44 31 45 31 1175 1606 1607 1608
424 1 -1
745 25 4 28 5 1176 1607 1608 1612
425 9 -1
748 62 5 64 5 1179 1610 1611 1612
426 10 -1
750 34 5 34 6 1181 1612 1613 1613
427 6 -1
751 16 37 17 37 1182 1613 1614 1614
428 5 -1
752 17 21 18 22 1183 1614 1615 1617
429 2 -1
753 77 64 78 64 1184 1615 1616 1616
430 10 -1
754 52 23 53 23 1185 1616 1617 1622
431 12 -1
755 70 17 70 18 1186 1617 1618 1619
432 15 -1
757 2 67 2 68 1188 1619 1620 1621
433 4 -1
758 18 68 26 68 1189 1620 1621 1628
434 0 -1
759 26 68 26 68 1190 1621 1622 1623
435 3 -1
760 88 28 88 29 1191 1622 1623 1623
436 0 -1
766 22 13 23 14 1197 1628 1629 1630
437 3 -1
767 15 99 15 100 1198 1629 1630 1631
438 8 -1
768 32 0 34 1 1199 1630 1631 1633
439 5 -1
771 11 54 12 54 1202 1633 1634 1634
440 7 -1
772 49 97 51 97 1203 1634 1635 1636
441 7 -1
773 54 18 57 18 1204 1635 1636 1638
442 3 -1
775 36 1 39 1 1206 1637 1638 1642
443 3 -1
777 70 73 71 73 1208 1639 1640 1641
444 13 -1
778 59 56 59 57 1209 1640 1641 1642
445 4 -1
779 92 58 94 58 1210 1641 1642 1644
446 12 -1
781 96 28 96 28 1212 1643 1644 1644
447 13 -1
782 55 77 58 78 1213 1644 1645 1648
448 8 -1
784 86 77 87 77 1215 1646 1647 1648
449 6 -1
787 9 53 10 53 1218 1649 1650 1651
450 12 -1
788 40 38 40 39 1219 1650 1651 1651
451 10 -1
789 18 9 20 11 1220 1651 1652 1655
452 2 -1
790 40 61 41 62 1221 1652 1653 1654
453 1 -1
791 5 89 5 93 1222 1653 1654 1658
454 11 -1
793 96 87 96 88 1224 1655 1656 1658
455 1 -1
794 37 18 40 18 1225 1656 1657 1660
456 11 -1
795 17 71 18 72 1226 1657 1658 1659
457 13 -1
796 54 21 55 21 1227 1658 1659 1662
458 4 -1
797 15 79 15 80 1228 1659 1660 1660
459 15 -1
798 9 73 9 75 1229 1660 1661 1663
460 0 -1
799 62 12 62 13 1230 1661 1662 1663
461 2 -1
800 74 74 77 75 1231 1662 1663 1667
462 10 -1
802 3 28 5 28 1233 1664 1665 1668
463 10 -1
803 13 64 14 64 1234 1665 1666 1667
464 5 -1
805 7 85 9 88 1236 1667 1668 1672
465 6 -1
806 74 16 79 17 1237 1668 1669 1677
466 14 -1
807 77 83 77 85 1238 1669 1670 1671
467 3 -1
810 17 28 18 28 1241 1672 1673 1673
468 5 -1
813 56 82 57 82 1244 1675 1676 1676
469 0 -1
818 76 42 78 42 1249 1680 1681 1682
470 6 -1
820 72 43 74 43 1251 1682 1683 1685
471 14 -1
824 96 74 97 74 1255 1686 1687 1688
472 7 -1
825 95 18 97 19 1256 1687 1688 1690
473 7 -1
827 79 64 80 64 1258 1689 1690 1690
474 0 -1
828 66 24 66 26 1259 1690 1691 1700
475 13 -1
830 58 97 59 98 1261 1692 1693 1695
476 0 -1
831 81 85 81 85 1262 1693 1694 1694
477 8 -1
833 65 74 66 74 1264 1695 1696 1697
478 13 -1
834 57 73 57 74 1265 1696 1697 1698
479 4 -1
835 49 94 51 95 1266 1697 1698 1707
480 11 -1
839 88 21 88 22 1270 1701 1702 1703
481 15 -1
841 88 39 88 41 1272 1703 1704 1707
482 5 -1
842 92 91 93 91 1273 1704 1705 1706
483 2 -1
844 94 55 95 56 1275 1706 1707 1711
484 3 -1
845 10 51 10 51 1276 1707 1708 1709
485 8 -1
846 90 8 93 8 1277 1708 1709 1714
486 0 -1
847 12 20 13 20 1278 1709 1710 1710
487 8 -1
850 93 89 94 89 1281 1712 1713 1715
488 11 -1
851 94 2 96 3 1282 1713 1714 1717
489 2 -1
854 68 84 68 84 1285 1716 1717 1717
490 7 -1
856 43 19 43 19 1287 1718 1719 1721
491 11 -1
859 4 18 8 19 1290 1721 1722 1726
492 15 -1
860 88 44 89 44 1291 1722 1723 1723
493 3 -1
861 7 89 8 89 1292 1723 1724 1725
494 15 -1
864 13 53 15 53 1295 1726 1727 1729
495 5 -1
867 4 53 4 54 1298 1729 1730 1730
496 11 -1
868 43 37 44 37 1299 1730 1731 1732
497 15 -1
871 71 79 76 85 1302 1733 1734 1749
498 11 -1
873 93 6 95 6 1304 1735 1736 1737
499 15 -1
874 55 95 56 99 1305 1736 1737 1741
500 0 -1
875 9 22 12 22 1306 1737 1738 1740
501 8 -1
877 96 92 99 92 1308 1739 1740 1742
502 5 -1
878 52 56 52 57 1309 1740 1741 1742
503 10 -1
879 46 1 48 1 1310 1741 1742 1743
504 3 -1
880 41 67 45 67 1311 1742 1743 1746
505 5 -1
881 13 74 17 75 1312 1743 1744 1749
506 12 -1
882 29 12 29 13 1313 1744 1745 1746
507 10 -1
885 77 23 78 23 1316 1747 1748 1748
508 7 -1
887 66 74 67 75 1318 1749 1750 1752
509 1 -1
889 24 62 24 62 1320 1751 1752 1754
510 0 -1
891 0 74 1 74 1322 1753 1754 1755
511 15 -1
893 64 67 65 67 1324 1755 1756 1757
512 5 -1
894 69 67 71 68 1325 1756 1757 1759
513 8 -1
895 14 89 16 90 1326 1757 1758 1760
514 5 -1
896 69 47 71 47 1327 1758 1759 1760
515 4 -1
897 2 99 2 99 1328 1759 1760 1760
516 15 -1
898 20 63 21 64 1329 1760 1761 1762
517 6 -1
899 28 70 30 70 1330 1761 1762 1763
518 11 -1
900 37 65 43 65 1331 1762 1763 1768
519 7 -1
901 83 97 83 99 1332 1763 1764 1765
520 5 -1
902 27 69 28 69 1333 1764 1765 1765
521 4 -1
905 76 40 77 40 1336 1767 1768 1768
522 2 -1
910 30 37 31 37 1341 1772 1773 1773
523 6 -1
912 3 31 5 33 1343 1774 1775 1784
524 1 -1
914 96 36 92 36 1345 1776 1777 1783
525 5 -1
917 32 17 33 18 1348 1779 1780 1783
526 14 -1
919 81 44 82 45 1350 1781 1782 1783
527 10 -1
920 21 17 24 17 1351 1782 1783 1785
528 15 -1
921 6 43 7 43 1352 1783 1784 1784
529 14 -1
923 3 16 4 16 1354 1785 1786 1786
530 10 -1
925 80 56 80 56 1356 1787 1788 1790
531 8 -1
926 4 21 9 24 1357 1788 1789 1797
532 7 -1
927 23 74 25 74 1358 1789 1790 1792
533 7 -1
928 9 80 9 81 1359 1790 1791 1794
534 4 -1
929 78 81 79 81 1360 1791 1792 1792
535 5 -1
931 52 11 52 12 1362 1793 1794 1795
536 0 -1
933 61 50 66 50 1364 1795 1796 1802
537 10 -1
935 23 2 25 2 1366 1797 1798 1799
538 3 -1
936 40 94 41 94 1367 1798 1799 1799
539 7 -1
937 71 91 74 92 1368 1799 1800 1803
540 15 -1
938 91 95 92 96 1369 1800 1801 1804
541 4 -1
940 83 71 83 72 1371 1802 1803 1804
542 9 -1
942 42 95 42 96 1373 1804 1805 1805
543 5 -1
943 21 42 22 44 1374 1805 1806 1812
544 11 -1
944 13 82 14 82 1375 1806 1807 1807
545 10 -1
945 47 84 50 84 1376 1807 1808 1810
546 7 -1
947 87 70 90 73 1378 1809 1810 1822
547 3 -1
948 72 56 75 56 1379 1810 1811 1813
548 3 -1
950 32 94 32 95 1381 1812 1813 1814
549 4 -1
951 0 59 2 59 1382 1813 1814 1815
550 4 -1
954 31 5 32 5 1385 1816 1817 1818
551 1 -1
955 56 6 57 6 1386 1817 1818 1818
552 2 -1
957 33 85 35 85 1388 1819 1820 1822
553 12 -1
958 10 85 11 85 1389 1820 1821 1821
554 4 -1
963 68 90 68 91 1394 1825 1826 1828
555 7 -1
964 67 95 67 95 1395 1826 1827 1828
556 13 -1
966 33 88 33 90 1397 1828 1829 1830
557 7 -1
969 88 39 90 39 1400 1831 1832 1833
558 10 -1
972 52 36 52 38 1403 1834 1835 1840
559 14 -1
973 15 15 17 16 1404 1835 1836 1839
560 4 -1
974 71 46 75 50 1405 1836 1837 1846
561 4 -1
976 17 39 19 41 1407 1838 1839 1843
562 12 -1
979 8 45 12 45 1410 1841 1842 1845
563 13 -1
981 84 53 84 54 1412 1843 1844 1844
564 14 -1
983 99 23 96 23 1414 1845 1846 1848
565 2 -1
984 70 61 72 62 1415 1846 1847 1852
566 1 -1
987 89 21 93 21 1418 1849 1850 1853
567 7 -1
989 23 27 24 28 1420 1851 1852 1854
568 7 -1
990 25 82 29 82 1421 1852 1853 1856
569 13 -1
992 82 9 85 10 1423 1854 1855 1858
570 4 -1
993 38 24 40 24 1424 1855 1856 1857
571 4 -1
994 30 96 31 97 1425 1856 1857 1860
572 11 -1
996 77 84 77 85 1427 1858 1859 1860
573 14 -1
997 5 81 5 81 1428 1859 1860 1861
574 14 -1
998 45 1 46 1 1429 1860 1861 1861
575 4 -1
999 95 18 96 19 1430 1861 1862 1863
576 6 -1
1001 67 64 84 77 1432 1863 1864 1912
577 2 -1
1004 67 43 67 45 1435 1866 1867 1868
578 6 -1
1008 35 81 35 81 1439 1870 1871 1871
579 3 -1
1010 14 34 16 34 1441 1872 1873 1874
580 13 -1
1012 75 3 76 3 1443 1874 1875 1875
581 2 -1
1015 77 9 78 9 1446 1877 1878 1878
582 2 -1
1016 6 49 6 50 1447 1878 1879 1879
583 5 -1
1017 48 82 49 84 1448 1879 1880 1882
584 10 -1
1018 18 98 18 88 1449 1880 1881 1894
585 15 -1
1019 77 33 81 39 1450 1881 1882 1891
586 12 -1
1020 85 66 85 67 1451 1882 1883 1885
587 1 -1
1021 76 44 77 44 1452 1883 1884 1884
588 15 -1
1022 16 69 29 69 1453 1884 1885 1898
589 13 -1
1025 46 37 47 39 1456 1887 1888 1892
590 11 -1
1027 37 67 38 67 1458 1889 1890 1890
591 11 -1
1028 75 50 75 50 1459 1890 1891 1891
592 12 -1
1031 79 90 85 90 1462 1893 1894 1902
593 7 -1
1032 7 7 8 11 1463 1894 1895 1901
594 7 -1
1033 43 56 45 58 1464 1895 1896 1899
595 1 -1
1035 51 2 51 2 1466 1897 1898 1899
596 14 -1
1036 8 61 8 61 1467 1898 1899 1900
597 6 -1
1037 33 70 34 70 1468 1899 1900 1900
598 0 -1
1039 11 59 11 60 1470 1901 1902 1902
599 2 -1
1040 81 68 82 68 1471 1902 1903 1903
600 8 -1
1042 97 97 92 100 1473 1904 1905 1915
601 8 -1
1044 48 70 51 71 1475 1906 1907 1910
602 11 -1
1045 76 91 79 91 1476 1907 1908 1910
603 5 -1
1051 50 56 51 56 1482 1913 1914 1914
604 2 -1
1053 44 90 44 91 1484 1915 1916 1916
605 9 -1
1056 93 70 95 70 1487 1918 1919 1920
606 5 -1
1057 68 99 68 99 1488 1919 1920 1921
607 8 -1
1059 17 21 17 22 1490 1921 1922 1925
608 14 -1
1060 53 92 57 92 1491 1922 1923 1927
609 2 -1
1063 90 47 90 50 1494 1925 1926 1928
610 14 -1
1065 35 4 38 4 1496 1927 1928 1930
611 2 -1
1066 10 48 11 48 1497 1928 1929 1930
612 12 -1
1067 78 69 78 69 1498 1929 1930 1930
613 7 -1
1070 66 96 71 97 1501 1932 1933 1944
614 10 -1
1071 47 16 48 19 1502 1933 1934 1938
615 2 -1
1073 85 3 92 8 1504 1935 1936 1950
616 1 -1
1074 91 39 92 39 1505 1936 1937 1937
617 10 -1
1075 75 39 77 40 1506 1937 1938 1940
618 7 -1
1078 60 11 61 12 1509 1940 1941 1944
619 10 -1
1082 79 12 80 12 1513 1944 1945 1945
620 2 -1
1083 12 96 12 96 1514 1945 1946 1947
621 4 -1
1084 7 8 13 8 1515 1946 1947 1952
622 0 -1
1085 58 90 59 91 1516 1947 1948 1950
623 0 -1
1086 20 2 20 5 1517 1948 1949 1952
624 14 -1
1090 78 7 78 8 1521 1952 1953 1953
625 7 -1
1091 36 12 40 12 1522 1953 1954 1957
626 3 -1
1092 48 21 49 21 1523 1954 1955 1955
627 0 -1
1095 18 86 18 86 1526 1957 1958 1960
628 9 -1
1097 27 76 30 76 1528 1959 1960 1962
629 8 -1
1098 94 88 94 90 1529 1960 1961 1964
630 6 -1
1099 61 37 66 37 1530 1961 1962 1966
631 3 -1
1100 56 72 57 75 1531 1962 1963 1967
632 15 -1
1102 46 8 49 8 1533 1964 1965 1967
633 2 -1
1103 85 72 87 77 1534 1965 1966 1972
634 7 -1
1104 66 20 67 20 1535 1966 1967 1967
635 12 -1
1105 43 72 43 72 1536 1967 1968 1968
636 4 -1
1107 54 92 56 98 1538 1969 1970 1979
637 4 -1
1109 79 62 79 62 1540 1971 1972 1974
638 3 -1
1111 8 41 10 41 1542 1973 1974 1975
639 8 -1
1113 21 44 21 44 1544 1975 1976 1976
640 14 -1
1114 41 26 42 26 1545 1976 1977 1977
641 5 -1
1115 80 88 81 90 1546 1977 1978 1980
642 9 -1
1116 61 11 68 13 1547 1978 1979 1989
643 7 -1
1118 12 31 14 31 1549 1980 1981 1982
644 6 -1
1120 0 47 0 47 1551 1982 1983 1984
645 14 -1
1121 9 21 9 22 1552 1983 1984 1984
646 10 -1
1122 20 93 23 93 1553 1984 1985 1987
647 11 -1
1124 60 33 64 36 1555 1986 1987 1993
648 11 -1
1125 51 47 52 48 1556 1987 1988 1989
649 15 -1
1126 72 68 78 69 1557 1988 1989 2000
650 6 -1
1129 28 22 29 22 1560 1991 1992 1992
651 14 -1
1130 25 93 26 93 1561 1992 1993 1993
652 9 -1
1132 90 81 92 81 1563 1994 1995 1996
653 5 -1
1133 49 45 51 45 1564 1995 1996 1998
654 0 -1
1137 79 25 83 25 1568 1999 2000 2003
655 9 -1
1138 79 72 80 72 1569 2000 2001 2001
656 3 -1
1139 85 87 86 87 1570 2001 2002 2002
657 11 -1
1141 43 84 44 85 1572 2003 2004 2005
658 10 -1
1142 16 54 18 54 1573 2004 2005 2007
659 6 -1
1144 43 81 43 84 1575 2006 2007 2009
660 5 -1
1147 10 45 10 46 1578 2009 2010 2013
661 4 -1
1150 61 83 62 83 1581 2012 2013 2013
662 15 -1
1151 78 98 78 100 1582 2013 2014 2015
663 10 -1
1154 51 59 51 60 1585 2016 2017 2017
664 14 -1
1156 19 12 19 12 1587 2018 2019 2020
665 15 -1
1157 77 32 79 32 1588 2019 2020 2024
666 2 -1
1158 11 98 11 95 1589 2020 2021 2024
667 12 -1
1159 49 4 51 4 1590 2021 2022 2023
668 7 -1
1164 98 6 95 6 1595 2026 2027 2029
669 15 -1
1166 14 30 14 33 1597 2028 2029 2031
670 11 -1
1169 35 87 36 88 1600 2031 2032 2034
671 1 -1
1170 7 82 8 83 1601 2032 2033 2035
672 7 -1
1171 26 92 28 98 1602 2033 2034 2042
673 15 -1
1172 10 30 11 30 1603 2034 2035 2035
674 9 -1
1174 25 38 31 38 1605 2036 2037 2043
675 9 -1
1175 84 30 85 31 1606 2037 2038 2040
676 12 -1
1176 21 49 22 50 1607 2038 2039 2040
677 1 -1
1177 48 3 48 4 1608 2039 2040 2041
678 15 -1
1179 76 81 77 81 1610 2041 2042 2042
679 7 -1
1186 68 29 69 30 1617 2048 2049 2050
680 7 -1
1187 91 45 91 46 1618 2049 2050 2051
681 10 -1
1188 92 26 92 26 1619 2050 2051 2051
682 2 -1
1190 53 29 53 29 1621 2052 2053 2053
683 9 -1
1191 81 81 83 81 1622 2053 2054 2055
684 4 -1
1194 51 35 51 36 1625 2056 2057 2058
685 8 -1
1195 43 98 44 99 1626 2057 2058 2060
686 3 -1
1197 76 29 77 29 1628 2059 2060 2062
687 15 -1
1198 20 28 20 29 1629 2060 2061 2064
688 1 -1
1201 9 17 11 18 1632 2063 2064 2068
689 9 -1
1202 54 32 55 32 1633 2064 2065 2065
690 1 -1
1203 11 42 12 42 1634 2065 2066 2066
691 4 -1
1205 84 53 84 56 1636 2067 2068 2070
692 0 -1
1207 82 41 84 42 1638 2069 2070 2073
693 3 -1
1208 76 82 76 82 1639 2070 2071 2072
694 0 -1
1209 72 31 72 32 1640 2071 2072 2072
695 4 -1
1211 52 30 54 31 1642 2073 2074 2077
696 11 -1
1214 70 37 75 37 1645 2076 2077 2082
697 2 -1
1217 19 55 20 56 1648 2079 2080 2081
698 0 -1
1218 13 84 14 84 1649 2080 2081 2081
699 2 -1
1219 57 17 59 21 1650 2081 2082 2088
700 5 -1
1220 96 51 97 51 1651 2082 2083 2083
701 9 -1
1222 62 67 64 67 1653 2084 2085 2087
702 8 -1
1223 0 16 1 18 1654 2085 2086 2089
703 12 -1
1226 3 48 5 48 1657 2088 2089 2091
704 13 -1
1227 51 30 51 30 1658 2089 2090 2090
705 14 -1
1229 32 96 32 96 1660 2091 2092 2092
706 3 -1
1230 38 42 41 42 1661 2092 2093 2097
707 4 -1
1231 12 87 13 87 1662 2093 2094 2094
708 11 -1
1233 26 89 27 89 1664 2095 2096 2097
709 9 -1
1235 24 20 25 23 1666 2097 2098 2101
710 14 -1
1236 72 19 75 19 1667 2098 2099 2103
711 1 -1
1237 11 97 14 99 1668 2099 2100 2104
712 10 -1
1238 22 61 22 61 1669 2100 2101 2105
713 13 -1
1240 49 7 51 9 1671 2102 2103 2106
714 4 -1
1241 46 86 46 86 1672 2103 2104 2104
715 7 -1
1242 99 76 91 78 1673 2104 2105 2117
716 2 -1
1243 94 84 94 84 1674 2105 2106 2107
717 7 -1
1244 69 48 71 52 1675 2106 2107 2113
718 4 -1
1246 58 95 66 95 1677 2108 2109 2117
719 3 -1
1250 39 22 40 22 1681 2112 2113 2113
720 1 -1
1254 74 51 79 51 1685 2116 2117 2123
721 4 -1
1255 93 44 94 46 1686 2117 2118 2121
722 5 -1
1258 6 54 15 56 1689 2120 2121 2136
723 9 -1
1259 74 12 76 27 1690 2121 2122 2139
724 9 -1
1260 2 61 8 61 1691 2122 2123 2128
725 8 -1
1261 95 7 95 10 1692 2123 2124 2130
726 9 -1
1263 67 12 74 12 1694 2125 2126 2132
727 13 -1
1264 72 22 73 24 1695 2126 2127 2130
728 6 -1
1265 39 22 39 23 1696 2127 2128 2129
729 13 -1
1266 13 75 13 76 1697 2128 2129 2129
730 9 -1
1268 6 67 9 67 1699 2130 2131 2133
731 6 -1
1276 13 68 13 69 1707 2138 2139 2139
732 3 -1
1277 48 2 49 2 1708 2139 2140 2144
733 8 -1
1281 60 96 60 96 1712 2143 2144 2145
734 0 -1
1284 96 20 98 20 1715 2146 2147 2148
735 5 -1
1287 18 11 21 12 1718 2149 2150 2153
736 14 -1
1290 11 59 14 61 1721 2152 2153 2159
737 0 -1
1291 30 26 31 28 1722 2153 2154 2156
738 10 -1
1292 96 37 86 51 1723 2154 2155 2180
739 4 -1
1297 63 49 63 49 1728 2159 2160 2162
740 8 -1
1298 41 26 42 26 1729 2160 2161 2161
741 6 -1
1299 89 43 92 43 1730 2161 2162 2164
742 10 -1
1300 76 21 76 21 1731 2162 2163 2164
743 7 -1
1307 72 32 72 32 1738 2169 2170 2170
744 3 -1
1309 44 10 46 10 1740 2171 2172 2173
745 3 -1
1312 8 28 10 28 1743 2174 2175 2176
746 2 -1
1313 41 70 41 70 1744 2175 2176 2176
747 0 -1
1314 67 64 67 64 1745 2176 2177 2180
748 3 -1
1315 10 10 14 11 1746 2177 2178 2182
749 7 -1
1316 8 54 9 55 1747 2178 2179 2180
750 5 -1
1317 84 66 84 66 1748 2179 2180 2181
751 1 -1
1318 61 21 61 21 1749 2180 2181 2183
752 8 -1
1319 12 17 13 18 1750 2181 2182 2183
753 1 -1
1320 32 43 33 43 1751 2182 2183 2183
754 2 -1
1321 67 41 69 41 1752 2183 2184 2185
755 8 -1
1323 41 61 42 61 1754 2185 2186 2187
756 15 -1
1324 93 44 98 44 1755 2186 2187 2191
757 12 -1
1325 66 57 70 57 1756 2187 2188 2193
758 13 -1
1326 86 11 87 11 1757 2188 2189 2189
759 11 -1
1327 56 38 57 42 1758 2189 2190 2199
760 4 -1
1329 84 39 86 39 1760 2191 2192 2193
761 3 -1
1332 14 89 14 90 1763 2194 2195 2196
762 6 -1
1333 88 99 88 99 1764 2195 2196 2196
763 11 -1
1335 99 69 99 75 1766 2197 2198 2213
764 9 -1
1336 53 76 53 77 1767 2198 2199 2199
765 5 -1
1338 85 40 85 40 1769 2200 2201 2203
766 11 -1
1340 51 64 51 67 1771 2202 2203 2209
767 13 -1
1342 61 53 61 56 1773 2204 2205 2207
768 9 -1
1344 85 38 85 38 1775 2206 2207 2208
769 7 -1
1345 49 46 49 47 1776 2207 2208 2208
770 9 -1
1347 42 10 44 11 1778 2209 2210 2212
771 9 -1
1348 83 60 88 60 1779 2210 2211 2215
772 13 -1
1349 49 95 50 96 1780 2211 2212 2217
773 1 -1
1354 99 42 97 42 1785 2216 2217 2219
774 1 -1
1355 55 12 57 13 1786 2217 2218 2222
775 13 -1
1359 85 79 89 79 1790 2221 2222 2226
776 14 -1
1362 1 90 1 90 1793 2224 2225 2226
777 6 -1
1365 32 19 33 19 1796 2227 2228 2228
778 0 -1
1368 57 20 57 20 1799 2230 2231 2232
779 0 -1
1369 78 75 78 98 1800 2231 2232 2266
780 14 -1
1370 43 31 43 32 1801 2232 2233 2234
781 2 -1
1372 87 55 88 59 1803 2234 2235 2239
782 5 -1
1374 11 88 11 88 1805 2236 2237 2238
783 14 -1
1375 55 61 62 61 1806 2237 2238 2244
784 7 -1
1376 14 82 14 82 1807 2238 2239 2239
785 9 -1
1377 18 21 20 22 1808 2239 2240 2242
786 9 -1
1378 7 10 7 11 1809 2240 2241 2241
787 15 -1
1379 19 37 19 37 1810 2241 2242 2245
788 5 -1
1381 84 55 85 55 1812 2243 2244 2246
789 8 -1
1382 2 83 4 83 1813 2244 2245 2247
790 6 -1
1383 24 7 25 8 1814 2245 2246 2247
791 3 -1
1385 88 24 94 24 1816 2247 2248 2253
792 9 -1
1386 64 61 66 61 1817 2248 2249 2251
793 14 -1
1387 32 63 41 65 1818 2249 2250 2260
794 9 -1
1388 20 67 23 67 1819 2250 2251 2253
795 12 -1
1389 46 66 48 66 1820 2251 2252 2253
796 2 -1
1390 14 96 14 98 1821 2252 2253 2254
797 12 -1
1391 84 31 84 31 1822 2253 2254 2255
798 2 -1
1393 78 40 78 42 1824 2255 2256 2257
799 6 -1
1395 48 75 54 77 1826 2257 2258 2265
800 7 -1
1396 51 59 51 60 1827 2258 2259 2259
801 15 -1
1400 97 0 94 0 1831 2262 2263 2265
802 12 -1
1401 94 94 97 94 1832 2263 2264 2266
803 8 -1
1402 0 56 5 56 1833 2264 2265 2271
804 3 -1
1403 45 9 47 9 1834 2265 2266 2267
805 9 -1
1406 55 20 56 20 1837 2268 2269 2269
806 5 -1
1411 97 42 99 42 1842 2273 2274 2275
807 1 -1
1412 72 17 74 17 1843 2274 2275 2280
808 1 -1
1413 19 9 20 9 1844 2275 2276 2276
809 11 -1
1414 69 10 71 10 1845 2276 2277 2278
810 9 -1
1415 78 63 78 63 1846 2277 2278 2279
811 9 -1
1417 63 86 63 86 1848 2279 2280 2280
812 9 -1
1418 5 99 7 100 1849 2280 2281 2285
813 11 -1
1419 75 96 81 96 1850 2281 2282 2288
814 15 -1
1420 7 38 8 39 1851 2282 2283 2290
815 1 -1
1423 27 71 28 71 1854 2285 2286 2286
816 9 -1
1426 77 38 78 38 1857 2288 2289 2290
817 1 -1
1428 64 60 65 61 1859 2290 2291 2293
818 0 -1
1429 67 54 69 54 1860 2291 2292 2293
819 12 -1
1430 40 97 40 98 1861 2292 2293 2293
820 15 -1
1431 66 23 66 25 1862 2293 2294 2296
821 12 -1
1432 99 3 99 4 1863 2294 2295 2295
822 9 -1
1434 49 91 50 91 1865 2296 2297 2297
823 1 -1
1435 83 70 87 71 1866 2297 2298 2304
824 3 -1
1436 41 51 42 51 1867 2298 2299 2300
825 13 -1
1438 77 36 79 37 1869 2300 2301 2304
826 8 -1
1439 79 69 79 70 1870 2301 2302 2302
827 5 -1
1440 83 73 86 73 1871 2302 2303 2305
828 0 -1
1441 26 7 32 7 1872 2303 2304 2310
829 12 -1
1442 20 80 22 80 1873 2304 2305 2306
830 12 -1
1443 2 76 4 78 1874 2305 2306 2310
831 13 -1
1444 20 14 20 15 1875 2306 2307 2308
832 3 -1
1446 70 37 71 41 1877 2308 2309 2314
833 3 -1
1447 73 95 75 95 1878 2309 2310 2311
834 0 -1
1448 10 82 11 83 1879 2310 2311 2312
835 11 -1
1452 9 89 9 90 1883 2314 2315 2315
836 13 -1
1454 44 16 48 16 1885 2316 2317 2320
837 2 -1
1455 92 80 93 80 1886 2317 2318 2319
838 9 -1
1456 11 67 11 67 1887 2318 2319 2319
839 15 -1
1457 46 90 50 91 1888 2319 2320 2325
840 4 -1
1458 38 30 45 33 1889 2320 2321 2330
841 15 -1
1461 95 13 95 15 1892 2323 2324 2326
842 12 -1
1462 81 97 85 97 1893 2324 2325 2328
843 5 -1
1463 38 33 38 35 1894 2325 2326 2327
844 4 -1
1465 37 91 37 93 1896 2327 2328 2329
845 15 -1
1466 55 1 57 1 1897 2328 2329 2330
846 11 -1
1468 22 95 22 95 1899 2330 2331 2331
847 1 -1
1469 55 77 55 79 1900 2331 2332 2336
848 9 -1
1470 71 12 72 12 1901 2332 2333 2333
849 2 -1
1472 61 36 66 36 1903 2334 2335 2339
850 9 -1
1473 22 73 26 73 1904 2335 2336 2340
851 8 -1
1474 62 3 72 4 1905 2336 2337 2347
852 14 -1
1475 91 52 92 53 1906 2337 2338 2339
853 1 -1
1478 56 63 56 66 1909 2340 2341 2346
854 7 -1
1479 72 31 74 31 1910 2341 2342 2343
855 11 -1
1481 43 39 44 39 1912 2343 2344 2345
856 12 -1
1483 51 51 54 51 1914 2345 2346 2356
857 10 -1
1486 90 17 92 20 1917 2348 2349 2353
858 9 -1
1487 51 31 53 31 1918 2349 2350 2353
859 0 -1
1493 97 23 97 24 1924 2355 2356 2357
860 12 -1
1495 25 71 26 71 1926 2357 2358 2358
861 6 -1
1496 72 11 73 14 1927 2358 2359 2362
862 3 -1
1497 40 54 44 54 1928 2359 2360 2363
863 10 -1
1499 22 36 22 36 1930 2361 2362 2363
864 14 -1
1500 92 21 93 22 1931 2362 2363 2364
865 8 -1
1501 77 18 79 23 1932 2363 2364 2371
866 14 -1
1502 24 33 28 33 1933 2364 2365 2368
867 9 -1
1504 36 65 47 66 1935 2366 2367 2379
868 6 -1
1505 42 56 44 57 1936 2367 2368 2377
869 5 -1
1506 83 38 84 38 1937 2368 2369 2370
870 2 -1
1507 68 21 68 23 1938 2369 2370 2372
871 0 -1
1508 55 38 56 41 1939 2370 2371 2376
872 1 -1
1509 82 0 82 1 1940 2371 2372 2372
873 6 -1
1511 14 15 14 16 1942 2373 2374 2375
874 13 -1
1513 52 77 56 78 1944 2375 2376 2380
875 1 -1
1515 12 32 12 32 1946 2377 2378 2378
876 6 -1
1516 9 3 10 5 1947 2378 2379 2381
877 11 -1
1517 69 11 69 11 1948 2379 2380 2382
878 2 -1
1518 67 2 68 3 1949 2380 2381 2383
879 5 -1
1519 78 87 81 88 1950 2381 2382 2385
880 14 -1
1521 7 0 7 3 1952 2383 2384 2387
881 13 -1
1522 66 4 66 5 1953 2384 2385 2386
882 0 -1
1523 66 70 67 70 1954 2385 2386 2387
883 6 -1
1527 24 54 24 58 1958 2389 2390 2393
884 3 -1
1528 68 61 68 62 1959 2390 2391 2391
885 12 -1
1533 74 1 74 1 1964 2395 2396 2396
886 0 -1
1534 9 20 12 25 1965 2396 2397 2405
887 14 -1
1535 67 33 68 33 1966 2397 2398 2400
888 6 -1
1536 33 53 35 53 1967 2398 2399 2400
889 2 -1
1538 6 49 8 49 1969 2400 2401 2404
890 6 -1
1540 31 65 32 65 1971 2402 2403 2403
891 0 -1
1543 45 10 45 10 1974 2405 2406 2408
892 1 -1
1544 95 64 95 64 1975 2406 2407 2408
893 8 -1
1545 81 9 81 10 1976 2407 2408 2409
894 0 -1
1547 78 42 78 47 1978 2409 2410 2414
895 12 -1
1550 51 60 53 60 1981 2412 2413 2414
896 13 -1
1551 31 89 31 90 1982 2413 2414 2415
897 7 -1
1552 8 18 9 22 1983 2414 2415 2419
898 6 -1
1554 10 27 11 29 1985 2416 2417 2420
899 11 -1
1555 83 69 85 69 1986 2417 2418 2419
900 7 -1
1556 64 63 65 64 1987 2418 2419 2420
901 4 -1
1559 57 97 61 97 1990 2421 2422 2427
902 1 -1
1560 81 61 87 61 1991 2422 2423 2428
903 9 -1
1562 24 96 26 96 1993 2424 2425 2426
904 8 -1
1563 32 86 34 90 1994 2425 2426 2435
905 9 -1
1564 95 92 95 92 1995 2426 2427 2428
906 8 -1
1566 40 58 40 58 1997 2428 2429 2430
907 7 -1
1567 78 28 80 28 1998 2429 2430 2433
908 11 -1
1573 35 60 43 60 2004 2435 2436 2443
909 14 -1
1575 81 97 82 97 2006 2437 2438 2438
910 7 -1
1576 89 60 89 60 2007 2438 2439 2440
911 1 -1
1577 99 34 99 36 2008 2439 2440 2441
912 9 -1
1579 84 76 84 76 2010 2441 2442 2444
913 13 -1
1580 30 25 32 25 2011 2442 2443 2444
914 2 -1
1582 18 17 18 17 2013 2444 2445 2445
915 3 -1
1584 65 43 65 43 2015 2446 2447 2447
916 10 -1
1587 10 54 13 56 2018 2449 2450 2461
917 12 -1
1588 0 13 4 13 2019 2450 2451 2454
918 14 -1
1589 84 42 85 43 2020 2451 2452 2453
919 10 -1
1590 86 2 86 3 2021 2452 2453 2455
920 13 -1
1591 33 78 33 79 2022 2453 2454 2458
921 6 -1
1593 55 93 58 94 2024 2455 2456 2459
922 1 -1
1594 85 9 86 10 2025 2456 2457 2458
923 2 -1
1596 20 21 21 21 2027 2458 2459 2460
924 12 -1
1598 13 0 14 0 2029 2460 2461 2461
925 7 -1
1599 92 72 93 74 2030 2461 2462 2465
926 8 -1
1600 15 47 16 47 2031 2462 2463 2463
927 0 -1
1603 44 76 44 76 2034 2465 2466 2466
928 9 -1
1606 63 73 63 73 2037 2468 2469 2470
929 14 -1
1608 47 21 47 22 2039 2470 2471 2471
930 0 -1
1609 60 53 60 55 2040 2471 2472 2473
931 11 -1
1610 55 70 55 71 2041 2472 2473 2473
932 12 -1
1611 31 23 33 23 2042 2473 2474 2475
933 12 -1
1613 48 44 48 44 2044 2475 2476 2477
934 11 -1
1615 26 49 27 49 2046 2477 2478 2478
935 11 -1
1618 51 32 51 33 2049 2480 2481 2483
936 13 -1
1620 77 45 80 47 2051 2482 2483 2487
937 15 -1
1621 51 22 56 23 2052 2483 2484 2490
938 10 -1
1623 67 81 71 81 2054 2485 2486 2490
939 7 -1
1624 38 4 39 4 2055 2486 2487 2487
940 14 -1
1625 62 95 62 95 2056 2487 2488 2490
941 0 -1
1626 31 31 33 31 2057 2488 2489 2490
942 13 -1
1627 96 89 89 95 2058 2489 2490 2502
943 11 -1
1629 77 93 78 93 2060 2491 2492 2492
944 14 -1
1631 62 14 62 14 2062 2493 2494 2495
945 3 -1
1633 32 12 39 14 2064 2495 2496 2505
946 7 -1
1634 75 11 76 11 2065 2496 2497 2498
947 8 -1
1637 13 93 14 93 2068 2499 2500 2500
948 2 -1
1638 2 44 4 44 2069 2500 2501 2503
949 1 -1
1640 47 8 55 8 2071 2502 2503 2512
950 1 -1
1641 23 28 23 28 2072 2503 2504 2506
951 2 -1
1642 97 45 98 47 2073 2504 2505 2508
952 2 -1
1645 99 90 98 90 2076 2507 2508 2508
953 1 -1
1648 95 8 95 10 2079 2510 2511 2512
954 7 -1
1649 41 21 41 23 2080 2511 2512 2513
955 7 -1
1650 3 41 3 41 2081 2512 2513 2513
956 4 -1
1656 9 82 11 83 2087 2518 2519 2522
957 15 -1
1657 95 48 96 49 2088 2519 2520 2522
958 15 -1
1659 8 52 12 52 2090 2521 2522 2525
959 8 -1
1660 59 52 63 52 2091 2522 2523 2526
960 10 -1
1661 33 10 33 10 2092 2523 2524 2530
961 12 -1
1662 87 90 88 95 2093 2524 2525 2531
962 10 -1
1663 96 79 99 83 2094 2525 2526 2532
963 9 -1
1664 57 6 58 6 2095 2526 2527 2528
964 5 -1
1665 21 34 21 35 2096 2527 2528 2528
965 13 -1
1668 92 3 94 3 2099 2530 2531 2533
966 3 -1
1671 18 63 19 67 2102 2533 2534 2541
967 15 -1
1672 67 23 69 25 2103 2534 2535 2538
968 9 -1
1673 87 34 91 34 2104 2535 2536 2540
969 5 -1
1675 92 6 93 6 2106 2537 2538 2538
970 9 -1
1676 73 77 74 79 2107 2538 2539 2541
971 11 -1
1678 26 64 29 64 2109 2540 2541 2543
972 1 -1
1679 94 94 94 100 2110 2541 2542 2548
973 3 -1
1680 17 17 17 18 2111 2542 2543 2546
974 10 -1
1683 61 1 64 5 2114 2545 2546 2552
975 6 -1
1685 5 63 7 64 2116 2547 2548 2550
976 8 -1
1686 48 46 51 51 2117 2548 2549 2558
977 6 -1
1687 90 76 92 77 2118 2549 2550 2553
978 6 -1
1688 75 93 80 93 2119 2550 2551 2556
979 6 -1
1690 51 56 51 59 2121 2552 2553 2556
980 6 -1
1691 10 59 12 59 2122 2553 2554 2555
981 3 -1
1692 60 70 61 72 2123 2554 2555 2557
982 3 -1
1694 16 99 17 99 2125 2556 2557 2557
983 7 -1
1695 79 90 83 90 2126 2557 2558 2561
984 15 -1
1696 66 22 69 22 2127 2558 2559 2561
985 15 -1
1697 47 3 47 4 2128 2559 2560 2561
986 9 -1
1698 49 58 50 59 2129 2560 2561 2562
987 9 -1
1700 0 78 2 78 2131 2562 2563 2564
988 15 -1
1702 36 20 39 31 2133 2564 2565 2578
989 9 -1
1703 7 84 7 85 2134 2565 2566 2566
990 1 -1
1704 41 64 43 65 2135 2566 2567 2569
991 1 -1
1709 83 88 86 88 2140 2571 2572 2574
992 12 -1
1712 90 37 91 38 2143 2574 2575 2577
993 3 -1
1714 79 60 80 63 2145 2576 2577 2580
994 9 -1
1717 24 51 25 52 2148 2579 2580 2583
995 5 -1
1718 11 64 12 65 2149 2580 2581 2582
996 7 -1
1720 55 19 58 20 2151 2582 2583 2588
997 10 -1
1722 50 12 50 12 2153 2584 2585 2585
998 13 -1
1723 3 85 3 87 2154 2585 2586 2587
999 11 -1
1725 37 19 38 20 2156 2587 2588 2589
1000 9 -1
1726 12 37 14 38 2157 2588 2589 2591
