100 100 831
16
0 30 63
1 74 70
2 57 74
3 56 66
4 71 17
5 38 50
6 49 9
7 60 36
8 56 63
9 61 31
10 18 91
11 0 83
12 76 17
13 51 45
14 58 87
15 59 94
16
0 0 189 100 6
0
1 1 186 100 6
0
2 2 186 100 6
0
3 3 194 100 6
0
4 4 199 100 6
0
5 5 192 100 6
0
6 6 208 100 6
0
7 7 177 100 6
0
8 8 194 100 6
0
9 9 211 100 6
0
10 10 215 100 6
0
11 11 189 100 6
0
12 12 210 100 6
0
13 13 194 100 6
0
14 14 197 100 6
0
15 15 184 100 6
0
300
1 0 -1
2 78 38 80 39 140 278 279 281
2 9 -1
5 77 76 79 79 143 281 282 286
3 11 -1
7 92 82 95 82 145 283 284 287
4 15 -1
8 32 79 38 80 146 284 285 293
5 11 -1
9 30 26 35 27 147 285 286 291
6 4 -1
10 95 41 99 41 148 286 287 290
7 0 -1
11 15 83 18 83 149 287 288 293
8 5 -1
12 56 84 58 84 150 288 289 290
9 3 -1
13 2 97 4 97 151 289 290 291
10 1 -1
14 46 5 48 5 152 290 291 293
11 7 -1
15 58 41 58 46 153 291 292 297
12 14 -1
17 25 69 27 70 155 293 294 297
13 5 -1
18 76 53 82 53 156 294 295 300
14 14 -1
19 74 49 74 50 157 295 296 296
15 15 -1
20 21 61 22 61 158 296 297 298
16 4 -1
21 79 36 81 36 159 297 298 299
17 5 -1
22 5 2 6 3 160 298 299 302
18 10 -1
24 26 31 26 32 162 300 301 302
19 5 -1
29 89 39 94 40 167 305 306 311
20 10 -1
30 86 10 87 10 168 306 307 308
21 5 -1
31 27 39 28 39 169 307 308 309
22 13 -1
33 58 65 62 65 171 309 310 315
23 12 -1
35 38 40 39 40 173 311 312 312
24 9 -1
36 48 95 48 95 174 312 313 314
25 14 -1
39 12 1 12 2 177 315 316 316
26 13 -1
40 62 7 63 7 178 316 317 317
27 7 -1
41 12 61 13 61 179 317 318 319
28 1 -1
42 1 26 2 26 180 318 319 319
29 14 -1
43 37 84 37 85 181 319 320 320
30 3 -1
45 13 49 13 50 183 321 322 323
31 13 -1
49 79 59 82 59 187 325 326 328
32 2 -1
52 79 46 83 47 190 328 329 335
33 11 -1
53 64 38 65 42 191 329 330 334
34 15 -1
54 46 59 46 59 192 330 331 331
35 3 -1
56 99 89 88 94 194 332 333 349
36 7 -1
57 92 91 92 93 195 333 334 335
37 2 -1
59 9 21 9 22 197 335 336 336
38 3 -1
61 44 84 46 84 199 337 338 339
39 0 -1
62 99 96 98 98 200 338 339 346
40 10 -1
64 39 38 52 42 202 340 341 359
41 5 -1
69 57 26 59 26 207 345 346 347
42 3 -1
71 1 27 1 33 209 347 348 355
43 5 -1
73 53 3 53 6 211 349 350 354
44 14 -1
76 59 87 62 87 214 352 353 355
45 0 -1
78 71 14 71 15 216 354 355 356
46 15 -1
80 55 43 56 45 218 356 357 359
47 15 -1
81 90 31 90 31 219 357 358 359
48 4 -1
82 7 41 7 45 220 358 359 364
49 10 -1
83 57 25 61 25 221 359 360 364
50 11 -1
84 62 14 62 15 222 360 361 361
51 10 -1
86 85 57 90 62 224 362 363 372
52 8 -1
87 91 40 91 41 225 363 364 364
53 12 -1
90 91 62 92 62 228 366 367 367
54 2 -1
91 8 93 11 93 229 367 368 371
55 7 -1
92 36 84 36 84 230 368 369 369
56 10 -1
93 70 38 72 38 231 369 370 372
57 1 -1
94 67 37 67 38 232 370 371 376
58 8 -1
96 78 46 78 48 234 372 373 374
59 14 -1
103 53 38 54 40 241 379 380 382
60 11 -1
105 15 28 16 28 243 381 382 383
61 5 -1
106 34 36 43 36 244 382 383 392
62 6 -1
107 37 83 37 84 245 383 384 386
63 3 -1
108 25 30 30 31 246 384 385 392
64 13 -1
110 49 78 51 84 248 386 387 394
65 9 -1
111 59 25 59 25 249 387 388 388
66 2 -1
114 77 45 83 45 252 390 391 396
67 11 -1
115 72 33 73 35 253 391 392 396
68 9 -1
116 45 19 57 19 254 392 393 404
69 13 -1
119 82 39 83 41 257 395 396 398
70 15 -1
120 96 51 97 51 258 396 397 397
71 10 -1
122 26 7 27 7 260 398 399 402
72 8 -1
123 72 82 75 82 261 399 400 402
73 5 -1
124 70 15 70 15 262 400 401 404
74 8 -1
127 26 76 27 76 265 403 404 404
75 12 -1
128 65 48 73 57 266 404 405 423
76 0 -1
130 70 2 70 3 268 406 407 407
77 9 -1
132 74 98 74 89 270 408 409 423
78 12 -1
134 85 12 85 13 272 410 411 411
79 12 -1
135 55 36 60 41 273 411 412 422
80 0 -1
136 95 93 95 95 274 412 413 414
81 0 -1
139 67 66 67 66 277 415 416 416
82 14 -1
140 29 91 30 91 278 416 417 420
83 15 -1
141 75 80 78 81 279 417 418 422
84 2 -1
144 92 75 93 78 282 420 421 425
85 1 -1
145 78 11 79 12 283 421 422 423
86 10 -1
146 17 10 17 10 284 422 423 423
87 3 -1
147 7 25 7 26 285 423 424 424
88 8 -1
148 28 67 28 67 286 424 425 425
89 2 -1
149 99 60 97 60 287 425 426 427
90 8 -1
150 1 74 3 75 288 426 427 432
91 0 -1
153 28 35 28 35 291 429 430 430
92 13 -1
154 60 26 64 26 292 430 431 434
93 9 -1
155 17 17 19 18 293 431 432 435
94 5 -1
156 76 61 76 65 294 432 433 437
95 14 -1
157 31 39 35 40 295 433 434 438
96 3 -1
160 85 36 87 40 298 436 437 442
97 2 -1
162 48 32 49 32 300 438 439 439
98 14 -1
163 92 25 93 25 301 439 440 440
99 13 -1
166 27 4 29 4 304 442 443 444
100 5 -1
167 64 54 66 55 305 443 444 448
101 2 -1
168 18 99 18 100 306 444 445 446
102 8 -1
169 76 24 78 24 307 445 446 450
103 15 -1
170 15 78 16 78 308 446 447 451
104 15 -1
172 5 25 8 26 310 448 449 453
105 12 -1
173 19 84 22 84 311 449 450 454
106 11 -1
174 2 61 3 62 312 450 451 452
107 13 -1
179 71 52 71 52 317 455 456 456
108 3 -1
183 84 94 87 95 321 459 460 464
109 14 -1
184 76 43 76 44 322 460 461 462
110 14 -1
185 25 38 25 39 323 461 462 463
111 2 -1
186 85 23 91 26 324 462 463 471
112 1 -1
187 59 48 60 52 325 463 464 469
113 13 -1
189 73 15 73 16 327 465 466 470
114 7 -1
190 51 43 55 43 328 466 467 471
115 6 -1
193 57 11 57 12 331 469 470 470
116 12 -1
196 54 81 54 83 334 472 473 474
117 0 -1
197 28 72 29 72 335 473 474 474
118 10 -1
198 96 59 88 65 336 474 475 492
119 14 -1
199 62 45 63 45 337 475 476 476
120 1 -1
200 53 83 55 83 338 476 477 478
121 9 -1
201 89 58 90 58 339 477 478 478
122 8 -1
204 10 82 10 82 342 480 481 481
123 9 -1
208 75 70 76 70 346 484 485 485
124 11 -1
209 89 37 90 37 347 485 486 486
125 15 -1
211 39 91 39 91 349 487 488 490
126 11 -1
212 54 45 55 46 350 488 489 490
127 11 -1
213 71 28 71 34 351 489 490 497
128 10 -1
214 72 72 77 72 352 490 491 495
129 13 -1
218 57 26 58 29 356 494 495 501
130 9 -1
219 24 57 24 59 357 495 496 497
131 13 -1
224 66 0 67 1 362 500 501 503
132 5 -1
225 33 15 34 16 363 501 502 503
133 5 -1
229 22 88 23 91 367 505 506 511
134 2 -1
230 13 94 13 95 368 506 507 507
135 7 -1
231 83 45 83 47 369 507 508 510
136 5 -1
236 64 85 66 85 374 512 513 514
137 15 -1
237 48 99 48 99 375 513 514 515
138 10 -1
240 70 96 81 96 378 516 517 527
139 6 -1
242 8 8 10 8 380 518 519 520
140 3 -1
244 47 79 49 82 382 520 521 525
141 6 -1
245 10 97 11 97 383 521 522 527
142 1 -1
246 10 82 13 82 384 522 523 525
143 9 -1
247 63 41 63 44 385 523 524 526
144 4 -1
248 96 46 99 46 386 524 525 527
145 9 -1
250 72 9 73 10 388 526 527 528
146 10 -1
251 0 83 1 83 389 527 528 530
147 12 -1
253 51 70 52 70 391 529 530 530
148 12 -1
255 65 58 66 59 393 531 532 533
149 15 -1
256 54 25 56 25 394 532 533 536
150 13 -1
257 96 17 99 18 395 533 534 537
151 10 -1
258 18 19 18 20 396 534 535 535
152 4 -1
260 68 15 70 15 398 536 537 538
153 1 -1
261 5 16 11 16 399 537 538 549
154 9 -1
266 44 13 47 14 404 542 543 546
155 12 -1
267 42 56 42 56 405 543 544 546
156 10 -1
268 89 79 89 79 406 544 545 546
157 0 -1
269 81 48 82 48 407 545 546 546
158 10 -1
271 8 89 14 89 409 547 548 553
159 1 -1
272 25 1 25 1 410 548 549 549
160 15 -1
274 12 37 24 38 412 550 551 563
161 14 -1
277 24 4 25 4 415 553 554 555
162 9 -1
278 26 12 32 12 416 554 555 560
163 5 -1
279 0 90 1 90 417 555 556 559
164 7 -1
280 0 42 1 43 418 556 557 559
165 9 -1
283 30 56 30 56 421 559 560 560
166 2 -1
285 75 96 76 98 423 561 562 564
167 8 -1
286 8 80 9 82 424 562 563 565
168 4 -1
289 60 61 63 61 427 565 566 568
169 9 -1
293 88 96 88 98 431 569 570 573
170 15 -1
294 38 66 41 66 432 570 571 574
171 0 -1
295 94 34 95 34 433 571 572 573
172 11 -1
296 24 17 25 18 434 572 573 576
173 3 -1
303 56 41 65 41 441 579 580 588
174 7 -1
305 68 54 72 54 443 581 582 586
175 1 -1
306 88 69 88 70 444 582 583 583
176 11 -1
307 93 98 93 100 445 583 584 585
177 5 -1
310 98 8 96 10 448 586 587 590
178 4 -1
311 72 73 76 73 449 587 588 591
179 3 -1
312 50 16 53 20 450 588 589 597
180 9 -1
313 45 18 46 18 451 589 590 590
181 8 -1
315 19 77 20 78 453 591 592 593
182 12 -1
320 43 74 47 74 458 596 597 612
183 13 -1
321 28 63 28 64 459 597 598 600
184 3 -1
323 78 25 81 29 461 599 600 612
185 7 -1
325 77 32 79 37 463 601 602 609
186 2 -1
326 25 50 26 50 464 602 603 603
187 10 -1
327 98 59 98 62 465 603 604 606
188 3 -1
328 74 18 74 21 466 604 605 609
189 4 -1
329 29 94 30 95 467 605 606 608
190 1 -1
330 52 89 53 90 468 606 607 611
191 10 -1
337 74 78 81 84 475 613 614 626
192 11 -1
340 40 59 40 60 478 616 617 619
193 14 -1
342 24 29 24 30 480 618 619 619
194 9 -1
343 83 43 84 45 481 619 620 622
195 13 -1
345 53 37 58 40 483 621 622 633
196 10 -1
349 98 16 99 16 487 625 626 626
197 2 -1
351 15 8 16 8 489 627 628 628
198 11 -1
354 4 48 10 48 492 630 631 636
199 4 -1
356 36 90 36 91 494 632 633 633
200 5 -1
357 23 2 25 3 495 633 634 637
201 11 -1
358 18 49 18 50 496 634 635 641
202 2 -1
359 99 47 98 47 497 635 636 638
203 13 -1
360 12 74 13 74 498 636 637 638
204 5 -1
361 67 76 68 80 499 637 638 643
205 3 -1
363 16 73 17 73 501 639 640 640
206 9 -1
364 8 60 9 60 502 640 641 641
207 12 -1
365 58 10 58 11 503 641 642 643
208 14 -1
367 56 82 61 83 505 643 644 649
209 8 -1
371 69 72 70 72 509 647 648 648
210 10 -1
372 49 67 50 70 510 648 649 656
211 3 -1
373 71 49 71 51 511 649 650 652
212 6 -1
374 1 66 1 67 512 650 651 651
213 12 -1
375 53 79 54 79 513 651 652 652
214 10 -1
377 14 68 15 68 515 653 654 654
215 13 -1
379 0 98 0 98 517 655 656 656
216 3 -1
380 64 46 65 46 518 656 657 657
217 11 -1
381 7 76 9 76 519 657 658 662
218 8 -1
382 98 41 99 42 520 658 659 660
219 12 -1
383 60 51 61 51 521 659 660 660
220 9 -1
388 50 98 51 98 526 664 665 665
221 7 -1
391 32 6 33 6 529 667 668 669
222 4 -1
392 74 91 75 92 530 668 669 670
223 2 -1
394 28 45 30 45 532 670 671 673
224 0 -1
396 71 12 74 12 534 672 673 677
225 13 -1
397 39 5 40 5 535 673 674 674
226 8 -1
400 56 91 56 92 538 676 677 678
227 0 -1
401 5 84 7 84 539 677 678 679
228 7 -1
403 81 38 83 38 541 679 680 684
229 5 -1
404 9 79 10 79 542 680 681 682
230 1 -1
407 13 0 14 0 545 683 684 684
231 7 -1
408 86 38 86 38 546 684 685 687
232 2 -1
411 15 84 16 84 549 687 688 689
233 15 -1
412 58 60 59 60 550 688 689 689
234 0 -1
414 26 56 27 56 552 690 691 691
235 7 -1
418 22 85 23 85 556 694 695 695
236 6 -1
420 6 62 7 62 558 696 697 697
237 2 -1
421 42 8 43 9 559 697 698 699
238 4 -1
423 90 81 90 81 561 699 700 700
239 9 -1
426 96 1 91 1 564 702 703 707
240 7 -1
428 53 90 54 91 566 704 705 706
241 2 -1
433 46 91 47 91 571 709 710 711
242 0 -1
437 70 43 71 43 575 713 714 714
243 11 -1
439 40 17 42 17 577 715 716 717
244 0 -1
441 94 11 96 17 579 717 718 725
245 1 -1
446 51 73 54 73 584 722 723 726
246 0 -1
448 97 55 94 55 586 724 725 727
247 13 -1
450 75 36 75 44 588 726 727 734
248 7 -1
452 58 49 59 50 590 728 729 731
249 4 -1
455 48 54 49 55 593 731 732 734
250 8 -1
460 34 72 39 72 598 736 737 742
251 12 -1
461 12 57 13 57 599 737 738 739
252 12 -1
462 55 36 58 36 600 738 739 741
253 12 -1
464 8 32 8 33 602 740 741 742
254 0 -1
469 83 82 84 82 607 745 746 747
255 8 -1
471 96 92 98 98 609 747 748 758
256 2 -1
475 85 12 87 12 613 751 752 753
257 14 -1
478 63 68 63 71 616 754 755 758
258 0 -1
479 39 0 39 2 617 755 756 757
259 10 -1
480 79 98 81 95 618 756 757 764
260 11 -1
481 14 32 14 32 619 757 758 763
261 15 -1
482 17 96 18 96 620 758 759 759
262 4 -1
484 6 80 6 80 622 760 761 764
263 10 -1
486 10 11 12 12 624 762 763 765
264 10 -1
488 10 1 13 1 626 764 765 767
265 14 -1
489 94 78 98 84 627 765 766 778
266 5 -1
491 25 95 26 96 629 767 768 769
267 4 -1
493 59 47 59 48 631 769 770 770
268 5 -1
496 22 66 23 66 634 772 773 773
269 5 -1
501 56 66 56 66 639 777 778 779
270 3 -1
502 24 49 24 50 640 778 779 782
271 4 -1
505 85 58 85 59 643 781 782 783
272 11 -1
506 11 3 15 4 644 782 783 787
273 6 -1
507 60 62 62 63 645 783 784 787
274 4 -1
509 9 39 9 40 647 785 786 786
275 12 -1
511 90 3 90 5 649 787 788 789
276 8 -1
512 18 89 18 89 650 788 789 789
277 13 -1
515 5 98 8 98 653 791 792 794
278 15 -1
516 47 9 60 9 654 792 793 805
279 6 -1
517 39 54 39 57 655 793 794 797
280 3 -1
518 78 59 80 59 656 794 795 796
281 8 -1
520 37 81 38 81 658 796 797 797
282 1 -1
522 38 20 41 24 660 798 799 807
283 4 -1
523 51 96 51 97 661 799 800 800
284 0 -1
525 82 49 83 49 663 801 802 803
285 12 -1
526 12 24 13 25 664 802 803 804
286 3 -1
528 98 60 94 61 666 804 805 809
287 4 -1
530 37 87 38 89 668 806 807 810
288 8 -1
533 35 96 37 96 671 809 810 811
289 14 -1
535 13 5 14 6 673 811 812 814
290 11 -1
536 35 61 36 61 674 812 813 814
291 2 -1
537 98 99 99 99 675 813 814 814
292 10 -1
538 12 98 15 98 676 814 815 817
293 12 -1
540 1 59 3 59 678 816 817 820
294 7 -1
541 54 62 56 63 679 817 818 820
295 12 -1
542 35 82 39 85 680 818 819 826
296 0 -1
543 68 2 69 3 681 819 820 821
297 10 -1
546 59 52 59 54 684 822 823 824
298 5 -1
547 42 70 44 70 685 823 824 825
299 6 -1
550 93 91 94 91 688 826 827 827
300 4 -1
552 44 56 47 56 690 828 829 831
