100 100 2073
4
0 43 87
1 72 96
2 42 16
3 68 68
52
0 0 361 100 6
0
1 0 755 100 6
0
2 0 1106 100 6
0
3 0 1572 100 6
0
4 0 -1 100 6
0
5 0 -1 100 6
0
6 0 -1 100 6
0
7 0 -1 100 6
0
8 0 -1 100 6
0
9 0 -1 100 6
0
10 0 -1 100 6
0
11 0 -1 100 6
0
12 0 -1 100 6
0
13 1 371 100 6
0
14 1 769 100 6
0
15 1 1151 100 6
0
16 1 1567 100 6
0
17 1 -1 100 6
0
18 1 -1 100 6
0
19 1 -1 100 6
0
20 1 -1 100 6
0
21 1 -1 100 6
0
22 1 -1 100 6
0
23 1 -1 100 6
0
24 1 -1 100 6
0
25 1 -1 100 6
0
26 2 429 100 6
0
27 2 832 100 6
0
28 2 1184 100 6
0
29 2 1558 100 6
0
30 2 -1 100 6
0
31 2 -1 100 6
0
32 2 -1 100 6
0
33 2 -1 100 6
0
34 2 -1 100 6
0
35 2 -1 100 6
0
36 2 -1 100 6
0
37 2 -1 100 6
0
38 2 -1 100 6
0
39 3 403 100 6
0
40 3 743 100 6
0
41 3 1115 100 6
0
42 3 1500 100 6
0
43 3 -1 100 6
0
44 3 -1 100 6
0
45 3 -1 100 6
0
46 3 -1 100 6
0
47 3 -1 100 6
0
48 3 -1 100 6
0
49 3 -1 100 6
0
50 3 -1 100 6
0
51 3 -1 100 6
0
1000
1 2 -1
2 43 62 43 65 174 346 347 349
2 2 -1
5 74 11 74 12 177 349 350 354
3 0 -1
7 85 99 86 96 179 351 352 355
4 0 -1
8 16 5 17 8 180 352 353 361
5 3 -1
9 20 13 24 14 181 353 354 359
6 1 -1
10 90 10 94 10 182 354 355 358
7 2 -1
11 96 57 98 60 183 355 356 361
8 2 -1
12 32 75 34 75 184 356 357 358
9 0 -1
13 8 25 10 25 185 357 358 359
10 2 -1
14 66 1 68 1 186 358 359 361
11 0 -1
15 60 19 60 24 187 359 360 365
12 1 -1
17 29 26 33 26 189 361 362 365
13 1 -1
18 65 40 71 40 190 362 363 368
14 3 -1
19 84 24 85 24 191 363 364 364
15 3 -1
20 23 25 24 25 192 364 365 366
16 2 -1
21 53 92 53 93 193 365 366 367
17 2 -1
22 15 45 16 48 194 366 367 370
18 3 -1
24 4 15 6 15 196 368 369 370
19 3 -1
29 70 76 72 79 201 373 374 379
20 3 -1
30 83 27 85 27 202 374 375 376
21 1 -1
31 23 99 23 100 203 375 376 377
22 2 -1
33 79 25 81 27 205 377 378 383
23 0 -1
35 54 60 55 60 207 379 380 380
24 0 -1
36 67 44 67 45 208 380 381 382
25 2 -1
39 19 83 19 84 211 383 384 384
26 1 -1
40 83 9 84 9 212 384 385 385
27 0 -1
41 65 37 66 38 213 385 386 387
28 2 -1
42 31 5 32 5 214 386 387 387
29 2 -1
43 89 6 89 6 215 387 388 388
30 0 -1
45 47 35 48 36 217 389 390 391
31 1 -1
49 89 33 89 34 221 393 394 396
32 3 -1
52 29 65 34 65 224 396 397 403
33 0 -1
53 79 55 81 56 225 397 398 402
34 2 -1
54 45 44 46 44 226 398 399 399
35 1 -1
56 82 87 90 90 228 400 401 417
36 1 -1
57 8 49 8 51 229 401 402 403
37 3 -1
59 74 30 75 30 231 403 404 404
38 2 -1
61 51 5 52 5 233 405 406 407
39 0 -1
62 69 67 73 71 234 406 407 414
40 0 -1
64 30 44 45 45 236 408 409 427
41 0 -1
69 50 41 51 41 241 413 414 415
42 0 -1
71 90 52 96 52 243 415 416 423
43 1 -1
73 89 36 94 36 245 417 418 422
44 0 -1
76 28 90 30 90 248 420 421 423
45 2 -1
78 91 87 93 87 250 422 423 424
46 2 -1
80 82 98 83 99 252 424 425 427
47 1 -1
81 22 3 24 3 253 425 426 427
48 0 -1
82 35 17 40 17 254 426 427 432
49 2 -1
83 80 46 81 49 255 427 428 432
50 0 -1
84 39 19 39 20 256 428 429 429
51 3 -1
86 73 59 77 62 258 430 431 440
52 1 -1
87 38 87 38 87 259 431 432 432
53 3 -1
90 51 93 51 93 262 434 435 435
54 3 -1
91 32 97 32 99 263 435 436 439
55 2 -1
92 60 64 61 64 264 436 437 437
56 2 -1
93 70 25 70 27 265 437 438 440
57 0 -1
94 71 87 73 90 266 438 439 444
58 3 -1
96 45 99 45 97 268 440 441 442
59 3 -1
103 18 71 20 72 275 447 448 450
60 3 -1
105 4 95 6 95 277 449 450 451
61 0 -1
106 34 52 41 55 278 450 451 460
62 3 -1
107 52 32 52 33 279 451 452 454
63 3 -1
108 16 79 21 80 280 452 453 460
64 0 -1
110 63 14 63 16 282 454 455 462
65 0 -1
111 43 70 43 70 283 455 456 456
66 2 -1
114 44 79 47 82 286 458 459 464
67 2 -1
115 59 81 62 81 287 459 460 464
68 3 -1
116 21 37 24 43 288 460 461 472
69 1 -1
119 69 20 72 20 291 463 464 466
70 0 -1
120 81 19 82 19 292 464 465 465
71 3 -1
122 24 25 25 26 294 466 467 470
72 0 -1
123 30 35 33 35 295 467 468 470
73 1 -1
124 22 6 25 6 296 468 469 472
74 2 -1
127 40 40 41 40 299 471 472 472
75 2 -1
128 5 17 23 17 300 472 473 491
76 1 -1
130 34 74 34 74 302 474 475 475
77 0 -1
132 52 16 61 19 304 476 477 491
78 0 -1
134 12 45 13 45 306 478 479 479
79 3 -1
135 9 39 9 45 307 479 480 490
80 0 -1
136 45 29 47 29 308 480 481 482
81 3 -1
139 85 62 86 62 311 483 484 484
82 0 -1
140 0 59 0 60 312 484 485 488
83 1 -1
141 48 27 50 27 313 485 486 490
84 3 -1
144 55 93 58 93 316 488 489 493
85 2 -1
145 14 29 14 31 317 489 490 491
86 2 -1
146 94 92 94 92 318 490 491 491
87 0 -1
147 17 10 17 10 319 491 492 492
88 2 -1
148 35 63 35 63 320 492 493 493
89 0 -1
149 27 97 28 98 321 493 494 495
90 3 -1
150 68 98 73 98 322 494 495 500
91 0 -1
153 96 77 96 78 325 497 498 498
92 2 -1
154 38 72 38 75 326 498 499 502
93 1 -1
155 97 18 94 19 327 499 500 503
94 2 -1
156 79 79 79 84 328 500 501 505
95 1 -1
157 90 60 93 61 329 501 502 506
96 3 -1
160 7 0 9 4 332 504 505 510
97 2 -1
162 72 97 72 98 334 506 507 507
98 3 -1
163 56 22 57 22 335 507 508 508
99 2 -1
166 37 61 37 61 338 510 511 512
100 3 -1
167 33 30 33 34 339 511 512 516
101 0 -1
168 81 42 83 42 340 512 513 514
102 1 -1
169 1 32 1 32 341 513 514 518
103 1 -1
170 21 87 25 88 342 514 515 519
104 0 -1
172 35 6 35 9 344 516 517 521
105 1 -1
173 80 18 84 19 345 517 518 522
106 1 -1
174 32 8 32 8 346 518 519 520
107 3 -1
179 85 44 85 45 351 523 524 524
108 0 -1
183 45 97 45 93 355 527 528 532
109 3 -1
184 95 28 96 29 356 528 529 530
110 1 -1
185 5 10 7 10 357 529 530 531
111 3 -1
186 33 67 40 68 358 530 531 539
112 1 -1
187 71 64 73 64 359 531 532 537
113 2 -1
189 65 58 65 62 361 533 534 538
114 1 -1
190 80 48 81 52 362 534 535 539
115 3 -1
193 25 18 26 18 365 537 538 538
116 3 -1
196 65 79 67 79 368 540 541 542
117 0 -1
197 39 51 40 51 369 541 542 542
118 1 -1
198 37 34 48 41 370 542 543 560
119 2 -1
199 97 48 97 48 371 543 544 544
120 0 -1
200 66 79 68 79 372 544 545 546
121 3 -1
201 17 59 17 59 373 545 546 546
122 0 -1
204 83 54 83 55 376 548 549 549
123 2 -1
208 31 83 31 83 380 552 553 553
124 1 -1
209 75 5 75 6 381 553 554 554
125 3 -1
211 81 20 84 20 383 555 556 558
126 2 -1
212 35 58 37 58 384 556 557 558
127 1 -1
213 45 98 51 98 385 557 558 565
128 3 -1
214 20 3 22 6 386 558 559 563
129 0 -1
218 64 1 64 3 390 562 563 569
130 2 -1
219 52 87 52 88 391 563 564 565
131 0 -1
224 62 40 65 40 396 568 569 571
132 3 -1
225 14 77 16 77 397 569 570 571
133 2 -1
229 99 13 96 16 401 573 574 579
134 1 -1
230 82 72 82 73 402 574 575 575
135 2 -1
231 39 1 42 1 403 575 576 578
136 2 -1
236 55 18 55 19 408 580 581 582
137 3 -1
237 39 65 40 65 409 581 582 583
138 1 -1
240 79 72 79 73 412 584 585 595
139 3 -1
242 34 70 35 70 414 586 587 588
140 2 -1
244 28 52 33 52 416 588 589 593
141 2 -1
245 7 48 8 49 417 589 590 595
142 0 -1
246 18 27 20 27 418 590 591 593
143 1 -1
247 84 14 87 14 419 591 592 594
144 2 -1
248 83 64 86 64 420 592 593 595
145 0 -1
250 88 15 89 15 422 594 595 596
146 1 -1
251 46 83 48 84 423 595 596 598
147 3 -1
253 17 63 18 63 425 597 598 598
148 0 -1
255 13 35 13 35 427 599 600 601
149 2 -1
256 8 27 10 27 428 600 601 604
150 3 -1
257 61 33 61 36 429 601 602 605
151 1 -1
258 51 69 51 69 430 602 603 603
152 3 -1
260 32 71 34 71 432 604 605 606
153 1 -1
261 53 72 62 75 433 605 606 617
154 2 -1
266 61 62 64 63 438 610 611 614
155 3 -1
267 86 12 86 13 439 611 612 614
156 2 -1
268 71 76 73 76 440 612 613 614
157 0 -1
269 76 56 76 57 441 613 614 614
158 3 -1
271 23 76 23 80 443 615 616 621
159 2 -1
272 34 64 34 65 444 616 617 617
160 2 -1
274 70 73 76 74 446 618 619 631
161 3 -1
277 37 32 38 32 449 621 622 623
162 1 -1
278 8 46 12 48 450 622 623 628
163 1 -1
279 22 36 26 36 451 623 624 627
164 2 -1
280 88 42 90 43 452 624 625 627
165 3 -1
283 4 68 4 69 455 627 628 628
166 1 -1
285 69 24 71 24 457 629 630 632
167 2 -1
286 3 20 3 20 458 630 631 633
168 2 -1
289 60 30 60 31 461 633 634 636
169 2 -1
293 49 89 49 93 465 637 638 641
170 2 -1
294 73 24 76 25 466 638 639 642
171 0 -1
295 68 69 70 69 467 639 640 641
172 0 -1
296 20 78 23 78 468 640 641 644
173 0 -1
303 63 63 63 69 475 647 648 656
174 2 -1
305 79 17 84 17 477 649 650 654
175 2 -1
306 95 7 95 8 478 650 651 651
176 3 -1
307 46 83 48 83 479 651 652 653
177 1 -1
310 83 92 84 94 482 654 655 658
178 2 -1
311 77 45 79 46 483 655 656 659
179 1 -1
312 97 64 90 65 484 656 657 665
180 3 -1
313 31 67 31 68 485 657 658 658
181 0 -1
315 69 96 69 97 487 659 660 661
182 1 -1
320 44 89 47 77 492 664 665 680
183 3 -1
321 47 28 47 29 493 665 666 668
184 3 -1
323 11 88 20 92 495 667 668 680
185 0 -1
325 11 73 12 73 497 669 670 677
186 2 -1
326 63 41 64 41 498 670 671 671
187 1 -1
327 43 92 44 92 499 671 672 674
188 1 -1
328 87 36 87 40 500 672 673 677
189 3 -1
329 74 13 77 13 501 673 674 676
190 0 -1
330 20 30 25 30 502 674 675 679
191 3 -1
337 50 2 53 2 509 681 682 694
192 1 -1
340 52 40 53 41 512 684 685 687
193 3 -1
342 55 8 56 8 514 686 687 687
194 0 -1
343 93 96 93 96 515 687 688 690
195 2 -1
345 4 25 12 27 517 689 690 701
196 3 -1
349 87 11 88 11 521 693 694 694
197 2 -1
351 2 98 3 98 523 695 696 696
198 2 -1
354 13 50 16 51 526 698 699 704
199 2 -1
356 7 48 8 48 528 700 701 701
200 0 -1
357 88 58 89 60 529 701 702 705
201 0 -1
358 6 23 10 23 530 702 703 709
202 0 -1
359 18 3 20 4 531 703 704 706
203 1 -1
360 57 39 57 41 532 704 705 706
204 0 -1
361 85 55 87 59 533 705 706 711
205 0 -1
363 22 73 22 74 535 707 708 708
206 0 -1
364 63 46 64 46 536 708 709 709
207 1 -1
365 42 75 43 75 537 709 710 711
208 1 -1
367 60 89 66 89 539 711 712 717
209 0 -1
371 17 1 17 2 543 715 716 716
210 3 -1
372 97 84 97 84 544 716 717 724
211 0 -1
373 32 47 35 47 545 717 718 720
212 3 -1
374 62 52 63 52 546 718 719 719
213 1 -1
375 86 77 86 78 547 719 720 720
214 1 -1
377 28 69 28 69 549 721 722 722
215 0 -1
379 4 18 5 18 551 723 724 724
216 2 -1
380 34 60 34 60 552 724 725 725
217 1 -1
381 72 16 73 17 553 725 726 730
218 3 -1
382 59 57 60 57 554 726 727 728
219 3 -1
383 37 8 38 8 555 727 728 728
220 2 -1
388 57 30 58 30 560 732 733 733
221 3 -1
391 34 91 34 92 563 735 736 737
222 1 -1
392 33 2 35 2 564 736 737 738
223 3 -1
394 85 36 88 36 566 738 739 741
224 0 -1
396 3 51 4 51 568 740 741 745
225 3 -1
397 78 18 79 18 569 741 742 742
226 1 -1
400 94 47 95 47 572 744 745 746
227 0 -1
401 98 10 99 10 573 745 746 747
228 2 -1
403 20 38 22 38 575 747 748 752
229 1 -1
404 29 28 29 29 576 748 749 750
230 3 -1
407 87 91 87 92 579 751 752 752
231 1 -1
408 84 47 86 47 580 752 753 755
232 3 -1
411 20 47 22 47 583 755 756 757
233 2 -1
412 7 84 8 84 584 756 757 757
234 3 -1
414 8 91 8 91 586 758 759 759
235 2 -1
418 43 62 43 63 590 762 763 763
236 2 -1
420 2 36 3 36 592 764 765 765
237 0 -1
421 23 32 25 32 593 765 766 767
238 2 -1
423 62 60 63 60 595 767 768 768
239 2 -1
426 29 72 31 75 598 770 771 775
240 1 -1
428 63 9 65 9 600 772 773 774
241 2 -1
433 36 89 36 89 605 777 778 779
242 2 -1
437 42 38 43 38 609 781 782 782
243 3 -1
439 35 84 37 84 611 783 784 785
244 1 -1
441 40 56 40 57 613 785 786 793
245 2 -1
446 16 65 17 67 618 790 791 794
246 2 -1
448 71 34 74 34 620 792 793 795
247 3 -1
450 31 4 37 5 622 794 795 802
248 3 -1
452 61 93 62 95 624 796 797 799
249 1 -1
455 76 43 79 43 627 799 800 802
250 2 -1
460 53 87 58 87 632 804 805 810
251 1 -1
461 4 68 4 69 633 805 806 807
252 3 -1
462 47 85 49 85 634 806 807 809
253 0 -1
464 56 38 57 38 636 808 809 810
254 3 -1
469 15 2 17 2 641 813 814 815
255 0 -1
471 98 4 96 10 643 815 816 826
256 1 -1
475 82 37 84 37 647 819 820 821
257 3 -1
478 79 27 82 27 650 822 823 826
258 2 -1
479 22 49 22 50 651 823 824 825
259 0 -1
480 38 34 44 36 652 824 825 832
260 2 -1
481 14 33 15 33 653 825 826 831
261 2 -1
482 36 54 36 54 654 826 827 827
262 3 -1
484 99 75 99 75 656 828 829 832
263 3 -1
486 56 62 58 63 658 830 831 833
264 2 -1
488 79 19 82 19 660 832 833 835
265 3 -1
489 3 58 5 69 661 833 834 846
266 1 -1
491 5 14 6 14 663 835 836 837
267 2 -1
493 37 51 38 51 665 837 838 838
268 1 -1
496 62 81 63 81 668 840 841 841
269 2 -1
501 57 31 58 32 673 845 846 847
270 3 -1
502 88 10 90 12 674 846 847 850
271 0 -1
505 35 79 36 80 677 849 850 851
272 3 -1
506 24 45 24 47 678 850 851 855
273 3 -1
507 57 73 60 73 679 851 852 855
274 1 -1
509 61 76 61 76 681 853 854 854
275 2 -1
511 3 70 3 72 683 855 856 857
276 1 -1
512 53 87 54 87 684 856 857 857
277 2 -1
515 77 66 80 66 687 859 860 862
278 2 -1
516 52 14 55 24 688 860 861 873
279 1 -1
517 96 5 92 5 689 861 862 865
280 3 -1
518 81 22 82 22 690 862 863 864
281 0 -1
520 76 18 77 18 692 864 865 865
282 2 -1
522 21 57 26 57 694 866 867 875
283 0 -1
523 99 90 98 90 695 867 868 868
284 0 -1
525 72 88 73 89 697 869 870 871
285 1 -1
526 20 46 20 46 698 870 871 872
286 0 -1
528 9 63 9 64 700 872 873 877
287 1 -1
530 70 36 71 38 702 874 875 878
288 2 -1
533 95 60 97 60 705 877 878 879
289 2 -1
535 67 66 67 69 707 879 880 882
290 0 -1
536 49 23 51 23 708 880 881 882
291 2 -1
537 93 68 93 68 709 881 882 882
292 3 -1
538 72 63 74 64 710 882 883 885
293 2 -1
540 41 33 41 33 712 884 885 888
294 3 -1
541 82 46 82 49 713 885 886 888
295 2 -1
542 5 47 8 49 714 886 887 894
296 0 -1
543 33 19 35 19 715 887 888 889
297 1 -1
546 23 14 25 14 718 890 891 892
298 3 -1
547 62 82 64 82 719 891 892 893
299 1 -1
550 18 9 19 9 722 894 895 895
300 0 -1
552 75 53 78 53 724 896 897 899
301 2 -1
553 37 24 38 25 725 897 898 899
302 2 -1
555 8 46 11 46 727 899 900 904
303 1 -1
556 6 61 6 61 728 900 901 902
304 2 -1
558 50 97 50 97 730 902 903 903
305 3 -1
559 5 3 7 4 731 903 904 908
306 0 -1
560 14 52 16 52 732 904 905 906
307 3 -1
562 19 83 20 83 734 906 907 907
308 3 -1
565 8 63 8 67 737 909 910 913
309 1 -1
566 69 46 69 50 738 910 911 914
310 1 -1
567 16 51 16 51 739 911 912 912
311 0 -1
570 65 42 69 42 742 914 915 918
312 2 -1
572 8 10 10 11 744 916 917 919
313 3 -1
573 47 79 48 79 745 917 918 920
314 3 -1
575 68 1 69 1 747 919 920 921
315 2 -1
577 44 34 44 34 749 921 922 922
316 1 -1
578 52 64 54 64 750 922 923 924
317 2 -1
579 7 83 9 83 751 923 924 928
318 0 -1
580 67 85 68 85 752 924 925 925
319 2 -1
585 21 55 23 56 757 929 930 932
320 1 -1
588 0 8 2 11 760 932 933 937
321 3 -1
589 74 41 84 42 761 933 934 948
322 1 -1
592 56 28 57 28 764 936 937 937
323 1 -1
594 38 54 39 54 766 938 939 940
324 2 -1
595 33 1 37 5 767 939 940 954
325 3 -1
596 26 28 30 28 768 940 941 944
326 2 -1
597 0 6 8 6 769 941 942 949
327 3 -1
599 0 9 6 11 771 943 944 951
328 1 -1
600 52 37 52 40 772 944 945 947
329 3 -1
601 94 7 94 8 773 945 946 947
330 1 -1
603 97 17 97 19 775 947 948 949
331 2 -1
608 23 25 24 25 780 952 953 955
332 0 -1
609 38 25 38 25 781 953 954 954
333 0 -1
610 32 12 35 12 782 954 955 959
334 1 -1
611 56 28 56 31 783 955 956 959
335 3 -1
613 79 22 81 25 785 957 958 965
336 3 -1
614 84 8 84 10 786 958 959 964
337 2 -1
615 98 69 99 69 787 959 960 960
338 0 -1
616 62 21 62 22 788 960 961 962
339 2 -1
619 53 77 55 77 791 963 964 968
340 1 -1
620 83 30 85 30 792 964 965 966
341 3 -1
621 63 65 68 65 793 965 966 970
342 3 -1
622 57 92 59 93 794 966 967 969
343 0 -1
623 87 52 87 52 795 967 968 969
344 1 -1
624 47 73 47 74 796 968 969 969
345 3 -1
625 82 97 84 97 797 969 970 971
346 0 -1
628 45 55 46 55 800 972 973 973
347 2 -1
629 36 13 37 14 801 973 974 978
348 3 -1
630 64 48 65 48 802 974 975 975
349 1 -1
634 18 84 19 84 806 978 979 979
350 1 -1
635 30 48 30 48 807 979 980 981
351 0 -1
636 74 26 76 26 808 980 981 982
352 2 -1
637 16 65 17 65 809 981 982 983
353 3 -1
639 56 93 57 93 811 983 984 984
354 3 -1
640 3 67 3 68 812 984 985 986
355 1 -1
641 45 96 45 98 813 985 986 987
356 0 -1
643 3 13 3 16 815 987 988 993
357 1 -1
645 1 3 2 4 817 989 990 991
358 2 -1
646 42 93 44 93 818 990 991 992
359 2 -1
648 79 45 79 46 820 992 993 993
360 0 -1
649 77 68 77 73 821 993 994 1003
361 1 -1
650 72 59 73 59 822 994 995 995
362 1 -1
651 75 74 78 75 823 995 996 999
363 1 -1
652 46 7 49 10 824 996 997 1011
364 0 -1
653 70 57 71 57 825 997 998 998
365 0 -1
656 12 77 13 77 828 1000 1001 1001
366 0 -1
662 79 23 81 23 834 1006 1007 1008
367 3 -1
663 43 66 46 68 835 1007 1008 1015
368 3 -1
664 57 36 57 37 836 1008 1009 1010
369 2 -1
665 14 32 15 32 837 1009 1010 1010
370 2 -1
666 60 47 60 49 838 1010 1011 1012
371 1 -1
667 13 12 14 12 839 1011 1012 1014
372 3 -1
669 7 22 8 22 841 1013 1014 1014
373 1 -1
672 19 36 19 36 844 1016 1017 1020
374 3 -1
673 78 65 78 67 845 1017 1018 1019
375 1 -1
674 25 88 26 91 846 1018 1019 1022
376 0 -1
675 34 72 35 72 847 1019 1020 1024
377 2 -1
678 16 37 17 37 850 1022 1023 1026
378 2 -1
679 4 31 7 31 851 1023 1024 1026
379 0 -1
680 85 85 90 85 852 1024 1025 1030
380 3 -1
681 94 79 96 79 853 1025 1026 1027
381 0 -1
682 44 31 45 32 854 1026 1027 1028
382 0 -1
684 5 47 6 47 856 1028 1029 1030
383 0 -1
685 8 49 11 50 857 1029 1030 1034
384 2 -1
687 95 96 98 98 859 1031 1032 1036
385 3 -1
688 57 97 58 97 860 1032 1033 1034
386 0 -1
689 34 71 34 73 861 1033 1034 1035
387 1 -1
690 29 53 31 53 862 1034 1035 1036
388 0 -1
691 45 5 45 5 863 1035 1036 1037
389 3 -1
692 22 90 24 90 864 1036 1037 1038
390 3 -1
694 66 48 67 50 866 1038 1039 1041
391 3 -1
696 13 2 15 2 868 1040 1041 1042
392 2 -1
698 99 55 97 56 870 1042 1043 1047
393 1 -1
700 55 57 56 57 872 1044 1045 1045
394 2 -1
701 34 18 34 19 873 1045 1046 1046
395 2 -1
702 14 47 18 49 874 1046 1047 1053
396 1 -1
703 49 68 50 68 875 1047 1048 1049
397 2 -1
704 87 51 88 51 876 1048 1049 1050
398 0 -1
705 14 92 16 92 877 1049 1050 1053
399 2 -1
706 47 13 48 13 878 1050 1051 1052
400 3 -1
707 12 32 13 32 879 1051 1052 1055
401 0 -1
708 95 97 98 100 880 1052 1053 1059
402 3 -1
710 98 62 98 62 882 1054 1055 1057
403 0 -1
712 89 24 89 25 884 1056 1057 1057
404 0 -1
714 31 65 31 66 886 1058 1059 1059
405 2 -1
716 69 26 69 27 888 1060 1061 1061
406 0 -1
718 86 62 94 62 890 1062 1063 1070
407 1 -1
719 7 37 7 37 891 1063 1064 1064
408 2 -1
720 99 67 98 67 892 1064 1065 1066
409 3 -1
722 24 6 26 6 894 1066 1067 1068
410 3 -1
724 0 49 0 50 896 1068 1069 1070
411 1 -1
725 97 80 92 83 897 1069 1070 1080
412 3 -1
726 88 88 89 91 898 1070 1071 1074
413 2 -1
727 25 23 25 26 899 1071 1072 1074
414 0 -1
728 8 22 11 24 900 1072 1073 1077
415 0 -1
729 97 52 98 52 901 1073 1074 1074
416 2 -1
731 7 56 8 56 903 1075 1076 1076
417 1 -1
733 45 59 46 59 905 1077 1078 1079
418 1 -1
734 71 58 71 60 906 1078 1079 1080
419 1 -1
735 5 65 7 65 907 1079 1080 1082
420 2 -1
736 40 68 42 68 908 1080 1081 1082
421 3 -1
737 20 37 20 37 909 1081 1082 1084
422 1 -1
742 84 50 88 51 914 1086 1087 1091
423 1 -1
744 96 72 97 72 916 1088 1089 1090
424 0 -1
745 11 7 15 7 917 1089 1090 1094
425 2 -1
748 20 17 21 17 920 1092 1093 1094
426 2 -1
750 22 57 23 57 922 1094 1095 1095
427 0 -1
751 18 37 19 37 923 1095 1096 1096
428 3 -1
752 28 27 30 28 924 1096 1097 1099
429 3 -1
753 14 50 14 50 925 1097 1098 1098
430 1 -1
754 0 24 5 25 926 1098 1099 1104
431 3 -1
755 60 3 60 5 927 1099 1100 1101
432 3 -1
757 1 99 2 99 929 1101 1102 1103
433 1 -1
758 34 23 41 23 930 1102 1103 1110
434 1 -1
759 28 99 29 100 931 1103 1104 1105
435 1 -1
760 87 54 87 55 932 1104 1105 1105
436 0 -1
766 71 56 72 57 938 1110 1111 1112
437 0 -1
767 55 48 56 48 939 1111 1112 1113
438 2 -1
768 80 66 81 66 940 1112 1113 1115
439 3 -1
771 52 41 53 41 943 1115 1116 1116
440 1 -1
772 95 91 97 91 944 1116 1117 1118
441 2 -1
773 80 57 80 58 945 1117 1118 1120
442 2 -1
775 56 33 60 34 947 1119 1120 1124
443 1 -1
777 52 65 52 65 949 1121 1122 1123
444 1 -1
778 76 79 78 79 950 1122 1123 1124
445 0 -1
779 89 58 91 58 951 1123 1124 1126
446 2 -1
781 65 60 65 61 953 1125 1126 1126
447 3 -1
782 25 1 25 3 954 1126 1127 1130
448 3 -1
784 8 8 9 8 956 1128 1129 1130
449 0 -1
787 50 32 50 33 959 1131 1132 1133
450 0 -1
788 11 8 12 8 960 1132 1133 1133
451 0 -1
789 5 25 6 28 961 1133 1134 1137
452 0 -1
790 79 95 81 95 962 1134 1135 1136
453 0 -1
791 76 34 80 34 963 1135 1136 1140
454 3 -1
793 98 3 96 3 965 1137 1138 1140
455 3 -1
794 38 44 42 44 966 1138 1139 1142
456 3 -1
795 86 56 88 56 967 1139 1140 1141
457 1 -1
796 81 93 85 93 968 1140 1141 1144
458 2 -1
797 64 16 64 16 969 1141 1142 1142
459 3 -1
798 50 66 52 67 970 1142 1143 1145
460 1 -1
799 81 59 82 60 971 1143 1144 1145
461 0 -1
800 1 96 1 98 972 1144 1145 1149
462 3 -1
802 40 77 44 77 974 1146 1147 1150
463 1 -1
803 16 54 17 54 975 1147 1148 1149
464 2 -1
805 5 84 6 88 977 1149 1150 1154
465 1 -1
806 94 73 94 80 978 1150 1151 1159
466 0 -1
807 53 37 53 37 979 1151 1152 1153
467 0 -1
810 58 91 59 91 982 1154 1155 1155
468 2 -1
813 15 73 16 73 985 1157 1158 1158
469 0 -1
818 39 33 41 33 990 1162 1163 1164
470 2 -1
820 25 29 27 29 992 1164 1165 1167
471 3 -1
824 11 26 13 26 996 1168 1169 1170
472 2 -1
825 23 94 24 95 997 1169 1170 1172
473 0 -1
827 4 46 5 46 999 1171 1172 1172
474 2 -1
828 9 57 12 57 1000 1172 1173 1182
475 1 -1
830 8 68 10 68 1002 1174 1175 1177
476 3 -1
831 55 56 56 56 1003 1175 1176 1176
477 2 -1
833 14 8 14 8 1005 1177 1178 1179
478 1 -1
834 19 90 20 90 1006 1178 1179 1180
479 0 -1
835 3 60 8 61 1007 1179 1180 1189
480 3 -1
839 43 97 43 99 1011 1183 1184 1185
481 1 -1
841 75 68 76 69 1013 1185 1186 1189
482 3 -1
842 5 75 6 75 1014 1186 1187 1188
483 2 -1
844 29 11 34 11 1016 1188 1189 1193
484 3 -1
845 20 14 21 14 1017 1189 1190 1191
485 0 -1
846 88 27 89 27 1018 1190 1191 1196
486 1 -1
847 52 18 53 18 1019 1191 1192 1192
487 0 -1
850 6 25 8 26 1022 1194 1195 1197
488 0 -1
851 86 52 86 53 1023 1195 1196 1199
489 0 -1
854 94 81 95 81 1026 1198 1199 1199
490 0 -1
856 5 19 5 20 1028 1200 1201 1203
491 3 -1
859 92 54 96 55 1031 1203 1204 1208
492 1 -1
860 21 75 22 75 1032 1204 1205 1205
493 3 -1
861 17 78 19 78 1033 1205 1206 1207
494 3 -1
864 73 97 75 97 1036 1208 1209 1211
495 2 -1
867 71 43 71 43 1039 1211 1212 1212
496 2 -1
868 35 54 36 55 1040 1212 1213 1214
497 0 -1
871 19 94 28 87 1043 1215 1216 1231
498 2 -1
873 23 15 23 17 1045 1217 1218 1219
499 2 -1
874 19 75 21 78 1046 1218 1219 1223
500 3 -1
875 77 50 77 52 1047 1219 1220 1222
501 3 -1
877 38 62 38 63 1049 1221 1222 1224
502 3 -1
878 11 43 13 43 1050 1222 1223 1224
503 0 -1
879 35 87 35 87 1051 1223 1224 1225
504 2 -1
880 96 97 92 97 1052 1224 1225 1228
505 3 -1
881 52 43 54 43 1053 1225 1226 1231
506 0 -1
882 39 24 41 24 1054 1226 1227 1228
507 3 -1
885 42 4 42 4 1057 1229 1230 1230
508 1 -1
887 89 22 89 22 1059 1231 1232 1234
509 3 -1
889 72 27 74 28 1061 1233 1234 1236
510 2 -1
891 5 28 7 28 1063 1235 1236 1237
511 0 -1
893 61 80 62 80 1065 1237 1238 1239
512 0 -1
894 11 68 13 69 1066 1238 1239 1241
513 1 -1
895 47 13 49 13 1067 1239 1240 1242
514 2 -1
896 76 8 77 9 1068 1240 1241 1242
515 2 -1
897 65 34 65 34 1069 1241 1242 1242
516 2 -1
898 76 33 77 33 1070 1242 1243 1244
517 1 -1
899 28 97 29 98 1071 1243 1244 1245
518 1 -1
900 93 1 98 2 1072 1244 1245 1250
519 2 -1
901 80 18 82 18 1073 1245 1246 1247
520 2 -1
902 26 52 27 52 1074 1246 1247 1247
521 2 -1
905 71 9 72 9 1077 1249 1250 1250
522 2 -1
910 54 27 54 28 1082 1254 1255 1255
523 1 -1
912 91 64 99 65 1084 1256 1257 1266
524 3 -1
914 26 98 29 94 1086 1258 1259 1265
525 2 -1
917 62 40 62 40 1089 1261 1262 1265
526 2 -1
919 62 82 64 82 1091 1263 1264 1265
527 0 -1
920 37 99 40 99 1092 1264 1265 1267
528 0 -1
921 58 42 58 43 1093 1265 1266 1266
529 1 -1
923 73 92 73 92 1095 1267 1268 1268
530 2 -1
925 96 40 99 40 1097 1269 1270 1272
531 3 -1
926 16 34 24 34 1098 1270 1271 1279
532 1 -1
927 36 91 39 91 1099 1271 1272 1274
533 0 -1
928 88 25 91 26 1100 1272 1273 1276
534 2 -1
929 90 2 91 2 1101 1273 1274 1274
535 1 -1
931 62 3 63 3 1103 1275 1276 1277
536 2 -1
933 55 23 55 27 1105 1277 1278 1284
537 1 -1
935 81 22 81 24 1107 1279 1280 1281
538 0 -1
936 57 39 58 39 1108 1280 1281 1281
539 2 -1
937 15 26 19 26 1109 1281 1282 1285
540 2 -1
938 36 44 36 44 1110 1282 1283 1286
541 0 -1
940 51 73 51 73 1112 1284 1285 1286
542 0 -1
942 58 69 58 69 1114 1286 1287 1287
543 2 -1
943 79 51 83 51 1115 1287 1288 1294
544 3 -1
944 8 11 9 11 1116 1288 1289 1289
545 1 -1
945 49 12 50 13 1117 1289 1290 1292
546 2 -1
947 35 70 40 76 1119 1291 1292 1304
547 1 -1
948 48 6 50 6 1120 1292 1293 1295
548 2 -1
950 46 94 47 95 1122 1294 1295 1296
549 3 -1
951 96 65 96 67 1123 1295 1296 1297
550 3 -1
954 87 73 89 73 1126 1298 1299 1300
551 0 -1
955 17 26 17 26 1127 1299 1300 1300
552 0 -1
957 39 19 42 19 1129 1301 1302 1304
553 2 -1
958 22 27 22 27 1130 1302 1303 1303
554 1 -1
963 60 1 62 1 1135 1307 1308 1310
555 3 -1
964 69 35 69 37 1136 1308 1309 1310
556 1 -1
966 35 6 36 7 1138 1310 1311 1312
557 0 -1
969 6 1 6 1 1141 1313 1314 1315
558 3 -1
972 12 86 16 86 1144 1316 1317 1322
559 1 -1
973 97 26 98 26 1145 1317 1318 1321
560 1 -1
974 80 97 80 88 1146 1318 1319 1328
561 1 -1
976 49 95 50 96 1148 1320 1321 1325
562 2 -1
979 74 16 76 18 1151 1323 1324 1327
563 0 -1
981 9 16 9 17 1153 1325 1326 1326
564 2 -1
983 67 26 69 27 1155 1327 1328 1330
565 2 -1
984 39 75 42 77 1156 1328 1329 1334
566 3 -1
987 82 35 86 35 1159 1331 1332 1335
567 3 -1
989 42 64 44 65 1161 1333 1334 1336
568 1 -1
990 12 87 14 88 1162 1334 1335 1338
569 1 -1
992 74 60 75 63 1164 1336 1337 1340
570 3 -1
993 33 63 34 63 1165 1337 1338 1339
571 3 -1
994 23 70 27 70 1166 1338 1339 1342
572 3 -1
996 49 45 49 45 1168 1340 1341 1342
573 3 -1
997 74 36 76 36 1169 1341 1342 1343
574 2 -1
998 39 10 40 10 1170 1342 1343 1343
575 0 -1
999 3 95 5 95 1171 1343 1344 1345
576 2 -1
1001 88 97 94 100 1173 1345 1346 1394
577 1 -1
1004 45 0 47 0 1176 1348 1349 1350
578 1 -1
1008 80 77 80 78 1180 1352 1353 1353
579 2 -1
1010 38 83 38 85 1182 1354 1355 1356
580 2 -1
1012 79 54 80 54 1184 1356 1357 1357
581 0 -1
1015 37 9 38 9 1187 1359 1360 1360
582 2 -1
1016 69 8 70 8 1188 1360 1361 1361
583 2 -1
1017 93 55 94 56 1189 1361 1362 1364
584 0 -1
1018 81 54 93 54 1190 1362 1363 1376
585 2 -1
1019 53 90 60 91 1191 1363 1364 1373
586 2 -1
1020 12 33 15 33 1192 1364 1365 1367
587 1 -1
1021 46 89 46 90 1193 1365 1366 1366
588 2 -1
1022 19 22 32 23 1194 1366 1367 1380
589 3 -1
1025 84 63 87 63 1197 1369 1370 1374
590 1 -1
1027 11 95 11 96 1199 1371 1372 1372
591 2 -1
1028 61 75 62 75 1200 1372 1373 1373
592 2 -1
1031 67 93 67 97 1203 1375 1376 1384
593 3 -1
1032 80 42 83 43 1204 1376 1377 1383
594 3 -1
1033 58 28 60 30 1205 1377 1378 1381
595 0 -1
1035 85 69 86 69 1207 1379 1380 1381
596 3 -1
1036 42 27 43 28 1208 1380 1381 1382
597 2 -1
1037 84 23 84 23 1209 1381 1382 1382
598 0 -1
1039 75 29 75 29 1211 1383 1384 1384
599 0 -1
1040 3 93 3 94 1212 1384 1385 1385
600 3 -1
1042 25 74 33 74 1214 1386 1387 1397
601 3 -1
1044 14 50 16 52 1216 1388 1389 1392
602 0 -1
1045 54 76 56 77 1217 1389 1390 1392
603 2 -1
1051 16 30 17 30 1223 1395 1396 1396
604 1 -1
1053 95 70 95 70 1225 1397 1398 1398
605 3 -1
1056 4 3 5 4 1228 1400 1401 1402
606 1 -1
1057 40 53 41 53 1229 1401 1402 1403
607 3 -1
1059 49 58 53 58 1231 1403 1404 1407
608 2 -1
1060 25 80 26 81 1232 1404 1405 1409
609 3 -1
1063 12 51 13 51 1235 1407 1408 1410
610 3 -1
1065 33 56 33 59 1237 1409 1410 1412
611 3 -1
1066 42 20 43 21 1238 1410 1411 1412
612 0 -1
1067 44 65 44 66 1239 1411 1412 1412
613 3 -1
1070 69 13 79 15 1242 1414 1415 1426
614 1 -1
1071 50 43 52 46 1243 1415 1416 1420
615 0 -1
1073 16 78 17 83 1245 1417 1418 1432
616 0 -1
1074 0 46 0 47 1246 1418 1419 1419
617 1 -1
1075 3 10 3 11 1247 1419 1420 1422
618 2 -1
1078 83 77 85 78 1250 1422 1423 1426
619 1 -1
1082 20 37 20 38 1254 1426 1427 1427
620 1 -1
1083 90 5 92 5 1255 1427 1428 1429
621 0 -1
1084 56 72 59 74 1256 1428 1429 1434
622 2 -1
1085 82 34 85 34 1257 1429 1430 1432
623 1 -1
1086 62 83 65 84 1258 1430 1431 1434
624 3 -1
1090 69 48 70 48 1262 1434 1435 1435
625 3 -1
1091 73 63 77 63 1263 1435 1436 1439
626 2 -1
1092 86 69 86 69 1264 1436 1437 1437
627 1 -1
1095 81 1 82 2 1267 1439 1440 1442
628 3 -1
1097 26 39 28 39 1269 1441 1442 1444
629 0 -1
1098 64 30 68 30 1270 1442 1443 1446
630 1 -1
1099 92 46 96 47 1271 1443 1444 1448
631 0 -1
1100 68 61 73 61 1272 1444 1445 1449
632 3 -1
1102 23 17 25 17 1274 1446 1447 1449
633 2 -1
1103 1 3 7 3 1275 1447 1448 1454
634 1 -1
1104 45 56 45 57 1276 1448 1449 1449
635 3 -1
1105 21 14 21 14 1277 1449 1450 1450
636 1 -1
1107 20 42 26 45 1279 1451 1452 1461
637 0 -1
1109 77 49 80 49 1281 1453 1454 1456
638 1 -1
1111 8 92 9 93 1283 1455 1456 1457
639 1 -1
1113 18 55 19 55 1285 1457 1458 1458
640 0 -1
1114 94 9 94 10 1286 1458 1459 1459
641 2 -1
1115 58 0 61 0 1287 1459 1460 1462
642 1 -1
1116 65 83 67 87 1288 1460 1461 1471
643 1 -1
1118 24 32 25 33 1290 1462 1463 1464
644 0 -1
1120 3 98 4 99 1292 1464 1465 1466
645 3 -1
1121 31 7 31 8 1293 1465 1466 1466
646 3 -1
1122 24 94 24 95 1294 1466 1467 1469
647 0 -1
1124 41 12 45 12 1296 1468 1469 1475
648 2 -1
1125 60 77 61 77 1297 1469 1470 1471
649 0 -1
1126 83 26 92 28 1298 1470 1471 1482
650 3 -1
1129 9 7 9 8 1301 1473 1474 1474
651 3 -1
1130 62 90 62 90 1302 1474 1475 1475
652 0 -1
1132 42 25 42 25 1304 1476 1477 1478
653 3 -1
1133 72 81 73 82 1305 1477 1478 1480
654 0 -1
1137 13 79 17 79 1309 1481 1482 1485
655 3 -1
1138 4 86 5 86 1310 1482 1483 1483
656 0 -1
1139 64 33 64 34 1311 1483 1484 1484
657 0 -1
1141 73 38 74 38 1313 1485 1486 1487
658 2 -1
1142 72 1 72 4 1314 1486 1487 1489
659 3 -1
1144 24 4 25 5 1316 1488 1489 1491
660 3 -1
1147 57 64 59 64 1319 1491 1492 1495
661 0 -1
1150 8 94 9 94 1322 1494 1495 1495
662 1 -1
1151 47 46 48 46 1323 1495 1496 1497
663 3 -1
1154 80 97 80 97 1326 1498 1499 1499
664 3 -1
1156 2 61 2 62 1328 1500 1501 1502
665 1 -1
1157 0 20 3 20 1329 1501 1502 1506
666 2 -1
1158 40 22 42 23 1330 1502 1503 1506
667 3 -1
1159 54 40 55 40 1331 1503 1504 1505
668 3 -1
1164 89 97 92 97 1336 1508 1509 1511
669 2 -1
1166 20 6 22 7 1338 1510 1511 1513
670 1 -1
1169 30 62 33 62 1341 1513 1514 1516
671 0 -1
1170 86 57 87 57 1342 1514 1515 1517
672 0 -1
1171 15 17 15 18 1343 1515 1516 1524
673 1 -1
1172 5 89 6 89 1344 1516 1517 1517
674 2 -1
1174 33 61 39 61 1346 1518 1519 1525
675 2 -1
1175 60 72 60 73 1347 1519 1520 1522
676 1 -1
1176 3 93 3 95 1348 1520 1521 1522
677 0 -1
1177 56 42 57 42 1349 1521 1522 1523
678 3 -1
1179 42 66 43 66 1351 1523 1524 1524
679 3 -1
1186 29 54 30 54 1358 1530 1531 1532
680 2 -1
1187 73 81 75 81 1359 1531 1532 1533
681 1 -1
1188 10 46 11 46 1360 1532 1533 1533
682 2 -1
1190 60 86 61 86 1362 1534 1535 1535
683 0 -1
1191 13 67 15 67 1363 1535 1536 1537
684 0 -1
1194 1 94 2 95 1366 1538 1539 1540
685 3 -1
1195 99 22 96 22 1367 1539 1540 1542
686 3 -1
1197 31 35 31 38 1369 1541 1542 1544
687 2 -1
1198 57 18 57 18 1370 1542 1543 1546
688 0 -1
1201 5 61 10 61 1373 1545 1546 1550
689 0 -1
1202 14 73 14 74 1374 1546 1547 1547
690 3 -1
1203 16 58 16 58 1375 1547 1548 1548
691 1 -1
1205 64 61 67 61 1377 1549 1550 1552
692 0 -1
1207 44 2 47 3 1379 1551 1552 1555
693 2 -1
1208 22 58 24 58 1380 1552 1553 1554
694 1 -1
1209 78 63 78 63 1381 1553 1554 1554
695 0 -1
1211 22 74 26 74 1383 1555 1556 1559
696 1 -1
1214 98 45 95 46 1386 1558 1559 1564
697 1 -1
1217 45 13 47 13 1389 1561 1562 1563
698 0 -1
1218 44 51 45 51 1390 1562 1563 1563
699 1 -1
1219 51 42 54 44 1391 1563 1564 1570
700 2 -1
1220 88 12 88 12 1392 1564 1565 1565
701 1 -1
1222 22 15 22 15 1394 1566 1567 1569
702 2 -1
1223 29 11 29 11 1395 1567 1568 1571
703 0 -1
1226 47 86 49 87 1398 1570 1571 1573
704 3 -1
1227 99 52 98 52 1399 1571 1572 1572
705 0 -1
1229 14 1 14 1 1401 1573 1574 1574
706 0 -1
1230 23 93 26 94 1402 1574 1575 1579
707 2 -1
1231 8 96 8 96 1403 1575 1576 1576
708 0 -1
1233 55 17 55 19 1405 1577 1578 1579
709 0 -1
1235 28 23 32 23 1407 1579 1580 1583
710 2 -1
1236 39 7 41 9 1408 1580 1581 1585
711 2 -1
1237 88 99 89 97 1409 1581 1582 1586
712 0 -1
1238 4 60 7 60 1410 1582 1583 1587
713 0 -1
1240 75 49 78 50 1412 1584 1585 1588
714 2 -1
1241 54 12 55 12 1413 1585 1586 1586
715 0 -1
1242 54 18 67 18 1414 1586 1587 1599
716 2 -1
1243 18 57 19 58 1415 1587 1588 1589
717 2 -1
1244 69 19 72 21 1416 1588 1589 1595
718 3 -1
1246 97 8 91 10 1418 1590 1591 1599
719 2 -1
1250 74 43 74 43 1422 1594 1595 1595
720 2 -1
1254 41 63 42 68 1426 1598 1599 1605
721 1 -1
1255 51 61 52 64 1427 1599 1600 1603
722 3 -1
1258 95 50 95 63 1430 1602 1603 1618
723 0 -1
1259 87 92 69 92 1431 1603 1604 1621
724 1 -1
1260 48 77 51 79 1432 1604 1605 1610
725 2 -1
1261 51 38 54 41 1433 1605 1606 1612
726 0 -1
1263 93 13 93 17 1435 1607 1608 1614
727 3 -1
1264 4 23 5 26 1436 1608 1609 1612
728 3 -1
1265 61 27 62 28 1437 1609 1610 1611
729 2 -1
1266 11 83 11 83 1438 1610 1611 1611
730 1 -1
1268 47 32 47 34 1440 1612 1613 1615
731 2 -1
1276 26 98 27 98 1448 1620 1621 1621
732 2 -1
1277 24 75 25 79 1449 1621 1622 1626
733 2 -1
1281 74 50 74 51 1453 1625 1626 1627
734 3 -1
1284 65 19 67 19 1456 1628 1629 1630
735 2 -1
1287 96 95 98 95 1459 1631 1632 1635
736 2 -1
1290 86 34 86 41 1462 1634 1635 1641
737 2 -1
1291 99 91 98 92 1463 1635 1636 1638
738 2 -1
1292 42 33 46 38 1464 1636 1637 1662
739 0 -1
1297 50 24 51 26 1469 1641 1642 1644
740 2 -1
1298 40 81 41 81 1470 1642 1643 1643
741 2 -1
1299 58 83 58 83 1471 1643 1644 1646
742 2 -1
1300 64 84 64 86 1472 1644 1645 1646
743 3 -1
1307 29 92 29 93 1479 1651 1652 1652
744 3 -1
1309 9 32 11 32 1481 1653 1654 1655
745 0 -1
1312 98 14 98 16 1484 1656 1657 1658
746 2 -1
1313 59 84 60 84 1485 1657 1658 1658
747 1 -1
1314 36 50 40 50 1486 1658 1659 1662
748 2 -1
1315 69 70 72 70 1487 1659 1660 1664
749 1 -1
1316 12 3 12 5 1488 1660 1661 1662
750 0 -1
1317 99 83 99 85 1489 1661 1662 1663
751 1 -1
1318 76 53 78 54 1490 1662 1663 1665
752 0 -1
1319 75 51 75 53 1491 1663 1664 1665
753 3 -1
1320 2 37 3 37 1492 1664 1665 1665
754 3 -1
1321 93 55 95 55 1493 1665 1666 1667
755 2 -1
1323 97 47 98 48 1495 1667 1668 1669
756 3 -1
1324 98 18 96 21 1496 1668 1669 1673
757 2 -1
1325 87 98 92 99 1497 1669 1670 1675
758 2 -1
1326 44 60 44 60 1498 1670 1671 1671
759 2 -1
1327 8 65 18 65 1499 1671 1672 1681
760 3 -1
1329 44 69 45 69 1501 1673 1674 1675
761 1 -1
1332 87 53 88 54 1504 1676 1677 1678
762 2 -1
1333 25 97 26 97 1505 1677 1678 1678
763 1 -1
1335 81 67 93 68 1507 1679 1680 1695
764 1 -1
1336 91 60 91 61 1508 1680 1681 1681
765 3 -1
1338 61 8 64 8 1510 1682 1683 1685
766 0 -1
1340 4 68 6 69 1512 1684 1685 1691
767 0 -1
1342 74 93 77 93 1514 1686 1687 1689
768 2 -1
1344 76 86 77 87 1516 1688 1689 1690
769 3 -1
1345 76 96 77 96 1517 1689 1690 1690
770 2 -1
1347 95 66 96 66 1519 1691 1692 1694
771 2 -1
1348 38 75 41 77 1520 1692 1693 1697
772 2 -1
1349 29 17 31 18 1521 1693 1694 1699
773 0 -1
1354 18 34 19 34 1526 1698 1699 1701
774 0 -1
1355 82 61 86 62 1527 1699 1700 1704
775 1 -1
1359 78 76 82 76 1531 1703 1704 1708
776 1 -1
1362 43 33 45 33 1534 1706 1707 1708
777 3 -1
1365 93 93 94 93 1537 1709 1710 1710
778 3 -1
1368 22 60 23 60 1540 1712 1713 1714
779 2 -1
1369 82 28 59 28 1541 1713 1714 1748
780 2 -1
1370 72 32 72 34 1542 1714 1715 1716
781 1 -1
1372 64 56 69 56 1544 1716 1717 1721
782 0 -1
1374 76 74 76 74 1546 1718 1719 1720
783 1 -1
1375 78 35 78 39 1547 1719 1720 1726
784 3 -1
1376 57 40 58 40 1548 1720 1721 1721
785 2 -1
1377 70 37 70 40 1549 1721 1722 1724
786 2 -1
1378 88 20 89 20 1550 1722 1723 1723
787 3 -1
1379 40 52 42 54 1551 1723 1724 1727
788 2 -1
1381 72 57 72 60 1553 1725 1726 1728
789 1 -1
1382 43 94 43 96 1554 1726 1727 1729
790 3 -1
1383 25 16 26 16 1555 1727 1728 1729
791 3 -1
1385 36 71 42 71 1557 1729 1730 1735
792 2 -1
1386 24 93 26 94 1558 1730 1731 1733
793 2 -1
1387 76 0 84 2 1559 1731 1732 1742
794 0 -1
1388 27 38 27 38 1560 1732 1733 1735
795 0 -1
1389 38 41 39 41 1561 1733 1734 1735
796 2 -1
1390 89 1 89 2 1562 1734 1735 1736
797 1 -1
1391 79 70 79 70 1563 1735 1736 1737
798 0 -1
1393 2 12 3 13 1565 1737 1738 1739
799 2 -1
1395 64 62 66 65 1567 1739 1740 1747
800 3 -1
1396 29 20 30 20 1568 1740 1741 1741
801 2 -1
1400 57 15 59 15 1572 1744 1745 1747
802 3 -1
1401 70 79 70 81 1573 1745 1746 1748
803 2 -1
1402 23 94 26 97 1574 1746 1747 1753
804 2 -1
1403 25 46 26 47 1575 1747 1748 1749
805 0 -1
1406 38 68 38 69 1578 1750 1751 1751
806 0 -1
1411 6 96 7 97 1583 1755 1756 1757
807 2 -1
1412 23 83 25 87 1584 1756 1757 1762
808 3 -1
1413 97 87 97 87 1585 1757 1758 1758
809 2 -1
1414 25 27 26 27 1586 1758 1759 1760
810 3 -1
1415 12 12 14 12 1587 1759 1760 1761
811 2 -1
1417 36 37 36 37 1589 1761 1762 1762
812 1 -1
1418 54 10 58 11 1590 1762 1763 1767
813 2 -1
1419 13 3 13 3 1591 1763 1764 1770
814 2 -1
1420 30 57 33 62 1592 1764 1765 1772
815 3 -1
1423 53 14 53 15 1595 1767 1768 1768
816 1 -1
1426 35 78 35 80 1598 1770 1771 1772
817 3 -1
1428 51 69 54 69 1600 1772 1773 1775
818 0 -1
1429 58 73 60 73 1601 1773 1774 1775
819 0 -1
1430 58 13 58 13 1602 1774 1775 1775
820 1 -1
1431 73 32 73 35 1603 1775 1776 1778
821 2 -1
1432 39 1 39 2 1604 1776 1777 1777
822 2 -1
1434 47 37 47 38 1606 1778 1779 1779
823 0 -1
1435 64 83 66 88 1607 1779 1780 1786
824 1 -1
1436 12 90 13 91 1608 1780 1781 1782
825 0 -1
1438 86 19 90 19 1610 1782 1783 1786
826 1 -1
1439 85 20 85 21 1611 1783 1784 1784
827 1 -1
1440 32 26 34 27 1612 1784 1785 1787
828 0 -1
1441 73 5 74 7 1613 1785 1786 1792
829 2 -1
1442 82 19 84 19 1614 1786 1787 1788
830 2 -1
1443 60 78 65 78 1615 1787 1788 1792
831 0 -1
1444 9 64 9 64 1616 1788 1789 1790
832 3 -1
1446 1 64 4 66 1618 1790 1791 1796
833 0 -1
1447 52 33 53 34 1619 1791 1792 1793
834 2 -1
1448 9 46 11 46 1620 1792 1793 1794
835 0 -1
1452 55 61 56 61 1624 1796 1797 1797
836 2 -1
1454 52 40 52 42 1626 1798 1799 1802
837 3 -1
1455 33 95 34 96 1627 1799 1800 1801
838 2 -1
1456 40 77 40 77 1628 1800 1801 1801
839 1 -1
1457 31 56 37 56 1629 1801 1802 1807
840 2 -1
1458 15 0 24 1 1630 1802 1803 1812
841 1 -1
1461 95 55 98 55 1633 1805 1806 1808
842 1 -1
1462 94 80 94 82 1634 1806 1807 1810
843 1 -1
1463 92 11 94 11 1635 1807 1808 1809
844 3 -1
1465 78 42 78 42 1637 1809 1810 1811
845 0 -1
1466 19 70 21 70 1638 1810 1811 1812
846 1 -1
1468 72 91 73 91 1640 1812 1813 1813
847 2 -1
1469 47 33 48 34 1641 1813 1814 1818
848 1 -1
1470 40 12 40 12 1642 1814 1815 1815
849 1 -1
1472 7 90 9 90 1644 1816 1817 1821
850 0 -1
1473 4 40 8 41 1645 1817 1818 1822
851 3 -1
1474 72 94 72 95 1646 1818 1819 1829
852 1 -1
1475 83 76 85 76 1647 1819 1820 1821
853 3 -1
1478 76 0 79 1 1650 1822 1823 1828
854 2 -1
1479 2 84 3 84 1651 1823 1824 1825
855 0 -1
1481 53 66 55 66 1653 1825 1826 1827
856 0 -1
1483 97 95 87 95 1655 1827 1828 1838
857 3 -1
1486 55 87 59 87 1658 1830 1831 1835
858 1 -1
1487 37 13 39 14 1659 1831 1832 1835
859 2 -1
1493 77 89 77 91 1665 1837 1838 1839
860 1 -1
1495 29 5 29 5 1667 1839 1840 1840
861 1 -1
1496 43 85 47 85 1668 1840 1841 1844
862 1 -1
1497 27 31 30 32 1669 1841 1842 1845
863 1 -1
1499 68 52 68 52 1671 1843 1844 1845
864 3 -1
1500 65 91 67 91 1672 1844 1845 1846
865 0 -1
1501 32 28 33 34 1673 1845 1846 1853
866 1 -1
1502 15 26 18 26 1674 1846 1847 1850
867 3 -1
1504 85 83 92 88 1676 1848 1849 1861
868 3 -1
1505 49 24 56 24 1677 1849 1850 1859
869 1 -1
1506 33 34 33 36 1678 1850 1851 1852
870 1 -1
1507 13 6 16 6 1679 1851 1852 1854
871 1 -1
1508 1 26 4 26 1680 1852 1853 1858
872 3 -1
1509 79 70 79 71 1681 1853 1854 1854
873 1 -1
1511 24 55 24 57 1683 1855 1856 1857
874 1 -1
1513 34 30 37 31 1685 1857 1858 1862
875 0 -1
1515 62 48 62 49 1687 1859 1860 1860
876 3 -1
1516 62 49 62 50 1688 1860 1861 1863
877 1 -1
1517 2 33 2 33 1689 1861 1862 1864
878 1 -1
1518 29 37 31 37 1690 1862 1863 1865
879 3 -1
1519 10 13 10 16 1691 1863 1864 1867
880 0 -1
1521 93 9 94 9 1693 1865 1866 1869
881 2 -1
1522 54 64 55 64 1694 1866 1867 1868
882 2 -1
1523 93 54 95 54 1695 1867 1868 1869
883 0 -1
1527 58 22 59 23 1699 1871 1872 1875
884 1 -1
1528 0 32 0 32 1700 1872 1873 1873
885 1 -1
1533 12 34 13 34 1705 1877 1878 1878
886 3 -1
1534 10 15 17 16 1706 1878 1879 1887
887 0 -1
1535 16 9 18 9 1707 1879 1880 1882
888 3 -1
1536 83 58 85 58 1708 1880 1881 1882
889 1 -1
1538 23 15 25 17 1710 1882 1883 1886
890 0 -1
1540 86 52 87 52 1712 1884 1885 1885
891 3 -1
1543 22 29 22 30 1715 1887 1888 1890
892 0 -1
1544 76 77 77 77 1716 1888 1889 1890
893 3 -1
1545 10 50 10 50 1717 1889 1890 1891
894 1 -1
1547 77 71 77 73 1719 1891 1892 1896
895 0 -1
1550 63 60 63 61 1722 1894 1895 1896
896 0 -1
1551 98 87 98 89 1723 1895 1896 1897
897 0 -1
1552 88 58 93 58 1724 1896 1897 1901
898 2 -1
1554 82 34 84 34 1726 1898 1899 1902
899 1 -1
1555 76 11 77 11 1727 1899 1900 1901
900 3 -1
1556 93 7 95 7 1728 1900 1901 1902
901 3 -1
1559 63 3 63 3 1731 1903 1904 1909
902 1 -1
1560 37 49 43 49 1732 1904 1905 1910
903 0 -1
1562 68 36 70 36 1734 1906 1907 1908
904 1 -1
1563 78 68 88 68 1735 1907 1908 1917
905 3 -1
1564 51 55 51 56 1736 1908 1909 1910
906 0 -1
1566 11 12 12 13 1738 1910 1911 1912
907 0 -1
1567 94 90 94 91 1739 1911 1912 1915
908 2 -1
1573 8 74 15 74 1745 1917 1918 1925
909 2 -1
1575 23 55 24 55 1747 1919 1920 1920
910 3 -1
1576 30 69 32 69 1748 1920 1921 1922
911 0 -1
1577 5 4 6 4 1749 1921 1922 1923
912 1 -1
1579 7 0 8 0 1751 1923 1924 1926
913 3 -1
1580 2 19 4 19 1752 1924 1925 1926
914 2 -1
1582 72 30 73 30 1754 1926 1927 1927
915 1 -1
1584 9 71 10 71 1756 1928 1929 1929
916 0 -1
1587 64 5 74 5 1759 1931 1932 1943
917 1 -1
1588 54 84 55 84 1760 1932 1933 1936
918 3 -1
1589 72 0 73 1 1761 1933 1934 1935
919 1 -1
1590 57 53 59 53 1762 1934 1935 1937
920 2 -1
1591 75 10 77 10 1763 1935 1936 1940
921 3 -1
1593 14 71 18 71 1765 1937 1938 1941
922 2 -1
1594 8 44 8 46 1766 1938 1939 1940
923 1 -1
1596 80 99 82 99 1768 1940 1941 1942
924 0 -1
1598 16 88 17 88 1770 1942 1943 1943
925 1 -1
1599 40 45 43 45 1771 1943 1944 1947
926 0 -1
1600 63 94 64 94 1772 1944 1945 1945
927 2 -1
1603 39 81 39 82 1775 1947 1948 1948
928 3 -1
1606 64 23 64 25 1778 1950 1951 1952
929 3 -1
1608 95 33 95 33 1780 1952 1953 1953
930 2 -1
1609 68 12 70 12 1781 1953 1954 1955
931 2 -1
1610 86 63 86 64 1782 1954 1955 1955
932 2 -1
1611 9 57 10 57 1783 1955 1956 1957
933 2 -1
1613 54 68 55 68 1785 1957 1958 1959
934 2 -1
1615 59 25 59 26 1787 1959 1960 1960
935 1 -1
1618 62 15 64 16 1790 1962 1963 1965
936 0 -1
1620 46 29 50 29 1792 1964 1965 1969
937 2 -1
1621 92 57 99 57 1793 1965 1966 1972
938 0 -1
1623 89 29 90 29 1795 1967 1968 1972
939 0 -1
1624 38 66 39 66 1796 1968 1969 1969
940 1 -1
1625 64 80 67 80 1797 1969 1970 1972
941 3 -1
1626 55 57 57 57 1798 1970 1971 1972
942 1 -1
1627 23 8 26 12 1799 1971 1972 1984
943 0 -1
1629 57 74 57 75 1801 1973 1974 1974
944 3 -1
1631 50 33 51 33 1803 1975 1976 1977
945 0 -1
1633 53 79 63 79 1805 1977 1978 1987
946 2 -1
1634 74 74 75 75 1806 1978 1979 1980
947 2 -1
1637 84 58 85 58 1809 1981 1982 1982
948 1 -1
1638 27 11 29 11 1810 1982 1983 1985
949 0 -1
1640 50 95 53 95 1812 1984 1985 1994
950 0 -1
1641 81 24 81 26 1813 1985 1986 1988
951 1 -1
1642 53 52 57 52 1814 1986 1987 1990
952 1 -1
1645 83 67 84 67 1817 1989 1990 1990
953 2 -1
1648 40 32 41 33 1820 1992 1993 1994
954 0 -1
1649 20 87 21 88 1821 1993 1994 1995
955 1 -1
1650 5 34 5 35 1822 1994 1995 1995
956 1 -1
1656 65 34 68 34 1828 2000 2001 2004
957 2 -1
1657 13 94 15 94 1829 2001 2002 2004
958 1 -1
1659 13 96 16 96 1831 2003 2004 2007
959 2 -1
1660 99 49 95 49 1832 2004 2005 2008
960 3 -1
1661 57 58 63 58 1833 2005 2006 2012
961 1 -1
1662 54 14 58 17 1834 2006 2007 2013
962 0 -1
1663 19 3 24 3 1835 2007 2008 2014
963 3 -1
1664 24 79 25 79 1836 2008 2009 2010
964 3 -1
1665 54 48 55 48 1837 2009 2010 2010
965 2 -1
1668 88 65 89 67 1840 2012 2013 2015
966 3 -1
1671 58 86 60 88 1843 2015 2016 2023
967 2 -1
1672 94 39 97 39 1844 2016 2017 2020
968 2 -1
1673 7 16 7 16 1845 2017 2018 2022
969 2 -1
1675 75 56 75 57 1847 2019 2020 2020
970 0 -1
1676 56 46 59 46 1848 2020 2021 2023
971 0 -1
1678 41 8 42 8 1850 2022 2023 2025
972 1 -1
1679 69 48 69 54 1851 2023 2024 2030
973 3 -1
1680 73 5 74 5 1852 2024 2025 2028
974 1 -1
1683 75 48 80 48 1855 2027 2028 2034
975 0 -1
1685 94 22 94 22 1857 2029 2030 2032
976 1 -1
1686 8 36 14 38 1858 2030 2031 2040
977 0 -1
1687 84 19 84 22 1859 2031 2032 2035
978 1 -1
1688 80 92 85 92 1860 2032 2033 2038
979 1 -1
1690 20 72 24 72 1862 2034 2035 2038
980 0 -1
1691 1 88 3 88 1863 2035 2036 2037
981 3 -1
1692 32 71 35 71 1864 2036 2037 2039
982 0 -1
1694 89 49 89 49 1866 2038 2039 2039
983 0 -1
1695 67 81 67 85 1867 2039 2040 2043
984 1 -1
1696 89 35 92 35 1868 2040 2041 2043
985 0 -1
1697 52 12 54 12 1869 2041 2042 2043
986 1 -1
1698 10 95 12 95 1870 2042 2043 2044
987 1 -1
1700 51 49 53 49 1872 2044 2045 2046
988 1 -1
1702 86 12 98 12 1874 2046 2047 2060
989 0 -1
1703 78 97 79 97 1875 2047 2048 2048
990 2 -1
1704 24 99 25 99 1876 2048 2049 2051
991 0 -1
1709 89 67 92 67 1881 2053 2054 2056
992 2 -1
1712 85 85 85 85 1884 2056 2057 2059
993 3 -1
1714 2 97 2 100 1886 2058 2059 2062
994 3 -1
1717 21 48 25 48 1889 2061 2062 2065
995 3 -1
1718 56 11 58 11 1890 2062 2063 2064
996 0 -1
1720 43 85 45 89 1892 2064 2065 2070
997 3 -1
1722 87 25 88 25 1894 2066 2067 2067
998 2 -1
1723 62 96 63 97 1895 2067 2068 2069
999 3 -1
1725 30 3 31 4 1897 2069 2070 2071
1000 0 -1
1726 81 22 84 22 1898 2070 2071 2073
