100 100 577
4
0 66 48
1 93 51
2 32 44
3 58 42
8
0 0 98 100 6
0
1 0 198 100 6
0
2 1 102 100 6
0
3 1 201 100 6
0
4 2 106 100 6
0
5 2 200 100 6
0
6 3 101 100 6
0
7 3 204 100 6
0
300
1 2 -1
2 59 86 60 88 13 24 25 27
2 1 -1
5 87 0 88 0 16 27 28 32
3 1 -1
7 17 22 17 26 18 29 30 33
4 2 -1
8 16 87 18 90 19 30 31 39
5 2 -1
9 4 63 8 63 20 31 32 37
6 1 -1
10 51 44 54 44 21 32 33 36
7 3 -1
11 76 71 79 74 22 33 34 39
8 1 -1
12 15 23 15 25 23 34 35 36
9 2 -1
13 77 5 79 5 24 35 36 37
10 1 -1
14 90 97 92 97 25 36 37 39
11 2 -1
15 71 48 77 48 26 37 38 43
12 0 -1
17 42 46 43 47 28 39 40 43
13 1 -1
18 61 90 61 95 29 40 41 46
14 0 -1
19 10 25 10 26 30 41 42 42
15 3 -1
20 73 48 74 48 31 42 43 44
16 1 -1
21 7 81 7 82 32 43 44 45
17 1 -1
22 38 86 39 88 33 44 45 48
18 3 -1
24 27 25 28 25 35 46 47 48
19 3 -1
29 59 55 61 55 40 51 52 57
20 3 -1
30 61 39 62 40 41 52 53 54
21 3 -1
31 5 42 5 43 42 53 54 55
22 3 -1
33 69 65 73 67 44 55 56 61
23 0 -1
35 65 12 65 12 46 57 58 58
24 3 -1
36 71 73 72 74 47 58 59 60
25 0 -1
39 30 93 31 93 50 61 62 62
26 2 -1
40 75 87 76 87 51 62 63 63
27 1 -1
41 28 8 28 9 52 63 64 65
28 0 -1
42 95 38 95 38 53 64 65 65
29 1 -1
43 87 32 87 33 54 65 66 66
30 2 -1
45 15 2 17 2 56 67 68 69
31 1 -1
49 26 44 26 44 60 71 72 74
32 0 -1
52 19 51 24 53 63 74 75 81
33 3 -1
53 77 47 79 50 64 75 76 80
34 1 -1
54 44 58 45 58 65 76 77 77
35 0 -1
56 72 99 84 99 67 78 79 95
36 1 -1
57 71 1 73 1 68 79 80 81
37 2 -1
59 66 68 67 68 70 81 82 82
38 0 -1
61 93 99 94 100 72 83 84 85
39 0 -1
62 28 76 34 78 73 84 85 92
40 2 -1
64 23 63 29 67 75 86 87 105
41 1 -1
69 54 50 56 50 80 91 92 93
42 3 -1
71 11 19 17 21 82 93 94 101
43 1 -1
73 63 94 66 95 84 95 96 100
44 3 -1
76 84 96 86 97 87 98 99 101
45 0 -1
78 70 46 70 48 89 100 101 102
46 3 -1
80 99 37 99 38 91 102 103 105
47 3 -1
81 95 95 96 95 92 103 104 105
48 2 -1
82 68 8 74 8 93 104 105 110
49 0 -1
83 0 75 3 76 94 105 106 110
50 2 -1
84 45 53 45 53 95 106 107 107
51 1 -1
86 5 81 15 81 97 108 109 118
52 0 -1
87 25 10 26 10 98 109 110 110
53 1 -1
90 38 27 39 27 101 112 113 113
54 2 -1
91 9 67 10 67 102 113 114 117
55 0 -1
92 77 12 77 12 103 114 115 115
56 1 -1
93 86 28 89 28 104 115 116 118
57 0 -1
94 13 55 14 60 105 116 117 122
58 2 -1
96 37 3 39 3 107 118 119 120
59 0 -1
103 0 87 3 87 114 125 126 128
60 3 -1
105 51 87 51 88 116 127 128 129
61 0 -1
106 25 98 34 99 117 128 129 138
62 2 -1
107 31 69 33 69 118 129 130 132
63 3 -1
108 35 98 43 98 119 130 131 138
64 0 -1
110 94 81 96 81 121 132 133 140
65 3 -1
111 44 65 45 65 122 133 134 134
66 2 -1
114 66 28 69 28 125 136 137 142
67 0 -1
115 33 39 38 39 126 137 138 142
68 3 -1
116 15 72 20 74 127 138 139 150
69 2 -1
119 74 75 77 75 130 141 142 144
70 2 -1
120 98 31 99 31 131 142 143 143
71 2 -1
122 57 15 61 15 133 144 145 148
72 3 -1
123 96 46 97 47 134 145 146 148
73 0 -1
124 24 8 28 8 135 146 147 150
74 3 -1
127 72 46 73 46 138 149 150 150
75 3 -1
128 43 34 54 37 139 150 151 169
76 2 -1
130 1 35 1 36 141 152 153 153
77 1 -1
132 79 93 92 95 143 154 155 169
78 1 -1
134 84 89 85 89 145 156 157 157
79 0 -1
135 81 10 85 13 146 157 158 168
80 2 -1
136 61 64 62 64 147 158 159 160
81 0 -1
139 63 3 63 3 150 161 162 162
82 0 -1
140 66 72 68 72 151 162 163 166
83 1 -1
141 3 95 4 96 152 163 164 168
84 3 -1
144 19 73 19 73 155 166 167 171
85 0 -1
145 19 79 19 80 156 167 168 169
86 3 -1
146 95 75 96 75 157 168 169 169
87 1 -1
147 51 56 51 56 158 169 170 170
88 0 -1
148 32 15 33 15 159 170 171 171
89 0 -1
149 82 95 84 95 160 171 172 173
90 2 -1
150 9 56 15 56 161 172 173 178
91 3 -1
153 38 88 38 89 164 175 176 176
92 0 -1
154 20 21 22 22 165 176 177 180
93 3 -1
155 50 74 54 74 166 177 178 181
94 3 -1
156 69 50 74 50 167 178 179 183
95 3 -1
157 86 69 87 73 168 179 180 184
96 1 -1
160 21 19 22 24 171 182 183 188
97 3 -1
162 78 13 79 13 173 184 185 185
98 1 -1
163 98 58 98 58 174 185 186 186
99 1 -1
166 48 18 50 18 177 188 189 190
100 1 -1
167 92 38 93 42 178 189 190 194
101 0 -1
168 51 91 53 91 179 190 191 192
102 1 -1
169 9 74 10 75 180 191 192 196
103 3 -1
170 22 61 24 61 181 192 193 197
104 1 -1
172 69 50 72 51 183 194 195 199
105 3 -1
173 4 47 6 50 184 195 196 200
106 0 -1
174 80 15 82 15 185 196 197 198
107 2 -1
179 64 9 65 9 190 201 202 202
108 1 -1
183 77 99 81 99 194 205 206 210
109 3 -1
184 16 63 16 63 195 206 207 208
110 0 -1
185 79 25 80 26 196 207 208 209
111 3 -1
186 65 37 73 38 197 208 209 217
112 2 -1
187 96 55 97 60 198 209 210 215
113 2 -1
189 58 47 60 50 200 211 212 216
114 2 -1
190 4 44 7 44 201 212 213 217
115 0 -1
193 84 84 84 84 204 215 216 216
116 1 -1
196 1 4 3 4 207 218 219 220
117 3 -1
197 15 4 15 4 208 219 220 220
118 2 -1
198 69 74 73 77 209 220 221 238
119 0 -1
199 45 43 45 44 210 221 222 222
120 0 -1
200 2 76 2 77 211 222 223 224
121 0 -1
201 85 33 86 33 212 223 224 224
122 0 -1
204 43 28 44 28 215 226 227 227
123 1 -1
208 13 58 14 58 219 230 231 231
124 3 -1
209 90 16 90 16 220 231 232 232
125 1 -1
211 96 26 97 26 222 233 234 236
126 1 -1
212 81 32 81 33 223 234 235 236
127 0 -1
213 91 66 96 69 224 235 236 243
128 0 -1
214 88 40 89 42 225 236 237 241
129 2 -1
218 62 10 62 16 229 240 241 247
130 2 -1
219 68 27 69 28 230 241 242 243
131 3 -1
224 99 50 99 50 235 246 247 249
132 1 -1
225 56 78 56 78 236 247 248 249
133 3 -1
229 13 35 16 38 240 251 252 257
134 0 -1
230 96 45 96 46 241 252 253 253
135 1 -1
231 97 95 97 95 242 253 254 256
136 2 -1
236 6 14 7 15 247 258 259 260
137 3 -1
237 99 10 98 10 248 259 260 261
138 0 -1
240 79 5 89 6 251 262 263 273
139 3 -1
242 55 7 55 9 253 264 265 266
140 0 -1
244 66 43 71 43 255 266 267 271
141 0 -1
245 8 25 14 25 256 267 268 273
142 3 -1
246 45 7 48 7 257 268 269 271
143 0 -1
247 10 70 13 70 258 269 270 272
144 1 -1
248 14 36 17 36 259 270 271 273
145 0 -1
250 55 64 56 65 261 272 273 274
146 3 -1
251 22 20 25 20 262 273 274 276
147 2 -1
253 34 58 35 58 264 275 276 276
148 3 -1
255 91 21 91 21 266 277 278 279
149 3 -1
256 42 25 44 26 267 278 279 282
150 3 -1
257 29 84 31 85 268 279 280 283
151 3 -1
258 48 65 48 65 269 280 281 281
152 2 -1
260 36 2 37 3 271 282 283 284
153 0 -1
261 41 17 47 23 272 283 284 295
154 2 -1
266 40 63 41 65 277 288 289 292
155 0 -1
267 30 17 30 17 278 289 290 292
156 1 -1
268 50 73 51 73 279 290 291 292
157 2 -1
269 65 59 65 60 280 291 292 292
158 2 -1
271 1 7 6 7 282 293 294 299
159 1 -1
272 28 23 29 23 283 294 295 295
160 1 -1
274 52 69 63 71 285 296 297 309
161 2 -1
277 26 19 27 19 288 299 300 301
162 1 -1
278 99 41 99 45 289 300 301 306
163 3 -1
279 37 29 37 32 290 301 302 305
164 2 -1
280 81 15 81 15 291 302 303 305
165 3 -1
283 20 70 20 71 294 305 306 306
166 0 -1
285 85 31 86 33 296 307 308 310
167 2 -1
286 94 18 95 18 297 308 309 311
168 3 -1
289 58 57 59 59 300 311 312 314
169 1 -1
293 23 17 25 18 304 315 316 319
170 0 -1
294 11 92 13 92 305 316 317 320
171 1 -1
295 86 63 88 63 306 317 318 319
172 1 -1
296 78 31 80 33 307 318 319 322
173 1 -1
303 5 5 5 6 314 325 326 334
174 1 -1
305 84 20 84 23 316 327 328 332
175 3 -1
306 46 65 46 66 317 328 329 329
176 2 -1
307 60 35 62 35 318 329 330 331
177 1 -1
310 40 71 44 71 321 332 333 336
178 2 -1
311 91 35 92 37 322 333 334 337
179 2 -1
312 19 45 22 50 323 334 335 343
180 0 -1
313 90 99 90 99 324 335 336 336
181 0 -1
315 11 44 12 44 326 337 338 339
182 1 -1
320 51 97 60 97 331 342 343 358
183 2 -1
321 93 31 94 33 332 343 344 346
184 3 -1
323 83 84 93 87 334 345 346 358
185 0 -1
325 13 1 17 4 336 347 348 355
186 0 -1
326 83 70 83 71 337 348 349 349
187 2 -1
327 75 33 78 33 338 349 350 352
188 3 -1
328 29 3 31 5 339 350 351 355
189 3 -1
329 14 48 17 48 340 351 352 354
190 0 -1
330 49 75 49 80 341 352 353 357
191 3 -1
337 82 62 86 71 348 359 360 372
192 3 -1
340 22 18 22 18 351 362 363 365
193 2 -1
342 70 43 71 43 353 364 365 365
194 0 -1
343 9 43 11 43 354 365 366 368
195 3 -1
345 60 18 65 24 356 367 368 379
196 1 -1
349 15 56 16 56 360 371 372 372
197 1 -1
351 90 33 90 34 362 373 374 374
198 1 -1
354 69 2 73 3 365 376 377 382
199 2 -1
356 66 55 67 55 367 378 379 379
200 1 -1
357 95 48 99 48 368 379 380 383
201 3 -1
358 72 55 74 58 369 380 381 387
202 1 -1
359 22 79 23 79 370 381 382 384
203 3 -1
360 14 51 14 53 371 382 383 384
204 1 -1
361 31 3 36 3 372 383 384 389
205 1 -1
363 59 72 60 72 374 385 386 386
206 3 -1
364 63 76 63 77 375 386 387 387
207 0 -1
365 34 83 35 83 376 387 388 389
208 3 -1
367 95 52 90 52 378 389 390 395
209 1 -1
371 89 76 90 76 382 393 394 394
210 2 -1
372 49 31 55 32 383 394 395 402
211 1 -1
373 17 3 19 4 384 395 396 398
212 1 -1
374 30 24 30 25 385 396 397 397
213 1 -1
375 45 30 45 31 386 397 398 398
214 3 -1
377 90 41 90 41 388 399 400 400
215 0 -1
379 16 49 17 49 390 401 402 402
216 2 -1
380 88 29 89 29 391 402 403 403
217 3 -1
381 26 25 29 25 392 403 404 408
218 1 -1
382 20 50 21 50 393 404 405 406
219 2 -1
383 24 89 24 90 394 405 406 406
220 3 -1
388 17 94 17 94 399 410 411 411
221 3 -1
391 47 96 48 97 402 413 414 415
222 2 -1
392 41 8 42 8 403 414 415 416
223 1 -1
394 98 57 98 60 405 416 417 419
224 0 -1
396 53 39 56 41 407 418 419 423
225 1 -1
397 60 95 61 95 408 419 420 420
226 1 -1
400 34 59 34 61 411 422 423 424
227 3 -1
401 98 31 96 31 412 423 424 425
228 1 -1
403 29 19 32 21 414 425 426 430
229 2 -1
404 67 22 67 24 415 426 427 428
230 2 -1
407 13 69 13 70 418 429 430 430
231 3 -1
408 85 28 88 28 419 430 431 433
232 0 -1
411 37 71 38 72 422 433 434 435
233 3 -1
412 72 66 72 67 423 434 435 435
234 3 -1
414 36 48 37 48 425 436 437 437
235 0 -1
418 62 66 63 66 429 440 441 441
236 1 -1
420 85 37 86 37 431 442 443 443
237 1 -1
421 35 95 37 95 432 443 444 445
238 1 -1
423 83 91 83 91 434 445 446 446
239 1 -1
426 38 24 39 26 437 448 449 453
240 3 -1
428 33 11 35 11 439 450 451 452
241 3 -1
433 96 53 96 55 444 455 456 457
242 3 -1
437 69 12 70 12 448 459 460 460
243 0 -1
439 0 10 0 11 450 461 462 463
244 3 -1
441 41 24 42 30 452 463 464 471
245 2 -1
446 34 38 36 39 457 468 469 472
246 0 -1
448 38 57 41 57 459 470 471 473
247 0 -1
450 55 87 56 88 461 472 473 480
248 0 -1
452 80 77 82 78 463 474 475 477
249 3 -1
455 61 51 63 51 466 477 478 480
250 3 -1
460 75 93 80 94 471 482 483 488
251 1 -1
461 87 30 89 30 472 483 484 485
252 0 -1
462 12 32 15 32 473 484 485 487
253 0 -1
464 78 90 78 92 475 486 487 488
254 3 -1
469 71 52 71 53 480 491 492 493
255 0 -1
471 90 39 92 46 482 493 494 504
256 1 -1
475 2 44 2 45 486 497 498 499
257 1 -1
478 16 50 17 50 489 500 501 504
258 0 -1
479 35 10 35 11 490 501 502 503
259 1 -1
480 82 18 85 18 491 502 503 510
260 1 -1
481 71 82 71 84 492 503 504 509
261 3 -1
482 89 1 90 1 493 504 505 505
262 3 -1
484 54 9 55 10 495 506 507 510
263 1 -1
486 26 36 29 36 497 508 509 511
264 1 -1
488 82 94 82 95 499 510 511 513
265 0 -1
489 92 34 84 39 500 511 512 524
266 1 -1
491 49 18 51 18 502 513 514 515
267 0 -1
493 88 95 88 95 504 515 516 516
268 3 -1
496 60 95 60 96 507 518 519 519
269 2 -1
501 26 4 27 4 512 523 524 525
270 2 -1
502 18 67 20 69 513 524 525 528
271 1 -1
505 17 21 17 23 516 527 528 529
272 3 -1
506 33 28 38 28 517 528 529 533
273 3 -1
507 29 44 32 44 518 529 530 533
274 2 -1
509 1 90 1 91 520 531 532 532
275 3 -1
511 69 30 70 31 522 533 534 535
276 0 -1
512 31 5 31 5 523 534 535 535
277 1 -1
515 1 91 2 93 526 537 538 540
278 0 -1
516 68 86 68 93 527 538 539 551
279 3 -1
517 57 13 61 13 528 539 540 543
280 0 -1
518 59 58 60 58 529 540 541 542
281 2 -1
520 37 37 37 37 531 542 543 543
282 0 -1
522 99 23 92 25 533 544 545 553
283 0 -1
523 84 35 85 35 534 545 546 546
284 2 -1
525 57 33 57 34 536 547 548 549
285 1 -1
526 90 16 91 16 537 548 549 550
286 0 -1
528 58 60 62 61 539 550 551 555
287 2 -1
530 10 58 14 58 541 552 553 556
288 3 -1
533 55 82 55 83 544 555 556 557
289 1 -1
535 63 28 64 30 546 557 558 560
290 2 -1
536 32 43 33 43 547 558 559 560
291 3 -1
537 69 27 69 28 548 559 560 560
292 2 -1
538 12 72 12 73 549 560 561 563
293 3 -1
540 65 18 66 21 551 562 563 566
294 1 -1
541 56 12 58 13 552 563 564 566
295 1 -1
542 75 74 79 78 553 564 565 572
296 1 -1
543 29 97 31 97 554 565 566 567
297 3 -1
546 89 90 91 90 557 568 569 570
298 1 -1
547 81 85 82 85 558 569 570 571
299 3 -1
550 58 74 58 75 561 572 573 573
300 2 -1
552 40 82 42 83 563 574 575 577
