100 100 1797
16
0 2 66
1 58 84
2 14 21
3 93 66
4 90 34
5 59 50
6 41 56
7 55 29
8 43 80
9 23 57
10 61 81
11 66 77
12 76 19
13 1 9
14 98 64
15 83 13
32
0 0 203 100 6
0
1 0 405 100 6
0
2 1 194 100 6
0
3 1 394 100 6
0
4 2 169 100 6
0
5 2 351 100 6
0
6 3 190 100 6
0
7 3 387 100 6
0
8 4 191 100 6
0
9 4 387 100 6
0
10 5 188 100 6
0
11 5 358 100 6
0
12 6 175 100 6
0
13 6 377 100 6
0
14 7 169 100 6
0
15 7 370 100 6
0
16 8 183 100 6
0
17 8 372 100 6
0
18 9 185 100 6
0
19 9 359 100 6
0
20 10 195 100 6
0
21 10 391 100 6
0
22 11 198 100 6
0
23 11 369 100 6
0
24 12 187 100 6
0
25 12 394 100 6
0
26 13 189 100 6
0
27 13 393 100 6
0
28 14 205 100 6
0
29 14 389 100 6
0
30 15 184 100 6
0
31 15 388 100 6
0
1000
1 7 -1
2 98 15 98 16 36 70 71 73
2 9 -1
5 11 47 16 47 39 73 74 78
3 0 -1
7 23 14 27 14 41 75 76 79
4 3 -1
8 44 52 46 55 42 76 77 85
5 9 -1
9 29 30 30 33 43 77 78 83
6 6 -1
10 81 27 83 28 44 78 79 82
7 4 -1
11 18 69 24 69 45 79 80 85
8 13 -1
12 24 47 24 48 46 80 81 82
9 12 -1
13 91 21 91 21 47 81 82 83
10 9 -1
14 83 23 84 25 48 82 83 85
11 0 -1
15 70 54 70 56 49 83 84 89
12 2 -1
17 24 69 27 69 51 85 86 89
13 5 -1
18 83 66 88 67 52 86 87 92
14 12 -1
19 12 13 12 13 53 87 88 88
15 5 -1
20 8 75 9 76 54 88 89 90
16 1 -1
21 56 30 58 30 55 89 90 91
17 0 -1
22 51 57 51 60 56 90 91 94
18 11 -1
24 2 56 4 56 58 92 93 94
19 2 -1
29 23 85 27 85 63 97 98 103
20 7 -1
30 88 30 89 30 64 98 99 100
21 2 -1
31 32 9 32 11 65 99 100 101
22 11 -1
33 45 7 50 8 67 101 102 107
23 3 -1
35 99 69 98 69 69 103 104 104
24 9 -1
36 91 69 92 69 70 104 105 106
25 0 -1
39 57 90 58 90 73 107 108 108
26 3 -1
40 74 57 74 57 74 108 109 109
27 13 -1
41 48 97 48 97 75 109 110 111
28 0 -1
42 48 4 49 4 76 110 111 111
29 0 -1
43 41 70 41 70 77 111 112 112
30 14 -1
45 87 62 88 63 79 113 114 115
31 9 -1
49 76 67 78 68 83 117 118 120
32 9 -1
52 52 51 55 53 86 120 121 127
33 13 -1
53 84 52 84 52 87 121 122 126
34 0 -1
54 52 95 52 95 88 122 123 123
35 12 -1
56 2 31 13 36 90 124 125 141
36 12 -1
57 20 14 20 15 91 125 126 127
37 1 -1
59 28 32 28 32 93 127 128 128
38 0 -1
61 41 3 43 3 95 129 130 131
39 6 -1
62 69 88 75 89 96 130 131 138
40 4 -1
64 8 27 17 31 98 132 133 151
41 7 -1
69 3 39 4 40 103 137 138 139
42 9 -1
71 53 12 58 14 105 139 140 147
43 3 -1
73 57 81 62 81 107 141 142 146
44 10 -1
76 30 13 30 14 110 144 145 147
45 1 -1
78 42 25 43 26 112 146 147 148
46 9 -1
80 91 16 91 17 114 148 149 151
47 5 -1
81 49 20 49 21 115 149 150 151
48 13 -1
82 55 5 55 11 116 150 151 156
49 3 -1
83 91 96 96 96 117 151 152 156
50 13 -1
84 5 32 6 32 118 152 153 153
51 4 -1
86 42 20 52 20 120 154 155 164
52 8 -1
87 33 80 33 80 121 155 156 156
53 13 -1
90 82 10 82 10 124 158 159 159
54 6 -1
91 73 99 75 100 125 159 160 163
55 4 -1
92 64 21 64 22 126 160 161 161
56 13 -1
93 5 47 5 50 127 161 162 164
57 7 -1
94 3 54 3 55 128 162 163 168
58 15 -1
96 63 70 65 70 130 164 165 166
59 0 -1
103 54 97 57 97 137 171 172 174
60 12 -1
105 78 1 80 1 139 173 174 175
61 12 -1
106 95 21 85 21 140 174 175 184
62 1 -1
107 55 35 56 36 141 175 176 178
63 8 -1
108 52 56 52 58 142 176 177 184
64 13 -1
110 27 75 28 79 144 178 179 186
65 13 -1
111 58 0 59 0 145 179 180 180
66 10 -1
114 31 92 32 93 148 182 183 188
67 13 -1
115 58 41 60 44 149 183 184 188
68 12 -1
116 73 61 75 69 150 184 185 196
69 11 -1
119 90 2 90 2 153 187 188 190
70 12 -1
120 1 80 2 80 154 188 189 189
71 5 -1
122 93 7 96 7 156 190 191 194
72 3 -1
123 61 19 62 19 157 191 192 194
73 4 -1
124 0 37 0 37 158 192 193 196
74 8 -1
127 97 97 97 97 161 195 196 196
75 0 -1
128 50 27 67 28 162 196 197 215
76 0 -1
130 98 28 99 28 164 198 199 199
77 14 -1
132 23 96 32 90 166 200 201 215
78 11 -1
134 43 34 43 34 168 202 203 203
79 4 -1
135 12 53 13 55 169 203 204 214
80 5 -1
136 63 52 63 52 170 204 205 206
81 7 -1
139 88 90 89 90 173 207 208 208
82 8 -1
140 89 99 93 99 174 208 209 212
83 3 -1
141 89 52 92 52 175 209 210 214
84 4 -1
144 1 43 4 44 178 212 213 217
85 12 -1
145 86 78 87 79 179 213 214 215
86 10 -1
146 46 42 47 42 180 214 215 215
87 9 -1
147 0 97 0 97 181 215 216 216
88 6 -1
148 40 37 40 37 182 216 217 217
89 15 -1
149 44 73 45 73 183 217 218 219
90 15 -1
150 56 60 56 61 184 218 219 224
91 0 -1
153 43 6 44 6 187 221 222 222
92 14 -1
154 56 79 59 80 188 222 223 226
93 9 -1
155 64 86 65 87 189 223 224 227
94 3 -1
156 79 94 79 96 190 224 225 229
95 3 -1
157 31 23 31 27 191 225 226 230
96 3 -1
160 9 82 11 85 194 228 229 234
97 11 -1
162 98 6 98 7 196 230 231 231
98 14 -1
163 88 56 88 56 197 231 232 232
99 14 -1
166 74 64 75 64 200 234 235 236
100 12 -1
167 26 14 27 15 201 235 236 240
101 1 -1
168 90 31 91 31 202 236 237 238
102 6 -1
169 11 54 15 54 203 237 238 242
103 1 -1
170 87 12 91 12 204 238 239 243
104 6 -1
172 22 25 24 25 206 240 241 245
105 4 -1
173 81 29 83 30 207 241 242 246
106 13 -1
174 7 66 7 67 208 242 243 244
107 1 -1
179 9 27 9 28 213 247 248 248
108 10 -1
183 29 94 30 96 217 251 252 256
109 5 -1
184 98 4 99 4 218 252 253 254
110 6 -1
185 81 35 81 36 219 253 254 255
111 11 -1
186 27 14 31 18 220 254 255 263
112 9 -1
187 43 87 45 90 221 255 256 261
113 0 -1
189 76 72 76 75 223 257 258 262
114 3 -1
190 94 94 96 95 224 258 259 263
115 5 -1
193 13 66 14 66 227 261 262 262
116 12 -1
196 98 58 99 59 230 264 265 266
117 14 -1
197 73 94 73 95 231 265 266 266
118 7 -1
198 36 2 41 6 232 266 267 284
119 9 -1
199 67 73 68 73 233 267 268 268
120 6 -1
200 87 86 88 86 234 268 269 270
121 4 -1
201 71 62 72 62 235 269 270 270
122 5 -1
204 83 25 84 25 238 272 273 273
123 14 -1
208 89 61 89 62 242 276 277 277
124 6 -1
209 33 85 34 85 243 277 278 278
125 4 -1
211 5 59 6 60 245 279 280 282
126 2 -1
212 69 79 70 80 246 280 281 282
127 12 -1
213 39 43 44 45 247 281 282 289
128 14 -1
214 47 19 48 21 248 282 283 287
129 14 -1
218 63 52 64 53 252 286 287 293
130 12 -1
219 33 88 35 88 253 287 288 289
131 11 -1
224 55 17 55 18 258 292 293 295
132 6 -1
225 98 51 99 51 259 293 294 295
133 11 -1
229 28 53 34 53 263 297 298 303
134 9 -1
230 92 81 92 82 264 298 299 299
135 0 -1
231 78 74 81 74 265 299 300 302
136 0 -1
236 6 48 6 50 270 304 305 306
137 10 -1
237 12 78 13 78 271 305 306 307
138 5 -1
240 8 77 9 85 274 308 309 319
139 13 -1
242 27 3 28 4 276 310 311 312
140 3 -1
244 43 24 46 25 278 312 313 317
141 15 -1
245 25 3 26 4 279 313 314 319
142 2 -1
246 62 78 65 78 280 314 315 317
143 8 -1
247 30 86 32 87 281 315 316 318
144 2 -1
248 40 7 43 7 282 316 317 319
145 5 -1
250 65 18 66 19 284 318 319 320
146 7 -1
251 71 52 72 52 285 319 320 322
147 8 -1
253 59 11 60 11 287 321 322 322
148 3 -1
255 89 15 90 16 289 323 324 325
149 7 -1
256 15 37 16 40 290 324 325 328
150 10 -1
257 6 97 10 97 291 325 326 329
151 1 -1
258 30 4 30 4 292 326 327 327
152 9 -1
260 99 36 98 37 294 328 329 330
153 9 -1
261 66 14 70 22 295 329 330 341
154 13 -1
266 85 2 87 4 300 334 335 338
155 6 -1
267 13 24 13 25 301 335 336 338
156 3 -1
268 38 2 39 2 302 336 337 338
157 6 -1
269 48 28 49 28 303 337 338 338
158 0 -1
271 60 1 63 1 305 339 340 345
159 6 -1
272 19 77 19 77 306 340 341 341
160 6 -1
274 14 40 21 44 308 342 343 355
161 7 -1
277 28 4 30 4 311 345 346 347
162 15 -1
278 75 60 77 61 312 346 347 352
163 8 -1
279 54 32 54 33 313 347 348 351
164 14 -1
280 98 39 99 40 314 348 349 351
165 2 -1
283 2 83 3 83 317 351 352 352
166 9 -1
285 38 91 41 91 319 353 354 356
167 3 -1
286 56 60 58 60 320 354 355 357
168 3 -1
289 70 93 71 95 323 357 358 360
169 1 -1
293 30 86 33 86 327 361 362 365
170 7 -1
294 31 72 32 73 328 362 363 366
171 3 -1
295 41 75 43 75 329 363 364 365
172 11 -1
296 74 77 75 79 330 364 365 368
173 12 -1
303 53 81 55 81 337 371 372 380
174 12 -1
305 81 39 85 39 339 373 374 378
175 5 -1
306 27 96 27 97 340 374 375 375
176 13 -1
307 49 67 50 67 341 375 376 377
177 15 -1
310 70 44 74 44 344 378 379 382
178 3 -1
311 15 21 17 21 345 379 380 383
179 7 -1
312 35 27 42 27 346 380 381 389
180 13 -1
313 7 80 7 81 347 381 382 382
181 6 -1
315 1 54 1 55 349 383 384 385
182 5 -1
320 20 9 32 13 354 388 389 404
183 12 -1
321 86 78 88 79 355 389 390 392
184 11 -1
323 42 86 53 86 357 391 392 404
185 11 -1
325 23 34 31 34 359 393 394 401
186 13 -1
326 12 11 12 11 360 394 395 395
187 15 -1
327 98 87 98 90 361 395 396 398
188 11 -1
328 41 98 43 98 362 396 397 401
189 15 -1
329 91 81 91 84 363 397 398 400
190 14 -1
330 39 36 42 38 364 398 399 403
191 7 -1
337 63 42 76 42 371 405 406 418
192 5 -1
340 63 67 66 67 374 408 409 411
193 13 -1
342 73 14 74 14 376 410 411 411
194 4 -1
343 30 15 33 15 377 411 412 414
195 4 -1
345 44 25 45 31 379 413 414 425
196 8 -1
349 81 10 82 10 383 417 418 418
197 7 -1
351 85 4 85 4 385 419 420 420
198 10 -1
354 50 21 53 24 388 422 423 428
199 4 -1
356 8 55 9 55 390 424 425 425
200 0 -1
357 46 83 46 86 391 425 426 429
201 6 -1
358 90 22 91 22 392 426 427 433
202 2 -1
359 30 1 33 1 393 427 428 430
203 0 -1
360 84 0 84 0 394 428 429 430
204 11 -1
361 62 33 66 33 395 429 430 435
205 3 -1
363 13 9 13 9 397 431 432 432
206 3 -1
364 1 51 1 51 398 432 433 433
207 11 -1
365 97 58 99 58 399 433 434 435
208 7 -1
367 40 44 41 48 401 435 436 441
209 7 -1
371 53 66 54 66 405 439 440 440
210 11 -1
372 26 9 28 12 406 440 441 448
211 12 -1
373 94 73 94 76 407 441 442 444
212 1 -1
374 53 10 53 10 408 442 443 443
213 4 -1
375 0 41 1 41 409 443 444 444
214 12 -1
377 47 61 47 62 411 445 446 446
215 11 -1
379 82 83 83 83 413 447 448 448
216 11 -1
380 14 56 15 56 414 448 449 449
217 9 -1
381 40 43 45 43 415 449 450 454
218 8 -1
382 98 34 96 34 416 450 451 452
219 2 -1
383 80 44 80 44 417 451 452 452
220 0 -1
388 36 69 36 70 422 456 457 457
221 15 -1
391 39 15 39 17 425 459 460 461
222 13 -1
392 56 67 58 67 426 460 461 462
223 1 -1
394 7 92 10 92 428 462 463 465
224 0 -1
396 62 61 64 63 430 464 465 469
225 3 -1
397 6 74 6 74 431 465 466 466
226 8 -1
400 41 93 42 93 434 468 469 470
227 8 -1
401 19 78 19 80 435 469 470 471
228 3 -1
403 16 13 18 15 437 471 472 476
229 12 -1
404 2 55 2 56 438 472 473 474
230 5 -1
407 58 35 58 35 441 475 476 476
231 11 -1
408 0 64 0 65 442 476 477 479
232 4 -1
411 95 73 97 73 445 479 480 481
233 4 -1
412 96 40 96 41 446 480 481 481
234 9 -1
414 75 69 76 69 448 482 483 483
235 1 -1
418 41 65 42 65 452 486 487 487
236 7 -1
420 27 10 27 11 454 488 489 489
237 10 -1
421 86 33 86 35 455 489 490 491
238 11 -1
423 7 71 8 71 457 491 492 492
239 0 -1
426 17 49 18 49 460 494 495 499
240 6 -1
428 61 49 61 51 462 496 497 498
241 14 -1
433 72 61 73 61 467 501 502 503
242 3 -1
437 32 51 32 52 471 505 506 506
243 0 -1
439 9 44 10 45 473 507 508 509
244 11 -1
441 98 39 90 39 475 509 510 517
245 6 -1
446 90 96 91 97 480 514 515 518
246 14 -1
448 68 71 69 72 482 516 517 519
247 1 -1
450 89 24 93 27 484 518 519 526
248 8 -1
452 32 28 34 28 486 520 521 523
249 13 -1
455 99 18 96 18 489 523 524 526
250 8 -1
460 80 65 86 65 494 528 529 534
251 5 -1
461 79 13 79 15 495 529 530 531
252 15 -1
462 39 15 39 18 496 530 531 533
253 1 -1
464 29 36 31 36 498 532 533 534
254 9 -1
469 15 69 15 69 503 537 538 539
255 15 -1
471 31 45 31 55 505 539 540 550
256 2 -1
475 10 27 12 27 509 543 544 545
257 2 -1
478 18 83 18 83 512 546 547 550
258 14 -1
479 25 80 26 80 513 547 548 549
259 3 -1
480 3 28 8 30 514 548 549 556
260 11 -1
481 33 23 36 23 515 549 550 555
261 7 -1
482 80 16 81 16 516 550 551 551
262 6 -1
484 91 0 93 1 518 552 553 556
263 15 -1
486 26 62 27 64 520 554 555 557
264 14 -1
488 89 15 92 15 522 556 557 559
265 1 -1
489 83 4 90 7 523 557 558 570
266 11 -1
491 0 79 1 80 525 559 560 561
267 12 -1
493 22 18 23 18 527 561 562 562
268 4 -1
496 4 83 4 83 530 564 565 565
269 5 -1
501 2 56 3 56 535 569 570 571
270 12 -1
502 23 59 26 60 536 570 571 574
271 11 -1
505 0 77 2 77 539 573 574 575
272 10 -1
506 91 21 94 22 540 574 575 579
273 4 -1
507 43 14 45 15 541 575 576 579
274 7 -1
509 50 93 51 93 543 577 578 578
275 7 -1
511 80 72 81 72 545 579 580 581
276 7 -1
512 42 25 42 25 546 580 581 581
277 9 -1
515 8 32 8 32 549 583 584 586
278 0 -1
516 35 79 35 92 550 584 585 597
279 14 -1
517 88 56 88 57 551 585 586 589
280 4 -1
518 11 82 12 83 552 586 587 588
281 4 -1
520 61 84 62 84 554 588 589 589
282 11 -1
522 12 79 15 80 556 590 591 599
283 11 -1
523 19 11 19 12 557 591 592 592
284 4 -1
525 74 64 74 64 559 593 594 595
285 1 -1
526 87 8 87 10 560 594 595 596
286 3 -1
528 76 74 77 77 562 596 597 601
287 15 -1
530 35 26 36 28 564 598 599 602
288 9 -1
533 12 98 14 98 567 601 602 603
289 9 -1
535 80 80 80 83 569 603 604 606
290 11 -1
536 70 58 71 59 570 604 605 606
291 0 -1
537 37 64 38 64 571 605 606 606
292 9 -1
538 22 8 22 8 572 606 607 609
293 1 -1
540 38 28 41 29 574 608 609 612
294 0 -1
541 64 79 67 79 575 609 610 612
295 5 -1
542 28 61 28 68 576 610 611 618
296 0 -1
543 5 60 5 60 577 611 612 613
297 2 -1
546 80 44 80 46 580 614 615 616
298 8 -1
547 66 15 66 15 581 615 616 617
299 8 -1
550 78 94 78 95 584 618 619 619
300 15 -1
552 61 91 61 93 586 620 621 623
301 1 -1
553 75 62 77 62 587 621 622 623
302 10 -1
555 7 54 7 57 589 623 624 628
303 4 -1
556 33 21 35 21 590 624 625 626
304 6 -1
558 1 61 2 61 592 626 627 627
305 12 -1
559 18 72 18 76 593 627 628 632
306 7 -1
560 9 15 11 15 594 628 629 630
307 3 -1
562 38 72 38 72 596 630 631 631
308 7 -1
565 35 17 35 20 599 633 634 637
309 15 -1
566 18 45 22 45 600 634 635 638
310 9 -1
567 54 84 55 84 601 635 636 636
311 0 -1
570 99 64 98 66 604 638 639 642
312 13 -1
572 24 5 25 6 606 640 641 643
313 14 -1
573 11 8 12 9 607 641 642 644
314 7 -1
575 53 57 54 57 609 643 644 645
315 3 -1
577 16 48 16 49 611 645 646 646
316 1 -1
578 13 57 13 59 612 646 647 648
317 4 -1
579 90 14 93 14 613 647 648 652
318 8 -1
580 11 66 11 67 614 648 649 649
319 9 -1
585 21 26 23 26 619 653 654 656
320 5 -1
588 83 26 86 27 622 656 657 661
321 3 -1
589 70 7 76 13 623 657 658 672
322 7 -1
592 33 73 34 73 626 660 661 661
323 1 -1
594 43 9 45 9 628 662 663 664
324 12 -1
595 62 18 76 19 629 663 664 678
325 14 -1
596 93 43 93 43 630 664 665 668
326 5 -1
597 1 5 5 5 631 665 666 673
327 8 -1
599 76 73 83 73 633 667 668 675
328 12 -1
600 88 89 91 89 634 668 669 671
329 9 -1
601 91 61 92 61 635 669 670 671
330 5 -1
603 50 30 52 30 637 671 672 673
331 9 -1
608 58 21 58 21 642 676 677 679
332 14 -1
609 80 26 81 26 643 677 678 678
333 13 -1
610 9 78 13 79 644 678 679 683
334 1 -1
611 75 55 77 56 645 679 680 683
335 13 -1
613 66 66 73 66 647 681 682 689
336 11 -1
614 88 69 92 71 648 682 683 688
337 4 -1
615 73 62 73 62 649 683 684 684
338 0 -1
616 96 42 98 42 650 684 685 686
339 4 -1
619 19 50 24 50 653 687 688 692
340 3 -1
620 23 96 24 97 654 688 689 690
341 7 -1
621 60 62 60 66 655 689 690 694
342 7 -1
622 17 92 18 94 656 690 691 693
343 5 -1
623 51 87 51 89 657 691 692 693
344 7 -1
624 14 90 15 90 658 692 693 693
345 8 -1
625 44 5 46 5 659 693 694 695
346 10 -1
628 69 51 70 51 662 696 697 697
347 0 -1
629 50 0 52 3 663 697 698 702
348 13 -1
630 26 76 26 76 664 698 699 699
349 9 -1
634 16 40 16 40 668 702 703 703
350 9 -1
635 81 26 83 26 669 703 704 705
351 4 -1
636 68 76 70 76 670 704 705 706
352 9 -1
637 59 62 60 63 671 705 706 707
353 0 -1
639 93 18 94 18 673 707 708 708
354 13 -1
640 27 13 29 13 674 708 709 710
355 1 -1
641 28 10 28 12 675 709 710 711
356 12 -1
643 81 7 81 8 677 711 712 717
357 10 -1
645 14 58 15 59 679 713 714 715
358 1 -1
646 77 76 79 76 680 714 715 716
359 11 -1
648 25 45 26 45 682 716 717 717
360 1 -1
649 21 33 23 35 683 717 718 727
361 0 -1
650 38 69 39 69 684 718 719 719
362 8 -1
651 97 30 94 31 685 719 720 723
363 4 -1
652 0 45 5 51 686 720 721 735
364 5 -1
653 62 89 62 90 687 721 722 722
365 9 -1
656 20 73 21 73 690 724 725 725
366 2 -1
662 38 50 40 50 696 730 731 732
367 7 -1
663 0 96 7 96 697 731 732 739
368 7 -1
664 60 11 61 12 698 732 733 734
369 5 -1
665 45 4 45 5 699 733 734 734
370 7 -1
666 62 91 63 91 700 734 735 736
371 5 -1
667 56 21 57 21 701 735 736 738
372 12 -1
669 71 8 71 8 703 737 738 738
373 6 -1
672 21 44 24 44 706 740 741 744
374 6 -1
673 45 47 45 49 707 741 742 743
375 0 -1
674 28 58 32 58 708 742 743 746
376 15 -1
675 33 56 35 56 709 743 744 748
377 13 -1
678 54 97 55 98 712 746 747 750
378 4 -1
679 11 4 14 4 713 747 748 750
379 3 -1
680 66 17 70 18 714 748 749 754
380 7 -1
681 17 44 19 44 715 749 750 751
381 10 -1
682 52 37 52 37 716 750 751 752
382 13 -1
684 70 85 72 85 718 752 753 754
383 15 -1
685 79 27 81 30 719 753 754 758
384 12 -1
687 21 38 22 38 721 755 756 760
385 9 -1
688 96 61 98 61 722 756 757 758
386 0 -1
689 12 84 14 84 723 757 758 759
387 2 -1
690 17 80 17 82 724 758 759 760
388 15 -1
691 29 68 30 68 725 759 760 761
389 15 -1
692 40 33 41 33 726 760 761 762
390 0 -1
694 44 92 45 93 728 762 763 765
391 5 -1
696 52 6 53 6 730 764 765 766
392 9 -1
698 7 14 10 16 732 766 767 771
393 3 -1
700 26 55 26 56 734 768 769 769
394 6 -1
701 11 64 12 64 735 769 770 770
395 5 -1
702 90 88 93 91 736 770 771 777
396 7 -1
703 61 14 63 14 737 771 772 773
397 13 -1
704 17 28 18 28 738 772 773 774
398 5 -1
705 22 43 24 43 739 773 774 777
399 8 -1
706 76 95 78 95 740 774 775 776
400 4 -1
707 1 83 4 83 741 775 776 779
401 7 -1
708 0 50 6 51 742 776 777 783
402 0 -1
710 97 30 97 32 744 778 779 781
403 3 -1
712 30 2 30 2 746 780 781 781
404 11 -1
714 29 82 29 83 748 782 783 783
405 0 -1
716 41 83 41 84 750 784 785 785
406 1 -1
718 39 8 40 11 752 786 787 794
407 3 -1
719 85 76 86 76 753 787 788 788
408 14 -1
720 18 48 18 49 754 788 789 790
409 8 -1
722 28 60 28 61 756 790 791 792
410 3 -1
724 41 96 43 96 758 792 793 794
411 1 -1
725 93 56 99 56 759 793 794 804
412 10 -1
726 86 0 88 1 760 794 795 798
413 8 -1
727 86 44 86 44 761 795 796 798
414 11 -1
728 67 29 71 29 762 796 797 801
415 12 -1
729 82 36 82 36 763 797 798 798
416 2 -1
731 6 53 7 53 765 799 800 800
417 14 -1
733 43 66 45 66 767 801 802 803
418 5 -1
734 24 20 24 21 768 802 803 804
419 5 -1
735 90 79 93 79 769 803 804 806
420 11 -1
736 42 90 42 91 770 804 805 806
421 6 -1
737 74 71 75 72 771 805 806 808
422 2 -1
742 25 22 25 22 776 810 811 815
423 14 -1
744 59 95 60 95 778 812 813 814
424 2 -1
745 39 73 40 77 779 813 814 818
425 10 -1
748 28 84 28 84 782 816 817 818
426 0 -1
750 88 71 89 71 784 818 819 819
427 8 -1
751 64 78 65 78 785 819 820 820
428 1 -1
752 41 67 43 68 786 820 821 823
429 5 -1
753 36 19 36 20 787 821 822 822
430 6 -1
754 19 8 24 8 788 822 823 828
431 13 -1
755 68 2 68 2 789 823 824 825
432 3 -1
757 46 66 47 67 791 825 826 827
433 5 -1
758 3 48 10 49 792 826 827 834
434 5 -1
759 50 40 52 40 793 827 828 829
435 0 -1
760 92 95 93 95 794 828 829 829
436 0 -1
766 19 78 20 79 800 834 835 836
437 8 -1
767 82 90 83 90 801 835 836 837
438 15 -1
768 84 74 87 74 802 836 837 839
439 4 -1
771 13 10 13 11 805 839 840 840
440 8 -1
772 67 22 69 22 806 840 841 842
441 13 -1
773 60 50 62 51 807 841 842 844
442 14 -1
775 57 61 57 66 809 843 844 848
443 11 -1
777 46 82 48 82 811 845 846 847
444 15 -1
778 49 58 50 59 812 846 847 848
445 0 -1
779 91 37 93 37 813 847 848 850
446 10 -1
781 27 60 28 60 815 849 850 850
447 3 -1
782 23 43 25 43 816 850 851 854
448 14 -1
784 19 85 20 85 818 852 853 854
449 2 -1
787 34 22 34 24 821 855 856 857
450 1 -1
788 8 11 8 12 822 856 857 857
451 8 -1
789 69 39 73 39 823 857 858 861
452 4 -1
790 54 24 56 24 824 858 859 860
453 1 -1
791 81 83 82 85 825 859 860 864
454 8 -1
793 58 5 60 5 827 861 862 864
455 10 -1
794 98 17 94 17 828 862 863 866
456 15 -1
795 30 50 31 50 829 863 864 865
457 13 -1
796 43 87 43 88 830 864 865 868
458 6 -1
797 28 85 28 85 831 865 866 866
459 7 -1
798 33 18 33 18 832 866 867 869
460 5 -1
799 42 69 42 69 833 867 868 869
461 11 -1
800 14 90 19 90 834 868 869 873
462 12 -1
802 37 17 40 18 836 870 871 874
463 6 -1
803 58 24 59 25 837 871 872 873
464 10 -1
805 32 16 34 16 839 873 874 878
465 2 -1
806 53 20 58 23 840 874 875 883
466 2 -1
807 23 20 23 20 841 875 876 877
467 6 -1
810 51 41 52 41 844 878 879 879
468 9 -1
813 49 44 49 45 847 881 882 882
469 13 -1
818 74 75 75 75 852 886 887 888
470 12 -1
820 15 19 18 19 854 888 889 891
471 14 -1
824 4 17 4 17 858 892 893 894
472 1 -1
825 6 60 8 60 859 893 894 896
473 4 -1
827 85 42 86 42 861 895 896 896
474 2 -1
828 37 84 44 84 862 896 897 906
475 3 -1
830 75 65 77 65 864 898 899 901
476 14 -1
831 18 94 18 94 865 899 900 900
477 3 -1
833 93 11 93 11 867 901 902 903
478 11 -1
834 46 71 48 71 868 902 903 904
479 9 -1
835 26 15 32 19 869 903 904 913
480 15 -1
839 86 14 86 14 873 907 908 909
481 3 -1
841 53 40 55 42 875 909 910 913
482 9 -1
842 84 76 86 76 876 910 911 912
483 15 -1
844 64 63 67 63 878 912 913 917
484 6 -1
845 91 84 92 84 879 913 914 915
485 15 -1
846 31 94 36 94 880 914 915 920
486 14 -1
847 53 3 53 3 881 915 916 916
487 1 -1
850 56 81 57 82 884 918 919 921
488 6 -1
851 10 1 12 3 885 919 920 923
489 1 -1
854 60 9 61 9 888 922 923 923
490 14 -1
856 26 65 27 65 890 924 925 927
491 12 -1
859 4 43 7 44 893 927 928 932
492 7 -1
860 6 14 6 15 894 928 929 929
493 1 -1
861 45 6 46 7 895 929 930 931
494 4 -1
864 92 61 92 63 898 932 933 935
495 15 -1
867 74 64 75 64 901 935 936 936
496 4 -1
868 1 3 1 4 902 936 937 938
497 5 -1
871 48 51 61 53 905 939 940 955
498 13 -1
873 78 30 78 32 907 941 942 943
499 0 -1
874 88 0 89 2 908 942 943 947
500 1 -1
875 80 3 82 4 909 943 944 946
501 6 -1
877 87 18 89 18 911 945 946 948
502 3 -1
878 57 68 57 69 912 946 947 948
503 10 -1
879 52 93 52 94 913 947 948 949
504 0 -1
880 69 15 73 15 914 948 949 952
505 10 -1
881 83 8 87 9 915 949 950 955
506 1 -1
882 1 89 1 91 916 950 951 952
507 13 -1
885 6 9 6 9 919 953 954 954
508 2 -1
887 8 11 9 11 921 955 956 958
509 11 -1
889 49 98 52 98 923 957 958 960
510 2 -1
891 47 21 48 22 925 959 960 961
511 12 -1
893 54 3 56 3 927 961 962 963
512 0 -1
894 63 98 65 98 928 962 963 965
513 15 -1
895 70 6 72 7 929 963 964 966
514 7 -1
896 43 83 44 84 930 964 965 966
515 8 -1
897 22 98 23 98 931 965 966 966
516 10 -1
898 3 50 3 50 932 966 967 968
517 7 -1
899 20 12 21 13 933 967 968 969
518 11 -1
900 86 67 86 72 934 968 969 974
519 13 -1
901 92 53 94 53 935 969 970 971
520 2 -1
902 43 43 44 43 936 970 971 971
521 0 -1
905 83 11 84 11 939 973 974 974
522 10 -1
910 91 88 91 88 944 978 979 979
523 15 -1
912 96 41 91 45 946 980 981 990
524 14 -1
914 16 17 16 23 948 982 983 989
525 13 -1
917 63 16 67 16 951 985 986 989
526 4 -1
919 73 32 75 32 953 987 988 989
527 13 -1
920 38 97 41 97 954 988 989 991
528 6 -1
921 82 83 83 83 955 989 990 990
529 5 -1
923 28 52 28 53 957 991 992 992
530 15 -1
925 1 81 2 83 959 993 994 996
531 2 -1
926 60 15 66 17 960 994 995 1003
532 0 -1
927 25 86 25 89 961 995 996 998
533 12 -1
928 26 25 29 25 962 996 997 1000
534 1 -1
929 96 79 97 79 963 997 998 998
535 9 -1
931 15 22 15 22 965 999 1000 1001
536 15 -1
933 37 39 39 43 967 1001 1002 1008
537 10 -1
935 14 44 15 45 969 1003 1004 1005
538 13 -1
936 14 16 15 16 970 1004 1005 1005
539 5 -1
937 1 83 3 85 971 1005 1006 1009
540 8 -1
938 8 59 9 62 972 1006 1007 1010
541 15 -1
940 82 27 84 27 974 1008 1009 1010
542 0 -1
942 82 70 83 70 976 1010 1011 1011
543 2 -1
943 30 61 32 66 977 1011 1012 1018
544 7 -1
944 49 48 50 48 978 1012 1013 1013
545 7 -1
945 30 34 30 34 979 1013 1014 1016
546 6 -1
947 74 79 82 82 981 1015 1016 1028
547 12 -1
948 68 44 69 44 982 1016 1017 1019
548 6 -1
950 56 65 58 65 984 1018 1019 1020
549 6 -1
951 65 12 66 13 985 1019 1020 1021
550 5 -1
954 95 63 96 64 988 1022 1023 1024
551 0 -1
955 65 69 65 69 989 1023 1024 1024
552 6 -1
957 30 26 30 26 991 1025 1026 1028
553 13 -1
958 15 31 16 31 992 1026 1027 1027
554 14 -1
963 66 42 66 43 997 1031 1032 1034
555 13 -1
964 84 53 84 53 998 1032 1033 1034
556 13 -1
966 44 71 44 72 1000 1034 1035 1036
557 6 -1
969 52 32 54 32 1003 1037 1038 1039
558 3 -1
972 5 15 5 19 1006 1040 1041 1046
559 2 -1
973 62 69 66 69 1007 1041 1042 1045
560 6 -1
974 87 53 97 53 1008 1042 1043 1052
561 6 -1
976 85 63 85 67 1010 1044 1045 1049
562 7 -1
979 74 56 74 59 1013 1047 1048 1051
563 4 -1
981 94 46 95 46 1015 1049 1050 1050
564 2 -1
983 22 32 25 32 1017 1051 1052 1054
565 9 -1
984 30 48 32 52 1018 1052 1053 1058
566 14 -1
987 6 86 6 86 1021 1055 1056 1059
567 9 -1
989 49 30 50 32 1023 1057 1058 1060
568 0 -1
990 31 63 31 63 1024 1058 1059 1062
569 15 -1
992 82 31 83 33 1026 1060 1061 1064
570 3 -1
993 49 87 49 87 1027 1061 1062 1063
571 2 -1
994 45 62 48 62 1028 1062 1063 1066
572 7 -1
996 21 35 22 36 1030 1064 1065 1066
573 13 -1
997 32 80 32 82 1031 1065 1066 1067
574 5 -1
998 69 15 70 15 1032 1066 1067 1067
575 0 -1
999 0 72 2 72 1033 1067 1068 1069
576 3 -1
1001 43 55 88 58 1035 1069 1070 1118
577 6 -1
1004 46 86 47 87 1038 1072 1073 1074
578 9 -1
1008 0 90 0 91 1042 1076 1077 1077
579 14 -1
1010 50 85 51 85 1044 1078 1079 1080
580 4 -1
1012 10 11 11 11 1046 1080 1081 1081
581 6 -1
1015 91 92 91 92 1049 1083 1084 1084
582 4 -1
1016 7 36 7 37 1050 1084 1085 1085
583 2 -1
1017 94 0 94 0 1051 1085 1086 1088
584 5 -1
1018 41 43 44 50 1052 1086 1087 1100
585 7 -1
1019 42 19 47 24 1053 1087 1088 1097
586 11 -1
1020 87 38 90 38 1054 1088 1089 1091
587 5 -1
1021 79 75 79 76 1055 1089 1090 1090
588 13 -1
1022 51 54 56 59 1056 1090 1091 1104
589 3 -1
1025 32 29 37 29 1059 1093 1094 1098
590 13 -1
1027 84 22 85 22 1061 1095 1096 1096
591 6 -1
1028 42 76 42 77 1062 1096 1097 1097
592 3 -1
1031 86 30 89 31 1065 1099 1100 1108
593 6 -1
1032 71 60 77 60 1066 1100 1101 1107
594 7 -1
1033 83 56 86 57 1067 1101 1102 1105
595 1 -1
1035 71 89 71 91 1069 1103 1104 1105
596 0 -1
1036 6 48 8 48 1070 1104 1105 1106
597 10 -1
1037 35 55 35 55 1071 1105 1106 1106
598 7 -1
1039 24 10 24 10 1073 1107 1108 1108
599 14 -1
1040 57 2 57 3 1074 1108 1109 1109
600 3 -1
1042 22 30 33 30 1076 1110 1111 1121
601 12 -1
1044 33 6 36 6 1078 1112 1113 1116
602 3 -1
1045 84 76 87 76 1079 1113 1114 1116
603 11 -1
1051 58 22 58 23 1085 1119 1120 1120
604 14 -1
1053 34 80 34 80 1087 1121 1122 1122
605 10 -1
1056 94 34 94 36 1090 1124 1125 1126
606 4 -1
1057 20 83 21 84 1091 1125 1126 1127
607 14 -1
1059 35 14 36 17 1093 1127 1128 1131
608 5 -1
1060 61 72 62 75 1094 1128 1129 1133
609 8 -1
1063 65 81 67 81 1097 1131 1132 1134
610 10 -1
1065 16 98 19 98 1099 1133 1134 1136
611 4 -1
1066 34 89 34 90 1100 1134 1135 1136
612 8 -1
1067 28 4 29 4 1101 1135 1136 1136
613 13 -1
1070 80 62 85 66 1104 1138 1139 1150
614 3 -1
1071 75 44 80 44 1105 1139 1140 1144
615 5 -1
1073 76 25 86 30 1107 1141 1142 1156
616 4 -1
1074 1 34 2 34 1108 1142 1143 1143
617 7 -1
1075 45 19 47 20 1109 1143 1144 1146
618 4 -1
1078 28 55 31 56 1112 1146 1147 1150
619 13 -1
1082 9 59 10 59 1116 1150 1151 1151
620 0 -1
1083 11 46 11 46 1117 1151 1152 1153
621 1 -1
1084 94 95 99 96 1118 1152 1153 1158
622 4 -1
1085 32 3 33 4 1119 1153 1154 1156
623 8 -1
1086 40 16 42 18 1120 1154 1155 1158
624 10 -1
1090 78 41 78 42 1124 1158 1159 1159
625 13 -1
1091 22 44 22 46 1125 1159 1160 1163
626 14 -1
1092 1 65 2 65 1126 1160 1161 1161
627 15 -1
1095 34 18 37 18 1129 1163 1164 1166
628 14 -1
1097 64 55 64 55 1131 1165 1166 1168
629 12 -1
1098 17 0 19 1 1132 1166 1167 1170
630 6 -1
1099 36 37 41 37 1133 1167 1168 1172
631 2 -1
1100 20 24 24 25 1134 1168 1169 1173
632 5 -1
1102 33 2 33 2 1136 1170 1171 1173
633 7 -1
1103 32 22 37 24 1137 1171 1172 1178
634 0 -1
1104 43 54 44 54 1138 1172 1173 1173
635 3 -1
1105 72 20 73 20 1139 1173 1174 1174
636 4 -1
1107 98 66 90 67 1141 1175 1176 1185
637 13 -1
1109 12 98 12 99 1143 1177 1178 1180
638 15 -1
1111 79 36 79 38 1145 1179 1180 1181
639 13 -1
1113 79 60 79 61 1147 1181 1182 1182
640 11 -1
1114 65 94 65 95 1148 1182 1183 1183
641 1 -1
1115 35 57 35 57 1149 1183 1184 1186
642 5 -1
1116 59 99 69 99 1150 1184 1185 1195
643 6 -1
1118 67 30 69 30 1152 1186 1187 1188
644 11 -1
1120 37 50 39 50 1154 1188 1189 1190
645 9 -1
1121 79 90 79 90 1155 1189 1190 1190
646 2 -1
1122 11 2 12 2 1156 1190 1191 1193
647 14 -1
1124 19 80 23 83 1158 1192 1193 1199
648 3 -1
1125 64 40 65 40 1159 1193 1194 1195
649 7 -1
1126 81 10 93 10 1160 1194 1195 1206
650 8 -1
1129 9 97 10 97 1163 1197 1198 1198
651 1 -1
1130 58 50 59 50 1164 1198 1199 1199
652 11 -1
1132 0 42 2 42 1166 1200 1201 1202
653 7 -1
1133 49 21 51 21 1167 1201 1202 1204
654 3 -1
1137 78 36 79 37 1171 1205 1206 1209
655 8 -1
1138 30 56 31 56 1172 1206 1207 1207
656 2 -1
1139 80 17 80 18 1173 1207 1208 1208
657 3 -1
1141 51 31 53 31 1175 1209 1210 1211
658 8 -1
1142 74 3 77 3 1176 1210 1211 1213
659 0 -1
1144 87 66 90 66 1178 1212 1213 1215
660 3 -1
1147 58 29 61 29 1181 1215 1216 1219
661 13 -1
1150 85 66 86 66 1184 1218 1219 1219
662 9 -1
1151 8 24 10 24 1185 1219 1220 1221
663 15 -1
1154 62 37 62 37 1188 1222 1223 1223
664 14 -1
1156 8 2 9 2 1190 1224 1225 1226
665 13 -1
1157 94 61 96 63 1191 1225 1226 1230
666 5 -1
1158 5 70 9 70 1192 1226 1227 1230
667 12 -1
1159 6 32 8 32 1193 1227 1228 1229
668 7 -1
1164 82 23 84 23 1198 1232 1233 1235
669 7 -1
1166 45 93 46 95 1200 1234 1235 1237
670 7 -1
1169 27 77 30 77 1203 1237 1238 1240
671 0 -1
1170 70 15 70 15 1204 1238 1239 1241
672 14 -1
1171 85 42 88 48 1205 1239 1240 1248
673 6 -1
1172 77 13 77 13 1206 1240 1241 1241
674 1 -1
1174 29 36 35 36 1208 1242 1243 1249
675 5 -1
1175 7 62 8 62 1209 1243 1244 1246
676 15 -1
1176 32 56 32 56 1210 1244 1245 1246
677 0 -1
1177 70 35 71 35 1211 1245 1246 1247
678 15 -1
1179 66 83 66 84 1213 1247 1248 1248
679 3 -1
1186 32 81 34 81 1220 1254 1255 1256
680 12 -1
1187 75 24 76 25 1221 1255 1256 1257
681 15 -1
1188 7 52 8 52 1222 1256 1257 1257
682 2 -1
1190 74 67 74 68 1224 1258 1259 1259
683 1 -1
1191 34 34 34 35 1225 1259 1260 1261
684 12 -1
1194 99 94 97 94 1228 1262 1263 1264
685 14 -1
1195 58 99 60 99 1229 1263 1264 1266
686 1 -1
1197 46 29 49 29 1231 1265 1266 1268
687 14 -1
1198 0 78 3 78 1232 1266 1267 1270
688 2 -1
1201 57 92 61 92 1235 1269 1270 1274
689 0 -1
1202 89 54 89 54 1236 1270 1271 1271
690 5 -1
1203 32 14 33 14 1237 1271 1272 1272
691 8 -1
1205 38 82 39 83 1239 1273 1274 1276
692 7 -1
1207 64 7 67 8 1241 1275 1276 1279
693 12 -1
1208 85 22 85 24 1242 1276 1277 1278
694 15 -1
1209 12 52 13 52 1243 1277 1278 1278
695 14 -1
1211 40 12 42 13 1245 1279 1280 1283
696 6 -1
1214 20 99 22 99 1248 1282 1283 1288
697 11 -1
1217 50 48 50 49 1251 1285 1286 1287
698 2 -1
1218 92 76 93 76 1252 1286 1287 1287
699 13 -1
1219 46 53 52 54 1253 1287 1288 1294
700 11 -1
1220 39 4 39 4 1254 1288 1289 1289
701 15 -1
1222 18 8 21 8 1256 1290 1291 1293
702 11 -1
1223 2 10 3 12 1257 1291 1292 1295
703 7 -1
1226 58 74 60 74 1260 1294 1295 1297
704 6 -1
1227 47 31 48 31 1261 1295 1296 1296
705 6 -1
1229 78 88 78 88 1263 1297 1298 1298
706 10 -1
1230 98 39 98 39 1264 1298 1299 1303
707 0 -1
1231 43 71 44 71 1265 1299 1300 1300
708 7 -1
1233 89 25 89 26 1267 1301 1302 1303
709 3 -1
1235 80 25 80 27 1269 1303 1304 1307
710 3 -1
1236 8 58 12 59 1270 1304 1305 1309
711 10 -1
1237 93 98 95 95 1271 1305 1306 1310
712 13 -1
1238 51 0 55 1 1272 1306 1307 1311
713 1 -1
1240 38 8 42 8 1274 1308 1309 1312
714 9 -1
1241 99 78 99 78 1275 1309 1310 1310
715 9 -1
1242 97 50 94 52 1276 1310 1311 1323
716 12 -1
1243 16 69 18 69 1277 1311 1312 1313
717 0 -1
1244 65 99 65 93 1278 1312 1313 1319
718 1 -1
1246 36 73 44 73 1280 1314 1315 1323
719 12 -1
1250 10 23 11 23 1284 1318 1319 1319
720 6 -1
1254 67 46 73 46 1288 1322 1323 1329
721 5 -1
1255 51 30 54 30 1289 1323 1324 1327
722 8 -1
1258 5 98 6 87 1292 1326 1327 1342
723 3 -1
1259 40 24 44 30 1293 1327 1328 1345
724 13 -1
1260 34 93 38 95 1294 1328 1329 1334
725 12 -1
1261 90 46 91 50 1295 1329 1330 1336
726 2 -1
1263 73 25 74 31 1297 1331 1332 1338
727 9 -1
1264 64 13 67 14 1298 1332 1333 1336
728 4 -1
1265 5 7 6 7 1299 1333 1334 1335
729 4 -1
1266 95 0 96 0 1300 1334 1335 1335
730 9 -1
1268 68 51 69 51 1302 1336 1337 1339
731 11 -1
1276 49 94 50 94 1310 1344 1345 1345
732 11 -1
1277 21 20 25 20 1311 1345 1346 1350
733 10 -1
1281 35 1 37 1 1315 1349 1350 1351
734 15 -1
1284 30 31 30 33 1318 1352 1353 1354
735 7 -1
1287 11 88 11 88 1321 1355 1356 1359
736 10 -1
1290 77 28 80 32 1324 1358 1359 1365
737 2 -1
1291 26 61 27 62 1325 1359 1360 1362
738 5 -1
1292 35 17 53 25 1326 1360 1361 1386
739 13 -1
1297 38 10 38 11 1331 1365 1366 1368
740 14 -1
1298 91 65 92 65 1332 1366 1367 1367
741 15 -1
1299 40 51 40 51 1333 1367 1368 1370
742 6 -1
1300 97 68 97 68 1334 1368 1369 1370
743 11 -1
1307 50 45 51 45 1341 1375 1376 1376
744 10 -1
1309 97 88 97 89 1343 1377 1378 1379
745 0 -1
1312 11 33 11 33 1346 1380 1381 1382
746 12 -1
1313 81 51 82 51 1347 1381 1382 1382
747 11 -1
1314 12 72 16 72 1348 1382 1383 1386
748 15 -1
1315 37 64 42 64 1349 1383 1384 1388
749 14 -1
1316 93 58 95 58 1350 1384 1385 1386
750 15 -1
1317 77 63 79 63 1351 1385 1386 1387
751 13 -1
1318 68 65 68 66 1352 1386 1387 1389
752 2 -1
1319 49 12 51 12 1353 1387 1388 1389
753 14 -1
1320 6 90 7 90 1354 1388 1389 1389
754 0 -1
1321 19 66 19 66 1355 1389 1390 1391
755 4 -1
1323 27 12 27 12 1357 1391 1392 1393
756 9 -1
1324 7 98 9 98 1358 1392 1393 1397
757 4 -1
1325 17 5 23 5 1359 1393 1394 1399
758 6 -1
1326 58 92 58 93 1360 1394 1395 1395
759 10 -1
1327 74 76 82 78 1361 1395 1396 1405
760 5 -1
1329 6 27 6 27 1363 1397 1398 1399
761 13 -1
1332 81 80 83 80 1366 1400 1401 1402
762 1 -1
1333 37 34 38 34 1367 1401 1402 1402
763 15 -1
1335 8 56 15 63 1369 1403 1404 1419
764 9 -1
1336 66 70 66 70 1370 1404 1405 1405
765 2 -1
1338 98 75 95 75 1372 1406 1407 1409
766 14 -1
1340 37 92 39 96 1374 1408 1409 1415
767 3 -1
1342 21 0 24 0 1376 1410 1411 1413
768 6 -1
1344 60 14 62 14 1378 1412 1413 1414
769 3 -1
1345 93 63 93 63 1379 1413 1414 1414
770 13 -1
1347 23 33 26 33 1381 1415 1416 1418
771 6 -1
1348 10 59 11 60 1382 1416 1417 1421
772 5 -1
1349 48 57 51 58 1383 1417 1418 1423
773 7 -1
1354 10 26 11 27 1388 1422 1423 1425
774 5 -1
1355 73 76 75 79 1389 1423 1424 1428
775 6 -1
1359 18 90 22 90 1393 1427 1428 1432
776 0 -1
1362 81 37 81 37 1396 1430 1431 1432
777 12 -1
1365 42 26 43 26 1399 1433 1434 1434
778 10 -1
1368 96 71 96 72 1402 1436 1437 1438
779 2 -1
1369 39 73 64 76 1403 1437 1438 1472
780 8 -1
1370 10 52 11 53 1404 1438 1439 1440
781 8 -1
1372 61 99 62 100 1406 1440 1441 1445
782 12 -1
1374 48 12 49 12 1408 1442 1443 1444
783 0 -1
1375 8 38 10 40 1409 1443 1444 1450
784 13 -1
1376 54 86 54 87 1410 1444 1445 1445
785 6 -1
1377 87 99 89 100 1411 1445 1446 1448
786 8 -1
1378 48 45 49 45 1412 1446 1447 1447
787 15 -1
1379 66 20 70 20 1413 1447 1448 1451
788 10 -1
1381 24 80 24 80 1415 1449 1450 1452
789 3 -1
1382 41 40 44 40 1416 1450 1451 1453
790 2 -1
1383 25 78 25 79 1417 1451 1452 1453
791 9 -1
1385 73 47 74 50 1419 1453 1454 1459
792 0 -1
1386 28 66 28 66 1420 1454 1455 1457
793 0 -1
1387 92 34 94 42 1421 1455 1456 1466
794 5 -1
1388 75 70 77 70 1422 1456 1457 1459
795 6 -1
1389 0 91 0 91 1423 1457 1458 1459
796 6 -1
1390 0 87 0 87 1424 1458 1459 1460
797 13 -1
1391 3 40 4 40 1425 1459 1460 1461
798 1 -1
1393 84 60 85 61 1427 1461 1462 1463
799 6 -1
1395 28 75 31 79 1429 1463 1464 1471
800 10 -1
1396 74 1 75 1 1430 1464 1465 1465
801 0 -1
1400 15 51 15 53 1434 1468 1469 1471
802 3 -1
1401 18 77 21 77 1435 1469 1470 1472
803 7 -1
1402 20 35 23 36 1436 1470 1471 1477
804 12 -1
1403 60 46 60 47 1437 1471 1472 1473
805 0 -1
1406 30 99 30 100 1440 1474 1475 1475
806 14 -1
1411 94 84 96 84 1445 1479 1480 1481
807 7 -1
1412 91 27 97 27 1446 1480 1481 1486
808 7 -1
1413 70 15 71 15 1447 1481 1482 1482
809 7 -1
1414 0 7 1 7 1448 1482 1483 1484
810 8 -1
1415 51 40 51 41 1449 1483 1484 1485
811 6 -1
1417 6 2 6 2 1451 1485 1486 1486
812 14 -1
1418 59 4 60 8 1452 1486 1487 1491
813 13 -1
1419 92 0 95 1 1453 1487 1488 1494
814 14 -1
1420 69 69 73 71 1454 1488 1489 1496
815 11 -1
1423 75 10 75 11 1457 1491 1492 1492
816 1 -1
1426 48 15 49 15 1460 1494 1495 1496
817 12 -1
1428 26 47 28 48 1462 1496 1497 1499
818 5 -1
1429 11 30 13 30 1463 1497 1498 1499
819 5 -1
1430 57 29 58 29 1464 1498 1499 1499
820 5 -1
1431 11 11 14 11 1465 1499 1500 1502
821 1 -1
1432 52 97 53 97 1466 1500 1501 1501
822 6 -1
1434 37 98 38 98 1468 1502 1503 1503
823 5 -1
1435 74 88 74 91 1469 1503 1504 1510
824 2 -1
1436 59 27 61 27 1470 1504 1505 1506
825 1 -1
1438 78 87 80 88 1472 1506 1507 1510
826 14 -1
1439 72 46 73 46 1473 1507 1508 1508
827 2 -1
1440 77 76 77 79 1474 1508 1509 1511
828 8 -1
1441 21 72 23 75 1475 1509 1510 1516
829 8 -1
1442 17 64 18 64 1476 1510 1511 1512
830 4 -1
1443 21 51 22 52 1477 1511 1512 1516
831 10 -1
1444 33 92 33 92 1478 1512 1513 1514
832 3 -1
1446 47 69 48 69 1480 1514 1515 1520
833 3 -1
1447 69 1 71 1 1481 1515 1516 1517
834 9 -1
1448 88 89 88 90 1482 1516 1517 1518
835 4 -1
1452 98 58 98 59 1486 1520 1521 1521
836 4 -1
1454 93 83 97 83 1488 1522 1523 1526
837 8 -1
1455 24 13 26 13 1489 1523 1524 1525
838 12 -1
1456 31 25 31 26 1490 1524 1525 1525
839 8 -1
1457 57 22 60 22 1491 1525 1526 1531
840 10 -1
1458 86 14 87 18 1492 1526 1527 1536
841 3 -1
1461 92 89 95 89 1495 1529 1530 1532
842 0 -1
1462 57 7 58 8 1496 1530 1531 1534
843 11 -1
1463 69 63 69 63 1497 1531 1532 1533
844 3 -1
1465 35 64 36 64 1499 1533 1534 1535
845 15 -1
1466 73 89 73 90 1500 1534 1535 1536
846 11 -1
1468 87 24 88 24 1502 1536 1537 1537
847 6 -1
1469 73 12 77 12 1503 1537 1538 1542
848 5 -1
1470 43 51 44 51 1504 1538 1539 1539
849 0 -1
1472 45 68 47 69 1506 1540 1541 1545
850 11 -1
1473 10 88 15 88 1507 1541 1542 1546
851 13 -1
1474 35 11 37 11 1508 1542 1543 1553
852 12 -1
1475 97 4 97 4 1509 1543 1544 1545
853 6 -1
1478 88 70 94 70 1512 1546 1547 1552
854 1 -1
1479 63 70 65 70 1513 1547 1548 1549
855 13 -1
1481 65 5 65 7 1515 1549 1550 1551
856 14 -1
1483 63 95 68 95 1517 1551 1552 1562
857 15 -1
1486 32 43 32 44 1520 1554 1555 1559
858 3 -1
1487 11 44 12 47 1521 1555 1556 1559
859 5 -1
1493 36 73 37 74 1527 1561 1562 1563
860 13 -1
1495 91 69 91 70 1529 1563 1564 1564
861 7 -1
1496 40 28 43 29 1530 1564 1565 1568
862 11 -1
1497 66 35 69 35 1531 1565 1566 1569
863 10 -1
1499 71 75 73 75 1533 1567 1568 1569
864 3 -1
1500 64 90 64 90 1534 1568 1569 1570
865 13 -1
1501 61 36 67 37 1535 1569 1570 1577
866 12 -1
1502 6 41 6 45 1536 1570 1571 1574
867 8 -1
1504 42 17 53 19 1538 1572 1573 1585
868 10 -1
1505 45 40 45 48 1539 1573 1574 1583
869 13 -1
1506 32 14 34 14 1540 1574 1575 1576
870 13 -1
1507 59 37 59 37 1541 1575 1576 1578
871 4 -1
1508 72 11 74 15 1542 1576 1577 1582
872 9 -1
1509 11 64 12 64 1543 1577 1578 1578
873 14 -1
1511 99 49 97 49 1545 1579 1580 1581
874 13 -1
1513 35 91 37 93 1547 1581 1582 1586
875 5 -1
1515 73 24 73 24 1549 1583 1584 1584
876 14 -1
1516 7 64 7 64 1550 1584 1585 1587
877 8 -1
1517 7 26 7 27 1551 1585 1586 1588
878 8 -1
1518 61 92 64 92 1552 1586 1587 1589
879 11 -1
1519 99 23 98 25 1553 1587 1588 1591
880 3 -1
1521 4 66 5 67 1555 1589 1590 1593
881 0 -1
1522 14 73 14 73 1556 1590 1591 1592
882 7 -1
1523 21 0 23 0 1557 1591 1592 1593
883 14 -1
1527 94 99 95 97 1561 1595 1596 1599
884 10 -1
1528 21 36 21 36 1562 1596 1597 1597
885 8 -1
1533 85 45 85 46 1567 1601 1602 1602
886 8 -1
1534 15 97 21 97 1568 1602 1603 1611
887 8 -1
1535 2 30 2 32 1569 1603 1604 1606
888 14 -1
1536 93 77 94 78 1570 1604 1605 1606
889 11 -1
1538 57 87 58 87 1572 1606 1607 1610
890 12 -1
1540 56 10 56 10 1574 1608 1609 1609
891 2 -1
1543 87 69 90 69 1577 1611 1612 1614
892 0 -1
1544 86 59 87 60 1578 1612 1613 1614
893 5 -1
1545 91 98 91 98 1579 1613 1614 1615
894 10 -1
1547 90 78 93 78 1581 1615 1616 1620
895 7 -1
1550 4 60 4 62 1584 1618 1619 1620
896 5 -1
1551 53 20 55 20 1585 1619 1620 1621
897 10 -1
1552 69 98 70 95 1586 1620 1621 1625
898 15 -1
1554 94 23 95 26 1588 1622 1623 1626
899 5 -1
1555 41 79 43 79 1589 1623 1624 1625
900 3 -1
1556 92 0 92 0 1590 1624 1625 1626
901 6 -1
1559 26 11 29 13 1593 1627 1628 1633
902 15 -1
1560 1 2 7 2 1594 1628 1629 1634
903 13 -1
1562 16 95 16 97 1596 1630 1631 1632
904 3 -1
1563 88 69 92 75 1597 1631 1632 1641
905 5 -1
1564 55 49 55 51 1598 1632 1633 1634
906 15 -1
1566 81 86 82 86 1600 1634 1635 1636
907 15 -1
1567 68 12 69 15 1601 1635 1636 1639
908 5 -1
1573 87 32 90 36 1607 1641 1642 1649
909 13 -1
1575 56 79 57 79 1609 1643 1644 1644
910 12 -1
1576 44 51 44 53 1610 1644 1645 1646
911 6 -1
1577 77 89 77 91 1611 1645 1646 1647
912 5 -1
1579 33 77 34 77 1613 1647 1648 1650
913 8 -1
1580 85 83 85 85 1614 1648 1649 1650
914 4 -1
1582 27 20 27 20 1616 1650 1651 1651
915 4 -1
1584 23 30 23 31 1618 1652 1653 1653
916 3 -1
1587 92 72 97 73 1621 1655 1656 1667
917 0 -1
1588 71 82 73 82 1622 1656 1657 1660
918 3 -1
1589 39 17 39 18 1623 1657 1658 1659
919 9 -1
1590 20 95 23 95 1624 1658 1659 1661
920 3 -1
1591 12 36 12 38 1625 1659 1660 1664
921 6 -1
1593 85 74 89 74 1627 1661 1662 1665
922 12 -1
1594 82 87 84 87 1628 1662 1663 1664
923 13 -1
1596 45 95 45 95 1630 1664 1665 1666
924 4 -1
1598 73 64 74 64 1632 1666 1667 1667
925 6 -1
1599 44 89 47 90 1633 1667 1668 1671
926 15 -1
1600 6 21 7 21 1634 1668 1669 1669
927 11 -1
1603 25 34 26 34 1637 1671 1672 1672
928 11 -1
1606 42 3 44 3 1640 1674 1675 1676
929 2 -1
1608 67 13 68 13 1642 1676 1677 1677
930 12 -1
1609 38 43 39 43 1643 1677 1678 1679
931 6 -1
1610 54 45 54 46 1644 1678 1679 1679
932 6 -1
1611 77 57 77 59 1645 1679 1680 1681
933 13 -1
1613 89 79 90 79 1647 1681 1682 1683
934 14 -1
1615 91 20 91 20 1649 1683 1684 1684
935 8 -1
1618 83 68 84 70 1652 1686 1687 1689
936 8 -1
1620 3 92 4 94 1654 1688 1689 1693
937 13 -1
1621 13 3 20 3 1655 1689 1690 1696
938 7 -1
1623 69 21 71 23 1657 1691 1692 1696
939 0 -1
1624 63 14 63 15 1658 1692 1693 1693
940 8 -1
1625 7 18 10 18 1659 1693 1694 1696
941 13 -1
1626 37 25 37 27 1660 1694 1695 1696
942 14 -1
1627 9 32 21 32 1661 1695 1696 1708
943 12 -1
1629 21 92 21 93 1663 1697 1698 1698
944 9 -1
1631 14 19 16 19 1665 1699 1700 1701
945 13 -1
1633 19 93 19 97 1667 1701 1702 1711
946 11 -1
1634 53 68 54 69 1668 1702 1703 1704
947 11 -1
1637 42 45 42 45 1671 1705 1706 1706
948 3 -1
1638 6 97 9 97 1672 1706 1707 1709
949 7 -1
1640 48 19 56 19 1674 1708 1709 1718
950 12 -1
1641 41 3 44 3 1675 1709 1710 1712
951 2 -1
1642 25 59 28 59 1676 1710 1711 1714
952 15 -1
1645 47 32 47 33 1679 1713 1714 1714
953 14 -1
1648 11 15 12 15 1682 1716 1717 1718
954 14 -1
1649 91 59 92 60 1683 1717 1718 1719
955 1 -1
1650 74 76 74 77 1684 1718 1719 1719
956 1 -1
1656 56 15 59 15 1690 1724 1725 1728
957 3 -1
1657 66 31 68 32 1691 1725 1726 1728
958 3 -1
1659 75 3 76 5 1693 1727 1728 1731
959 7 -1
1660 55 79 55 82 1694 1728 1729 1732
960 7 -1
1661 1 33 8 33 1695 1729 1730 1736
961 12 -1
1662 95 21 88 21 1696 1730 1731 1737
962 4 -1
1663 11 14 18 14 1697 1731 1732 1738
963 5 -1
1664 98 83 98 85 1698 1732 1733 1734
964 6 -1
1665 99 4 98 4 1699 1733 1734 1734
965 10 -1
1668 12 83 14 84 1702 1736 1737 1739
966 14 -1
1671 63 23 63 30 1705 1739 1740 1747
967 3 -1
1672 74 99 77 99 1706 1740 1741 1744
968 11 -1
1673 18 5 22 6 1707 1741 1742 1746
969 4 -1
1675 19 24 19 24 1709 1743 1744 1744
970 8 -1
1676 77 15 79 15 1710 1744 1745 1747
971 1 -1
1678 59 70 62 70 1712 1746 1747 1749
972 15 -1
1679 47 17 52 19 1713 1747 1748 1754
973 1 -1
1680 61 44 65 44 1714 1748 1749 1752
974 1 -1
1683 69 57 76 57 1717 1751 1752 1758
975 12 -1
1685 76 26 79 26 1719 1753 1754 1756
976 4 -1
1686 49 16 57 17 1720 1754 1755 1764
977 8 -1
1687 9 91 13 91 1721 1755 1756 1759
978 5 -1
1688 91 54 93 54 1722 1756 1757 1762
979 12 -1
1690 64 31 65 34 1724 1758 1759 1762
980 14 -1
1691 9 51 9 53 1725 1759 1760 1761
981 15 -1
1692 29 31 30 32 1726 1760 1761 1763
982 5 -1
1694 85 44 85 44 1728 1762 1763 1763
983 12 -1
1695 99 17 96 18 1729 1763 1764 1767
984 11 -1
1696 47 1 50 1 1730 1764 1765 1767
985 13 -1
1697 97 85 99 85 1731 1765 1766 1767
986 12 -1
1698 31 40 32 41 1732 1766 1767 1768
987 3 -1
1700 30 34 30 34 1734 1768 1769 1770
988 1 -1
1702 28 78 32 78 1736 1770 1771 1784
989 15 -1
1703 27 40 28 40 1737 1771 1772 1772
990 2 -1
1704 94 44 95 44 1738 1772 1773 1775
991 6 -1
1709 33 20 33 22 1743 1777 1778 1780
992 7 -1
1712 86 91 87 91 1746 1780 1781 1783
993 5 -1
1714 15 88 17 88 1748 1782 1783 1786
994 8 -1
1717 19 29 23 29 1751 1785 1786 1789
995 1 -1
1718 8 53 8 53 1752 1786 1787 1788
996 6 -1
1720 30 59 35 60 1754 1788 1789 1794
997 3 -1
1722 2 19 3 19 1756 1790 1791 1791
998 8 -1
1723 56 38 57 38 1757 1791 1792 1793
999 2 -1
1725 11 20 11 21 1759 1793 1794 1795
1000 14 -1
1726 96 26 97 27 1760 1794 1795 1797
