100 100 2591
16
0 30 2
1 14 38
2 92 86
3 84 0
4 98 84
5 36 46
6 19 91
7 15 75
8 78 85
9 65 63
10 35 80
11 20 81
12 53 29
13 55 9
14 20 38
15 45 57
48
0 0 155 100 6
0
1 0 306 100 6
0
2 0 449 100 6
0
3 1 155 100 6
0
4 1 305 100 6
0
5 1 474 100 6
0
6 2 154 100 6
0
7 2 328 100 6
0
8 2 472 100 6
0
9 3 164 100 6
0
10 3 332 100 6
0
11 3 513 100 6
0
12 4 161 100 6
0
13 4 316 100 6
0
14 4 469 100 6
0
15 5 152 100 6
0
16 5 295 100 6
0
17 5 449 100 6
0
18 6 154 100 6
0
19 6 303 100 6
0
20 6 462 100 6
0
21 7 153 100 6
0
22 7 310 100 6
0
23 7 449 100 6
0
24 8 165 100 6
0
25 8 307 100 6
0
26 8 456 100 6
0
27 9 145 100 6
0
28 9 295 100 6
0
29 9 454 100 6
0
30 10 133 100 6
0
31 10 276 100 6
0
32 10 427 100 6
0
33 11 154 100 6
0
34 11 318 100 6
0
35 11 474 100 6
0
36 12 148 100 6
0
37 12 299 100 6
0
38 12 464 100 6
0
39 13 147 100 6
0
40 13 293 100 6
0
41 13 456 100 6
0
42 14 154 100 6
0
43 14 306 100 6
0
44 14 455 100 6
0
45 15 149 100 6
0
46 15 298 100 6
0
47 15 458 100 6
0
1000
1 3 -1
2 31 23 33 23 433 864 865 867
2 5 -1
5 15 47 18 47 436 867 868 872
3 9 -1
7 82 99 83 96 438 869 870 873
4 4 -1
8 79 95 82 95 439 870 871 879
5 1 -1
9 17 23 19 23 440 871 872 877
6 1 -1
10 50 89 51 90 441 872 873 876
7 5 -1
11 19 6 19 7 442 873 874 879
8 4 -1
12 49 5 51 5 443 874 875 876
9 11 -1
13 32 65 33 66 444 875 876 877
10 6 -1
14 0 9 1 11 445 876 877 879
11 12 -1
15 53 89 55 92 446 877 878 883
12 2 -1
17 99 91 99 93 448 879 880 883
13 1 -1
18 42 5 42 8 449 880 881 886
14 10 -1
19 75 5 75 6 450 881 882 882
15 1 -1
20 73 5 73 6 451 882 883 884
16 7 -1
21 23 55 23 57 452 883 884 885
17 1 -1
22 78 81 82 81 453 884 885 888
18 10 -1
24 16 30 17 31 455 886 887 888
19 5 -1
29 8 83 14 83 460 891 892 897
20 14 -1
30 97 8 97 9 461 892 893 894
21 6 -1
31 5 91 6 91 462 893 894 895
22 1 -1
33 57 42 61 43 464 895 896 901
23 13 -1
35 76 5 76 5 466 897 898 898
24 13 -1
36 48 67 49 68 467 898 899 900
25 15 -1
39 32 81 33 81 470 901 902 902
26 1 -1
40 19 99 20 99 471 902 903 903
27 4 -1
41 45 74 45 75 472 903 904 905
28 13 -1
42 89 96 90 96 473 904 905 905
29 11 -1
43 38 2 38 2 474 905 906 906
30 15 -1
45 93 37 95 37 476 907 908 909
31 6 -1
49 81 42 84 42 480 911 912 914
32 11 -1
52 7 38 12 38 483 914 915 921
33 11 -1
53 91 59 91 59 484 915 916 920
34 8 -1
54 48 84 49 84 485 916 917 917
35 12 -1
56 37 40 46 45 487 918 919 935
36 11 -1
57 72 68 72 70 488 919 920 921
37 0 -1
59 47 88 47 88 490 921 922 922
38 4 -1
61 61 80 63 80 492 923 924 925
39 1 -1
62 19 32 22 34 493 924 925 932
40 1 -1
64 75 1 92 3 495 926 927 945
41 13 -1
69 7 78 7 78 500 931 932 933
42 11 -1
71 12 31 17 33 502 933 934 941
43 15 -1
73 54 88 56 91 504 935 936 940
44 1 -1
76 78 85 80 85 507 938 939 941
45 12 -1
78 33 76 35 76 509 940 941 942
46 0 -1
80 24 93 27 93 511 942 943 945
47 15 -1
81 59 17 61 17 512 943 944 945
48 2 -1
82 82 33 82 34 513 944 945 950
49 7 -1
83 59 61 61 61 514 945 946 950
50 4 -1
84 71 9 72 9 515 946 947 947
51 2 -1
86 63 0 69 1 517 948 949 958
52 5 -1
87 74 61 74 62 518 949 950 950
53 9 -1
90 93 42 94 42 521 952 953 953
54 8 -1
91 81 76 82 78 522 953 954 957
55 0 -1
92 52 82 53 82 523 954 955 955
56 1 -1
93 4 59 4 61 524 955 956 958
57 5 -1
94 67 31 69 33 525 956 957 962
58 14 -1
96 92 6 93 7 527 958 959 960
59 2 -1
103 61 14 63 15 534 965 966 968
60 12 -1
105 8 4 10 4 536 967 968 969
61 7 -1
106 16 36 26 36 537 968 969 978
62 0 -1
107 96 48 97 50 538 969 970 972
63 6 -1
108 91 30 91 36 539 970 971 978
64 8 -1
110 45 11 45 19 541 972 973 980
65 2 -1
111 24 33 25 33 542 973 974 974
66 13 -1
114 73 77 79 77 545 976 977 982
67 6 -1
115 40 97 40 97 546 977 978 982
68 11 -1
116 96 54 85 55 547 978 979 990
69 13 -1
119 83 81 84 82 550 981 982 984
70 4 -1
120 76 58 77 58 551 982 983 983
71 1 -1
122 72 32 75 32 553 984 985 988
72 3 -1
123 11 84 13 84 554 985 986 988
73 8 -1
124 59 67 61 69 555 986 987 990
74 15 -1
127 58 16 59 16 558 989 990 990
75 5 -1
128 34 20 50 21 559 990 991 1009
76 7 -1
130 32 16 33 16 561 992 993 993
77 7 -1
132 20 59 33 60 563 994 995 1009
78 12 -1
134 10 51 10 51 565 996 997 997
79 14 -1
135 66 17 72 20 566 997 998 1008
80 11 -1
136 61 96 61 98 567 998 999 1000
81 2 -1
139 11 61 11 61 570 1001 1002 1002
82 9 -1
140 73 5 77 5 571 1002 1003 1006
83 7 -1
141 51 25 55 26 572 1003 1004 1008
84 4 -1
144 96 37 92 38 575 1006 1007 1011
85 3 -1
145 11 0 11 2 576 1007 1008 1009
86 4 -1
146 66 65 66 65 577 1008 1009 1009
87 3 -1
147 35 62 35 63 578 1009 1010 1010
88 5 -1
148 89 69 89 70 579 1010 1011 1011
89 10 -1
149 25 66 27 66 580 1011 1012 1013
90 4 -1
150 91 20 93 20 581 1012 1013 1018
91 14 -1
153 94 37 94 38 584 1015 1016 1016
92 9 -1
154 84 18 87 19 585 1016 1017 1020
93 5 -1
155 31 14 31 14 586 1017 1018 1021
94 5 -1
156 12 52 16 52 587 1018 1019 1023
95 8 -1
157 89 95 93 95 588 1019 1020 1024
96 8 -1
160 6 95 9 95 591 1022 1023 1028
97 10 -1
162 65 5 66 5 593 1024 1025 1025
98 13 -1
163 98 38 98 39 594 1025 1026 1026
99 3 -1
166 72 49 73 49 597 1028 1029 1030
100 5 -1
167 35 28 35 31 598 1029 1030 1034
101 15 -1
168 27 68 28 69 599 1030 1031 1032
102 6 -1
169 98 45 94 46 600 1031 1032 1036
103 3 -1
170 92 31 94 33 601 1032 1033 1037
104 10 -1
172 43 69 43 71 603 1034 1035 1039
105 1 -1
173 48 59 52 60 604 1035 1036 1040
106 9 -1
174 98 79 98 80 605 1036 1037 1038
107 14 -1
179 29 51 29 52 610 1041 1042 1042
108 3 -1
183 46 25 50 25 614 1045 1046 1050
109 11 -1
184 24 9 24 9 615 1046 1047 1048
110 6 -1
185 43 7 45 7 616 1047 1048 1049
111 9 -1
186 78 2 82 2 617 1048 1049 1057
112 2 -1
187 5 58 5 58 618 1049 1050 1055
113 9 -1
189 99 75 97 76 620 1051 1052 1056
114 2 -1
190 21 25 21 27 621 1052 1053 1057
115 11 -1
193 88 37 88 37 624 1055 1056 1056
116 5 -1
196 52 33 53 33 627 1058 1059 1060
117 9 -1
197 12 77 12 77 628 1059 1060 1060
118 2 -1
198 91 19 92 30 629 1060 1061 1078
119 9 -1
199 56 91 56 92 630 1061 1062 1062
120 6 -1
200 59 14 59 15 631 1062 1063 1064
121 5 -1
201 99 32 99 32 632 1063 1064 1064
122 6 -1
204 60 86 60 87 635 1066 1067 1067
123 5 -1
208 99 67 99 68 639 1070 1071 1071
124 2 -1
209 88 62 89 62 640 1071 1072 1072
125 7 -1
211 0 26 3 26 642 1073 1074 1076
126 3 -1
212 14 39 15 39 643 1074 1075 1076
127 6 -1
213 52 18 55 20 644 1075 1076 1083
128 3 -1
214 86 63 86 65 645 1076 1077 1081
129 11 -1
218 26 85 30 88 649 1080 1081 1087
130 7 -1
219 74 39 74 40 650 1081 1082 1083
131 8 -1
224 94 0 96 1 655 1086 1087 1089
132 10 -1
225 66 97 68 97 656 1087 1088 1089
133 1 -1
229 61 30 67 30 660 1091 1092 1097
134 1 -1
230 1 79 2 79 661 1092 1093 1093
135 14 -1
231 94 34 96 35 662 1093 1094 1096
136 8 -1
236 21 84 23 84 667 1098 1099 1100
137 15 -1
237 10 81 11 81 668 1099 1100 1101
138 13 -1
240 4 61 11 62 671 1102 1103 1113
139 11 -1
242 21 3 22 3 673 1104 1105 1106
140 4 -1
244 46 52 51 52 675 1106 1107 1111
141 2 -1
245 79 74 80 78 676 1107 1108 1113
142 14 -1
246 52 9 55 9 677 1108 1109 1111
143 15 -1
247 62 82 64 82 678 1109 1110 1112
144 3 -1
248 94 24 94 26 679 1110 1111 1113
145 9 -1
250 1 87 3 87 681 1112 1113 1114
146 14 -1
251 88 50 88 50 682 1113 1114 1116
147 13 -1
253 1 18 1 19 684 1115 1116 1116
148 8 -1
255 32 2 33 2 686 1117 1118 1119
149 8 -1
256 27 69 31 69 687 1118 1119 1122
150 2 -1
257 47 26 50 26 688 1119 1120 1123
151 10 -1
258 57 71 57 71 689 1120 1121 1121
152 1 -1
260 17 46 19 46 691 1122 1123 1124
153 10 -1
261 36 46 36 56 692 1123 1124 1135
154 15 -1
266 62 79 65 80 697 1128 1129 1132
155 3 -1
267 62 94 63 95 698 1129 1130 1132
156 9 -1
268 31 16 33 16 699 1130 1131 1132
157 4 -1
269 91 58 91 59 700 1131 1132 1132
158 5 -1
271 71 20 72 24 702 1133 1134 1139
159 14 -1
272 62 50 63 50 703 1134 1135 1135
160 12 -1
274 15 34 18 41 705 1136 1137 1149
161 10 -1
277 95 95 96 96 708 1139 1140 1141
162 9 -1
278 74 0 75 2 709 1140 1141 1146
163 6 -1
279 45 89 46 90 710 1141 1142 1145
164 2 -1
280 72 65 74 65 711 1142 1143 1145
165 9 -1
283 38 5 38 6 714 1145 1146 1146
166 13 -1
285 30 26 30 27 716 1147 1148 1150
167 14 -1
286 87 31 90 31 717 1148 1149 1151
168 0 -1
289 94 89 97 89 720 1151 1152 1154
169 6 -1
293 31 10 35 10 724 1155 1156 1159
170 11 -1
294 83 83 85 84 725 1156 1157 1160
171 11 -1
295 63 27 65 27 726 1157 1158 1159
172 0 -1
296 64 24 66 25 727 1158 1159 1162
173 13 -1
303 28 59 28 63 734 1165 1166 1174
174 1 -1
305 70 10 74 11 736 1167 1168 1172
175 2 -1
306 23 36 23 37 737 1168 1169 1169
176 4 -1
307 80 31 82 31 738 1169 1170 1171
177 12 -1
310 43 81 44 83 741 1172 1173 1176
178 0 -1
311 51 45 52 46 742 1173 1174 1177
179 4 -1
312 14 45 21 45 743 1174 1175 1183
180 7 -1
313 45 46 45 47 744 1175 1176 1176
181 14 -1
315 50 29 52 29 746 1177 1178 1179
182 6 -1
320 22 76 25 77 751 1182 1183 1198
183 6 -1
321 50 12 51 13 752 1183 1184 1186
184 5 -1
323 55 3 55 7 754 1185 1186 1198
185 4 -1
325 40 28 45 29 756 1187 1188 1195
186 14 -1
326 83 83 83 84 757 1188 1189 1189
187 1 -1
327 2 21 4 22 758 1189 1190 1192
188 7 -1
328 57 97 59 99 759 1190 1191 1195
189 0 -1
329 37 7 37 7 760 1191 1192 1194
190 6 -1
330 50 50 54 51 761 1192 1193 1197
191 7 -1
337 27 52 40 52 768 1199 1200 1212
192 5 -1
340 73 92 76 92 771 1202 1203 1205
193 15 -1
342 18 18 19 18 773 1204 1205 1205
194 2 -1
343 69 64 70 65 774 1205 1206 1208
195 13 -1
345 17 46 27 48 776 1207 1208 1219
196 14 -1
349 73 4 73 4 780 1211 1212 1212
197 0 -1
351 59 71 60 71 782 1213 1214 1214
198 3 -1
354 95 43 98 46 785 1216 1217 1222
199 7 -1
356 22 41 23 41 787 1218 1219 1219
200 14 -1
357 42 72 42 75 788 1219 1220 1223
201 3 -1
358 45 27 51 28 789 1220 1221 1227
202 13 -1
359 17 63 19 64 790 1221 1222 1224
203 13 -1
360 89 42 89 44 791 1222 1223 1224
204 8 -1
361 60 36 63 36 792 1223 1224 1229
205 13 -1
363 43 93 43 93 794 1225 1226 1226
206 8 -1
364 57 61 58 61 795 1226 1227 1227
207 8 -1
365 85 19 85 20 796 1227 1228 1229
208 13 -1
367 33 37 35 38 798 1229 1230 1235
209 5 -1
371 37 52 38 52 802 1233 1234 1234
210 1 -1
372 7 46 9 48 803 1234 1235 1242
211 14 -1
373 44 47 47 47 804 1235 1236 1238
212 12 -1
374 77 62 77 62 805 1236 1237 1237
213 1 -1
375 83 76 84 76 806 1237 1238 1238
214 2 -1
377 68 52 69 52 808 1239 1240 1240
215 8 -1
379 96 3 96 3 810 1241 1242 1242
216 9 -1
380 58 57 59 57 811 1242 1243 1243
217 4 -1
381 97 81 92 81 812 1243 1244 1248
218 0 -1
382 33 43 34 44 813 1244 1245 1246
219 13 -1
383 47 78 48 78 814 1245 1246 1246
220 4 -1
388 23 78 24 78 819 1250 1251 1251
221 10 -1
391 49 92 50 93 822 1253 1254 1255
222 8 -1
392 68 70 68 71 823 1254 1255 1256
223 0 -1
394 6 7 9 7 825 1256 1257 1259
224 6 -1
396 11 27 14 28 827 1258 1259 1263
225 7 -1
397 60 32 61 32 828 1259 1260 1260
226 15 -1
400 14 66 16 66 831 1262 1263 1264
227 1 -1
401 83 96 85 96 832 1263 1264 1265
228 14 -1
403 4 19 4 23 834 1265 1266 1270
229 11 -1
404 24 94 24 94 835 1266 1267 1268
230 12 -1
407 14 36 15 36 838 1269 1270 1270
231 13 -1
408 73 99 75 100 839 1270 1271 1273
232 8 -1
411 43 85 44 85 842 1273 1274 1275
233 0 -1
412 91 12 91 13 843 1274 1275 1275
234 9 -1
414 39 29 40 29 845 1276 1277 1277
235 5 -1
418 72 53 73 53 849 1280 1281 1281
236 3 -1
420 71 38 72 38 851 1282 1283 1283
237 11 -1
421 70 61 71 62 852 1283 1284 1285
238 7 -1
423 0 78 1 78 854 1285 1286 1286
239 11 -1
426 51 50 56 50 857 1288 1289 1293
240 14 -1
428 65 92 66 93 859 1290 1291 1292
241 4 -1
433 16 27 18 27 864 1295 1296 1297
242 8 -1
437 14 36 15 36 868 1299 1300 1300
243 0 -1
439 65 30 65 32 870 1301 1302 1303
244 11 -1
441 69 56 73 57 872 1303 1304 1311
245 3 -1
446 21 85 22 86 877 1308 1309 1312
246 7 -1
448 23 68 23 69 879 1310 1311 1313
247 7 -1
450 25 4 30 6 881 1312 1313 1320
248 5 -1
452 19 76 22 76 883 1314 1315 1317
249 4 -1
455 38 21 38 24 886 1317 1318 1320
250 14 -1
460 44 36 45 38 891 1322 1323 1328
251 1 -1
461 11 19 12 19 892 1323 1324 1325
252 9 -1
462 49 55 50 56 893 1324 1325 1327
253 6 -1
464 14 41 16 41 895 1326 1327 1328
254 9 -1
469 73 50 75 50 900 1331 1332 1333
255 15 -1
471 84 38 86 40 902 1333 1334 1344
256 12 -1
475 3 29 4 29 906 1337 1338 1339
257 10 -1
478 25 97 25 97 909 1340 1341 1344
258 1 -1
479 21 44 22 45 910 1341 1342 1343
259 9 -1
480 94 52 98 52 911 1342 1343 1350
260 1 -1
481 32 40 32 43 912 1343 1344 1349
261 7 -1
482 47 3 47 3 913 1344 1345 1345
262 11 -1
484 45 78 47 80 915 1346 1347 1350
263 8 -1
486 98 68 99 70 917 1348 1349 1351
264 8 -1
488 59 26 60 27 919 1350 1351 1353
265 15 -1
489 79 11 82 18 920 1351 1352 1364
266 14 -1
491 42 74 42 75 922 1353 1354 1355
267 12 -1
493 53 67 54 67 924 1355 1356 1356
268 4 -1
496 64 34 64 35 927 1358 1359 1359
269 6 -1
501 3 7 4 8 932 1363 1364 1365
270 13 -1
502 29 41 32 42 933 1364 1365 1368
271 12 -1
505 14 91 15 92 936 1367 1368 1369
272 15 -1
506 9 51 12 51 937 1368 1369 1373
273 11 -1
507 3 56 5 58 938 1369 1370 1373
274 14 -1
509 69 99 69 99 940 1371 1372 1372
275 14 -1
511 18 91 19 91 942 1373 1374 1375
276 5 -1
512 14 60 14 60 943 1374 1375 1375
277 13 -1
515 48 73 50 74 946 1377 1378 1380
278 6 -1
516 92 8 95 18 947 1378 1379 1391
279 1 -1
517 87 86 89 87 948 1379 1380 1383
280 7 -1
518 61 81 61 82 949 1380 1381 1382
281 10 -1
520 89 3 90 3 951 1382 1383 1383
282 1 -1
522 26 85 31 85 953 1384 1385 1393
283 10 -1
523 83 34 83 34 954 1385 1386 1386
284 15 -1
525 16 5 17 5 956 1387 1388 1389
285 1 -1
526 85 82 85 83 957 1388 1389 1390
286 14 -1
528 74 82 79 82 959 1390 1391 1395
287 12 -1
530 41 66 41 66 961 1392 1393 1396
288 2 -1
533 78 9 79 9 964 1395 1396 1397
289 14 -1
535 52 16 54 16 966 1397 1398 1400
290 3 -1
536 57 65 57 65 967 1398 1399 1400
291 0 -1
537 21 16 21 16 968 1399 1400 1400
292 7 -1
538 69 97 70 99 969 1400 1401 1403
293 4 -1
540 94 68 96 69 971 1402 1403 1406
294 7 -1
541 69 92 69 92 972 1403 1404 1406
295 14 -1
542 31 60 33 61 973 1404 1405 1412
296 11 -1
543 5 3 7 3 974 1405 1406 1407
297 7 -1
546 9 62 10 62 977 1408 1409 1410
298 5 -1
547 5 89 5 89 978 1409 1410 1411
299 9 -1
550 83 51 84 51 981 1412 1413 1413
300 14 -1
552 25 38 26 38 983 1414 1415 1417
301 8 -1
553 48 36 48 36 984 1415 1416 1417
302 11 -1
555 60 81 64 81 986 1417 1418 1422
303 7 -1
556 56 1 56 3 987 1418 1419 1420
304 15 -1
558 31 61 31 61 989 1420 1421 1421
305 5 -1
559 11 19 16 19 990 1421 1422 1426
306 4 -1
560 47 85 48 86 991 1422 1423 1424
307 4 -1
562 35 46 35 46 993 1424 1425 1425
308 3 -1
565 28 60 31 61 996 1427 1428 1431
309 3 -1
566 55 33 57 33 997 1428 1429 1432
310 15 -1
567 13 89 14 89 998 1429 1430 1430
311 5 -1
570 55 76 55 80 1001 1432 1433 1436
312 4 -1
572 22 38 25 38 1003 1434 1435 1437
313 0 -1
573 50 52 53 52 1004 1435 1436 1438
314 2 -1
575 3 70 5 70 1006 1437 1438 1439
315 9 -1
577 22 72 22 73 1008 1439 1440 1440
316 1 -1
578 82 62 83 63 1009 1440 1441 1442
317 6 -1
579 38 63 43 63 1010 1441 1442 1446
318 14 -1
580 72 86 73 86 1011 1442 1443 1443
319 7 -1
585 65 24 66 26 1016 1447 1448 1450
320 3 -1
588 50 53 52 53 1019 1450 1451 1455
321 2 -1
589 30 87 30 100 1020 1451 1452 1466
322 10 -1
592 84 21 85 21 1023 1454 1455 1455
323 14 -1
594 64 21 64 23 1025 1456 1457 1458
324 8 -1
595 35 83 43 83 1026 1457 1458 1472
325 12 -1
596 63 50 66 51 1027 1458 1459 1462
326 5 -1
597 48 11 54 13 1028 1459 1460 1467
327 1 -1
599 23 89 30 89 1030 1461 1462 1469
328 0 -1
600 11 55 12 56 1031 1462 1463 1465
329 5 -1
601 17 62 19 62 1032 1463 1464 1465
330 1 -1
603 14 6 15 7 1034 1465 1466 1467
331 13 -1
608 29 64 29 66 1039 1470 1471 1473
332 5 -1
609 79 61 80 61 1040 1471 1472 1472
333 12 -1
610 28 19 31 21 1041 1472 1473 1477
334 7 -1
611 30 94 32 94 1042 1473 1474 1477
335 7 -1
613 95 61 96 66 1044 1475 1476 1483
336 3 -1
614 55 41 58 43 1045 1476 1477 1482
337 15 -1
615 76 20 76 20 1046 1477 1478 1478
338 3 -1
616 15 18 16 19 1047 1478 1479 1480
339 7 -1
619 59 52 64 52 1050 1481 1482 1486
340 3 -1
620 69 36 71 36 1051 1482 1483 1484
341 5 -1
621 5 60 8 61 1052 1483 1484 1488
342 0 -1
622 44 56 47 56 1053 1484 1485 1487
343 10 -1
623 52 43 54 43 1054 1485 1486 1487
344 4 -1
624 22 73 23 73 1055 1486 1487 1487
345 8 -1
625 74 76 76 76 1056 1487 1488 1489
346 4 -1
628 83 16 83 17 1059 1490 1491 1491
347 10 -1
629 33 60 33 60 1060 1491 1492 1496
348 8 -1
630 21 86 22 86 1061 1492 1493 1493
349 1 -1
634 48 7 48 7 1065 1496 1497 1497
350 15 -1
635 13 24 13 25 1066 1497 1498 1499
351 9 -1
636 20 55 21 56 1067 1498 1499 1500
352 5 -1
637 53 60 55 60 1068 1499 1500 1501
353 4 -1
639 63 17 64 17 1070 1501 1502 1502
354 0 -1
640 81 50 83 50 1071 1502 1503 1504
355 11 -1
641 76 1 78 1 1072 1503 1504 1505
356 6 -1
643 13 99 17 100 1074 1505 1506 1511
357 2 -1
645 14 35 16 35 1076 1507 1508 1509
358 15 -1
646 57 30 58 30 1077 1508 1509 1510
359 8 -1
648 16 81 16 81 1079 1510 1511 1511
360 5 -1
649 75 4 82 7 1080 1511 1512 1521
361 5 -1
650 39 32 40 32 1081 1512 1513 1513
362 3 -1
651 85 20 85 22 1082 1513 1514 1517
363 0 -1
652 54 88 63 94 1083 1514 1515 1529
364 5 -1
653 72 50 73 50 1084 1515 1516 1516
365 10 -1
656 29 51 30 51 1087 1518 1519 1519
366 13 -1
662 54 94 56 94 1093 1524 1525 1526
367 4 -1
663 16 65 22 65 1094 1525 1526 1533
368 15 -1
664 93 21 93 21 1095 1526 1527 1528
369 2 -1
665 77 96 77 96 1096 1527 1528 1528
370 5 -1
666 6 77 8 77 1097 1528 1529 1530
371 2 -1
667 99 84 96 84 1098 1529 1530 1532
372 2 -1
669 93 25 93 26 1100 1531 1532 1532
373 7 -1
672 82 83 86 83 1103 1534 1535 1538
374 14 -1
673 91 16 92 17 1104 1535 1536 1537
375 4 -1
674 89 94 89 96 1105 1536 1537 1540
376 5 -1
675 68 35 73 35 1106 1537 1538 1542
377 12 -1
678 82 4 83 4 1109 1540 1541 1544
378 10 -1
679 48 28 48 29 1110 1541 1542 1544
379 14 -1
680 18 21 22 22 1111 1542 1543 1548
380 2 -1
681 60 14 60 15 1112 1543 1544 1545
381 4 -1
682 55 40 55 42 1113 1544 1545 1546
382 11 -1
684 52 65 53 65 1115 1546 1547 1548
383 15 -1
685 59 59 61 62 1116 1547 1548 1552
384 9 -1
687 1 56 6 56 1118 1549 1550 1554
385 9 -1
688 42 89 44 89 1119 1550 1551 1552
386 1 -1
689 98 7 99 7 1120 1551 1552 1553
387 4 -1
690 30 10 30 12 1121 1552 1553 1554
388 8 -1
691 93 75 93 76 1122 1553 1554 1555
389 6 -1
692 49 46 50 47 1123 1554 1555 1556
390 2 -1
694 21 9 21 10 1125 1556 1557 1559
391 15 -1
696 52 42 54 42 1127 1558 1559 1560
392 12 -1
698 86 3 87 5 1129 1560 1561 1565
393 4 -1
700 82 13 83 13 1131 1562 1563 1563
394 10 -1
701 38 95 38 95 1132 1563 1564 1564
395 5 -1
702 61 31 63 34 1133 1564 1565 1571
396 1 -1
703 50 3 50 4 1134 1565 1566 1567
397 2 -1
704 93 25 94 26 1135 1566 1567 1568
398 6 -1
705 60 76 63 76 1136 1567 1568 1571
399 1 -1
706 56 14 57 15 1137 1568 1569 1570
400 0 -1
707 29 64 32 64 1138 1569 1570 1573
401 6 -1
708 10 71 11 75 1139 1570 1571 1577
402 4 -1
710 60 76 61 78 1141 1572 1573 1575
403 2 -1
712 0 24 1 24 1143 1574 1575 1575
404 7 -1
714 12 72 13 72 1145 1576 1577 1577
405 0 -1
716 71 53 72 53 1147 1578 1579 1579
406 10 -1
718 54 47 60 49 1149 1580 1581 1588
407 10 -1
719 63 65 63 66 1150 1581 1582 1582
408 0 -1
720 56 16 58 16 1151 1582 1583 1584
409 6 -1
722 26 83 26 85 1153 1584 1585 1586
410 13 -1
724 20 92 22 92 1155 1586 1587 1588
411 9 -1
725 24 42 33 42 1156 1587 1588 1598
412 3 -1
726 23 33 27 33 1157 1588 1589 1592
413 11 -1
727 88 45 88 46 1158 1589 1590 1592
414 7 -1
728 84 36 85 39 1159 1590 1591 1595
415 13 -1
729 11 87 12 87 1160 1591 1592 1592
416 8 -1
731 77 33 77 33 1162 1593 1594 1594
417 12 -1
733 40 19 42 19 1164 1595 1596 1597
418 10 -1
734 61 24 62 24 1165 1596 1597 1598
419 12 -1
735 10 97 13 97 1166 1597 1598 1600
420 0 -1
736 50 78 51 79 1167 1598 1599 1600
421 11 -1
737 74 66 77 66 1168 1599 1600 1602
422 2 -1
742 60 45 63 47 1173 1604 1605 1609
423 10 -1
744 91 80 91 80 1175 1606 1607 1608
424 11 -1
745 71 24 73 27 1176 1607 1608 1612
425 9 -1
748 82 80 84 80 1179 1610 1611 1612
426 3 -1
750 12 3 13 3 1181 1612 1613 1613
427 13 -1
751 52 11 52 12 1182 1613 1614 1614
428 1 -1
752 21 6 21 6 1183 1614 1615 1617
429 1 -1
753 50 92 50 93 1184 1615 1616 1616
430 2 -1
754 22 71 25 73 1185 1616 1617 1622
431 15 -1
755 44 37 44 39 1186 1617 1618 1619
432 4 -1
757 34 80 34 81 1188 1619 1620 1621
433 8 -1
758 1 40 1 46 1189 1620 1621 1628
434 0 -1
759 82 35 82 37 1190 1621 1622 1623
435 6 -1
760 66 26 66 27 1191 1622 1623 1623
436 15 -1
766 89 44 91 44 1197 1628 1629 1630
437 7 -1
767 29 20 31 20 1198 1629 1630 1631
438 14 -1
768 53 83 55 84 1199 1630 1631 1633
439 6 -1
771 6 98 7 98 1202 1633 1634 1634
440 4 -1
772 31 40 33 40 1203 1634 1635 1636
441 10 -1
773 3 79 6 79 1204 1635 1636 1638
442 15 -1
775 13 53 16 55 1206 1637 1638 1642
443 5 -1
777 98 40 98 42 1208 1639 1640 1641
444 13 -1
778 34 16 34 18 1209 1640 1641 1642
445 11 -1
779 91 95 94 95 1210 1641 1642 1644
446 5 -1
781 28 24 28 24 1212 1643 1644 1644
447 9 -1
782 70 23 73 23 1213 1644 1645 1648
448 2 -1
784 83 13 85 13 1215 1646 1647 1648
449 15 -1
787 43 96 44 96 1218 1649 1650 1651
450 11 -1
788 1 15 2 15 1219 1650 1651 1651
451 2 -1
789 95 57 97 57 1220 1651 1652 1655
452 15 -1
790 98 40 96 40 1221 1652 1653 1654
453 2 -1
791 54 82 56 85 1222 1653 1654 1658
454 3 -1
793 52 0 54 1 1224 1655 1656 1658
455 1 -1
794 91 7 93 9 1225 1656 1657 1660
456 11 -1
795 27 55 27 55 1226 1657 1658 1659
457 2 -1
796 57 2 58 4 1227 1658 1659 1662
458 6 -1
797 5 23 6 23 1228 1659 1660 1660
459 13 -1
798 21 73 21 73 1229 1660 1661 1663
460 0 -1
799 49 57 49 57 1230 1661 1662 1663
461 12 -1
800 91 98 94 100 1231 1662 1663 1667
462 10 -1
802 54 46 56 47 1233 1664 1665 1668
463 14 -1
803 44 44 44 46 1234 1665 1666 1667
464 4 -1
805 51 96 53 96 1236 1667 1668 1672
465 13 -1
806 98 79 92 79 1237 1668 1669 1677
466 6 -1
807 49 89 50 89 1238 1669 1670 1671
467 9 -1
810 84 66 84 67 1241 1672 1673 1673
468 0 -1
813 96 79 97 79 1244 1675 1676 1676
469 0 -1
818 90 43 91 44 1249 1680 1681 1682
470 6 -1
820 8 44 10 44 1251 1682 1683 1685
471 1 -1
824 64 88 66 88 1255 1686 1687 1688
472 3 -1
825 91 74 92 76 1256 1687 1688 1690
473 6 -1
827 97 90 97 91 1258 1689 1690 1690
474 4 -1
828 92 73 96 74 1259 1690 1691 1700
475 8 -1
830 15 0 15 0 1261 1692 1693 1695
476 9 -1
831 36 38 37 38 1262 1693 1694 1694
477 9 -1
833 0 95 1 95 1264 1695 1696 1697
478 1 -1
834 11 40 13 40 1265 1696 1697 1698
479 5 -1
835 50 78 56 79 1266 1697 1698 1707
480 11 -1
839 78 71 80 71 1270 1701 1702 1703
481 4 -1
841 0 47 1 50 1272 1703 1704 1707
482 7 -1
842 35 34 36 34 1273 1704 1705 1706
483 12 -1
844 58 83 59 87 1275 1706 1707 1711
484 3 -1
845 91 32 91 34 1276 1707 1708 1709
485 7 -1
846 14 70 19 70 1277 1708 1709 1714
486 8 -1
847 82 52 82 53 1278 1709 1710 1710
487 4 -1
850 24 39 25 40 1281 1712 1713 1715
488 7 -1
851 99 55 98 58 1282 1713 1714 1717
489 6 -1
854 0 43 1 43 1285 1716 1717 1717
490 1 -1
856 21 10 24 10 1287 1718 1719 1721
491 5 -1
859 30 5 35 5 1290 1721 1722 1726
492 12 -1
860 25 87 25 88 1291 1722 1723 1723
493 1 -1
861 88 11 88 12 1292 1723 1724 1725
494 10 -1
864 77 28 78 29 1295 1726 1727 1729
495 13 -1
867 73 80 74 80 1298 1729 1730 1730
496 6 -1
868 55 71 55 71 1299 1730 1731 1732
497 3 -1
871 93 47 78 47 1302 1733 1734 1749
498 13 -1
873 43 77 44 77 1304 1735 1736 1737
499 12 -1
874 52 12 56 12 1305 1736 1737 1741
500 14 -1
875 79 33 80 34 1306 1737 1738 1740
501 1 -1
877 78 25 79 27 1308 1739 1740 1742
502 8 -1
878 93 40 93 42 1309 1740 1741 1742
503 4 -1
879 41 81 41 83 1310 1741 1742 1743
504 2 -1
880 71 57 71 61 1311 1742 1743 1746
505 6 -1
881 14 72 18 74 1312 1743 1744 1749
506 3 -1
882 49 2 51 2 1313 1744 1745 1746
507 15 -1
885 70 92 71 92 1316 1747 1748 1748
508 8 -1
887 49 57 50 59 1318 1749 1750 1752
509 6 -1
889 45 97 47 97 1320 1751 1752 1754
510 10 -1
891 34 84 36 84 1322 1753 1754 1755
511 12 -1
893 44 32 44 32 1324 1755 1756 1757
512 9 -1
894 18 83 19 83 1325 1756 1757 1759
513 8 -1
895 57 27 59 27 1326 1757 1758 1760
514 11 -1
896 66 82 67 83 1327 1758 1759 1760
515 0 -1
897 1 84 2 84 1328 1759 1760 1760
516 9 -1
898 51 14 53 14 1329 1760 1761 1762
517 4 -1
899 86 30 87 31 1330 1761 1762 1763
518 2 -1
900 40 25 42 29 1331 1762 1763 1768
519 6 -1
901 63 76 65 76 1332 1763 1764 1765
520 11 -1
902 91 57 91 57 1333 1764 1765 1765
521 14 -1
905 4 10 4 10 1336 1767 1768 1768
522 8 -1
910 83 7 84 7 1341 1772 1773 1773
523 15 -1
912 71 93 71 100 1343 1774 1775 1784
524 15 -1
914 46 12 53 12 1345 1776 1777 1783
525 2 -1
917 8 39 12 39 1348 1779 1780 1783
526 14 -1
919 11 17 12 17 1350 1781 1782 1783
527 4 -1
920 74 34 76 35 1351 1782 1783 1785
528 0 -1
921 53 30 54 30 1352 1783 1784 1784
529 0 -1
923 26 76 27 76 1354 1785 1786 1786
530 11 -1
925 15 88 17 88 1356 1787 1788 1790
531 0 -1
926 6 98 8 98 1357 1788 1789 1797
532 3 -1
927 56 14 58 14 1358 1789 1790 1792
533 3 -1
928 73 24 73 24 1359 1790 1791 1794
534 1 -1
929 50 35 50 36 1360 1791 1792 1792
535 7 -1
931 9 56 9 58 1362 1793 1794 1795
536 14 -1
933 34 56 35 61 1364 1795 1796 1802
537 8 -1
935 76 98 78 98 1366 1797 1798 1799
538 11 -1
936 13 75 13 76 1367 1798 1799 1799
539 12 -1
937 65 95 65 95 1368 1799 1800 1803
540 11 -1
938 97 44 98 45 1369 1800 1801 1804
541 13 -1
940 41 60 41 61 1371 1802 1803 1804
542 0 -1
942 59 13 60 13 1373 1804 1805 1805
543 8 -1
943 66 52 71 52 1374 1805 1806 1812
544 9 -1
944 24 74 24 74 1375 1806 1807 1807
545 8 -1
945 35 40 38 40 1376 1807 1808 1810
546 7 -1
947 21 32 34 32 1378 1809 1810 1822
547 15 -1
948 97 39 97 40 1379 1810 1811 1813
548 4 -1
950 25 10 25 10 1381 1812 1813 1814
549 0 -1
951 71 51 72 52 1382 1813 1814 1815
550 6 -1
954 88 72 90 72 1385 1816 1817 1818
551 10 -1
955 40 18 41 18 1386 1817 1818 1818
552 3 -1
957 15 52 17 53 1388 1819 1820 1822
553 2 -1
958 95 47 95 48 1389 1820 1821 1821
554 12 -1
963 97 69 98 69 1394 1825 1826 1828
555 10 -1
964 30 89 32 89 1395 1826 1827 1828
556 9 -1
966 71 29 72 29 1397 1828 1829 1830
557 4 -1
969 11 42 11 42 1400 1831 1832 1833
558 11 -1
972 57 47 61 47 1403 1834 1835 1840
559 10 -1
973 18 32 22 32 1404 1835 1836 1839
560 13 -1
974 71 40 80 41 1405 1836 1837 1846
561 0 -1
976 72 86 74 87 1407 1838 1839 1843
562 7 -1
979 67 64 71 64 1410 1841 1842 1845
563 0 -1
981 14 64 15 64 1412 1843 1844 1844
564 5 -1
983 30 23 30 25 1414 1845 1846 1848
565 9 -1
984 9 90 14 90 1415 1846 1847 1852
566 9 -1
987 10 35 13 35 1418 1849 1850 1853
567 0 -1
989 47 89 48 91 1420 1851 1852 1854
568 8 -1
990 71 56 72 57 1421 1852 1853 1856
569 14 -1
992 38 27 39 28 1423 1854 1855 1858
570 2 -1
993 47 55 49 55 1424 1855 1856 1857
571 0 -1
994 26 83 30 83 1425 1856 1857 1860
572 3 -1
996 32 15 34 15 1427 1858 1859 1860
573 2 -1
997 87 55 89 55 1428 1859 1860 1861
574 0 -1
998 81 44 81 44 1429 1860 1861 1861
575 11 -1
999 80 96 80 97 1430 1861 1862 1863
576 14 -1
1001 8 68 44 72 1432 1863 1864 1912
577 7 -1
1004 36 85 38 85 1435 1866 1867 1868
578 9 -1
1008 35 70 36 70 1439 1870 1871 1871
579 14 -1
1010 43 26 45 26 1441 1872 1873 1874
580 4 -1
1012 19 63 19 64 1443 1874 1875 1875
581 3 -1
1015 39 24 39 25 1446 1877 1878 1878
582 1 -1
1016 89 76 90 76 1447 1878 1879 1879
583 4 -1
1017 62 86 63 86 1448 1879 1880 1882
584 5 -1
1018 38 11 44 13 1449 1880 1881 1894
585 14 -1
1019 52 56 57 57 1450 1881 1882 1891
586 13 -1
1020 98 97 96 98 1451 1882 1883 1885
587 9 -1
1021 24 6 25 6 1452 1883 1884 1884
588 2 -1
1022 78 36 92 36 1453 1884 1885 1898
589 13 -1
1025 45 81 48 83 1456 1887 1888 1892
590 9 -1
1027 18 17 18 18 1458 1889 1890 1890
591 9 -1
1028 84 73 84 74 1459 1890 1891 1891
592 13 -1
1031 14 47 18 52 1462 1893 1894 1902
593 9 -1
1032 22 68 26 70 1463 1894 1895 1901
594 5 -1
1033 43 54 47 54 1464 1895 1896 1899
595 4 -1
1035 87 7 87 8 1466 1897 1898 1899
596 8 -1
1036 8 43 10 43 1467 1898 1899 1900
597 8 -1
1037 29 17 29 17 1468 1899 1900 1900
598 3 -1
1039 5 21 6 21 1470 1901 1902 1902
599 7 -1
1040 59 31 59 31 1471 1902 1903 1903
600 3 -1
1042 48 90 53 96 1473 1904 1905 1915
601 1 -1
1044 64 57 68 57 1475 1906 1907 1910
602 4 -1
1045 16 8 19 8 1476 1907 1908 1910
603 7 -1
1051 32 31 32 32 1482 1913 1914 1914
604 9 -1
1053 38 29 38 29 1484 1915 1916 1916
605 7 -1
1056 35 62 36 63 1487 1918 1919 1920
606 15 -1
1057 87 62 89 62 1488 1919 1920 1921
607 14 -1
1059 12 32 14 32 1490 1921 1922 1925
608 13 -1
1060 34 99 37 99 1491 1922 1923 1927
609 4 -1
1063 99 14 99 17 1494 1925 1926 1928
610 6 -1
1065 9 87 10 88 1496 1927 1928 1930
611 8 -1
1066 11 50 12 50 1497 1928 1929 1930
612 13 -1
1067 75 59 75 60 1498 1929 1930 1930
613 7 -1
1070 19 81 29 81 1501 1932 1933 1944
614 7 -1
1071 95 96 96 96 1502 1933 1934 1938
615 0 -1
1073 22 79 37 79 1504 1935 1936 1950
616 12 -1
1074 57 16 57 16 1505 1936 1937 1937
617 5 -1
1075 44 84 47 84 1506 1937 1938 1940
618 3 -1
1078 46 54 50 54 1509 1940 1941 1944
619 11 -1
1082 45 38 45 38 1513 1944 1945 1945
620 9 -1
1083 49 14 49 15 1514 1945 1946 1947
621 7 -1
1084 58 18 58 21 1515 1946 1947 1952
622 15 -1
1085 54 86 56 87 1516 1947 1948 1950
623 4 -1
1086 36 45 38 46 1517 1948 1949 1952
624 3 -1
1090 8 10 9 10 1521 1952 1953 1953
625 4 -1
1091 59 68 60 70 1522 1953 1954 1957
626 15 -1
1092 10 77 11 77 1523 1954 1955 1955
627 2 -1
1095 31 46 33 47 1526 1957 1958 1960
628 13 -1
1097 7 90 10 90 1528 1959 1960 1962
629 12 -1
1098 16 22 17 24 1529 1960 1961 1964
630 13 -1
1099 29 63 32 65 1530 1961 1962 1966
631 1 -1
1100 40 40 44 40 1531 1962 1963 1967
632 6 -1
1102 57 92 57 94 1533 1964 1965 1967
633 0 -1
1103 96 78 97 83 1534 1965 1966 1972
634 5 -1
1104 76 72 77 72 1535 1966 1967 1967
635 4 -1
1105 43 17 43 17 1536 1967 1968 1968
636 12 -1
1107 54 91 62 92 1538 1969 1970 1979
637 3 -1
1109 58 16 60 16 1540 1971 1972 1974
638 5 -1
1111 89 94 89 95 1542 1973 1974 1975
639 6 -1
1113 67 3 68 3 1544 1975 1976 1976
640 6 -1
1114 76 17 76 17 1545 1976 1977 1977
641 7 -1
1115 34 58 34 58 1546 1977 1978 1980
642 6 -1
1116 13 96 23 97 1547 1978 1979 1989
643 5 -1
1118 85 43 86 44 1549 1980 1981 1982
644 0 -1
1120 52 17 53 17 1551 1982 1983 1984
645 14 -1
1121 90 21 91 21 1552 1983 1984 1984
646 0 -1
1122 91 20 94 20 1553 1984 1985 1987
647 5 -1
1124 1 25 8 25 1555 1986 1987 1993
648 0 -1
1125 88 92 90 92 1556 1987 1988 1989
649 3 -1
1126 21 10 23 18 1557 1988 1989 2000
650 5 -1
1129 77 3 77 3 1560 1991 1992 1992
651 10 -1
1130 35 60 36 60 1561 1992 1993 1993
652 14 -1
1132 8 52 9 53 1563 1994 1995 1996
653 13 -1
1133 27 58 27 59 1564 1995 1996 1998
654 8 -1
1137 0 28 1 28 1568 1999 2000 2003
655 13 -1
1138 58 50 58 51 1569 2000 2001 2001
656 14 -1
1139 30 29 31 29 1570 2001 2002 2002
657 10 -1
1141 8 9 8 11 1572 2003 2004 2005
658 0 -1
1142 65 36 65 39 1573 2004 2005 2007
659 1 -1
1144 40 54 41 54 1575 2006 2007 2009
660 6 -1
1147 44 87 44 87 1578 2009 2010 2013
661 14 -1
1150 98 28 98 29 1581 2012 2013 2013
662 8 -1
1151 86 54 88 54 1582 2013 2014 2015
663 6 -1
1154 97 73 97 73 1585 2016 2017 2017
664 1 -1
1156 39 94 39 96 1587 2018 2019 2020
665 7 -1
1157 62 75 63 79 1588 2019 2020 2024
666 11 -1
1158 89 33 92 33 1589 2020 2021 2024
667 11 -1
1159 5 75 5 76 1590 2021 2022 2023
668 2 -1
1164 52 82 55 82 1595 2026 2027 2029
669 14 -1
1166 11 72 14 72 1597 2028 2029 2031
670 2 -1
1169 88 90 91 90 1600 2031 2032 2034
671 14 -1
1170 6 90 7 92 1601 2032 2033 2035
672 15 -1
1171 68 89 77 89 1602 2033 2034 2042
673 3 -1
1172 46 7 47 7 1603 2034 2035 2035
674 14 -1
1174 44 87 48 88 1605 2036 2037 2043
675 9 -1
1175 39 45 39 47 1606 2037 2038 2040
676 3 -1
1176 0 2 1 3 1607 2038 2039 2040
677 2 -1
1177 73 54 75 54 1608 2039 2040 2041
678 6 -1
1179 73 60 74 60 1610 2041 2042 2042
679 7 -1
1186 27 14 28 15 1617 2048 2049 2050
680 4 -1
1187 73 41 74 41 1618 2049 2050 2051
681 13 -1
1188 54 17 55 17 1619 2050 2051 2051
682 6 -1
1190 33 42 34 42 1621 2052 2053 2053
683 15 -1
1191 15 60 16 61 1622 2053 2054 2055
684 15 -1
1194 88 87 90 87 1625 2056 2057 2058
685 13 -1
1195 7 9 8 11 1626 2057 2058 2060
686 3 -1
1197 59 61 60 62 1628 2059 2060 2062
687 4 -1
1198 65 53 68 54 1629 2060 2061 2064
688 13 -1
1201 60 2 60 4 1632 2063 2064 2068
689 15 -1
1202 60 18 61 18 1633 2064 2065 2065
690 13 -1
1203 67 34 67 34 1634 2065 2066 2066
691 10 -1
1205 76 36 76 39 1636 2067 2068 2070
692 9 -1
1207 34 94 36 94 1638 2069 2070 2073
693 2 -1
1208 61 65 61 66 1639 2070 2071 2072
694 2 -1
1209 89 14 90 14 1640 2071 2072 2072
695 14 -1
1211 97 24 94 24 1642 2073 2074 2077
696 14 -1
1214 47 33 51 33 1645 2076 2077 2082
697 0 -1
1217 72 27 74 27 1648 2079 2080 2081
698 6 -1
1218 93 75 94 75 1649 2080 2081 2081
699 0 -1
1219 76 56 82 56 1650 2081 2082 2088
700 13 -1
1220 91 86 92 86 1651 2082 2083 2083
701 4 -1
1222 51 50 54 50 1653 2084 2085 2087
702 7 -1
1223 54 66 56 67 1654 2085 2086 2089
703 2 -1
1226 11 54 14 54 1657 2088 2089 2091
704 9 -1
1227 90 99 91 99 1658 2089 2090 2090
705 10 -1
1229 57 16 58 16 1660 2091 2092 2092
706 12 -1
1230 29 34 29 36 1661 2092 2093 2097
707 7 -1
1231 74 70 75 70 1662 2093 2094 2094
708 11 -1
1233 98 21 98 22 1664 2095 2096 2097
709 14 -1
1235 1 21 5 21 1666 2097 2098 2101
710 11 -1
1236 51 3 56 3 1667 2098 2099 2103
711 4 -1
1237 35 30 39 30 1668 2099 2100 2104
712 9 -1
1238 25 33 28 35 1669 2100 2101 2105
713 4 -1
1240 61 29 64 30 1671 2102 2103 2106
714 9 -1
1241 20 84 20 85 1672 2103 2104 2104
715 4 -1
1242 1 19 14 19 1673 2104 2105 2117
716 1 -1
1243 23 57 24 57 1674 2105 2106 2107
717 6 -1
1244 17 46 20 50 1675 2106 2107 2113
718 9 -1
1246 36 75 41 79 1677 2108 2109 2117
719 10 -1
1250 80 64 81 64 1681 2112 2113 2113
720 6 -1
1254 52 83 57 85 1685 2116 2117 2123
721 15 -1
1255 64 75 67 76 1686 2117 2118 2121
722 13 -1
1258 38 76 43 82 1689 2120 2121 2136
723 2 -1
1259 73 38 89 39 1690 2121 2122 2139
724 11 -1
1260 26 80 27 84 1691 2122 2123 2128
725 0 -1
1261 32 48 33 51 1692 2123 2124 2130
726 12 -1
1263 90 13 91 18 1694 2125 2126 2132
727 11 -1
1264 64 41 67 42 1695 2126 2127 2130
728 15 -1
1265 21 81 22 81 1696 2127 2128 2129
729 0 -1
1266 37 70 38 70 1697 2128 2129 2129
730 8 -1
1268 71 20 72 21 1699 2130 2131 2133
731 8 -1
1276 63 9 64 9 1707 2138 2139 2139
732 0 -1
1277 13 93 16 94 1708 2139 2140 2144
733 12 -1
1281 45 61 47 61 1712 2143 2144 2145
734 15 -1
1284 94 98 94 99 1715 2146 2147 2148
735 13 -1
1287 83 31 84 33 1718 2149 2150 2153
736 6 -1
1290 47 66 48 68 1721 2152 2153 2159
737 13 -1
1291 37 88 39 88 1722 2153 2154 2156
738 4 -1
1292 9 88 33 88 1723 2154 2155 2180
739 13 -1
1297 51 30 53 31 1728 2159 2160 2162
740 12 -1
1298 75 1 75 1 1729 2160 2161 2161
741 10 -1
1299 44 98 46 98 1730 2161 2162 2164
742 7 -1
1300 10 41 10 43 1731 2162 2163 2164
743 13 -1
1307 47 3 48 3 1738 2169 2170 2170
744 3 -1
1309 25 23 27 23 1740 2171 2172 2173
745 0 -1
1312 38 65 38 65 1743 2174 2175 2176
746 7 -1
1313 54 94 54 95 1744 2175 2176 2176
747 12 -1
1314 35 32 37 34 1745 2176 2177 2180
748 0 -1
1315 77 41 82 41 1746 2177 2178 2182
749 10 -1
1316 86 42 87 42 1747 2178 2179 2180
750 1 -1
1317 1 0 2 1 1748 2179 2180 2181
751 3 -1
1318 14 85 16 86 1749 2180 2181 2183
752 10 -1
1319 46 72 47 72 1750 2181 2182 2183
753 7 -1
1320 83 35 83 36 1751 2182 2183 2183
754 10 -1
1321 47 96 49 96 1752 2183 2184 2185
755 12 -1
1323 61 86 61 86 1754 2185 2186 2187
756 3 -1
1324 23 3 28 3 1755 2186 2187 2191
757 5 -1
1325 75 10 75 11 1756 2187 2188 2193
758 10 -1
1326 66 10 66 11 1757 2188 2189 2189
759 12 -1
1327 87 75 97 75 1758 2189 2190 2199
760 0 -1
1329 31 89 32 89 1760 2191 2192 2193
761 0 -1
1332 20 41 22 41 1763 2194 2195 2196
762 2 -1
1333 57 83 57 84 1764 2195 2196 2196
763 15 -1
1335 8 53 9 58 1766 2197 2198 2213
764 5 -1
1336 83 63 83 63 1767 2198 2199 2199
765 11 -1
1338 37 93 39 93 1769 2200 2201 2203
766 7 -1
1340 25 28 29 29 1771 2202 2203 2209
767 11 -1
1342 43 19 43 20 1773 2204 2205 2207
768 10 -1
1344 29 91 29 93 1775 2206 2207 2208
769 12 -1
1345 18 86 18 86 1776 2207 2208 2208
770 10 -1
1347 58 89 59 90 1778 2209 2210 2212
771 8 -1
1348 82 30 87 30 1779 2210 2211 2215
772 7 -1
1349 58 79 61 80 1780 2211 2212 2217
773 5 -1
1354 85 93 86 93 1785 2216 2217 2219
774 13 -1
1355 36 43 40 43 1786 2217 2218 2222
775 10 -1
1359 14 91 16 92 1790 2221 2222 2226
776 13 -1
1362 89 5 91 5 1793 2224 2225 2226
777 0 -1
1365 80 31 80 31 1796 2227 2228 2228
778 9 -1
1368 44 21 44 22 1799 2230 2231 2232
779 14 -1
1369 79 51 84 72 1800 2231 2232 2266
780 3 -1
1370 35 72 35 73 1801 2232 2233 2234
781 7 -1
1372 36 2 38 5 1803 2234 2235 2239
782 12 -1
1374 7 20 9 20 1805 2236 2237 2238
783 10 -1
1375 81 22 88 22 1806 2237 2238 2244
784 12 -1
1376 45 99 46 99 1807 2238 2239 2239
785 2 -1
1377 79 70 82 70 1808 2239 2240 2242
786 3 -1
1378 38 75 39 75 1809 2240 2241 2241
787 4 -1
1379 92 47 95 48 1810 2241 2242 2245
788 14 -1
1381 19 97 21 98 1812 2243 2244 2246
789 3 -1
1382 9 92 11 93 1813 2244 2245 2247
790 3 -1
1383 52 98 52 100 1814 2245 2246 2247
791 1 -1
1385 99 33 99 33 1816 2247 2248 2253
792 15 -1
1386 12 32 13 34 1817 2248 2249 2251
793 13 -1
1387 14 4 18 7 1818 2249 2250 2260
794 0 -1
1388 18 63 18 66 1819 2250 2251 2253
795 3 -1
1389 93 93 95 93 1820 2251 2252 2253
796 10 -1
1390 61 95 63 95 1821 2252 2253 2254
797 3 -1
1391 68 65 70 65 1822 2253 2254 2255
798 3 -1
1393 97 69 99 69 1824 2255 2256 2257
799 8 -1
1395 85 6 85 9 1826 2257 2258 2265
800 15 -1
1396 51 45 51 46 1827 2258 2259 2259
801 10 -1
1400 42 98 42 95 1831 2262 2263 2265
802 2 -1
1401 28 35 30 35 1832 2263 2264 2266
803 2 -1
1402 82 48 82 49 1833 2264 2265 2271
804 1 -1
1403 17 98 19 98 1834 2265 2266 2267
805 5 -1
1406 40 56 41 56 1837 2268 2269 2269
806 4 -1
1411 85 92 86 93 1842 2273 2274 2275
807 3 -1
1412 65 2 70 3 1843 2274 2275 2280
808 3 -1
1413 71 47 72 47 1844 2275 2276 2276
809 15 -1
1414 31 68 33 68 1845 2276 2277 2278
810 5 -1
1415 73 95 73 97 1846 2277 2278 2279
811 5 -1
1417 62 87 62 87 1848 2279 2280 2280
812 12 -1
1418 13 34 17 35 1849 2280 2281 2285
813 6 -1
1419 28 9 28 10 1850 2281 2282 2288
814 10 -1
1420 33 90 40 91 1851 2282 2283 2290
815 3 -1
1423 86 77 86 77 1854 2285 2286 2286
816 11 -1
1426 28 57 30 57 1857 2288 2289 2290
817 6 -1
1428 21 4 23 5 1859 2290 2291 2293
818 11 -1
1429 87 69 89 69 1860 2291 2292 2293
819 10 -1
1430 31 37 31 38 1861 2292 2293 2293
820 6 -1
1431 56 38 57 40 1862 2293 2294 2296
821 7 -1
1432 88 75 89 75 1863 2294 2295 2295
822 4 -1
1434 53 11 54 11 1865 2296 2297 2297
823 11 -1
1435 9 63 15 63 1866 2297 2298 2304
824 2 -1
1436 77 13 79 13 1867 2298 2299 2300
825 2 -1
1438 34 41 35 44 1869 2300 2301 2304
826 9 -1
1439 27 55 28 55 1870 2301 2302 2302
827 8 -1
1440 36 9 36 10 1871 2302 2303 2305
828 9 -1
1441 88 6 94 6 1872 2303 2304 2310
829 1 -1
1442 78 17 79 17 1873 2304 2305 2306
830 2 -1
1443 9 47 13 47 1874 2305 2306 2310
831 8 -1
1444 89 40 91 40 1875 2306 2307 2308
832 15 -1
1446 30 39 32 41 1877 2308 2309 2314
833 9 -1
1447 1 22 1 23 1878 2309 2310 2311
834 14 -1
1448 23 28 24 28 1879 2310 2311 2312
835 9 -1
1452 49 84 49 85 1883 2314 2315 2315
836 2 -1
1454 42 37 45 38 1885 2316 2317 2320
837 8 -1
1455 51 60 53 60 1886 2317 2318 2319
838 5 -1
1456 80 40 80 40 1887 2318 2319 2319
839 2 -1
1457 82 44 83 46 1888 2319 2320 2325
840 8 -1
1458 61 89 65 95 1889 2320 2321 2330
841 6 -1
1461 98 72 95 72 1892 2323 2324 2326
842 3 -1
1462 62 72 65 73 1893 2324 2325 2328
843 15 -1
1463 79 15 80 15 1894 2325 2326 2327
844 11 -1
1465 80 77 80 77 1896 2327 2328 2329
845 15 -1
1466 98 33 96 33 1897 2328 2329 2330
846 12 -1
1468 92 76 93 76 1899 2330 2331 2331
847 11 -1
1469 83 46 86 46 1900 2331 2332 2336
848 1 -1
1470 30 31 30 31 1901 2332 2333 2333
849 4 -1
1472 0 86 4 87 1903 2334 2335 2339
850 7 -1
1473 22 53 27 53 1904 2335 2336 2340
851 11 -1
1474 86 97 91 100 1905 2336 2337 2347
852 15 -1
1475 68 52 68 52 1906 2337 2338 2339
853 3 -1
1478 71 66 71 69 1909 2340 2341 2346
854 0 -1
1479 36 2 38 2 1910 2341 2342 2343
855 10 -1
1481 26 14 26 14 1912 2343 2344 2345
856 2 -1
1483 97 86 91 86 1914 2345 2346 2356
857 0 -1
1486 5 20 9 21 1917 2348 2349 2353
858 8 -1
1487 36 59 40 59 1918 2349 2350 2353
859 11 -1
1493 59 79 61 79 1924 2355 2356 2357
860 2 -1
1495 98 35 98 35 1926 2357 2358 2358
861 8 -1
1496 56 33 56 34 1927 2358 2359 2362
862 3 -1
1497 28 82 31 83 1928 2359 2360 2363
863 9 -1
1499 72 19 73 20 1930 2361 2362 2363
864 14 -1
1500 56 50 58 50 1931 2362 2363 2364
865 8 -1
1501 82 63 89 63 1932 2363 2364 2371
866 7 -1
1502 36 73 38 75 1933 2364 2365 2368
867 15 -1
1504 11 49 18 51 1935 2366 2367 2379
868 9 -1
1505 7 98 8 92 1936 2367 2368 2377
869 15 -1
1506 53 56 53 58 1937 2368 2369 2370
870 2 -1
1507 24 72 24 72 1938 2369 2370 2372
871 12 -1
1508 20 50 21 55 1939 2370 2371 2376
872 4 -1
1509 2 2 2 2 1940 2371 2372 2372
873 7 -1
1511 6 35 7 36 1942 2373 2374 2375
874 3 -1
1513 7 84 7 85 1944 2375 2376 2380
875 14 -1
1515 52 34 52 35 1946 2377 2378 2378
876 11 -1
1516 40 24 41 25 1947 2378 2379 2381
877 5 -1
1517 59 2 62 2 1948 2379 2380 2382
878 9 -1
1518 28 8 30 9 1949 2380 2381 2383
879 5 -1
1519 3 42 5 43 1950 2381 2382 2385
880 2 -1
1521 11 55 11 56 1952 2383 2384 2387
881 12 -1
1522 35 13 35 14 1953 2384 2385 2386
882 7 -1
1523 58 0 60 0 1954 2385 2386 2387
883 8 -1
1527 47 39 48 39 1958 2389 2390 2393
884 9 -1
1528 85 19 85 20 1959 2390 2391 2391
885 12 -1
1533 16 16 16 17 1964 2395 2396 2396
886 1 -1
1534 5 12 13 12 1965 2396 2397 2405
887 7 -1
1535 48 15 49 16 1966 2397 2398 2400
888 1 -1
1536 1 86 2 87 1967 2398 2399 2400
889 10 -1
1538 3 19 3 23 1969 2400 2401 2404
890 10 -1
1540 54 5 54 6 1971 2402 2403 2403
891 13 -1
1543 89 56 92 56 1974 2405 2406 2408
892 13 -1
1544 61 10 62 11 1975 2406 2407 2408
893 1 -1
1545 7 55 7 55 1976 2407 2408 2409
894 13 -1
1547 31 4 33 7 1978 2409 2410 2414
895 10 -1
1550 87 11 87 12 1981 2412 2413 2414
896 7 -1
1551 43 66 45 66 1982 2413 2414 2415
897 3 -1
1552 86 68 89 70 1983 2414 2415 2419
898 9 -1
1554 27 81 30 82 1985 2416 2417 2420
899 11 -1
1555 5 71 6 72 1986 2417 2418 2419
900 4 -1
1556 63 63 64 64 1987 2418 2419 2420
901 13 -1
1559 99 45 97 47 1990 2421 2422 2427
902 10 -1
1560 58 83 61 84 1991 2422 2423 2428
903 5 -1
1562 44 23 44 24 1993 2424 2425 2426
904 5 -1
1563 73 74 77 80 1994 2425 2426 2435
905 6 -1
1564 78 0 80 0 1995 2426 2427 2428
906 7 -1
1566 85 43 86 44 1997 2428 2429 2430
907 2 -1
1567 24 73 25 75 1998 2429 2430 2433
908 11 -1
1573 6 13 10 15 2004 2435 2436 2443
909 15 -1
1575 48 34 49 34 2006 2437 2438 2438
910 10 -1
1576 47 90 47 92 2007 2438 2439 2440
911 0 -1
1577 64 14 65 14 2008 2439 2440 2441
912 11 -1
1579 20 47 20 50 2010 2441 2442 2444
913 9 -1
1580 66 20 66 22 2011 2442 2443 2444
914 14 -1
1582 82 34 83 34 2013 2444 2445 2445
915 1 -1
1584 53 23 53 24 2015 2446 2447 2447
916 1 -1
1587 84 77 91 80 2018 2449 2450 2461
917 6 -1
1588 21 64 21 68 2019 2450 2451 2454
918 4 -1
1589 77 10 77 12 2020 2451 2452 2453
919 8 -1
1590 72 41 73 42 2021 2452 2453 2455
920 6 -1
1591 31 29 34 31 2022 2453 2454 2458
921 15 -1
1593 18 67 21 68 2024 2455 2456 2459
922 8 -1
1594 9 3 9 4 2025 2456 2457 2458
923 12 -1
1596 21 53 23 53 2027 2458 2459 2460
924 9 -1
1598 16 98 17 98 2029 2460 2461 2461
925 3 -1
1599 88 94 92 94 2030 2461 2462 2465
926 10 -1
1600 29 20 29 20 2031 2462 2463 2463
927 12 -1
1603 8 27 9 27 2034 2465 2466 2466
928 2 -1
1606 78 45 78 45 2037 2468 2469 2470
929 11 -1
1608 89 41 89 42 2039 2470 2471 2471
930 11 -1
1609 25 96 27 96 2040 2471 2472 2473
931 0 -1
1610 1 92 1 92 2041 2472 2473 2473
932 14 -1
1611 93 67 95 67 2042 2473 2474 2475
933 15 -1
1613 92 53 92 53 2044 2475 2476 2477
934 12 -1
1615 6 0 7 0 2046 2477 2478 2478
935 12 -1
1618 36 5 37 6 2049 2480 2481 2483
936 0 -1
1620 86 52 87 52 2051 2482 2483 2487
937 2 -1
1621 2 28 6 29 2052 2483 2484 2490
938 7 -1
1623 68 96 68 99 2054 2485 2486 2490
939 5 -1
1624 92 76 92 76 2055 2486 2487 2487
940 15 -1
1625 93 46 95 46 2056 2487 2488 2490
941 3 -1
1626 63 74 64 75 2057 2488 2489 2490
942 8 -1
1627 44 98 53 95 2058 2489 2490 2502
943 15 -1
1629 3 56 3 57 2060 2491 2492 2492
944 2 -1
1631 67 73 67 73 2062 2493 2494 2495
945 4 -1
1633 69 13 71 14 2064 2495 2496 2505
946 9 -1
1634 97 9 97 11 2065 2496 2497 2498
947 2 -1
1637 26 52 26 53 2068 2499 2500 2500
948 4 -1
1638 46 68 48 68 2069 2500 2501 2503
949 3 -1
1640 88 24 89 31 2071 2502 2503 2512
950 6 -1
1641 62 49 64 49 2072 2503 2504 2506
951 11 -1
1642 84 99 87 99 2073 2504 2505 2508
952 8 -1
1645 98 76 99 76 2076 2507 2508 2508
953 5 -1
1648 6 30 8 30 2079 2510 2511 2512
954 11 -1
1649 11 46 12 46 2080 2511 2512 2513
955 6 -1
1650 71 72 72 72 2081 2512 2513 2513
956 10 -1
1656 90 10 92 11 2087 2518 2519 2522
957 7 -1
1657 8 84 9 84 2088 2519 2520 2522
958 11 -1
1659 37 49 41 49 2090 2521 2522 2525
959 11 -1
1660 94 30 97 31 2091 2522 2523 2526
960 12 -1
1661 13 72 18 73 2092 2523 2524 2530
961 11 -1
1662 8 72 15 72 2093 2524 2525 2531
962 5 -1
1663 67 54 69 57 2094 2525 2526 2532
963 4 -1
1664 72 10 74 10 2095 2526 2527 2528
964 9 -1
1665 14 27 14 28 2096 2527 2528 2528
965 8 -1
1668 22 5 24 5 2099 2530 2531 2533
966 14 -1
1671 20 33 25 34 2102 2533 2534 2541
967 10 -1
1672 99 39 99 42 2103 2534 2535 2538
968 15 -1
1673 30 58 35 58 2104 2535 2536 2540
969 10 -1
1675 14 90 15 90 2106 2537 2538 2538
970 9 -1
1676 83 52 86 52 2107 2538 2539 2541
971 13 -1
1678 6 37 9 37 2109 2540 2541 2543
972 8 -1
1679 46 9 53 9 2110 2541 2542 2548
973 12 -1
1680 0 63 0 64 2111 2542 2543 2546
974 5 -1
1683 9 85 15 85 2114 2545 2546 2552
975 15 -1
1685 71 0 72 1 2116 2547 2548 2550
976 13 -1
1686 27 99 28 95 2117 2548 2549 2558
977 3 -1
1687 27 99 29 100 2118 2549 2550 2553
978 10 -1
1688 61 32 61 34 2119 2550 2551 2556
979 8 -1
1690 97 39 99 39 2121 2552 2553 2556
980 10 -1
1691 43 17 45 17 2122 2553 2554 2555
981 15 -1
1692 69 90 69 90 2123 2554 2555 2557
982 5 -1
1694 87 59 88 59 2125 2556 2557 2557
983 12 -1
1695 2 88 3 89 2126 2557 2558 2561
984 15 -1
1696 73 61 76 61 2127 2558 2559 2561
985 5 -1
1697 94 0 96 0 2128 2559 2560 2561
986 3 -1
1698 45 87 47 87 2129 2560 2561 2562
987 7 -1
1700 79 85 81 85 2131 2562 2563 2564
988 12 -1
1702 99 88 98 96 2133 2564 2565 2578
989 8 -1
1703 8 54 9 54 2134 2565 2566 2566
990 1 -1
1704 73 78 75 78 2135 2566 2567 2569
991 4 -1
1709 22 82 23 83 2140 2571 2572 2574
992 1 -1
1712 36 3 37 3 2143 2574 2575 2577
993 15 -1
1714 36 78 36 79 2145 2576 2577 2580
994 5 -1
1717 36 90 37 92 2148 2579 2580 2583
995 8 -1
1718 41 75 41 75 2149 2580 2581 2582
996 7 -1
1720 83 25 89 25 2151 2582 2583 2588
997 2 -1
1722 89 17 90 17 2153 2584 2585 2585
998 4 -1
1723 32 14 32 16 2154 2585 2586 2587
999 4 -1
1725 16 30 18 30 2156 2587 2588 2589
1000 6 -1
1726 93 29 93 29 2157 2588 2589 2591
