100 100 2073
1
0 83 33
72
0 0 11 100 6
0
1 0 21 100 6
0
2 0 35 100 6
0
3 0 47 100 6
0
4 0 60 100 6
0
5 0 72 100 6
0
6 0 90 100 6
0
7 0 101 100 6
0
8 0 114 100 6
0
9 0 124 100 6
0
10 0 138 100 6
0
11 0 151 100 6
0
12 0 162 100 6
0
13 0 172 100 6
0
14 0 185 100 6
0
15 0 199 100 6
0
16 0 210 100 6
0
17 0 226 100 6
0
18 0 237 100 6
0
19 0 250 100 6
0
20 0 263 100 6
0
21 0 275 100 6
0
22 0 283 100 6
0
23 0 296 100 6
0
24 0 307 100 6
0
25 0 321 100 6
0
26 0 335 100 6
0
27 0 345 100 6
0
28 0 359 100 6
0
29 0 374 100 6
0
30 0 387 100 6
0
31 0 397 100 6
0
32 0 414 100 6
0
33 0 428 100 6
0
34 0 440 100 6
0
35 0 453 100 6
0
36 0 463 100 6
0
37 0 474 100 6
0
38 0 487 100 6
0
39 0 499 100 6
0
40 0 511 100 6
0
41 0 525 100 6
0
42 0 535 100 6
0
43 0 547 100 6
0
44 0 560 100 6
0
45 0 571 100 6
0
46 0 586 100 6
0
47 0 598 100 6
0
48 0 611 100 6
0
49 0 625 100 6
0
50 0 638 100 6
0
51 0 652 100 6
0
52 0 664 100 6
0
53 0 676 100 6
0
54 0 690 100 6
0
55 0 703 100 6
0
56 0 715 100 6
0
57 0 729 100 6
0
58 0 740 100 6
0
59 0 751 100 6
0
60 0 766 100 6
0
61 0 779 100 6
0
62 0 790 100 6
0
63 0 803 100 6
0
64 0 815 100 6
0
65 0 826 100 6
0
66 0 837 100 6
0
67 0 851 100 6
0
68 0 866 100 6
0
69 0 876 100 6
0
70 0 888 100 6
0
71 0 900 100 6
0
1000
1 0 -1
2 29 60 31 60 174 346 347 349
2 0 -1
5 49 94 51 96 177 349 350 354
3 0 -1
7 77 19 81 19 179 351 352 355
4 0 -1
8 8 35 16 35 180 352 353 361
5 0 -1
9 70 17 71 17 181 353 354 359
6 0 -1
10 70 35 72 36 182 354 355 358
7 0 -1
11 32 0 36 0 183 355 356 361
8 0 -1
12 80 37 80 38 184 356 357 358
9 0 -1
13 9 3 10 4 185 357 358 359
10 0 -1
14 51 44 51 44 186 358 359 361
11 0 -1
15 60 52 60 53 187 359 360 365
12 0 -1
17 53 11 56 11 189 361 362 365
13 0 -1
18 90 72 96 72 190 362 363 368
14 0 -1
19 26 71 27 71 191 363 364 364
15 0 -1
20 89 95 89 95 192 364 365 366
16 0 -1
21 99 60 99 62 193 365 366 367
17 0 -1
22 41 61 42 61 194 366 367 370
18 0 -1
24 37 87 37 88 196 368 369 370
19 0 -1
29 15 73 17 75 201 373 374 379
20 0 -1
30 46 15 48 15 202 374 375 376
21 0 -1
31 25 20 25 22 203 375 376 377
22 0 -1
33 7 18 11 18 205 377 378 383
23 0 -1
35 83 19 84 19 207 379 380 380
24 0 -1
36 13 12 13 13 208 380 381 382
25 0 -1
39 73 95 73 96 211 383 384 384
26 0 -1
40 14 84 14 84 212 384 385 385
27 0 -1
41 75 95 76 96 213 385 386 387
28 0 -1
42 39 41 40 41 214 386 387 387
29 0 -1
43 70 84 70 85 215 387 388 388
30 0 -1
45 63 11 65 11 217 389 390 391
31 0 -1
49 56 53 56 54 221 393 394 396
32 0 -1
52 68 61 68 62 224 396 397 403
33 0 -1
53 5 8 8 9 225 397 398 402
34 0 -1
54 47 51 48 51 226 398 399 399
35 0 -1
56 36 32 40 42 228 400 401 417
36 0 -1
57 65 66 66 67 229 401 402 403
37 0 -1
59 71 13 71 14 231 403 404 404
38 0 -1
61 20 56 21 56 233 405 406 407
39 0 -1
62 63 42 64 45 234 406 407 414
40 0 -1
64 62 47 79 49 236 408 409 427
41 0 -1
69 47 70 47 72 241 413 414 415
42 0 -1
71 83 88 86 91 243 415 416 423
43 0 -1
73 54 43 59 43 245 417 418 422
44 0 -1
76 85 91 87 92 248 420 421 423
45 0 -1
78 85 50 87 50 250 422 423 424
46 0 -1
80 10 78 12 79 252 424 425 427
47 0 -1
81 4 71 5 71 253 425 426 427
48 0 -1
82 19 69 24 70 254 426 427 432
49 0 -1
83 82 13 87 13 255 427 428 432
50 0 -1
84 75 11 75 12 256 428 429 429
51 0 -1
86 17 90 21 93 258 430 431 440
52 0 -1
87 40 14 40 15 259 431 432 432
53 0 -1
90 9 55 10 55 262 434 435 435
54 0 -1
91 99 76 97 77 263 435 436 439
55 0 -1
92 88 53 89 53 264 436 437 437
56 0 -1
93 31 36 34 36 265 437 438 440
57 0 -1
94 81 28 85 29 266 438 439 444
58 0 -1
96 16 80 18 80 268 440 441 442
59 0 -1
103 2 16 2 19 275 447 448 450
60 0 -1
105 22 59 24 59 277 449 450 451
61 0 -1
106 69 92 71 97 278 450 451 460
62 0 -1
107 63 78 63 79 279 451 452 454
63 0 -1
108 46 78 46 85 280 452 453 460
64 0 -1
110 3 46 6 46 282 454 455 462
65 0 -1
111 28 13 28 14 283 455 456 456
66 0 -1
114 44 91 45 93 286 458 459 464
67 0 -1
115 76 91 81 91 287 459 460 464
68 0 -1
116 67 37 73 40 288 460 461 472
69 0 -1
119 81 8 84 8 291 463 464 466
70 0 -1
120 91 76 92 76 292 464 465 465
71 0 -1
122 68 22 72 22 294 466 467 470
72 0 -1
123 97 72 99 72 295 467 468 470
73 0 -1
124 1 79 1 82 296 468 469 472
74 0 -1
127 75 69 76 69 299 471 472 472
75 0 -1
128 49 65 68 65 300 472 473 491
76 0 -1
130 31 53 32 53 302 474 475 475
77 0 -1
132 72 12 82 16 304 476 477 491
78 0 -1
134 26 19 26 20 306 478 479 479
79 0 -1
135 90 22 90 31 307 479 480 490
80 0 -1
136 63 97 65 97 308 480 481 482
81 0 -1
139 67 18 68 18 311 483 484 484
82 0 -1
140 63 92 67 92 312 484 485 488
83 0 -1
141 2 80 2 80 313 485 486 490
84 0 -1
144 40 49 44 50 316 488 489 493
85 0 -1
145 67 43 68 44 317 489 490 491
86 0 -1
146 72 98 72 99 318 490 491 491
87 0 -1
147 64 71 64 71 319 491 492 492
88 0 -1
148 61 16 61 16 320 492 493 493
89 0 -1
149 47 38 48 38 321 493 494 495
90 0 -1
150 80 58 83 61 322 494 495 500
91 0 -1
153 94 0 94 0 325 497 498 498
92 0 -1
154 59 87 61 89 326 498 499 502
93 0 -1
155 6 30 6 31 327 499 500 503
94 0 -1
156 55 31 55 33 328 500 501 505
95 0 -1
157 67 53 69 53 329 501 502 506
96 0 -1
160 34 70 38 72 332 504 505 510
97 0 -1
162 47 70 47 70 334 506 507 507
98 0 -1
163 40 85 41 85 335 507 508 508
99 0 -1
166 55 11 57 11 338 510 511 512
100 0 -1
167 18 85 20 88 339 511 512 516
101 0 -1
168 28 75 29 76 340 512 513 514
102 0 -1
169 81 62 86 62 341 513 514 518
103 0 -1
170 43 5 43 7 342 514 515 519
104 0 -1
172 21 98 23 98 344 516 517 521
105 0 -1
173 78 8 83 8 345 517 518 522
106 0 -1
174 74 53 76 53 346 518 519 520
107 0 -1
179 23 31 24 31 351 523 524 524
108 0 -1
183 98 43 98 43 355 527 528 532
109 0 -1
184 25 51 26 51 356 528 529 530
110 0 -1
185 46 62 48 62 357 529 530 531
111 0 -1
186 4 87 9 90 358 530 531 539
112 0 -1
187 79 61 85 61 359 531 532 537
113 0 -1
189 72 5 77 5 361 533 534 538
114 0 -1
190 22 60 27 60 362 534 535 539
115 0 -1
193 12 72 13 72 365 537 538 538
116 0 -1
196 38 12 38 12 368 540 541 542
117 0 -1
197 20 59 20 60 369 541 542 542
118 0 -1
198 7 56 16 58 370 542 543 560
119 0 -1
199 97 1 98 1 371 543 544 544
120 0 -1
200 25 49 26 49 372 544 545 546
121 0 -1
201 93 71 93 71 373 545 546 546
122 0 -1
204 63 84 63 85 376 548 549 549
123 0 -1
208 84 65 84 66 380 552 553 553
124 0 -1
209 24 89 25 89 381 553 554 554
125 0 -1
211 90 83 92 83 383 555 556 558
126 0 -1
212 92 43 94 43 384 556 557 558
127 0 -1
213 37 52 45 52 385 557 558 565
128 0 -1
214 61 44 64 44 386 558 559 563
129 0 -1
218 37 26 39 29 390 562 563 569
130 0 -1
219 76 76 78 76 391 563 564 565
131 0 -1
224 15 63 17 63 396 568 569 571
132 0 -1
225 56 18 58 18 397 569 570 571
133 0 -1
229 53 17 54 17 401 573 574 579
134 0 -1
230 53 25 53 26 402 574 575 575
135 0 -1
231 10 53 12 54 403 575 576 578
136 0 -1
236 97 37 98 38 408 580 581 582
137 0 -1
237 69 81 69 82 409 581 582 583
138 0 -1
240 92 69 92 75 412 584 585 595
139 0 -1
242 64 68 64 68 414 586 587 588
140 0 -1
244 44 79 47 79 416 588 589 593
141 0 -1
245 23 65 26 65 417 589 590 595
142 0 -1
246 89 90 91 91 418 590 591 593
143 0 -1
247 60 5 63 5 419 591 592 594
144 0 -1
248 15 43 17 44 420 592 593 595
145 0 -1
250 76 50 76 51 422 594 595 596
146 0 -1
251 2 51 3 53 423 595 596 598
147 0 -1
253 88 83 89 83 425 597 598 598
148 0 -1
255 25 1 25 2 427 599 600 601
149 0 -1
256 49 4 51 5 428 600 601 604
150 0 -1
257 80 18 81 20 429 601 602 605
151 0 -1
258 10 25 10 25 430 602 603 603
152 0 -1
260 93 93 94 93 432 604 605 606
153 0 -1
261 40 24 50 25 433 605 606 617
154 0 -1
266 1 73 3 73 438 610 611 614
155 0 -1
267 12 23 12 23 439 611 612 614
156 0 -1
268 22 84 24 84 440 612 613 614
157 0 -1
269 86 43 86 43 441 613 614 614
158 0 -1
271 40 6 46 6 443 615 616 621
159 0 -1
272 96 38 96 38 444 616 617 617
160 0 -1
274 91 32 95 37 446 618 619 631
161 0 -1
277 96 28 97 28 449 621 622 623
162 0 -1
278 84 72 86 76 450 622 623 628
163 0 -1
279 66 59 69 59 451 623 624 627
164 0 -1
280 25 71 27 71 452 624 625 627
165 0 -1
283 6 67 7 67 455 627 628 628
166 0 -1
285 10 90 13 90 457 629 630 632
167 0 -1
286 49 18 52 18 458 630 631 633
168 0 -1
289 74 26 75 27 461 633 634 636
169 0 -1
293 7 20 9 21 465 637 638 641
170 0 -1
294 49 8 53 8 466 638 639 642
171 0 -1
295 5 68 5 68 467 639 640 641
172 0 -1
296 11 30 14 31 468 640 641 644
173 0 -1
303 86 78 87 81 475 647 648 656
174 0 -1
305 65 85 68 87 477 649 650 654
175 0 -1
306 91 56 92 56 478 650 651 651
176 0 -1
307 68 52 69 52 479 651 652 653
177 0 -1
310 46 5 46 6 482 654 655 658
178 0 -1
311 68 8 71 8 483 655 656 659
179 0 -1
312 36 14 44 14 484 656 657 665
180 0 -1
313 1 5 2 5 485 657 658 658
181 0 -1
315 6 42 8 42 487 659 660 661
182 0 -1
320 3 2 17 2 492 664 665 680
183 0 -1
321 32 66 32 69 493 665 666 668
184 0 -1
323 67 89 69 100 495 667 668 680
185 0 -1
325 23 51 30 51 497 669 670 677
186 0 -1
326 51 51 51 52 498 670 671 671
187 0 -1
327 37 96 38 97 499 671 672 674
188 0 -1
328 22 39 26 40 500 672 673 677
189 0 -1
329 36 55 39 55 501 673 674 676
190 0 -1
330 3 89 4 91 502 674 675 679
191 0 -1
337 71 63 71 76 509 681 682 694
192 0 -1
340 85 15 85 18 512 684 685 687
193 0 -1
342 49 79 49 79 514 686 687 687
194 0 -1
343 91 97 91 100 515 687 688 690
195 0 -1
345 35 83 41 88 517 689 690 701
196 0 -1
349 74 82 75 82 521 693 694 694
197 0 -1
351 87 3 88 3 523 695 696 696
198 0 -1
354 69 94 75 94 526 698 699 704
199 0 -1
356 89 18 90 18 528 700 701 701
200 0 -1
357 86 26 86 28 529 701 702 705
201 0 -1
358 97 23 93 24 530 702 703 709
202 0 -1
359 97 65 99 66 531 703 704 706
203 0 -1
360 16 84 17 84 532 704 705 706
204 0 -1
361 7 9 12 10 533 705 706 711
205 0 -1
363 57 58 57 58 535 707 708 708
206 0 -1
364 63 43 63 44 536 708 709 709
207 0 -1
365 13 24 14 25 537 709 710 711
208 0 -1
367 20 13 25 14 539 711 712 717
209 0 -1
371 85 60 86 60 543 715 716 716
210 0 -1
372 95 80 89 80 544 716 717 724
211 0 -1
373 19 69 19 71 545 717 718 720
212 0 -1
374 81 77 81 77 546 718 719 719
213 0 -1
375 13 16 14 16 547 719 720 720
214 0 -1
377 89 23 90 23 549 721 722 722
215 0 -1
379 10 73 11 73 551 723 724 724
216 0 -1
380 34 45 34 46 552 724 725 725
217 0 -1
381 19 77 20 79 553 725 726 730
218 0 -1
382 33 93 34 93 554 726 727 728
219 0 -1
383 57 2 57 2 555 727 728 728
220 0 -1
388 42 38 43 38 560 732 733 733
221 0 -1
391 71 11 71 11 563 735 736 737
222 0 -1
392 98 11 96 11 564 736 737 738
223 0 -1
394 2 68 4 69 566 738 739 741
224 0 -1
396 30 64 32 65 568 740 741 745
225 0 -1
397 34 72 35 72 569 741 742 742
226 0 -1
400 72 64 74 64 572 744 745 746
227 0 -1
401 57 51 57 52 573 745 746 747
228 0 -1
403 61 27 61 30 575 747 748 752
229 0 -1
404 0 36 2 36 576 748 749 750
230 0 -1
407 91 54 92 54 579 751 752 752
231 0 -1
408 50 75 52 75 580 752 753 755
232 0 -1
411 66 94 68 94 583 755 756 757
233 0 -1
412 70 72 71 72 584 756 757 757
234 0 -1
414 25 64 25 65 586 758 759 759
235 0 -1
418 3 82 3 83 590 762 763 763
236 0 -1
420 33 26 33 27 592 764 765 765
237 0 -1
421 48 25 50 25 593 765 766 767
238 0 -1
423 15 61 16 61 595 767 768 768
239 0 -1
426 19 44 23 44 598 770 771 775
240 0 -1
428 95 34 97 34 600 772 773 774
241 0 -1
433 62 40 62 42 605 777 778 779
242 0 -1
437 28 88 28 88 609 781 782 782
243 0 -1
439 71 87 73 87 611 783 784 785
244 0 -1
441 84 58 88 58 613 785 786 793
245 0 -1
446 2 51 6 51 618 790 791 794
246 0 -1
448 37 91 40 91 620 792 793 795
247 0 -1
450 97 12 94 17 622 794 795 802
248 0 -1
452 70 62 72 62 624 796 797 799
249 0 -1
455 92 79 93 80 627 799 800 802
250 0 -1
460 34 21 35 21 632 804 805 810
251 0 -1
461 72 70 72 70 633 805 806 807
252 0 -1
462 79 99 82 99 634 806 807 809
253 0 -1
464 85 74 87 74 636 808 809 810
254 0 -1
469 38 93 38 95 641 813 814 815
255 0 -1
471 43 51 45 54 643 815 816 826
256 0 -1
475 77 57 79 57 647 819 820 821
257 0 -1
478 54 76 56 78 650 822 823 826
258 0 -1
479 22 23 23 24 651 823 824 825
259 0 -1
480 58 73 59 80 652 824 825 832
260 0 -1
481 79 24 79 26 653 825 826 831
261 0 -1
482 75 23 76 23 654 826 827 827
262 0 -1
484 18 52 22 52 656 828 829 832
263 0 -1
486 67 45 70 45 658 830 831 833
264 0 -1
488 89 70 91 70 660 832 833 835
265 0 -1
489 10 48 21 50 661 833 834 846
266 0 -1
491 48 1 48 2 663 835 836 837
267 0 -1
493 0 15 1 15 665 837 838 838
268 0 -1
496 73 35 74 35 668 840 841 841
269 0 -1
501 15 65 15 67 673 845 846 847
270 0 -1
502 44 88 46 89 674 846 847 850
271 0 -1
505 44 79 45 79 677 849 850 851
272 0 -1
506 57 93 59 94 678 850 851 855
273 0 -1
507 7 65 7 68 679 851 852 855
274 0 -1
509 70 66 70 66 681 853 854 854
275 0 -1
511 33 4 33 6 683 855 856 857
276 0 -1
512 26 46 26 46 684 856 857 857
277 0 -1
515 11 27 12 29 687 859 860 862
278 0 -1
516 51 19 61 22 688 860 861 873
279 0 -1
517 1 37 4 37 689 861 862 865
280 0 -1
518 16 10 16 10 690 862 863 864
281 0 -1
520 28 60 28 61 692 864 865 865
282 0 -1
522 42 54 44 60 694 866 867 875
283 0 -1
523 95 51 95 52 695 867 868 868
284 0 -1
525 93 34 94 34 697 869 870 871
285 0 -1
526 76 80 78 80 698 870 871 872
286 0 -1
528 68 15 68 19 700 872 873 877
287 0 -1
530 22 4 25 4 702 874 875 878
288 0 -1
533 42 38 44 38 705 877 878 879
289 0 -1
535 8 49 10 49 707 879 880 882
290 0 -1
536 60 13 61 13 708 880 881 882
291 0 -1
537 19 32 20 32 709 881 882 882
292 0 -1
538 35 74 38 74 710 882 883 885
293 0 -1
540 46 8 48 8 712 884 885 888
294 0 -1
541 53 9 56 9 713 885 886 888
295 0 -1
542 75 43 81 43 714 886 887 894
296 0 -1
543 68 18 70 18 715 887 888 889
297 0 -1
546 95 74 95 75 718 890 891 892
298 0 -1
547 53 74 55 74 719 891 892 893
299 0 -1
550 11 61 12 61 722 894 895 895
300 0 -1
552 12 0 15 0 724 896 897 899
301 0 -1
553 77 25 79 25 725 897 898 899
302 0 -1
555 21 13 26 13 727 899 900 904
303 0 -1
556 57 65 57 66 728 900 901 902
304 0 -1
558 27 50 27 50 730 902 903 903
305 0 -1
559 76 79 77 79 731 903 904 908
306 0 -1
560 62 86 63 87 732 904 905 906
307 0 -1
562 54 39 55 39 734 906 907 907
308 0 -1
565 76 81 76 83 737 909 910 913
309 0 -1
566 60 47 61 50 738 910 911 914
310 0 -1
567 67 72 68 72 739 911 912 912
311 0 -1
570 10 73 11 76 742 914 915 918
312 0 -1
572 26 10 26 13 744 916 917 919
313 0 -1
573 3 47 6 47 745 917 918 920
314 0 -1
575 9 29 11 29 747 919 920 921
315 0 -1
577 41 35 41 35 749 921 922 922
316 0 -1
578 54 69 54 71 750 922 923 924
317 0 -1
579 29 32 32 32 751 923 924 928
318 0 -1
580 44 63 45 63 752 924 925 925
319 0 -1
585 39 59 40 61 757 929 930 932
320 0 -1
588 77 25 80 27 760 932 933 937
321 0 -1
589 57 36 64 44 761 933 934 948
322 0 -1
592 12 53 13 53 764 936 937 937
323 0 -1
594 39 29 41 29 766 938 939 940
324 0 -1
595 14 3 22 3 767 939 940 954
325 0 -1
596 93 11 96 11 768 940 941 944
326 0 -1
597 45 47 47 49 769 941 942 949
327 0 -1
599 45 24 52 24 771 943 944 951
328 0 -1
600 39 6 40 6 772 944 945 947
329 0 -1
601 69 96 71 96 773 945 946 947
330 0 -1
603 57 8 59 8 775 947 948 949
331 0 -1
608 71 82 74 82 780 952 953 955
332 0 -1
609 93 93 94 93 781 953 954 954
333 0 -1
610 37 39 40 41 782 954 955 959
334 0 -1
611 50 22 51 22 783 955 956 959
335 0 -1
613 87 18 88 21 785 957 958 965
336 0 -1
614 32 95 32 98 786 958 959 964
337 0 -1
615 44 75 45 75 787 959 960 960
338 0 -1
616 49 9 49 11 788 960 961 962
339 0 -1
619 94 99 96 96 791 963 964 968
340 0 -1
620 72 12 74 12 792 964 965 966
341 0 -1
621 46 94 46 95 793 965 966 970
342 0 -1
622 32 90 33 91 794 966 967 969
343 0 -1
623 32 44 32 44 795 967 968 969
344 0 -1
624 49 31 50 31 796 968 969 969
345 0 -1
625 45 24 45 25 797 969 970 971
346 0 -1
628 99 4 99 5 800 972 973 973
347 0 -1
629 61 37 65 38 801 973 974 978
348 0 -1
630 93 8 93 8 802 974 975 975
349 0 -1
634 84 32 84 33 806 978 979 979
350 0 -1
635 79 71 81 71 807 979 980 981
351 0 -1
636 34 10 36 10 808 980 981 982
352 0 -1
637 54 70 55 71 809 981 982 983
353 0 -1
639 70 22 70 22 811 983 984 984
354 0 -1
640 80 65 81 65 812 984 985 986
355 0 -1
641 62 42 64 42 813 985 986 987
356 0 -1
643 42 17 46 17 815 987 988 993
357 0 -1
645 13 50 15 50 817 989 990 991
358 0 -1
646 26 75 28 75 818 990 991 992
359 0 -1
648 51 29 51 29 820 992 993 993
360 0 -1
649 21 62 29 62 821 993 994 1003
361 0 -1
650 61 1 62 1 822 994 995 995
362 0 -1
651 19 22 22 22 823 995 996 999
363 0 -1
652 1 47 10 48 824 996 997 1011
364 0 -1
653 76 46 76 47 825 997 998 998
365 0 -1
656 95 99 96 99 828 1000 1001 1001
366 0 -1
662 17 36 18 37 834 1006 1007 1008
367 0 -1
663 50 70 56 71 835 1007 1008 1015
368 0 -1
664 8 9 9 9 836 1008 1009 1010
369 0 -1
665 45 91 45 91 837 1009 1010 1010
370 0 -1
666 75 50 76 51 838 1010 1011 1012
371 0 -1
667 31 31 32 31 839 1011 1012 1014
372 0 -1
669 33 81 34 81 841 1013 1014 1014
373 0 -1
672 82 32 84 33 844 1016 1017 1020
374 0 -1
673 82 0 82 2 845 1017 1018 1019
375 0 -1
674 39 64 42 65 846 1018 1019 1022
376 0 -1
675 91 6 91 6 847 1019 1020 1024
377 0 -1
678 27 52 31 52 850 1022 1023 1026
378 0 -1
679 70 8 72 8 851 1023 1024 1026
379 0 -1
680 86 20 89 22 852 1024 1025 1030
380 0 -1
681 48 75 48 77 853 1025 1026 1027
381 0 -1
682 66 89 66 91 854 1026 1027 1028
382 0 -1
684 80 60 82 60 856 1028 1029 1030
383 0 -1
685 33 79 36 81 857 1029 1030 1034
384 0 -1
687 16 14 16 16 859 1031 1032 1036
385 0 -1
688 82 64 84 64 860 1032 1033 1034
386 0 -1
689 36 2 36 3 861 1033 1034 1035
387 0 -1
690 18 85 18 85 862 1034 1035 1036
388 0 -1
691 54 18 55 19 863 1035 1036 1037
389 0 -1
692 57 80 59 80 864 1036 1037 1038
390 0 -1
694 36 2 38 2 866 1038 1039 1041
391 0 -1
696 95 73 97 73 868 1040 1041 1042
392 0 -1
698 14 95 15 95 870 1042 1043 1047
393 0 -1
700 0 22 0 23 872 1044 1045 1045
394 0 -1
701 94 57 95 57 873 1045 1046 1046
395 0 -1
702 14 98 15 93 874 1046 1047 1053
396 0 -1
703 63 59 63 60 875 1047 1048 1049
397 0 -1
704 64 44 64 45 876 1048 1049 1050
398 0 -1
705 94 28 95 31 877 1049 1050 1053
399 0 -1
706 40 69 40 70 878 1050 1051 1052
400 0 -1
707 29 11 32 11 879 1051 1052 1055
401 0 -1
708 49 99 53 99 880 1052 1053 1059
402 0 -1
710 15 90 16 91 882 1054 1055 1057
403 0 -1
712 65 31 66 31 884 1056 1057 1057
404 0 -1
714 80 25 80 25 886 1058 1059 1059
405 0 -1
716 25 20 26 20 888 1060 1061 1061
406 0 -1
718 33 46 38 47 890 1062 1063 1070
407 0 -1
719 13 29 13 29 891 1063 1064 1064
408 0 -1
720 89 41 89 41 892 1064 1065 1066
409 0 -1
722 96 37 98 37 894 1066 1067 1068
410 0 -1
724 33 13 33 14 896 1068 1069 1070
411 0 -1
725 37 86 37 91 897 1069 1070 1080
412 0 -1
726 62 83 63 83 898 1070 1071 1074
413 0 -1
727 17 51 19 52 899 1071 1072 1074
414 0 -1
728 76 46 79 46 900 1072 1073 1077
415 0 -1
729 85 50 86 50 901 1073 1074 1074
416 0 -1
731 50 15 50 15 903 1075 1076 1076
417 0 -1
733 54 7 54 9 905 1077 1078 1079
418 0 -1
734 87 20 88 20 906 1078 1079 1080
419 0 -1
735 48 88 48 89 907 1079 1080 1082
420 0 -1
736 16 91 18 91 908 1080 1081 1082
421 0 -1
737 54 42 56 42 909 1081 1082 1084
422 0 -1
742 52 53 56 53 914 1086 1087 1091
423 0 -1
744 90 31 92 31 916 1088 1089 1090
424 0 -1
745 7 16 11 16 917 1089 1090 1094
425 0 -1
748 12 24 14 24 920 1092 1093 1094
426 0 -1
750 69 23 70 23 922 1094 1095 1095
427 0 -1
751 18 89 18 89 923 1095 1096 1096
428 0 -1
752 37 96 37 96 924 1096 1097 1099
429 0 -1
753 82 54 82 54 925 1097 1098 1098
430 0 -1
754 73 24 74 29 926 1098 1099 1104
431 0 -1
755 30 65 32 65 927 1099 1100 1101
432 0 -1
757 51 91 51 91 929 1101 1102 1103
433 0 -1
758 63 12 66 17 930 1102 1103 1110
434 0 -1
759 98 17 99 18 931 1103 1104 1105
435 0 -1
760 37 16 37 17 932 1104 1105 1105
436 0 -1
766 36 60 36 62 938 1110 1111 1112
437 0 -1
767 91 19 93 19 939 1111 1112 1113
438 0 -1
768 25 85 26 85 940 1112 1113 1115
439 0 -1
771 61 3 61 3 943 1115 1116 1116
440 0 -1
772 17 55 19 55 944 1116 1117 1118
441 0 -1
773 13 44 13 44 945 1117 1118 1120
442 0 -1
775 59 19 63 20 947 1119 1120 1124
443 0 -1
777 87 33 89 33 949 1121 1122 1123
444 0 -1
778 84 31 84 33 950 1122 1123 1124
445 0 -1
779 85 27 85 27 951 1123 1124 1126
446 0 -1
781 4 85 5 85 953 1125 1126 1126
447 0 -1
782 23 7 24 8 954 1126 1127 1130
448 0 -1
784 62 77 64 77 956 1128 1129 1130
449 0 -1
787 87 88 89 88 959 1131 1132 1133
450 0 -1
788 91 18 92 18 960 1132 1133 1133
451 0 -1
789 58 10 59 11 961 1133 1134 1137
452 0 -1
790 87 80 88 81 962 1134 1135 1136
453 0 -1
791 18 75 21 76 963 1135 1136 1140
454 0 -1
793 6 26 7 28 965 1137 1138 1140
455 0 -1
794 49 41 51 43 966 1138 1139 1142
456 0 -1
795 59 88 61 88 967 1139 1140 1141
457 0 -1
796 93 63 96 64 968 1140 1141 1144
458 0 -1
797 64 52 64 52 969 1141 1142 1142
459 0 -1
798 13 88 14 90 970 1142 1143 1145
460 0 -1
799 27 77 29 77 971 1143 1144 1145
461 0 -1
800 19 47 22 49 972 1144 1145 1149
462 0 -1
802 76 17 76 19 974 1146 1147 1150
463 0 -1
803 29 73 31 73 975 1147 1148 1149
464 0 -1
805 11 64 14 66 977 1149 1150 1154
465 0 -1
806 72 12 78 14 978 1150 1151 1159
466 0 -1
807 8 7 10 7 979 1151 1152 1153
467 0 -1
810 50 52 50 52 982 1154 1155 1155
468 0 -1
813 64 63 65 63 985 1157 1158 1158
469 0 -1
818 54 53 56 53 990 1162 1163 1164
470 0 -1
820 40 54 40 54 992 1164 1165 1167
471 0 -1
824 11 18 12 18 996 1168 1169 1170
472 0 -1
825 8 68 10 69 997 1169 1170 1172
473 0 -1
827 30 85 30 85 999 1171 1172 1172
474 0 -1
828 94 91 97 95 1000 1172 1173 1182
475 0 -1
830 63 65 66 65 1002 1174 1175 1177
476 0 -1
831 84 7 84 8 1003 1175 1176 1176
477 0 -1
833 37 32 38 32 1005 1177 1178 1179
478 0 -1
834 15 39 16 39 1006 1178 1179 1180
479 0 -1
835 84 12 86 19 1007 1179 1180 1189
480 0 -1
839 96 53 97 54 1011 1183 1184 1185
481 0 -1
841 0 98 4 98 1013 1185 1186 1189
482 0 -1
842 11 45 12 45 1014 1186 1187 1188
483 0 -1
844 13 85 13 85 1016 1188 1189 1193
484 0 -1
845 40 90 41 91 1017 1189 1190 1191
485 0 -1
846 30 84 35 85 1018 1190 1191 1196
486 0 -1
847 2 66 3 66 1019 1191 1192 1192
487 0 -1
850 25 37 28 37 1022 1194 1195 1197
488 0 -1
851 36 38 39 38 1023 1195 1196 1199
489 0 -1
854 97 20 97 21 1026 1198 1199 1199
490 0 -1
856 29 17 29 18 1028 1200 1201 1203
491 0 -1
859 64 83 66 86 1031 1203 1204 1208
492 0 -1
860 22 66 22 67 1032 1204 1205 1205
493 0 -1
861 90 81 90 83 1033 1205 1206 1207
494 0 -1
864 20 90 23 90 1036 1208 1209 1211
495 0 -1
867 78 29 79 29 1039 1211 1212 1212
496 0 -1
868 58 85 59 85 1040 1212 1213 1214
497 0 -1
871 25 99 25 97 1043 1215 1216 1231
498 0 -1
873 48 79 50 79 1045 1217 1218 1219
499 0 -1
874 77 68 80 69 1046 1218 1219 1223
500 0 -1
875 70 83 72 83 1047 1219 1220 1222
501 0 -1
877 99 72 98 73 1049 1221 1222 1224
502 0 -1
878 33 84 35 84 1050 1222 1223 1224
503 0 -1
879 74 10 76 10 1051 1223 1224 1225
504 0 -1
880 87 69 90 69 1052 1224 1225 1228
505 0 -1
881 58 97 63 97 1053 1225 1226 1231
506 0 -1
882 61 76 62 76 1054 1226 1227 1228
507 0 -1
885 61 43 62 43 1057 1229 1230 1230
508 0 -1
887 60 1 60 1 1059 1231 1232 1234
509 0 -1
889 36 94 38 95 1061 1233 1234 1236
510 0 -1
891 26 20 26 22 1063 1235 1236 1237
511 0 -1
893 11 36 12 36 1065 1237 1238 1239
512 0 -1
894 67 65 67 66 1066 1238 1239 1241
513 0 -1
895 60 87 62 88 1067 1239 1240 1242
514 0 -1
896 80 9 81 10 1068 1240 1241 1242
515 0 -1
897 59 0 59 0 1069 1241 1242 1242
516 0 -1
898 9 82 10 83 1070 1242 1243 1244
517 0 -1
899 70 30 72 30 1071 1243 1244 1245
518 0 -1
900 88 88 90 89 1072 1244 1245 1250
519 0 -1
901 24 28 25 28 1073 1245 1246 1247
520 0 -1
902 28 32 29 32 1074 1246 1247 1247
521 0 -1
905 91 48 92 48 1077 1249 1250 1250
522 0 -1
910 22 80 22 80 1082 1254 1255 1255
523 0 -1
912 58 16 63 18 1084 1256 1257 1266
524 0 -1
914 35 10 35 14 1086 1258 1259 1265
525 0 -1
917 14 94 16 95 1089 1261 1262 1265
526 0 -1
919 78 28 80 28 1091 1263 1264 1265
527 0 -1
920 99 29 98 31 1092 1264 1265 1267
528 0 -1
921 1 18 2 18 1093 1265 1266 1266
529 0 -1
923 21 78 21 78 1095 1267 1268 1268
530 0 -1
925 38 82 38 83 1097 1269 1270 1272
531 0 -1
926 31 26 32 30 1098 1270 1271 1279
532 0 -1
927 0 86 2 86 1099 1271 1272 1274
533 0 -1
928 50 57 51 57 1100 1272 1273 1276
534 0 -1
929 89 41 89 41 1101 1273 1274 1274
535 0 -1
931 83 10 84 10 1103 1275 1276 1277
536 0 -1
933 15 44 20 46 1105 1277 1278 1284
537 0 -1
935 5 43 7 43 1107 1279 1280 1281
538 0 -1
936 44 94 44 94 1108 1280 1281 1281
539 0 -1
937 66 75 67 78 1109 1281 1282 1285
540 0 -1
938 67 45 70 46 1110 1282 1283 1286
541 0 -1
940 15 21 17 21 1112 1284 1285 1286
542 0 -1
942 76 34 77 34 1114 1286 1287 1287
543 0 -1
943 37 70 41 72 1115 1287 1288 1294
544 0 -1
944 77 47 77 48 1116 1288 1289 1289
545 0 -1
945 66 81 68 81 1117 1289 1290 1292
546 0 -1
947 84 0 86 10 1119 1291 1292 1304
547 0 -1
948 52 1 55 1 1120 1292 1293 1295
548 0 -1
950 9 17 10 18 1122 1294 1295 1296
549 0 -1
951 78 39 78 40 1123 1295 1296 1297
550 0 -1
954 56 68 58 68 1126 1298 1299 1300
551 0 -1
955 99 83 98 83 1127 1299 1300 1300
552 0 -1
957 7 5 8 7 1129 1301 1302 1304
553 0 -1
958 90 84 91 84 1130 1302 1303 1303
554 0 -1
963 22 51 24 52 1135 1307 1308 1310
555 0 -1
964 24 45 25 46 1136 1308 1309 1310
556 0 -1
966 27 34 28 34 1138 1310 1311 1312
557 0 -1
969 73 74 74 75 1141 1313 1314 1315
558 0 -1
972 23 10 28 11 1144 1316 1317 1322
559 0 -1
973 95 95 97 97 1145 1317 1318 1321
560 0 -1
974 28 8 31 13 1146 1318 1319 1328
561 0 -1
976 83 16 86 16 1148 1320 1321 1325
562 0 -1
979 0 69 0 69 1151 1323 1324 1327
563 0 -1
981 28 20 28 21 1153 1325 1326 1326
564 0 -1
983 15 96 18 96 1155 1327 1328 1330
565 0 -1
984 82 95 84 95 1156 1328 1329 1334
566 0 -1
987 13 44 14 46 1159 1331 1332 1335
567 0 -1
989 5 12 6 14 1161 1333 1334 1336
568 0 -1
990 58 96 61 97 1162 1334 1335 1338
569 0 -1
992 53 0 56 1 1164 1336 1337 1340
570 0 -1
993 54 62 55 62 1165 1337 1338 1339
571 0 -1
994 74 67 78 67 1166 1338 1339 1342
572 0 -1
996 97 52 97 54 1168 1340 1341 1342
573 0 -1
997 79 20 81 20 1169 1341 1342 1343
574 0 -1
998 53 85 53 85 1170 1342 1343 1343
575 0 -1
999 53 57 55 57 1171 1343 1344 1345
576 0 -1
1001 50 79 84 84 1173 1345 1346 1394
577 0 -1
1004 6 31 6 32 1176 1348 1349 1350
578 0 -1
1008 46 42 47 42 1180 1352 1353 1353
579 0 -1
1010 85 72 86 73 1182 1354 1355 1356
580 0 -1
1012 19 66 19 67 1184 1356 1357 1357
581 0 -1
1015 4 67 5 67 1187 1359 1360 1360
582 0 -1
1016 97 22 98 22 1188 1360 1361 1361
583 0 -1
1017 77 75 77 76 1189 1361 1362 1364
584 0 -1
1018 43 13 43 14 1190 1362 1363 1376
585 0 -1
1019 91 58 96 62 1191 1363 1364 1373
586 0 -1
1020 0 35 2 35 1192 1364 1365 1367
587 0 -1
1021 15 87 16 87 1193 1365 1366 1366
588 0 -1
1022 36 63 40 67 1194 1366 1367 1380
589 0 -1
1025 72 20 73 24 1197 1369 1370 1374
590 0 -1
1027 18 64 19 64 1199 1371 1372 1372
591 0 -1
1028 76 54 76 55 1200 1372 1373 1373
592 0 -1
1031 84 45 90 47 1203 1375 1376 1384
593 0 -1
1032 87 83 94 83 1204 1376 1377 1383
594 0 -1
1033 80 8 84 8 1205 1377 1378 1381
595 0 -1
1035 74 18 74 20 1207 1379 1380 1381
596 0 -1
1036 73 85 73 87 1208 1380 1381 1382
597 0 -1
1037 68 26 68 26 1209 1381 1382 1382
598 0 -1
1039 47 67 48 67 1211 1383 1384 1384
599 0 -1
1040 76 93 77 93 1212 1384 1385 1385
600 0 -1
1042 74 29 84 29 1214 1386 1387 1397
601 0 -1
1044 20 61 20 61 1216 1388 1389 1392
602 0 -1
1045 37 3 40 3 1217 1389 1390 1392
603 0 -1
1051 82 30 82 30 1223 1395 1396 1396
604 0 -1
1053 61 8 62 8 1225 1397 1398 1398
605 0 -1
1056 29 47 29 49 1228 1400 1401 1402
606 0 -1
1057 40 67 40 68 1229 1401 1402 1403
607 0 -1
1059 55 36 56 36 1231 1403 1404 1407
608 0 -1
1060 23 67 26 68 1232 1404 1405 1409
609 0 -1
1063 81 61 81 64 1235 1407 1408 1410
610 0 -1
1065 52 89 55 89 1237 1409 1410 1412
611 0 -1
1066 49 70 51 70 1238 1410 1411 1412
612 0 -1
1067 56 33 57 33 1239 1411 1412 1412
613 0 -1
1070 36 96 39 88 1242 1414 1415 1426
614 0 -1
1071 75 63 80 63 1243 1415 1416 1420
615 0 -1
1073 55 26 61 27 1245 1417 1418 1432
616 0 -1
1074 73 25 74 25 1246 1418 1419 1419
617 0 -1
1075 36 61 36 63 1247 1419 1420 1422
618 0 -1
1078 55 37 56 39 1250 1422 1423 1426
619 0 -1
1082 8 87 8 87 1254 1426 1427 1427
620 0 -1
1083 17 55 18 55 1255 1427 1428 1429
621 0 -1
1084 49 41 50 45 1256 1428 1429 1434
622 0 -1
1085 29 80 32 80 1257 1429 1430 1432
623 0 -1
1086 83 97 87 97 1258 1430 1431 1434
624 0 -1
1090 46 41 46 42 1262 1434 1435 1435
625 0 -1
1091 85 96 87 97 1263 1435 1436 1439
626 0 -1
1092 13 27 13 28 1264 1436 1437 1437
627 0 -1
1095 61 96 61 99 1267 1439 1440 1442
628 0 -1
1097 28 15 30 15 1269 1441 1442 1444
629 0 -1
1098 70 63 72 65 1270 1442 1443 1446
630 0 -1
1099 35 92 36 92 1271 1443 1444 1448
631 0 -1
1100 59 54 64 54 1272 1444 1445 1449
632 0 -1
1102 48 12 48 14 1274 1446 1447 1449
633 0 -1
1103 66 95 69 98 1275 1447 1448 1454
634 0 -1
1104 29 38 30 38 1276 1448 1449 1449
635 0 -1
1105 52 41 53 41 1277 1449 1450 1450
636 0 -1
1107 43 9 46 15 1279 1451 1452 1461
637 0 -1
1109 3 8 6 8 1281 1453 1454 1456
638 0 -1
1111 36 48 38 48 1283 1455 1456 1457
639 0 -1
1113 28 11 28 11 1285 1457 1458 1458
640 0 -1
1114 20 29 20 30 1286 1458 1459 1459
641 0 -1
1115 4 20 6 20 1287 1459 1460 1462
642 0 -1
1116 66 81 67 90 1288 1460 1461 1471
643 0 -1
1118 87 84 87 86 1290 1462 1463 1464
644 0 -1
1120 57 42 59 42 1292 1464 1465 1466
645 0 -1
1121 14 23 14 23 1293 1465 1466 1466
646 0 -1
1122 92 33 95 33 1294 1466 1467 1469
647 0 -1
1124 97 35 93 37 1296 1468 1469 1475
648 0 -1
1125 63 5 64 5 1297 1469 1470 1471
649 0 -1
1126 0 79 8 83 1298 1470 1471 1482
650 0 -1
1129 47 75 48 75 1301 1473 1474 1474
651 0 -1
1130 96 32 96 33 1302 1474 1475 1475
652 0 -1
1132 77 18 78 19 1304 1476 1477 1478
653 0 -1
1133 79 88 79 89 1305 1477 1478 1480
654 0 -1
1137 96 63 92 63 1309 1481 1482 1485
655 0 -1
1138 67 6 67 7 1310 1482 1483 1483
656 0 -1
1139 53 61 53 61 1311 1483 1484 1484
657 0 -1
1141 72 3 74 3 1313 1485 1486 1487
658 0 -1
1142 28 91 29 91 1314 1486 1487 1489
659 0 -1
1144 4 25 7 25 1316 1488 1489 1491
660 0 -1
1147 15 16 19 16 1319 1491 1492 1495
661 0 -1
1150 7 89 8 89 1322 1494 1495 1495
662 0 -1
1151 2 33 2 33 1323 1495 1496 1497
663 0 -1
1154 96 94 97 94 1326 1498 1499 1499
664 0 -1
1156 8 67 10 67 1328 1500 1501 1502
665 0 -1
1157 0 73 0 75 1329 1501 1502 1506
666 0 -1
1158 55 32 57 34 1330 1502 1503 1506
667 0 -1
1159 33 35 34 35 1331 1503 1504 1505
668 0 -1
1164 69 15 71 15 1336 1508 1509 1511
669 0 -1
1166 59 67 60 69 1338 1510 1511 1513
670 0 -1
1169 60 75 63 75 1341 1513 1514 1516
671 0 -1
1170 98 83 98 85 1342 1514 1515 1517
672 0 -1
1171 98 66 89 66 1343 1515 1516 1524
673 0 -1
1172 26 25 26 26 1344 1516 1517 1517
674 0 -1
1174 6 72 11 72 1346 1518 1519 1525
675 0 -1
1175 28 0 31 0 1347 1519 1520 1522
676 0 -1
1176 88 81 90 81 1348 1520 1521 1522
677 0 -1
1177 24 71 24 71 1349 1521 1522 1523
678 0 -1
1179 39 37 39 37 1351 1523 1524 1524
679 0 -1
1186 74 29 75 29 1358 1530 1531 1532
680 0 -1
1187 72 42 73 43 1359 1531 1532 1533
681 0 -1
1188 24 46 25 46 1360 1532 1533 1533
682 0 -1
1190 3 36 3 36 1362 1534 1535 1535
683 0 -1
1191 28 50 30 50 1363 1535 1536 1537
684 0 -1
1194 90 10 91 11 1366 1538 1539 1540
685 0 -1
1195 67 75 69 76 1367 1539 1540 1542
686 0 -1
1197 63 95 64 95 1369 1541 1542 1544
687 0 -1
1198 3 95 7 95 1370 1542 1543 1546
688 0 -1
1201 77 58 81 58 1373 1545 1546 1550
689 0 -1
1202 90 43 90 43 1374 1546 1547 1547
690 0 -1
1203 65 77 65 77 1375 1547 1548 1548
691 0 -1
1205 67 79 67 79 1377 1549 1550 1552
692 0 -1
1207 43 96 43 99 1379 1551 1552 1555
693 0 -1
1208 21 5 22 6 1380 1552 1553 1554
694 0 -1
1209 3 5 4 5 1381 1553 1554 1554
695 0 -1
1211 46 21 49 21 1383 1555 1556 1559
696 0 -1
1214 36 87 38 91 1386 1558 1559 1564
697 0 -1
1217 2 24 4 24 1389 1561 1562 1563
698 0 -1
1218 49 74 49 74 1390 1562 1563 1563
699 0 -1
1219 41 2 43 7 1391 1563 1564 1570
700 0 -1
1220 46 46 46 47 1392 1564 1565 1565
701 0 -1
1222 41 76 42 76 1394 1566 1567 1569
702 0 -1
1223 96 86 92 86 1395 1567 1568 1571
703 0 -1
1226 20 18 20 18 1398 1570 1571 1573
704 0 -1
1227 41 83 41 83 1399 1571 1572 1572
705 0 -1
1229 22 6 22 6 1401 1573 1574 1574
706 0 -1
1230 1 92 2 94 1402 1574 1575 1579
707 0 -1
1231 57 47 58 47 1403 1575 1576 1576
708 0 -1
1233 80 67 80 69 1405 1577 1578 1579
709 0 -1
1235 55 62 55 65 1407 1579 1580 1583
710 0 -1
1236 62 89 65 89 1408 1580 1581 1585
711 0 -1
1237 36 85 38 85 1409 1581 1582 1586
712 0 -1
1238 61 68 65 69 1410 1582 1583 1587
713 0 -1
1240 91 16 95 16 1412 1584 1585 1588
714 0 -1
1241 54 15 55 15 1413 1585 1586 1586
715 0 -1
1242 70 93 71 82 1414 1586 1587 1599
716 0 -1
1243 76 72 77 72 1415 1587 1588 1589
717 0 -1
1244 11 56 15 56 1416 1588 1589 1595
718 0 -1
1246 18 61 26 61 1418 1590 1591 1599
719 0 -1
1250 42 12 43 12 1422 1594 1595 1595
720 0 -1
1254 53 60 55 61 1426 1598 1599 1605
721 0 -1
1255 7 83 7 86 1427 1599 1600 1603
722 0 -1
1258 64 2 68 8 1430 1602 1603 1618
723 0 -1
1259 26 50 31 53 1431 1603 1604 1621
724 0 -1
1260 1 39 7 39 1432 1604 1605 1610
725 0 -1
1261 93 82 93 82 1433 1605 1606 1612
726 0 -1
1263 3 17 7 20 1435 1607 1608 1614
727 0 -1
1264 69 47 71 47 1436 1608 1609 1612
728 0 -1
1265 63 46 65 46 1437 1609 1610 1611
729 0 -1
1266 96 99 96 100 1438 1610 1611 1611
730 0 -1
1268 44 73 45 75 1440 1612 1613 1615
731 0 -1
1276 23 56 23 57 1448 1620 1621 1621
732 0 -1
1277 50 75 52 78 1449 1621 1622 1626
733 0 -1
1281 76 77 77 77 1453 1625 1626 1627
734 0 -1
1284 69 25 71 25 1456 1628 1629 1630
735 0 -1
1287 71 11 71 11 1459 1631 1632 1635
736 0 -1
1290 92 40 97 40 1462 1634 1635 1641
737 0 -1
1291 79 85 82 85 1463 1635 1636 1638
738 0 -1
1292 57 41 78 44 1464 1636 1637 1662
739 0 -1
1297 31 3 33 3 1469 1641 1642 1644
740 0 -1
1298 11 68 11 69 1470 1642 1643 1643
741 0 -1
1299 41 36 41 36 1471 1643 1644 1646
742 0 -1
1300 44 89 46 89 1472 1644 1645 1646
743 0 -1
1307 60 21 61 21 1479 1651 1652 1652
744 0 -1
1309 68 66 70 66 1481 1653 1654 1655
745 0 -1
1312 85 90 85 90 1484 1656 1657 1658
746 0 -1
1313 86 55 86 56 1485 1657 1658 1658
747 0 -1
1314 33 95 33 97 1486 1658 1659 1662
748 0 -1
1315 6 69 9 71 1487 1659 1660 1664
749 0 -1
1316 42 50 44 50 1488 1660 1661 1662
750 0 -1
1317 7 76 8 76 1489 1661 1662 1663
751 0 -1
1318 61 66 61 66 1490 1662 1663 1665
752 0 -1
1319 77 49 78 49 1491 1663 1664 1665
753 0 -1
1320 90 34 91 34 1492 1664 1665 1665
754 0 -1
1321 78 8 79 8 1493 1665 1666 1667
755 0 -1
1323 94 15 94 17 1495 1667 1668 1669
756 0 -1
1324 21 46 24 47 1496 1668 1669 1673
757 0 -1
1325 91 65 91 70 1497 1669 1670 1675
758 0 -1
1326 25 79 25 79 1498 1670 1671 1671
759 0 -1
1327 15 91 21 95 1499 1671 1672 1681
760 0 -1
1329 55 84 57 84 1501 1673 1674 1675
761 0 -1
1332 89 48 89 49 1504 1676 1677 1678
762 0 -1
1333 44 52 44 52 1505 1677 1678 1678
763 0 -1
1335 62 53 70 57 1507 1679 1680 1695
764 0 -1
1336 51 22 52 22 1508 1680 1681 1681
765 0 -1
1338 62 93 64 94 1510 1682 1683 1685
766 0 -1
1340 95 96 89 97 1512 1684 1685 1691
767 0 -1
1342 61 85 64 85 1514 1686 1687 1689
768 0 -1
1344 73 23 75 23 1516 1688 1689 1690
769 0 -1
1345 61 31 62 31 1517 1689 1690 1690
770 0 -1
1347 77 44 79 45 1519 1691 1692 1694
771 0 -1
1348 5 58 6 62 1520 1692 1693 1697
772 0 -1
1349 57 74 59 77 1521 1693 1694 1699
773 0 -1
1354 55 14 58 14 1526 1698 1699 1701
774 0 -1
1355 63 55 68 55 1527 1699 1700 1704
775 0 -1
1359 93 23 96 24 1531 1703 1704 1708
776 0 -1
1362 63 64 64 65 1534 1706 1707 1708
777 0 -1
1365 99 78 99 78 1537 1709 1710 1710
778 0 -1
1368 67 25 69 25 1540 1712 1713 1714
779 0 -1
1369 64 24 64 35 1541 1713 1714 1748
780 0 -1
1370 10 12 10 12 1542 1714 1715 1716
781 0 -1
1372 77 68 81 68 1544 1716 1717 1721
782 0 -1
1374 70 20 71 21 1546 1718 1719 1720
783 0 -1
1375 1 32 7 33 1547 1719 1720 1726
784 0 -1
1376 25 52 25 52 1548 1720 1721 1721
785 0 -1
1377 7 3 8 3 1549 1721 1722 1724
786 0 -1
1378 98 14 99 14 1550 1722 1723 1723
787 0 -1
1379 78 3 78 6 1551 1723 1724 1727
788 0 -1
1381 7 21 7 23 1553 1725 1726 1728
789 0 -1
1382 11 27 14 27 1554 1726 1727 1729
790 0 -1
1383 92 91 94 91 1555 1727 1728 1729
791 0 -1
1385 45 70 49 72 1557 1729 1730 1735
792 0 -1
1386 5 65 6 66 1558 1730 1731 1733
793 0 -1
1387 52 92 63 92 1559 1731 1732 1742
794 0 -1
1388 20 46 21 47 1560 1732 1733 1735
795 0 -1
1389 85 9 87 9 1561 1733 1734 1735
796 0 -1
1390 99 97 98 97 1562 1734 1735 1736
797 0 -1
1391 98 9 98 11 1563 1735 1736 1737
798 0 -1
1393 78 47 78 48 1565 1737 1738 1739
799 0 -1
1395 69 96 69 97 1567 1739 1740 1747
800 0 -1
1396 61 9 62 9 1568 1740 1741 1741
801 0 -1
1400 17 66 17 66 1572 1744 1745 1747
802 0 -1
1401 69 22 72 22 1573 1745 1746 1748
803 0 -1
1402 67 69 73 70 1574 1746 1747 1753
804 0 -1
1403 14 76 16 76 1575 1747 1748 1749
805 0 -1
1406 22 97 23 97 1578 1750 1751 1751
806 0 -1
1411 3 89 3 91 1583 1755 1756 1757
807 0 -1
1412 35 31 41 31 1584 1756 1757 1762
808 0 -1
1413 53 34 54 34 1585 1757 1758 1758
809 0 -1
1414 29 5 30 6 1586 1758 1759 1760
810 0 -1
1415 3 50 3 50 1587 1759 1760 1761
811 0 -1
1417 46 33 46 34 1589 1761 1762 1762
812 0 -1
1418 32 31 35 32 1590 1762 1763 1767
813 0 -1
1419 96 81 96 81 1591 1763 1764 1770
814 0 -1
1420 17 98 18 94 1592 1764 1765 1772
815 0 -1
1423 34 41 34 41 1595 1767 1768 1768
816 0 -1
1426 39 58 41 58 1598 1770 1771 1772
817 0 -1
1428 34 88 34 90 1600 1772 1773 1775
818 0 -1
1429 17 54 17 54 1601 1773 1774 1775
819 0 -1
1430 37 34 37 35 1602 1774 1775 1775
820 0 -1
1431 60 16 61 18 1603 1775 1776 1778
821 0 -1
1432 71 30 72 30 1604 1776 1777 1777
822 0 -1
1434 43 72 44 72 1606 1778 1779 1779
823 0 -1
1435 97 36 91 36 1607 1779 1780 1786
824 0 -1
1436 59 79 59 81 1608 1780 1781 1782
825 0 -1
1438 23 71 24 72 1610 1782 1783 1786
826 0 -1
1439 57 68 57 68 1611 1783 1784 1784
827 0 -1
1440 26 4 26 4 1612 1784 1785 1787
828 0 -1
1441 1 30 3 34 1613 1785 1786 1792
829 0 -1
1442 83 6 85 6 1614 1786 1787 1788
830 0 -1
1443 46 64 48 66 1615 1787 1788 1792
831 0 -1
1444 35 63 36 64 1616 1788 1789 1790
832 0 -1
1446 42 96 42 100 1618 1790 1791 1796
833 0 -1
1447 15 17 16 18 1619 1791 1792 1793
834 0 -1
1448 29 82 30 82 1620 1792 1793 1794
835 0 -1
1452 60 55 60 56 1624 1796 1797 1797
836 0 -1
1454 46 84 46 85 1626 1798 1799 1802
837 0 -1
1455 0 83 0 85 1627 1799 1800 1801
838 0 -1
1456 16 77 17 77 1628 1800 1801 1801
839 0 -1
1457 10 7 16 7 1629 1801 1802 1807
840 0 -1
1458 99 80 92 81 1630 1802 1803 1812
841 0 -1
1461 34 99 36 100 1633 1805 1806 1808
842 0 -1
1462 42 35 46 35 1634 1806 1807 1810
843 0 -1
1463 9 5 10 5 1635 1807 1808 1809
844 0 -1
1465 53 71 55 71 1637 1809 1810 1811
845 0 -1
1466 93 89 93 91 1638 1810 1811 1812
846 0 -1
1468 10 16 10 16 1640 1812 1813 1813
847 0 -1
1469 85 16 85 16 1641 1813 1814 1818
848 0 -1
1470 89 37 90 37 1642 1814 1815 1815
849 0 -1
1472 58 3 61 4 1644 1816 1817 1821
850 0 -1
1473 92 82 92 84 1645 1817 1818 1822
851 0 -1
1474 29 63 38 63 1646 1818 1819 1829
852 0 -1
1475 23 23 25 23 1647 1819 1820 1821
853 0 -1
1478 69 93 72 96 1650 1822 1823 1828
854 0 -1
1479 34 87 35 87 1651 1823 1824 1825
855 0 -1
1481 61 72 61 73 1653 1825 1826 1827
856 0 -1
1483 45 70 47 77 1655 1827 1828 1838
857 0 -1
1486 94 64 98 65 1658 1830 1831 1835
858 0 -1
1487 33 35 36 36 1659 1831 1832 1835
859 0 -1
1493 73 42 73 44 1665 1837 1838 1839
860 0 -1
1495 47 96 48 96 1667 1839 1840 1840
861 0 -1
1496 90 48 90 48 1668 1840 1841 1844
862 0 -1
1497 23 49 23 49 1669 1841 1842 1845
863 0 -1
1499 84 4 86 4 1671 1843 1844 1845
864 0 -1
1500 38 62 39 63 1672 1844 1845 1846
865 0 -1
1501 69 15 75 17 1673 1845 1846 1853
866 0 -1
1502 27 26 29 26 1674 1846 1847 1850
867 0 -1
1504 83 15 93 18 1676 1848 1849 1861
868 0 -1
1505 39 95 49 95 1677 1849 1850 1859
869 0 -1
1506 41 55 41 57 1678 1850 1851 1852
870 0 -1
1507 13 8 14 10 1679 1851 1852 1854
871 0 -1
1508 85 1 87 1 1680 1852 1853 1858
872 0 -1
1509 20 61 20 62 1681 1853 1854 1854
873 0 -1
1511 14 42 15 43 1683 1855 1856 1857
874 0 -1
1513 73 21 74 24 1685 1857 1858 1862
875 0 -1
1515 98 7 99 7 1687 1859 1860 1860
876 0 -1
1516 92 43 94 43 1688 1860 1861 1863
877 0 -1
1517 99 23 98 25 1689 1861 1862 1864
878 0 -1
1518 58 62 61 62 1690 1862 1863 1865
879 0 -1
1519 73 12 77 12 1691 1863 1864 1867
880 0 -1
1521 7 30 11 30 1693 1865 1866 1869
881 0 -1
1522 34 86 36 86 1694 1866 1867 1868
882 0 -1
1523 63 54 64 54 1695 1867 1868 1869
883 0 -1
1527 90 85 93 85 1699 1871 1872 1875
884 0 -1
1528 86 68 87 68 1700 1872 1873 1873
885 0 -1
1533 90 96 91 96 1705 1877 1878 1878
886 0 -1
1534 8 56 8 57 1706 1878 1879 1887
887 0 -1
1535 5 47 7 47 1707 1879 1880 1882
888 0 -1
1536 72 84 72 85 1708 1880 1881 1882
889 0 -1
1538 32 47 36 47 1710 1882 1883 1886
890 0 -1
1540 4 68 4 69 1712 1884 1885 1885
891 0 -1
1543 93 96 93 99 1715 1887 1888 1890
892 0 -1
1544 70 39 71 39 1716 1888 1889 1890
893 0 -1
1545 23 44 23 45 1717 1889 1890 1891
894 0 -1
1547 80 85 82 88 1719 1891 1892 1896
895 0 -1
1550 72 9 72 9 1722 1894 1895 1896
896 0 -1
1551 0 6 0 8 1723 1895 1896 1897
897 0 -1
1552 80 29 85 29 1724 1896 1897 1901
898 0 -1
1554 79 32 80 34 1726 1898 1899 1902
899 0 -1
1555 0 87 1 88 1727 1899 1900 1901
900 0 -1
1556 18 25 19 25 1728 1900 1901 1902
901 0 -1
1559 59 14 64 14 1731 1903 1904 1909
902 0 -1
1560 61 93 63 96 1732 1904 1905 1910
903 0 -1
1562 95 40 97 40 1734 1906 1907 1908
904 0 -1
1563 2 8 2 17 1735 1907 1908 1917
905 0 -1
1564 18 64 20 64 1736 1908 1909 1910
906 0 -1
1566 72 83 74 83 1738 1910 1911 1912
907 0 -1
1567 4 33 7 34 1739 1911 1912 1915
908 0 -1
1573 54 49 60 49 1745 1917 1918 1925
909 0 -1
1575 11 20 12 20 1747 1919 1920 1920
910 0 -1
1576 68 64 68 65 1748 1920 1921 1922
911 0 -1
1577 15 14 17 14 1749 1921 1922 1923
912 0 -1
1579 95 27 95 30 1751 1923 1924 1926
913 0 -1
1580 57 62 58 62 1752 1924 1925 1926
914 0 -1
1582 98 71 98 71 1754 1926 1927 1927
915 0 -1
1584 96 27 97 27 1756 1928 1929 1929
916 0 -1
1587 14 94 22 95 1759 1931 1932 1943
917 0 -1
1588 37 91 39 92 1760 1932 1933 1936
918 0 -1
1589 24 48 25 49 1761 1933 1934 1935
919 0 -1
1590 12 2 14 2 1762 1934 1935 1937
920 0 -1
1591 15 78 15 79 1763 1935 1936 1940
921 0 -1
1593 47 56 48 57 1765 1937 1938 1941
922 0 -1
1594 85 35 86 36 1766 1938 1939 1940
923 0 -1
1596 92 77 94 77 1768 1940 1941 1942
924 0 -1
1598 9 66 10 66 1770 1942 1943 1943
925 0 -1
1599 80 2 80 6 1771 1943 1944 1947
926 0 -1
1600 4 10 5 10 1772 1944 1945 1945
927 0 -1
1603 73 66 73 66 1775 1947 1948 1948
928 0 -1
1606 6 78 8 78 1778 1950 1951 1952
929 0 -1
1608 16 25 16 26 1780 1952 1953 1953
930 0 -1
1609 88 34 89 35 1781 1953 1954 1955
931 0 -1
1610 21 33 22 33 1782 1954 1955 1955
932 0 -1
1611 21 48 21 50 1783 1955 1956 1957
933 0 -1
1613 80 27 82 27 1785 1957 1958 1959
934 0 -1
1615 61 53 61 54 1787 1959 1960 1960
935 0 -1
1618 26 89 27 90 1790 1962 1963 1965
936 0 -1
1620 97 70 92 70 1792 1964 1965 1969
937 0 -1
1621 21 1 25 3 1793 1965 1966 1972
938 0 -1
1623 7 59 12 59 1795 1967 1968 1972
939 0 -1
1624 93 47 94 47 1796 1968 1969 1969
940 0 -1
1625 74 62 76 62 1797 1969 1970 1972
941 0 -1
1626 85 5 87 5 1798 1970 1971 1972
942 0 -1
1627 39 39 51 40 1799 1971 1972 1984
943 0 -1
1629 69 48 69 48 1801 1973 1974 1974
944 0 -1
1631 76 65 76 67 1803 1975 1976 1977
945 0 -1
1633 77 58 85 60 1805 1977 1978 1987
946 0 -1
1634 0 44 0 44 1806 1978 1979 1980
947 0 -1
1637 99 66 99 67 1809 1981 1982 1982
948 0 -1
1638 80 99 82 99 1810 1982 1983 1985
949 0 -1
1640 41 10 45 15 1812 1984 1985 1994
950 0 -1
1641 88 54 88 55 1813 1985 1986 1988
951 0 -1
1642 30 42 30 42 1814 1986 1987 1990
952 0 -1
1645 28 84 28 84 1817 1989 1990 1990
953 0 -1
1648 29 85 31 85 1820 1992 1993 1994
954 0 -1
1649 68 78 69 78 1821 1993 1994 1995
955 0 -1
1650 99 16 99 17 1822 1994 1995 1995
956 0 -1
1656 77 26 79 26 1828 2000 2001 2004
957 0 -1
1657 82 85 85 85 1829 2001 2002 2004
958 0 -1
1659 18 4 20 4 1831 2003 2004 2007
959 0 -1
1660 58 51 60 51 1832 2004 2005 2008
960 0 -1
1661 9 96 15 97 1833 2005 2006 2012
961 0 -1
1662 84 59 84 59 1834 2006 2007 2013
962 0 -1
1663 14 55 21 55 1835 2007 2008 2014
963 0 -1
1664 54 99 55 100 1836 2008 2009 2010
964 0 -1
1665 46 73 46 74 1837 2009 2010 2010
965 0 -1
1668 69 66 72 66 1840 2012 2013 2015
966 0 -1
1671 60 74 60 76 1843 2015 2016 2023
967 0 -1
1672 37 40 38 43 1844 2016 2017 2020
968 0 -1
1673 95 51 90 51 1845 2017 2018 2022
969 0 -1
1675 20 66 21 66 1847 2019 2020 2020
970 0 -1
1676 99 46 98 46 1848 2020 2021 2023
971 0 -1
1678 81 99 84 99 1850 2022 2023 2025
972 0 -1
1679 95 40 90 40 1851 2023 2024 2030
973 0 -1
1680 55 46 56 46 1852 2024 2025 2028
974 0 -1
1683 1 37 4 41 1855 2027 2028 2034
975 0 -1
1685 72 64 75 64 1857 2029 2030 2032
976 0 -1
1686 5 9 7 9 1858 2030 2031 2040
977 0 -1
1687 88 25 90 25 1859 2031 2032 2035
978 0 -1
1688 58 69 64 69 1860 2032 2033 2038
979 0 -1
1690 27 46 30 46 1862 2034 2035 2038
980 0 -1
1691 2 27 4 27 1863 2035 2036 2037
981 0 -1
1692 46 83 46 84 1864 2036 2037 2039
982 0 -1
1694 15 20 15 20 1866 2038 2039 2039
983 0 -1
1695 10 42 13 42 1867 2039 2040 2043
984 0 -1
1696 14 99 15 97 1868 2040 2041 2043
985 0 -1
1697 35 27 37 27 1869 2041 2042 2043
986 0 -1
1698 36 25 37 26 1870 2042 2043 2044
987 0 -1
1700 36 13 36 13 1872 2044 2045 2046
988 0 -1
1702 48 55 50 61 1874 2046 2047 2060
989 0 -1
1703 96 96 97 96 1875 2047 2048 2048
990 0 -1
1704 44 81 45 83 1876 2048 2049 2051
991 0 -1
1709 92 74 95 74 1881 2053 2054 2056
992 0 -1
1712 62 24 64 25 1884 2056 2057 2059
993 0 -1
1714 22 54 23 57 1886 2058 2059 2062
994 0 -1
1717 17 25 19 27 1889 2061 2062 2065
995 0 -1
1718 15 71 16 71 1890 2062 2063 2064
996 0 -1
1720 14 11 20 11 1892 2064 2065 2070
997 0 -1
1722 12 42 12 43 1894 2066 2067 2067
998 0 -1
1723 44 28 44 29 1895 2067 2068 2069
999 0 -1
1725 40 18 42 18 1897 2069 2070 2071
1000 0 -1
1726 34 34 34 34 1898 2070 2071 2073
