100 100 831
16
0 75 65
1 78 66
2 97 63
3 99 4
4 26 17
5 3 21
6 78 87
7 75 75
8 5 4
9 33 83
10 79 38
11 17 99
12 1 48
13 88 25
14 30 44
15 89 86
16
0 0 -1 100 6
0
1 1 -1 100 6
0
2 2 -1 100 6
0
3 3 -1 100 6
0
4 4 -1 100 6
0
5 5 -1 100 6
0
6 6 -1 100 6
0
7 7 -1 100 6
0
8 8 -1 100 6
0
9 9 -1 100 6
0
10 10 -1 100 6
0
11 11 -1 100 6
0
12 12 -1 100 6
0
13 13 -1 100 6
0
14 14 -1 100 6
0
15 15 -1 100 6
0
300
1 8 -1
2 55 15 55 16 140 278 279 281
2 1 -1
5 42 52 44 52 143 281 282 286
3 9 -1
7 3 35 7 35 145 283 284 287
4 14 -1
8 15 96 15 96 146 284 285 293
5 10 -1
9 33 61 38 62 147 285 286 291
6 3 -1
10 76 82 78 84 148 286 287 290
7 13 -1
11 22 39 22 43 149 287 288 293
8 9 -1
12 82 46 83 46 150 288 289 290
9 8 -1
13 78 65 78 66 151 289 290 291
10 1 -1
14 72 37 73 39 152 290 291 293
11 7 -1
15 93 70 96 70 153 291 292 297
12 5 -1
17 21 82 23 83 155 293 294 297
13 3 -1
18 58 7 63 7 156 294 295 300
14 9 -1
19 42 33 42 33 157 295 296 296
15 3 -1
20 29 18 31 18 158 296 297 298
16 14 -1
21 76 51 77 52 159 297 298 299
17 10 -1
22 34 4 36 5 160 298 299 302
18 13 -1
24 61 53 61 53 162 300 301 302
19 13 -1
29 24 52 29 52 167 305 306 311
20 3 -1
30 45 74 47 74 168 306 307 308
21 2 -1
31 52 22 52 23 169 307 308 309
22 11 -1
33 81 31 82 33 171 309 310 315
23 13 -1
35 14 15 15 15 173 311 312 312
24 6 -1
36 94 83 96 83 174 312 313 314
25 1 -1
39 41 28 41 29 177 315 316 316
26 13 -1
40 48 84 48 84 178 316 317 317
27 0 -1
41 96 23 97 24 179 317 318 319
28 6 -1
42 95 15 95 15 180 318 319 319
29 5 -1
43 61 88 62 88 181 319 320 320
30 1 -1
45 95 90 97 90 183 321 322 323
31 4 -1
49 25 53 27 54 187 325 326 328
32 9 -1
52 81 7 88 7 190 328 329 335
33 13 -1
53 81 21 84 22 191 329 330 334
34 12 -1
54 69 3 69 4 192 330 331 331
35 11 -1
56 82 97 91 89 194 332 333 349
36 7 -1
57 8 76 8 76 195 333 334 335
37 12 -1
59 20 97 21 97 197 335 336 336
38 3 -1
61 80 20 80 22 199 337 338 339
39 15 -1
62 45 65 45 73 200 338 339 346
40 1 -1
64 57 9 70 11 202 340 341 359
41 5 -1
69 82 90 82 92 207 345 346 347
42 1 -1
71 37 37 42 40 209 347 348 355
43 3 -1
73 93 82 97 82 211 349 350 354
44 8 -1
76 5 32 5 33 214 352 353 355
45 5 -1
78 86 35 87 35 216 354 355 356
46 1 -1
80 69 98 72 98 218 356 357 359
47 12 -1
81 41 46 42 47 219 357 358 359
48 15 -1
82 49 89 50 92 220 358 359 364
49 8 -1
83 69 31 69 32 221 359 360 364
50 4 -1
84 57 59 58 59 222 360 361 361
51 5 -1
86 4 14 7 19 224 362 363 372
52 15 -1
87 26 36 27 36 225 363 364 364
53 10 -1
90 61 73 61 73 228 366 367 367
54 4 -1
91 84 81 88 81 229 367 368 371
55 11 -1
92 33 85 34 85 230 368 369 369
56 11 -1
93 46 85 48 86 231 369 370 372
57 12 -1
94 63 27 64 31 232 370 371 376
58 7 -1
96 52 52 52 53 234 372 373 374
59 13 -1
103 30 18 33 18 241 379 380 382
60 6 -1
105 56 23 56 24 243 381 382 383
61 4 -1
106 74 90 78 96 244 382 383 392
62 1 -1
107 44 11 44 13 245 383 384 386
63 13 -1
108 22 74 30 74 246 384 385 392
64 1 -1
110 5 51 11 51 248 386 387 394
65 8 -1
111 2 30 3 30 249 387 388 388
66 5 -1
114 4 21 10 21 252 390 391 396
67 2 -1
115 67 31 71 31 253 391 392 396
68 3 -1
116 6 62 6 62 254 392 393 404
69 14 -1
119 31 85 32 85 257 395 396 398
70 0 -1
120 4 93 4 94 258 396 397 397
71 13 -1
122 4 29 5 32 260 398 399 402
72 14 -1
123 79 63 81 64 261 399 400 402
73 10 -1
124 21 7 22 9 262 400 401 404
74 4 -1
127 19 12 20 12 265 403 404 404
75 3 -1
128 2 21 3 38 266 404 405 423
76 3 -1
130 66 23 66 24 268 406 407 407
77 3 -1
132 13 93 19 93 270 408 409 423
78 15 -1
134 4 95 4 96 272 410 411 411
79 9 -1
135 77 24 82 26 273 411 412 422
80 6 -1
136 98 23 99 24 274 412 413 414
81 2 -1
139 11 73 11 73 277 415 416 416
82 1 -1
140 11 8 15 8 278 416 417 420
83 9 -1
141 8 15 11 17 279 417 418 422
84 4 -1
144 65 75 65 75 282 420 421 425
85 7 -1
145 59 23 60 24 283 421 422 423
86 6 -1
146 96 25 96 25 284 422 423 423
87 11 -1
147 77 33 77 34 285 423 424 424
88 1 -1
148 13 79 14 79 286 424 425 425
89 2 -1
149 62 20 62 20 287 425 426 427
90 14 -1
150 78 85 78 86 288 426 427 432
91 5 -1
153 11 96 11 97 291 429 430 430
92 2 -1
154 34 23 35 24 292 430 431 434
93 0 -1
155 97 26 94 26 293 431 432 435
94 0 -1
156 58 33 58 34 294 432 433 437
95 0 -1
157 4 58 6 59 295 433 434 438
96 8 -1
160 65 52 70 53 298 436 437 442
97 7 -1
162 96 63 97 63 300 438 439 439
98 9 -1
163 74 87 74 87 301 439 440 440
99 3 -1
166 10 7 11 7 304 442 443 444
100 5 -1
167 45 78 50 78 305 443 444 448
101 1 -1
168 16 63 16 64 306 444 445 446
102 6 -1
169 13 24 17 25 307 445 446 450
103 14 -1
170 67 63 72 63 308 446 447 451
104 2 -1
172 8 94 13 94 310 448 449 453
105 15 -1
173 18 72 18 73 311 449 450 454
106 7 -1
174 11 93 11 95 312 450 451 452
107 2 -1
179 72 10 73 10 317 455 456 456
108 2 -1
183 29 39 29 41 321 459 460 464
109 8 -1
184 8 86 10 86 322 460 461 462
110 12 -1
185 43 55 44 56 323 461 462 463
111 14 -1
186 93 7 93 11 324 462 463 471
112 5 -1
187 46 16 51 17 325 463 464 469
113 11 -1
189 86 96 87 96 327 465 466 470
114 5 -1
190 37 67 42 67 328 466 467 471
115 14 -1
193 57 91 58 91 331 469 470 470
116 11 -1
196 22 10 23 11 334 472 473 474
117 8 -1
197 74 61 74 62 335 473 474 474
118 15 -1
198 67 97 83 97 336 474 475 492
119 0 -1
199 37 94 38 94 337 475 476 476
120 4 -1
200 98 50 98 51 338 476 477 478
121 1 -1
201 28 14 29 14 339 477 478 478
122 7 -1
204 69 59 69 60 342 480 481 481
123 4 -1
208 30 72 30 72 346 484 485 485
124 7 -1
209 53 95 54 95 347 485 486 486
125 5 -1
211 7 55 9 56 349 487 488 490
126 1 -1
212 89 70 89 72 350 488 489 490
127 14 -1
213 7 84 14 84 351 489 490 497
128 5 -1
214 96 3 97 6 352 490 491 495
129 13 -1
218 59 40 64 42 356 494 495 501
130 6 -1
219 44 14 44 14 357 495 496 497
131 4 -1
224 65 31 67 32 362 500 501 503
132 7 -1
225 59 21 61 21 363 501 502 503
133 4 -1
229 68 72 68 78 367 505 506 511
134 9 -1
230 55 34 55 34 368 506 507 507
135 0 -1
231 66 15 68 15 369 507 508 510
136 8 -1
236 37 80 37 81 374 512 513 514
137 11 -1
237 41 20 43 20 375 513 514 515
138 15 -1
240 81 86 84 90 378 516 517 527
139 4 -1
242 25 75 25 77 380 518 519 520
140 14 -1
244 34 72 36 74 382 520 521 525
141 8 -1
245 33 20 38 20 383 521 522 527
142 2 -1
246 55 45 57 46 384 522 523 525
143 14 -1
247 59 44 59 47 385 523 524 526
144 6 -1
248 86 42 87 44 386 524 525 527
145 0 -1
250 93 32 93 34 388 526 527 528
146 9 -1
251 90 73 91 74 389 527 528 530
147 6 -1
253 59 7 60 7 391 529 530 530
148 6 -1
255 62 3 64 3 393 531 532 533
149 6 -1
256 3 23 5 25 394 532 533 536
150 10 -1
257 90 20 93 21 395 533 534 537
151 0 -1
258 88 70 89 70 396 534 535 535
152 14 -1
260 80 97 80 98 398 536 537 538
153 1 -1
261 19 49 23 57 399 537 538 549
154 11 -1
266 35 19 36 19 404 542 543 546
155 11 -1
267 18 32 19 33 405 543 544 546
156 4 -1
268 9 43 11 43 406 544 545 546
157 14 -1
269 11 12 12 12 407 545 546 546
158 9 -1
271 29 41 35 41 409 547 548 553
159 8 -1
272 61 83 61 83 410 548 549 549
160 6 -1
274 22 1 23 8 412 550 551 563
161 13 -1
277 5 18 7 18 415 553 554 555
162 6 -1
278 71 43 71 47 416 554 555 560
163 2 -1
279 31 40 32 40 417 555 556 559
164 9 -1
280 5 54 5 54 418 556 557 559
165 3 -1
283 84 33 84 34 421 559 560 560
166 11 -1
285 68 27 71 27 423 561 562 564
167 7 -1
286 51 83 52 83 424 562 563 565
168 8 -1
289 25 28 28 28 427 565 566 568
169 0 -1
293 44 44 46 45 431 569 570 573
170 4 -1
294 78 60 78 63 432 570 571 574
171 4 -1
295 67 47 69 47 433 571 572 573
172 12 -1
296 32 54 35 54 434 572 573 576
173 5 -1
303 16 51 17 57 441 579 580 588
174 11 -1
305 84 32 84 33 443 581 582 586
175 12 -1
306 38 52 39 52 444 582 583 583
176 8 -1
307 59 43 61 43 445 583 584 585
177 5 -1
310 79 67 82 68 448 586 587 590
178 6 -1
311 37 62 41 62 449 587 588 591
179 3 -1
312 65 56 66 58 450 588 589 597
180 4 -1
313 35 26 36 26 451 589 590 590
181 4 -1
315 78 83 78 84 453 591 592 593
182 1 -1
320 19 65 35 65 458 596 597 612
183 10 -1
321 29 90 29 91 459 597 598 600
184 3 -1
323 43 79 47 80 461 599 600 612
185 6 -1
325 11 15 11 22 463 601 602 609
186 14 -1
326 19 11 19 12 464 602 603 603
187 11 -1
327 78 41 78 43 465 603 604 606
188 6 -1
328 53 67 53 68 466 604 605 609
189 4 -1
329 21 53 22 54 467 605 606 608
190 15 -1
330 68 25 73 25 468 606 607 611
191 3 -1
337 39 69 43 70 475 613 614 626
192 2 -1
340 74 8 76 9 478 616 617 619
193 9 -1
342 33 35 33 35 480 618 619 619
194 11 -1
343 77 8 78 8 481 619 620 622
195 14 -1
345 64 3 75 4 483 621 622 633
196 11 -1
349 45 87 45 88 487 625 626 626
197 7 -1
351 84 71 84 72 489 627 628 628
198 14 -1
354 88 2 91 4 492 630 631 636
199 6 -1
356 57 13 58 13 494 632 633 633
200 7 -1
357 48 56 52 56 495 633 634 637
201 7 -1
358 68 34 75 34 496 634 635 641
202 8 -1
359 80 93 82 94 497 635 636 638
203 15 -1
360 73 35 75 35 498 636 637 638
204 5 -1
361 24 79 24 80 499 637 638 643
205 1 -1
363 3 78 3 79 501 639 640 640
206 3 -1
364 49 52 50 52 502 640 641 641
207 12 -1
365 93 45 93 47 503 641 642 643
208 10 -1
367 5 91 6 96 505 643 644 649
209 14 -1
371 60 99 61 99 509 647 648 648
210 11 -1
372 92 27 92 35 510 648 649 656
211 0 -1
373 33 17 33 18 511 649 650 652
212 6 -1
374 84 17 84 17 512 650 651 651
213 9 -1
375 16 41 17 41 513 651 652 652
214 10 -1
377 42 76 43 76 515 653 654 654
215 0 -1
379 82 4 83 4 517 655 656 656
216 0 -1
380 36 90 36 91 518 656 657 657
217 14 -1
381 82 89 83 91 519 657 658 662
218 13 -1
382 77 91 78 91 520 658 659 660
219 3 -1
383 1 57 1 58 521 659 660 660
220 9 -1
388 80 13 81 13 526 664 665 665
221 1 -1
391 51 53 52 53 529 667 668 669
222 14 -1
392 38 18 40 18 530 668 669 670
223 5 -1
394 78 25 81 25 532 670 671 673
224 8 -1
396 12 2 15 2 534 672 673 677
225 9 -1
397 11 55 12 55 535 673 674 674
226 5 -1
400 85 87 87 87 538 676 677 678
227 12 -1
401 20 67 20 67 539 677 678 679
228 7 -1
403 69 28 69 31 541 679 680 684
229 12 -1
404 3 84 3 86 542 680 681 682
230 9 -1
407 79 21 80 21 545 683 684 684
231 5 -1
408 93 74 94 76 546 684 685 687
232 10 -1
411 24 97 24 99 549 687 688 689
233 0 -1
412 33 57 33 57 550 688 689 689
234 14 -1
414 64 88 64 89 552 690 691 691
235 15 -1
418 61 94 62 94 556 694 695 695
236 14 -1
420 79 70 80 70 558 696 697 697
237 12 -1
421 4 87 4 88 559 697 698 699
238 15 -1
423 16 86 16 86 561 699 700 700
239 11 -1
426 6 73 9 75 564 702 703 707
240 8 -1
428 28 95 28 97 566 704 705 706
241 15 -1
433 74 86 75 86 571 709 710 711
242 7 -1
437 31 54 31 54 575 713 714 714
243 15 -1
439 49 71 49 73 577 715 716 717
244 1 -1
441 16 99 21 97 579 717 718 725
245 2 -1
446 25 75 27 77 584 722 723 726
246 5 -1
448 73 92 73 92 586 724 725 727
247 0 -1
450 13 29 19 29 588 726 727 734
248 11 -1
452 23 69 23 69 590 728 729 731
249 11 -1
455 46 51 47 53 593 731 732 734
250 4 -1
460 64 4 64 7 598 736 737 742
251 5 -1
461 16 98 18 98 599 737 738 739
252 10 -1
462 50 0 50 3 600 738 739 741
253 1 -1
464 25 4 26 5 602 740 741 742
254 6 -1
469 96 0 98 0 607 745 746 747
255 14 -1
471 8 73 18 74 609 747 748 758
256 1 -1
475 66 42 68 42 613 751 752 753
257 14 -1
478 80 29 84 29 616 754 755 758
258 10 -1
479 34 31 34 31 617 755 756 757
259 8 -1
480 7 13 8 14 618 756 757 764
260 8 -1
481 80 93 82 94 619 757 758 763
261 8 -1
482 72 16 73 16 620 758 759 759
262 6 -1
484 27 74 29 76 622 760 761 764
263 10 -1
486 42 94 45 94 624 762 763 765
264 14 -1
488 93 90 95 91 626 764 765 767
265 14 -1
489 83 56 96 56 627 765 766 778
266 11 -1
491 30 91 32 91 629 767 768 769
267 1 -1
493 30 58 30 58 631 769 770 770
268 0 -1
496 6 13 7 13 634 772 773 773
269 5 -1
501 54 22 54 24 639 777 778 779
270 11 -1
502 56 19 60 19 640 778 779 782
271 3 -1
505 72 29 74 29 643 781 782 783
272 6 -1
506 45 6 47 6 644 782 783 787
273 11 -1
507 2 96 4 98 645 783 784 787
274 15 -1
509 66 16 66 17 647 785 786 786
275 2 -1
511 21 63 21 63 649 787 788 789
276 13 -1
512 90 32 90 33 650 788 789 789
277 14 -1
515 33 0 34 2 653 791 792 794
278 9 -1
516 84 11 84 22 654 792 793 805
279 12 -1
517 78 63 80 64 655 793 794 797
280 1 -1
518 35 56 37 56 656 794 795 796
281 12 -1
520 2 88 3 88 658 796 797 797
282 6 -1
522 82 51 85 52 660 798 799 807
283 7 -1
523 28 90 29 90 661 799 800 800
284 4 -1
525 79 14 81 14 663 801 802 803
285 7 -1
526 48 2 49 3 664 802 803 804
286 4 -1
528 60 93 60 97 666 804 805 809
287 13 -1
530 38 33 40 33 668 806 807 810
288 8 -1
533 0 31 0 32 671 809 810 811
289 15 -1
535 94 2 94 2 673 811 812 814
290 9 -1
536 95 53 95 53 674 812 813 814
291 9 -1
537 42 34 43 34 675 813 814 814
292 1 -1
538 68 54 68 54 676 814 815 817
293 6 -1
540 16 51 18 51 678 816 817 820
294 3 -1
541 88 80 91 80 679 817 818 820
295 7 -1
542 4 65 4 73 680 818 819 826
296 5 -1
543 72 93 73 94 681 819 820 821
297 15 -1
546 48 3 48 4 684 822 823 824
298 11 -1
547 90 92 91 92 685 823 824 825
299 13 -1
550 72 35 72 35 688 826 827 827
300 7 -1
552 44 23 45 25 690 828 829 831
