100 100 665
1
0 80 81
11
0 0 15 100 6
0
1 0 28 100 6
0
2 0 41 100 6
0
3 0 54 100 6
0
4 0 72 100 6
0
5 0 83 100 6
0
6 0 94 100 6
0
7 0 105 100 6
0
8 0 116 100 6
0
9 0 130 100 6
0
10 0 145 100 6
0
300
1 0 -1
2 33 35 35 35 57 112 113 115
2 0 -1
5 62 93 66 94 60 115 116 120
3 0 -1
7 88 8 88 8 62 117 118 121
4 0 -1
8 80 77 86 77 63 118 119 127
5 0 -1
9 60 75 62 75 64 119 120 125
6 0 -1
10 52 80 52 83 65 120 121 124
7 0 -1
11 45 62 51 62 66 121 122 127
8 0 -1
12 37 23 39 23 67 122 123 124
9 0 -1
13 28 47 30 47 68 123 124 125
10 0 -1
14 62 74 62 77 69 124 125 127
11 0 -1
15 59 22 65 22 70 125 126 131
12 0 -1
17 44 94 45 95 72 127 128 131
13 0 -1
18 39 84 43 86 73 128 129 134
14 0 -1
19 73 71 73 72 74 129 130 130
15 0 -1
20 28 11 29 12 75 130 131 132
16 0 -1
21 96 65 98 65 76 131 132 133
17 0 -1
22 92 67 95 67 77 132 133 136
18 0 -1
24 67 63 69 63 79 134 135 136
19 0 -1
29 51 66 51 72 84 139 140 145
20 0 -1
30 36 4 36 6 85 140 141 142
21 0 -1
31 7 16 7 16 86 141 142 143
22 0 -1
33 53 81 57 82 88 143 144 149
23 0 -1
35 1 77 2 77 90 145 146 146
24 0 -1
36 42 13 43 14 91 146 147 148
25 0 -1
39 84 15 85 15 94 149 150 150
26 0 -1
40 96 24 96 25 95 150 151 151
27 0 -1
41 30 16 31 16 96 151 152 153
28 0 -1
42 30 55 30 55 97 152 153 153
29 0 -1
43 94 29 95 29 98 153 154 154
30 0 -1
45 29 26 31 26 100 155 156 157
31 0 -1
49 45 53 48 53 104 159 160 162
32 0 -1
52 86 29 89 29 107 162 163 169
33 0 -1
53 14 86 19 86 108 163 164 168
34 0 -1
54 9 27 10 27 109 164 165 165
35 0 -1
56 7 23 11 34 111 166 167 183
36 0 -1
57 67 88 68 88 112 167 168 169
37 0 -1
59 23 7 23 8 114 169 170 170
38 0 -1
61 1 96 2 97 116 171 172 173
39 0 -1
62 59 52 62 52 117 172 173 180
40 0 -1
64 15 30 20 33 119 174 175 193
41 0 -1
69 60 13 60 14 124 179 180 181
42 0 -1
71 55 32 61 33 126 181 182 189
43 0 -1
73 62 61 63 65 128 183 184 188
44 0 -1
76 99 53 97 54 131 186 187 189
45 0 -1
78 78 44 80 44 133 188 189 190
46 0 -1
80 45 84 47 84 135 190 191 193
47 0 -1
81 95 30 96 30 136 191 192 193
48 0 -1
82 16 2 22 2 137 192 193 198
49 0 -1
83 1 11 4 11 138 193 194 198
50 0 -1
84 39 94 39 94 139 194 195 195
51 0 -1
86 3 30 12 31 141 196 197 206
52 0 -1
87 19 31 19 31 142 197 198 198
53 0 -1
90 49 5 50 5 145 200 201 201
54 0 -1
91 22 27 23 30 146 201 202 205
55 0 -1
92 84 25 85 25 147 202 203 203
56 0 -1
93 17 4 19 4 148 203 204 206
57 0 -1
94 46 63 52 63 149 204 205 210
58 0 -1
96 43 38 44 39 151 206 207 208
59 0 -1
103 88 71 91 71 158 213 214 216
60 0 -1
105 41 6 43 6 160 215 216 217
61 0 -1
106 78 54 87 55 161 216 217 226
62 0 -1
107 25 92 28 92 162 217 218 220
63 0 -1
108 1 87 6 88 163 218 219 226
64 0 -1
110 61 89 63 94 165 220 221 228
65 0 -1
111 10 99 10 99 166 221 222 222
66 0 -1
114 45 32 49 34 169 224 225 230
67 0 -1
115 41 86 44 88 170 225 226 230
68 0 -1
116 99 84 97 91 171 226 227 238
69 0 -1
119 75 34 77 35 174 229 230 232
70 0 -1
120 28 94 28 94 175 230 231 231
71 0 -1
122 11 59 12 59 177 232 233 236
72 0 -1
123 46 85 46 85 178 233 234 236
73 0 -1
124 98 29 94 29 179 234 235 238
74 0 -1
127 92 44 93 44 182 237 238 238
75 0 -1
128 71 82 81 82 183 238 239 257
76 0 -1
130 73 61 73 61 185 240 241 241
77 0 -1
132 21 39 26 39 187 242 243 257
78 0 -1
134 38 40 39 40 189 244 245 245
79 0 -1
135 71 51 74 54 190 245 246 256
80 0 -1
136 3 79 4 79 191 246 247 248
81 0 -1
139 51 98 52 98 194 249 250 250
82 0 -1
140 59 21 61 21 195 250 251 254
83 0 -1
141 65 6 70 6 196 251 252 256
84 0 -1
144 60 9 61 13 199 254 255 259
85 0 -1
145 78 77 78 77 200 255 256 257
86 0 -1
146 61 48 61 49 201 256 257 257
87 0 -1
147 3 37 4 37 202 257 258 258
88 0 -1
148 53 83 53 84 203 258 259 259
89 0 -1
149 66 74 66 75 204 259 260 261
90 0 -1
150 69 15 71 16 205 260 261 266
91 0 -1
153 72 77 73 77 208 263 264 264
92 0 -1
154 21 62 22 62 209 264 265 268
93 0 -1
155 55 11 56 11 210 265 266 269
94 0 -1
156 1 60 3 61 211 266 267 271
95 0 -1
157 3 62 5 62 212 267 268 272
96 0 -1
160 71 0 71 3 215 270 271 276
97 0 -1
162 72 59 72 60 217 272 273 273
98 0 -1
163 99 34 98 34 218 273 274 274
99 0 -1
166 62 66 62 68 221 276 277 278
100 0 -1
167 10 54 11 57 222 277 278 282
101 0 -1
168 14 44 15 45 223 278 279 280
102 0 -1
169 29 10 30 14 224 279 280 284
103 0 -1
170 89 14 91 16 225 280 281 285
104 0 -1
172 16 26 18 29 227 282 283 287
105 0 -1
173 23 70 23 71 228 283 284 288
106 0 -1
174 30 55 32 55 229 284 285 286
107 0 -1
179 57 19 58 19 234 289 290 290
108 0 -1
183 46 39 47 41 238 293 294 298
109 0 -1
184 1 95 1 97 239 294 295 296
110 0 -1
185 31 65 31 67 240 295 296 297
111 0 -1
186 43 39 50 40 241 296 297 305
112 0 -1
187 69 77 71 78 242 297 298 303
113 0 -1
189 67 6 72 6 244 299 300 304
114 0 -1
190 40 18 45 18 245 300 301 305
115 0 -1
193 0 43 0 43 248 303 304 304
116 0 -1
196 74 47 75 47 251 306 307 308
117 0 -1
197 78 28 78 29 252 307 308 308
118 0 -1
198 11 29 25 33 253 308 309 326
119 0 -1
199 37 3 38 3 254 309 310 310
120 0 -1
200 19 50 20 50 255 310 311 312
121 0 -1
201 58 90 58 90 256 311 312 312
122 0 -1
204 4 77 4 77 259 314 315 315
123 0 -1
208 98 87 99 87 263 318 319 319
124 0 -1
209 32 48 32 49 264 319 320 320
125 0 -1
211 77 38 78 38 266 321 322 324
126 0 -1
212 85 7 85 9 267 322 323 324
127 0 -1
213 20 89 23 89 268 323 324 331
128 0 -1
214 9 27 13 27 269 324 325 329
129 0 -1
218 48 33 53 34 273 328 329 335
130 0 -1
219 87 90 88 91 274 329 330 331
131 0 -1
224 59 17 61 18 279 334 335 337
132 0 -1
225 4 51 4 52 280 335 336 337
133 0 -1
229 2 57 6 57 284 339 340 345
134 0 -1
230 88 11 88 11 285 340 341 341
135 0 -1
231 38 46 41 46 286 341 342 344
136 0 -1
236 65 98 67 98 291 346 347 348
137 0 -1
237 93 81 94 81 292 347 348 349
138 0 -1
240 8 70 16 71 295 350 351 361
139 0 -1
242 89 32 89 34 297 352 353 354
140 0 -1
244 95 22 99 22 299 354 355 359
141 0 -1
245 67 7 73 7 300 355 356 361
142 0 -1
246 30 63 33 63 301 356 357 359
143 0 -1
247 99 85 96 85 302 357 358 360
144 0 -1
248 27 84 30 84 303 358 359 361
145 0 -1
250 25 29 26 29 305 360 361 362
146 0 -1
251 47 24 48 24 306 361 362 364
147 0 -1
253 79 0 80 0 308 363 364 364
148 0 -1
255 80 52 81 52 310 365 366 367
149 0 -1
256 75 48 76 49 311 366 367 370
150 0 -1
257 88 50 88 53 312 367 368 371
151 0 -1
258 49 92 49 92 313 368 369 369
152 0 -1
260 96 62 96 64 315 370 371 372
153 0 -1
261 46 12 58 12 316 371 372 383
154 0 -1
266 79 8 81 10 321 376 377 380
155 0 -1
267 23 94 24 94 322 377 378 380
156 0 -1
268 28 63 30 63 323 378 379 380
157 0 -1
269 58 6 59 6 324 379 380 380
158 0 -1
271 56 77 56 82 326 381 382 387
159 0 -1
272 30 19 30 20 327 382 383 383
160 0 -1
274 58 12 60 19 329 384 385 397
161 0 -1
277 40 89 41 89 332 387 388 389
162 0 -1
278 16 95 20 96 333 388 389 394
163 0 -1
279 83 57 87 57 334 389 390 393
164 0 -1
280 86 54 88 55 335 390 391 393
165 0 -1
283 47 9 47 9 338 393 394 394
166 0 -1
285 20 40 21 41 340 395 396 398
167 0 -1
286 82 29 83 31 341 396 397 399
168 0 -1
289 72 83 72 85 344 399 400 402
169 0 -1
293 54 42 56 42 348 403 404 407
170 0 -1
294 68 8 70 9 349 404 405 408
171 0 -1
295 50 51 51 52 350 405 406 407
172 0 -1
296 53 47 56 47 351 406 407 410
173 0 -1
303 45 5 54 5 358 413 414 422
174 0 -1
305 54 58 59 58 360 415 416 420
175 0 -1
306 2 28 3 28 361 416 417 417
176 0 -1
307 80 21 81 21 362 417 418 419
177 0 -1
310 0 33 1 34 365 420 421 424
178 0 -1
311 96 5 98 6 366 421 422 425
179 0 -1
312 4 80 8 83 367 422 423 431
180 0 -1
313 71 16 71 16 368 423 424 424
181 0 -1
315 23 95 23 97 370 425 426 427
182 0 -1
320 45 4 49 7 375 430 431 446
183 0 -1
321 3 95 3 97 376 431 432 434
184 0 -1
323 46 6 48 17 378 433 434 446
185 0 -1
325 22 4 27 7 380 435 436 443
186 0 -1
326 23 70 23 71 381 436 437 437
187 0 -1
327 24 98 24 100 382 437 438 440
188 0 -1
328 80 66 85 66 383 438 439 443
189 0 -1
329 27 93 29 93 384 439 440 442
190 0 -1
330 2 14 4 17 385 440 441 445
191 0 -1
337 71 68 78 71 392 447 448 460
192 0 -1
340 93 65 94 67 395 450 451 453
193 0 -1
342 73 79 73 80 397 452 453 453
194 0 -1
343 61 29 63 30 398 453 454 456
195 0 -1
345 11 79 20 82 400 455 456 467
196 0 -1
349 99 99 98 99 404 459 460 460
197 0 -1
351 91 57 91 57 406 461 462 462
198 0 -1
354 59 85 60 90 409 464 465 470
199 0 -1
356 76 48 76 48 411 466 467 467
200 0 -1
357 15 90 18 90 412 467 468 471
201 0 -1
358 94 71 95 73 413 468 469 475
202 0 -1
359 64 14 67 14 414 469 470 472
203 0 -1
360 8 21 8 22 415 470 471 472
204 0 -1
361 1 99 2 100 416 471 472 477
205 0 -1
363 48 26 48 26 418 473 474 474
206 0 -1
364 74 4 74 5 419 474 475 475
207 0 -1
365 58 56 58 57 420 475 476 477
208 0 -1
367 5 42 10 42 422 477 478 483
209 0 -1
371 10 64 10 64 426 481 482 482
210 0 -1
372 6 42 14 42 427 482 483 490
211 0 -1
373 86 2 87 4 428 483 484 486
212 0 -1
374 8 82 9 82 429 484 485 485
213 0 -1
375 50 8 50 9 430 485 486 486
214 0 -1
377 23 4 23 5 432 487 488 488
215 0 -1
379 38 85 38 86 434 489 490 490
216 0 -1
380 0 59 1 59 435 490 491 491
217 0 -1
381 42 67 43 71 436 491 492 496
218 0 -1
382 18 23 20 23 437 492 493 494
219 0 -1
383 7 2 7 2 438 493 494 494
220 0 -1
388 6 2 7 2 443 498 499 499
221 0 -1
391 49 65 50 65 446 501 502 503
222 0 -1
392 95 9 97 9 447 502 503 504
223 0 -1
394 53 58 55 58 449 504 505 507
224 0 -1
396 53 66 57 67 451 506 507 511
225 0 -1
397 1 50 2 50 452 507 508 508
226 0 -1
400 56 30 57 30 455 510 511 512
227 0 -1
401 4 1 5 2 456 511 512 513
228 0 -1
403 53 89 53 90 458 513 514 518
229 0 -1
404 30 36 30 38 459 514 515 516
230 0 -1
407 61 60 61 60 462 517 518 518
231 0 -1
408 98 79 98 81 463 518 519 521
232 0 -1
411 23 25 23 25 466 521 522 523
233 0 -1
412 22 74 23 74 467 522 523 523
234 0 -1
414 72 50 72 50 469 524 525 525
235 0 -1
418 87 58 88 58 473 528 529 529
236 0 -1
420 37 91 38 91 475 530 531 531
237 0 -1
421 29 2 29 3 476 531 532 533
238 0 -1
423 81 83 82 83 478 533 534 534
239 0 -1
426 86 91 90 92 481 536 537 541
240 0 -1
428 13 3 15 3 483 538 539 540
241 0 -1
433 88 43 88 44 488 543 544 545
242 0 -1
437 36 48 37 48 492 547 548 548
243 0 -1
439 88 3 88 4 494 549 550 551
244 0 -1
441 86 11 93 11 496 551 552 559
245 0 -1
446 65 84 67 85 501 556 557 560
246 0 -1
448 84 64 87 64 503 558 559 561
247 0 -1
450 12 46 13 48 505 560 561 568
248 0 -1
452 99 50 97 50 507 562 563 565
249 0 -1
455 4 42 4 44 510 565 566 568
250 0 -1
460 74 64 75 66 515 570 571 576
251 0 -1
461 74 97 74 97 516 571 572 573
252 0 -1
462 63 17 64 17 517 572 573 575
253 0 -1
464 58 59 60 59 519 574 575 576
254 0 -1
469 18 9 19 10 524 579 580 581
255 0 -1
471 96 78 99 86 526 581 582 592
256 0 -1
475 65 70 66 70 530 585 586 587
257 0 -1
478 92 76 93 77 533 588 589 592
258 0 -1
479 57 45 59 45 534 589 590 591
259 0 -1
480 13 85 16 87 535 590 591 598
260 0 -1
481 79 34 85 34 536 591 592 597
261 0 -1
482 74 30 74 31 537 592 593 593
262 0 -1
484 53 97 55 98 539 594 595 598
263 0 -1
486 66 28 69 28 541 596 597 599
264 0 -1
488 16 67 17 68 543 598 599 601
265 0 -1
489 29 26 38 27 544 599 600 612
266 0 -1
491 39 13 41 13 546 601 602 603
267 0 -1
493 7 97 7 97 548 603 604 604
268 0 -1
496 5 63 6 63 551 606 607 607
269 0 -1
501 65 63 66 63 556 611 612 613
270 0 -1
502 36 65 38 65 557 612 613 616
271 0 -1
505 77 93 77 93 560 615 616 617
272 0 -1
506 27 80 28 80 561 616 617 621
273 0 -1
507 21 90 23 91 562 617 618 621
274 0 -1
509 86 77 87 77 564 619 620 620
275 0 -1
511 94 11 95 12 566 621 622 623
276 0 -1
512 96 73 96 74 567 622 623 623
277 0 -1
515 74 24 77 24 570 625 626 628
278 0 -1
516 64 6 68 11 571 626 627 639
279 0 -1
517 42 3 44 5 572 627 628 631
280 0 -1
518 59 91 59 92 573 628 629 630
281 0 -1
520 92 66 93 66 575 630 631 631
282 0 -1
522 74 41 78 42 577 632 633 641
283 0 -1
523 51 5 52 5 578 633 634 634
284 0 -1
525 86 22 87 23 580 635 636 637
285 0 -1
526 87 25 87 26 581 636 637 638
286 0 -1
528 18 50 22 51 583 638 639 643
287 0 -1
530 32 97 35 98 585 640 641 644
288 0 -1
533 39 19 40 20 588 643 644 645
289 0 -1
535 68 36 70 37 590 645 646 648
290 0 -1
536 56 64 58 64 591 646 647 648
291 0 -1
537 43 72 44 72 592 647 648 648
292 0 -1
538 88 90 90 91 593 648 649 651
293 0 -1
540 9 42 13 42 595 650 651 654
294 0 -1
541 57 18 58 20 596 651 652 654
295 0 -1
542 87 55 90 56 597 652 653 660
296 0 -1
543 80 43 82 43 598 653 654 655
297 0 -1
546 70 86 72 86 601 656 657 658
298 0 -1
547 37 78 39 78 602 657 658 659
299 0 -1
550 82 34 83 34 605 660 661 661
300 0 -1
552 10 26 12 27 607 662 663 665
