100 100 577
4
0 42 65
1 31 75
2 28 30
3 39 21
16
0 0 100 100 6
0
1 0 201 100 6
0
2 0 308 100 6
0
3 0 405 100 6
0
4 1 95 100 6
0
5 1 195 100 6
0
6 1 289 100 6
0
7 1 383 100 6
0
8 2 93 100 6
0
9 2 210 100 6
0
10 2 304 100 6
0
11 2 393 100 6
0
12 3 95 100 6
0
13 3 189 100 6
0
14 3 291 100 6
0
15 3 394 100 6
0
300
1 3 -1
2 55 5 55 6 13 24 25 27
2 2 -1
5 20 69 24 69 16 27 28 32
3 3 -1
7 4 28 8 28 18 29 30 33
4 2 -1
8 15 23 22 23 19 30 31 39
5 1 -1
9 93 2 95 6 20 31 32 37
6 2 -1
10 41 99 42 99 21 32 33 36
7 2 -1
11 33 88 34 93 22 33 34 39
8 3 -1
12 97 44 97 45 23 34 35 36
9 1 -1
13 74 93 76 93 24 35 36 37
10 0 -1
14 73 26 75 26 25 36 37 39
11 2 -1
15 7 67 7 73 26 37 38 43
12 0 -1
17 85 67 89 67 28 39 40 43
13 3 -1
18 82 39 87 39 29 40 41 46
14 0 -1
19 34 37 35 37 30 41 42 42
15 0 -1
20 13 20 15 20 31 42 43 44
16 2 -1
21 68 85 70 85 32 43 44 45
17 1 -1
22 90 58 90 62 33 44 45 48
18 2 -1
24 97 0 98 1 35 46 47 48
19 3 -1
29 46 43 52 43 40 51 52 57
20 2 -1
30 12 78 14 78 41 52 53 54
21 3 -1
31 32 7 34 7 42 53 54 55
22 2 -1
33 51 85 51 86 44 55 56 61
23 1 -1
35 27 3 27 3 46 57 58 58
24 1 -1
36 64 33 65 33 47 58 59 60
25 1 -1
39 24 91 24 92 50 61 62 62
26 3 -1
40 19 16 19 17 51 62 63 63
27 2 -1
41 2 50 4 50 52 63 64 65
28 0 -1
42 82 89 83 89 53 64 65 65
29 0 -1
43 1 64 1 65 54 65 66 66
30 2 -1
45 8 79 10 79 56 67 68 69
31 2 -1
49 20 24 20 24 60 71 72 74
32 0 -1
52 65 78 65 79 63 74 75 81
33 2 -1
53 29 2 32 3 64 75 76 80
34 3 -1
54 74 56 75 56 65 76 77 77
35 3 -1
56 94 25 94 26 67 78 79 95
36 0 -1
57 55 89 55 90 68 79 80 81
37 1 -1
59 22 42 22 43 70 81 82 82
38 0 -1
61 7 82 8 83 72 83 84 85
39 0 -1
62 27 49 28 54 73 84 85 92
40 2 -1
64 0 52 10 55 75 86 87 105
41 1 -1
69 37 96 38 96 80 91 92 93
42 2 -1
71 96 75 97 80 82 93 94 101
43 0 -1
73 52 64 54 67 84 95 96 100
44 0 -1
76 1 58 2 58 87 98 99 101
45 0 -1
78 35 5 37 5 89 100 101 102
46 1 -1
80 69 58 72 58 91 102 103 105
47 2 -1
81 25 33 27 33 92 103 104 105
48 1 -1
82 93 4 98 4 93 104 105 110
49 0 -1
83 53 91 58 91 94 105 106 110
50 3 -1
84 12 20 13 20 95 106 107 107
51 1 -1
86 93 13 84 13 97 108 109 118
52 3 -1
87 81 95 81 96 98 109 110 110
53 2 -1
90 94 65 95 65 101 112 113 113
54 3 -1
91 3 66 4 66 102 113 114 117
55 1 -1
92 24 89 24 89 103 114 115 115
56 0 -1
93 5 10 5 12 104 115 116 118
57 1 -1
94 54 11 54 16 105 116 117 122
58 0 -1
96 78 55 80 55 107 118 119 120
59 1 -1
103 78 18 79 20 114 125 126 128
60 0 -1
105 74 15 76 15 116 127 128 129
61 2 -1
106 7 69 15 69 117 128 129 138
62 0 -1
107 23 95 26 95 118 129 130 132
63 0 -1
108 43 60 51 60 119 130 131 138
64 2 -1
110 67 77 67 79 121 132 133 140
65 3 -1
111 74 94 74 95 122 133 134 134
66 0 -1
114 62 14 63 16 125 136 137 142
67 2 -1
115 11 2 12 6 126 137 138 142
68 0 -1
116 37 97 44 93 127 138 139 150
69 3 -1
119 4 70 7 70 130 141 142 144
70 0 -1
120 16 56 16 56 131 142 143 143
71 2 -1
122 45 63 49 63 133 144 145 148
72 0 -1
123 79 85 79 87 134 145 146 148
73 2 -1
124 17 80 17 84 135 146 147 150
74 3 -1
127 4 49 5 49 138 149 150 150
75 2 -1
128 56 91 57 100 139 150 151 169
76 1 -1
130 76 30 77 30 141 152 153 153
77 0 -1
132 38 21 39 35 143 154 155 169
78 1 -1
134 34 88 34 88 145 156 157 157
79 3 -1
135 58 6 63 10 146 157 158 168
80 3 -1
136 30 96 30 97 147 158 159 160
81 0 -1
139 40 6 40 6 150 161 162 162
82 2 -1
140 94 27 95 29 151 162 163 166
83 0 -1
141 72 54 75 56 152 163 164 168
84 0 -1
144 19 69 23 69 155 166 167 171
85 1 -1
145 82 23 82 23 156 167 168 169
86 1 -1
146 66 93 66 93 157 168 169 169
87 3 -1
147 4 37 4 37 158 169 170 170
88 2 -1
148 27 57 28 57 159 170 171 171
89 2 -1
149 67 36 68 36 160 171 172 173
90 1 -1
150 50 60 50 63 161 172 173 178
91 2 -1
153 77 24 77 24 164 175 176 176
92 3 -1
154 0 95 3 95 165 176 177 180
93 2 -1
155 86 56 90 56 166 177 178 181
94 2 -1
156 55 76 59 76 167 178 179 183
95 2 -1
157 6 98 9 99 168 179 180 184
96 2 -1
160 82 40 82 43 171 182 183 188
97 2 -1
162 60 71 61 71 173 184 185 185
98 1 -1
163 34 65 34 65 174 185 186 186
99 0 -1
166 57 52 58 53 177 188 189 190
100 2 -1
167 80 58 82 60 178 189 190 194
101 0 -1
168 71 64 73 64 179 190 191 192
102 1 -1
169 16 24 18 27 180 191 192 196
103 0 -1
170 25 20 30 20 181 192 193 197
104 1 -1
172 58 96 63 96 183 194 195 199
105 2 -1
173 83 58 85 58 184 195 196 200
106 0 -1
174 86 78 87 79 185 196 197 198
107 1 -1
179 88 71 88 71 190 201 202 202
108 1 -1
183 80 66 82 68 194 205 206 210
109 0 -1
184 18 49 18 49 195 206 207 208
110 1 -1
185 15 80 16 80 196 207 208 209
111 2 -1
186 78 55 78 60 197 208 209 217
112 3 -1
187 39 23 45 23 198 209 210 215
113 0 -1
189 53 20 56 22 200 211 212 216
114 0 -1
190 46 98 49 99 201 212 213 217
115 2 -1
193 10 59 11 59 204 215 216 216
116 0 -1
196 27 53 29 53 207 218 219 220
117 1 -1
197 94 45 94 45 208 219 220 220
118 0 -1
198 90 66 98 68 209 220 221 238
119 1 -1
199 41 43 42 43 210 221 222 222
120 3 -1
200 23 85 24 85 211 222 223 224
121 2 -1
201 62 52 63 52 212 223 224 224
122 3 -1
204 22 36 23 36 215 226 227 227
123 1 -1
208 75 6 76 6 219 230 231 231
124 0 -1
209 82 80 83 80 220 231 232 232
125 3 -1
211 52 8 53 9 222 233 234 236
126 3 -1
212 88 96 88 96 223 234 235 236
127 1 -1
213 78 47 83 49 224 235 236 243
128 0 -1
214 35 80 38 82 225 236 237 241
129 3 -1
218 94 7 97 7 229 240 241 247
130 1 -1
219 49 47 50 47 230 241 242 243
131 0 -1
224 52 49 53 50 235 246 247 249
132 1 -1
225 30 34 31 34 236 247 248 249
133 2 -1
229 26 87 30 89 240 251 252 257
134 1 -1
230 41 12 42 12 241 252 253 253
135 3 -1
231 50 25 50 28 242 253 254 256
136 1 -1
236 91 22 93 22 247 258 259 260
137 0 -1
237 57 70 58 70 248 259 260 261
138 0 -1
240 67 48 73 51 251 262 263 273
139 2 -1
242 37 25 39 25 253 264 265 266
140 0 -1
244 12 83 16 83 255 266 267 271
141 0 -1
245 56 97 62 97 256 267 268 273
142 2 -1
246 15 73 17 74 257 268 269 271
143 2 -1
247 48 50 51 50 258 269 270 272
144 3 -1
248 52 14 54 14 259 270 271 273
145 0 -1
250 36 12 38 12 261 272 273 274
146 0 -1
251 27 10 27 10 262 273 274 276
147 1 -1
253 13 82 13 83 264 275 276 276
148 0 -1
255 87 16 89 16 266 277 278 279
149 3 -1
256 11 74 15 74 267 278 279 282
150 3 -1
257 62 49 62 49 268 279 280 283
151 1 -1
258 58 18 59 18 269 280 281 281
152 3 -1
260 4 24 6 24 271 282 283 284
153 0 -1
261 28 50 29 57 272 283 284 295
154 3 -1
266 16 44 16 44 277 288 289 292
155 0 -1
267 86 62 87 63 278 289 290 292
156 3 -1
268 7 63 9 63 279 290 291 292
157 0 -1
269 32 0 32 1 280 291 292 292
158 1 -1
271 40 29 41 30 282 293 294 299
159 0 -1
272 47 66 47 67 283 294 295 295
160 0 -1
274 6 63 19 63 285 296 297 309
161 3 -1
277 37 24 38 24 288 299 300 301
162 1 -1
278 3 22 9 22 289 300 301 306
163 0 -1
279 75 63 78 63 290 301 302 305
164 0 -1
280 52 65 55 65 291 302 303 305
165 0 -1
283 34 35 34 36 294 305 306 306
166 0 -1
285 13 76 16 76 296 307 308 310
167 3 -1
286 70 56 70 58 297 308 309 311
168 1 -1
289 24 47 26 48 300 311 312 314
169 1 -1
293 73 42 73 44 304 315 316 319
170 0 -1
294 18 14 19 16 305 316 317 320
171 3 -1
295 36 15 36 15 306 317 318 319
172 0 -1
296 70 31 72 33 307 318 319 322
173 0 -1
303 98 27 96 31 314 325 326 334
174 2 -1
305 86 61 90 62 316 327 328 332
175 3 -1
306 42 63 43 63 317 328 329 329
176 0 -1
307 30 34 30 36 318 329 330 331
177 1 -1
310 9 72 13 72 321 332 333 336
178 0 -1
311 79 93 81 93 322 333 334 337
179 0 -1
312 98 73 90 74 323 334 335 343
180 0 -1
313 87 32 87 33 324 335 336 336
181 2 -1
315 90 70 91 70 326 337 338 339
182 0 -1
320 4 96 9 96 331 342 343 358
183 0 -1
321 40 61 40 61 332 343 344 346
184 3 -1
323 82 7 84 14 334 345 346 358
185 3 -1
325 33 89 35 95 336 347 348 355
186 0 -1
326 85 73 86 73 337 348 349 349
187 0 -1
327 21 70 21 71 338 349 350 352
188 2 -1
328 76 28 78 28 339 350 351 355
189 1 -1
329 8 80 9 81 340 351 352 354
190 2 -1
330 5 70 10 70 341 352 353 357
191 0 -1
337 27 1 31 2 348 359 360 372
192 1 -1
340 0 25 3 25 351 362 363 365
193 1 -1
342 64 26 64 26 353 364 365 365
194 0 -1
343 55 91 57 91 354 365 366 368
195 1 -1
345 43 17 48 17 356 367 368 379
196 1 -1
349 84 76 84 76 360 371 372 372
197 2 -1
351 19 25 19 25 362 373 374 374
198 1 -1
354 57 50 58 53 365 376 377 382
199 2 -1
356 55 11 55 11 367 378 379 379
200 0 -1
357 60 19 63 19 368 379 380 383
201 2 -1
358 15 77 15 79 369 380 381 387
202 3 -1
359 41 89 41 90 370 381 382 384
203 2 -1
360 86 41 88 41 371 382 383 384
204 3 -1
361 32 69 38 69 372 383 384 389
205 2 -1
363 89 82 89 82 374 385 386 386
206 1 -1
364 99 30 99 31 375 386 387 387
207 2 -1
365 56 60 58 60 376 387 388 389
208 3 -1
367 67 65 67 69 378 389 390 395
209 1 -1
371 73 55 74 55 382 393 394 394
210 3 -1
372 48 72 53 73 383 394 395 402
211 3 -1
373 71 93 73 93 384 395 396 398
212 0 -1
374 5 76 5 77 385 396 397 397
213 1 -1
375 16 10 16 11 386 397 398 398
214 2 -1
377 66 66 66 66 388 399 400 400
215 3 -1
379 59 65 60 65 390 401 402 402
216 3 -1
380 40 37 41 37 391 402 403 403
217 1 -1
381 63 64 65 64 392 403 404 408
218 3 -1
382 31 72 31 74 393 404 405 406
219 2 -1
383 91 29 92 29 394 405 406 406
220 2 -1
388 63 19 63 20 399 410 411 411
221 0 -1
391 35 4 36 5 402 413 414 415
222 3 -1
392 63 58 65 58 403 414 415 416
223 3 -1
394 62 79 63 79 405 416 417 419
224 3 -1
396 7 16 8 16 407 418 419 423
225 1 -1
397 35 97 35 97 408 419 420 420
226 1 -1
400 26 31 28 31 411 422 423 424
227 2 -1
401 53 76 54 77 412 423 424 425
228 3 -1
403 5 61 5 65 414 425 426 430
229 3 -1
404 88 52 90 52 415 426 427 428
230 2 -1
407 89 90 89 91 418 429 430 430
231 3 -1
408 12 23 12 25 419 430 431 433
232 1 -1
411 17 31 19 31 422 433 434 435
233 2 -1
412 14 15 15 15 423 434 435 435
234 1 -1
414 63 65 64 65 425 436 437 437
235 0 -1
418 15 48 15 49 429 440 441 441
236 0 -1
420 65 60 66 60 431 442 443 443
237 3 -1
421 16 52 18 52 432 443 444 445
238 3 -1
423 46 84 47 84 434 445 446 446
239 0 -1
426 42 32 44 34 437 448 449 453
240 0 -1
428 29 22 30 22 439 450 451 452
241 0 -1
433 76 88 77 88 444 455 456 457
242 3 -1
437 89 17 89 18 448 459 460 460
243 0 -1
439 72 36 73 37 450 461 462 463
244 3 -1
441 45 89 51 90 452 463 464 471
245 1 -1
446 63 92 64 92 457 468 469 472
246 0 -1
448 25 56 25 59 459 470 471 473
247 0 -1
450 78 36 78 40 461 472 473 480
248 1 -1
452 99 26 98 26 463 474 475 477
249 0 -1
455 30 88 31 90 466 477 478 480
250 2 -1
460 96 2 98 2 471 482 483 488
251 0 -1
461 68 16 70 16 472 483 484 485
252 3 -1
462 47 34 48 36 473 484 485 487
253 1 -1
464 93 60 94 61 475 486 487 488
254 0 -1
469 13 69 15 69 480 491 492 493
255 2 -1
471 77 37 82 43 482 493 494 504
256 0 -1
475 25 55 26 55 486 497 498 499
257 0 -1
478 42 93 45 93 489 500 501 504
258 2 -1
479 17 40 19 40 490 501 502 503
259 2 -1
480 65 90 67 90 491 502 503 510
260 3 -1
481 86 17 88 21 492 503 504 509
261 0 -1
482 20 87 20 87 493 504 505 505
262 3 -1
484 78 13 82 13 495 506 507 510
263 0 -1
486 25 9 27 9 497 508 509 511
264 0 -1
488 94 68 95 69 499 510 511 513
265 1 -1
489 58 13 61 20 500 511 512 524
266 3 -1
491 68 49 68 49 502 513 514 515
267 1 -1
493 46 96 47 96 504 515 516 516
268 3 -1
496 92 93 92 94 507 518 519 519
269 0 -1
501 38 37 40 37 512 523 524 525
270 1 -1
502 51 38 55 38 513 524 525 528
271 3 -1
505 3 23 4 24 516 527 528 529
272 0 -1
506 56 85 61 85 517 528 529 533
273 3 -1
507 4 6 7 6 518 529 530 533
274 1 -1
509 69 83 70 83 520 531 532 532
275 2 -1
511 63 74 64 74 522 533 534 535
276 3 -1
512 52 87 52 87 523 534 535 535
277 2 -1
515 39 87 39 88 526 537 538 540
278 0 -1
516 24 58 26 64 527 538 539 551
279 0 -1
517 53 0 54 2 528 539 540 543
280 1 -1
518 79 76 81 76 529 540 541 542
281 2 -1
520 98 0 98 1 531 542 543 543
282 0 -1
522 54 33 55 33 533 544 545 553
283 0 -1
523 86 40 87 40 534 545 546 546
284 2 -1
525 20 32 21 33 536 547 548 549
285 1 -1
526 2 84 2 85 537 548 549 550
286 1 -1
528 85 47 87 47 539 550 551 555
287 2 -1
530 52 99 56 99 541 552 553 556
288 1 -1
533 13 29 14 30 544 555 556 557
289 1 -1
535 79 26 79 29 546 557 558 560
290 0 -1
536 35 87 37 87 547 558 559 560
291 3 -1
537 22 25 23 25 548 559 560 560
292 3 -1
538 28 46 28 48 549 560 561 563
293 3 -1
540 59 73 62 74 551 562 563 566
294 1 -1
541 35 44 38 44 552 563 564 566
295 0 -1
542 53 38 53 41 553 564 565 572
296 1 -1
543 79 8 81 8 554 565 566 567
297 2 -1
546 64 37 66 37 557 568 569 570
298 0 -1
547 64 92 66 92 558 569 570 571
299 3 -1
550 34 19 35 19 561 572 573 573
300 3 -1
552 46 48 46 48 563 574 575 577
