100 100 831
4
0 26 4
1 73 18
2 80 36
3 83 52
16
0 0 0 100 6
0
1 0 0 100 6
0
2 0 -1 100 6
0
3 0 -1 100 6
0
4 1 0 100 6
0
5 1 0 100 6
0
6 1 -1 100 6
0
7 1 -1 100 6
0
8 2 0 100 6
0
9 2 0 100 6
0
10 2 -1 100 6
0
11 2 -1 100 6
0
12 3 0 100 6
0
13 3 0 100 6
0
14 3 -1 100 6
0
15 3 -1 100 6
0
300
1 3 -1
2 54 53 56 54 140 278 279 281
2 0 -1
5 44 28 48 29 143 281 282 286
3 3 -1
7 28 82 30 83 145 283 284 287
4 0 -1
8 13 69 20 69 146 284 285 293
5 3 -1
9 93 84 98 85 147 285 286 291
6 2 -1
10 71 57 72 59 148 286 287 290
7 2 -1
11 66 53 72 53 149 287 288 293
8 2 -1
12 58 82 58 83 150 288 289 290
9 0 -1
13 1 3 3 3 151 289 290 291
10 0 -1
14 77 96 77 99 152 290 291 293
11 1 -1
15 39 73 45 73 153 291 292 297
12 0 -1
17 48 50 48 51 155 293 294 297
13 3 -1
18 31 65 34 65 156 294 295 300
14 2 -1
19 62 24 63 24 157 295 296 296
15 3 -1
20 97 19 97 19 158 296 297 298
16 3 -1
21 95 26 96 27 159 297 298 299
17 1 -1
22 27 94 31 94 160 298 299 302
18 3 -1
24 86 97 87 98 162 300 301 302
19 3 -1
29 4 0 5 1 167 305 306 311
20 2 -1
30 50 6 52 6 168 306 307 308
21 3 -1
31 2 39 2 40 169 307 308 309
22 3 -1
33 77 82 82 82 171 309 310 315
23 3 -1
35 99 57 99 58 173 311 312 312
24 0 -1
36 61 37 63 37 174 312 313 314
25 0 -1
39 8 60 8 60 177 315 316 316
26 2 -1
40 77 68 78 68 178 316 317 317
27 1 -1
41 48 77 50 77 179 317 318 319
28 3 -1
42 81 44 81 45 180 318 319 319
29 2 -1
43 71 71 71 72 181 319 320 320
30 3 -1
45 57 35 57 35 183 321 322 323
31 0 -1
49 29 78 30 78 187 325 326 328
32 1 -1
52 76 59 81 59 190 328 329 335
33 0 -1
53 72 98 76 99 191 329 330 334
34 2 -1
54 93 17 93 17 192 330 331 331
35 3 -1
56 28 42 29 49 194 332 333 349
36 0 -1
57 45 95 45 96 195 333 334 335
37 0 -1
59 99 77 98 77 197 335 336 336
38 1 -1
61 85 15 86 16 199 337 338 339
39 3 -1
62 92 76 96 76 200 338 339 346
40 1 -1
64 2 99 21 99 202 340 341 359
41 2 -1
69 48 69 48 70 207 345 346 347
42 3 -1
71 44 57 44 63 209 347 348 355
43 3 -1
73 75 43 76 47 211 349 350 354
44 3 -1
76 43 79 43 80 214 352 353 355
45 1 -1
78 34 69 34 71 216 354 355 356
46 3 -1
80 88 62 88 64 218 356 357 359
47 3 -1
81 3 40 3 40 219 357 358 359
48 3 -1
82 89 48 94 48 220 358 359 364
49 2 -1
83 87 50 92 50 221 359 360 364
50 1 -1
84 85 63 86 63 222 360 361 361
51 0 -1
86 68 98 76 99 224 362 363 372
52 0 -1
87 38 69 39 69 225 363 364 364
53 2 -1
90 35 91 35 92 228 366 367 367
54 2 -1
91 75 61 77 63 229 367 368 371
55 3 -1
92 74 92 74 93 230 368 369 369
56 3 -1
93 44 11 47 11 231 369 370 372
57 2 -1
94 37 54 38 54 232 370 371 376
58 2 -1
96 2 67 4 67 234 372 373 374
59 0 -1
103 82 4 82 4 241 379 380 382
60 3 -1
105 31 0 32 1 243 381 382 383
61 0 -1
106 42 12 45 17 244 382 383 392
62 3 -1
107 62 38 62 39 245 383 384 386
63 3 -1
108 28 11 28 12 246 384 385 392
64 3 -1
110 15 55 21 57 248 386 387 394
65 1 -1
111 66 96 67 96 249 387 388 388
66 1 -1
114 3 93 4 93 252 390 391 396
67 0 -1
115 69 14 73 14 253 391 392 396
68 3 -1
116 91 43 98 44 254 392 393 404
69 2 -1
119 67 55 70 55 257 395 396 398
70 3 -1
120 2 25 3 25 258 396 397 397
71 1 -1
122 44 2 48 2 260 398 399 402
72 0 -1
123 44 91 45 92 261 399 400 402
73 3 -1
124 51 48 54 49 262 400 401 404
74 1 -1
127 52 92 53 92 265 403 404 404
75 2 -1
128 5 42 10 53 266 404 405 423
76 2 -1
130 92 93 92 94 268 406 407 407
77 0 -1
132 70 94 82 94 270 408 409 423
78 3 -1
134 14 29 14 29 272 410 411 411
79 0 -1
135 40 33 48 36 273 411 412 422
80 3 -1
136 78 30 80 30 274 412 413 414
81 0 -1
139 90 27 90 28 277 415 416 416
82 3 -1
140 5 36 9 36 278 416 417 420
83 1 -1
141 32 93 33 95 279 417 418 422
84 0 -1
144 52 95 52 100 282 420 421 425
85 3 -1
145 37 26 38 27 283 421 422 423
86 2 -1
146 3 64 4 64 284 422 423 423
87 0 -1
147 13 71 14 71 285 423 424 424
88 0 -1
148 42 28 42 28 286 424 425 425
89 3 -1
149 72 81 73 81 287 425 426 427
90 2 -1
150 99 74 95 75 288 426 427 432
91 2 -1
153 35 61 36 61 291 429 430 430
92 1 -1
154 87 20 90 20 292 430 431 434
93 3 -1
155 86 62 87 63 293 431 432 435
94 2 -1
156 63 56 68 56 294 432 433 437
95 2 -1
157 85 8 85 10 295 433 434 438
96 3 -1
160 89 52 94 53 298 436 437 442
97 2 -1
162 56 31 56 32 300 438 439 439
98 1 -1
163 72 90 73 90 301 439 440 440
99 3 -1
166 38 10 38 11 304 442 443 444
100 2 -1
167 56 42 60 42 305 443 444 448
101 1 -1
168 88 45 90 45 306 444 445 446
102 3 -1
169 38 10 39 12 307 445 446 450
103 0 -1
170 11 78 11 79 308 446 447 451
104 1 -1
172 40 21 41 23 310 448 449 453
105 3 -1
173 89 65 91 67 311 449 450 454
106 3 -1
174 56 47 58 47 312 450 451 452
107 1 -1
179 93 15 94 15 317 455 456 456
108 3 -1
183 7 16 9 17 321 459 460 464
109 1 -1
184 1 46 1 48 322 460 461 462
110 2 -1
185 85 32 85 33 323 461 462 463
111 2 -1
186 90 79 99 79 324 462 463 471
112 3 -1
187 48 35 49 40 325 463 464 469
113 0 -1
189 64 82 67 82 327 465 466 470
114 2 -1
190 89 11 92 11 328 466 467 471
115 0 -1
193 37 32 37 33 331 469 470 470
116 0 -1
196 98 55 99 55 334 472 473 474
117 1 -1
197 82 12 83 12 335 473 474 474
118 0 -1
198 51 34 67 34 336 474 475 492
119 0 -1
199 13 88 14 88 337 475 476 476
120 1 -1
200 10 26 10 28 338 476 477 478
121 2 -1
201 49 31 50 31 339 477 478 478
122 2 -1
204 57 31 57 32 342 480 481 481
123 2 -1
208 62 43 63 43 346 484 485 485
124 2 -1
209 51 2 52 2 347 485 486 486
125 1 -1
211 6 91 7 93 349 487 488 490
126 1 -1
212 91 36 92 36 350 488 489 490
127 0 -1
213 80 39 84 43 351 489 490 497
128 2 -1
214 15 7 20 7 352 490 491 495
129 3 -1
218 65 93 71 94 356 494 495 501
130 1 -1
219 13 82 13 82 357 495 496 497
131 1 -1
224 8 79 9 80 362 500 501 503
132 1 -1
225 82 20 83 20 363 501 502 503
133 1 -1
229 53 17 58 18 367 505 506 511
134 2 -1
230 98 21 99 21 368 506 507 507
135 1 -1
231 27 11 29 11 369 507 508 510
136 3 -1
236 18 90 19 91 374 512 513 514
137 0 -1
237 69 67 71 67 375 513 514 515
138 3 -1
240 93 6 82 6 378 516 517 527
139 1 -1
242 79 21 81 21 380 518 519 520
140 1 -1
244 81 95 85 95 382 520 521 525
141 3 -1
245 30 51 33 52 383 521 522 527
142 3 -1
246 34 51 34 51 384 522 523 525
143 0 -1
247 63 87 63 87 385 523 524 526
144 0 -1
248 78 69 81 69 386 524 525 527
145 1 -1
250 4 2 4 4 388 526 527 528
146 0 -1
251 29 56 31 57 389 527 528 530
147 3 -1
253 46 35 47 35 391 529 530 530
148 1 -1
255 72 56 73 56 393 531 532 533
149 0 -1
256 93 9 97 9 394 532 533 536
150 3 -1
257 80 80 84 80 395 533 534 537
151 2 -1
258 88 1 89 1 396 534 535 535
152 1 -1
260 23 5 23 6 398 536 537 538
153 2 -1
261 37 66 45 70 399 537 538 549
154 2 -1
266 36 38 37 41 404 542 543 546
155 1 -1
267 43 66 44 68 405 543 544 546
156 2 -1
268 37 42 37 44 406 544 545 546
157 2 -1
269 15 67 16 67 407 545 546 546
158 2 -1
271 87 92 93 92 409 547 548 553
159 2 -1
272 52 68 53 68 410 548 549 549
160 3 -1
274 33 42 42 44 412 550 551 563
161 0 -1
277 83 36 85 36 415 553 554 555
162 1 -1
278 5 41 7 42 416 554 555 560
163 3 -1
279 83 21 84 24 417 555 556 559
164 1 -1
280 96 75 98 75 418 556 557 559
165 3 -1
283 60 80 60 81 421 559 560 560
166 3 -1
285 59 86 60 88 423 561 562 564
167 2 -1
286 13 82 14 82 424 562 563 565
168 3 -1
289 26 3 26 4 427 565 566 568
169 3 -1
293 46 70 46 71 431 569 570 573
170 3 -1
294 83 9 87 9 432 570 571 574
171 2 -1
295 12 68 14 68 433 571 572 573
172 0 -1
296 79 45 80 45 434 572 573 576
173 0 -1
303 34 39 43 39 441 579 580 588
174 2 -1
305 4 65 5 68 443 581 582 586
175 0 -1
306 56 39 57 39 444 582 583 583
176 0 -1
307 33 90 35 90 445 583 584 585
177 3 -1
310 46 62 49 63 448 586 587 590
178 3 -1
311 43 99 43 96 449 587 588 591
179 3 -1
312 10 47 13 53 450 588 589 597
180 2 -1
313 80 21 81 21 451 589 590 590
181 1 -1
315 54 40 56 40 453 591 592 593
182 2 -1
320 79 89 86 91 458 596 597 612
183 1 -1
321 90 43 93 43 459 597 598 600
184 2 -1
323 90 81 78 82 461 599 600 612
185 1 -1
325 42 99 44 93 463 601 602 609
186 0 -1
326 6 61 6 62 464 602 603 603
187 2 -1
327 33 50 33 50 465 603 604 606
188 3 -1
328 21 25 21 25 466 604 605 609
189 0 -1
329 13 85 14 87 467 605 606 608
190 2 -1
330 57 97 60 97 468 606 607 611
191 0 -1
337 45 33 53 36 475 613 614 626
192 1 -1
340 96 85 97 87 478 616 617 619
193 1 -1
342 43 85 44 85 480 618 619 619
194 2 -1
343 66 30 67 32 481 619 620 622
195 0 -1
345 19 76 26 81 483 621 622 633
196 2 -1
349 92 98 92 98 487 625 626 626
197 2 -1
351 91 88 91 89 489 627 628 628
198 1 -1
354 10 9 14 11 492 630 631 636
199 3 -1
356 89 25 90 25 494 632 633 633
200 0 -1
357 8 38 8 40 495 633 634 637
201 1 -1
358 2 72 9 72 496 634 635 641
202 3 -1
359 40 75 41 75 497 635 636 638
203 1 -1
360 45 43 47 43 498 636 637 638
204 3 -1
361 74 59 75 63 499 637 638 643
205 2 -1
363 39 81 39 81 501 639 640 640
206 2 -1
364 14 13 14 14 502 640 641 641
207 1 -1
365 47 16 49 16 503 641 642 643
208 3 -1
367 7 53 11 54 505 643 644 649
209 3 -1
371 0 2 1 2 509 647 648 648
210 1 -1
372 49 79 57 79 510 648 649 656
211 2 -1
373 46 36 47 37 511 649 650 652
212 3 -1
374 21 47 22 47 512 650 651 651
213 2 -1
375 60 77 60 78 513 651 652 652
214 2 -1
377 37 2 37 3 515 653 654 654
215 0 -1
379 13 61 14 61 517 655 656 656
216 2 -1
380 53 6 54 6 518 656 657 657
217 2 -1
381 35 55 37 56 519 657 658 662
218 0 -1
382 85 48 86 48 520 658 659 660
219 2 -1
383 37 72 38 72 521 659 660 660
220 0 -1
388 28 1 29 1 526 664 665 665
221 2 -1
391 20 95 21 96 529 667 668 669
222 2 -1
392 26 83 27 83 530 668 669 670
223 0 -1
394 20 66 23 66 532 670 671 673
224 3 -1
396 26 65 30 65 534 672 673 677
225 3 -1
397 78 31 79 31 535 673 674 674
226 2 -1
400 90 5 90 5 538 676 677 678
227 0 -1
401 60 42 62 42 539 677 678 679
228 2 -1
403 17 23 17 25 541 679 680 684
229 3 -1
404 82 97 83 97 542 680 681 682
230 0 -1
407 75 23 75 24 545 683 684 684
231 2 -1
408 62 88 64 89 546 684 685 687
232 3 -1
411 90 24 91 24 549 687 688 689
233 3 -1
412 65 86 65 87 550 688 689 689
234 3 -1
414 75 63 76 63 552 690 691 691
235 1 -1
418 10 6 11 6 556 694 695 695
236 3 -1
420 89 36 90 36 558 696 697 697
237 0 -1
421 48 81 50 81 559 697 698 699
238 1 -1
423 80 7 81 7 561 699 700 700
239 1 -1
426 41 7 42 9 564 702 703 707
240 2 -1
428 60 81 62 81 566 704 705 706
241 3 -1
433 33 21 34 22 571 709 710 711
242 2 -1
437 43 6 44 6 575 713 714 714
243 1 -1
439 22 60 24 60 577 715 716 717
244 3 -1
441 42 6 46 6 579 717 718 725
245 2 -1
446 45 62 47 62 584 722 723 726
246 0 -1
448 33 11 36 11 586 724 725 727
247 3 -1
450 31 11 35 14 588 726 727 734
248 3 -1
452 96 82 99 82 590 728 729 731
249 2 -1
455 93 19 94 19 593 731 732 734
250 0 -1
460 38 64 39 65 598 736 737 742
251 2 -1
461 25 43 25 43 599 737 738 739
252 2 -1
462 72 10 74 10 600 738 739 741
253 3 -1
464 15 96 17 96 602 740 741 742
254 3 -1
469 81 16 83 16 607 745 746 747
255 3 -1
471 0 33 4 40 609 747 748 758
256 2 -1
475 31 7 32 8 613 751 752 753
257 1 -1
478 48 74 49 77 616 754 755 758
258 3 -1
479 11 69 11 71 617 755 756 757
259 0 -1
480 75 58 82 59 618 756 757 764
260 1 -1
481 40 21 43 22 619 757 758 763
261 1 -1
482 78 37 78 38 620 758 759 759
262 1 -1
484 78 82 80 84 622 760 761 764
263 0 -1
486 32 72 35 72 624 762 763 765
264 2 -1
488 30 46 32 46 626 764 765 767
265 2 -1
489 52 13 62 14 627 765 766 778
266 1 -1
491 59 19 60 19 629 767 768 769
267 0 -1
493 7 38 8 38 631 769 770 770
268 2 -1
496 53 81 54 81 634 772 773 773
269 3 -1
501 41 99 43 99 639 777 778 779
270 0 -1
502 13 22 14 25 640 778 779 782
271 3 -1
505 39 78 41 78 643 781 782 783
272 2 -1
506 1 48 5 49 644 782 783 787
273 0 -1
507 69 46 72 46 645 783 784 787
274 3 -1
509 48 50 49 50 647 785 786 786
275 3 -1
511 75 23 75 23 649 787 788 789
276 3 -1
512 42 35 42 36 650 788 789 789
277 1 -1
515 89 56 89 56 653 791 792 794
278 2 -1
516 82 54 94 54 654 792 793 805
279 2 -1
517 97 54 98 56 655 793 794 797
280 2 -1
518 97 39 97 40 656 794 795 796
281 1 -1
520 51 47 52 47 658 796 797 797
282 3 -1
522 19 83 25 86 660 798 799 807
283 2 -1
523 71 71 71 71 661 799 800 800
284 0 -1
525 27 41 28 41 663 801 802 803
285 2 -1
526 53 10 54 11 664 802 803 804
286 0 -1
528 1 73 2 74 666 804 805 809
287 2 -1
530 25 28 27 28 668 806 807 810
288 1 -1
533 45 26 47 26 671 809 810 811
289 0 -1
535 87 56 90 56 673 811 812 814
290 3 -1
536 44 70 44 72 674 812 813 814
291 2 -1
537 42 81 43 81 675 813 814 814
292 2 -1
538 61 62 61 62 676 814 815 817
293 3 -1
540 73 59 73 63 678 816 817 820
294 2 -1
541 6 74 6 74 679 817 818 820
295 1 -1
542 45 94 45 86 680 818 819 826
296 2 -1
543 91 79 91 81 681 819 820 821
297 1 -1
546 33 88 35 88 684 822 823 824
298 0 -1
547 88 87 89 88 685 823 824 825
299 3 -1
550 99 5 98 5 688 826 827 827
300 3 -1
552 58 18 58 21 690 828 829 831
