100 100 665
4
0 36 18
1 35 17
2 87 11
3 4 18
16
0 0 0 100 6
0
1 0 0 100 6
0
2 0 0 100 6
0
3 0 0 100 6
0
4 1 0 100 6
0
5 1 0 100 6
0
6 1 0 100 6
0
7 1 0 100 6
0
8 2 0 100 6
0
9 2 0 100 6
0
10 2 0 100 6
0
11 2 0 100 6
0
12 3 0 100 6
0
13 3 0 100 6
0
14 3 0 100 6
0
15 3 0 100 6
0
300
1 3 -1
2 50 92 51 94 57 112 113 115
2 3 -1
5 45 35 45 39 60 115 116 120
3 3 -1
7 23 13 25 14 62 117 118 121
4 2 -1
8 28 20 29 27 63 118 119 127
5 1 -1
9 86 74 89 77 64 119 120 125
6 3 -1
10 52 56 56 56 65 120 121 124
7 3 -1
11 73 92 78 93 66 121 122 127
8 3 -1
12 81 98 83 98 67 122 123 124
9 2 -1
13 5 93 5 93 68 123 124 125
10 0 -1
14 4 82 5 84 69 124 125 127
11 1 -1
15 84 80 85 85 70 125 126 131
12 1 -1
17 92 65 96 65 72 127 128 131
13 1 -1
18 96 59 90 59 73 128 129 134
14 0 -1
19 4 57 4 58 74 129 130 130
15 3 -1
20 73 9 73 11 75 130 131 132
16 1 -1
21 43 77 43 78 76 131 132 133
17 2 -1
22 35 54 39 54 77 132 133 136
18 3 -1
24 94 91 96 91 79 134 135 136
19 0 -1
29 0 35 2 39 84 139 140 145
20 1 -1
30 68 58 68 59 85 140 141 142
21 0 -1
31 47 99 47 99 86 141 142 143
22 0 -1
33 71 59 73 63 88 143 144 149
23 1 -1
35 71 43 72 43 90 145 146 146
24 0 -1
36 41 36 42 36 91 146 147 148
25 2 -1
39 44 96 45 96 94 149 150 150
26 3 -1
40 28 15 28 16 95 150 151 151
27 0 -1
41 22 32 22 32 96 151 152 153
28 2 -1
42 43 64 43 64 97 152 153 153
29 1 -1
43 53 68 54 68 98 153 154 154
30 2 -1
45 66 5 66 5 100 155 156 157
31 1 -1
49 74 3 75 3 104 159 160 162
32 0 -1
52 10 98 14 95 107 162 163 169
33 3 -1
53 19 39 20 43 108 163 164 168
34 0 -1
54 89 47 89 48 109 164 165 165
35 2 -1
56 20 86 27 89 111 166 167 183
36 0 -1
57 71 22 71 23 112 167 168 169
37 0 -1
59 46 83 46 84 114 169 170 170
38 2 -1
61 52 73 53 74 116 171 172 173
39 1 -1
62 51 16 51 21 117 172 173 180
40 2 -1
64 96 74 90 75 119 174 175 193
41 2 -1
69 70 76 71 77 124 179 180 181
42 1 -1
71 89 37 97 37 126 181 182 189
43 1 -1
73 6 83 11 83 128 183 184 188
44 0 -1
76 98 37 95 37 131 186 187 189
45 3 -1
78 30 74 31 75 133 188 189 190
46 3 -1
80 78 51 78 51 135 190 191 193
47 1 -1
81 80 66 82 66 136 191 192 193
48 0 -1
82 92 1 93 3 137 192 193 198
49 3 -1
83 84 16 88 17 138 193 194 198
50 0 -1
84 75 21 76 21 139 194 195 195
51 2 -1
86 65 50 66 59 141 196 197 206
52 1 -1
87 23 22 24 22 142 197 198 198
53 2 -1
90 2 68 2 68 145 200 201 201
54 0 -1
91 20 93 20 95 146 201 202 205
55 2 -1
92 50 22 50 22 147 202 203 203
56 2 -1
93 52 83 55 83 148 203 204 206
57 1 -1
94 95 29 96 34 149 204 205 210
58 3 -1
96 69 99 70 100 151 206 207 208
59 3 -1
103 84 69 85 70 158 213 214 216
60 0 -1
105 49 59 51 59 160 215 216 217
61 3 -1
106 63 96 68 91 161 216 217 226
62 0 -1
107 40 36 41 36 162 217 218 220
63 1 -1
108 61 29 64 33 163 218 219 226
64 0 -1
110 77 0 84 0 165 220 221 228
65 2 -1
111 41 14 41 14 166 221 222 222
66 2 -1
114 39 98 43 99 169 224 225 230
67 0 -1
115 30 44 33 46 170 225 226 230
68 0 -1
116 19 63 26 64 171 226 227 238
69 1 -1
119 59 68 59 68 174 229 230 232
70 1 -1
120 81 74 81 74 175 230 231 231
71 2 -1
122 95 80 95 82 177 232 233 236
72 0 -1
123 53 96 54 98 178 233 234 236
73 1 -1
124 18 71 22 71 179 234 235 238
74 0 -1
127 83 72 83 72 182 237 238 238
75 2 -1
128 27 22 46 22 183 238 239 257
76 3 -1
130 64 6 65 6 185 240 241 241
77 2 -1
132 65 95 74 95 187 242 243 257
78 0 -1
134 66 6 66 6 189 244 245 245
79 1 -1
135 89 35 91 42 190 245 246 256
80 1 -1
136 17 90 19 90 191 246 247 248
81 1 -1
139 3 49 3 50 194 249 250 250
82 3 -1
140 72 45 74 45 195 250 251 254
83 2 -1
141 39 32 40 34 196 251 252 256
84 1 -1
144 98 33 95 34 199 254 255 259
85 1 -1
145 30 84 32 84 200 255 256 257
86 2 -1
146 71 80 72 80 201 256 257 257
87 2 -1
147 44 69 44 70 202 257 258 258
88 2 -1
148 26 93 26 93 203 258 259 259
89 3 -1
149 83 98 84 98 204 259 260 261
90 1 -1
150 57 18 60 21 205 260 261 266
91 0 -1
153 59 5 59 6 208 263 264 264
92 0 -1
154 4 84 6 84 209 264 265 268
93 0 -1
155 50 38 52 40 210 265 266 269
94 1 -1
156 32 44 34 44 211 266 267 271
95 3 -1
157 19 63 21 65 212 267 268 272
96 2 -1
160 53 11 59 11 215 270 271 276
97 0 -1
162 16 34 16 34 217 272 273 273
98 3 -1
163 50 14 50 14 218 273 274 274
99 3 -1
166 97 71 99 71 221 276 277 278
100 2 -1
167 50 21 55 21 222 277 278 282
101 1 -1
168 95 65 96 65 223 278 279 280
102 1 -1
169 26 34 26 35 224 279 280 284
103 0 -1
170 23 14 28 14 225 280 281 285
104 3 -1
172 75 22 78 24 227 282 283 287
105 2 -1
173 44 49 49 49 228 283 284 288
106 0 -1
174 58 33 59 33 229 284 285 286
107 3 -1
179 97 48 97 48 234 289 290 290
108 2 -1
183 75 84 79 85 238 293 294 298
109 3 -1
184 33 64 35 64 239 294 295 296
110 2 -1
185 45 19 45 21 240 295 296 297
111 1 -1
186 20 54 21 62 241 296 297 305
112 3 -1
187 30 4 34 4 242 297 298 303
113 1 -1
189 87 36 88 36 244 299 300 304
114 2 -1
190 51 29 54 30 245 300 301 305
115 0 -1
193 63 45 64 45 248 303 304 304
116 1 -1
196 88 94 90 94 251 306 307 308
117 1 -1
197 47 11 48 11 252 307 308 308
118 0 -1
198 22 39 24 49 253 308 309 326
119 3 -1
199 97 56 97 56 254 309 310 310
120 3 -1
200 66 59 66 59 255 310 311 312
121 3 -1
201 99 29 98 29 256 311 312 312
122 0 -1
204 17 39 17 39 259 314 315 315
123 0 -1
208 72 96 72 97 263 318 319 319
124 0 -1
209 28 16 29 16 264 319 320 320
125 0 -1
211 6 32 7 32 266 321 322 324
126 0 -1
212 90 87 91 87 267 322 323 324
127 2 -1
213 3 78 4 81 268 323 324 331
128 2 -1
214 20 11 24 11 269 324 325 329
129 3 -1
218 5 32 9 34 273 328 329 335
130 2 -1
219 7 35 9 35 274 329 330 331
131 1 -1
224 61 0 62 0 279 334 335 337
132 3 -1
225 4 31 5 31 280 335 336 337
133 1 -1
229 22 89 24 91 284 339 340 345
134 0 -1
230 32 49 32 49 285 340 341 341
135 0 -1
231 6 30 7 30 286 341 342 344
136 3 -1
236 11 95 13 95 291 346 347 348
137 1 -1
237 99 51 97 51 292 347 348 349
138 1 -1
240 23 29 29 30 295 350 351 361
139 0 -1
242 15 92 16 93 297 352 353 354
140 2 -1
244 9 71 10 73 299 354 355 359
141 3 -1
245 93 4 95 8 300 355 356 361
142 3 -1
246 7 17 9 18 301 356 357 359
143 0 -1
247 48 0 50 1 302 357 358 360
144 1 -1
248 86 90 89 90 303 358 359 361
145 3 -1
250 91 81 92 82 305 360 361 362
146 2 -1
251 58 81 59 81 306 361 362 364
147 3 -1
253 26 96 27 96 308 363 364 364
148 1 -1
255 21 3 23 3 310 365 366 367
149 1 -1
256 95 6 98 6 311 366 367 370
150 0 -1
257 69 39 73 39 312 367 368 371
151 1 -1
258 23 77 24 77 313 368 369 369
152 2 -1
260 17 55 19 55 315 370 371 372
153 1 -1
261 40 46 44 52 316 371 372 383
154 2 -1
266 77 9 81 9 321 376 377 380
155 0 -1
267 86 82 89 82 322 377 378 380
156 0 -1
268 13 50 14 50 323 378 379 380
157 3 -1
269 43 51 43 51 324 379 380 380
158 3 -1
271 6 7 8 10 326 381 382 387
159 1 -1
272 60 5 61 5 327 382 383 383
160 0 -1
274 58 24 68 26 329 384 385 397
161 3 -1
277 19 23 19 24 332 387 388 389
162 2 -1
278 54 49 57 50 333 388 389 394
163 2 -1
279 79 32 83 32 334 389 390 393
164 2 -1
280 59 17 62 17 335 390 391 393
165 1 -1
283 84 23 85 23 338 393 394 394
166 0 -1
285 50 85 50 87 340 395 396 398
167 0 -1
286 4 41 4 42 341 396 397 399
168 1 -1
289 98 96 95 96 344 399 400 402
169 3 -1
293 71 7 71 7 348 403 404 407
170 0 -1
294 11 42 15 42 349 404 405 408
171 1 -1
295 96 58 98 58 350 405 406 407
172 0 -1
296 90 86 91 88 351 406 407 410
173 2 -1
303 98 0 91 2 358 413 414 422
174 3 -1
305 42 3 44 3 360 415 416 420
175 0 -1
306 52 64 53 64 361 416 417 417
176 2 -1
307 36 90 37 90 362 417 418 419
177 0 -1
310 97 41 98 44 365 420 421 424
178 3 -1
311 74 75 78 75 366 421 422 425
179 1 -1
312 79 93 86 93 367 422 423 431
180 3 -1
313 57 53 58 53 368 423 424 424
181 2 -1
315 32 85 33 86 370 425 426 427
182 3 -1
320 61 41 70 43 375 430 431 446
183 1 -1
321 13 35 16 35 376 431 432 434
184 3 -1
323 96 91 96 91 378 433 434 446
185 3 -1
325 29 61 32 66 380 435 436 443
186 2 -1
326 53 27 53 28 381 436 437 437
187 1 -1
327 50 34 52 34 382 437 438 440
188 3 -1
328 30 6 31 8 383 438 439 443
189 2 -1
329 51 45 51 48 384 439 440 442
190 2 -1
330 9 62 12 64 385 440 441 445
191 0 -1
337 26 59 35 62 392 447 448 460
192 3 -1
340 68 16 69 17 395 450 451 453
193 3 -1
342 94 5 95 5 397 452 453 453
194 3 -1
343 76 25 77 25 398 453 454 456
195 2 -1
345 63 66 75 66 400 455 456 467
196 3 -1
349 70 61 71 61 404 459 460 460
197 3 -1
351 43 13 43 13 406 461 462 462
198 0 -1
354 32 95 34 95 409 464 465 470
199 3 -1
356 1 61 2 61 411 466 467 467
200 2 -1
357 14 82 17 83 412 467 468 471
201 1 -1
358 92 11 94 15 413 468 469 475
202 2 -1
359 49 29 51 29 414 469 470 472
203 3 -1
360 69 61 70 62 415 470 471 472
204 0 -1
361 46 14 47 15 416 471 472 477
205 1 -1
363 16 32 16 33 418 473 474 474
206 1 -1
364 63 36 63 36 419 474 475 475
207 1 -1
365 83 85 83 85 420 475 476 477
208 3 -1
367 2 19 3 20 422 477 478 483
209 0 -1
371 57 39 57 39 426 481 482 482
210 1 -1
372 79 56 82 61 427 482 483 490
211 0 -1
373 14 77 16 77 428 483 484 486
212 3 -1
374 98 0 98 0 429 484 485 485
213 2 -1
375 31 84 32 84 430 485 486 486
214 1 -1
377 23 6 23 7 432 487 488 488
215 2 -1
379 44 46 45 46 434 489 490 490
216 2 -1
380 91 2 91 2 435 490 491 491
217 3 -1
381 58 88 62 88 436 491 492 496
218 2 -1
382 1 93 1 93 437 492 493 494
219 3 -1
383 54 58 54 59 438 493 494 494
220 3 -1
388 39 52 39 53 443 498 499 499
221 3 -1
391 36 31 37 32 446 501 502 503
222 2 -1
392 93 18 93 19 447 502 503 504
223 2 -1
394 67 96 69 96 449 504 505 507
224 1 -1
396 21 16 26 16 451 506 507 511
225 0 -1
397 47 27 47 28 452 507 508 508
226 1 -1
400 33 32 33 33 455 510 511 512
227 0 -1
401 71 91 73 91 456 511 512 513
228 0 -1
403 70 53 70 53 458 513 514 518
229 3 -1
404 83 35 85 35 459 514 515 516
230 3 -1
407 83 30 83 31 462 517 518 518
231 0 -1
408 75 8 78 8 463 518 519 521
232 0 -1
411 96 28 96 28 466 521 522 523
233 2 -1
412 54 27 54 27 467 522 523 523
234 1 -1
414 61 60 62 60 469 524 525 525
235 1 -1
418 11 97 11 98 473 528 529 529
236 3 -1
420 12 73 12 73 475 530 531 531
237 0 -1
421 45 23 45 23 476 531 532 533
238 3 -1
423 9 13 9 13 478 533 534 534
239 2 -1
426 30 67 34 67 481 536 537 541
240 2 -1
428 22 62 23 63 483 538 539 540
241 2 -1
433 34 23 35 23 488 543 544 545
242 2 -1
437 76 7 76 8 492 547 548 548
243 3 -1
439 20 33 21 33 494 549 550 551
244 0 -1
441 65 74 66 79 496 551 552 559
245 1 -1
446 99 11 97 13 501 556 557 560
246 0 -1
448 87 42 88 44 503 558 559 561
247 3 -1
450 17 63 18 67 505 560 561 568
248 2 -1
452 76 20 77 22 507 562 563 565
249 1 -1
455 30 60 30 62 510 565 566 568
250 0 -1
460 31 77 31 83 515 570 571 576
251 0 -1
461 80 96 82 96 516 571 572 573
252 1 -1
462 81 69 83 69 517 572 573 575
253 1 -1
464 64 68 64 70 519 574 575 576
254 3 -1
469 11 9 11 10 524 579 580 581
255 3 -1
471 49 85 59 85 526 581 582 592
256 1 -1
475 91 6 93 6 530 585 586 587
257 0 -1
478 24 46 26 47 533 588 589 592
258 2 -1
479 34 3 36 3 534 589 590 591
259 3 -1
480 65 42 72 43 535 590 591 598
260 0 -1
481 49 40 55 40 536 591 592 597
261 0 -1
482 89 92 89 92 537 592 593 593
262 0 -1
484 38 75 38 75 539 594 595 598
263 1 -1
486 44 5 44 8 541 596 597 599
264 2 -1
488 27 55 28 56 543 598 599 601
265 3 -1
489 90 43 94 51 544 599 600 612
266 3 -1
491 35 1 35 2 546 601 602 603
267 1 -1
493 40 36 40 37 548 603 604 604
268 3 -1
496 45 53 46 53 551 606 607 607
269 3 -1
501 21 45 22 46 556 611 612 613
270 0 -1
502 86 43 87 45 557 612 613 616
271 3 -1
505 15 62 15 62 560 615 616 617
272 2 -1
506 33 71 33 74 561 616 617 621
273 1 -1
507 74 20 74 21 562 617 618 621
274 2 -1
509 79 92 79 93 564 619 620 620
275 1 -1
511 54 32 54 32 566 621 622 623
276 3 -1
512 19 16 20 16 567 622 623 623
277 0 -1
515 87 71 90 71 570 625 626 628
278 0 -1
516 28 14 36 18 571 626 627 639
279 0 -1
517 77 72 78 72 572 627 628 631
280 3 -1
518 59 64 60 64 573 628 629 630
281 0 -1
520 47 49 47 50 575 630 631 631
282 2 -1
522 71 53 74 59 577 632 633 641
283 1 -1
523 6 95 6 95 578 633 634 634
284 1 -1
525 64 52 65 52 580 635 636 637
285 1 -1
526 74 55 74 57 581 636 637 638
286 1 -1
528 34 79 38 80 583 638 639 643
287 1 -1
530 93 40 97 40 585 640 641 644
288 0 -1
533 23 45 25 45 588 643 644 645
289 3 -1
535 98 7 99 9 590 645 646 648
290 1 -1
536 51 45 51 46 591 646 647 648
291 1 -1
537 66 7 67 7 592 647 648 648
292 2 -1
538 63 29 63 30 593 648 649 651
293 3 -1
540 73 71 75 73 595 650 651 654
294 0 -1
541 75 35 77 36 596 651 652 654
295 2 -1
542 91 93 91 96 597 652 653 660
296 3 -1
543 82 83 82 85 598 653 654 655
297 3 -1
546 35 86 36 86 601 656 657 658
298 2 -1
547 73 49 73 49 602 657 658 659
299 1 -1
550 6 44 7 44 605 660 661 661
300 2 -1
552 51 80 52 81 607 662 663 665
