100 100 2591
16
0 43 49
1 85 50
2 52 48
3 44 87
4 11 11
5 92 88
6 40 22
7 57 85
8 3 94
9 0 44
10 6 90
11 65 18
12 55 71
13 31 30
14 89 81
15 72 84
48
0 0 0 100 6
0
1 0 -1 100 6
0
2 0 -1 100 6
0
3 1 0 100 6
0
4 1 -1 100 6
0
5 1 -1 100 6
0
6 2 0 100 6
0
7 2 -1 100 6
0
8 2 -1 100 6
0
9 3 0 100 6
0
10 3 -1 100 6
0
11 3 -1 100 6
0
12 4 0 100 6
0
13 4 -1 100 6
0
14 4 -1 100 6
0
15 5 0 100 6
0
16 5 -1 100 6
0
17 5 -1 100 6
0
18 6 0 100 6
0
19 6 -1 100 6
0
20 6 -1 100 6
0
21 7 0 100 6
0
22 7 -1 100 6
0
23 7 -1 100 6
0
24 8 0 100 6
0
25 8 -1 100 6
0
26 8 -1 100 6
0
27 9 0 100 6
0
28 9 -1 100 6
0
29 9 -1 100 6
0
30 10 0 100 6
0
31 10 -1 100 6
0
32 10 -1 100 6
0
33 11 0 100 6
0
34 11 -1 100 6
0
35 11 -1 100 6
0
36 12 0 100 6
0
37 12 -1 100 6
0
38 12 -1 100 6
0
39 13 0 100 6
0
40 13 -1 100 6
0
41 13 -1 100 6
0
42 14 0 100 6
0
43 14 -1 100 6
0
44 14 -1 100 6
0
45 15 0 100 6
0
46 15 -1 100 6
0
47 15 -1 100 6
0
1000
1 8 -1
2 90 81 90 82 433 864 865 867
2 10 -1
5 26 97 26 92 436 867 868 872
3 10 -1
7 17 43 17 43 438 869 870 873
4 10 -1
8 41 60 48 62 439 870 871 879
5 12 -1
9 15 86 18 86 440 871 872 877
6 1 -1
10 42 43 46 43 441 872 873 876
7 6 -1
11 53 70 58 71 442 873 874 879
8 3 -1
12 1 10 3 10 443 874 875 876
9 13 -1
13 13 79 15 79 444 875 876 877
10 6 -1
14 72 14 74 14 445 876 877 879
11 6 -1
15 24 59 28 61 446 877 878 883
12 8 -1
17 0 93 1 95 448 879 880 883
13 11 -1
18 24 38 26 39 449 880 881 886
14 3 -1
19 87 1 88 1 450 881 882 882
15 3 -1
20 76 66 77 67 451 882 883 884
16 15 -1
21 3 74 3 76 452 883 884 885
17 1 -1
22 24 74 24 77 453 884 885 888
18 7 -1
24 23 88 23 89 455 886 887 888
19 4 -1
29 38 69 38 71 460 891 892 897
20 3 -1
30 34 53 36 53 461 892 893 894
21 1 -1
31 81 1 82 1 462 893 894 895
22 0 -1
33 51 51 51 53 464 895 896 901
23 0 -1
35 65 4 66 4 466 897 898 898
24 6 -1
36 26 65 26 66 467 898 899 900
25 1 -1
39 57 96 57 97 470 901 902 902
26 10 -1
40 68 7 69 7 471 902 903 903
27 4 -1
41 77 27 79 27 472 903 904 905
28 11 -1
42 34 9 34 10 473 904 905 905
29 8 -1
43 79 49 80 49 474 905 906 906
30 13 -1
45 39 32 40 32 476 907 908 909
31 15 -1
49 90 56 91 57 480 911 912 914
32 2 -1
52 11 43 13 43 483 914 915 921
33 7 -1
53 56 27 61 27 484 915 916 920
34 11 -1
54 81 97 82 97 485 916 917 917
35 7 -1
56 13 59 17 63 487 918 919 935
36 1 -1
57 27 84 27 84 488 919 920 921
37 7 -1
59 34 93 35 93 490 921 922 922
38 2 -1
61 45 46 45 47 492 923 924 925
39 11 -1
62 45 32 53 32 493 924 925 932
40 3 -1
64 5 83 18 86 495 926 927 945
41 3 -1
69 7 11 8 12 500 931 932 933
42 15 -1
71 83 77 88 79 502 933 934 941
43 7 -1
73 54 62 54 63 504 935 936 940
44 2 -1
76 56 19 59 19 507 938 939 941
45 10 -1
78 97 77 98 78 509 940 941 942
46 9 -1
80 32 71 35 71 511 942 943 945
47 10 -1
81 21 22 22 22 512 943 944 945
48 5 -1
82 50 66 53 69 513 944 945 950
49 10 -1
83 95 66 97 66 514 945 946 950
50 0 -1
84 0 11 1 11 515 946 947 947
51 12 -1
86 20 15 29 16 517 948 949 958
52 14 -1
87 98 35 98 36 518 949 950 950
53 7 -1
90 83 51 83 52 521 952 953 953
54 4 -1
91 77 90 79 91 522 953 954 957
55 1 -1
92 96 25 97 25 523 954 955 955
56 15 -1
93 8 0 9 0 524 955 956 958
57 6 -1
94 72 36 73 41 525 956 957 962
58 4 -1
96 51 60 51 62 527 958 959 960
59 0 -1
103 53 12 55 13 534 965 966 968
60 0 -1
105 16 99 17 100 536 967 968 969
61 7 -1
106 54 11 60 14 537 968 969 978
62 6 -1
107 45 79 47 79 538 969 970 972
63 2 -1
108 31 34 31 38 539 970 971 978
64 12 -1
110 28 21 28 22 541 972 973 980
65 10 -1
111 6 58 7 58 542 973 974 974
66 6 -1
114 16 57 17 60 545 976 977 982
67 8 -1
115 61 85 65 85 546 977 978 982
68 8 -1
116 88 15 93 17 547 978 979 990
69 0 -1
119 95 40 96 40 550 981 982 984
70 6 -1
120 80 98 81 98 551 982 983 983
71 10 -1
122 2 28 2 31 553 984 985 988
72 7 -1
123 8 72 10 72 554 985 986 988
73 11 -1
124 0 38 0 39 555 986 987 990
74 1 -1
127 90 64 90 65 558 989 990 990
75 7 -1
128 58 52 70 58 559 990 991 1009
76 5 -1
130 45 54 45 55 561 992 993 993
77 1 -1
132 11 78 16 79 563 994 995 1009
78 7 -1
134 43 32 44 32 565 996 997 997
79 15 -1
135 62 5 71 6 566 997 998 1008
80 6 -1
136 95 41 95 41 567 998 999 1000
81 15 -1
139 47 57 47 57 570 1001 1002 1002
82 9 -1
140 46 21 49 21 571 1002 1003 1006
83 10 -1
141 71 58 73 59 572 1003 1004 1008
84 2 -1
144 70 98 75 98 575 1006 1007 1011
85 3 -1
145 81 85 82 86 576 1007 1008 1009
86 15 -1
146 15 58 15 59 577 1008 1009 1009
87 0 -1
147 91 14 92 14 578 1009 1010 1010
88 14 -1
148 93 79 93 79 579 1010 1011 1011
89 11 -1
149 24 86 26 86 580 1011 1012 1013
90 13 -1
150 35 66 38 67 581 1012 1013 1018
91 12 -1
153 23 2 24 2 584 1015 1016 1016
92 4 -1
154 42 3 43 6 585 1016 1017 1020
93 11 -1
155 16 72 20 72 586 1017 1018 1021
94 8 -1
156 3 42 4 43 587 1018 1019 1023
95 2 -1
157 76 2 79 4 588 1019 1020 1024
96 4 -1
160 77 17 83 17 591 1022 1023 1028
97 5 -1
162 54 87 55 87 593 1024 1025 1025
98 0 -1
163 3 94 4 94 594 1025 1026 1026
99 14 -1
166 79 58 79 58 597 1028 1029 1030
100 1 -1
167 82 38 82 43 598 1029 1030 1034
101 1 -1
168 52 62 54 62 599 1030 1031 1032
102 3 -1
169 55 87 59 87 600 1031 1032 1036
103 7 -1
170 65 6 69 6 601 1032 1033 1037
104 1 -1
172 58 38 59 38 603 1034 1035 1039
105 3 -1
173 38 92 38 94 604 1035 1036 1040
106 10 -1
174 4 73 6 73 605 1036 1037 1038
107 6 -1
179 28 26 29 26 610 1041 1042 1042
108 8 -1
183 24 66 25 69 614 1045 1046 1050
109 15 -1
184 48 0 50 0 615 1046 1047 1048
110 3 -1
185 27 19 29 19 616 1047 1048 1049
111 13 -1
186 14 33 16 33 617 1048 1049 1057
112 15 -1
187 64 35 64 40 618 1049 1050 1055
113 5 -1
189 60 60 65 60 620 1051 1052 1056
114 0 -1
190 57 5 60 6 621 1052 1053 1057
115 4 -1
193 70 57 70 57 624 1055 1056 1056
116 6 -1
196 18 36 20 36 627 1058 1059 1060
117 1 -1
197 34 25 35 25 628 1059 1060 1060
118 10 -1
198 18 20 22 28 629 1060 1061 1078
119 14 -1
199 10 96 11 96 630 1061 1062 1062
120 9 -1
200 24 93 24 93 631 1062 1063 1064
121 15 -1
201 68 68 69 68 632 1063 1064 1064
122 14 -1
204 12 3 13 3 635 1066 1067 1067
123 6 -1
208 77 88 77 88 639 1070 1071 1071
124 10 -1
209 79 36 80 36 640 1071 1072 1072
125 9 -1
211 68 66 71 66 642 1073 1074 1076
126 12 -1
212 63 93 64 94 643 1074 1075 1076
127 11 -1
213 6 19 9 24 644 1075 1076 1083
128 3 -1
214 82 53 85 54 645 1076 1077 1081
129 1 -1
218 26 82 29 86 649 1080 1081 1087
130 5 -1
219 64 6 66 6 650 1081 1082 1083
131 4 -1
224 26 7 26 8 655 1086 1087 1089
132 14 -1
225 57 14 59 14 656 1087 1088 1089
133 14 -1
229 42 48 42 50 660 1091 1092 1097
134 7 -1
230 72 51 72 52 661 1092 1093 1093
135 14 -1
231 27 78 30 78 662 1093 1094 1096
136 10 -1
236 6 36 7 37 667 1098 1099 1100
137 13 -1
237 97 89 98 89 668 1099 1100 1101
138 11 -1
240 99 61 90 63 671 1102 1103 1113
139 7 -1
242 6 29 6 30 673 1104 1105 1106
140 10 -1
244 67 83 71 84 675 1106 1107 1111
141 8 -1
245 33 98 33 92 676 1107 1108 1113
142 12 -1
246 99 7 97 8 677 1108 1109 1111
143 3 -1
247 74 16 77 16 678 1109 1110 1112
144 11 -1
248 28 29 28 32 679 1110 1111 1113
145 11 -1
250 77 56 79 56 681 1112 1113 1114
146 10 -1
251 5 21 5 23 682 1113 1114 1116
147 11 -1
253 71 20 71 20 684 1115 1116 1116
148 15 -1
255 22 12 23 12 686 1117 1118 1119
149 8 -1
256 62 55 64 55 687 1118 1119 1122
150 14 -1
257 88 95 88 95 688 1119 1120 1123
151 2 -1
258 55 55 56 55 689 1120 1121 1121
152 4 -1
260 22 32 24 32 691 1122 1123 1124
153 14 -1
261 38 68 40 70 692 1123 1124 1135
154 15 -1
266 7 80 11 80 697 1128 1129 1132
155 5 -1
267 39 36 41 37 698 1129 1130 1132
156 14 -1
268 12 94 12 94 699 1130 1131 1132
157 6 -1
269 56 52 57 52 700 1131 1132 1132
158 10 -1
271 21 3 21 8 702 1133 1134 1139
159 14 -1
272 50 66 50 67 703 1134 1135 1135
160 12 -1
274 78 25 83 29 705 1136 1137 1149
161 8 -1
277 17 23 18 23 708 1139 1140 1141
162 2 -1
278 61 45 63 46 709 1140 1141 1146
163 10 -1
279 46 63 47 66 710 1141 1142 1145
164 14 -1
280 23 28 23 31 711 1142 1143 1145
165 0 -1
283 49 38 50 38 714 1145 1146 1146
166 11 -1
285 20 44 22 45 716 1147 1148 1150
167 13 -1
286 95 96 97 97 717 1148 1149 1151
168 6 -1
289 41 97 43 97 720 1151 1152 1154
169 13 -1
293 78 9 80 10 724 1155 1156 1159
170 5 -1
294 37 61 40 62 725 1156 1157 1160
171 13 -1
295 61 14 62 14 726 1157 1158 1159
172 6 -1
296 56 82 60 82 727 1158 1159 1162
173 3 -1
303 22 87 28 90 734 1165 1166 1174
174 13 -1
305 47 45 51 46 736 1167 1168 1172
175 15 -1
306 23 4 23 4 737 1168 1169 1169
176 11 -1
307 77 94 79 94 738 1169 1170 1171
177 3 -1
310 93 64 97 64 741 1172 1173 1176
178 9 -1
311 93 7 93 7 742 1173 1174 1177
179 15 -1
312 44 86 53 86 743 1174 1175 1183
180 6 -1
313 13 30 13 31 744 1175 1176 1176
181 12 -1
315 62 17 64 17 746 1177 1178 1179
182 10 -1
320 34 37 42 42 751 1182 1183 1198
183 9 -1
321 80 46 83 46 752 1183 1184 1186
184 6 -1
323 96 49 90 49 754 1185 1186 1198
185 10 -1
325 70 47 71 54 756 1187 1188 1195
186 1 -1
326 61 20 61 20 757 1188 1189 1189
187 10 -1
327 14 76 14 78 758 1189 1190 1192
188 0 -1
328 34 75 34 75 759 1190 1191 1195
189 0 -1
329 10 39 12 39 760 1191 1192 1194
190 10 -1
330 27 95 30 96 761 1192 1193 1197
191 14 -1
337 31 40 31 41 768 1199 1200 1212
192 9 -1
340 36 35 39 35 771 1202 1203 1205
193 4 -1
342 19 84 19 85 773 1204 1205 1205
194 8 -1
343 22 28 22 31 774 1205 1206 1208
195 2 -1
345 46 30 54 33 776 1207 1208 1219
196 7 -1
349 36 43 36 43 780 1211 1212 1212
197 10 -1
351 29 92 29 93 782 1213 1214 1214
198 7 -1
354 44 72 50 72 785 1216 1217 1222
199 6 -1
356 36 89 36 89 787 1218 1219 1219
200 5 -1
357 90 55 90 58 788 1219 1220 1223
201 1 -1
358 95 34 90 34 789 1220 1221 1227
202 4 -1
359 26 65 29 65 790 1221 1222 1224
203 13 -1
360 9 4 9 4 791 1222 1223 1224
204 6 -1
361 34 11 34 16 792 1223 1224 1229
205 1 -1
363 49 38 50 38 794 1225 1226 1226
206 5 -1
364 52 94 53 94 795 1226 1227 1227
207 10 -1
365 74 11 74 11 796 1227 1228 1229
208 5 -1
367 84 4 84 5 798 1229 1230 1235
209 8 -1
371 75 48 76 48 802 1233 1234 1234
210 14 -1
372 99 88 95 88 803 1234 1235 1242
211 14 -1
373 2 74 3 74 804 1235 1236 1238
212 2 -1
374 72 43 73 43 805 1236 1237 1237
213 11 -1
375 41 70 42 70 806 1237 1238 1238
214 8 -1
377 24 66 25 66 808 1239 1240 1240
215 14 -1
379 9 66 9 66 810 1241 1242 1242
216 11 -1
380 63 61 64 61 811 1242 1243 1243
217 12 -1
381 87 6 87 10 812 1243 1244 1248
218 14 -1
382 26 70 28 70 813 1244 1245 1246
219 4 -1
383 1 47 1 47 814 1245 1246 1246
220 13 -1
388 35 49 36 49 819 1250 1251 1251
221 14 -1
391 45 96 47 96 822 1253 1254 1255
222 9 -1
392 92 31 93 32 823 1254 1255 1256
223 7 -1
394 32 78 34 79 825 1256 1257 1259
224 13 -1
396 11 48 12 52 827 1258 1259 1263
225 0 -1
397 21 44 21 44 828 1259 1260 1260
226 9 -1
400 32 36 32 36 831 1262 1263 1264
227 3 -1
401 22 12 23 12 832 1263 1264 1265
228 2 -1
403 8 55 12 55 834 1265 1266 1270
229 2 -1
404 91 44 91 44 835 1266 1267 1268
230 3 -1
407 8 57 9 57 838 1269 1270 1270
231 10 -1
408 20 42 20 43 839 1270 1271 1273
232 3 -1
411 6 32 6 34 842 1273 1274 1275
233 15 -1
412 5 43 6 43 843 1274 1275 1275
234 11 -1
414 95 26 96 26 845 1276 1277 1277
235 14 -1
418 52 48 53 48 849 1280 1281 1281
236 5 -1
420 80 80 80 80 851 1282 1283 1283
237 4 -1
421 94 29 95 30 852 1283 1284 1285
238 2 -1
423 96 98 97 98 854 1285 1286 1286
239 8 -1
426 9 5 10 5 857 1288 1289 1293
240 5 -1
428 42 37 43 38 859 1290 1291 1292
241 0 -1
433 5 97 5 99 864 1295 1296 1297
242 14 -1
437 23 7 23 7 868 1299 1300 1300
243 14 -1
439 70 79 70 79 870 1301 1302 1303
244 13 -1
441 60 4 68 4 872 1303 1304 1311
245 7 -1
446 54 14 55 15 877 1308 1309 1312
246 13 -1
448 69 94 71 95 879 1310 1311 1313
247 1 -1
450 64 78 71 78 881 1312 1313 1320
248 13 -1
452 54 79 55 81 883 1314 1315 1317
249 13 -1
455 65 91 68 91 886 1317 1318 1320
250 11 -1
460 37 57 37 58 891 1322 1323 1328
251 13 -1
461 75 82 77 82 892 1323 1324 1325
252 0 -1
462 47 98 50 98 893 1324 1325 1327
253 3 -1
464 64 14 66 14 895 1326 1327 1328
254 3 -1
469 81 98 82 99 900 1331 1332 1333
255 8 -1
471 65 17 67 20 902 1333 1334 1344
256 1 -1
475 97 78 98 78 906 1337 1338 1339
257 2 -1
478 4 13 8 13 909 1340 1341 1344
258 4 -1
479 15 26 17 26 910 1341 1342 1343
259 14 -1
480 70 10 74 10 911 1342 1343 1350
260 10 -1
481 42 54 46 56 912 1343 1344 1349
261 2 -1
482 26 60 27 60 913 1344 1345 1345
262 13 -1
484 92 51 92 54 915 1346 1347 1350
263 7 -1
486 64 44 67 44 917 1348 1349 1351
264 12 -1
488 1 25 3 26 919 1350 1351 1353
265 12 -1
489 12 60 12 60 920 1351 1352 1364
266 14 -1
491 53 50 53 52 922 1353 1354 1355
267 11 -1
493 43 46 44 46 924 1355 1356 1356
268 12 -1
496 42 63 42 63 927 1358 1359 1359
269 15 -1
501 80 21 80 22 932 1363 1364 1365
270 1 -1
502 35 11 38 11 933 1364 1365 1368
271 0 -1
505 6 6 8 6 936 1367 1368 1369
272 4 -1
506 40 64 43 65 937 1368 1369 1373
273 7 -1
507 53 32 54 34 938 1369 1370 1373
274 2 -1
509 73 17 73 18 940 1371 1372 1372
275 3 -1
511 98 7 99 8 942 1373 1374 1375
276 4 -1
512 2 49 2 49 943 1374 1375 1375
277 8 -1
515 57 10 57 11 946 1377 1378 1380
278 0 -1
516 66 35 78 35 947 1378 1379 1391
279 7 -1
517 40 40 44 40 948 1379 1380 1383
280 3 -1
518 95 59 97 59 949 1380 1381 1382
281 3 -1
520 60 0 60 0 951 1382 1383 1383
282 3 -1
522 84 52 91 52 953 1384 1385 1393
283 3 -1
523 60 82 61 82 954 1385 1386 1386
284 14 -1
525 80 28 82 28 956 1387 1388 1389
285 10 -1
526 69 5 69 7 957 1388 1389 1390
286 2 -1
528 10 44 15 44 959 1390 1391 1395
287 13 -1
530 5 65 7 67 961 1392 1393 1396
288 6 -1
533 37 91 38 91 964 1395 1396 1397
289 1 -1
535 18 75 20 76 966 1397 1398 1400
290 8 -1
536 66 9 68 9 967 1398 1399 1400
291 0 -1
537 79 78 80 78 968 1399 1400 1400
292 8 -1
538 56 4 58 5 969 1400 1401 1403
293 12 -1
540 24 14 27 15 971 1402 1403 1406
294 14 -1
541 16 81 16 82 972 1403 1404 1406
295 11 -1
542 1 24 1 31 973 1404 1405 1412
296 12 -1
543 91 79 91 80 974 1405 1406 1407
297 14 -1
546 89 67 90 67 977 1408 1409 1410
298 13 -1
547 98 0 96 0 978 1409 1410 1411
299 1 -1
550 6 21 6 21 981 1412 1413 1413
300 15 -1
552 54 74 57 74 983 1414 1415 1417
301 12 -1
553 3 21 5 21 984 1415 1416 1417
302 0 -1
555 80 50 80 53 986 1417 1418 1422
303 7 -1
556 90 94 92 94 987 1418 1419 1420
304 5 -1
558 5 82 6 82 989 1420 1421 1421
305 13 -1
559 7 48 9 51 990 1421 1422 1426
306 4 -1
560 66 1 67 2 991 1422 1423 1424
307 7 -1
562 50 91 51 91 993 1424 1425 1425
308 10 -1
565 74 31 77 31 996 1427 1428 1431
309 4 -1
566 85 74 87 76 997 1428 1429 1432
310 10 -1
567 12 13 13 13 998 1429 1430 1430
311 13 -1
570 68 22 68 25 1001 1432 1433 1436
312 2 -1
572 61 47 62 49 1003 1434 1435 1437
313 4 -1
573 89 87 91 87 1004 1435 1436 1438
314 2 -1
575 44 75 46 75 1006 1437 1438 1439
315 5 -1
577 18 88 19 88 1008 1439 1440 1440
316 12 -1
578 41 15 43 15 1009 1440 1441 1442
317 0 -1
579 47 52 48 53 1010 1441 1442 1446
318 13 -1
580 38 37 39 37 1011 1442 1443 1443
319 15 -1
585 2 12 2 12 1016 1447 1448 1450
320 1 -1
588 82 48 82 48 1019 1450 1451 1455
321 12 -1
589 0 36 0 45 1020 1451 1452 1466
322 6 -1
592 48 66 48 67 1023 1454 1455 1455
323 7 -1
594 81 48 81 49 1025 1456 1457 1458
324 5 -1
595 53 5 53 10 1026 1457 1458 1472
325 15 -1
596 43 70 44 71 1027 1458 1459 1462
326 0 -1
597 64 40 65 45 1028 1459 1460 1467
327 1 -1
599 47 91 54 91 1030 1461 1462 1469
328 5 -1
600 18 78 21 78 1031 1462 1463 1465
329 14 -1
601 90 38 91 38 1032 1463 1464 1465
330 10 -1
603 63 61 65 61 1034 1465 1466 1467
331 14 -1
608 21 21 24 21 1039 1470 1471 1473
332 5 -1
609 50 58 50 59 1040 1471 1472 1472
333 7 -1
610 31 72 33 74 1041 1472 1473 1477
334 0 -1
611 35 36 38 37 1042 1473 1474 1477
335 9 -1
613 72 47 73 47 1044 1475 1476 1483
336 15 -1
614 10 80 11 82 1045 1476 1477 1482
337 14 -1
615 29 80 30 80 1046 1477 1478 1478
338 12 -1
616 54 71 54 72 1047 1478 1479 1480
339 11 -1
619 73 93 78 93 1050 1481 1482 1486
340 8 -1
620 23 51 24 52 1051 1482 1483 1484
341 1 -1
621 40 52 43 52 1052 1483 1484 1488
342 9 -1
622 60 20 62 21 1053 1484 1485 1487
343 13 -1
623 22 28 24 28 1054 1485 1486 1487
344 8 -1
624 21 30 21 30 1055 1486 1487 1487
345 4 -1
625 26 29 28 29 1056 1487 1488 1489
346 15 -1
628 72 41 73 41 1059 1490 1491 1491
347 15 -1
629 87 97 92 97 1060 1491 1492 1496
348 11 -1
630 62 63 62 64 1061 1492 1493 1493
349 5 -1
634 89 23 90 23 1065 1496 1497 1497
350 15 -1
635 2 37 3 37 1066 1497 1498 1499
351 0 -1
636 5 61 7 61 1067 1498 1499 1500
352 0 -1
637 51 95 53 95 1068 1499 1500 1501
353 12 -1
639 31 27 32 27 1070 1501 1502 1502
354 0 -1
640 22 71 23 71 1071 1502 1503 1504
355 13 -1
641 75 98 77 98 1072 1503 1504 1505
356 3 -1
643 43 8 45 11 1074 1505 1506 1511
357 6 -1
645 17 25 17 27 1076 1507 1508 1509
358 12 -1
646 2 84 4 84 1077 1508 1509 1510
359 11 -1
648 77 13 77 14 1079 1510 1511 1511
360 6 -1
649 90 20 98 20 1080 1511 1512 1521
361 0 -1
650 34 41 35 41 1081 1512 1513 1513
362 15 -1
651 88 49 90 50 1082 1513 1514 1517
363 14 -1
652 51 62 58 69 1083 1514 1515 1529
364 15 -1
653 40 90 40 91 1084 1515 1516 1516
365 14 -1
656 44 44 45 44 1087 1518 1519 1519
366 10 -1
662 59 42 61 42 1093 1524 1525 1526
367 8 -1
663 59 26 64 27 1094 1525 1526 1533
368 0 -1
664 91 52 93 52 1095 1526 1527 1528
369 5 -1
665 1 3 1 4 1096 1527 1528 1528
370 4 -1
666 37 51 39 51 1097 1528 1529 1530
371 9 -1
667 13 27 15 28 1098 1529 1530 1532
372 8 -1
669 7 43 7 43 1100 1531 1532 1532
373 10 -1
672 2 85 2 89 1103 1534 1535 1538
374 11 -1
673 71 82 73 82 1104 1535 1536 1537
375 0 -1
674 94 50 94 52 1105 1536 1537 1540
376 9 -1
675 50 8 52 9 1106 1537 1538 1542
377 9 -1
678 74 9 74 13 1109 1540 1541 1544
378 12 -1
679 65 29 65 29 1110 1541 1542 1544
379 9 -1
680 13 85 15 85 1111 1542 1543 1548
380 2 -1
681 62 50 63 50 1112 1543 1544 1545
381 10 -1
682 79 94 81 94 1113 1544 1545 1546
382 7 -1
684 85 30 87 30 1115 1546 1547 1548
383 0 -1
685 13 12 17 13 1116 1547 1548 1552
384 0 -1
687 72 36 76 37 1118 1549 1550 1554
385 0 -1
688 23 58 23 59 1119 1550 1551 1552
386 1 -1
689 7 19 7 21 1120 1551 1552 1553
387 12 -1
690 93 33 94 33 1121 1552 1553 1554
388 14 -1
691 3 70 3 70 1122 1553 1554 1555
389 8 -1
692 96 30 98 30 1123 1554 1555 1556
390 13 -1
694 49 81 49 83 1125 1556 1557 1559
391 12 -1
696 63 28 64 29 1127 1558 1559 1560
392 11 -1
698 32 77 36 78 1129 1560 1561 1565
393 2 -1
700 50 95 50 96 1131 1562 1563 1563
394 15 -1
701 72 24 73 24 1132 1563 1564 1564
395 9 -1
702 21 89 27 89 1133 1564 1565 1571
396 5 -1
703 15 62 15 64 1134 1565 1566 1567
397 9 -1
704 5 71 6 71 1135 1566 1567 1568
398 13 -1
705 67 85 67 85 1136 1567 1568 1571
399 8 -1
706 2 83 2 85 1137 1568 1569 1570
400 6 -1
707 2 36 5 37 1138 1569 1570 1573
401 1 -1
708 26 69 31 71 1139 1570 1571 1577
402 4 -1
710 94 67 96 67 1141 1572 1573 1575
403 5 -1
712 91 27 92 27 1143 1574 1575 1575
404 11 -1
714 42 78 43 78 1145 1576 1577 1577
405 6 -1
716 64 18 65 18 1147 1578 1579 1579
406 11 -1
718 88 6 91 9 1149 1580 1581 1588
407 14 -1
719 54 33 54 34 1150 1581 1582 1582
408 4 -1
720 26 91 28 91 1151 1582 1583 1584
409 4 -1
722 62 54 62 56 1153 1584 1585 1586
410 10 -1
724 21 22 23 22 1155 1586 1587 1588
411 6 -1
725 70 80 73 86 1156 1587 1588 1598
412 15 -1
726 0 80 3 80 1157 1588 1589 1592
413 14 -1
727 4 33 4 36 1158 1589 1590 1592
414 13 -1
728 86 22 86 22 1159 1590 1591 1595
415 0 -1
729 5 67 6 67 1160 1591 1592 1592
416 12 -1
731 54 77 55 77 1162 1593 1594 1594
417 6 -1
733 35 52 35 52 1164 1595 1596 1597
418 9 -1
734 47 87 48 88 1165 1596 1597 1598
419 7 -1
735 99 46 99 46 1166 1597 1598 1600
420 3 -1
736 87 62 88 62 1167 1598 1599 1600
421 8 -1
737 17 72 17 74 1168 1599 1600 1602
422 15 -1
742 54 62 57 62 1173 1604 1605 1609
423 4 -1
744 88 33 88 33 1175 1606 1607 1608
424 7 -1
745 35 52 40 52 1176 1607 1608 1612
425 1 -1
748 16 36 16 38 1179 1610 1611 1612
426 5 -1
750 80 6 81 6 1181 1612 1613 1613
427 3 -1
751 44 17 44 18 1182 1613 1614 1614
428 7 -1
752 82 93 83 94 1183 1614 1615 1617
429 9 -1
753 16 18 17 18 1184 1615 1616 1616
430 4 -1
754 49 30 54 30 1185 1616 1617 1622
431 5 -1
755 13 71 14 72 1186 1617 1618 1619
432 3 -1
757 89 50 90 51 1188 1619 1620 1621
433 4 -1
758 65 70 67 70 1189 1620 1621 1628
434 12 -1
759 48 74 50 74 1190 1621 1622 1623
435 6 -1
760 29 73 29 74 1191 1622 1623 1623
436 0 -1
766 54 46 56 46 1197 1628 1629 1630
437 8 -1
767 79 23 79 24 1198 1629 1630 1631
438 0 -1
768 49 63 49 65 1199 1630 1631 1633
439 7 -1
771 74 9 75 9 1202 1633 1634 1634
440 6 -1
772 29 48 31 48 1203 1634 1635 1636
441 6 -1
773 18 30 19 31 1204 1635 1636 1638
442 4 -1
775 53 46 54 47 1206 1637 1638 1642
443 2 -1
777 88 32 88 34 1208 1639 1640 1641
444 11 -1
778 8 39 10 39 1209 1640 1641 1642
445 12 -1
779 15 9 18 9 1210 1641 1642 1644
446 4 -1
781 68 32 68 32 1212 1643 1644 1644
447 10 -1
782 66 48 67 48 1213 1644 1645 1648
448 3 -1
784 8 61 10 61 1215 1646 1647 1648
449 13 -1
787 27 61 29 61 1218 1649 1650 1651
450 12 -1
788 92 3 93 3 1219 1650 1651 1651
451 8 -1
789 96 13 97 16 1220 1651 1652 1655
452 3 -1
790 82 60 83 61 1221 1652 1653 1654
453 11 -1
791 75 6 77 9 1222 1653 1654 1658
454 12 -1
793 59 51 59 52 1224 1655 1656 1658
455 11 -1
794 9 95 12 95 1225 1656 1657 1660
456 8 -1
795 1 5 3 5 1226 1657 1658 1659
457 1 -1
796 94 78 94 82 1227 1658 1659 1662
458 14 -1
797 68 87 68 88 1228 1659 1660 1660
459 3 -1
798 85 36 85 37 1229 1660 1661 1663
460 6 -1
799 47 75 49 75 1230 1661 1662 1663
461 8 -1
800 57 22 60 22 1231 1662 1663 1667
462 9 -1
802 14 69 15 69 1233 1664 1665 1668
463 7 -1
803 8 95 8 96 1234 1665 1666 1667
464 7 -1
805 80 12 80 15 1236 1667 1668 1672
465 15 -1
806 43 66 46 67 1237 1668 1669 1677
466 9 -1
807 61 55 61 57 1238 1669 1670 1671
467 3 -1
810 9 92 10 92 1241 1672 1673 1673
468 3 -1
813 36 13 37 13 1244 1675 1676 1676
469 6 -1
818 82 63 84 63 1249 1680 1681 1682
470 6 -1
820 87 47 89 48 1251 1682 1683 1685
471 12 -1
824 27 19 27 20 1255 1686 1687 1688
472 8 -1
825 50 34 50 36 1256 1687 1688 1690
473 4 -1
827 54 84 55 84 1258 1689 1690 1690
474 10 -1
828 44 67 49 70 1259 1690 1691 1700
475 8 -1
830 6 64 9 64 1261 1692 1693 1695
476 13 -1
831 87 18 88 18 1262 1693 1694 1694
477 7 -1
833 70 36 70 36 1264 1695 1696 1697
478 11 -1
834 55 35 55 37 1265 1696 1697 1698
479 0 -1
835 39 93 49 93 1266 1697 1698 1707
480 1 -1
839 48 55 48 57 1270 1701 1702 1703
481 7 -1
841 63 93 67 93 1272 1703 1704 1707
482 3 -1
842 19 6 20 7 1273 1704 1705 1706
483 0 -1
844 45 38 45 43 1275 1706 1707 1711
484 8 -1
845 12 54 12 55 1276 1707 1708 1709
485 1 -1
846 74 60 79 61 1277 1708 1709 1714
486 3 -1
847 68 85 68 85 1278 1709 1710 1710
487 3 -1
850 12 60 15 60 1281 1712 1713 1715
488 3 -1
851 87 28 87 31 1282 1713 1714 1717
489 6 -1
854 52 14 53 14 1285 1716 1717 1717
490 3 -1
856 98 15 98 18 1287 1718 1719 1721
491 5 -1
859 50 5 52 7 1290 1721 1722 1726
492 12 -1
860 35 54 35 55 1291 1722 1723 1723
493 13 -1
861 50 50 52 50 1292 1723 1724 1725
494 14 -1
864 5 25 5 27 1295 1726 1727 1729
495 2 -1
867 51 72 51 72 1298 1729 1730 1730
496 4 -1
868 16 81 16 82 1299 1730 1731 1732
497 0 -1
871 95 63 89 70 1302 1733 1734 1749
498 9 -1
873 3 84 5 84 1304 1735 1736 1737
499 13 -1
874 90 88 90 88 1305 1736 1737 1741
500 14 -1
875 86 88 86 90 1306 1737 1738 1740
501 2 -1
877 54 27 56 28 1308 1739 1740 1742
502 4 -1
878 3 90 3 91 1309 1740 1741 1742
503 3 -1
879 40 93 41 94 1310 1741 1742 1743
504 13 -1
880 60 96 61 98 1311 1742 1743 1746
505 14 -1
881 32 32 34 34 1312 1743 1744 1749
506 13 -1
882 30 11 31 12 1313 1744 1745 1746
507 6 -1
885 9 16 10 16 1316 1747 1748 1748
508 4 -1
887 48 77 49 79 1318 1749 1750 1752
509 12 -1
889 79 15 81 15 1320 1751 1752 1754
510 1 -1
891 54 92 56 92 1322 1753 1754 1755
511 3 -1
893 73 89 74 90 1324 1755 1756 1757
512 2 -1
894 9 49 12 49 1325 1756 1757 1759
513 0 -1
895 1 59 4 59 1326 1757 1758 1760
514 9 -1
896 2 76 2 78 1327 1758 1759 1760
515 5 -1
897 55 84 56 84 1328 1759 1760 1760
516 0 -1
898 92 6 94 6 1329 1760 1761 1762
517 11 -1
899 1 13 2 14 1330 1761 1762 1763
518 1 -1
900 82 60 83 60 1331 1762 1763 1768
519 9 -1
901 92 47 93 47 1332 1763 1764 1765
520 3 -1
902 94 56 95 56 1333 1764 1765 1765
521 15 -1
905 37 76 38 76 1336 1767 1768 1768
522 6 -1
910 34 7 34 7 1341 1772 1773 1773
523 13 -1
912 1 82 5 87 1343 1774 1775 1784
524 4 -1
914 77 27 78 33 1345 1776 1777 1783
525 1 -1
917 1 9 4 9 1348 1779 1780 1783
526 8 -1
919 15 63 16 63 1350 1781 1782 1783
527 1 -1
920 29 30 31 30 1351 1782 1783 1785
528 9 -1
921 83 58 84 58 1352 1783 1784 1784
529 5 -1
923 61 57 62 57 1354 1785 1786 1786
530 4 -1
925 60 54 60 55 1356 1787 1788 1790
531 5 -1
926 53 76 56 82 1357 1788 1789 1797
532 7 -1
927 45 18 48 18 1358 1789 1790 1792
533 0 -1
928 99 11 96 11 1359 1790 1791 1794
534 6 -1
929 34 56 34 56 1360 1791 1792 1792
535 2 -1
931 84 41 85 42 1362 1793 1794 1795
536 2 -1
933 8 98 15 98 1364 1795 1796 1802
537 14 -1
935 19 31 19 33 1366 1797 1798 1799
538 11 -1
936 21 46 21 47 1367 1798 1799 1799
539 12 -1
937 42 12 42 14 1368 1799 1800 1803
540 3 -1
938 99 55 99 59 1369 1800 1801 1804
541 10 -1
940 38 42 38 42 1371 1802 1803 1804
542 2 -1
942 17 46 17 47 1373 1804 1805 1805
543 1 -1
943 73 1 74 5 1374 1805 1806 1812
544 3 -1
944 32 33 32 34 1375 1806 1807 1807
545 7 -1
945 81 29 84 29 1376 1807 1808 1810
546 15 -1
947 65 66 74 70 1378 1809 1810 1822
547 0 -1
948 89 52 91 53 1379 1810 1811 1813
548 14 -1
950 0 32 2 32 1381 1812 1813 1814
549 12 -1
951 32 77 33 77 1382 1813 1814 1815
550 2 -1
954 42 72 42 73 1385 1816 1817 1818
551 13 -1
955 47 69 48 69 1386 1817 1818 1818
552 9 -1
957 53 0 53 0 1388 1819 1820 1822
553 5 -1
958 54 2 55 2 1389 1820 1821 1821
554 2 -1
963 19 7 20 7 1394 1825 1826 1828
555 14 -1
964 83 69 84 69 1395 1826 1827 1828
556 7 -1
966 29 27 30 27 1397 1828 1829 1830
557 7 -1
969 35 64 37 64 1400 1831 1832 1833
558 8 -1
972 33 96 37 98 1403 1834 1835 1840
559 6 -1
973 68 87 71 88 1404 1835 1836 1839
560 13 -1
974 98 95 91 97 1405 1836 1837 1846
561 13 -1
976 89 85 89 88 1407 1838 1839 1843
562 10 -1
979 48 73 52 73 1410 1841 1842 1845
563 5 -1
981 83 81 84 81 1412 1843 1844 1844
564 0 -1
983 95 71 97 72 1414 1845 1846 1848
565 12 -1
984 15 18 15 19 1415 1846 1847 1852
566 12 -1
987 42 62 42 63 1418 1849 1850 1853
567 2 -1
989 25 68 28 68 1420 1851 1852 1854
568 8 -1
990 81 78 83 80 1421 1852 1853 1856
569 13 -1
992 2 57 4 58 1423 1854 1855 1858
570 4 -1
993 43 16 43 18 1424 1855 1856 1857
571 14 -1
994 12 99 16 99 1425 1856 1857 1860
572 6 -1
996 18 29 20 29 1427 1858 1859 1860
573 6 -1
997 82 76 84 76 1428 1859 1860 1861
574 9 -1
998 74 15 74 15 1429 1860 1861 1861
575 10 -1
999 6 12 7 13 1430 1861 1862 1863
576 2 -1
1001 13 49 27 81 1432 1863 1864 1912
577 4 -1
1004 39 17 40 17 1435 1866 1867 1868
578 8 -1
1008 11 20 11 20 1439 1870 1871 1871
579 0 -1
1010 65 30 65 31 1441 1872 1873 1874
580 10 -1
1012 99 13 98 13 1443 1874 1875 1875
581 0 -1
1015 49 75 50 75 1446 1877 1878 1878
582 7 -1
1016 28 19 28 19 1447 1878 1879 1879
583 4 -1
1017 35 74 35 74 1448 1879 1880 1882
584 5 -1
1018 50 13 57 13 1449 1880 1881 1894
585 6 -1
1019 16 28 19 33 1450 1881 1882 1891
586 4 -1
1020 10 4 13 4 1451 1882 1883 1885
587 9 -1
1021 89 92 90 92 1452 1883 1884 1884
588 0 -1
1022 38 5 49 6 1453 1884 1885 1898
589 14 -1
1025 28 78 28 80 1456 1887 1888 1892
590 14 -1
1027 25 45 26 45 1458 1889 1890 1890
591 1 -1
1028 54 31 54 32 1459 1890 1891 1891
592 3 -1
1031 74 35 83 35 1462 1893 1894 1902
593 4 -1
1032 61 33 68 33 1463 1894 1895 1901
594 9 -1
1033 69 28 70 29 1464 1895 1896 1899
595 8 -1
1035 48 17 50 17 1466 1897 1898 1899
596 5 -1
1036 10 44 11 45 1467 1898 1899 1900
597 10 -1
1037 57 46 58 46 1468 1899 1900 1900
598 5 -1
1039 78 49 78 49 1470 1901 1902 1902
599 0 -1
1040 82 35 82 35 1471 1902 1903 1903
600 10 -1
1042 80 94 86 94 1473 1904 1905 1915
601 6 -1
1044 18 9 18 10 1475 1906 1907 1910
602 4 -1
1045 58 33 59 34 1476 1907 1908 1910
603 4 -1
1051 76 1 76 2 1482 1913 1914 1914
604 10 -1
1053 88 80 88 80 1484 1915 1916 1916
605 0 -1
1056 65 91 66 91 1487 1918 1919 1920
606 10 -1
1057 49 22 50 22 1488 1919 1920 1921
607 9 -1
1059 66 44 67 46 1490 1921 1922 1925
608 1 -1
1060 53 81 54 81 1491 1922 1923 1927
609 4 -1
1063 61 81 61 82 1494 1925 1926 1928
610 13 -1
1065 50 71 50 72 1496 1927 1928 1930
611 12 -1
1066 51 95 52 95 1497 1928 1929 1930
612 7 -1
1067 26 82 27 82 1498 1929 1930 1930
613 6 -1
1070 27 4 35 8 1501 1932 1933 1944
614 15 -1
1071 60 64 63 66 1502 1933 1934 1938
615 7 -1
1073 39 60 41 61 1504 1935 1936 1950
616 1 -1
1074 36 40 36 41 1505 1936 1937 1937
617 14 -1
1075 83 3 83 3 1506 1937 1938 1940
618 3 -1
1078 8 5 12 5 1509 1940 1941 1944
619 4 -1
1082 69 55 70 55 1513 1944 1945 1945
620 7 -1
1083 11 66 13 66 1514 1945 1946 1947
621 10 -1
1084 20 47 20 49 1515 1946 1947 1952
622 5 -1
1085 60 11 60 13 1516 1947 1948 1950
623 7 -1
1086 2 55 2 59 1517 1948 1949 1952
624 5 -1
1090 11 39 11 39 1521 1952 1953 1953
625 4 -1
1091 92 11 95 11 1522 1953 1954 1957
626 6 -1
1092 50 55 50 56 1523 1954 1955 1955
627 12 -1
1095 30 12 32 13 1526 1957 1958 1960
628 15 -1
1097 63 80 65 80 1528 1959 1960 1962
629 10 -1
1098 5 57 6 60 1529 1960 1961 1964
630 14 -1
1099 90 13 92 16 1530 1961 1962 1966
631 9 -1
1100 63 57 67 57 1531 1962 1963 1967
632 12 -1
1102 87 65 90 65 1533 1964 1965 1967
633 4 -1
1103 22 83 23 89 1534 1965 1966 1972
634 7 -1
1104 33 25 34 25 1535 1966 1967 1967
635 6 -1
1105 62 35 63 35 1536 1967 1968 1968
636 6 -1
1107 94 54 95 56 1538 1969 1970 1979
637 10 -1
1109 25 93 26 95 1540 1971 1972 1974
638 14 -1
1111 17 0 17 0 1542 1973 1974 1975
639 6 -1
1113 21 73 21 73 1544 1975 1976 1976
640 7 -1
1114 43 75 43 75 1545 1976 1977 1977
641 13 -1
1115 64 87 64 90 1546 1977 1978 1980
642 0 -1
1116 98 42 94 45 1547 1978 1979 1989
643 1 -1
1118 10 25 11 25 1549 1980 1981 1982
644 15 -1
1120 71 70 73 70 1551 1982 1983 1984
645 1 -1
1121 11 43 11 43 1552 1983 1984 1984
646 15 -1
1122 21 53 23 53 1553 1984 1985 1987
647 4 -1
1124 98 45 98 48 1555 1986 1987 1993
648 11 -1
1125 41 79 43 79 1556 1987 1988 1989
649 15 -1
1126 85 93 86 99 1557 1988 1989 2000
650 10 -1
1129 45 74 46 74 1560 1991 1992 1992
651 12 -1
1130 11 40 11 41 1561 1992 1993 1993
652 11 -1
1132 55 9 55 10 1563 1994 1995 1996
653 3 -1
1133 93 26 95 27 1564 1995 1996 1998
654 3 -1
1137 23 1 25 1 1568 1999 2000 2003
655 7 -1
1138 92 15 93 15 1569 2000 2001 2001
656 1 -1
1139 67 52 67 52 1570 2001 2002 2002
657 5 -1
1141 4 45 5 45 1572 2003 2004 2005
658 8 -1
1142 32 85 32 86 1573 2004 2005 2007
659 12 -1
1144 87 58 90 58 1575 2006 2007 2009
660 7 -1
1147 97 62 97 64 1578 2009 2010 2013
661 1 -1
1150 91 86 91 87 1581 2012 2013 2013
662 10 -1
1151 37 63 39 63 1582 2013 2014 2015
663 1 -1
1154 60 40 60 41 1585 2016 2017 2017
664 4 -1
1156 61 61 62 61 1587 2018 2019 2020
665 9 -1
1157 3 34 3 37 1588 2019 2020 2024
666 15 -1
1158 64 68 66 70 1589 2020 2021 2024
667 15 -1
1159 95 31 95 31 1590 2021 2022 2023
668 1 -1
1164 49 13 49 13 1595 2026 2027 2029
669 2 -1
1166 72 67 72 68 1597 2028 2029 2031
670 9 -1
1169 93 42 96 42 1600 2031 2032 2034
671 6 -1
1170 8 29 10 29 1601 2032 2033 2035
672 11 -1
1171 3 31 4 39 1602 2033 2034 2042
673 9 -1
1172 43 47 43 47 1603 2034 2035 2035
674 3 -1
1174 88 15 92 16 1605 2036 2037 2043
675 2 -1
1175 69 1 69 2 1606 2037 2038 2040
676 11 -1
1176 70 83 72 83 1607 2038 2039 2040
677 4 -1
1177 15 58 16 58 1608 2039 2040 2041
678 6 -1
1179 90 87 91 87 1610 2041 2042 2042
679 2 -1
1186 0 4 0 6 1617 2048 2049 2050
680 8 -1
1187 72 50 73 50 1618 2049 2050 2051
681 6 -1
1188 54 24 55 24 1619 2050 2051 2051
682 6 -1
1190 54 93 54 93 1621 2052 2053 2053
683 15 -1
1191 27 45 29 45 1622 2053 2054 2055
684 14 -1
1194 38 99 39 99 1625 2056 2057 2058
685 13 -1
1195 41 98 44 98 1626 2057 2058 2060
686 2 -1
1197 49 11 52 11 1628 2059 2060 2062
687 8 -1
1198 12 89 13 89 1629 2060 2061 2064
688 12 -1
1201 40 66 43 67 1632 2063 2064 2068
689 0 -1
1202 73 41 73 41 1633 2064 2065 2065
690 10 -1
1203 55 87 56 87 1634 2065 2066 2066
691 0 -1
1205 99 68 98 69 1636 2067 2068 2070
692 13 -1
1207 39 59 41 60 1638 2069 2070 2073
693 0 -1
1208 0 64 1 65 1639 2070 2071 2072
694 7 -1
1209 51 24 52 24 1640 2071 2072 2072
695 1 -1
1211 23 30 25 32 1642 2073 2074 2077
696 7 -1
1214 27 72 27 77 1645 2076 2077 2082
697 5 -1
1217 32 40 34 40 1648 2079 2080 2081
698 11 -1
1218 76 62 77 62 1649 2080 2081 2081
699 11 -1
1219 62 77 64 82 1650 2081 2082 2088
700 5 -1
1220 34 48 35 48 1651 2082 2083 2083
701 9 -1
1222 13 21 15 21 1653 2084 2085 2087
702 10 -1
1223 15 80 15 81 1654 2085 2086 2089
703 1 -1
1226 46 66 46 66 1657 2088 2089 2091
704 2 -1
1227 39 45 40 45 1658 2089 2090 2090
705 7 -1
1229 38 69 38 70 1660 2091 2092 2092
706 6 -1
1230 1 33 4 33 1661 2092 2093 2097
707 9 -1
1231 31 53 31 53 1662 2093 2094 2094
708 13 -1
1233 36 26 37 26 1664 2095 2096 2097
709 5 -1
1235 86 50 89 51 1666 2097 2098 2101
710 11 -1
1236 11 18 11 19 1667 2098 2099 2103
711 5 -1
1237 3 30 6 32 1668 2099 2100 2104
712 14 -1
1238 51 21 51 25 1669 2100 2101 2105
713 15 -1
1240 93 13 93 15 1671 2102 2103 2106
714 5 -1
1241 13 23 13 24 1672 2103 2104 2104
715 6 -1
1242 51 53 61 53 1673 2104 2105 2117
716 11 -1
1243 42 7 44 7 1674 2105 2106 2107
717 9 -1
1244 80 70 81 72 1675 2106 2107 2113
718 2 -1
1246 46 91 52 91 1677 2108 2109 2117
719 2 -1
1250 75 58 75 59 1681 2112 2113 2113
720 8 -1
1254 44 74 46 78 1685 2116 2117 2123
721 10 -1
1255 38 54 41 55 1686 2117 2118 2121
722 11 -1
1258 68 73 78 74 1689 2120 2121 2136
723 10 -1
1259 76 89 76 96 1690 2121 2122 2139
724 2 -1
1260 41 87 47 87 1691 2122 2123 2128
725 11 -1
1261 52 50 58 51 1692 2123 2124 2130
726 1 -1
1263 57 61 64 61 1694 2125 2126 2132
727 11 -1
1264 69 33 70 34 1695 2126 2127 2130
728 10 -1
1265 59 39 59 40 1696 2127 2128 2129
729 3 -1
1266 60 9 60 9 1697 2128 2129 2129
730 4 -1
1268 15 78 18 78 1699 2130 2131 2133
731 14 -1
1276 23 51 24 51 1707 2138 2139 2139
732 9 -1
1277 62 68 65 70 1708 2139 2140 2144
733 9 -1
1281 92 52 92 52 1712 2143 2144 2145
734 11 -1
1284 42 67 43 67 1715 2146 2147 2148
735 1 -1
1287 53 79 57 79 1718 2149 2150 2153
736 7 -1
1290 35 30 40 31 1721 2152 2153 2159
737 12 -1
1291 73 79 73 82 1722 2153 2154 2156
738 4 -1
1292 19 89 36 92 1723 2154 2155 2180
739 15 -1
1297 99 88 99 91 1728 2159 2160 2162
740 13 -1
1298 67 23 68 23 1729 2160 2161 2161
741 9 -1
1299 38 50 38 52 1730 2161 2162 2164
742 1 -1
1300 93 9 94 9 1731 2162 2163 2164
743 7 -1
1307 51 5 52 5 1738 2169 2170 2170
744 5 -1
1309 7 74 8 75 1740 2171 2172 2173
745 13 -1
1312 49 62 50 63 1743 2174 2175 2176
746 14 -1
1313 66 21 67 21 1744 2175 2176 2176
747 6 -1
1314 0 60 2 61 1745 2176 2177 2180
748 9 -1
1315 47 85 49 86 1746 2177 2178 2182
749 5 -1
1316 22 67 23 67 1747 2178 2179 2180
750 10 -1
1317 81 40 82 40 1748 2179 2180 2181
751 11 -1
1318 3 98 6 98 1749 2180 2181 2183
752 0 -1
1319 74 99 75 100 1750 2181 2182 2183
753 6 -1
1320 69 15 69 15 1751 2182 2183 2183
754 7 -1
1321 68 20 69 21 1752 2183 2184 2185
755 9 -1
1323 61 66 63 66 1754 2185 2186 2187
756 14 -1
1324 96 21 96 24 1755 2186 2187 2191
757 4 -1
1325 57 95 59 97 1756 2187 2188 2193
758 2 -1
1326 13 50 14 50 1757 2188 2189 2189
759 1 -1
1327 55 91 64 92 1758 2189 2190 2199
760 4 -1
1329 25 48 25 50 1760 2191 2192 2193
761 0 -1
1332 8 32 8 33 1763 2194 2195 2196
762 3 -1
1333 0 24 0 25 1764 2195 2196 2196
763 4 -1
1335 23 2 35 2 1766 2197 2198 2213
764 10 -1
1336 50 3 51 3 1767 2198 2199 2199
765 5 -1
1338 5 94 8 94 1769 2200 2201 2203
766 3 -1
1340 66 16 67 17 1771 2202 2203 2209
767 0 -1
1342 19 82 22 82 1773 2204 2205 2207
768 10 -1
1344 36 56 36 56 1775 2206 2207 2208
769 3 -1
1345 59 5 60 5 1776 2207 2208 2208
770 15 -1
1347 89 40 90 41 1778 2209 2210 2212
771 15 -1
1348 51 74 53 74 1779 2210 2211 2215
772 11 -1
1349 54 62 60 62 1780 2211 2212 2217
773 11 -1
1354 69 47 72 47 1785 2216 2217 2219
774 0 -1
1355 86 53 88 53 1786 2217 2218 2222
775 13 -1
1359 24 11 28 12 1790 2221 2222 2226
776 12 -1
1362 23 10 23 12 1793 2224 2225 2226
777 6 -1
1365 54 26 54 27 1796 2227 2228 2228
778 6 -1
1368 48 35 49 35 1799 2230 2231 2232
779 9 -1
1369 84 56 67 69 1800 2231 2232 2266
780 10 -1
1370 44 33 44 34 1801 2232 2233 2234
781 9 -1
1372 31 35 33 37 1803 2234 2235 2239
782 10 -1
1374 41 61 42 62 1805 2236 2237 2238
783 12 -1
1375 59 66 61 69 1806 2237 2238 2244
784 14 -1
1376 5 0 5 0 1807 2238 2239 2239
785 5 -1
1377 64 37 67 37 1808 2239 2240 2242
786 1 -1
1378 87 35 87 36 1809 2240 2241 2241
787 8 -1
1379 51 89 51 91 1810 2241 2242 2245
788 12 -1
1381 84 50 84 53 1812 2243 2244 2246
789 7 -1
1382 63 64 65 65 1813 2244 2245 2247
790 1 -1
1383 97 7 99 7 1814 2245 2246 2247
791 11 -1
1385 39 13 41 17 1816 2247 2248 2253
792 0 -1
1386 56 87 57 87 1817 2248 2249 2251
793 10 -1
1387 86 92 87 83 1818 2249 2250 2260
794 11 -1
1388 20 5 22 6 1819 2250 2251 2253
795 2 -1
1389 86 92 86 94 1820 2251 2252 2253
796 6 -1
1390 62 94 62 95 1821 2252 2253 2254
797 14 -1
1391 66 85 68 85 1822 2253 2254 2255
798 3 -1
1393 56 58 58 58 1824 2255 2256 2257
799 6 -1
1395 52 36 54 40 1826 2257 2258 2265
800 11 -1
1396 58 42 59 42 1827 2258 2259 2259
801 15 -1
1400 51 86 51 86 1831 2262 2263 2265
802 5 -1
1401 94 13 95 14 1832 2263 2264 2266
803 7 -1
1402 66 56 67 61 1833 2264 2265 2271
804 3 -1
1403 60 19 62 19 1834 2265 2266 2267
805 13 -1
1406 49 77 50 77 1837 2268 2269 2269
806 14 -1
1411 94 97 96 97 1842 2273 2274 2275
807 7 -1
1412 67 56 70 56 1843 2274 2275 2280
808 10 -1
1413 96 57 96 58 1844 2275 2276 2276
809 0 -1
1414 13 20 13 22 1845 2276 2277 2278
810 6 -1
1415 17 93 19 93 1846 2277 2278 2279
811 0 -1
1417 17 17 17 17 1848 2279 2280 2280
812 7 -1
1418 53 47 58 47 1849 2280 2281 2285
813 11 -1
1419 4 16 11 16 1850 2281 2282 2288
814 3 -1
1420 27 91 31 95 1851 2282 2283 2290
815 1 -1
1423 91 8 92 8 1854 2285 2286 2286
816 13 -1
1426 88 52 88 53 1857 2288 2289 2290
817 12 -1
1428 63 76 63 78 1859 2290 2291 2293
818 7 -1
1429 79 94 81 94 1860 2291 2292 2293
819 6 -1
1430 81 48 81 49 1861 2292 2293 2293
820 4 -1
1431 64 65 66 65 1862 2293 2294 2296
821 13 -1
1432 5 85 5 85 1863 2294 2295 2295
822 12 -1
1434 12 17 12 17 1865 2296 2297 2297
823 5 -1
1435 72 5 75 6 1866 2297 2298 2304
824 9 -1
1436 9 89 9 91 1867 2298 2299 2300
825 1 -1
1438 69 22 71 22 1869 2300 2301 2304
826 8 -1
1439 47 37 47 37 1870 2301 2302 2302
827 12 -1
1440 45 78 46 80 1871 2302 2303 2305
828 4 -1
1441 83 74 87 74 1872 2303 2304 2310
829 11 -1
1442 73 14 75 14 1873 2304 2305 2306
830 7 -1
1443 79 12 83 12 1874 2305 2306 2310
831 3 -1
1444 92 51 92 53 1875 2306 2307 2308
832 2 -1
1446 88 55 90 57 1877 2308 2309 2314
833 0 -1
1447 48 57 48 57 1878 2309 2310 2311
834 10 -1
1448 99 16 98 17 1879 2310 2311 2312
835 9 -1
1452 94 7 94 7 1883 2314 2315 2315
836 1 -1
1454 52 56 56 56 1885 2316 2317 2320
837 9 -1
1455 67 40 69 40 1886 2317 2318 2319
838 3 -1
1456 32 30 32 31 1887 2318 2319 2319
839 11 -1
1457 77 83 80 85 1888 2319 2320 2325
840 2 -1
1458 67 91 76 91 1889 2320 2321 2330
841 14 -1
1461 13 45 16 45 1892 2323 2324 2326
842 8 -1
1462 47 62 51 62 1893 2324 2325 2328
843 10 -1
1463 63 27 64 28 1894 2325 2326 2327
844 14 -1
1465 90 79 92 79 1896 2327 2328 2329
845 12 -1
1466 3 32 5 32 1897 2328 2329 2330
846 4 -1
1468 50 26 51 26 1899 2330 2331 2331
847 2 -1
1469 38 70 41 72 1900 2331 2332 2336
848 0 -1
1470 92 47 92 47 1901 2332 2333 2333
849 5 -1
1472 37 55 39 55 1903 2334 2335 2339
850 3 -1
1473 44 66 48 66 1904 2335 2336 2340
851 4 -1
1474 73 34 76 38 1905 2336 2337 2347
852 7 -1
1475 61 58 61 60 1906 2337 2338 2339
853 5 -1
1478 77 61 83 61 1909 2340 2341 2346
854 0 -1
1479 70 35 70 37 1910 2341 2342 2343
855 0 -1
1481 89 99 91 99 1912 2343 2344 2345
856 10 -1
1483 68 58 76 60 1914 2345 2346 2356
857 0 -1
1486 37 82 42 82 1917 2348 2349 2353
858 13 -1
1487 75 52 76 53 1918 2349 2350 2353
859 8 -1
1493 50 70 50 72 1924 2355 2356 2357
860 5 -1
1495 44 42 45 42 1926 2357 2358 2358
861 5 -1
1496 66 73 66 77 1927 2358 2359 2362
862 14 -1
1497 9 8 10 9 1928 2359 2360 2363
863 6 -1
1499 1 70 3 70 1930 2361 2362 2363
864 10 -1
1500 28 26 30 26 1931 2362 2363 2364
865 1 -1
1501 66 74 73 74 1932 2363 2364 2371
866 7 -1
1502 83 69 86 70 1933 2364 2365 2368
867 8 -1
1504 62 67 67 72 1935 2366 2367 2379
868 3 -1
1505 28 80 35 83 1936 2367 2368 2377
869 14 -1
1506 40 63 40 63 1937 2368 2369 2370
870 10 -1
1507 76 93 77 93 1938 2369 2370 2372
871 14 -1
1508 26 40 28 40 1939 2370 2371 2376
872 14 -1
1509 17 53 17 53 1940 2371 2372 2372
873 1 -1
1511 21 92 22 92 1942 2373 2374 2375
874 3 -1
1513 49 39 50 43 1944 2375 2376 2380
875 1 -1
1515 34 40 35 40 1946 2377 2378 2378
876 7 -1
1516 61 71 61 71 1947 2378 2379 2381
877 12 -1
1517 23 43 23 45 1948 2379 2380 2382
878 1 -1
1518 59 63 62 63 1949 2380 2381 2383
879 3 -1
1519 3 7 6 8 1950 2381 2382 2385
880 2 -1
1521 76 56 80 56 1952 2383 2384 2387
881 11 -1
1522 57 63 59 63 1953 2384 2385 2386
882 6 -1
1523 39 58 41 58 1954 2385 2386 2387
883 12 -1
1527 66 35 70 35 1958 2389 2390 2393
884 14 -1
1528 49 98 49 98 1959 2390 2391 2391
885 14 -1
1533 1 87 1 88 1964 2395 2396 2396
886 5 -1
1534 50 95 54 95 1965 2396 2397 2405
887 12 -1
1535 68 11 71 11 1966 2397 2398 2400
888 1 -1
1536 42 14 43 15 1967 2398 2399 2400
889 0 -1
1538 2 92 5 92 1969 2400 2401 2404
890 15 -1
1540 73 65 73 66 1971 2402 2403 2403
891 14 -1
1543 50 55 50 58 1974 2405 2406 2408
892 10 -1
1544 89 97 89 98 1975 2406 2407 2408
893 10 -1
1545 18 53 19 54 1976 2407 2408 2409
894 0 -1
1547 97 22 93 23 1978 2409 2410 2414
895 8 -1
1550 43 90 44 90 1981 2412 2413 2414
896 10 -1
1551 45 94 46 95 1982 2413 2414 2415
897 11 -1
1552 22 63 26 64 1983 2414 2415 2419
898 7 -1
1554 32 6 35 6 1985 2416 2417 2420
899 12 -1
1555 32 93 34 93 1986 2417 2418 2419
900 13 -1
1556 3 20 4 20 1987 2418 2419 2420
901 1 -1
1559 10 39 11 42 1990 2421 2422 2427
902 2 -1
1560 82 17 83 19 1991 2422 2423 2428
903 11 -1
1562 92 66 92 68 1993 2424 2425 2426
904 9 -1
1563 35 98 37 90 1994 2425 2426 2435
905 12 -1
1564 31 25 31 27 1995 2426 2427 2428
906 6 -1
1566 62 23 64 23 1997 2428 2429 2430
907 8 -1
1567 80 7 80 10 1998 2429 2430 2433
908 0 -1
1573 19 39 22 39 2004 2435 2436 2443
909 7 -1
1575 71 29 72 29 2006 2437 2438 2438
910 11 -1
1576 37 31 39 31 2007 2438 2439 2440
911 13 -1
1577 17 66 17 66 2008 2439 2440 2441
912 11 -1
1579 74 64 76 65 2010 2441 2442 2444
913 12 -1
1580 8 89 10 89 2011 2442 2443 2444
914 12 -1
1582 34 85 34 86 2013 2444 2445 2445
915 9 -1
1584 22 56 22 57 2015 2446 2447 2447
916 2 -1
1587 43 49 50 52 2018 2449 2450 2461
917 12 -1
1588 67 39 70 40 2019 2450 2451 2454
918 1 -1
1589 65 17 67 17 2020 2451 2452 2453
919 5 -1
1590 27 91 28 92 2021 2452 2453 2455
920 7 -1
1591 65 26 67 26 2022 2453 2454 2458
921 9 -1
1593 13 10 14 13 2024 2455 2456 2459
922 9 -1
1594 66 33 66 33 2025 2456 2457 2458
923 1 -1
1596 81 34 82 35 2027 2458 2459 2460
924 13 -1
1598 71 83 72 83 2029 2460 2461 2461
925 9 -1
1599 17 81 19 82 2030 2461 2462 2465
926 8 -1
1600 14 47 14 47 2031 2462 2463 2463
927 7 -1
1603 86 32 87 32 2034 2465 2466 2466
928 5 -1
1606 25 41 25 42 2037 2468 2469 2470
929 3 -1
1608 70 14 71 14 2039 2470 2471 2471
930 4 -1
1609 44 47 44 48 2040 2471 2472 2473
931 10 -1
1610 54 84 54 84 2041 2472 2473 2473
932 13 -1
1611 20 31 20 31 2042 2473 2474 2475
933 13 -1
1613 42 59 44 59 2044 2475 2476 2477
934 10 -1
1615 88 20 89 20 2046 2477 2478 2478
935 5 -1
1618 75 34 77 35 2049 2480 2481 2483
936 3 -1
1620 73 13 73 15 2051 2482 2483 2487
937 1 -1
1621 95 7 89 7 2052 2483 2484 2490
938 12 -1
1623 53 62 56 62 2054 2485 2486 2490
939 0 -1
1624 50 68 50 69 2055 2486 2487 2487
940 8 -1
1625 20 83 20 86 2056 2487 2488 2490
941 3 -1
1626 93 68 93 69 2057 2488 2489 2490
942 10 -1
1627 73 32 74 32 2058 2489 2490 2502
943 14 -1
1629 73 15 74 15 2060 2491 2492 2492
944 1 -1
1631 91 95 91 97 2062 2493 2494 2495
945 13 -1
1633 29 39 30 43 2064 2495 2496 2505
946 3 -1
1634 42 60 42 60 2065 2496 2497 2498
947 3 -1
1637 51 87 52 87 2068 2499 2500 2500
948 9 -1
1638 90 70 93 70 2069 2500 2501 2503
949 4 -1
1640 62 62 68 66 2071 2502 2503 2512
950 9 -1
1641 75 16 78 16 2072 2503 2504 2506
951 15 -1
1642 51 80 55 80 2073 2504 2505 2508
952 14 -1
1645 77 64 78 64 2076 2507 2508 2508
953 15 -1
1648 49 27 51 27 2079 2510 2511 2512
954 11 -1
1649 8 42 9 43 2080 2511 2512 2513
955 8 -1
1650 69 24 69 25 2081 2512 2513 2513
956 14 -1
1656 91 29 94 30 2087 2518 2519 2522
957 6 -1
1657 38 81 40 81 2088 2519 2520 2522
958 10 -1
1659 8 95 12 95 2090 2521 2522 2525
959 11 -1
1660 89 77 89 78 2091 2522 2523 2526
960 15 -1
1661 53 38 55 41 2092 2523 2524 2530
961 7 -1
1662 65 74 72 74 2093 2524 2525 2531
962 1 -1
1663 19 34 25 35 2094 2525 2526 2532
963 7 -1
1664 40 67 41 67 2095 2526 2527 2528
964 1 -1
1665 62 30 62 30 2096 2527 2528 2528
965 12 -1
1668 96 4 98 5 2099 2530 2531 2533
966 8 -1
1671 98 60 92 61 2102 2533 2534 2541
967 0 -1
1672 21 26 24 26 2103 2534 2535 2538
968 15 -1
1673 96 43 91 43 2104 2535 2536 2540
969 3 -1
1675 53 27 53 27 2106 2537 2538 2538
970 10 -1
1676 8 3 10 4 2107 2538 2539 2541
971 15 -1
1678 8 39 8 41 2109 2540 2541 2543
972 4 -1
1679 58 50 65 50 2110 2541 2542 2548
973 1 -1
1680 92 78 95 79 2111 2542 2543 2546
974 3 -1
1683 52 80 52 87 2114 2545 2546 2552
975 8 -1
1685 49 29 49 30 2116 2547 2548 2550
976 12 -1
1686 89 2 99 2 2117 2548 2549 2558
977 10 -1
1687 48 59 52 59 2118 2549 2550 2553
978 3 -1
1688 95 59 99 59 2119 2550 2551 2556
979 9 -1
1690 78 74 82 74 2121 2552 2553 2556
980 7 -1
1691 12 77 12 79 2122 2553 2554 2555
981 7 -1
1692 24 42 24 45 2123 2554 2555 2557
982 5 -1
1694 11 48 11 49 2125 2556 2557 2557
983 0 -1
1695 32 61 33 62 2126 2557 2558 2561
984 8 -1
1696 80 96 83 96 2127 2558 2559 2561
985 10 -1
1697 44 24 44 26 2128 2559 2560 2561
986 14 -1
1698 70 8 71 9 2129 2560 2561 2562
987 7 -1
1700 41 83 41 83 2131 2562 2563 2564
988 5 -1
1702 11 3 25 3 2133 2564 2565 2578
989 9 -1
1703 38 72 38 73 2134 2565 2566 2566
990 15 -1
1704 67 82 69 82 2135 2566 2567 2569
991 5 -1
1709 16 62 19 62 2140 2571 2572 2574
992 10 -1
1712 74 95 77 95 2143 2574 2575 2577
993 8 -1
1714 69 12 70 12 2145 2576 2577 2580
994 13 -1
1717 29 1 29 5 2148 2579 2580 2583
995 2 -1
1718 44 25 44 27 2149 2580 2581 2582
996 15 -1
1720 62 96 64 100 2151 2582 2583 2588
997 3 -1
1722 74 34 75 34 2153 2584 2585 2585
998 6 -1
1723 14 0 16 0 2154 2585 2586 2587
999 4 -1
1725 83 62 84 63 2156 2587 2588 2589
1000 4 -1
1726 72 85 72 85 2157 2588 2589 2591
