100 100 3455
1
0 37 85
71
0 0 12 100 6
0
1 0 24 100 6
0
2 0 35 100 6
0
3 0 49 100 6
0
4 0 63 100 6
0
5 0 77 100 6
0
6 0 92 100 6
0
7 0 104 100 6
0
8 0 117 100 6
0
9 0 129 100 6
0
10 0 139 100 6
0
11 0 152 100 6
0
12 0 166 100 6
0
13 0 182 100 6
0
14 0 196 100 6
0
15 0 207 100 6
0
16 0 219 100 6
0
17 0 232 100 6
0
18 0 244 100 6
0
19 0 259 100 6
0
20 0 270 100 6
0
21 0 283 100 6
0
22 0 292 100 6
0
23 0 304 100 6
0
24 0 317 100 6
0
25 0 326 100 6
0
26 0 338 100 6
0
27 0 353 100 6
0
28 0 364 100 6
0
29 0 373 100 6
0
30 0 385 100 6
0
31 0 399 100 6
0
32 0 412 100 6
0
33 0 423 100 6
0
34 0 432 100 6
0
35 0 447 100 6
0
36 0 458 100 6
0
37 0 473 100 6
0
38 0 484 100 6
0
39 0 495 100 6
0
40 0 513 100 6
0
41 0 524 100 6
0
42 0 536 100 6
0
43 0 553 100 6
0
44 0 566 100 6
0
45 0 576 100 6
0
46 0 590 100 6
0
47 0 603 100 6
0
48 0 615 100 6
0
49 0 628 100 6
0
50 0 643 100 6
0
51 0 655 100 6
0
52 0 668 100 6
0
53 0 679 100 6
0
54 0 688 100 6
0
55 0 700 100 6
0
56 0 713 100 6
0
57 0 727 100 6
0
58 0 740 100 6
0
59 0 753 100 6
0
60 0 764 100 6
0
61 0 776 100 6
0
62 0 793 100 6
0
63 0 807 100 6
0
64 0 823 100 6
0
65 0 833 100 6
0
66 0 846 100 6
0
67 0 858 100 6
0
68 0 870 100 6
0
69 0 882 100 6
0
70 0 894 100 6
0
1000
1 0 -1
2 16 11 17 11 865 1728 868 1731
2 0 -1
5 35 77 39 77 868 1731 873 1736
3 0 -1
7 23 38 27 38 870 1733 874 1737
4 0 -1
8 80 96 80 87 871 1734 880 1743
5 0 -1
9 30 27 32 31 872 1735 878 1741
6 0 -1
10 64 64 66 66 873 1736 877 1740
7 0 -1
11 12 83 14 84 874 1737 880 1743
8 0 -1
12 33 95 34 96 875 1738 877 1740
9 0 -1
13 12 17 12 18 876 1739 878 1741
10 0 -1
14 86 85 88 85 877 1740 880 1743
11 0 -1
15 59 97 61 97 878 1741 884 1747
12 0 -1
17 82 11 82 15 880 1743 884 1747
13 0 -1
18 29 75 33 77 881 1744 887 1750
14 0 -1
19 54 85 55 85 882 1745 883 1746
15 0 -1
20 24 32 24 34 883 1746 885 1748
16 0 -1
21 77 27 78 27 884 1747 886 1749
17 0 -1
22 60 55 61 55 885 1748 889 1752
18 0 -1
24 62 39 63 40 887 1750 889 1752
19 0 -1
29 67 60 71 60 892 1755 898 1761
20 0 -1
30 15 62 17 62 893 1756 895 1758
21 0 -1
31 39 76 40 76 894 1757 896 1759
22 0 -1
33 47 75 53 75 896 1759 902 1765
23 0 -1
35 17 89 18 89 898 1761 899 1762
24 0 -1
36 82 60 83 60 899 1762 901 1764
25 0 -1
39 38 55 39 55 902 1765 903 1766
26 0 -1
40 75 76 76 76 903 1766 904 1767
27 0 -1
41 54 49 56 49 904 1767 906 1769
28 0 -1
42 20 96 20 96 905 1768 906 1769
29 0 -1
43 37 33 38 33 906 1769 907 1770
30 0 -1
45 10 65 11 66 908 1771 910 1773
31 0 -1
49 58 11 58 14 912 1775 915 1778
32 0 -1
52 31 9 34 11 915 1778 922 1785
33 0 -1
53 90 39 91 39 916 1779 921 1784
34 0 -1
54 11 83 12 83 917 1780 918 1781
35 0 -1
56 35 74 50 74 919 1782 936 1799
36 0 -1
57 76 54 77 54 920 1783 922 1785
37 0 -1
59 27 69 28 69 922 1785 923 1786
38 0 -1
61 79 22 80 22 924 1787 926 1789
39 0 -1
62 22 25 24 25 925 1788 933 1796
40 0 -1
64 5 8 20 10 927 1790 946 1809
41 0 -1
69 87 78 89 78 932 1795 934 1797
42 0 -1
71 3 56 4 57 934 1797 942 1805
43 0 -1
73 69 57 72 57 936 1799 941 1804
44 0 -1
76 12 36 13 38 939 1802 942 1805
45 0 -1
78 71 26 72 27 941 1804 943 1806
46 0 -1
80 74 88 77 88 943 1806 946 1809
47 0 -1
81 58 23 60 23 944 1807 946 1809
48 0 -1
82 9 82 14 82 945 1808 951 1814
49 0 -1
83 63 98 66 99 946 1809 951 1814
50 0 -1
84 24 59 24 59 947 1810 948 1811
51 0 -1
86 94 12 95 21 949 1812 959 1822
52 0 -1
87 89 71 89 71 950 1813 951 1814
53 0 -1
90 19 94 20 94 953 1816 954 1817
54 0 -1
91 20 23 20 24 954 1817 958 1821
55 0 -1
92 73 52 73 53 955 1818 956 1819
56 0 -1
93 90 63 92 63 956 1819 959 1822
57 0 -1
94 35 74 35 77 957 1820 963 1826
58 0 -1
96 14 29 14 30 959 1822 961 1824
59 0 -1
103 5 85 6 86 966 1829 969 1832
60 0 -1
105 14 50 16 50 968 1831 970 1833
61 0 -1
106 84 62 89 62 969 1832 979 1842
62 0 -1
107 21 50 24 50 970 1833 973 1836
63 0 -1
108 15 51 15 57 971 1834 979 1842
64 0 -1
110 93 45 85 45 973 1836 981 1844
65 0 -1
111 78 80 79 80 974 1837 975 1838
66 0 -1
114 11 50 12 53 977 1840 983 1846
67 0 -1
115 57 41 60 43 978 1841 983 1846
68 0 -1
116 63 80 72 82 979 1842 991 1854
69 0 -1
119 30 32 31 32 982 1845 985 1848
70 0 -1
120 96 91 96 91 983 1846 984 1847
71 0 -1
122 22 73 26 73 985 1848 989 1852
72 0 -1
123 28 52 30 53 986 1849 989 1852
73 0 -1
124 52 78 56 78 987 1850 991 1854
74 0 -1
127 99 54 99 55 990 1853 991 1854
75 0 -1
128 0 44 1 55 991 1854 1010 1873
76 0 -1
130 72 75 73 75 993 1856 994 1857
77 0 -1
132 17 86 17 94 995 1858 1010 1873
78 0 -1
134 30 7 30 7 997 1860 998 1861
79 0 -1
135 20 92 20 96 998 1861 1009 1872
80 0 -1
136 95 68 97 68 999 1862 1001 1864
81 0 -1
139 48 3 49 3 1002 1865 1003 1866
82 0 -1
140 57 37 58 39 1003 1866 1007 1870
83 0 -1
141 93 99 95 96 1004 1867 1009 1872
84 0 -1
144 9 22 14 22 1007 1870 1012 1875
85 0 -1
145 53 52 54 52 1008 1871 1010 1873
86 0 -1
146 5 1 6 1 1009 1872 1010 1873
87 0 -1
147 30 25 30 25 1010 1873 1011 1874
88 0 -1
148 65 59 65 59 1011 1874 1012 1875
89 0 -1
149 4 43 6 43 1012 1875 1014 1877
90 0 -1
150 11 43 12 46 1013 1876 1019 1882
91 0 -1
153 53 85 54 85 1016 1879 1017 1880
92 0 -1
154 81 76 84 76 1017 1880 1021 1884
93 0 -1
155 68 85 68 85 1018 1881 1019 1882
94 0 -1
156 65 60 65 62 1019 1882 1024 1887
95 0 -1
157 86 26 86 30 1020 1883 1025 1888
96 0 -1
160 68 39 74 39 1023 1886 1029 1892
97 0 -1
162 55 88 56 88 1025 1888 1026 1889
98 0 -1
163 74 78 74 78 1026 1889 1027 1890
99 0 -1
166 79 32 79 33 1029 1892 1031 1894
100 0 -1
167 80 91 85 91 1030 1893 1035 1898
101 0 -1
168 29 62 29 62 1031 1894 1033 1896
102 0 -1
169 9 99 13 100 1032 1895 1037 1900
103 0 -1
170 75 1 76 3 1033 1896 1038 1901
104 0 -1
172 55 61 59 62 1035 1898 1040 1903
105 0 -1
173 65 58 68 60 1036 1899 1041 1904
106 0 -1
174 87 6 88 7 1037 1900 1039 1902
107 0 -1
179 43 94 43 95 1042 1905 1043 1906
108 0 -1
183 65 28 70 28 1046 1909 1051 1914
109 0 -1
184 9 92 10 92 1047 1910 1049 1912
110 0 -1
185 61 46 62 46 1048 1911 1050 1913
111 0 -1
186 24 9 30 10 1049 1912 1058 1921
112 0 -1
187 23 39 28 39 1050 1913 1056 1919
113 0 -1
189 31 84 34 84 1052 1915 1057 1920
114 0 -1
190 24 34 28 35 1053 1916 1058 1921
115 0 -1
193 62 17 62 17 1056 1919 1057 1920
116 0 -1
196 0 11 0 11 1059 1922 1061 1924
117 0 -1
197 13 67 13 67 1060 1923 1061 1924
118 0 -1
198 10 11 16 16 1061 1924 1079 1942
119 0 -1
199 40 71 40 71 1062 1925 1063 1926
120 0 -1
200 74 8 76 8 1063 1926 1065 1928
121 0 -1
201 89 5 89 5 1064 1927 1065 1928
122 0 -1
204 36 43 36 44 1067 1930 1068 1931
123 0 -1
208 99 52 99 53 1071 1934 1072 1935
124 0 -1
209 50 19 50 19 1072 1935 1073 1936
125 0 -1
211 32 66 34 66 1074 1937 1077 1940
126 0 -1
212 84 59 84 60 1075 1938 1077 1940
127 0 -1
213 11 84 18 85 1076 1939 1084 1947
128 0 -1
214 18 45 22 46 1077 1940 1082 1945
129 0 -1
218 55 29 59 29 1081 1944 1088 1951
130 0 -1
219 97 63 98 63 1082 1945 1084 1947
131 0 -1
224 60 41 61 43 1087 1950 1090 1953
132 0 -1
225 54 30 56 30 1088 1951 1090 1953
133 0 -1
229 64 42 69 43 1092 1955 1098 1961
134 0 -1
230 48 30 48 31 1093 1956 1094 1957
135 0 -1
231 66 29 67 29 1094 1957 1097 1960
136 0 -1
236 74 71 75 71 1099 1962 1101 1964
137 0 -1
237 31 69 33 69 1100 1963 1102 1965
138 0 -1
240 54 76 64 76 1103 1966 1114 1977
139 0 -1
242 35 12 36 12 1105 1968 1107 1970
140 0 -1
244 94 12 94 17 1107 1970 1112 1975
141 0 -1
245 22 66 23 71 1108 1971 1114 1977
142 0 -1
246 47 20 48 21 1109 1972 1112 1975
143 0 -1
247 50 72 53 72 1110 1973 1113 1976
144 0 -1
248 48 43 48 46 1111 1974 1114 1977
145 0 -1
250 23 9 25 9 1113 1976 1115 1978
146 0 -1
251 73 66 73 68 1114 1977 1117 1980
147 0 -1
253 0 88 1 88 1116 1979 1117 1980
148 0 -1
255 41 98 43 98 1118 1981 1120 1983
149 0 -1
256 29 85 32 86 1119 1982 1123 1986
150 0 -1
257 26 56 30 56 1120 1983 1124 1987
151 0 -1
258 37 58 38 58 1121 1984 1122 1985
152 0 -1
260 53 56 53 58 1123 1986 1125 1988
153 0 -1
261 40 24 52 24 1124 1987 1136 1999
154 0 -1
266 16 33 19 33 1129 1992 1133 1996
155 0 -1
267 2 13 3 15 1130 1993 1133 1996
156 0 -1
268 85 36 86 37 1131 1994 1133 1996
157 0 -1
269 69 41 70 41 1132 1995 1133 1996
158 0 -1
271 81 23 81 28 1134 1997 1140 2003
159 0 -1
272 43 80 44 80 1135 1998 1136 1999
160 0 -1
274 73 53 73 65 1137 2000 1150 2013
161 0 -1
277 81 19 81 21 1140 2003 1142 2005
162 0 -1
278 24 16 27 17 1141 2004 1147 2010
163 0 -1
279 28 23 31 23 1142 2005 1146 2009
164 0 -1
280 40 15 40 16 1143 2006 1146 2009
165 0 -1
283 67 56 67 56 1146 2009 1147 2010
166 0 -1
285 41 85 41 86 1148 2011 1151 2014
167 0 -1
286 44 30 45 31 1149 2012 1152 2015
168 0 -1
289 83 70 86 70 1152 2015 1155 2018
169 0 -1
293 32 71 32 71 1156 2019 1160 2023
170 0 -1
294 47 15 47 15 1157 2020 1158 2021
171 0 -1
295 35 92 36 93 1158 2021 1160 2023
172 0 -1
296 90 62 94 62 1159 2022 1163 2026
173 0 -1
303 34 34 40 37 1166 2029 1175 2038
174 0 -1
305 95 58 90 58 1168 2031 1173 2036
175 0 -1
306 77 41 78 41 1169 2032 1170 2033
176 0 -1
307 67 29 68 29 1170 2033 1172 2035
177 0 -1
310 1 25 2 27 1173 2036 1177 2040
178 0 -1
311 25 7 28 8 1174 2037 1178 2041
179 0 -1
312 90 64 96 64 1175 2038 1184 2047
180 0 -1
313 37 43 37 44 1176 2039 1177 2040
181 0 -1
315 18 2 20 2 1178 2041 1180 2043
182 0 -1
320 2 64 9 71 1183 2046 1199 2062
183 0 -1
321 80 29 80 30 1184 2047 1187 2050
184 0 -1
323 69 18 76 21 1186 2049 1199 2062
185 0 -1
325 53 26 58 27 1188 2051 1196 2059
186 0 -1
326 2 11 3 11 1189 2052 1190 2053
187 0 -1
327 72 94 73 95 1190 2053 1193 2056
188 0 -1
328 21 89 24 90 1191 2054 1196 2059
189 0 -1
329 49 45 49 48 1192 2055 1195 2058
190 0 -1
330 64 22 64 27 1193 2056 1198 2061
191 0 -1
337 5 45 6 46 1200 2063 1213 2076
192 0 -1
340 25 22 28 22 1203 2066 1206 2069
193 0 -1
342 22 50 23 50 1205 2068 1206 2069
194 0 -1
343 51 39 52 39 1206 2069 1209 2072
195 0 -1
345 0 67 4 67 1208 2071 1220 2083
196 0 -1
349 69 87 69 88 1212 2075 1213 2076
197 0 -1
351 47 67 47 68 1214 2077 1215 2078
198 0 -1
354 22 74 26 76 1217 2080 1223 2086
199 0 -1
356 85 54 85 55 1219 2082 1220 2083
200 0 -1
357 87 47 90 47 1220 2083 1224 2087
201 0 -1
358 30 69 35 71 1221 2084 1228 2091
202 0 -1
359 70 49 71 49 1222 2085 1225 2088
203 0 -1
360 49 62 50 63 1223 2086 1225 2088
204 0 -1
361 51 8 55 8 1224 2087 1230 2093
205 0 -1
363 92 42 93 42 1226 2089 1227 2090
206 0 -1
364 11 70 11 70 1227 2090 1228 2091
207 0 -1
365 13 85 14 85 1228 2091 1230 2093
208 0 -1
367 75 43 76 47 1230 2093 1236 2099
209 0 -1
371 62 52 63 52 1234 2097 1235 2098
210 0 -1
372 3 83 10 84 1235 2098 1243 2106
211 0 -1
373 35 45 37 45 1236 2099 1239 2102
212 0 -1
374 0 75 1 75 1237 2100 1238 2101
213 0 -1
375 91 24 91 24 1238 2101 1239 2102
214 0 -1
377 81 45 81 46 1240 2103 1241 2104
215 0 -1
379 27 48 28 48 1242 2105 1243 2106
216 0 -1
380 70 7 70 7 1243 2106 1244 2107
217 0 -1
381 94 82 96 83 1244 2107 1249 2112
218 0 -1
382 28 64 28 66 1245 2108 1247 2110
219 0 -1
383 45 22 46 22 1246 2109 1247 2110
220 0 -1
388 86 21 86 22 1251 2114 1252 2115
221 0 -1
391 5 27 6 27 1254 2117 1256 2119
222 0 -1
392 26 85 26 85 1255 2118 1257 2120
223 0 -1
394 35 99 37 99 1257 2120 1260 2123
224 0 -1
396 20 92 23 93 1259 2122 1264 2127
225 0 -1
397 69 44 70 44 1260 2123 1261 2124
226 0 -1
400 60 95 61 95 1263 2126 1265 2128
227 0 -1
401 46 44 48 44 1264 2127 1266 2129
228 0 -1
403 63 55 65 57 1266 2129 1271 2134
229 0 -1
404 15 29 15 31 1267 2130 1269 2132
230 0 -1
407 77 79 77 80 1270 2133 1271 2134
231 0 -1
408 62 70 64 70 1271 2134 1274 2137
232 0 -1
411 24 35 26 35 1274 2137 1276 2139
233 0 -1
412 39 39 40 39 1275 2138 1276 2139
234 0 -1
414 23 0 23 1 1277 2140 1278 2141
235 0 -1
418 51 15 52 15 1281 2144 1282 2145
236 0 -1
420 9 24 10 24 1283 2146 1284 2147
237 0 -1
421 18 56 20 56 1284 2147 1286 2149
238 0 -1
423 15 73 16 73 1286 2149 1287 2150
239 0 -1
426 10 52 12 54 1289 2152 1294 2157
240 0 -1
428 87 47 87 48 1291 2154 1293 2156
241 0 -1
433 65 39 65 39 1296 2159 1298 2161
242 0 -1
437 89 72 89 72 1300 2163 1301 2164
243 0 -1
439 34 83 34 84 1302 2165 1304 2167
244 0 -1
441 58 2 58 5 1304 2167 1312 2175
245 0 -1
446 71 7 74 7 1309 2172 1313 2176
246 0 -1
448 28 43 30 44 1311 2174 1314 2177
247 0 -1
450 86 9 94 9 1313 2176 1321 2184
248 0 -1
452 27 57 29 58 1315 2178 1318 2181
249 0 -1
455 88 68 89 68 1318 2181 1321 2184
250 0 -1
460 6 54 10 55 1323 2186 1329 2192
251 0 -1
461 77 11 79 11 1324 2187 1326 2189
252 0 -1
462 33 84 36 84 1325 2188 1328 2191
253 0 -1
464 86 58 87 58 1327 2190 1329 2192
254 0 -1
469 92 41 92 43 1332 2195 1334 2197
255 0 -1
471 52 83 61 83 1334 2197 1345 2208
256 0 -1
475 48 6 48 8 1338 2201 1340 2203
257 0 -1
478 7 63 10 64 1341 2204 1345 2208
258 0 -1
479 63 42 64 43 1342 2205 1344 2207
259 0 -1
480 83 75 84 82 1343 2206 1351 2214
260 0 -1
481 57 56 60 56 1344 2207 1350 2213
261 0 -1
482 8 21 9 21 1345 2208 1346 2209
262 0 -1
484 10 33 14 33 1347 2210 1351 2214
263 0 -1
486 90 59 91 61 1349 2212 1352 2215
264 0 -1
488 69 44 71 45 1351 2214 1354 2217
265 0 -1
489 88 39 76 40 1352 2215 1365 2228
266 0 -1
491 5 27 7 27 1354 2217 1356 2219
267 0 -1
493 11 71 11 71 1356 2219 1357 2220
268 0 -1
496 75 36 75 37 1359 2222 1360 2223
269 0 -1
501 22 11 24 11 1364 2227 1366 2229
270 0 -1
502 36 87 37 87 1365 2228 1369 2232
271 0 -1
505 51 8 51 9 1368 2231 1370 2233
272 0 -1
506 79 12 79 12 1369 2232 1374 2237
273 0 -1
507 91 73 92 73 1370 2233 1371 2234
274 0 -1
509 41 54 41 55 1372 2235 1373 2236
275 0 -1
511 92 30 93 31 1374 2237 1376 2239
276 0 -1
512 61 11 62 11 1375 2238 1376 2239
277 0 -1
515 73 62 74 62 1378 2241 1381 2244
278 0 -1
516 27 74 39 74 1379 2242 1392 2255
279 0 -1
517 32 4 32 7 1380 2243 1384 2247
280 0 -1
518 89 62 90 63 1381 2244 1383 2246
281 0 -1
520 79 65 80 65 1383 2246 1384 2247
282 0 -1
522 23 57 25 61 1385 2248 1394 2257
283 0 -1
523 26 95 27 95 1386 2249 1387 2250
284 0 -1
525 97 18 97 18 1388 2251 1390 2253
285 0 -1
526 25 11 27 11 1389 2252 1391 2254
286 0 -1
528 96 2 98 5 1391 2254 1396 2259
287 0 -1
530 54 42 56 43 1393 2256 1397 2260
288 0 -1
533 3 94 3 94 1396 2259 1398 2261
289 0 -1
535 38 44 41 44 1398 2261 1401 2264
290 0 -1
536 45 9 47 9 1399 2262 1401 2264
291 0 -1
537 67 93 68 93 1400 2263 1401 2264
292 0 -1
538 80 92 83 92 1401 2264 1404 2267
293 0 -1
540 81 61 84 62 1403 2266 1407 2270
294 0 -1
541 8 27 10 28 1404 2267 1407 2270
295 0 -1
542 17 84 25 84 1405 2268 1413 2276
296 0 -1
543 97 93 97 94 1406 2269 1408 2271
297 0 -1
546 85 37 85 38 1409 2272 1411 2274
298 0 -1
547 51 16 53 16 1410 2273 1412 2275
299 0 -1
550 26 81 27 81 1413 2276 1414 2277
300 0 -1
552 28 69 29 70 1415 2278 1418 2281
301 0 -1
553 79 18 80 19 1416 2279 1418 2281
302 0 -1
555 50 3 54 3 1418 2281 1423 2286
303 0 -1
556 57 59 59 59 1419 2282 1421 2284
304 0 -1
558 71 89 71 90 1421 2284 1422 2285
305 0 -1
559 15 70 19 71 1422 2285 1427 2290
306 0 -1
560 60 25 62 25 1423 2286 1425 2288
307 0 -1
562 18 20 19 20 1425 2288 1426 2289
308 0 -1
565 50 33 52 35 1428 2291 1432 2295
309 0 -1
566 53 89 57 89 1429 2292 1433 2296
310 0 -1
567 85 24 85 24 1430 2293 1431 2294
311 0 -1
570 56 29 59 29 1433 2296 1437 2300
312 0 -1
572 18 38 19 40 1435 2298 1438 2301
313 0 -1
573 52 24 53 24 1436 2299 1439 2302
314 0 -1
575 96 49 97 49 1438 2301 1440 2303
315 0 -1
577 65 79 66 79 1440 2303 1441 2304
316 0 -1
578 13 29 14 29 1441 2304 1443 2306
317 0 -1
579 64 82 64 85 1442 2305 1447 2310
318 0 -1
580 41 4 42 4 1443 2306 1444 2307
319 0 -1
585 83 74 85 74 1448 2311 1451 2314
320 0 -1
588 3 91 4 93 1451 2314 1456 2319
321 0 -1
589 12 5 21 5 1452 2315 1467 2330
322 0 -1
592 60 27 61 27 1455 2318 1456 2319
323 0 -1
594 3 62 4 63 1457 2320 1459 2322
324 0 -1
595 77 64 88 67 1458 2321 1473 2336
325 0 -1
596 49 20 50 21 1459 2322 1463 2326
326 0 -1
597 97 34 91 34 1460 2323 1468 2331
327 0 -1
599 16 22 20 26 1462 2325 1470 2333
328 0 -1
600 20 22 23 22 1463 2326 1466 2329
329 0 -1
601 66 65 67 66 1464 2327 1466 2329
330 0 -1
603 54 88 55 89 1466 2329 1468 2331
331 0 -1
608 54 89 55 90 1471 2334 1474 2337
332 0 -1
609 44 9 44 10 1472 2335 1473 2336
333 0 -1
610 94 10 94 15 1473 2336 1478 2341
334 0 -1
611 45 89 45 92 1474 2337 1478 2341
335 0 -1
613 92 14 93 16 1476 2339 1484 2347
336 0 -1
614 43 61 43 65 1477 2340 1483 2346
337 0 -1
615 21 16 21 16 1478 2341 1479 2342
338 0 -1
616 90 40 92 40 1479 2342 1481 2344
339 0 -1
619 60 28 61 31 1482 2345 1487 2350
340 0 -1
620 46 15 46 17 1483 2346 1485 2348
341 0 -1
621 59 30 63 31 1484 2347 1489 2352
342 0 -1
622 22 47 24 47 1485 2348 1488 2351
343 0 -1
623 48 31 49 32 1486 2349 1488 2351
344 0 -1
624 31 20 31 20 1487 2350 1488 2351
345 0 -1
625 7 82 9 82 1488 2351 1490 2353
346 0 -1
628 93 65 93 65 1491 2354 1492 2355
347 0 -1
629 27 94 28 98 1492 2355 1497 2360
348 0 -1
630 44 52 44 52 1493 2356 1494 2357
349 0 -1
634 46 40 46 40 1497 2360 1498 2361
350 0 -1
635 89 84 90 84 1498 2361 1500 2363
351 0 -1
636 69 87 70 88 1499 2362 1501 2364
352 0 -1
637 45 13 46 14 1500 2363 1502 2365
353 0 -1
639 75 32 76 32 1502 2365 1503 2366
354 0 -1
640 40 49 40 49 1503 2366 1505 2368
355 0 -1
641 44 48 45 49 1504 2367 1506 2369
356 0 -1
643 49 0 53 2 1506 2369 1512 2375
357 0 -1
645 99 98 99 98 1508 2371 1510 2373
358 0 -1
646 4 5 4 5 1509 2372 1511 2374
359 0 -1
648 50 31 50 31 1511 2374 1512 2375
360 0 -1
649 17 43 27 43 1512 2375 1522 2385
361 0 -1
650 27 91 27 91 1513 2376 1514 2377
362 0 -1
651 92 60 92 61 1514 2377 1518 2381
363 0 -1
652 31 97 42 97 1515 2378 1530 2393
364 0 -1
653 72 69 73 69 1516 2379 1517 2380
365 0 -1
656 21 84 21 85 1519 2382 1520 2383
366 0 -1
662 58 74 59 75 1525 2388 1527 2390
367 0 -1
663 42 9 48 10 1526 2389 1534 2397
368 0 -1
664 25 95 27 95 1527 2390 1529 2392
369 0 -1
665 95 83 95 83 1528 2391 1529 2392
370 0 -1
666 31 55 32 55 1529 2392 1531 2394
371 0 -1
667 0 93 1 93 1530 2393 1533 2396
372 0 -1
669 53 27 54 27 1532 2395 1533 2396
373 0 -1
672 8 6 10 8 1535 2398 1539 2402
374 0 -1
673 76 61 76 63 1536 2399 1538 2401
375 0 -1
674 96 35 98 37 1537 2400 1541 2404
376 0 -1
675 18 62 22 63 1538 2401 1543 2406
377 0 -1
678 53 46 53 47 1541 2404 1542 2405
378 0 -1
679 78 52 78 52 1542 2405 1545 2408
379 0 -1
680 89 40 95 40 1543 2406 1549 2412
380 0 -1
681 23 19 24 20 1544 2407 1546 2409
381 0 -1
682 60 84 62 84 1545 2408 1547 2410
382 0 -1
684 49 56 49 57 1547 2410 1549 2412
383 0 -1
685 7 86 8 90 1548 2411 1553 2416
384 0 -1
687 72 51 75 52 1550 2413 1555 2418
385 0 -1
688 98 0 99 0 1551 2414 1553 2416
386 0 -1
689 17 60 17 62 1552 2415 1554 2417
387 0 -1
690 48 30 50 30 1553 2416 1555 2418
388 0 -1
691 93 75 95 75 1554 2417 1556 2419
389 0 -1
692 22 52 22 54 1555 2418 1557 2420
390 0 -1
694 10 20 10 23 1557 2420 1560 2423
391 0 -1
696 46 8 48 8 1559 2422 1561 2424
392 0 -1
698 36 25 36 29 1561 2424 1566 2429
393 0 -1
700 98 93 99 93 1563 2426 1564 2427
394 0 -1
701 67 31 68 31 1564 2427 1565 2428
395 0 -1
702 4 44 8 45 1565 2428 1572 2435
396 0 -1
703 28 45 29 45 1566 2429 1568 2431
397 0 -1
704 30 68 32 68 1567 2430 1569 2432
398 0 -1
705 47 75 49 77 1568 2431 1572 2435
399 0 -1
706 7 81 7 81 1569 2432 1571 2434
400 0 -1
707 22 7 23 8 1570 2433 1574 2437
401 0 -1
708 54 46 57 50 1571 2434 1578 2441
402 0 -1
710 51 63 51 65 1573 2436 1576 2439
403 0 -1
712 43 18 43 18 1575 2438 1576 2439
404 0 -1
714 25 34 25 35 1577 2440 1578 2441
405 0 -1
716 48 17 49 17 1579 2442 1580 2443
406 0 -1
718 32 10 36 11 1581 2444 1589 2452
407 0 -1
719 53 44 54 44 1582 2445 1583 2446
408 0 -1
720 95 56 97 56 1583 2446 1585 2448
409 0 -1
722 10 80 12 80 1585 2448 1587 2450
410 0 -1
724 41 60 41 60 1587 2450 1589 2452
411 0 -1
725 76 76 79 76 1588 2451 1599 2462
412 0 -1
726 17 84 17 87 1589 2452 1593 2456
413 0 -1
727 91 21 93 22 1590 2453 1593 2456
414 0 -1
728 30 89 34 90 1591 2454 1596 2459
415 0 -1
729 80 14 80 15 1592 2455 1593 2456
416 0 -1
731 43 23 44 23 1594 2457 1595 2458
417 0 -1
733 27 72 29 72 1596 2459 1598 2461
418 0 -1
734 18 28 20 28 1597 2460 1599 2462
419 0 -1
735 20 69 23 69 1598 2461 1601 2464
420 0 -1
736 17 26 18 27 1599 2462 1601 2464
421 0 -1
737 17 62 20 62 1600 2463 1603 2466
422 0 -1
742 25 79 28 79 1605 2468 1610 2473
423 0 -1
744 89 36 91 36 1607 2470 1609 2472
424 0 -1
745 96 17 99 17 1608 2471 1613 2476
425 0 -1
748 45 19 46 20 1611 2474 1613 2476
426 0 -1
750 37 62 38 62 1613 2476 1614 2477
427 0 -1
751 9 80 9 80 1614 2477 1615 2478
428 0 -1
752 12 85 15 85 1615 2478 1618 2481
429 0 -1
753 47 79 48 79 1616 2479 1617 2480
430 0 -1
754 34 49 36 49 1617 2480 1623 2486
431 0 -1
755 49 72 49 74 1618 2481 1620 2483
432 0 -1
757 67 38 68 38 1620 2483 1622 2485
433 0 -1
758 3 96 6 91 1621 2484 1629 2492
434 0 -1
759 67 87 68 87 1622 2485 1624 2487
435 0 -1
760 66 22 67 22 1623 2486 1624 2487
436 0 -1
766 37 22 39 22 1629 2492 1631 2494
437 0 -1
767 81 34 83 34 1630 2493 1632 2495
438 0 -1
768 29 91 31 91 1631 2494 1634 2497
439 0 -1
771 78 73 78 73 1634 2497 1635 2498
440 0 -1
772 30 19 30 20 1635 2498 1637 2500
441 0 -1
773 63 34 66 34 1636 2499 1639 2502
442 0 -1
775 65 36 70 36 1638 2501 1643 2506
443 0 -1
777 66 29 66 29 1640 2503 1642 2505
444 0 -1
778 93 47 94 48 1641 2504 1643 2506
445 0 -1
779 82 67 84 67 1642 2505 1645 2508
446 0 -1
781 98 12 99 12 1644 2507 1645 2508
447 0 -1
782 42 21 42 23 1645 2508 1649 2512
448 0 -1
784 35 70 36 71 1647 2510 1649 2512
449 0 -1
787 38 15 39 16 1650 2513 1652 2515
450 0 -1
788 88 20 89 20 1651 2514 1652 2515
451 0 -1
789 19 26 20 27 1652 2515 1656 2519
452 0 -1
790 23 58 24 58 1653 2516 1655 2518
453 0 -1
791 30 99 33 99 1654 2517 1659 2522
454 0 -1
793 44 10 45 10 1656 2519 1659 2522
455 0 -1
794 95 40 97 40 1657 2520 1661 2524
456 0 -1
795 19 64 20 65 1658 2521 1660 2523
457 0 -1
796 61 24 63 25 1659 2522 1663 2526
458 0 -1
797 54 17 55 17 1660 2523 1661 2524
459 0 -1
798 93 52 93 52 1661 2524 1664 2527
460 0 -1
799 58 53 60 53 1662 2525 1664 2527
461 0 -1
800 77 17 82 17 1663 2526 1668 2531
462 0 -1
802 79 89 83 89 1665 2528 1669 2532
463 0 -1
803 18 47 19 48 1666 2529 1668 2531
464 0 -1
805 2 61 6 61 1668 2531 1673 2536
465 0 -1
806 63 11 69 13 1669 2532 1678 2541
466 0 -1
807 10 93 10 95 1670 2533 1672 2535
467 0 -1
810 47 88 47 88 1673 2536 1674 2537
468 0 -1
813 54 37 55 37 1676 2539 1677 2540
469 0 -1
818 52 35 52 36 1681 2544 1683 2546
470 0 -1
820 78 62 80 62 1683 2546 1686 2549
471 0 -1
824 45 19 47 19 1687 2550 1689 2552
472 0 -1
825 50 23 50 26 1688 2551 1691 2554
473 0 -1
827 65 49 66 49 1690 2553 1691 2554
474 0 -1
828 1 92 2 98 1691 2554 1701 2564
475 0 -1
830 57 84 59 84 1693 2556 1696 2559
476 0 -1
831 28 94 28 94 1694 2557 1695 2558
477 0 -1
833 34 3 34 5 1696 2559 1698 2561
478 0 -1
834 0 31 0 32 1697 2560 1699 2562
479 0 -1
835 27 49 27 53 1698 2561 1708 2571
480 0 -1
839 60 34 61 34 1702 2565 1704 2567
481 0 -1
841 9 28 13 28 1704 2567 1708 2571
482 0 -1
842 32 82 34 82 1705 2568 1707 2570
483 0 -1
844 7 90 8 94 1707 2570 1712 2575
484 0 -1
845 78 36 78 37 1708 2571 1710 2573
485 0 -1
846 66 21 69 21 1709 2572 1715 2578
486 0 -1
847 59 24 60 24 1710 2573 1711 2574
487 0 -1
850 0 6 2 7 1713 2576 1716 2579
488 0 -1
851 40 43 43 43 1714 2577 1718 2581
489 0 -1
854 80 31 80 32 1717 2580 1718 2581
490 0 -1
856 98 68 95 68 1719 2582 1722 2585
491 0 -1
859 12 34 14 37 1722 2585 1727 2590
492 0 -1
860 29 34 30 34 1723 2586 1724 2587
493 0 -1
861 59 78 60 79 1724 2587 1726 2589
494 0 -1
864 32 25 34 26 1727 2590 1730 2593
495 0 -1
867 37 96 37 97 1730 2593 1731 2594
496 0 -1
868 13 48 13 50 1731 2594 1733 2596
497 0 -1
871 57 82 66 83 1734 2597 1750 2613
498 0 -1
873 85 93 85 93 1736 2599 1738 2601
499 0 -1
874 21 59 23 61 1737 2600 1742 2605
500 0 -1
875 56 60 57 62 1738 2601 1741 2604
501 0 -1
877 41 58 43 59 1740 2603 1743 2606
502 0 -1
878 21 7 21 9 1741 2604 1743 2606
503 0 -1
879 84 69 84 70 1742 2605 1744 2607
504 0 -1
880 98 21 95 21 1743 2606 1747 2610
505 0 -1
881 86 49 91 49 1744 2607 1750 2613
506 0 -1
882 29 95 31 95 1745 2608 1747 2610
507 0 -1
885 87 11 88 11 1748 2611 1749 2612
508 0 -1
887 93 66 94 67 1750 2613 1753 2616
509 0 -1
889 74 18 77 18 1752 2615 1755 2618
510 0 -1
891 58 29 58 30 1754 2617 1756 2619
511 0 -1
893 61 80 62 81 1756 2619 1758 2621
512 0 -1
894 7 36 9 37 1757 2620 1760 2623
513 0 -1
895 70 76 71 78 1758 2621 1761 2624
514 0 -1
896 75 84 76 85 1759 2622 1761 2624
515 0 -1
897 66 59 66 60 1760 2623 1761 2624
516 0 -1
898 39 12 40 12 1761 2624 1763 2626
517 0 -1
899 69 55 71 55 1762 2625 1764 2627
518 0 -1
900 82 48 88 48 1763 2626 1769 2632
519 0 -1
901 48 1 49 2 1764 2627 1766 2629
520 0 -1
902 64 56 64 56 1765 2628 1766 2629
521 0 -1
905 23 27 23 28 1768 2631 1769 2632
522 0 -1
910 55 74 55 75 1773 2636 1774 2637
523 0 -1
912 86 28 93 29 1775 2638 1785 2648
524 0 -1
914 50 70 52 71 1777 2640 1784 2647
525 0 -1
917 27 47 27 49 1780 2643 1784 2647
526 0 -1
919 12 81 14 81 1782 2645 1784 2647
527 0 -1
920 37 30 40 30 1783 2646 1786 2649
528 0 -1
921 50 32 51 32 1784 2647 1785 2648
529 0 -1
923 85 21 85 22 1786 2649 1787 2650
530 0 -1
925 97 74 99 75 1788 2651 1791 2654
531 0 -1
926 39 79 43 80 1789 2652 1798 2661
532 0 -1
927 86 65 88 66 1790 2653 1793 2656
533 0 -1
928 49 93 49 93 1791 2654 1792 2655
534 0 -1
929 66 65 67 65 1792 2655 1793 2656
535 0 -1
931 55 3 55 4 1794 2657 1796 2659
536 0 -1
933 68 24 74 25 1796 2659 1803 2666
537 0 -1
935 47 13 48 14 1798 2661 1800 2663
538 0 -1
936 10 79 10 79 1799 2662 1800 2663
539 0 -1
937 8 57 9 57 1800 2663 1804 2667
540 0 -1
938 83 29 83 30 1801 2664 1805 2668
541 0 -1
940 60 85 61 85 1803 2666 1805 2668
542 0 -1
942 44 46 44 46 1805 2668 1806 2669
543 0 -1
943 13 93 17 96 1806 2669 1813 2676
544 0 -1
944 56 69 56 69 1807 2670 1808 2671
545 0 -1
945 44 83 45 84 1808 2671 1811 2674
546 0 -1
947 58 31 62 37 1810 2673 1823 2686
547 0 -1
948 37 30 38 31 1811 2674 1814 2677
548 0 -1
950 86 54 88 54 1813 2676 1815 2678
549 0 -1
951 41 51 43 51 1814 2677 1816 2679
550 0 -1
954 75 33 75 35 1817 2680 1819 2682
551 0 -1
955 96 19 97 19 1818 2681 1819 2682
552 0 -1
957 73 8 73 8 1820 2683 1823 2686
553 0 -1
958 7 73 8 73 1821 2684 1822 2685
554 0 -1
963 3 72 4 74 1826 2689 1829 2692
555 0 -1
964 62 72 63 72 1827 2690 1829 2692
556 0 -1
966 44 0 46 0 1829 2692 1831 2694
557 0 -1
969 17 71 19 71 1832 2695 1834 2697
558 0 -1
972 17 25 22 26 1835 2698 1841 2704
559 0 -1
973 2 84 3 86 1836 2699 1840 2703
560 0 -1
974 2 50 4 53 1837 2700 1847 2710
561 0 -1
976 55 2 55 5 1839 2702 1844 2707
562 0 -1
979 75 50 78 50 1842 2705 1846 2709
563 0 -1
981 94 1 95 1 1844 2707 1845 2708
564 0 -1
983 15 37 15 39 1846 2709 1849 2712
565 0 -1
984 67 60 69 64 1847 2710 1853 2716
566 0 -1
987 55 88 56 90 1850 2713 1854 2717
567 0 -1
989 16 38 19 38 1852 2715 1855 2718
568 0 -1
990 91 56 95 56 1853 2716 1857 2720
569 0 -1
992 56 69 59 70 1855 2718 1859 2722
570 0 -1
993 7 42 8 43 1856 2719 1858 2721
571 0 -1
994 87 13 90 14 1857 2720 1861 2724
572 0 -1
996 87 39 87 40 1859 2722 1861 2724
573 0 -1
997 87 6 89 6 1860 2723 1862 2725
574 0 -1
998 3 23 3 23 1861 2724 1862 2725
575 0 -1
999 76 87 76 87 1862 2725 1864 2727
576 0 -1
1001 0 91 23 100 1864 2727 1913 2776
577 0 -1
1004 91 83 91 85 1867 2730 1869 2732
578 0 -1
1008 2 60 3 60 1871 2734 1872 2735
579 0 -1
1010 33 42 35 42 1873 2736 1875 2738
580 0 -1
1012 99 44 99 44 1875 2738 1876 2739
581 0 -1
1015 19 5 19 5 1878 2741 1879 2742
582 0 -1
1016 9 27 9 27 1879 2742 1880 2743
583 0 -1
1017 97 4 99 5 1880 2743 1883 2746
584 0 -1
1018 24 41 26 50 1881 2744 1895 2758
585 0 -1
1019 7 90 10 92 1882 2745 1892 2755
586 0 -1
1020 49 85 49 88 1883 2746 1886 2749
587 0 -1
1021 25 80 25 81 1884 2747 1885 2748
588 0 -1
1022 45 53 57 54 1885 2748 1899 2762
589 0 -1
1025 84 59 84 59 1888 2751 1893 2756
590 0 -1
1027 33 70 34 70 1890 2753 1891 2754
591 0 -1
1028 67 54 67 55 1891 2754 1892 2755
592 0 -1
1031 89 6 95 7 1894 2757 1903 2766
593 0 -1
1032 67 20 69 25 1895 2758 1902 2765
594 0 -1
1033 44 49 47 49 1896 2759 1900 2763
595 0 -1
1035 95 53 96 54 1898 2761 1900 2763
596 0 -1
1036 19 35 21 35 1899 2762 1901 2764
597 0 -1
1037 52 90 53 90 1900 2763 1901 2764
598 0 -1
1039 65 83 65 84 1902 2765 1903 2766
599 0 -1
1040 85 79 86 79 1903 2766 1904 2767
600 0 -1
1042 12 44 16 45 1905 2768 1916 2779
601 0 -1
1044 14 39 15 39 1907 2770 1908 2771
602 0 -1
1045 53 11 56 11 1908 2771 1911 2774
603 0 -1
1051 40 25 40 26 1914 2777 1915 2778
604 0 -1
1053 88 16 89 16 1916 2779 1917 2780
605 0 -1
1056 90 78 90 79 1919 2782 1921 2784
606 0 -1
1057 63 3 65 3 1920 2783 1922 2785
607 0 -1
1059 81 4 85 4 1922 2785 1926 2789
608 0 -1
1060 24 69 29 69 1923 2786 1928 2791
609 0 -1
1063 64 94 66 94 1926 2789 1929 2792
610 0 -1
1065 0 46 1 47 1928 2791 1931 2794
611 0 -1
1066 76 23 76 25 1929 2792 1931 2794
612 0 -1
1067 70 83 70 84 1930 2793 1931 2794
613 0 -1
1070 76 37 78 44 1933 2796 1945 2808
614 0 -1
1071 89 72 89 73 1934 2797 1939 2802
615 0 -1
1073 87 62 73 62 1936 2799 1951 2814
616 0 -1
1074 93 56 94 56 1937 2800 1938 2801
617 0 -1
1075 38 57 38 57 1938 2801 1941 2804
618 0 -1
1078 68 8 68 8 1941 2804 1945 2808
619 0 -1
1082 47 33 48 33 1945 2808 1946 2809
620 0 -1
1083 42 99 42 99 1946 2809 1948 2811
621 0 -1
1084 72 13 75 14 1947 2810 1953 2816
622 0 -1
1085 47 28 48 29 1948 2811 1951 2814
623 0 -1
1086 94 10 95 10 1949 2812 1953 2816
624 0 -1
1090 53 35 54 35 1953 2816 1954 2817
625 0 -1
1091 0 72 1 72 1954 2817 1955 2818
626 0 -1
1092 77 46 78 46 1955 2818 1956 2819
627 0 -1
1095 3 80 5 81 1958 2821 1961 2824
628 0 -1
1097 71 74 72 75 1960 2823 1963 2826
629 0 -1
1098 29 63 31 64 1961 2824 1965 2828
630 0 -1
1099 4 8 7 9 1962 2825 1967 2830
631 0 -1
1100 3 31 5 33 1963 2826 1968 2831
632 0 -1
1102 10 13 12 13 1965 2828 1968 2831
633 0 -1
1103 30 57 36 58 1966 2829 1973 2836
634 0 -1
1104 60 76 61 76 1967 2830 1968 2831
635 0 -1
1105 82 92 83 92 1968 2831 1969 2832
636 0 -1
1107 90 26 80 26 1970 2833 1980 2843
637 0 -1
1109 1 95 3 95 1972 2835 1975 2838
638 0 -1
1111 26 89 27 90 1974 2837 1976 2839
639 0 -1
1113 98 2 98 2 1976 2839 1977 2840
640 0 -1
1114 14 87 15 87 1977 2840 1978 2841
641 0 -1
1115 84 34 86 35 1978 2841 1981 2844
642 0 -1
1116 95 95 98 95 1979 2842 1990 2853
643 0 -1
1118 90 88 92 88 1981 2844 1983 2846
644 0 -1
1120 84 11 84 11 1983 2846 1985 2848
645 0 -1
1121 21 83 22 83 1984 2847 1985 2848
646 0 -1
1122 49 46 49 47 1985 2848 1988 2851
647 0 -1
1124 20 88 26 89 1987 2850 1994 2857
648 0 -1
1125 90 71 90 71 1988 2851 1990 2853
649 0 -1
1126 39 47 45 53 1989 2852 2001 2864
650 0 -1
1129 60 6 61 6 1992 2855 1993 2856
651 0 -1
1130 90 46 91 46 1993 2856 1994 2857
652 0 -1
1132 51 79 53 79 1995 2858 1997 2860
653 0 -1
1133 70 72 70 72 1996 2859 1999 2862
654 0 -1
1137 76 0 78 2 2000 2863 2004 2867
655 0 -1
1138 21 80 21 81 2001 2864 2002 2865
656 0 -1
1139 72 32 72 32 2002 2865 2003 2866
657 0 -1
1141 65 24 65 26 2004 2867 2006 2869
658 0 -1
1142 7 30 7 30 2005 2868 2008 2871
659 0 -1
1144 89 36 90 38 2007 2870 2010 2873
660 0 -1
1147 9 68 10 68 2010 2873 2011 2874
661 0 -1
1150 97 51 98 51 2013 2876 2014 2877
662 0 -1
1151 93 91 94 91 2014 2877 2016 2879
663 0 -1
1154 50 95 51 95 2017 2880 2018 2881
664 0 -1
1156 96 16 98 16 2019 2882 2021 2884
665 0 -1
1157 91 51 94 51 2020 2883 2025 2888
666 0 -1
1158 18 65 19 65 2021 2884 2025 2888
667 0 -1
1159 24 59 25 60 2022 2885 2024 2887
668 0 -1
1164 79 80 81 80 2027 2890 2030 2893
669 0 -1
1166 39 29 41 30 2029 2892 2032 2895
670 0 -1
1169 31 89 31 92 2032 2895 2035 2898
671 0 -1
1170 82 66 83 66 2033 2896 2036 2899
672 0 -1
1171 98 83 99 89 2034 2897 2043 2906
673 0 -1
1172 5 10 5 10 2035 2898 2036 2899
674 0 -1
1174 89 26 89 28 2037 2900 2044 2907
675 0 -1
1175 2 78 2 79 2038 2901 2041 2904
676 0 -1
1176 23 82 23 82 2039 2902 2041 2904
677 0 -1
1177 11 72 12 72 2040 2903 2042 2905
678 0 -1
1179 53 37 54 37 2042 2905 2043 2906
679 0 -1
1186 41 44 41 44 2049 2912 2051 2914
680 0 -1
1187 23 78 23 79 2050 2913 2052 2915
681 0 -1
1188 70 63 70 63 2051 2914 2052 2915
682 0 -1
1190 63 74 64 74 2053 2916 2054 2917
683 0 -1
1191 79 37 79 39 2054 2917 2056 2919
684 0 -1
1194 48 34 50 34 2057 2920 2059 2922
685 0 -1
1195 72 36 72 36 2058 2921 2061 2924
686 0 -1
1197 44 65 44 67 2060 2923 2063 2926
687 0 -1
1198 53 19 53 22 2061 2924 2065 2928
688 0 -1
1201 7 55 12 55 2064 2927 2069 2932
689 0 -1
1202 15 26 16 26 2065 2928 2066 2929
690 0 -1
1203 51 18 52 18 2066 2929 2067 2930
691 0 -1
1205 12 12 15 12 2068 2931 2071 2934
692 0 -1
1207 46 26 48 27 2070 2933 2074 2937
693 0 -1
1208 20 81 21 81 2071 2934 2073 2936
694 0 -1
1209 54 38 55 38 2072 2935 2073 2936
695 0 -1
1211 31 59 35 59 2074 2937 2078 2941
696 0 -1
1214 34 65 40 65 2077 2940 2083 2946
697 0 -1
1217 68 19 70 19 2080 2943 2082 2945
698 0 -1
1218 78 52 79 52 2081 2944 2082 2945
699 0 -1
1219 61 61 63 66 2082 2945 2089 2952
700 0 -1
1220 41 20 41 21 2083 2946 2084 2947
701 0 -1
1222 12 85 13 87 2085 2948 2088 2951
702 0 -1
1223 21 96 21 100 2086 2949 2090 2953
703 0 -1
1226 61 94 61 95 2089 2952 2092 2955
704 0 -1
1227 50 34 50 34 2090 2953 2091 2954
705 0 -1
1229 32 17 32 17 2092 2955 2093 2956
706 0 -1
1230 82 71 83 75 2093 2956 2098 2961
707 0 -1
1231 91 41 91 41 2094 2957 2095 2958
708 0 -1
1233 82 64 82 66 2096 2959 2098 2961
709 0 -1
1235 28 69 29 69 2098 2961 2099 2962
710 0 -1
1236 14 90 19 90 2099 2962 2104 2967
711 0 -1
1237 80 94 81 97 2100 2963 2105 2968
712 0 -1
1238 40 32 41 33 2101 2964 2106 2969
713 0 -1
1240 69 6 69 8 2103 2966 2107 2970
714 0 -1
1241 85 11 85 12 2104 2967 2105 2968
715 0 -1
1242 48 7 59 7 2105 2968 2118 2981
716 0 -1
1243 9 13 11 13 2106 2969 2108 2971
717 0 -1
1244 84 65 86 68 2107 2970 2114 2977
718 0 -1
1246 57 6 63 7 2109 2972 2118 2981
719 0 -1
1250 51 37 52 37 2113 2976 2114 2977
720 0 -1
1254 8 62 10 64 2117 2980 2124 2987
721 0 -1
1255 55 90 57 92 2118 2981 2122 2985
722 0 -1
1258 86 87 93 93 2121 2984 2137 3000
723 0 -1
1259 74 41 88 41 2122 2985 2140 3003
724 0 -1
1260 60 88 66 88 2123 2986 2129 2992
725 0 -1
1261 29 37 34 37 2124 2987 2131 2994
726 0 -1
1263 76 39 78 40 2126 2989 2133 2996
727 0 -1
1264 59 16 59 17 2127 2990 2131 2994
728 0 -1
1265 93 38 95 38 2128 2991 2130 2993
729 0 -1
1266 67 32 67 33 2129 2992 2130 2993
730 0 -1
1268 82 28 83 30 2131 2994 2134 2997
731 0 -1
1276 36 79 36 79 2139 3002 2140 3003
732 0 -1
1277 24 98 27 99 2140 3003 2145 3008
733 0 -1
1281 13 25 14 26 2144 3007 2146 3009
734 0 -1
1284 85 91 86 92 2147 3010 2149 3012
735 0 -1
1287 7 53 9 54 2150 3013 2154 3017
736 0 -1
1290 28 69 33 69 2153 3016 2160 3023
737 0 -1
1291 4 94 5 95 2154 3017 2157 3020
738 0 -1
1292 85 41 96 44 2155 3018 2181 3044
739 0 -1
1297 9 46 9 48 2160 3023 2163 3026
740 0 -1
1298 81 82 82 82 2161 3024 2162 3025
741 0 -1
1299 24 32 27 32 2162 3025 2165 3028
742 0 -1
1300 9 30 10 30 2163 3026 2165 3028
743 0 -1
1307 46 10 47 10 2170 3033 2171 3034
744 0 -1
1309 32 86 34 86 2172 3035 2174 3037
745 0 -1
1312 76 4 77 5 2175 3038 2177 3040
746 0 -1
1313 31 78 31 79 2176 3039 2177 3040
747 0 -1
1314 53 15 53 16 2177 3040 2181 3044
748 0 -1
1315 66 5 68 6 2178 3041 2183 3046
749 0 -1
1316 37 32 37 33 2179 3042 2181 3044
750 0 -1
1317 90 51 91 51 2180 3043 2182 3045
751 0 -1
1318 10 16 10 17 2181 3044 2184 3047
752 0 -1
1319 9 60 9 62 2182 3045 2184 3047
753 0 -1
1320 86 94 87 94 2183 3046 2184 3047
754 0 -1
1321 14 13 14 15 2184 3047 2186 3049
755 0 -1
1323 15 76 17 76 2186 3049 2188 3051
756 0 -1
1324 9 85 14 85 2187 3050 2192 3055
757 0 -1
1325 62 95 67 96 2188 3051 2194 3057
758 0 -1
1326 54 30 54 30 2189 3052 2190 3053
759 0 -1
1327 79 10 87 12 2190 3053 2200 3063
760 0 -1
1329 62 58 64 58 2192 3055 2194 3057
761 0 -1
1332 5 49 6 49 2195 3058 2197 3060
762 0 -1
1333 75 31 75 31 2196 3059 2197 3060
763 0 -1
1335 18 38 31 40 2198 3061 2214 3077
764 0 -1
1336 34 38 34 38 2199 3062 2200 3063
765 0 -1
1338 61 44 61 44 2201 3064 2204 3067
766 0 -1
1340 69 87 72 87 2203 3066 2210 3073
767 0 -1
1342 87 97 88 99 2205 3068 2208 3071
768 0 -1
1344 37 86 39 86 2207 3070 2209 3072
769 0 -1
1345 59 15 60 15 2208 3071 2209 3072
770 0 -1
1347 66 93 68 93 2210 3073 2213 3076
771 0 -1
1348 29 79 32 80 2211 3074 2216 3079
772 0 -1
1349 58 45 63 45 2212 3075 2218 3081
773 0 -1
1354 74 59 76 60 2217 3080 2220 3083
774 0 -1
1355 57 64 62 64 2218 3081 2223 3086
775 0 -1
1359 58 75 62 75 2222 3085 2227 3090
776 0 -1
1362 50 87 51 87 2225 3088 2227 3090
777 0 -1
1365 4 0 5 0 2228 3091 2229 3092
778 0 -1
1368 22 46 24 46 2231 3094 2233 3096
779 0 -1
1369 29 83 39 63 2232 3095 2267 3130
780 0 -1
1370 93 47 94 47 2233 3096 2235 3098
781 0 -1
1372 89 1 92 2 2235 3098 2240 3103
782 0 -1
1374 58 1 60 1 2237 3100 2239 3102
783 0 -1
1375 78 38 81 38 2238 3101 2245 3108
784 0 -1
1376 49 71 50 71 2239 3102 2240 3103
785 0 -1
1377 78 16 78 16 2240 3103 2243 3106
786 0 -1
1378 42 4 43 4 2241 3104 2242 3105
787 0 -1
1379 7 12 8 15 2242 3105 2246 3109
788 0 -1
1381 53 64 53 64 2244 3107 2247 3110
789 0 -1
1382 68 49 71 49 2245 3108 2248 3111
790 0 -1
1383 78 63 80 63 2246 3109 2248 3111
791 0 -1
1385 1 5 6 5 2248 3111 2254 3117
792 0 -1
1386 92 81 92 84 2249 3112 2252 3115
793 0 -1
1387 23 73 27 79 2250 3113 2261 3124
794 0 -1
1388 99 79 97 79 2251 3114 2254 3117
795 0 -1
1389 12 53 13 54 2252 3115 2254 3117
796 0 -1
1390 14 43 16 43 2253 3116 2255 3118
797 0 -1
1391 27 32 29 32 2254 3117 2256 3119
798 0 -1
1393 23 18 24 18 2256 3119 2258 3121
799 0 -1
1395 80 62 85 64 2258 3121 2266 3129
800 0 -1
1396 58 96 58 96 2259 3122 2260 3123
801 0 -1
1400 73 87 74 88 2263 3126 2266 3129
802 0 -1
1401 40 42 42 42 2264 3127 2267 3130
803 0 -1
1402 76 88 79 88 2265 3128 2272 3135
804 0 -1
1403 77 86 79 86 2266 3129 2268 3131
805 0 -1
1406 47 35 48 35 2269 3132 2270 3133
806 0 -1
1411 27 28 28 29 2274 3137 2276 3139
807 0 -1
1412 6 75 8 78 2275 3138 2281 3144
808 0 -1
1413 32 64 33 64 2276 3139 2277 3140
809 0 -1
1414 20 34 22 34 2277 3140 2279 3142
810 0 -1
1415 39 26 40 27 2278 3141 2280 3143
811 0 -1
1417 71 85 71 86 2280 3143 2281 3144
812 0 -1
1418 86 49 90 50 2281 3144 2286 3149
813 0 -1
1419 64 51 65 57 2282 3145 2289 3152
814 0 -1
1420 76 45 80 46 2283 3146 2291 3154
815 0 -1
1423 32 68 33 68 2286 3149 2287 3150
816 0 -1
1426 42 7 42 9 2289 3152 2291 3154
817 0 -1
1428 4 13 4 14 2291 3154 2294 3157
818 0 -1
1429 59 4 59 6 2292 3155 2294 3157
819 0 -1
1430 54 68 54 68 2293 3156 2294 3157
820 0 -1
1431 12 46 12 46 2294 3157 2297 3160
821 0 -1
1432 18 78 18 78 2295 3158 2296 3159
822 0 -1
1434 87 66 88 66 2297 3160 2298 3161
823 0 -1
1435 13 40 15 43 2298 3161 2305 3168
824 0 -1
1436 3 60 5 60 2299 3162 2301 3164
825 0 -1
1438 68 49 69 50 2301 3164 2305 3168
826 0 -1
1439 2 16 2 16 2302 3165 2303 3166
827 0 -1
1440 28 73 29 75 2303 3166 2306 3169
828 0 -1
1441 22 24 22 27 2304 3167 2311 3174
829 0 -1
1442 72 76 73 76 2305 3168 2307 3170
830 0 -1
1443 25 11 27 11 2306 3169 2311 3174
831 0 -1
1444 34 85 35 86 2307 3170 2309 3172
832 0 -1
1446 41 45 47 45 2309 3172 2315 3178
833 0 -1
1447 36 75 36 77 2310 3173 2312 3175
834 0 -1
1448 89 25 90 25 2311 3174 2313 3176
835 0 -1
1452 4 88 4 88 2315 3178 2316 3179
836 0 -1
1454 70 66 74 66 2317 3180 2321 3184
837 0 -1
1455 44 79 46 79 2318 3181 2320 3183
838 0 -1
1456 74 57 75 57 2319 3182 2320 3183
839 0 -1
1457 2 50 7 50 2320 3183 2326 3189
840 0 -1
1458 84 66 94 66 2321 3184 2331 3194
841 0 -1
1461 25 68 27 68 2324 3187 2327 3190
842 0 -1
1462 61 83 62 83 2325 3188 2329 3192
843 0 -1
1463 45 56 46 56 2326 3189 2328 3191
844 0 -1
1465 87 58 88 58 2328 3191 2330 3193
845 0 -1
1466 5 28 6 29 2329 3192 2331 3194
846 0 -1
1468 93 92 94 92 2331 3194 2332 3195
847 0 -1
1469 20 22 23 24 2332 3195 2337 3200
848 0 -1
1470 27 62 28 62 2333 3196 2334 3197
849 0 -1
1472 86 94 86 96 2335 3198 2340 3203
850 0 -1
1473 24 36 26 37 2336 3199 2341 3204
851 0 -1
1474 82 52 82 58 2337 3200 2348 3211
852 0 -1
1475 97 24 97 26 2338 3201 2340 3203
853 0 -1
1478 76 8 76 12 2341 3204 2347 3210
854 0 -1
1479 34 50 34 51 2342 3205 2344 3207
855 0 -1
1481 47 47 48 47 2344 3207 2346 3209
856 0 -1
1483 34 88 45 88 2346 3209 2357 3220
857 0 -1
1486 7 7 11 7 2349 3212 2354 3217
858 0 -1
1487 21 70 23 72 2350 3213 2354 3217
859 0 -1
1493 66 28 67 29 2356 3219 2358 3221
860 0 -1
1495 32 62 32 62 2358 3221 2359 3222
861 0 -1
1496 91 54 92 55 2359 3222 2363 3226
862 0 -1
1497 28 76 28 76 2360 3223 2364 3227
863 0 -1
1499 54 33 55 34 2362 3225 2364 3227
864 0 -1
1500 12 50 14 50 2363 3226 2365 3228
865 0 -1
1501 40 68 47 69 2364 3227 2372 3235
866 0 -1
1502 87 99 89 99 2365 3228 2369 3232
867 0 -1
1504 62 87 68 92 2367 3230 2380 3243
868 0 -1
1505 95 82 99 85 2368 3231 2378 3241
869 0 -1
1506 44 22 46 22 2369 3232 2371 3234
870 0 -1
1507 97 31 98 31 2370 3233 2373 3236
871 0 -1
1508 1 34 7 34 2371 3234 2377 3240
872 0 -1
1509 87 22 87 23 2372 3235 2373 3236
873 0 -1
1511 78 44 78 45 2374 3237 2376 3239
874 0 -1
1513 28 29 28 32 2376 3239 2381 3244
875 0 -1
1515 52 44 52 45 2378 3241 2379 3242
876 0 -1
1516 17 46 18 48 2379 3242 2382 3245
877 0 -1
1517 49 31 50 33 2380 3243 2383 3246
878 0 -1
1518 55 38 55 38 2381 3244 2384 3247
879 0 -1
1519 45 20 45 20 2382 3245 2383 3246
880 0 -1
1521 53 17 54 19 2384 3247 2388 3251
881 0 -1
1522 11 11 11 11 2385 3248 2387 3250
882 0 -1
1523 5 72 5 73 2386 3249 2388 3251
883 0 -1
1527 14 31 17 32 2390 3253 2394 3257
884 0 -1
1528 40 46 41 46 2391 3254 2392 3255
885 0 -1
1533 81 40 81 41 2396 3259 2397 3260
886 0 -1
1534 24 69 24 73 2397 3260 2406 3269
887 0 -1
1535 98 99 98 100 2398 3261 2401 3264
888 0 -1
1536 38 88 39 89 2399 3262 2401 3264
889 0 -1
1538 12 5 13 7 2401 3264 2405 3268
890 0 -1
1540 11 44 11 45 2403 3266 2404 3267
891 0 -1
1543 73 51 76 51 2406 3269 2409 3272
892 0 -1
1544 51 55 51 56 2407 3270 2409 3272
893 0 -1
1545 75 28 76 29 2408 3271 2410 3273
894 0 -1
1547 16 41 21 41 2410 3273 2415 3278
895 0 -1
1550 87 69 89 69 2413 3276 2415 3278
896 0 -1
1551 6 27 6 27 2414 3277 2416 3279
897 0 -1
1552 24 2 27 3 2415 3278 2420 3283
898 0 -1
1554 27 76 28 76 2417 3280 2421 3284
899 0 -1
1555 91 39 92 40 2418 3281 2420 3283
900 0 -1
1556 34 86 36 86 2419 3282 2421 3284
901 0 -1
1559 36 63 37 67 2422 3285 2428 3291
902 0 -1
1560 11 74 17 74 2423 3286 2429 3292
903 0 -1
1562 81 77 83 77 2425 3288 2427 3290
904 0 -1
1563 16 61 19 65 2426 3289 2436 3299
905 0 -1
1564 47 75 48 76 2427 3290 2429 3292
906 0 -1
1566 62 27 62 27 2429 3292 2431 3294
907 0 -1
1567 75 45 79 45 2430 3293 2434 3297
908 0 -1
1573 99 59 95 61 2436 3299 2444 3307
909 0 -1
1575 97 68 97 69 2438 3301 2439 3302
910 0 -1
1576 57 9 57 11 2439 3302 2441 3304
911 0 -1
1577 50 95 52 95 2440 3303 2442 3305
912 0 -1
1579 95 64 95 64 2442 3305 2445 3308
913 0 -1
1580 28 23 28 25 2443 3306 2445 3308
914 0 -1
1582 1 46 2 46 2445 3308 2446 3309
915 0 -1
1584 27 54 27 54 2447 3310 2448 3311
916 0 -1
1587 81 15 91 17 2450 3313 2462 3325
917 0 -1
1588 4 43 6 45 2451 3314 2455 3318
918 0 -1
1589 21 88 21 90 2452 3315 2454 3317
919 0 -1
1590 91 48 91 50 2453 3316 2456 3319
920 0 -1
1591 57 45 57 48 2454 3317 2459 3322
921 0 -1
1593 2 68 2 71 2456 3319 2460 3323
922 0 -1
1594 54 56 56 56 2457 3320 2459 3322
923 0 -1
1596 4 79 6 79 2459 3322 2461 3324
924 0 -1
1598 33 22 34 22 2461 3324 2462 3325
925 0 -1
1599 0 51 4 51 2462 3325 2466 3329
926 0 -1
1600 64 83 65 83 2463 3326 2464 3327
927 0 -1
1603 4 92 5 92 2466 3329 2467 3330
928 0 -1
1606 57 50 59 50 2469 3332 2471 3334
929 0 -1
1608 14 65 14 66 2471 3334 2472 3335
930 0 -1
1609 32 11 32 13 2472 3335 2474 3337
931 0 -1
1610 1 40 2 40 2473 3336 2474 3337
932 0 -1
1611 22 47 24 47 2474 3337 2476 3339
933 0 -1
1613 51 90 52 91 2476 3339 2478 3341
934 0 -1
1615 48 93 48 93 2478 3341 2479 3342
935 0 -1
1618 50 30 50 32 2481 3344 2484 3347
936 0 -1
1620 84 52 86 54 2483 3346 2488 3351
937 0 -1
1621 40 14 41 14 2484 3347 2491 3354
938 0 -1
1623 98 31 94 32 2486 3349 2491 3354
939 0 -1
1624 79 61 79 61 2487 3350 2488 3351
940 0 -1
1625 32 70 35 70 2488 3351 2491 3354
941 0 -1
1626 10 61 10 62 2489 3352 2491 3354
942 0 -1
1627 28 28 40 29 2490 3353 2503 3366
943 0 -1
1629 74 42 75 42 2492 3355 2493 3356
944 0 -1
1631 77 35 77 37 2494 3357 2496 3359
945 0 -1
1633 35 9 39 10 2496 3359 2506 3369
946 0 -1
1634 52 59 53 60 2497 3360 2499 3362
947 0 -1
1637 24 32 24 32 2500 3363 2501 3364
948 0 -1
1638 65 82 67 83 2501 3364 2504 3367
949 0 -1
1640 14 77 19 77 2503 3366 2513 3376
950 0 -1
1641 55 34 58 34 2504 3367 2507 3370
951 0 -1
1642 74 16 77 17 2505 3368 2509 3372
952 0 -1
1645 79 38 80 38 2508 3371 2509 3372
953 0 -1
1648 90 47 90 49 2511 3374 2513 3376
954 0 -1
1649 32 53 34 53 2512 3375 2514 3377
955 0 -1
1650 68 38 68 39 2513 3376 2514 3377
956 0 -1
1656 91 75 92 75 2519 3382 2523 3386
957 0 -1
1657 19 83 19 83 2520 3383 2523 3386
958 0 -1
1659 26 68 26 71 2522 3385 2526 3389
959 0 -1
1660 55 3 56 3 2523 3386 2527 3390
960 0 -1
1661 68 77 68 82 2524 3387 2531 3394
961 0 -1
1662 53 77 60 77 2525 3388 2532 3395
962 0 -1
1663 37 42 38 48 2526 3389 2533 3396
963 0 -1
1664 16 56 16 56 2527 3390 2529 3392
964 0 -1
1665 66 76 67 76 2528 3391 2529 3392
965 0 -1
1668 8 5 10 5 2531 3394 2534 3397
966 0 -1
1671 88 47 95 48 2534 3397 2542 3405
967 0 -1
1672 9 7 9 7 2535 3398 2536 3399
968 0 -1
1673 57 20 61 21 2536 3399 2541 3404
969 0 -1
1675 5 47 6 47 2538 3401 2539 3402
970 0 -1
1676 48 26 49 26 2539 3402 2542 3405
971 0 -1
1678 42 32 43 34 2541 3404 2544 3407
972 0 -1
1679 75 6 79 6 2542 3405 2549 3412
973 0 -1
1680 38 63 41 64 2543 3406 2547 3410
974 0 -1
1683 80 82 84 84 2546 3409 2553 3416
975 0 -1
1685 48 72 49 74 2548 3411 2551 3414
976 0 -1
1686 92 87 93 94 2549 3412 2559 3422
977 0 -1
1687 90 71 93 71 2550 3413 2554 3417
978 0 -1
1688 80 68 82 71 2551 3414 2557 3420
979 0 -1
1690 20 32 21 33 2553 3416 2557 3420
980 0 -1
1691 49 73 50 74 2554 3417 2556 3419
981 0 -1
1692 63 36 64 37 2555 3418 2558 3421
982 0 -1
1694 51 90 51 91 2557 3420 2558 3421
983 0 -1
1695 65 90 68 91 2558 3421 2562 3425
984 0 -1
1696 72 62 74 62 2559 3422 2562 3425
985 0 -1
1697 17 73 18 73 2560 3423 2562 3425
986 0 -1
1698 83 41 83 43 2561 3424 2563 3426
987 0 -1
1700 38 89 38 91 2563 3426 2565 3428
988 0 -1
1702 13 87 14 95 2565 3428 2579 3442
989 0 -1
1703 4 57 5 57 2566 3429 2567 3430
990 0 -1
1704 74 21 77 21 2567 3430 2570 3433
991 0 -1
1709 48 5 48 7 2572 3435 2575 3438
992 0 -1
1712 27 2 29 2 2575 3438 2578 3441
993 0 -1
1714 17 56 17 57 2577 3440 2578 3441
994 0 -1
1717 4 81 6 82 2580 3443 2584 3447
995 0 -1
1718 23 96 23 98 2581 3444 2583 3446
996 0 -1
1720 35 70 38 70 2583 3446 2589 3452
997 0 -1
1722 34 24 35 24 2585 3448 2586 3449
998 0 -1
1723 98 38 99 38 2586 3449 2588 3451
999 0 -1
1725 24 15 25 16 2588 3451 2590 3453
1000 0 -1
1726 42 78 44 79 2589 3452 2592 3455
