100 100 3455
4
0 39 22
1 25 41
2 10 96
3 7 18
52
0 0 205 100 6
0
1 0 396 100 6
0
2 0 587 100 6
0
3 0 789 100 6
0
4 0 975 100 6
0
5 0 1166 100 6
0
6 0 1348 100 6
0
7 0 1536 100 6
0
8 0 -1 100 6
0
9 0 -1 100 6
0
10 0 -1 100 6
0
11 0 -1 100 6
0
12 0 -1 100 6
0
13 1 193 100 6
0
14 1 372 100 6
0
15 1 561 100 6
0
16 1 764 100 6
0
17 1 963 100 6
0
18 1 1147 100 6
0
19 1 1328 100 6
0
20 1 1536 100 6
0
21 1 -1 100 6
0
22 1 -1 100 6
0
23 1 -1 100 6
0
24 1 -1 100 6
0
25 1 -1 100 6
0
26 2 190 100 6
0
27 2 382 100 6
0
28 2 574 100 6
0
29 2 752 100 6
0
30 2 959 100 6
0
31 2 1178 100 6
0
32 2 1376 100 6
0
33 2 1565 100 6
0
34 2 -1 100 6
0
35 2 -1 100 6
0
36 2 -1 100 6
0
37 2 -1 100 6
0
38 2 -1 100 6
0
39 3 216 100 6
0
40 3 418 100 6
0
41 3 628 100 6
0
42 3 836 100 6
0
43 3 998 100 6
0
44 3 1190 100 6
0
45 3 1378 100 6
0
46 3 1557 100 6
0
47 3 -1 100 6
0
48 3 -1 100 6
0
49 3 -1 100 6
0
50 3 -1 100 6
0
51 3 -1 100 6
0
1000
1 2 -1
2 94 23 96 24 865 1728 868 1731
2 2 -1
5 29 75 32 77 868 1731 873 1736
3 2 -1
7 21 89 22 91 870 1733 874 1737
4 0 -1
8 51 99 55 99 871 1734 880 1743
5 1 -1
9 53 74 54 79 872 1735 878 1741
6 3 -1
10 43 55 44 57 873 1736 877 1740
7 0 -1
11 56 15 58 19 874 1737 880 1743
8 3 -1
12 61 40 63 40 875 1738 877 1740
9 0 -1
13 77 70 77 72 876 1739 878 1741
10 1 -1
14 93 41 93 41 877 1740 880 1743
11 1 -1
15 65 52 66 57 878 1741 884 1747
12 0 -1
17 61 76 61 78 880 1743 884 1747
13 1 -1
18 97 36 94 37 881 1744 887 1750
14 1 -1
19 28 80 29 80 882 1745 883 1746
15 3 -1
20 84 33 86 33 883 1746 885 1748
16 3 -1
21 97 20 98 21 884 1747 886 1749
17 3 -1
22 94 99 96 99 885 1748 889 1752
18 2 -1
24 97 35 98 35 887 1750 889 1752
19 0 -1
29 76 56 78 60 892 1755 898 1761
20 3 -1
30 96 56 96 57 893 1756 895 1758
21 3 -1
31 68 56 70 56 894 1757 896 1759
22 2 -1
33 39 99 42 97 896 1759 902 1765
23 1 -1
35 21 71 22 71 898 1761 899 1762
24 2 -1
36 41 27 41 27 899 1762 901 1764
25 0 -1
39 15 43 16 43 902 1765 903 1766
26 2 -1
40 94 36 94 36 903 1766 904 1767
27 3 -1
41 24 45 26 45 904 1767 906 1769
28 1 -1
42 65 17 66 17 905 1768 906 1769
29 2 -1
43 44 56 45 56 906 1769 907 1770
30 0 -1
45 3 53 5 53 908 1771 910 1773
31 1 -1
49 4 61 4 62 912 1775 915 1778
32 3 -1
52 23 86 30 86 915 1778 922 1785
33 0 -1
53 31 92 36 92 916 1779 921 1784
34 0 -1
54 96 69 97 69 917 1780 918 1781
35 3 -1
56 32 57 36 70 919 1782 936 1799
36 1 -1
57 5 22 7 22 920 1783 922 1785
37 2 -1
59 50 1 50 1 922 1785 923 1786
38 1 -1
61 83 40 83 40 924 1787 926 1789
39 3 -1
62 28 93 36 93 925 1788 933 1796
40 1 -1
64 22 72 31 72 927 1790 946 1809
41 3 -1
69 28 1 29 2 932 1795 934 1797
42 1 -1
71 58 67 65 68 934 1797 942 1805
43 1 -1
73 60 24 60 24 936 1799 941 1804
44 0 -1
76 29 21 30 23 939 1802 942 1805
45 1 -1
78 72 9 73 9 941 1804 943 1806
46 1 -1
80 92 43 93 45 943 1806 946 1809
47 0 -1
81 27 51 28 52 944 1807 946 1809
48 0 -1
82 10 19 14 21 945 1808 951 1814
49 0 -1
83 69 63 72 64 946 1809 951 1814
50 1 -1
84 70 73 71 73 947 1810 948 1811
51 0 -1
86 21 86 31 86 949 1812 959 1822
52 1 -1
87 20 2 20 2 950 1813 951 1814
53 1 -1
90 90 9 90 9 953 1816 954 1817
54 2 -1
91 64 0 66 2 954 1817 958 1821
55 2 -1
92 60 58 61 58 955 1818 956 1819
56 3 -1
93 22 43 24 43 956 1819 959 1822
57 0 -1
94 15 10 21 10 957 1820 963 1826
58 1 -1
96 31 25 31 25 959 1822 961 1824
59 2 -1
103 78 15 81 15 966 1829 969 1832
60 3 -1
105 38 35 40 35 968 1831 970 1833
61 3 -1
106 86 8 92 11 969 1832 979 1842
62 0 -1
107 67 97 68 99 970 1833 973 1836
63 1 -1
108 28 49 28 55 971 1834 979 1842
64 2 -1
110 89 75 97 75 973 1836 981 1844
65 3 -1
111 90 61 91 61 974 1837 975 1838
66 1 -1
114 75 52 81 52 977 1840 983 1846
67 1 -1
115 53 70 54 70 978 1841 983 1846
68 0 -1
116 85 78 94 80 979 1842 991 1854
69 1 -1
119 80 21 82 21 982 1845 985 1848
70 0 -1
120 19 48 20 48 983 1846 984 1847
71 1 -1
122 63 98 66 99 985 1848 989 1852
72 2 -1
123 47 57 49 57 986 1849 989 1852
73 3 -1
124 17 36 20 37 987 1850 991 1854
74 3 -1
127 42 13 43 13 990 1853 991 1854
75 1 -1
128 5 43 6 57 991 1854 1010 1873
76 2 -1
130 1 5 1 6 993 1856 994 1857
77 2 -1
132 66 53 78 55 995 1858 1010 1873
78 1 -1
134 13 84 13 84 997 1860 998 1861
79 1 -1
135 46 6 54 8 998 1861 1009 1872
80 1 -1
136 8 72 8 73 999 1862 1001 1864
81 1 -1
139 40 26 41 26 1002 1865 1003 1866
82 1 -1
140 28 47 31 48 1003 1866 1007 1870
83 3 -1
141 27 70 30 70 1004 1867 1009 1872
84 1 -1
144 66 20 66 22 1007 1870 1012 1875
85 0 -1
145 99 23 98 24 1008 1871 1010 1873
86 1 -1
146 14 62 15 62 1009 1872 1010 1873
87 2 -1
147 65 53 65 53 1010 1873 1011 1874
88 0 -1
148 77 71 78 71 1011 1874 1012 1875
89 2 -1
149 89 6 90 7 1012 1875 1014 1877
90 2 -1
150 57 62 61 64 1013 1876 1019 1882
91 1 -1
153 48 53 48 54 1016 1879 1017 1880
92 1 -1
154 48 21 51 21 1017 1880 1021 1884
93 1 -1
155 0 71 1 71 1018 1881 1019 1882
94 1 -1
156 33 34 37 34 1019 1882 1024 1887
95 0 -1
157 41 14 46 14 1020 1883 1025 1888
96 3 -1
160 28 1 30 4 1023 1886 1029 1892
97 0 -1
162 8 90 9 90 1025 1888 1026 1889
98 0 -1
163 92 71 93 71 1026 1889 1027 1890
99 0 -1
166 62 25 63 25 1029 1892 1031 1894
100 3 -1
167 20 34 22 35 1030 1893 1035 1898
101 0 -1
168 94 31 95 31 1031 1894 1033 1896
102 0 -1
169 71 29 75 29 1032 1895 1037 1900
103 2 -1
170 93 62 96 62 1033 1896 1038 1901
104 0 -1
172 78 44 78 47 1035 1898 1040 1903
105 0 -1
173 32 73 36 73 1036 1899 1041 1904
106 0 -1
174 27 28 29 28 1037 1900 1039 1902
107 2 -1
179 85 41 86 41 1042 1905 1043 1906
108 2 -1
183 41 45 44 45 1046 1909 1051 1914
109 0 -1
184 85 23 85 25 1047 1910 1049 1912
110 2 -1
185 5 58 7 58 1048 1911 1050 1913
111 0 -1
186 97 83 98 88 1049 1912 1058 1921
112 1 -1
187 42 0 45 3 1050 1913 1056 1919
113 1 -1
189 74 31 76 32 1052 1915 1057 1920
114 3 -1
190 23 11 25 12 1053 1916 1058 1921
115 2 -1
193 5 50 6 50 1056 1919 1057 1920
116 2 -1
196 42 72 43 72 1059 1922 1061 1924
117 0 -1
197 69 3 69 4 1060 1923 1061 1924
118 1 -1
198 67 52 82 52 1061 1924 1079 1942
119 3 -1
199 28 53 28 53 1062 1925 1063 1926
120 1 -1
200 72 79 72 81 1063 1926 1065 1928
121 3 -1
201 15 57 16 57 1064 1927 1065 1928
122 3 -1
204 10 25 10 26 1067 1930 1068 1931
123 3 -1
208 8 99 9 99 1071 1934 1072 1935
124 0 -1
209 31 34 31 35 1072 1935 1073 1936
125 0 -1
211 5 19 6 19 1074 1937 1077 1940
126 0 -1
212 20 53 22 53 1075 1938 1077 1940
127 2 -1
213 53 30 53 35 1076 1939 1084 1947
128 0 -1
214 49 15 49 17 1077 1940 1082 1945
129 0 -1
218 59 76 62 76 1081 1944 1088 1951
130 3 -1
219 82 83 84 83 1082 1945 1084 1947
131 0 -1
224 6 15 6 18 1087 1950 1090 1953
132 0 -1
225 7 14 8 15 1088 1951 1090 1953
133 1 -1
229 73 80 75 80 1092 1955 1098 1961
134 2 -1
230 18 7 18 8 1093 1956 1094 1957
135 0 -1
231 23 64 26 64 1094 1957 1097 1960
136 3 -1
236 67 21 68 22 1099 1962 1101 1964
137 2 -1
237 92 73 94 73 1100 1963 1102 1965
138 2 -1
240 56 60 67 60 1103 1966 1114 1977
139 3 -1
242 86 85 86 85 1105 1968 1107 1970
140 2 -1
244 42 50 44 52 1107 1970 1112 1975
141 0 -1
245 93 30 94 32 1108 1971 1114 1977
142 0 -1
246 6 70 8 71 1109 1972 1112 1975
143 1 -1
247 89 89 90 89 1110 1973 1113 1976
144 3 -1
248 29 27 30 28 1111 1974 1114 1977
145 0 -1
250 15 65 17 65 1113 1976 1115 1978
146 2 -1
251 45 20 46 22 1114 1977 1117 1980
147 1 -1
253 46 98 47 98 1116 1979 1117 1980
148 2 -1
255 54 64 56 64 1118 1981 1120 1983
149 3 -1
256 55 83 59 83 1119 1982 1123 1986
150 1 -1
257 73 17 77 17 1120 1983 1124 1987
151 2 -1
258 2 55 3 55 1121 1984 1122 1985
152 0 -1
260 89 44 91 44 1123 1986 1125 1988
153 3 -1
261 3 76 11 77 1124 1987 1136 1999
154 3 -1
266 23 93 27 93 1129 1992 1133 1996
155 3 -1
267 77 93 79 94 1130 1993 1133 1996
156 1 -1
268 40 83 42 83 1131 1994 1133 1996
157 3 -1
269 22 60 22 60 1132 1995 1133 1996
158 1 -1
271 19 82 24 83 1134 1997 1140 2003
159 1 -1
272 37 46 37 47 1135 1998 1136 1999
160 3 -1
274 90 59 94 68 1137 2000 1150 2013
161 3 -1
277 97 55 98 56 1140 2003 1142 2005
162 2 -1
278 16 12 18 15 1141 2004 1147 2010
163 0 -1
279 40 75 43 76 1142 2005 1146 2009
164 1 -1
280 87 98 87 100 1143 2006 1146 2009
165 2 -1
283 55 89 56 89 1146 2009 1147 2010
166 0 -1
285 3 40 6 40 1148 2011 1151 2014
167 1 -1
286 60 89 63 89 1149 2012 1152 2015
168 1 -1
289 29 82 31 83 1152 2015 1155 2018
169 0 -1
293 54 80 55 83 1156 2019 1160 2023
170 0 -1
294 15 84 16 84 1157 2020 1158 2021
171 2 -1
295 33 61 33 63 1158 2021 1160 2023
172 1 -1
296 61 87 61 90 1159 2022 1163 2026
173 2 -1
303 9 92 12 96 1166 2029 1175 2038
174 2 -1
305 43 95 43 95 1168 2031 1173 2036
175 3 -1
306 16 53 17 53 1169 2032 1170 2033
176 1 -1
307 16 77 16 79 1170 2033 1172 2035
177 2 -1
310 49 12 51 12 1173 2036 1177 2040
178 0 -1
311 38 89 39 92 1174 2037 1178 2041
179 2 -1
312 0 76 0 76 1175 2038 1184 2047
180 2 -1
313 57 45 57 45 1176 2039 1177 2040
181 1 -1
315 34 27 35 27 1178 2041 1180 2043
182 2 -1
320 68 71 73 81 1183 2046 1199 2062
183 2 -1
321 44 15 45 16 1184 2047 1187 2050
184 0 -1
323 24 44 31 50 1186 2049 1199 2062
185 0 -1
325 64 37 70 37 1188 2051 1196 2059
186 1 -1
326 62 14 63 14 1189 2052 1190 2053
187 0 -1
327 74 75 76 75 1190 2053 1193 2056
188 2 -1
328 82 96 87 96 1191 2054 1196 2059
189 2 -1
329 98 91 95 91 1192 2055 1195 2058
190 0 -1
330 74 84 75 86 1193 2056 1198 2061
191 2 -1
337 86 38 92 38 1200 2063 1213 2076
192 0 -1
340 82 97 85 97 1203 2066 1206 2069
193 2 -1
342 57 73 58 73 1205 2068 1206 2069
194 2 -1
343 5 60 8 60 1206 2069 1209 2072
195 0 -1
345 96 27 87 30 1208 2071 1220 2083
196 3 -1
349 6 23 7 23 1212 2075 1213 2076
197 2 -1
351 83 11 84 11 1214 2077 1215 2078
198 3 -1
354 87 13 92 13 1217 2080 1223 2086
199 2 -1
356 44 8 44 9 1219 2082 1220 2083
200 3 -1
357 5 58 7 60 1220 2083 1224 2087
201 0 -1
358 34 22 39 23 1221 2084 1228 2091
202 1 -1
359 8 25 9 26 1222 2085 1225 2088
203 2 -1
360 83 25 84 25 1223 2086 1225 2088
204 2 -1
361 95 33 95 36 1224 2087 1230 2093
205 0 -1
363 8 45 8 45 1226 2089 1227 2090
206 2 -1
364 79 69 79 69 1227 2090 1228 2091
207 0 -1
365 70 67 71 67 1228 2091 1230 2093
208 2 -1
367 40 61 44 61 1230 2093 1236 2099
209 1 -1
371 28 2 29 2 1234 2097 1235 2098
210 3 -1
372 45 8 45 14 1235 2098 1243 2106
211 1 -1
373 88 46 91 46 1236 2099 1239 2102
212 2 -1
374 79 39 80 39 1237 2100 1238 2101
213 2 -1
375 45 62 46 62 1238 2101 1239 2102
214 3 -1
377 96 91 97 91 1240 2103 1241 2104
215 0 -1
379 65 22 66 22 1242 2105 1243 2106
216 0 -1
380 40 39 40 40 1243 2106 1244 2107
217 0 -1
381 13 31 16 32 1244 2107 1249 2112
218 2 -1
382 83 22 85 22 1245 2108 1247 2110
219 3 -1
383 63 28 63 29 1246 2109 1247 2110
220 1 -1
388 67 45 68 45 1251 2114 1252 2115
221 1 -1
391 89 64 89 64 1254 2117 1256 2119
222 2 -1
392 24 34 26 34 1255 2118 1257 2120
223 3 -1
394 62 1 62 4 1257 2120 1260 2123
224 2 -1
396 24 81 28 82 1259 2122 1264 2127
225 0 -1
397 7 3 7 3 1260 2123 1261 2124
226 1 -1
400 48 14 50 14 1263 2126 1265 2128
227 0 -1
401 4 43 6 43 1264 2127 1266 2129
228 1 -1
403 11 21 13 22 1266 2129 1271 2134
229 0 -1
404 39 64 40 65 1267 2130 1269 2132
230 3 -1
407 41 62 42 62 1270 2133 1271 2134
231 1 -1
408 20 14 21 16 1271 2134 1274 2137
232 0 -1
411 55 13 55 14 1274 2137 1276 2139
233 3 -1
412 26 25 27 25 1275 2138 1276 2139
234 0 -1
414 11 86 11 87 1277 2140 1278 2141
235 0 -1
418 43 5 43 6 1281 2144 1282 2145
236 1 -1
420 30 12 31 12 1283 2146 1284 2147
237 2 -1
421 52 97 53 97 1284 2147 1286 2149
238 2 -1
423 87 47 87 48 1286 2149 1287 2150
239 3 -1
426 79 45 83 45 1289 2152 1294 2157
240 1 -1
428 35 46 37 46 1291 2154 1293 2156
241 2 -1
433 66 43 66 43 1296 2159 1298 2161
242 3 -1
437 59 42 59 42 1300 2163 1301 2164
243 0 -1
439 38 78 39 78 1302 2165 1304 2167
244 3 -1
441 19 52 24 52 1304 2167 1312 2175
245 3 -1
446 30 35 30 37 1309 2172 1313 2176
246 2 -1
448 63 69 63 72 1311 2174 1314 2177
247 0 -1
450 78 91 84 91 1313 2176 1321 2184
248 1 -1
452 70 27 70 29 1315 2178 1318 2181
249 0 -1
455 95 39 98 39 1318 2181 1321 2184
250 2 -1
460 4 25 6 28 1323 2186 1329 2192
251 2 -1
461 74 53 76 53 1324 2187 1326 2189
252 0 -1
462 24 97 24 99 1325 2188 1328 2191
253 3 -1
464 16 57 17 58 1327 2190 1329 2192
254 3 -1
469 21 45 21 45 1332 2195 1334 2197
255 0 -1
471 50 80 60 81 1334 2197 1345 2208
256 2 -1
475 73 17 74 17 1338 2201 1340 2203
257 3 -1
478 5 34 5 34 1341 2204 1345 2208
258 3 -1
479 41 21 42 21 1342 2205 1344 2207
259 1 -1
480 84 66 90 66 1343 2206 1351 2214
260 3 -1
481 27 21 32 22 1344 2207 1350 2213
261 0 -1
482 73 7 73 7 1345 2208 1346 2209
262 0 -1
484 52 82 56 82 1347 2210 1351 2214
263 0 -1
486 24 26 25 26 1349 2212 1352 2215
264 2 -1
488 57 96 57 99 1351 2214 1354 2217
265 2 -1
489 72 8 82 10 1352 2215 1365 2228
266 3 -1
491 20 13 22 13 1354 2217 1356 2219
267 0 -1
493 59 71 60 71 1356 2219 1357 2220
268 3 -1
496 63 37 63 37 1359 2222 1360 2223
269 1 -1
501 88 86 88 86 1364 2227 1366 2229
270 1 -1
502 74 14 78 14 1365 2228 1369 2232
271 2 -1
505 74 40 74 42 1368 2231 1370 2233
272 3 -1
506 32 83 37 83 1369 2232 1374 2237
273 3 -1
507 11 82 11 82 1370 2233 1371 2234
274 1 -1
509 4 30 4 30 1372 2235 1373 2236
275 0 -1
511 2 76 4 76 1374 2237 1376 2239
276 1 -1
512 52 42 53 42 1375 2238 1376 2239
277 1 -1
515 74 45 76 46 1378 2241 1381 2244
278 2 -1
516 9 63 19 63 1379 2242 1392 2255
279 1 -1
517 22 81 24 81 1380 2243 1384 2247
280 1 -1
518 9 59 11 59 1381 2244 1383 2246
281 2 -1
520 29 78 29 78 1383 2246 1384 2247
282 2 -1
522 38 38 47 38 1385 2248 1394 2257
283 0 -1
523 69 10 69 11 1386 2249 1387 2250
284 0 -1
525 65 42 66 43 1388 2251 1390 2253
285 3 -1
526 15 17 15 19 1389 2252 1391 2254
286 2 -1
528 34 57 39 57 1391 2254 1396 2259
287 0 -1
530 57 0 61 0 1393 2256 1397 2260
288 1 -1
533 15 50 17 50 1396 2259 1398 2261
289 2 -1
535 61 29 63 29 1398 2261 1401 2264
290 1 -1
536 44 57 46 57 1399 2262 1401 2264
291 2 -1
537 79 26 79 26 1400 2263 1401 2264
292 3 -1
538 3 39 6 39 1401 2264 1404 2267
293 1 -1
540 50 18 52 20 1403 2266 1407 2270
294 3 -1
541 89 32 90 33 1404 2267 1407 2270
295 0 -1
542 86 36 88 36 1405 2268 1413 2276
296 3 -1
543 51 29 53 29 1406 2269 1408 2271
297 0 -1
546 20 67 22 67 1409 2272 1411 2274
298 3 -1
547 36 98 36 99 1410 2273 1412 2275
299 0 -1
550 89 22 90 22 1413 2276 1414 2277
300 3 -1
552 14 88 16 88 1415 2278 1418 2281
301 3 -1
553 85 81 87 81 1416 2279 1418 2281
302 0 -1
555 1 91 3 92 1418 2281 1423 2286
303 3 -1
556 98 6 98 7 1419 2282 1421 2284
304 1 -1
558 36 18 37 18 1421 2284 1422 2285
305 1 -1
559 48 74 50 75 1422 2285 1427 2290
306 2 -1
560 23 76 24 77 1423 2286 1425 2288
307 2 -1
562 80 22 81 22 1425 2288 1426 2289
308 2 -1
565 59 56 61 56 1428 2291 1432 2295
309 0 -1
566 66 61 68 62 1429 2292 1433 2296
310 3 -1
567 97 39 98 39 1430 2293 1431 2294
311 2 -1
570 10 72 12 74 1433 2296 1437 2300
312 3 -1
572 43 53 43 55 1435 2298 1438 2301
313 3 -1
573 95 43 96 43 1436 2299 1439 2302
314 2 -1
575 45 6 47 6 1438 2301 1440 2303
315 1 -1
577 46 41 46 41 1440 2303 1441 2304
316 2 -1
578 22 78 22 79 1441 2304 1443 2306
317 2 -1
579 64 56 69 56 1442 2305 1447 2310
318 0 -1
580 15 41 16 41 1443 2306 1444 2307
319 3 -1
585 82 48 82 48 1448 2311 1451 2314
320 2 -1
588 69 79 73 79 1451 2314 1456 2319
321 1 -1
589 30 15 38 15 1452 2315 1467 2330
322 1 -1
592 37 36 38 36 1455 2318 1456 2319
323 1 -1
594 89 27 89 29 1457 2320 1459 2322
324 2 -1
595 48 84 57 87 1458 2321 1473 2336
325 0 -1
596 22 36 22 36 1459 2322 1463 2326
326 3 -1
597 26 27 27 27 1460 2323 1468 2331
327 0 -1
599 86 94 86 95 1462 2325 1470 2333
328 2 -1
600 18 52 19 52 1463 2326 1466 2329
329 3 -1
601 41 38 42 38 1464 2327 1466 2329
330 3 -1
603 5 57 5 58 1466 2329 1468 2331
331 0 -1
608 12 53 14 53 1471 2334 1474 2337
332 2 -1
609 14 45 15 45 1472 2335 1473 2336
333 0 -1
610 30 7 31 8 1473 2336 1478 2341
334 0 -1
611 17 21 18 22 1474 2337 1478 2341
335 1 -1
613 36 2 40 4 1476 2339 1484 2347
336 0 -1
614 86 96 90 98 1477 2340 1483 2346
337 1 -1
615 76 77 76 78 1478 2341 1479 2342
338 2 -1
616 62 90 64 90 1479 2342 1481 2344
339 1 -1
619 63 39 68 39 1482 2345 1487 2350
340 2 -1
620 49 0 51 0 1483 2346 1485 2348
341 0 -1
621 57 21 62 21 1484 2347 1489 2352
342 1 -1
622 27 82 29 83 1485 2348 1488 2351
343 2 -1
623 85 82 85 83 1486 2349 1488 2351
344 0 -1
624 30 80 31 80 1487 2350 1488 2351
345 0 -1
625 0 50 0 52 1488 2351 1490 2353
346 0 -1
628 76 71 77 71 1491 2354 1492 2355
347 2 -1
629 2 19 7 19 1492 2355 1497 2360
348 0 -1
630 85 46 86 46 1493 2356 1494 2357
349 3 -1
634 45 40 46 40 1497 2360 1498 2361
350 2 -1
635 80 40 80 40 1498 2361 1500 2363
351 1 -1
636 86 39 88 39 1499 2362 1501 2364
352 2 -1
637 7 32 9 32 1500 2363 1502 2365
353 3 -1
639 26 80 27 80 1502 2365 1503 2366
354 0 -1
640 94 66 96 66 1503 2366 1505 2368
355 2 -1
641 2 47 2 49 1504 2367 1506 2369
356 0 -1
643 13 89 16 89 1506 2369 1512 2375
357 2 -1
645 25 13 25 14 1508 2371 1510 2373
358 0 -1
646 78 30 79 31 1509 2372 1511 2374
359 3 -1
648 19 53 20 53 1511 2374 1512 2375
360 0 -1
649 36 68 45 68 1512 2375 1522 2385
361 1 -1
650 26 43 27 43 1513 2376 1514 2377
362 3 -1
651 28 22 31 23 1514 2377 1518 2381
363 2 -1
652 83 24 93 25 1515 2378 1530 2393
364 0 -1
653 44 86 44 86 1516 2379 1517 2380
365 3 -1
656 92 73 93 73 1519 2382 1520 2383
366 1 -1
662 23 75 23 77 1525 2388 1527 2390
367 2 -1
663 71 27 74 28 1526 2389 1534 2397
368 2 -1
664 70 19 71 19 1527 2390 1529 2392
369 0 -1
665 27 96 28 96 1528 2391 1529 2392
370 0 -1
666 95 79 97 79 1529 2392 1531 2394
371 2 -1
667 45 86 45 87 1530 2393 1533 2396
372 1 -1
669 96 77 96 77 1532 2395 1533 2396
373 2 -1
672 41 42 43 44 1535 2398 1539 2402
374 0 -1
673 26 58 28 58 1536 2399 1538 2401
375 2 -1
674 80 64 80 67 1537 2400 1541 2404
376 2 -1
675 32 57 37 57 1538 2401 1543 2406
377 2 -1
678 30 40 31 40 1541 2404 1542 2405
378 3 -1
679 55 96 57 97 1542 2405 1545 2408
379 2 -1
680 47 27 49 29 1543 2406 1549 2412
380 0 -1
681 18 20 18 20 1544 2407 1546 2409
381 2 -1
682 79 85 79 85 1545 2408 1547 2410
382 3 -1
684 26 87 26 87 1547 2410 1549 2412
383 0 -1
685 24 51 25 51 1548 2411 1553 2416
384 3 -1
687 87 77 87 79 1550 2413 1555 2418
385 3 -1
688 10 6 10 6 1551 2414 1553 2416
386 2 -1
689 79 43 79 45 1552 2415 1554 2417
387 3 -1
690 77 92 77 94 1553 2416 1555 2418
388 1 -1
691 43 17 45 17 1554 2417 1556 2419
389 1 -1
692 80 6 81 6 1555 2418 1557 2420
390 2 -1
694 91 46 92 48 1557 2420 1560 2423
391 2 -1
696 45 71 45 71 1559 2422 1561 2424
392 2 -1
698 0 4 3 4 1561 2424 1566 2429
393 1 -1
700 66 23 66 23 1563 2426 1564 2427
394 0 -1
701 48 79 48 79 1564 2427 1565 2428
395 3 -1
702 89 80 89 84 1565 2428 1572 2435
396 3 -1
703 4 6 6 6 1566 2429 1568 2431
397 0 -1
704 62 15 64 15 1567 2430 1569 2432
398 0 -1
705 86 75 90 75 1568 2431 1572 2435
399 0 -1
706 55 21 57 21 1569 2432 1571 2434
400 3 -1
707 7 64 7 65 1570 2433 1574 2437
401 1 -1
708 89 90 94 90 1571 2434 1578 2441
402 2 -1
710 88 98 91 98 1573 2436 1576 2439
403 3 -1
712 50 32 50 32 1575 2438 1576 2439
404 0 -1
714 75 57 76 57 1577 2440 1578 2441
405 0 -1
716 32 53 32 53 1579 2442 1580 2443
406 2 -1
718 66 54 70 56 1581 2444 1589 2452
407 2 -1
719 20 59 21 59 1582 2445 1583 2446
408 3 -1
720 46 14 48 14 1583 2446 1585 2448
409 3 -1
722 84 83 84 84 1585 2448 1587 2450
410 1 -1
724 95 34 97 34 1587 2450 1589 2452
411 3 -1
725 92 54 83 54 1588 2451 1599 2462
412 1 -1
726 61 20 61 23 1589 2452 1593 2456
413 0 -1
727 20 76 21 78 1590 2453 1593 2456
414 0 -1
728 42 24 44 26 1591 2454 1596 2459
415 2 -1
729 44 8 44 8 1592 2455 1593 2456
416 1 -1
731 13 34 14 34 1594 2457 1595 2458
417 0 -1
733 82 79 83 79 1596 2459 1598 2461
418 3 -1
734 95 39 97 39 1597 2460 1599 2462
419 2 -1
735 64 72 65 74 1598 2461 1601 2464
420 0 -1
736 38 21 40 21 1599 2462 1601 2464
421 3 -1
737 34 40 35 40 1600 2463 1603 2466
422 3 -1
742 92 18 94 18 1605 2468 1610 2473
423 2 -1
744 73 82 74 82 1607 2470 1609 2472
424 2 -1
745 67 95 68 98 1608 2471 1613 2476
425 1 -1
748 29 64 31 64 1611 2474 1613 2476
426 3 -1
750 65 17 66 17 1613 2476 1614 2477
427 3 -1
751 56 13 56 14 1614 2477 1615 2478
428 3 -1
752 53 92 53 92 1615 2478 1618 2481
429 1 -1
753 57 55 58 55 1616 2479 1617 2480
430 3 -1
754 48 23 54 23 1617 2480 1623 2486
431 2 -1
755 84 92 85 93 1618 2481 1620 2483
432 1 -1
757 27 90 27 91 1620 2483 1622 2485
433 0 -1
758 20 44 21 49 1621 2484 1629 2492
434 2 -1
759 60 89 61 90 1622 2485 1624 2487
435 0 -1
760 59 32 60 32 1623 2486 1624 2487
436 1 -1
766 74 61 76 61 1629 2492 1631 2494
437 2 -1
767 73 0 75 0 1630 2493 1632 2495
438 0 -1
768 25 53 27 53 1631 2494 1634 2497
439 1 -1
771 94 91 95 91 1634 2497 1635 2498
440 1 -1
772 67 76 67 77 1635 2498 1637 2500
441 0 -1
773 95 15 97 15 1636 2499 1639 2502
442 2 -1
775 70 58 73 58 1638 2501 1643 2506
443 0 -1
777 86 40 87 41 1640 2503 1642 2505
444 0 -1
778 76 44 78 44 1641 2504 1643 2506
445 1 -1
779 41 96 43 96 1642 2505 1645 2508
446 1 -1
781 76 35 77 35 1644 2507 1645 2508
447 2 -1
782 32 79 32 81 1645 2508 1649 2512
448 0 -1
784 22 22 24 22 1647 2510 1649 2512
449 3 -1
787 13 91 15 91 1650 2513 1652 2515
450 3 -1
788 19 35 20 35 1651 2514 1652 2515
451 0 -1
789 33 86 33 90 1652 2515 1656 2519
452 0 -1
790 44 72 45 73 1653 2516 1655 2518
453 0 -1
791 29 76 30 77 1654 2517 1659 2522
454 3 -1
793 42 39 43 39 1656 2519 1659 2522
455 1 -1
794 14 27 16 29 1657 2520 1661 2524
456 0 -1
795 0 13 1 14 1658 2521 1660 2523
457 0 -1
796 70 99 74 99 1659 2522 1663 2526
458 0 -1
797 15 24 16 24 1660 2523 1661 2524
459 0 -1
798 25 13 27 14 1661 2524 1664 2527
460 1 -1
799 56 59 56 61 1662 2525 1664 2527
461 1 -1
800 54 54 57 54 1663 2526 1668 2531
462 2 -1
802 65 46 66 46 1665 2528 1669 2532
463 3 -1
803 25 87 25 87 1666 2529 1668 2531
464 0 -1
805 64 61 68 61 1668 2531 1673 2536
465 0 -1
806 93 75 95 77 1669 2532 1678 2541
466 2 -1
807 94 27 95 27 1670 2533 1672 2535
467 0 -1
810 41 52 42 52 1673 2536 1674 2537
468 1 -1
813 88 42 88 42 1676 2539 1677 2540
469 3 -1
818 83 16 84 17 1681 2544 1683 2546
470 2 -1
820 52 72 54 73 1683 2546 1686 2549
471 0 -1
824 67 32 69 32 1687 2550 1689 2552
472 3 -1
825 22 50 25 50 1688 2551 1691 2554
473 1 -1
827 48 65 49 65 1690 2553 1691 2554
474 3 -1
828 11 41 14 47 1691 2554 1701 2564
475 0 -1
830 50 87 53 87 1693 2556 1696 2559
476 3 -1
831 86 75 87 75 1694 2557 1695 2558
477 1 -1
833 18 76 19 76 1696 2559 1698 2561
478 0 -1
834 32 4 32 6 1697 2560 1699 2562
479 3 -1
835 6 23 8 29 1698 2561 1708 2571
480 1 -1
839 95 78 95 78 1702 2565 1704 2567
481 2 -1
841 89 11 89 13 1704 2567 1708 2571
482 1 -1
842 64 84 66 84 1705 2568 1707 2570
483 0 -1
844 32 43 35 44 1707 2570 1712 2575
484 3 -1
845 84 13 84 13 1708 2571 1710 2573
485 1 -1
846 44 49 46 50 1709 2572 1715 2578
486 3 -1
847 47 75 48 75 1710 2573 1711 2574
487 3 -1
850 12 42 14 43 1713 2576 1716 2579
488 3 -1
851 82 73 83 76 1714 2577 1718 2581
489 1 -1
854 47 71 47 72 1717 2580 1718 2581
490 3 -1
856 35 35 37 35 1719 2582 1722 2585
491 0 -1
859 53 45 56 45 1722 2585 1727 2590
492 3 -1
860 5 48 5 48 1723 2586 1724 2587
493 0 -1
861 4 1 6 1 1724 2587 1726 2589
494 1 -1
864 54 89 55 89 1727 2590 1730 2593
495 3 -1
867 48 2 49 2 1730 2593 1731 2594
496 3 -1
868 16 40 17 41 1731 2594 1733 2596
497 2 -1
871 10 5 17 8 1734 2597 1750 2613
498 1 -1
873 9 97 11 97 1736 2599 1738 2601
499 3 -1
874 5 7 9 8 1737 2600 1742 2605
500 1 -1
875 85 39 86 40 1738 2601 1741 2604
501 1 -1
877 18 35 20 35 1740 2603 1743 2606
502 1 -1
878 7 10 7 12 1741 2604 1743 2606
503 2 -1
879 88 24 89 25 1742 2605 1744 2607
504 2 -1
880 96 23 97 25 1743 2606 1747 2610
505 1 -1
881 74 59 77 60 1744 2607 1750 2613
506 1 -1
882 8 64 10 64 1745 2608 1747 2610
507 0 -1
885 16 27 17 27 1748 2611 1749 2612
508 2 -1
887 81 64 83 65 1750 2613 1753 2616
509 1 -1
889 86 88 86 90 1752 2615 1755 2618
510 3 -1
891 97 50 98 50 1754 2617 1756 2619
511 3 -1
893 0 3 2 3 1756 2619 1758 2621
512 1 -1
894 32 94 34 95 1757 2620 1760 2623
513 3 -1
895 79 63 79 65 1758 2621 1761 2624
514 2 -1
896 26 21 28 21 1759 2622 1761 2624
515 1 -1
897 54 79 55 79 1760 2623 1761 2624
516 2 -1
898 40 1 42 1 1761 2624 1763 2626
517 0 -1
899 63 27 65 27 1762 2625 1764 2627
518 1 -1
900 31 68 36 69 1763 2626 1769 2632
519 3 -1
901 92 75 93 75 1764 2627 1766 2629
520 3 -1
902 37 60 37 60 1765 2628 1766 2629
521 3 -1
905 86 67 87 67 1768 2631 1769 2632
522 0 -1
910 62 88 63 88 1773 2636 1774 2637
523 2 -1
912 19 99 28 99 1775 2638 1785 2648
524 2 -1
914 87 6 87 9 1777 2640 1784 2647
525 0 -1
917 84 59 87 59 1780 2643 1784 2647
526 3 -1
919 75 73 77 73 1782 2645 1784 2647
527 3 -1
920 95 18 96 18 1783 2646 1786 2649
528 0 -1
921 30 26 31 26 1784 2647 1785 2648
529 2 -1
923 5 74 6 74 1786 2649 1787 2650
530 2 -1
925 87 55 87 58 1788 2651 1791 2654
531 1 -1
926 66 13 69 15 1789 2652 1798 2661
532 3 -1
927 82 71 84 72 1790 2653 1793 2656
533 3 -1
928 83 52 83 53 1791 2654 1792 2655
534 0 -1
929 60 44 61 44 1792 2655 1793 2656
535 0 -1
931 54 59 55 59 1794 2657 1796 2659
536 1 -1
933 94 4 99 4 1796 2659 1803 2666
537 2 -1
935 74 34 75 34 1798 2661 1800 2663
538 1 -1
936 48 48 48 48 1799 2662 1800 2663
539 3 -1
937 14 22 18 22 1800 2663 1804 2667
540 3 -1
938 65 65 66 67 1801 2664 1805 2668
541 0 -1
940 75 1 76 2 1803 2666 1805 2668
542 2 -1
942 88 44 88 45 1805 2668 1806 2669
543 1 -1
943 94 25 96 29 1806 2669 1813 2676
544 1 -1
944 23 46 24 46 1807 2670 1808 2671
545 3 -1
945 83 97 86 97 1808 2671 1811 2674
546 0 -1
947 66 23 74 24 1810 2673 1823 2686
547 2 -1
948 80 37 81 39 1811 2674 1814 2677
548 0 -1
950 65 42 66 42 1813 2676 1815 2678
549 3 -1
951 74 33 76 33 1814 2677 1816 2679
550 3 -1
954 91 14 92 14 1817 2680 1819 2682
551 3 -1
955 43 67 43 68 1818 2681 1819 2682
552 1 -1
957 1 2 4 2 1820 2683 1823 2686
553 3 -1
958 88 48 88 49 1821 2684 1822 2685
554 2 -1
963 78 40 79 41 1826 2689 1829 2692
555 2 -1
964 59 18 61 18 1827 2690 1829 2692
556 1 -1
966 78 89 80 89 1829 2692 1831 2694
557 1 -1
969 38 1 39 2 1832 2695 1834 2697
558 2 -1
972 94 41 95 41 1835 2698 1841 2704
559 0 -1
973 25 84 28 85 1836 2699 1840 2703
560 3 -1
974 56 89 58 90 1837 2700 1847 2710
561 0 -1
976 63 67 67 68 1839 2702 1844 2707
562 2 -1
979 63 46 65 48 1842 2705 1846 2709
563 2 -1
981 68 19 68 20 1844 2707 1845 2708
564 3 -1
983 82 8 83 10 1846 2709 1849 2712
565 1 -1
984 68 99 69 100 1847 2710 1853 2716
566 3 -1
987 6 87 7 88 1850 2713 1854 2717
567 3 -1
989 35 83 38 83 1852 2715 1855 2718
568 0 -1
990 83 11 86 11 1853 2716 1857 2720
569 0 -1
992 27 67 31 67 1855 2718 1859 2722
570 3 -1
993 54 41 55 42 1856 2719 1858 2721
571 1 -1
994 34 71 35 74 1857 2720 1861 2724
572 2 -1
996 87 71 88 72 1859 2722 1861 2724
573 1 -1
997 72 70 73 70 1860 2723 1862 2725
574 3 -1
998 74 31 75 31 1861 2724 1862 2725
575 1 -1
999 54 91 56 91 1862 2725 1864 2727
576 3 -1
1001 45 75 56 96 1864 2727 1913 2776
577 3 -1
1004 38 31 38 31 1867 2730 1869 2732
578 3 -1
1008 73 98 73 98 1871 2734 1872 2735
579 2 -1
1010 79 22 79 24 1873 2736 1875 2738
580 1 -1
1012 94 99 95 99 1875 2738 1876 2739
581 0 -1
1015 99 22 99 22 1878 2741 1879 2742
582 1 -1
1016 30 81 30 82 1879 2742 1880 2743
583 2 -1
1017 17 31 18 32 1880 2743 1883 2746
584 2 -1
1018 30 92 39 94 1881 2744 1895 2758
585 2 -1
1019 4 67 10 68 1882 2745 1892 2755
586 0 -1
1020 32 6 33 6 1883 2746 1886 2749
587 3 -1
1021 51 64 52 64 1884 2747 1885 2748
588 2 -1
1022 58 15 72 15 1885 2748 1899 2762
589 3 -1
1025 10 30 12 30 1888 2751 1893 2756
590 3 -1
1027 59 64 60 64 1890 2753 1891 2754
591 2 -1
1028 93 56 93 57 1891 2754 1892 2755
592 2 -1
1031 38 44 46 45 1894 2757 1903 2766
593 0 -1
1032 3 61 10 61 1895 2758 1902 2765
594 3 -1
1033 57 45 59 45 1896 2759 1900 2763
595 0 -1
1035 49 58 51 58 1898 2761 1900 2763
596 3 -1
1036 48 90 49 91 1899 2762 1901 2764
597 0 -1
1037 9 25 9 25 1900 2763 1901 2764
598 2 -1
1039 99 4 99 5 1902 2765 1903 2766
599 0 -1
1040 34 51 35 51 1903 2766 1904 2767
600 1 -1
1042 32 75 35 76 1905 2768 1916 2779
601 3 -1
1044 43 12 43 13 1907 2770 1908 2771
602 1 -1
1045 0 49 2 49 1908 2771 1911 2774
603 1 -1
1051 34 46 35 46 1914 2777 1915 2778
604 2 -1
1053 84 82 84 82 1916 2779 1917 2780
605 0 -1
1056 51 41 51 41 1919 2782 1921 2784
606 0 -1
1057 42 57 43 58 1920 2783 1922 2785
607 2 -1
1059 76 8 80 8 1922 2785 1926 2789
608 3 -1
1060 99 71 97 71 1923 2786 1928 2791
609 2 -1
1063 3 46 4 47 1926 2789 1929 2792
610 3 -1
1065 12 48 12 48 1928 2791 1931 2794
611 3 -1
1066 87 5 87 7 1929 2792 1931 2794
612 0 -1
1067 38 3 38 3 1930 2793 1931 2794
613 1 -1
1070 48 15 56 15 1933 2796 1945 2808
614 0 -1
1071 48 95 50 96 1934 2797 1939 2802
615 3 -1
1073 16 34 17 37 1936 2799 1951 2814
616 0 -1
1074 70 16 71 16 1937 2800 1938 2801
617 0 -1
1075 17 74 20 74 1938 2801 1941 2804
618 1 -1
1078 0 95 4 95 1941 2804 1945 2808
619 3 -1
1082 45 47 46 47 1945 2808 1946 2809
620 0 -1
1083 19 50 20 51 1946 2809 1948 2811
621 1 -1
1084 49 35 51 37 1947 2810 1953 2816
622 3 -1
1085 14 88 15 90 1948 2811 1951 2814
623 0 -1
1086 74 50 77 50 1949 2812 1953 2816
624 0 -1
1090 57 34 57 35 1953 2816 1954 2817
625 3 -1
1091 82 7 82 8 1954 2817 1955 2818
626 0 -1
1092 12 2 12 3 1955 2818 1956 2819
627 3 -1
1095 15 31 18 31 1958 2821 1961 2824
628 2 -1
1097 79 27 80 29 1960 2823 1963 2826
629 2 -1
1098 34 79 37 80 1961 2824 1965 2828
630 3 -1
1099 17 45 20 45 1962 2825 1967 2830
631 3 -1
1100 76 49 77 49 1963 2826 1968 2831
632 3 -1
1102 1 21 2 22 1965 2828 1968 2831
633 2 -1
1103 12 25 16 25 1966 2829 1973 2836
634 0 -1
1104 57 10 57 10 1967 2830 1968 2831
635 0 -1
1105 3 95 4 95 1968 2831 1969 2832
636 3 -1
1107 25 62 28 62 1970 2833 1980 2843
637 3 -1
1109 67 69 68 71 1972 2835 1975 2838
638 2 -1
1111 85 61 87 61 1974 2837 1976 2839
639 1 -1
1113 97 14 98 14 1976 2839 1977 2840
640 1 -1
1114 18 85 19 85 1977 2840 1978 2841
641 2 -1
1115 63 1 66 1 1978 2841 1981 2844
642 0 -1
1116 19 18 29 18 1979 2842 1990 2853
643 3 -1
1118 22 2 22 2 1981 2844 1983 2846
644 0 -1
1120 90 2 92 2 1983 2846 1985 2848
645 3 -1
1121 17 36 18 36 1984 2847 1985 2848
646 3 -1
1122 74 65 77 65 1985 2848 1988 2851
647 1 -1
1124 2 94 7 94 1987 2850 1994 2857
648 0 -1
1125 96 96 96 96 1988 2851 1990 2853
649 1 -1
1126 12 28 13 39 1989 2852 2001 2864
650 1 -1
1129 81 84 81 85 1992 2855 1993 2856
651 0 -1
1130 83 23 84 23 1993 2856 1994 2857
652 3 -1
1132 69 64 69 64 1995 2858 1997 2860
653 0 -1
1133 26 48 28 48 1996 2859 1999 2862
654 3 -1
1137 52 81 54 82 2000 2863 2004 2867
655 2 -1
1138 72 66 72 66 2001 2864 2002 2865
656 1 -1
1139 32 53 32 54 2002 2865 2003 2866
657 2 -1
1141 21 56 23 56 2004 2867 2006 2869
658 3 -1
1142 11 81 11 84 2005 2868 2008 2871
659 0 -1
1144 23 40 23 41 2007 2870 2010 2873
660 1 -1
1147 49 73 49 73 2010 2873 2011 2874
661 1 -1
1150 30 61 31 61 2013 2876 2014 2877
662 1 -1
1151 98 37 98 38 2014 2877 2016 2879
663 3 -1
1154 20 75 20 76 2017 2880 2018 2881
664 2 -1
1156 48 50 50 50 2019 2882 2021 2884
665 3 -1
1157 29 81 30 81 2020 2883 2025 2888
666 1 -1
1158 25 7 29 7 2021 2884 2025 2888
667 2 -1
1159 36 42 37 42 2022 2885 2024 2887
668 1 -1
1164 10 0 11 2 2027 2890 2030 2893
669 1 -1
1166 75 14 75 17 2029 2892 2032 2895
670 1 -1
1169 37 72 37 74 2032 2895 2035 2898
671 1 -1
1170 39 28 41 29 2033 2896 2036 2899
672 1 -1
1171 35 75 39 79 2034 2897 2043 2906
673 2 -1
1172 89 17 89 18 2035 2898 2036 2899
674 2 -1
1174 49 37 55 38 2037 2900 2044 2907
675 3 -1
1175 69 72 71 72 2038 2901 2041 2904
676 0 -1
1176 18 72 19 72 2039 2902 2041 2904
677 3 -1
1177 13 19 13 19 2040 2903 2042 2905
678 3 -1
1179 56 35 56 35 2042 2905 2043 2906
679 1 -1
1186 88 81 88 82 2049 2912 2051 2914
680 1 -1
1187 41 83 42 84 2050 2913 2052 2915
681 3 -1
1188 17 42 18 42 2051 2914 2052 2915
682 3 -1
1190 70 50 71 50 2053 2916 2054 2917
683 3 -1
1191 0 66 0 67 2054 2917 2056 2919
684 0 -1
1194 33 69 33 70 2057 2920 2059 2922
685 1 -1
1195 97 99 97 99 2058 2921 2061 2924
686 3 -1
1197 92 38 95 38 2060 2923 2063 2926
687 1 -1
1198 59 87 59 87 2061 2924 2065 2928
688 0 -1
1201 14 83 16 83 2064 2927 2069 2932
689 1 -1
1202 32 17 33 17 2065 2928 2066 2929
690 1 -1
1203 70 7 71 7 2066 2929 2067 2930
691 2 -1
1205 21 28 23 28 2068 2931 2071 2934
692 0 -1
1207 10 20 14 20 2070 2933 2074 2937
693 0 -1
1208 7 34 9 34 2071 2934 2073 2936
694 0 -1
1209 95 33 96 33 2072 2935 2073 2936
695 3 -1
1211 72 69 76 69 2074 2937 2078 2941
696 2 -1
1214 85 72 87 76 2077 2940 2083 2946
697 0 -1
1217 82 55 83 56 2080 2943 2082 2945
698 3 -1
1218 45 24 45 25 2081 2944 2082 2945
699 3 -1
1219 87 59 93 59 2082 2945 2089 2952
700 3 -1
1220 33 95 34 95 2083 2946 2084 2947
701 3 -1
1222 33 82 36 82 2085 2948 2088 2951
702 3 -1
1223 42 90 43 91 2086 2949 2090 2953
703 0 -1
1226 43 92 46 92 2089 2952 2092 2955
704 2 -1
1227 5 27 5 27 2090 2953 2091 2954
705 2 -1
1229 74 10 74 10 2092 2955 2093 2956
706 0 -1
1230 67 31 70 32 2093 2956 2098 2961
707 3 -1
1231 15 19 16 19 2094 2957 2095 2958
708 0 -1
1233 45 5 45 6 2096 2959 2098 2961
709 3 -1
1235 10 55 10 56 2098 2961 2099 2962
710 2 -1
1236 38 67 42 67 2099 2962 2104 2967
711 0 -1
1237 73 95 76 96 2100 2963 2105 2968
712 3 -1
1238 79 89 80 93 2101 2964 2106 2969
713 2 -1
1240 6 43 8 45 2103 2966 2107 2970
714 2 -1
1241 59 87 60 87 2104 2967 2105 2968
715 1 -1
1242 53 99 57 94 2105 2968 2118 2981
716 2 -1
1243 28 59 28 59 2106 2969 2108 2971
717 3 -1
1244 73 63 77 66 2107 2970 2114 2977
718 0 -1
1246 6 97 9 91 2109 2972 2118 2981
719 0 -1
1250 17 13 18 13 2113 2976 2114 2977
720 0 -1
1254 29 33 36 33 2117 2980 2124 2987
721 0 -1
1255 76 45 79 46 2118 2981 2122 2985
722 0 -1
1258 82 54 82 63 2121 2984 2137 3000
723 1 -1
1259 72 29 83 31 2122 2985 2140 3003
724 1 -1
1260 91 88 97 88 2123 2986 2129 2992
725 1 -1
1261 28 28 32 30 2124 2987 2131 2994
726 3 -1
1263 70 13 73 15 2126 2989 2133 2996
727 1 -1
1264 97 55 94 56 2127 2990 2131 2994
728 3 -1
1265 82 66 83 66 2128 2991 2130 2993
729 1 -1
1266 62 33 62 34 2129 2992 2130 2993
730 0 -1
1268 4 27 5 29 2131 2994 2134 2997
731 2 -1
1276 6 8 7 8 2139 3002 2140 3003
732 2 -1
1277 4 19 9 19 2140 3003 2145 3008
733 1 -1
1281 96 8 98 8 2144 3007 2146 3009
734 1 -1
1284 2 12 3 13 2147 3010 2149 3012
735 0 -1
1287 10 99 12 99 2150 3013 2154 3017
736 3 -1
1290 51 66 55 69 2153 3016 2160 3023
737 3 -1
1291 79 60 79 60 2154 3017 2157 3020
738 2 -1
1292 19 34 42 35 2155 3018 2181 3044
739 0 -1
1297 11 68 13 69 2160 3023 2163 3026
740 3 -1
1298 47 92 48 92 2161 3024 2162 3025
741 3 -1
1299 12 65 14 65 2162 3025 2165 3028
742 1 -1
1300 92 32 94 32 2163 3026 2165 3028
743 1 -1
1307 13 2 14 2 2170 3033 2171 3034
744 2 -1
1309 4 8 6 8 2172 3035 2174 3037
745 0 -1
1312 70 40 70 42 2175 3038 2177 3040
746 2 -1
1313 81 36 81 37 2176 3039 2177 3040
747 3 -1
1314 15 49 17 49 2177 3040 2181 3044
748 3 -1
1315 23 37 25 39 2178 3041 2183 3046
749 3 -1
1316 77 30 78 30 2179 3042 2181 3044
750 1 -1
1317 85 36 86 36 2180 3043 2182 3045
751 2 -1
1318 3 81 4 82 2181 3044 2184 3047
752 1 -1
1319 96 29 97 30 2182 3045 2184 3047
753 2 -1
1320 89 88 90 88 2183 3046 2184 3047
754 0 -1
1321 55 63 57 63 2184 3047 2186 3049
755 1 -1
1323 99 2 99 2 2186 3049 2188 3051
756 0 -1
1324 7 48 9 50 2187 3050 2192 3055
757 3 -1
1325 65 44 66 46 2188 3051 2194 3057
758 3 -1
1326 84 40 85 40 2189 3052 2190 3053
759 3 -1
1327 82 92 86 94 2190 3053 2200 3063
760 3 -1
1329 8 37 10 37 2192 3055 2194 3057
761 2 -1
1332 89 86 91 86 2195 3058 2197 3060
762 3 -1
1333 6 0 6 0 2196 3059 2197 3060
763 1 -1
1335 48 57 51 65 2198 3061 2214 3077
764 1 -1
1336 23 5 24 5 2199 3062 2200 3063
765 2 -1
1338 47 74 50 74 2201 3064 2204 3067
766 2 -1
1340 59 19 62 22 2203 3066 2210 3073
767 1 -1
1342 57 41 58 43 2205 3068 2208 3071
768 3 -1
1344 90 27 92 27 2207 3070 2209 3072
769 0 -1
1345 61 5 62 5 2208 3071 2209 3072
770 0 -1
1347 19 65 19 65 2210 3073 2213 3076
771 3 -1
1348 27 5 27 10 2211 3074 2216 3079
772 1 -1
1349 94 11 99 11 2212 3075 2218 3081
773 2 -1
1354 74 94 75 96 2217 3080 2220 3083
774 0 -1
1355 98 19 96 21 2218 3081 2223 3086
775 2 -1
1359 90 40 94 41 2222 3085 2227 3090
776 3 -1
1362 99 97 97 97 2225 3088 2227 3090
777 3 -1
1365 92 15 93 15 2228 3091 2229 3092
778 0 -1
1368 36 70 36 70 2231 3094 2233 3096
779 0 -1
1369 15 82 32 84 2232 3095 2267 3130
780 3 -1
1370 45 37 45 37 2233 3096 2235 3098
781 3 -1
1372 27 23 31 24 2235 3098 2240 3103
782 2 -1
1374 0 44 1 45 2237 3100 2239 3102
783 1 -1
1375 53 68 59 68 2238 3101 2245 3108
784 2 -1
1376 17 58 17 58 2239 3102 2240 3103
785 0 -1
1377 42 20 44 20 2240 3103 2243 3106
786 3 -1
1378 31 58 32 58 2241 3104 2242 3105
787 1 -1
1379 15 9 16 11 2242 3105 2246 3109
788 0 -1
1381 44 3 47 3 2244 3107 2247 3110
789 2 -1
1382 7 42 8 42 2245 3108 2248 3111
790 2 -1
1383 32 50 33 50 2246 3109 2248 3111
791 0 -1
1385 71 96 77 96 2248 3111 2254 3117
792 1 -1
1386 23 65 26 65 2249 3112 2252 3115
793 0 -1
1387 84 83 84 85 2250 3113 2261 3124
794 2 -1
1388 89 34 90 34 2251 3114 2254 3117
795 0 -1
1389 39 19 41 19 2252 3115 2254 3117
796 3 -1
1390 12 8 14 8 2253 3116 2255 3118
797 3 -1
1391 84 18 85 18 2254 3117 2256 3119
798 1 -1
1393 73 51 73 51 2256 3119 2258 3121
799 3 -1
1395 9 27 14 27 2258 3121 2266 3129
800 3 -1
1396 5 25 5 25 2259 3122 2260 3123
801 1 -1
1400 93 36 95 36 2263 3126 2266 3129
802 3 -1
1401 19 52 20 52 2264 3127 2267 3130
803 1 -1
1402 33 22 35 22 2265 3128 2272 3135
804 0 -1
1403 18 4 18 5 2266 3129 2268 3131
805 3 -1
1406 79 44 79 45 2269 3132 2270 3133
806 1 -1
1411 5 50 7 50 2274 3137 2276 3139
807 1 -1
1412 79 74 85 74 2275 3138 2281 3144
808 1 -1
1413 80 75 80 76 2276 3139 2277 3140
809 3 -1
1414 90 0 90 0 2277 3140 2279 3142
810 0 -1
1415 51 38 53 38 2278 3141 2280 3143
811 1 -1
1417 36 6 37 6 2280 3143 2281 3144
812 1 -1
1418 36 8 38 9 2281 3144 2286 3149
813 3 -1
1419 50 75 50 80 2282 3145 2289 3152
814 2 -1
1420 82 37 88 37 2283 3146 2291 3154
815 0 -1
1423 3 9 3 10 2286 3149 2287 3150
816 1 -1
1426 50 48 51 48 2289 3152 2291 3154
817 0 -1
1428 64 31 66 31 2291 3154 2294 3157
818 0 -1
1429 31 30 32 31 2292 3155 2294 3157
819 0 -1
1430 74 17 74 17 2293 3156 2294 3157
820 3 -1
1431 18 14 18 17 2294 3157 2297 3160
821 1 -1
1432 92 34 92 34 2295 3158 2296 3159
822 3 -1
1434 87 16 87 16 2297 3160 2298 3161
823 0 -1
1435 6 20 7 23 2298 3161 2305 3168
824 1 -1
1436 37 77 38 78 2299 3162 2301 3164
825 2 -1
1438 70 20 74 20 2301 3164 2305 3168
826 0 -1
1439 63 95 63 95 2302 3165 2303 3166
827 1 -1
1440 89 37 90 38 2303 3166 2306 3169
828 2 -1
1441 77 87 80 91 2304 3167 2311 3174
829 0 -1
1442 38 17 40 17 2305 3168 2307 3170
830 2 -1
1443 94 6 98 7 2306 3169 2311 3174
831 2 -1
1444 86 15 86 16 2307 3170 2309 3172
832 1 -1
1446 85 91 90 92 2309 3172 2315 3178
833 2 -1
1447 94 16 95 16 2310 3173 2312 3175
834 3 -1
1448 53 46 53 46 2311 3174 2313 3176
835 3 -1
1452 0 77 1 77 2315 3178 2316 3179
836 3 -1
1454 79 14 79 17 2317 3180 2321 3184
837 0 -1
1455 96 48 97 49 2318 3181 2320 3183
838 2 -1
1456 84 26 84 26 2319 3182 2320 3183
839 2 -1
1457 52 66 54 68 2320 3183 2326 3189
840 3 -1
1458 36 94 43 96 2321 3184 2331 3194
841 3 -1
1461 19 50 20 52 2324 3187 2327 3190
842 1 -1
1462 80 15 84 15 2325 3188 2329 3192
843 3 -1
1463 40 78 41 78 2326 3189 2328 3191
844 3 -1
1465 51 88 51 90 2328 3191 2330 3193
845 3 -1
1466 36 73 37 74 2329 3192 2331 3194
846 3 -1
1468 31 20 31 20 2331 3194 2332 3195
847 0 -1
1469 47 16 50 18 2332 3195 2337 3200
848 3 -1
1470 55 86 56 86 2333 3196 2334 3197
849 3 -1
1472 43 43 46 45 2335 3198 2340 3203
850 2 -1
1473 69 90 74 90 2336 3199 2341 3204
851 1 -1
1474 83 94 92 96 2337 3200 2348 3211
852 1 -1
1475 37 14 38 15 2338 3201 2340 3203
853 0 -1
1478 97 59 98 62 2341 3204 2347 3210
854 2 -1
1479 68 81 68 83 2342 3205 2344 3207
855 0 -1
1481 52 14 52 14 2344 3207 2346 3209
856 2 -1
1483 42 28 45 35 2346 3209 2357 3220
857 1 -1
1486 1 77 2 78 2349 3212 2354 3217
858 0 -1
1487 23 31 25 32 2350 3213 2354 3217
859 3 -1
1493 53 29 55 29 2356 3219 2358 3221
860 1 -1
1495 88 82 88 82 2358 3221 2359 3222
861 2 -1
1496 57 64 60 64 2359 3222 2363 3226
862 1 -1
1497 9 93 13 93 2360 3223 2364 3227
863 3 -1
1499 79 58 80 59 2362 3225 2364 3227
864 0 -1
1500 31 39 32 40 2363 3226 2365 3228
865 0 -1
1501 50 50 58 50 2364 3227 2372 3235
866 3 -1
1502 79 47 79 48 2365 3228 2369 3232
867 0 -1
1504 55 75 63 80 2367 3230 2380 3243
868 2 -1
1505 46 2 46 7 2368 3231 2378 3241
869 0 -1
1506 5 41 6 42 2369 3232 2371 3234
870 0 -1
1507 49 99 52 99 2370 3233 2373 3236
871 1 -1
1508 14 87 19 87 2371 3234 2377 3240
872 2 -1
1509 63 87 63 88 2372 3235 2373 3236
873 2 -1
1511 71 70 73 70 2374 3237 2376 3239
874 0 -1
1513 38 90 40 91 2376 3239 2381 3244
875 1 -1
1515 86 99 87 99 2378 3241 2379 3242
876 1 -1
1516 24 54 27 54 2379 3242 2382 3245
877 3 -1
1517 33 93 36 93 2380 3243 2383 3246
878 2 -1
1518 45 46 46 47 2381 3244 2384 3247
879 2 -1
1519 38 69 39 69 2382 3245 2383 3246
880 1 -1
1521 80 43 84 43 2384 3247 2388 3251
881 2 -1
1522 73 56 73 57 2385 3248 2387 3250
882 3 -1
1523 92 44 94 44 2386 3249 2388 3251
883 0 -1
1527 95 9 96 11 2390 3253 2394 3257
884 2 -1
1528 14 2 15 2 2391 3254 2392 3255
885 1 -1
1533 24 83 25 83 2396 3259 2397 3260
886 2 -1
1534 32 93 34 96 2397 3260 2406 3269
887 2 -1
1535 16 97 16 99 2398 3261 2401 3264
888 2 -1
1536 31 51 33 51 2399 3262 2401 3264
889 3 -1
1538 96 56 96 60 2401 3264 2405 3268
890 1 -1
1540 94 60 94 60 2403 3266 2404 3267
891 2 -1
1543 72 20 74 20 2406 3269 2409 3272
892 2 -1
1544 36 44 37 44 2407 3270 2409 3272
893 2 -1
1545 89 98 89 98 2408 3271 2410 3273
894 0 -1
1547 65 37 68 39 2410 3273 2415 3278
895 0 -1
1550 51 31 51 31 2413 3276 2415 3278
896 3 -1
1551 14 62 16 62 2414 3277 2416 3279
897 3 -1
1552 71 76 73 77 2415 3278 2420 3283
898 0 -1
1554 88 49 91 50 2417 3280 2421 3284
899 3 -1
1555 53 54 54 55 2418 3281 2420 3283
900 1 -1
1556 80 56 80 58 2419 3282 2421 3284
901 3 -1
1559 41 18 46 19 2422 3285 2428 3291
902 1 -1
1560 8 39 8 42 2423 3286 2429 3292
903 0 -1
1562 98 94 96 94 2425 3288 2427 3290
904 3 -1
1563 27 68 36 69 2426 3289 2436 3299
905 2 -1
1564 57 16 57 16 2427 3290 2429 3292
906 0 -1
1566 81 8 82 9 2429 3292 2431 3294
907 0 -1
1567 12 85 12 88 2430 3293 2434 3297
908 3 -1
1573 2 80 3 82 2436 3299 2444 3307
909 0 -1
1575 89 81 89 82 2438 3301 2439 3302
910 2 -1
1576 60 16 61 16 2439 3302 2441 3304
911 3 -1
1577 69 45 69 45 2440 3303 2442 3305
912 0 -1
1579 64 19 65 21 2442 3305 2445 3308
913 1 -1
1580 12 88 12 88 2443 3306 2445 3308
914 3 -1
1582 5 12 5 12 2445 3308 2446 3309
915 2 -1
1584 5 23 5 23 2447 3310 2448 3311
916 0 -1
1587 83 17 89 19 2450 3313 2462 3325
917 3 -1
1588 42 41 45 41 2451 3314 2455 3318
918 1 -1
1589 64 42 66 42 2452 3315 2454 3317
919 0 -1
1590 30 17 31 17 2453 3316 2456 3319
920 1 -1
1591 49 32 54 32 2454 3317 2459 3322
921 2 -1
1593 5 25 8 26 2456 3319 2460 3323
922 3 -1
1594 70 42 70 44 2457 3320 2459 3322
923 1 -1
1596 44 22 44 22 2459 3322 2461 3324
924 1 -1
1598 44 22 45 22 2461 3324 2462 3325
925 3 -1
1599 36 36 38 37 2462 3325 2466 3329
926 1 -1
1600 39 82 39 82 2463 3326 2464 3327
927 2 -1
1603 31 40 31 40 2466 3329 2467 3330
928 0 -1
1606 34 60 34 60 2469 3332 2471 3334
929 0 -1
1608 92 51 92 52 2471 3334 2472 3335
930 3 -1
1609 0 7 1 7 2472 3335 2474 3337
931 2 -1
1610 88 66 89 66 2473 3336 2474 3337
932 3 -1
1611 9 70 11 70 2474 3337 2476 3339
933 2 -1
1613 31 4 31 4 2476 3339 2478 3341
934 0 -1
1615 52 50 52 51 2478 3341 2479 3342
935 3 -1
1618 49 17 52 17 2481 3344 2484 3347
936 2 -1
1620 32 69 36 70 2483 3346 2488 3351
937 3 -1
1621 56 71 58 73 2484 3347 2491 3354
938 0 -1
1623 22 52 26 53 2486 3349 2491 3354
939 1 -1
1624 49 44 49 44 2487 3350 2488 3351
940 1 -1
1625 77 70 80 70 2488 3351 2491 3354
941 3 -1
1626 48 76 50 76 2489 3352 2491 3354
942 3 -1
1627 92 40 96 40 2490 3353 2503 3366
943 0 -1
1629 16 41 16 41 2492 3355 2493 3356
944 1 -1
1631 19 85 20 85 2494 3357 2496 3359
945 2 -1
1633 93 25 97 27 2496 3359 2506 3369
946 0 -1
1634 52 66 53 67 2497 3360 2499 3362
947 1 -1
1637 97 77 97 78 2500 3363 2501 3364
948 2 -1
1638 54 50 55 52 2501 3364 2504 3367
949 2 -1
1640 49 11 57 13 2503 3366 2513 3376
950 2 -1
1641 46 11 47 12 2504 3367 2507 3370
951 2 -1
1642 29 73 33 73 2505 3368 2509 3372
952 0 -1
1645 80 94 80 94 2508 3371 2509 3372
953 2 -1
1648 71 58 72 58 2511 3374 2513 3376
954 1 -1
1649 34 91 36 91 2512 3375 2514 3377
955 3 -1
1650 84 96 85 96 2513 3376 2514 3377
956 3 -1
1656 73 60 74 63 2519 3382 2523 3386
957 1 -1
1657 88 55 91 55 2520 3383 2523 3386
958 0 -1
1659 81 31 85 31 2522 3385 2526 3389
959 0 -1
1660 84 5 88 5 2523 3386 2527 3390
960 0 -1
1661 38 24 40 26 2524 3387 2531 3394
961 0 -1
1662 65 77 70 79 2525 3388 2532 3395
962 0 -1
1663 83 74 88 76 2526 3389 2533 3396
963 1 -1
1664 25 60 27 60 2527 3390 2529 3392
964 0 -1
1665 81 87 81 88 2528 3391 2529 3392
965 1 -1
1668 13 32 14 33 2531 3394 2534 3397
966 3 -1
1671 76 22 81 22 2534 3397 2542 3405
967 3 -1
1672 44 85 45 85 2535 3398 2536 3399
968 0 -1
1673 10 6 12 9 2536 3399 2541 3404
969 2 -1
1675 62 60 62 61 2538 3401 2539 3402
970 2 -1
1676 27 66 29 66 2539 3402 2542 3405
971 1 -1
1678 96 40 97 40 2541 3404 2544 3407
972 1 -1
1679 75 59 76 65 2542 3405 2549 3412
973 1 -1
1680 12 61 13 62 2543 3406 2547 3410
974 0 -1
1683 60 87 62 90 2546 3409 2553 3416
975 1 -1
1685 48 20 50 20 2548 3411 2551 3414
976 0 -1
1686 19 45 28 46 2549 3412 2559 3422
977 3 -1
1687 21 31 21 33 2550 3413 2554 3417
978 3 -1
1688 80 35 85 35 2551 3414 2557 3420
979 0 -1
1690 53 69 57 69 2553 3416 2557 3420
980 2 -1
1691 7 28 7 30 2554 3417 2556 3419
981 3 -1
1692 62 18 63 20 2555 3418 2558 3421
982 2 -1
1694 50 25 50 25 2557 3420 2558 3421
983 2 -1
1695 34 94 35 96 2558 3421 2562 3425
984 2 -1
1696 94 80 97 80 2559 3422 2562 3425
985 2 -1
1697 19 23 20 23 2560 3423 2562 3425
986 1 -1
1698 10 57 12 57 2561 3424 2563 3426
987 2 -1
1700 87 97 88 98 2563 3426 2565 3428
988 2 -1
1702 69 50 70 55 2565 3428 2579 3442
989 2 -1
1703 36 83 36 83 2566 3429 2567 3430
990 3 -1
1704 95 61 98 61 2567 3430 2570 3433
991 0 -1
1709 74 71 76 72 2572 3435 2575 3438
992 0 -1
1712 36 48 38 48 2575 3438 2578 3441
993 1 -1
1714 28 65 29 65 2577 3440 2578 3441
994 2 -1
1717 89 50 91 50 2580 3443 2584 3447
995 2 -1
1718 15 96 16 97 2581 3444 2583 3446
996 3 -1
1720 97 87 93 88 2583 3446 2589 3452
997 0 -1
1722 92 16 93 16 2585 3448 2586 3449
998 1 -1
1723 43 78 43 80 2586 3449 2588 3451
999 0 -1
1725 47 14 48 15 2588 3451 2590 3453
1000 3 -1
1726 14 52 17 52 2589 3452 2592 3455
