100 100 3455
16
0 18 60
1 16 3
2 23 32
3 66 24
4 33 59
5 9 36
6 30 92
7 55 88
8 52 24
9 39 26
10 15 78
11 87 20
12 10 72
13 1 85
14 74 4
15 37 26
48
0 0 132 100 6
0
1 0 276 100 6
0
2 0 409 100 6
0
3 1 126 100 6
0
4 1 245 100 6
0
5 1 364 100 6
0
6 2 125 100 6
0
7 2 253 100 6
0
8 2 380 100 6
0
9 3 115 100 6
0
10 3 247 100 6
0
11 3 368 100 6
0
12 4 117 100 6
0
13 4 245 100 6
0
14 4 366 100 6
0
15 5 131 100 6
0
16 5 256 100 6
0
17 5 378 100 6
0
18 6 130 100 6
0
19 6 270 100 6
0
20 6 400 100 6
0
21 7 121 100 6
0
22 7 262 100 6
0
23 7 378 100 6
0
24 8 133 100 6
0
25 8 270 100 6
0
26 8 399 100 6
0
27 9 131 100 6
0
28 9 263 100 6
0
29 9 404 100 6
0
30 10 136 100 6
0
31 10 250 100 6
0
32 10 382 100 6
0
33 11 135 100 6
0
34 11 260 100 6
0
35 11 377 100 6
0
36 12 140 100 6
0
37 12 265 100 6
0
38 12 392 100 6
0
39 13 123 100 6
0
40 13 263 100 6
0
41 13 407 100 6
0
42 14 124 100 6
0
43 14 248 100 6
0
44 14 371 100 6
0
45 15 112 100 6
0
46 15 242 100 6
0
47 15 392 100 6
0
1000
1 5 -1
2 79 50 79 50 865 1728 868 1731
2 11 -1
5 53 81 55 84 868 1731 873 1736
3 7 -1
7 24 26 28 26 870 1733 874 1737
4 12 -1
8 77 24 79 27 871 1734 880 1743
5 10 -1
9 91 86 91 89 872 1735 878 1741
6 11 -1
10 73 31 75 32 873 1736 877 1740
7 1 -1
11 93 85 97 85 874 1737 880 1743
8 12 -1
12 0 70 0 70 875 1738 877 1740
9 3 -1
13 74 57 75 58 876 1739 878 1741
10 9 -1
14 87 36 88 36 877 1740 880 1743
11 10 -1
15 65 69 66 74 878 1741 884 1747
12 4 -1
17 77 48 80 49 880 1743 884 1747
13 14 -1
18 78 61 81 62 881 1744 887 1750
14 14 -1
19 89 66 89 67 882 1745 883 1746
15 9 -1
20 17 28 19 28 883 1746 885 1748
16 0 -1
21 74 92 74 94 884 1747 886 1749
17 1 -1
22 86 22 88 24 885 1748 889 1752
18 0 -1
24 25 11 27 11 887 1750 889 1752
19 10 -1
29 6 98 8 99 892 1755 898 1761
20 9 -1
30 30 90 32 90 893 1756 895 1758
21 12 -1
31 99 89 98 89 894 1757 896 1759
22 11 -1
33 97 40 94 42 896 1759 902 1765
23 3 -1
35 16 94 16 95 898 1761 899 1762
24 2 -1
36 52 58 52 60 899 1762 901 1764
25 11 -1
39 98 63 99 63 902 1765 903 1766
26 4 -1
40 73 6 73 7 903 1766 904 1767
27 0 -1
41 50 65 52 65 904 1767 906 1769
28 11 -1
42 69 49 69 50 905 1768 906 1769
29 9 -1
43 42 72 42 72 906 1769 907 1770
30 3 -1
45 12 97 13 97 908 1771 910 1773
31 9 -1
49 99 83 96 83 912 1775 915 1778
32 14 -1
52 67 75 68 77 915 1778 922 1785
33 10 -1
53 16 3 20 4 916 1779 921 1784
34 15 -1
54 33 73 34 73 917 1780 918 1781
35 15 -1
56 88 65 97 70 919 1782 936 1799
36 12 -1
57 87 0 88 1 920 1783 922 1785
37 1 -1
59 19 3 20 3 922 1785 923 1786
38 13 -1
61 3 78 5 78 924 1787 926 1789
39 9 -1
62 50 84 52 84 925 1788 933 1796
40 14 -1
64 78 70 85 74 927 1790 946 1809
41 2 -1
69 74 38 74 38 932 1795 934 1797
42 3 -1
71 90 51 91 58 934 1797 942 1805
43 10 -1
73 17 94 19 96 936 1799 941 1804
44 13 -1
76 18 24 18 27 939 1802 942 1805
45 1 -1
78 65 73 65 74 941 1804 943 1806
46 10 -1
80 21 20 21 23 943 1806 946 1809
47 8 -1
81 78 60 80 60 944 1807 946 1809
48 0 -1
82 86 14 92 14 945 1808 951 1814
49 7 -1
83 98 45 95 45 946 1809 951 1814
50 12 -1
84 19 51 19 52 947 1810 948 1811
51 2 -1
86 60 54 70 54 949 1812 959 1822
52 1 -1
87 37 70 38 70 950 1813 951 1814
53 2 -1
90 33 28 33 29 953 1816 954 1817
54 6 -1
91 51 10 55 10 954 1817 958 1821
55 9 -1
92 29 51 29 52 955 1818 956 1819
56 10 -1
93 9 72 10 73 956 1819 959 1822
57 4 -1
94 6 60 7 60 957 1820 963 1826
58 0 -1
96 47 54 47 54 959 1822 961 1824
59 2 -1
103 41 86 44 86 966 1829 969 1832
60 4 -1
105 88 8 90 8 968 1831 970 1833
61 11 -1
106 58 8 59 14 969 1832 979 1842
62 4 -1
107 75 14 75 17 970 1833 973 1836
63 11 -1
108 6 75 9 76 971 1834 979 1842
64 2 -1
110 12 69 14 75 973 1836 981 1844
65 0 -1
111 18 8 19 8 974 1837 975 1838
66 14 -1
114 52 1 55 4 977 1840 983 1846
67 12 -1
115 4 97 7 98 978 1841 983 1846
68 8 -1
116 49 25 57 27 979 1842 991 1854
69 2 -1
119 74 76 77 76 982 1845 985 1848
70 8 -1
120 62 41 63 41 983 1846 984 1847
71 15 -1
122 17 92 21 92 985 1848 989 1852
72 14 -1
123 29 27 31 27 986 1849 989 1852
73 2 -1
124 59 4 62 5 987 1850 991 1854
74 3 -1
127 76 15 77 15 990 1853 991 1854
75 11 -1
128 72 60 90 61 991 1854 1010 1873
76 11 -1
130 80 17 81 17 993 1856 994 1857
77 4 -1
132 41 1 55 2 995 1858 1010 1873
78 11 -1
134 75 92 76 92 997 1860 998 1861
79 5 -1
135 27 27 32 27 998 1861 1009 1872
80 14 -1
136 29 45 30 46 999 1862 1001 1864
81 7 -1
139 46 19 47 19 1002 1865 1003 1866
82 13 -1
140 40 42 44 42 1003 1866 1007 1870
83 4 -1
141 19 78 23 78 1004 1867 1009 1872
84 0 -1
144 40 0 45 0 1007 1870 1012 1875
85 3 -1
145 86 72 87 73 1008 1871 1010 1873
86 14 -1
146 75 2 75 2 1009 1872 1010 1873
87 14 -1
147 91 40 91 41 1010 1873 1011 1874
88 15 -1
148 83 7 83 7 1011 1874 1012 1875
89 7 -1
149 76 13 77 14 1012 1875 1014 1877
90 6 -1
150 14 25 19 26 1013 1876 1019 1882
91 9 -1
153 23 92 23 92 1016 1879 1017 1880
92 10 -1
154 40 96 40 97 1017 1880 1021 1884
93 3 -1
155 0 6 0 6 1018 1881 1019 1882
94 12 -1
156 96 26 98 28 1019 1882 1024 1887
95 3 -1
157 41 28 41 32 1020 1883 1025 1888
96 14 -1
160 30 59 33 60 1023 1886 1029 1892
97 3 -1
162 28 95 28 96 1025 1888 1026 1889
98 14 -1
163 2 16 3 16 1026 1889 1027 1890
99 15 -1
166 99 52 98 53 1029 1892 1031 1894
100 11 -1
167 0 79 5 79 1030 1893 1035 1898
101 14 -1
168 93 12 95 12 1031 1894 1033 1896
102 11 -1
169 72 51 73 55 1032 1895 1037 1900
103 13 -1
170 21 57 23 60 1033 1896 1038 1901
104 2 -1
172 23 90 26 92 1035 1898 1040 1903
105 9 -1
173 71 36 71 41 1036 1899 1041 1904
106 7 -1
174 65 12 66 12 1037 1900 1039 1902
107 7 -1
179 16 48 17 48 1042 1905 1043 1906
108 11 -1
183 36 22 40 23 1046 1909 1051 1914
109 0 -1
184 71 20 73 20 1047 1910 1049 1912
110 10 -1
185 28 30 29 30 1048 1911 1050 1913
111 7 -1
186 25 24 32 26 1049 1912 1058 1921
112 15 -1
187 13 14 18 14 1050 1913 1056 1919
113 11 -1
189 78 55 80 57 1052 1915 1057 1920
114 4 -1
190 89 38 93 38 1053 1916 1058 1921
115 12 -1
193 36 54 37 54 1056 1919 1057 1920
116 15 -1
196 69 15 69 17 1059 1922 1061 1924
117 10 -1
197 38 79 38 79 1060 1923 1061 1924
118 2 -1
198 2 81 2 94 1061 1924 1079 1942
119 13 -1
199 35 80 35 81 1062 1925 1063 1926
120 4 -1
200 36 89 37 90 1063 1926 1065 1928
121 14 -1
201 44 86 44 87 1064 1927 1065 1928
122 6 -1
204 56 46 57 46 1067 1930 1068 1931
123 14 -1
208 15 63 16 63 1071 1934 1072 1935
124 8 -1
209 30 60 31 60 1072 1935 1073 1936
125 1 -1
211 68 8 69 9 1074 1937 1077 1940
126 13 -1
212 56 3 57 4 1075 1938 1077 1940
127 5 -1
213 17 99 20 99 1076 1939 1084 1947
128 15 -1
214 21 33 26 33 1077 1940 1082 1945
129 9 -1
218 50 42 52 44 1081 1944 1088 1951
130 3 -1
219 51 76 52 76 1082 1945 1084 1947
131 8 -1
224 78 39 79 39 1087 1950 1090 1953
132 8 -1
225 12 99 14 99 1088 1951 1090 1953
133 0 -1
229 44 15 44 19 1092 1955 1098 1961
134 9 -1
230 34 60 34 60 1093 1956 1094 1957
135 15 -1
231 42 90 43 92 1094 1957 1097 1960
136 11 -1
236 40 32 42 32 1099 1962 1101 1964
137 9 -1
237 76 28 76 29 1100 1963 1102 1965
138 2 -1
240 83 4 83 9 1103 1966 1114 1977
139 11 -1
242 25 44 25 46 1105 1968 1107 1970
140 5 -1
244 72 51 73 52 1107 1970 1112 1975
141 11 -1
245 56 20 62 20 1108 1971 1114 1977
142 4 -1
246 29 21 32 21 1109 1972 1112 1975
143 11 -1
247 17 14 18 16 1110 1973 1113 1976
144 15 -1
248 57 22 57 24 1111 1974 1114 1977
145 15 -1
250 15 99 15 97 1113 1976 1115 1978
146 2 -1
251 56 4 59 4 1114 1977 1117 1980
147 1 -1
253 9 60 9 60 1116 1979 1117 1980
148 13 -1
255 70 2 71 2 1118 1981 1120 1983
149 10 -1
256 7 48 8 50 1119 1982 1123 1986
150 2 -1
257 8 47 8 48 1120 1983 1124 1987
151 9 -1
258 25 86 26 86 1121 1984 1122 1985
152 6 -1
260 43 92 45 92 1123 1986 1125 1988
153 9 -1
261 11 82 13 86 1124 1987 1136 1999
154 14 -1
266 79 54 82 54 1129 1992 1133 1996
155 10 -1
267 77 91 77 93 1130 1993 1133 1996
156 4 -1
268 98 19 99 19 1131 1994 1133 1996
157 2 -1
269 26 15 26 15 1132 1995 1133 1996
158 8 -1
271 54 33 55 38 1134 1997 1140 2003
159 13 -1
272 89 81 89 82 1135 1998 1136 1999
160 1 -1
274 38 40 45 43 1137 2000 1150 2013
161 11 -1
277 48 79 48 80 1140 2003 1142 2005
162 11 -1
278 92 1 98 1 1141 2004 1147 2010
163 5 -1
279 11 5 14 5 1142 2005 1146 2009
164 15 -1
280 62 18 64 19 1143 2006 1146 2009
165 14 -1
283 27 56 28 56 1146 2009 1147 2010
166 8 -1
285 23 86 24 88 1148 2011 1151 2014
167 8 -1
286 77 56 77 57 1149 2012 1152 2015
168 15 -1
289 86 81 88 82 1152 2015 1155 2018
169 8 -1
293 55 60 58 60 1156 2019 1160 2023
170 11 -1
294 28 73 28 74 1157 2020 1158 2021
171 4 -1
295 60 16 62 16 1158 2021 1160 2023
172 2 -1
296 8 95 12 95 1159 2022 1163 2026
173 14 -1
303 89 20 97 20 1166 2029 1175 2038
174 8 -1
305 23 14 28 14 1168 2031 1173 2036
175 14 -1
306 7 81 8 81 1169 2032 1170 2033
176 4 -1
307 63 30 64 31 1170 2033 1172 2035
177 9 -1
310 40 12 44 12 1173 2036 1177 2040
178 8 -1
311 50 93 50 96 1174 2037 1178 2041
179 15 -1
312 52 29 55 35 1175 2038 1184 2047
180 5 -1
313 89 91 89 91 1176 2039 1177 2040
181 9 -1
315 50 40 52 40 1178 2041 1180 2043
182 0 -1
320 2 66 17 66 1183 2046 1199 2062
183 4 -1
321 36 14 39 14 1184 2047 1187 2050
184 1 -1
323 84 52 97 52 1186 2049 1199 2062
185 0 -1
325 9 64 9 69 1188 2051 1196 2059
186 8 -1
326 26 89 27 89 1189 2052 1190 2053
187 4 -1
327 35 74 36 75 1190 2053 1193 2056
188 0 -1
328 89 82 91 85 1191 2054 1196 2059
189 7 -1
329 62 56 64 56 1192 2055 1195 2058
190 3 -1
330 65 14 66 14 1193 2056 1198 2061
191 13 -1
337 15 72 16 75 1200 2063 1213 2076
192 1 -1
340 48 16 48 18 1203 2066 1206 2069
193 1 -1
342 31 93 32 93 1205 2068 1206 2069
194 14 -1
343 94 98 94 100 1206 2069 1209 2072
195 13 -1
345 23 94 25 96 1208 2071 1220 2083
196 7 -1
349 94 87 95 87 1212 2075 1213 2076
197 4 -1
351 88 40 88 41 1214 2077 1215 2078
198 3 -1
354 23 74 25 77 1217 2080 1223 2086
199 7 -1
356 49 93 49 93 1219 2082 1220 2083
200 5 -1
357 63 59 66 59 1220 2083 1224 2087
201 2 -1
358 90 31 94 32 1221 2084 1228 2091
202 15 -1
359 33 58 33 59 1222 2085 1225 2088
203 0 -1
360 86 27 88 27 1223 2086 1225 2088
204 11 -1
361 73 68 73 68 1224 2087 1230 2093
205 3 -1
363 20 86 20 86 1226 2089 1227 2090
206 1 -1
364 32 75 32 76 1227 2090 1228 2091
207 4 -1
365 55 75 57 75 1228 2091 1230 2093
208 4 -1
367 62 53 67 53 1230 2093 1236 2099
209 3 -1
371 52 66 53 66 1234 2097 1235 2098
210 6 -1
372 70 54 73 54 1235 2098 1243 2106
211 0 -1
373 52 54 55 54 1236 2099 1239 2102
212 9 -1
374 25 96 25 97 1237 2100 1238 2101
213 15 -1
375 19 9 19 9 1238 2101 1239 2102
214 8 -1
377 58 75 58 75 1240 2103 1241 2104
215 1 -1
379 51 58 51 59 1242 2105 1243 2106
216 15 -1
380 22 86 22 86 1243 2106 1244 2107
217 11 -1
381 13 94 13 95 1244 2107 1249 2112
218 0 -1
382 45 9 47 9 1245 2108 1247 2110
219 4 -1
383 93 45 94 45 1246 2109 1247 2110
220 2 -1
388 35 93 36 93 1251 2114 1252 2115
221 12 -1
391 38 66 39 67 1254 2117 1256 2119
222 0 -1
392 5 97 6 98 1255 2118 1257 2120
223 11 -1
394 0 74 0 76 1257 2120 1260 2123
224 2 -1
396 5 43 5 44 1259 2122 1264 2127
225 9 -1
397 16 65 17 65 1260 2123 1261 2124
226 2 -1
400 36 56 38 56 1263 2126 1265 2128
227 12 -1
401 42 65 44 65 1264 2127 1266 2129
228 10 -1
403 75 33 76 33 1266 2129 1271 2134
229 13 -1
404 1 81 3 81 1267 2130 1269 2132
230 11 -1
407 92 4 92 5 1270 2133 1271 2134
231 6 -1
408 60 74 60 76 1271 2134 1274 2137
232 11 -1
411 8 0 10 0 1274 2137 1276 2139
233 15 -1
412 7 72 7 72 1275 2138 1276 2139
234 8 -1
414 14 55 14 55 1277 2140 1278 2141
235 13 -1
418 56 46 56 46 1281 2144 1282 2145
236 4 -1
420 15 77 16 77 1283 2146 1284 2147
237 6 -1
421 84 48 84 48 1284 2147 1286 2149
238 14 -1
423 15 65 16 65 1286 2149 1287 2150
239 6 -1
426 10 66 13 68 1289 2152 1294 2157
240 3 -1
428 39 88 40 89 1291 2154 1293 2156
241 6 -1
433 81 67 81 69 1296 2159 1298 2161
242 6 -1
437 99 64 98 64 1300 2163 1301 2164
243 5 -1
439 88 61 88 63 1302 2165 1304 2167
244 1 -1
441 39 55 41 56 1304 2167 1312 2175
245 6 -1
446 74 68 77 69 1309 2172 1313 2176
246 7 -1
448 11 6 14 6 1311 2174 1314 2177
247 2 -1
450 84 84 91 85 1313 2176 1321 2184
248 14 -1
452 33 36 36 36 1315 2178 1318 2181
249 15 -1
455 70 65 72 65 1318 2181 1321 2184
250 1 -1
460 67 51 67 52 1323 2186 1329 2192
251 10 -1
461 71 25 72 25 1324 2187 1326 2189
252 10 -1
462 17 61 17 61 1325 2188 1328 2191
253 10 -1
464 65 77 66 78 1327 2190 1329 2192
254 13 -1
469 47 45 47 45 1332 2195 1334 2197
255 15 -1
471 50 21 57 21 1334 2197 1345 2208
256 14 -1
475 17 9 17 10 1338 2201 1340 2203
257 11 -1
478 80 19 83 19 1341 2204 1345 2208
258 15 -1
479 69 86 70 87 1342 2205 1344 2207
259 11 -1
480 34 39 35 41 1343 2206 1351 2214
260 4 -1
481 30 55 31 55 1344 2207 1350 2213
261 9 -1
482 95 79 95 79 1345 2208 1346 2209
262 3 -1
484 88 64 91 64 1347 2210 1351 2214
263 2 -1
486 69 46 71 46 1349 2212 1352 2215
264 8 -1
488 92 22 93 22 1351 2214 1354 2217
265 6 -1
489 26 47 28 57 1352 2215 1365 2228
266 7 -1
491 84 72 86 72 1354 2217 1356 2219
267 3 -1
493 14 81 14 81 1356 2219 1357 2220
268 15 -1
496 13 16 14 16 1359 2222 1360 2223
269 0 -1
501 56 73 58 73 1364 2227 1366 2229
270 12 -1
502 95 11 99 11 1365 2228 1369 2232
271 1 -1
505 21 41 23 41 1368 2231 1370 2233
272 5 -1
506 6 54 7 54 1369 2232 1374 2237
273 14 -1
507 59 37 59 37 1370 2233 1371 2234
274 4 -1
509 10 35 11 35 1372 2235 1373 2236
275 13 -1
511 50 67 51 68 1374 2237 1376 2239
276 8 -1
512 14 87 14 87 1375 2238 1376 2239
277 2 -1
515 95 60 98 60 1378 2241 1381 2244
278 12 -1
516 81 9 82 21 1379 2242 1392 2255
279 5 -1
517 93 26 96 27 1380 2243 1384 2247
280 12 -1
518 88 32 90 32 1381 2244 1383 2246
281 7 -1
520 1 72 1 73 1383 2246 1384 2247
282 8 -1
522 12 14 21 14 1385 2248 1394 2257
283 13 -1
523 41 18 42 18 1386 2249 1387 2250
284 3 -1
525 68 60 69 61 1388 2251 1390 2253
285 6 -1
526 20 1 22 1 1389 2252 1391 2254
286 5 -1
528 14 69 17 69 1391 2254 1396 2259
287 8 -1
530 46 5 48 6 1393 2256 1397 2260
288 14 -1
533 91 66 91 66 1396 2259 1398 2261
289 14 -1
535 10 52 13 52 1398 2261 1401 2264
290 7 -1
536 2 24 2 26 1399 2262 1401 2264
291 2 -1
537 52 53 53 53 1400 2263 1401 2264
292 15 -1
538 97 65 99 65 1401 2264 1404 2267
293 10 -1
540 90 68 92 69 1403 2266 1407 2270
294 7 -1
541 56 62 59 62 1404 2267 1407 2270
295 1 -1
542 47 28 53 30 1405 2268 1413 2276
296 11 -1
543 53 59 53 61 1406 2269 1408 2271
297 1 -1
546 23 12 25 12 1409 2272 1411 2274
298 0 -1
547 50 34 51 35 1410 2273 1412 2275
299 2 -1
550 31 63 31 63 1413 2276 1414 2277
300 6 -1
552 35 63 36 64 1415 2278 1418 2281
301 1 -1
553 59 71 59 71 1416 2279 1418 2281
302 11 -1
555 34 34 36 36 1418 2281 1423 2286
303 5 -1
556 97 23 97 23 1419 2282 1421 2284
304 5 -1
558 98 58 98 58 1421 2284 1422 2285
305 6 -1
559 79 36 84 36 1422 2285 1427 2290
306 0 -1
560 58 39 58 41 1423 2286 1425 2288
307 9 -1
562 71 37 72 37 1425 2288 1426 2289
308 10 -1
565 42 46 46 46 1428 2291 1432 2295
309 11 -1
566 29 37 33 37 1429 2292 1433 2296
310 14 -1
567 0 5 0 6 1430 2293 1431 2294
311 8 -1
570 31 68 32 70 1433 2296 1437 2300
312 3 -1
572 38 45 40 45 1435 2298 1438 2301
313 2 -1
573 33 31 34 31 1436 2299 1439 2302
314 12 -1
575 47 59 47 59 1438 2301 1440 2303
315 3 -1
577 11 96 12 96 1440 2303 1441 2304
316 11 -1
578 72 58 72 60 1441 2304 1443 2306
317 4 -1
579 15 72 16 76 1442 2305 1447 2310
318 14 -1
580 40 57 41 57 1443 2306 1444 2307
319 5 -1
585 75 26 75 28 1448 2311 1451 2314
320 15 -1
588 24 3 27 4 1451 2314 1456 2319
321 3 -1
589 75 45 81 52 1452 2315 1467 2330
322 4 -1
592 85 12 85 13 1455 2318 1456 2319
323 4 -1
594 77 74 77 74 1457 2320 1459 2322
324 13 -1
595 76 55 91 55 1458 2321 1473 2336
325 1 -1
596 23 5 24 8 1459 2322 1463 2326
326 15 -1
597 79 88 85 88 1460 2323 1468 2331
327 6 -1
599 6 65 7 66 1462 2325 1470 2333
328 8 -1
600 99 15 97 16 1463 2326 1466 2329
329 9 -1
601 7 90 9 90 1464 2327 1466 2329
330 9 -1
603 40 64 42 64 1466 2329 1468 2331
331 14 -1
608 61 28 62 30 1471 2334 1474 2337
332 12 -1
609 61 47 61 47 1472 2335 1473 2336
333 11 -1
610 33 88 36 88 1473 2336 1478 2341
334 12 -1
611 92 1 95 2 1474 2337 1478 2341
335 11 -1
613 3 11 5 17 1476 2339 1484 2347
336 15 -1
614 22 85 26 86 1477 2340 1483 2346
337 8 -1
615 15 28 15 28 1478 2341 1479 2342
338 12 -1
616 96 93 97 93 1479 2342 1481 2344
339 12 -1
619 56 32 61 32 1482 2345 1487 2350
340 8 -1
620 45 90 47 90 1483 2346 1485 2348
341 13 -1
621 92 92 96 92 1484 2347 1489 2352
342 1 -1
622 59 44 62 44 1485 2348 1488 2351
343 12 -1
623 77 62 77 63 1486 2349 1488 2351
344 6 -1
624 30 41 30 42 1487 2350 1488 2351
345 9 -1
625 9 73 11 73 1488 2351 1490 2353
346 9 -1
628 22 91 23 91 1491 2354 1492 2355
347 5 -1
629 84 62 89 62 1492 2355 1497 2360
348 3 -1
630 30 19 31 19 1493 2356 1494 2357
349 3 -1
634 69 55 69 55 1497 2360 1498 2361
350 8 -1
635 43 95 44 96 1498 2361 1500 2363
351 14 -1
636 59 62 60 63 1499 2362 1501 2364
352 5 -1
637 77 39 77 41 1500 2363 1502 2365
353 2 -1
639 11 13 12 13 1502 2365 1503 2366
354 11 -1
640 16 68 16 70 1503 2366 1505 2368
355 1 -1
641 93 78 95 78 1504 2367 1506 2369
356 4 -1
643 55 17 56 21 1506 2369 1512 2375
357 5 -1
645 14 72 16 72 1508 2371 1510 2373
358 5 -1
646 80 77 80 78 1509 2372 1511 2374
359 11 -1
648 53 32 54 32 1511 2374 1512 2375
360 4 -1
649 98 40 89 41 1512 2375 1522 2385
361 15 -1
650 38 58 39 58 1513 2376 1514 2377
362 13 -1
651 23 30 24 31 1514 2377 1518 2381
363 5 -1
652 32 67 40 68 1515 2378 1530 2393
364 2 -1
653 99 92 98 92 1516 2379 1517 2380
365 11 -1
656 27 49 28 49 1519 2382 1520 2383
366 14 -1
662 50 17 50 17 1525 2388 1527 2390
367 13 -1
663 32 42 39 42 1526 2389 1534 2397
368 8 -1
664 2 76 4 76 1527 2390 1529 2392
369 4 -1
665 28 53 28 54 1528 2391 1529 2392
370 12 -1
666 44 53 45 53 1529 2392 1531 2394
371 9 -1
667 21 94 21 94 1530 2393 1533 2396
372 10 -1
669 37 3 37 3 1532 2395 1533 2396
373 14 -1
672 71 60 73 62 1535 2398 1539 2402
374 0 -1
673 6 37 6 38 1536 2399 1538 2401
375 9 -1
674 45 57 48 57 1537 2400 1541 2404
376 3 -1
675 66 68 66 70 1538 2401 1543 2406
377 5 -1
678 5 64 5 64 1541 2404 1542 2405
378 6 -1
679 79 76 80 76 1542 2405 1545 2408
379 5 -1
680 46 9 46 9 1543 2406 1549 2412
380 6 -1
681 20 13 22 13 1544 2407 1546 2409
381 5 -1
682 69 60 70 60 1545 2408 1547 2410
382 13 -1
684 99 78 97 78 1547 2410 1549 2412
383 7 -1
685 28 41 29 41 1548 2411 1553 2416
384 13 -1
687 64 68 69 68 1550 2413 1555 2418
385 9 -1
688 84 23 86 23 1551 2414 1553 2416
386 5 -1
689 35 34 35 35 1552 2415 1554 2417
387 1 -1
690 35 70 35 72 1553 2416 1555 2418
388 6 -1
691 37 39 38 40 1554 2417 1556 2419
389 0 -1
692 78 13 78 13 1555 2418 1557 2420
390 1 -1
694 55 19 56 21 1557 2420 1560 2423
391 11 -1
696 66 1 66 2 1559 2422 1561 2424
392 4 -1
698 1 90 4 91 1561 2424 1566 2429
393 3 -1
700 25 73 25 73 1563 2426 1564 2427
394 12 -1
701 79 96 79 96 1564 2427 1565 2428
395 3 -1
702 86 99 90 96 1565 2428 1572 2435
396 12 -1
703 83 48 83 48 1566 2429 1568 2431
397 14 -1
704 25 52 27 52 1567 2430 1569 2432
398 15 -1
705 51 8 51 12 1568 2431 1572 2435
399 13 -1
706 85 77 86 77 1569 2432 1571 2434
400 9 -1
707 61 53 63 55 1570 2433 1574 2437
401 5 -1
708 96 6 92 6 1571 2434 1578 2441
402 13 -1
710 78 90 80 90 1573 2436 1576 2439
403 6 -1
712 45 15 45 16 1575 2438 1576 2439
404 1 -1
714 33 27 34 27 1577 2440 1578 2441
405 13 -1
716 7 32 8 32 1579 2442 1580 2443
406 9 -1
718 98 28 94 29 1581 2444 1589 2452
407 5 -1
719 92 88 93 88 1582 2445 1583 2446
408 2 -1
720 30 49 31 49 1583 2446 1585 2448
409 11 -1
722 67 94 68 94 1585 2448 1587 2450
410 13 -1
724 71 7 71 7 1587 2450 1589 2452
411 11 -1
725 72 53 77 56 1588 2451 1599 2462
412 5 -1
726 16 91 17 94 1589 2452 1593 2456
413 7 -1
727 10 93 13 93 1590 2453 1593 2456
414 6 -1
728 37 83 41 83 1591 2454 1596 2459
415 6 -1
729 67 11 68 11 1592 2455 1593 2456
416 10 -1
731 97 3 97 4 1594 2457 1595 2458
417 6 -1
733 98 32 96 32 1596 2459 1598 2461
418 12 -1
734 45 9 45 10 1597 2460 1599 2462
419 7 -1
735 52 45 55 45 1598 2461 1601 2464
420 3 -1
736 26 6 27 6 1599 2462 1601 2464
421 6 -1
737 44 56 47 56 1600 2463 1603 2466
422 9 -1
742 27 9 32 9 1605 2468 1610 2473
423 6 -1
744 37 44 38 44 1607 2470 1609 2472
424 1 -1
745 52 74 52 75 1608 2471 1613 2476
425 15 -1
748 47 90 48 90 1611 2474 1613 2476
426 0 -1
750 92 4 93 4 1613 2476 1614 2477
427 3 -1
751 81 61 82 61 1614 2477 1615 2478
428 12 -1
752 67 20 68 20 1615 2478 1618 2481
429 1 -1
753 10 8 10 9 1616 2479 1617 2480
430 9 -1
754 50 15 51 16 1617 2480 1623 2486
431 0 -1
755 43 5 45 5 1618 2481 1620 2483
432 13 -1
757 94 23 95 23 1620 2483 1622 2485
433 11 -1
758 67 18 72 21 1621 2484 1629 2492
434 2 -1
759 11 89 12 89 1622 2485 1624 2487
435 4 -1
760 49 22 50 22 1623 2486 1624 2487
436 2 -1
766 91 83 92 84 1629 2492 1631 2494
437 11 -1
767 10 23 11 24 1630 2493 1632 2495
438 6 -1
768 70 63 73 63 1631 2494 1634 2497
439 15 -1
771 16 42 16 43 1634 2497 1635 2498
440 1 -1
772 83 76 84 76 1635 2498 1637 2500
441 9 -1
773 5 27 5 27 1636 2499 1639 2502
442 3 -1
775 17 38 22 38 1638 2501 1643 2506
443 14 -1
777 8 67 9 68 1640 2503 1642 2505
444 1 -1
778 29 87 31 87 1641 2504 1643 2506
445 10 -1
779 39 30 41 30 1642 2505 1645 2508
446 9 -1
781 21 67 21 68 1644 2507 1645 2508
447 13 -1
782 19 78 22 78 1645 2508 1649 2512
448 11 -1
784 56 39 56 41 1647 2510 1649 2512
449 10 -1
787 23 52 24 53 1650 2513 1652 2515
450 8 -1
788 42 7 43 7 1651 2514 1652 2515
451 12 -1
789 42 58 45 59 1652 2515 1656 2519
452 10 -1
790 84 1 85 2 1653 2516 1655 2518
453 11 -1
791 73 72 74 72 1654 2517 1659 2522
454 2 -1
793 96 1 98 1 1656 2519 1659 2522
455 15 -1
794 5 79 5 80 1657 2520 1661 2524
456 4 -1
795 91 9 93 9 1658 2521 1660 2523
457 7 -1
796 51 48 55 48 1659 2522 1663 2526
458 11 -1
797 8 36 9 36 1660 2523 1661 2524
459 5 -1
798 35 92 38 92 1661 2524 1664 2527
460 13 -1
799 95 9 96 10 1662 2525 1664 2527
461 9 -1
800 94 95 96 96 1663 2526 1668 2531
462 7 -1
802 45 42 45 46 1665 2528 1669 2532
463 6 -1
803 81 41 83 41 1666 2529 1668 2531
464 6 -1
805 49 33 53 34 1668 2531 1673 2536
465 9 -1
806 3 98 3 100 1669 2532 1678 2541
466 6 -1
807 53 66 54 67 1670 2533 1672 2535
467 12 -1
810 27 57 28 57 1673 2536 1674 2537
468 8 -1
813 95 13 95 13 1676 2539 1677 2540
469 12 -1
818 51 40 53 40 1681 2544 1683 2546
470 10 -1
820 1 47 3 48 1683 2546 1686 2549
471 3 -1
824 0 98 0 99 1687 2550 1689 2552
472 2 -1
825 85 70 88 70 1688 2551 1691 2554
473 10 -1
827 71 78 71 78 1690 2553 1691 2554
474 4 -1
828 35 23 41 24 1691 2554 1701 2564
475 14 -1
830 90 81 91 83 1693 2556 1696 2559
476 2 -1
831 70 73 70 74 1694 2557 1695 2558
477 6 -1
833 47 16 47 17 1696 2559 1698 2561
478 13 -1
834 55 45 55 46 1697 2560 1699 2562
479 11 -1
835 28 2 38 2 1698 2561 1708 2571
480 2 -1
839 43 8 43 8 1702 2565 1704 2567
481 1 -1
841 93 37 95 39 1704 2567 1708 2571
482 0 -1
842 72 17 72 17 1705 2568 1707 2570
483 7 -1
844 85 69 89 69 1707 2570 1712 2575
484 3 -1
845 47 30 49 30 1708 2571 1710 2573
485 0 -1
846 89 83 93 85 1709 2572 1715 2578
486 7 -1
847 57 58 57 58 1710 2573 1711 2574
487 2 -1
850 25 60 27 61 1713 2576 1716 2579
488 7 -1
851 67 11 69 13 1714 2577 1718 2581
489 2 -1
854 45 90 46 90 1717 2580 1718 2581
490 10 -1
856 8 99 10 100 1719 2582 1722 2585
491 7 -1
859 79 39 83 39 1722 2585 1727 2590
492 5 -1
860 94 47 95 47 1723 2586 1724 2587
493 13 -1
861 97 99 98 100 1724 2587 1726 2589
494 9 -1
864 71 39 72 39 1727 2590 1730 2593
495 6 -1
867 50 19 50 20 1730 2593 1731 2594
496 3 -1
868 55 93 57 93 1731 2594 1733 2596
497 2 -1
871 60 97 65 99 1734 2597 1750 2613
498 8 -1
873 89 5 89 6 1736 2599 1738 2601
499 14 -1
874 23 98 28 98 1737 2600 1742 2605
500 7 -1
875 99 58 99 60 1738 2601 1741 2604
501 13 -1
877 57 46 59 47 1740 2603 1743 2606
502 8 -1
878 1 7 3 7 1741 2604 1743 2606
503 10 -1
879 34 88 35 89 1742 2605 1744 2607
504 1 -1
880 53 44 57 44 1743 2606 1747 2610
505 2 -1
881 56 61 62 61 1744 2607 1750 2613
506 13 -1
882 48 15 49 15 1745 2608 1747 2610
507 2 -1
885 24 29 25 29 1748 2611 1749 2612
508 14 -1
887 56 15 59 15 1750 2613 1753 2616
509 14 -1
889 5 75 6 75 1752 2615 1755 2618
510 14 -1
891 2 18 3 19 1754 2617 1756 2619
511 3 -1
893 39 43 41 43 1756 2619 1758 2621
512 3 -1
894 20 1 21 1 1757 2620 1760 2623
513 11 -1
895 87 13 90 13 1758 2621 1761 2624
514 7 -1
896 19 23 20 24 1759 2622 1761 2624
515 2 -1
897 29 18 29 18 1760 2623 1761 2624
516 0 -1
898 11 24 13 24 1761 2624 1763 2626
517 4 -1
899 60 75 60 75 1762 2625 1764 2627
518 8 -1
900 26 50 27 51 1763 2626 1769 2632
519 13 -1
901 76 62 77 62 1764 2627 1766 2629
520 14 -1
902 76 19 77 19 1765 2628 1766 2629
521 0 -1
905 65 43 65 43 1768 2631 1769 2632
522 8 -1
910 13 59 13 59 1773 2636 1774 2637
523 9 -1
912 93 17 96 21 1775 2638 1785 2648
524 6 -1
914 17 81 18 83 1777 2640 1784 2647
525 8 -1
917 48 95 51 96 1780 2643 1784 2647
526 12 -1
919 75 21 77 21 1782 2645 1784 2647
527 7 -1
920 56 45 56 46 1783 2646 1786 2649
528 13 -1
921 97 95 98 95 1784 2647 1785 2648
529 9 -1
923 34 35 34 36 1786 2649 1787 2650
530 2 -1
925 43 80 46 80 1788 2651 1791 2654
531 4 -1
926 64 86 65 87 1789 2652 1798 2661
532 9 -1
927 99 4 96 4 1790 2653 1793 2656
533 6 -1
928 66 88 66 89 1791 2654 1792 2655
534 0 -1
929 78 14 79 14 1792 2655 1793 2656
535 4 -1
931 35 20 36 20 1794 2657 1796 2659
536 15 -1
933 70 41 76 42 1796 2659 1803 2666
537 11 -1
935 8 77 10 77 1798 2661 1800 2663
538 7 -1
936 9 49 9 49 1799 2662 1800 2663
539 6 -1
937 44 43 47 44 1800 2663 1804 2667
540 3 -1
938 66 79 67 79 1801 2664 1805 2668
541 12 -1
940 93 41 94 42 1803 2666 1805 2668
542 15 -1
942 56 33 57 33 1805 2668 1806 2669
543 0 -1
943 25 59 32 59 1806 2669 1813 2676
544 5 -1
944 87 71 87 71 1807 2670 1808 2671
545 7 -1
945 19 98 22 98 1808 2671 1811 2674
546 9 -1
947 74 94 84 97 1810 2673 1823 2686
547 15 -1
948 41 99 44 99 1811 2674 1814 2677
548 12 -1
950 80 79 82 79 1813 2676 1815 2678
549 8 -1
951 88 60 90 60 1814 2677 1816 2679
550 4 -1
954 65 52 67 52 1817 2680 1819 2682
551 13 -1
955 60 86 61 86 1818 2681 1819 2682
552 7 -1
957 56 31 57 32 1820 2683 1823 2686
553 1 -1
958 22 93 22 93 1821 2684 1822 2685
554 7 -1
963 52 10 55 10 1826 2689 1829 2692
555 15 -1
964 65 44 67 44 1827 2690 1829 2692
556 4 -1
966 66 65 67 65 1829 2692 1831 2694
557 6 -1
969 54 96 55 97 1832 2695 1834 2697
558 4 -1
972 7 81 10 82 1835 2698 1841 2704
559 7 -1
973 36 59 39 59 1836 2699 1840 2703
560 0 -1
974 65 49 70 53 1837 2700 1847 2710
561 10 -1
976 69 96 73 96 1839 2702 1844 2707
562 12 -1
979 79 82 83 82 1842 2705 1846 2709
563 13 -1
981 25 65 25 65 1844 2707 1845 2708
564 5 -1
983 31 64 32 66 1846 2709 1849 2712
565 11 -1
984 45 58 46 59 1847 2710 1853 2716
566 2 -1
987 6 10 8 10 1850 2713 1854 2717
567 11 -1
989 90 68 91 68 1852 2715 1855 2718
568 13 -1
990 10 3 12 5 1853 2716 1857 2720
569 6 -1
992 75 22 78 22 1855 2718 1859 2722
570 11 -1
993 53 48 53 48 1856 2719 1858 2721
571 2 -1
994 2 38 6 38 1857 2720 1861 2724
572 13 -1
996 14 9 16 9 1859 2722 1861 2724
573 5 -1
997 83 48 84 48 1860 2723 1862 2725
574 8 -1
998 58 33 58 34 1861 2724 1862 2725
575 15 -1
999 91 13 92 14 1862 2725 1864 2727
576 7 -1
1001 64 12 75 39 1864 2727 1913 2776
577 10 -1
1004 96 65 98 65 1867 2730 1869 2732
578 4 -1
1008 71 72 71 73 1871 2734 1872 2735
579 6 -1
1010 35 57 35 59 1873 2736 1875 2738
580 2 -1
1012 29 23 30 23 1875 2738 1876 2739
581 1 -1
1015 74 2 75 2 1878 2741 1879 2742
582 8 -1
1016 63 61 63 61 1879 2742 1880 2743
583 14 -1
1017 28 98 31 98 1880 2743 1883 2746
584 8 -1
1018 65 6 75 8 1881 2744 1895 2758
585 2 -1
1019 43 25 46 30 1882 2745 1892 2755
586 2 -1
1020 25 95 27 96 1883 2746 1886 2749
587 3 -1
1021 47 84 47 85 1884 2747 1885 2748
588 2 -1
1022 33 52 36 62 1885 2748 1899 2762
589 6 -1
1025 44 67 47 67 1888 2751 1893 2756
590 1 -1
1027 7 30 7 31 1890 2753 1891 2754
591 1 -1
1028 84 54 85 54 1891 2754 1892 2755
592 7 -1
1031 81 84 86 84 1894 2757 1903 2766
593 3 -1
1032 92 95 92 89 1895 2758 1902 2765
594 11 -1
1033 76 51 76 54 1896 2759 1900 2763
595 3 -1
1035 94 56 95 57 1898 2761 1900 2763
596 2 -1
1036 48 85 49 86 1899 2762 1901 2764
597 0 -1
1037 0 71 0 71 1900 2763 1901 2764
598 0 -1
1039 10 84 10 85 1902 2765 1903 2766
599 11 -1
1040 55 74 56 74 1903 2766 1904 2767
600 9 -1
1042 25 67 25 77 1905 2768 1916 2779
601 5 -1
1044 81 14 82 14 1907 2770 1908 2771
602 0 -1
1045 87 66 89 67 1908 2771 1911 2774
603 5 -1
1051 71 30 71 30 1914 2777 1915 2778
604 12 -1
1053 1 66 2 66 1916 2779 1917 2780
605 4 -1
1056 26 52 27 52 1919 2782 1921 2784
606 12 -1
1057 91 74 92 74 1920 2783 1922 2785
607 1 -1
1059 42 90 44 92 1922 2785 1926 2789
608 12 -1
1060 85 15 87 18 1923 2786 1928 2791
609 9 -1
1063 75 38 77 38 1926 2789 1929 2792
610 0 -1
1065 9 9 9 9 1928 2791 1931 2794
611 3 -1
1066 77 36 79 36 1929 2792 1931 2794
612 9 -1
1067 57 62 57 62 1930 2793 1931 2794
613 5 -1
1070 37 25 41 30 1933 2796 1945 2808
614 2 -1
1071 54 94 59 94 1934 2797 1939 2802
615 10 -1
1073 33 39 34 53 1936 2799 1951 2814
616 4 -1
1074 93 73 94 73 1937 2800 1938 2801
617 2 -1
1075 98 87 95 87 1938 2801 1941 2804
618 2 -1
1078 54 63 58 63 1941 2804 1945 2808
619 6 -1
1082 48 33 49 33 1945 2808 1946 2809
620 7 -1
1083 21 91 23 91 1946 2809 1948 2811
621 2 -1
1084 77 11 79 15 1947 2810 1953 2816
622 9 -1
1085 64 16 66 16 1948 2811 1951 2814
623 14 -1
1086 61 65 64 65 1949 2812 1953 2816
624 12 -1
1090 99 50 98 50 1953 2816 1954 2817
625 5 -1
1091 44 17 44 17 1954 2817 1955 2818
626 8 -1
1092 78 35 78 36 1955 2818 1956 2819
627 0 -1
1095 16 2 17 2 1958 2821 1961 2824
628 2 -1
1097 33 16 35 17 1960 2823 1963 2826
629 14 -1
1098 60 90 63 90 1961 2824 1965 2828
630 5 -1
1099 60 95 65 95 1962 2825 1967 2830
631 7 -1
1100 75 46 79 46 1963 2826 1968 2831
632 8 -1
1102 85 65 88 65 1965 2828 1968 2831
633 14 -1
1103 37 67 39 72 1966 2829 1973 2836
634 1 -1
1104 55 79 56 79 1967 2830 1968 2831
635 0 -1
1105 81 10 82 10 1968 2831 1969 2832
636 5 -1
1107 25 23 32 26 1970 2833 1980 2843
637 10 -1
1109 95 47 95 49 1972 2835 1975 2838
638 5 -1
1111 22 25 24 25 1974 2837 1976 2839
639 15 -1
1113 90 75 91 75 1976 2839 1977 2840
640 11 -1
1114 25 23 25 23 1977 2840 1978 2841
641 12 -1
1115 39 23 42 23 1978 2841 1981 2844
642 9 -1
1116 40 88 42 95 1979 2842 1990 2853
643 13 -1
1118 78 35 79 35 1981 2844 1983 2846
644 13 -1
1120 27 97 29 97 1983 2846 1985 2848
645 8 -1
1121 78 67 78 68 1984 2847 1985 2848
646 6 -1
1122 94 11 96 12 1985 2848 1988 2851
647 1 -1
1124 66 88 70 90 1987 2850 1994 2857
648 3 -1
1125 55 83 55 83 1988 2851 1990 2853
649 3 -1
1126 92 47 95 53 1989 2852 2001 2864
650 15 -1
1129 80 93 80 93 1992 2855 1993 2856
651 6 -1
1130 3 38 4 38 1993 2856 1994 2857
652 15 -1
1132 15 17 17 17 1995 2858 1997 2860
653 3 -1
1133 63 87 64 89 1996 2859 1999 2862
654 11 -1
1137 7 68 9 70 2000 2863 2004 2867
655 15 -1
1138 20 70 21 70 2001 2864 2002 2865
656 2 -1
1139 67 36 67 37 2002 2865 2003 2866
657 11 -1
1141 39 86 41 86 2004 2867 2006 2869
658 10 -1
1142 46 51 47 51 2005 2868 2008 2871
659 10 -1
1144 14 57 14 57 2007 2870 2010 2873
660 0 -1
1147 4 36 5 36 2010 2873 2011 2874
661 1 -1
1150 4 37 5 37 2013 2876 2014 2877
662 5 -1
1151 62 1 63 2 2014 2877 2016 2879
663 9 -1
1154 52 59 52 60 2017 2880 2018 2881
664 0 -1
1156 57 50 57 51 2019 2882 2021 2884
665 1 -1
1157 9 23 12 24 2020 2883 2025 2888
666 4 -1
1158 82 81 82 82 2021 2884 2025 2888
667 3 -1
1159 94 97 95 98 2022 2885 2024 2887
668 12 -1
1164 1 80 3 81 2027 2890 2030 2893
669 12 -1
1166 61 23 62 24 2029 2892 2032 2895
670 5 -1
1169 46 16 49 16 2032 2895 2035 2898
671 0 -1
1170 15 39 16 39 2033 2896 2036 2899
672 1 -1
1171 38 48 43 50 2034 2897 2043 2906
673 4 -1
1172 84 1 84 2 2035 2898 2036 2899
674 13 -1
1174 57 86 60 90 2037 2900 2044 2907
675 13 -1
1175 8 22 8 22 2038 2901 2041 2904
676 14 -1
1176 75 41 77 41 2039 2902 2041 2904
677 10 -1
1177 50 94 50 94 2040 2903 2042 2905
678 1 -1
1179 33 80 33 80 2042 2905 2043 2906
679 6 -1
1186 91 32 93 32 2049 2912 2051 2914
680 7 -1
1187 58 87 58 89 2050 2913 2052 2915
681 6 -1
1188 37 12 38 12 2051 2914 2052 2915
682 3 -1
1190 54 24 55 24 2053 2916 2054 2917
683 9 -1
1191 22 55 24 55 2054 2917 2056 2919
684 0 -1
1194 35 20 37 20 2057 2920 2059 2922
685 7 -1
1195 19 54 22 54 2058 2921 2061 2924
686 2 -1
1197 32 7 35 7 2060 2923 2063 2926
687 3 -1
1198 68 3 69 4 2061 2924 2065 2928
688 8 -1
1201 19 5 19 7 2064 2927 2069 2932
689 8 -1
1202 82 79 83 79 2065 2928 2066 2929
690 4 -1
1203 66 26 67 26 2066 2929 2067 2930
691 10 -1
1205 13 2 13 3 2068 2931 2071 2934
692 2 -1
1207 48 7 52 7 2070 2933 2074 2937
693 13 -1
1208 93 36 93 36 2071 2934 2073 2936
694 15 -1
1209 72 39 72 40 2072 2935 2073 2936
695 0 -1
1211 40 83 40 85 2074 2937 2078 2941
696 13 -1
1214 79 12 85 12 2077 2940 2083 2946
697 14 -1
1217 19 82 21 82 2080 2943 2082 2945
698 1 -1
1218 6 89 6 89 2081 2944 2082 2945
699 11 -1
1219 35 68 36 72 2082 2945 2089 2952
700 3 -1
1220 34 54 34 55 2083 2946 2084 2947
701 9 -1
1222 3 10 6 10 2085 2948 2088 2951
702 6 -1
1223 74 32 78 32 2086 2949 2090 2953
703 14 -1
1226 44 40 45 40 2089 2952 2092 2955
704 14 -1
1227 95 81 96 81 2090 2953 2091 2954
705 2 -1
1229 35 7 35 7 2092 2955 2093 2956
706 7 -1
1230 44 20 45 21 2093 2956 2098 2961
707 6 -1
1231 11 88 12 88 2094 2957 2095 2958
708 10 -1
1233 46 63 47 64 2096 2959 2098 2961
709 0 -1
1235 46 42 47 42 2098 2961 2099 2962
710 2 -1
1236 30 63 30 68 2099 2962 2104 2967
711 9 -1
1237 85 85 85 88 2100 2963 2105 2968
712 2 -1
1238 60 16 62 16 2101 2964 2106 2969
713 15 -1
1240 8 75 12 75 2103 2966 2107 2970
714 7 -1
1241 85 78 86 78 2104 2967 2105 2968
715 4 -1
1242 30 45 38 48 2105 2968 2118 2981
716 10 -1
1243 5 68 7 68 2106 2969 2108 2971
717 6 -1
1244 73 88 73 91 2107 2970 2114 2977
718 9 -1
1246 61 89 62 94 2109 2972 2118 2981
719 5 -1
1250 8 73 8 74 2113 2976 2114 2977
720 1 -1
1254 7 1 11 2 2117 2980 2124 2987
721 12 -1
1255 42 86 43 86 2118 2981 2122 2985
722 14 -1
1258 72 63 80 69 2121 2984 2137 3000
723 2 -1
1259 79 69 85 69 2122 2985 2140 3003
724 5 -1
1260 86 61 92 61 2123 2986 2129 2992
725 13 -1
1261 56 86 61 88 2124 2987 2131 2994
726 9 -1
1263 53 91 55 94 2126 2989 2133 2996
727 0 -1
1264 93 85 95 86 2127 2990 2131 2994
728 10 -1
1265 86 79 86 81 2128 2991 2130 2993
729 13 -1
1266 77 24 77 25 2129 2992 2130 2993
730 8 -1
1268 92 36 93 36 2131 2994 2134 2997
731 5 -1
1276 52 95 52 96 2139 3002 2140 3003
732 8 -1
1277 53 37 55 40 2140 3003 2145 3008
733 15 -1
1281 47 28 49 28 2144 3007 2146 3009
734 8 -1
1284 29 7 31 7 2147 3010 2149 3012
735 11 -1
1287 15 38 17 38 2150 3013 2154 3017
736 15 -1
1290 58 30 58 30 2153 3016 2160 3023
737 5 -1
1291 45 61 46 62 2154 3017 2157 3020
738 1 -1
1292 55 13 74 15 2155 3018 2181 3044
739 12 -1
1297 15 43 17 44 2160 3023 2163 3026
740 8 -1
1298 23 42 23 43 2161 3024 2162 3025
741 13 -1
1299 14 53 16 53 2162 3025 2165 3028
742 2 -1
1300 8 92 9 92 2163 3026 2165 3028
743 9 -1
1307 59 31 59 32 2170 3033 2171 3034
744 10 -1
1309 90 88 91 88 2172 3035 2174 3037
745 8 -1
1312 46 84 48 84 2175 3038 2177 3040
746 5 -1
1313 18 96 18 97 2176 3039 2177 3040
747 10 -1
1314 97 4 98 5 2177 3040 2181 3044
748 0 -1
1315 82 68 84 68 2178 3041 2183 3046
749 12 -1
1316 28 33 30 33 2179 3042 2181 3044
750 12 -1
1317 83 43 84 43 2180 3043 2182 3045
751 15 -1
1318 31 38 32 38 2181 3044 2184 3047
752 4 -1
1319 32 18 34 18 2182 3045 2184 3047
753 7 -1
1320 19 42 19 43 2183 3046 2184 3047
754 4 -1
1321 78 71 78 73 2184 3047 2186 3049
755 6 -1
1323 76 35 78 35 2186 3049 2188 3051
756 2 -1
1324 33 95 33 99 2187 3050 2192 3055
757 2 -1
1325 98 25 99 29 2188 3051 2194 3057
758 3 -1
1326 47 87 47 88 2189 3052 2190 3053
759 8 -1
1327 11 45 21 45 2190 3053 2200 3063
760 5 -1
1329 43 40 45 40 2192 3055 2194 3057
761 0 -1
1332 30 14 31 15 2195 3058 2197 3060
762 2 -1
1333 33 84 33 85 2196 3059 2197 3060
763 9 -1
1335 89 74 75 74 2198 3061 2214 3077
764 9 -1
1336 53 23 53 24 2199 3062 2200 3063
765 4 -1
1338 47 22 47 22 2201 3064 2204 3067
766 3 -1
1340 28 8 29 12 2203 3066 2210 3073
767 2 -1
1342 81 96 84 96 2205 3068 2208 3071
768 15 -1
1344 93 68 93 70 2207 3070 2209 3072
769 2 -1
1345 63 32 63 33 2208 3071 2209 3072
770 1 -1
1347 51 93 52 95 2210 3073 2213 3076
771 2 -1
1348 93 98 96 98 2211 3074 2216 3079
772 2 -1
1349 85 73 88 74 2212 3075 2218 3081
773 4 -1
1354 71 6 72 6 2217 3080 2220 3083
774 12 -1
1355 55 61 56 62 2218 3081 2223 3086
775 10 -1
1359 14 61 18 61 2222 3085 2227 3090
776 11 -1
1362 38 54 40 54 2225 3088 2227 3090
777 9 -1
1365 23 73 24 73 2228 3091 2229 3092
778 8 -1
1368 70 29 72 29 2231 3094 2233 3096
779 1 -1
1369 14 19 30 38 2232 3095 2267 3130
780 13 -1
1370 52 22 52 23 2233 3096 2235 3098
781 0 -1
1372 47 1 52 1 2235 3098 2240 3103
782 3 -1
1374 51 37 52 38 2237 3100 2239 3102
783 3 -1
1375 97 4 97 5 2238 3101 2245 3108
784 5 -1
1376 14 97 15 97 2239 3102 2240 3103
785 7 -1
1377 83 77 83 78 2240 3103 2243 3106
786 13 -1
1378 18 59 18 59 2241 3104 2242 3105
787 3 -1
1379 77 42 81 42 2242 3105 2246 3109
788 7 -1
1381 14 3 15 5 2244 3107 2247 3110
789 6 -1
1382 97 97 94 97 2245 3108 2248 3111
790 12 -1
1383 61 27 61 28 2246 3109 2248 3111
791 15 -1
1385 83 38 86 40 2248 3111 2254 3117
792 11 -1
1386 11 6 11 6 2249 3112 2252 3115
793 7 -1
1387 28 74 34 78 2250 3113 2261 3124
794 2 -1
1388 42 66 45 66 2251 3114 2254 3117
795 0 -1
1389 27 78 29 78 2252 3115 2254 3117
796 6 -1
1390 67 65 67 66 2253 3116 2255 3118
797 11 -1
1391 54 9 55 9 2254 3117 2256 3119
798 12 -1
1393 2 64 3 64 2256 3119 2258 3121
799 4 -1
1395 98 51 96 53 2258 3121 2266 3129
800 10 -1
1396 38 58 38 59 2259 3122 2260 3123
801 5 -1
1400 62 27 65 27 2263 3126 2266 3129
802 0 -1
1401 66 42 69 42 2264 3127 2267 3130
803 2 -1
1402 66 19 73 19 2265 3128 2272 3135
804 5 -1
1403 29 54 30 55 2266 3129 2268 3131
805 14 -1
1406 18 47 19 47 2269 3132 2270 3133
806 14 -1
1411 45 76 46 76 2274 3137 2276 3139
807 6 -1
1412 85 29 91 29 2275 3138 2281 3144
808 10 -1
1413 51 19 52 19 2276 3139 2277 3140
809 0 -1
1414 81 26 82 26 2277 3140 2279 3142
810 5 -1
1415 80 54 82 54 2278 3141 2280 3143
811 5 -1
1417 1 95 1 96 2280 3143 2281 3144
812 11 -1
1418 45 99 48 97 2281 3144 2286 3149
813 10 -1
1419 20 87 22 90 2282 3145 2289 3152
814 3 -1
1420 12 75 20 75 2283 3146 2291 3154
815 9 -1
1423 98 8 99 8 2286 3149 2287 3150
816 10 -1
1426 97 44 98 45 2289 3152 2291 3154
817 15 -1
1428 30 31 31 31 2291 3154 2294 3157
818 11 -1
1429 46 69 46 70 2292 3155 2294 3157
819 1 -1
1430 27 7 27 7 2293 3156 2294 3157
820 10 -1
1431 55 70 56 71 2294 3157 2297 3160
821 2 -1
1432 33 47 34 47 2295 3158 2296 3159
822 15 -1
1434 49 49 50 49 2297 3160 2298 3161
823 10 -1
1435 10 6 15 8 2298 3161 2305 3168
824 9 -1
1436 30 95 30 95 2299 3162 2301 3164
825 15 -1
1438 6 95 6 95 2301 3164 2305 3168
826 12 -1
1439 67 20 67 21 2302 3165 2303 3166
827 13 -1
1440 39 11 40 12 2303 3166 2306 3169
828 13 -1
1441 55 32 56 37 2304 3167 2311 3174
829 9 -1
1442 51 93 53 93 2305 3168 2307 3170
830 13 -1
1443 78 22 83 22 2306 3169 2311 3174
831 9 -1
1444 9 10 10 11 2307 3170 2309 3172
832 4 -1
1446 52 17 53 20 2309 3172 2315 3178
833 12 -1
1447 89 92 91 92 2310 3173 2312 3175
834 1 -1
1448 14 71 15 71 2311 3174 2313 3176
835 13 -1
1452 60 58 60 59 2315 3178 2316 3179
836 4 -1
1454 66 23 68 24 2317 3180 2321 3184
837 6 -1
1455 80 57 81 58 2318 3181 2320 3183
838 12 -1
1456 43 46 43 47 2319 3182 2320 3183
839 5 -1
1457 72 30 77 31 2320 3183 2326 3189
840 5 -1
1458 20 66 22 67 2321 3184 2331 3194
841 5 -1
1461 78 77 80 78 2324 3187 2327 3190
842 6 -1
1462 87 13 88 14 2325 3188 2329 3192
843 10 -1
1463 92 6 93 6 2326 3189 2328 3191
844 0 -1
1465 70 58 72 58 2328 3191 2330 3193
845 3 -1
1466 16 80 18 80 2329 3192 2331 3194
846 10 -1
1468 67 23 67 24 2331 3194 2332 3195
847 12 -1
1469 88 64 92 65 2332 3195 2337 3200
848 4 -1
1470 85 12 85 12 2333 3196 2334 3197
849 5 -1
1472 6 26 9 27 2335 3198 2340 3203
850 11 -1
1473 97 92 97 95 2336 3199 2341 3204
851 15 -1
1474 33 90 37 92 2337 3200 2348 3211
852 2 -1
1475 27 62 28 62 2338 3201 2340 3203
853 2 -1
1478 50 64 54 65 2341 3204 2347 3210
854 8 -1
1479 8 44 8 46 2342 3205 2344 3207
855 8 -1
1481 47 94 49 94 2344 3207 2346 3209
856 10 -1
1483 29 28 40 28 2346 3209 2357 3220
857 12 -1
1486 12 5 15 7 2349 3212 2354 3217
858 11 -1
1487 65 84 66 87 2350 3213 2354 3217
859 15 -1
1493 0 96 2 96 2356 3219 2358 3221
860 1 -1
1495 74 68 74 69 2358 3221 2359 3222
861 9 -1
1496 15 8 17 8 2359 3222 2363 3226
862 0 -1
1497 7 22 10 22 2360 3223 2364 3227
863 0 -1
1499 5 53 7 53 2362 3225 2364 3227
864 8 -1
1500 80 77 82 77 2363 3226 2365 3228
865 10 -1
1501 44 73 50 73 2364 3227 2372 3235
866 3 -1
1502 92 29 95 30 2365 3228 2369 3232
867 13 -1
1504 58 22 58 31 2367 3230 2380 3243
868 9 -1
1505 56 51 66 51 2368 3231 2378 3241
869 9 -1
1506 42 83 44 83 2369 3232 2371 3234
870 8 -1
1507 45 75 47 75 2370 3233 2373 3236
871 1 -1
1508 11 42 16 43 2371 3234 2377 3240
872 3 -1
1509 23 28 23 28 2372 3235 2373 3236
873 5 -1
1511 89 6 91 6 2374 3237 2376 3239
874 3 -1
1513 11 88 16 88 2376 3239 2381 3244
875 15 -1
1515 86 7 87 7 2378 3241 2379 3242
876 5 -1
1516 59 35 62 35 2379 3242 2382 3245
877 12 -1
1517 36 43 39 43 2380 3243 2383 3246
878 12 -1
1518 66 45 66 47 2381 3244 2384 3247
879 2 -1
1519 37 61 37 61 2382 3245 2383 3246
880 0 -1
1521 31 27 32 30 2384 3247 2388 3251
881 14 -1
1522 68 49 70 49 2385 3248 2387 3250
882 14 -1
1523 55 55 56 55 2386 3249 2388 3251
883 9 -1
1527 68 92 70 94 2390 3253 2394 3257
884 7 -1
1528 85 63 85 64 2391 3254 2392 3255
885 9 -1
1533 73 65 74 65 2396 3259 2397 3260
886 12 -1
1534 94 67 99 71 2397 3260 2406 3269
887 6 -1
1535 13 20 13 22 2398 3261 2401 3264
888 3 -1
1536 59 11 59 11 2399 3262 2401 3264
889 6 -1
1538 37 43 39 43 2401 3264 2405 3268
890 10 -1
1540 59 37 59 38 2403 3266 2404 3267
891 6 -1
1543 94 26 96 26 2406 3269 2409 3272
892 13 -1
1544 11 5 11 5 2407 3270 2409 3272
893 6 -1
1545 48 93 48 95 2408 3271 2410 3273
894 0 -1
1547 41 59 46 59 2410 3273 2415 3278
895 5 -1
1550 36 64 38 64 2413 3276 2415 3278
896 6 -1
1551 16 5 18 5 2414 3277 2416 3279
897 6 -1
1552 18 70 21 72 2415 3278 2420 3283
898 10 -1
1554 10 47 11 49 2417 3280 2421 3284
899 13 -1
1555 24 2 25 2 2418 3281 2420 3283
900 1 -1
1556 2 78 3 78 2419 3282 2421 3284
901 13 -1
1559 36 81 40 83 2422 3285 2428 3291
902 4 -1
1560 41 93 42 95 2423 3286 2429 3292
903 4 -1
1562 48 60 48 60 2425 3288 2427 3290
904 0 -1
1563 49 37 54 38 2426 3289 2436 3299
905 4 -1
1564 55 27 56 28 2427 3290 2429 3292
906 12 -1
1566 67 72 67 73 2429 3292 2431 3294
907 3 -1
1567 69 25 71 27 2430 3293 2434 3297
908 15 -1
1573 76 91 84 91 2436 3299 2444 3307
909 1 -1
1575 82 90 82 91 2438 3301 2439 3302
910 1 -1
1576 89 86 91 86 2439 3302 2441 3304
911 1 -1
1577 32 48 32 50 2440 3303 2442 3305
912 4 -1
1579 68 47 70 48 2442 3305 2445 3308
913 15 -1
1580 69 92 70 92 2443 3306 2445 3308
914 13 -1
1582 90 52 90 53 2445 3308 2446 3309
915 11 -1
1584 63 20 63 20 2447 3310 2448 3311
916 13 -1
1587 98 34 99 41 2450 3313 2462 3325
917 13 -1
1588 36 21 39 21 2451 3314 2455 3318
918 11 -1
1589 15 55 15 55 2452 3315 2454 3317
919 13 -1
1590 88 19 90 20 2453 3316 2456 3319
920 2 -1
1591 91 30 92 32 2454 3317 2459 3322
921 7 -1
1593 8 96 8 97 2456 3319 2460 3323
922 11 -1
1594 51 40 51 42 2457 3320 2459 3322
923 11 -1
1596 76 34 78 34 2459 3322 2461 3324
924 9 -1
1598 88 39 89 39 2461 3324 2462 3325
925 6 -1
1599 65 26 69 26 2462 3325 2466 3329
926 10 -1
1600 8 78 8 79 2463 3326 2464 3327
927 15 -1
1603 81 28 82 28 2466 3329 2467 3330
928 7 -1
1606 97 28 99 28 2469 3332 2471 3334
929 0 -1
1608 76 3 77 3 2471 3334 2472 3335
930 7 -1
1609 43 95 43 97 2472 3335 2474 3337
931 5 -1
1610 4 74 5 74 2473 3336 2474 3337
932 15 -1
1611 10 40 11 40 2474 3337 2476 3339
933 14 -1
1613 11 47 13 47 2476 3339 2478 3341
934 6 -1
1615 85 42 86 42 2478 3341 2479 3342
935 4 -1
1618 49 61 50 61 2481 3344 2484 3347
936 5 -1
1620 6 35 7 35 2483 3346 2488 3351
937 0 -1
1621 64 92 67 96 2484 3347 2491 3354
938 7 -1
1623 21 62 23 65 2486 3349 2491 3354
939 3 -1
1624 79 11 80 11 2487 3350 2488 3351
940 6 -1
1625 40 79 42 79 2488 3351 2491 3354
941 10 -1
1626 70 60 72 60 2489 3352 2491 3354
942 11 -1
1627 22 68 34 68 2490 3353 2503 3366
943 13 -1
1629 38 73 38 73 2492 3355 2493 3356
944 2 -1
1631 68 36 69 37 2494 3357 2496 3359
945 6 -1
1633 48 93 52 98 2496 3359 2506 3369
946 14 -1
1634 71 51 72 51 2497 3360 2499 3362
947 13 -1
1637 20 61 21 61 2500 3363 2501 3364
948 2 -1
1638 66 44 67 46 2501 3364 2504 3367
949 9 -1
1640 67 89 73 90 2503 3366 2513 3376
950 7 -1
1641 14 90 17 90 2504 3367 2507 3370
951 11 -1
1642 39 56 39 57 2505 3368 2509 3372
952 9 -1
1645 65 64 65 64 2508 3371 2509 3372
953 3 -1
1648 69 93 71 93 2511 3374 2513 3376
954 6 -1
1649 56 28 57 28 2512 3375 2514 3377
955 2 -1
1650 33 73 34 73 2513 3376 2514 3377
956 9 -1
1656 98 13 95 14 2519 3382 2523 3386
957 10 -1
1657 60 89 63 89 2520 3383 2523 3386
958 1 -1
1659 55 97 58 97 2522 3385 2526 3389
959 11 -1
1660 89 64 92 65 2523 3386 2527 3390
960 7 -1
1661 92 87 93 91 2524 3387 2531 3394
961 5 -1
1662 43 31 49 31 2525 3388 2532 3395
962 7 -1
1663 71 72 73 77 2526 3389 2533 3396
963 0 -1
1664 1 20 1 20 2527 3390 2529 3392
964 1 -1
1665 85 32 86 32 2528 3391 2529 3392
965 4 -1
1668 98 88 99 90 2531 3394 2534 3397
966 12 -1
1671 0 34 2 37 2534 3397 2542 3405
967 7 -1
1672 17 41 18 41 2535 3398 2536 3399
968 0 -1
1673 24 50 26 50 2536 3399 2541 3404
969 15 -1
1675 87 73 88 73 2538 3401 2539 3402
970 3 -1
1676 62 36 64 37 2539 3402 2542 3405
971 15 -1
1678 95 49 95 52 2541 3404 2544 3407
972 2 -1
1679 22 23 29 23 2542 3405 2549 3412
973 6 -1
1680 12 0 12 0 2543 3406 2547 3410
974 7 -1
1683 53 58 55 58 2546 3409 2553 3416
975 8 -1
1685 64 32 67 32 2548 3411 2551 3414
976 5 -1
1686 23 16 25 19 2549 3412 2559 3422
977 10 -1
1687 73 66 75 68 2550 3413 2554 3417
978 14 -1
1688 21 29 25 31 2551 3414 2557 3420
979 5 -1
1690 31 86 31 88 2553 3416 2557 3420
980 12 -1
1691 2 46 3 46 2554 3417 2556 3419
981 8 -1
1692 47 63 49 64 2555 3418 2558 3421
982 13 -1
1694 60 19 60 20 2557 3420 2558 3421
983 4 -1
1695 39 85 41 85 2558 3421 2562 3425
984 1 -1
1696 72 55 74 55 2559 3422 2562 3425
985 3 -1
1697 77 71 78 72 2560 3423 2562 3425
986 11 -1
1698 37 46 38 47 2561 3424 2563 3426
987 14 -1
1700 95 4 97 4 2563 3426 2565 3428
988 4 -1
1702 35 51 36 64 2565 3428 2579 3442
989 0 -1
1703 83 36 83 36 2566 3429 2567 3430
990 5 -1
1704 37 53 38 54 2567 3430 2570 3433
991 2 -1
1709 24 96 26 97 2572 3435 2575 3438
992 2 -1
1712 56 25 56 28 2575 3438 2578 3441
993 8 -1
1714 6 41 6 42 2577 3440 2578 3441
994 0 -1
1717 69 27 71 27 2580 3443 2584 3447
995 4 -1
1718 64 14 66 14 2581 3444 2583 3446
996 14 -1
1720 58 82 61 84 2583 3446 2589 3452
997 8 -1
1722 40 37 40 38 2585 3448 2586 3449
998 13 -1
1723 9 70 10 70 2586 3449 2588 3451
999 0 -1
1725 96 84 98 84 2588 3451 2590 3453
1000 8 -1
1726 4 25 5 27 2589 3452 2592 3455
