100 100 1797
16
0 84 78
1 81 83
2 50 52
3 45 11
4 25 76
5 89 57
6 48 21
7 41 70
8 4 18
9 98 50
10 82 84
11 92 84
12 10 55
13 60 0
14 43 80
15 45 75
64
0 0 200 100 6
0
1 0 388 100 6
0
2 0 589 100 6
0
3 0 764 100 6
0
4 1 217 100 6
0
5 1 401 100 6
0
6 1 598 100 6
0
7 1 793 100 6
0
8 2 192 100 6
0
9 2 389 100 6
0
10 2 591 100 6
0
11 2 781 100 6
0
12 3 202 100 6
0
13 3 373 100 6
0
14 3 559 100 6
0
15 3 766 100 6
0
16 4 178 100 6
0
17 4 372 100 6
0
18 4 559 100 6
0
19 4 758 100 6
0
20 5 206 100 6
0
21 5 383 100 6
0
22 5 581 100 6
0
23 5 764 100 6
0
24 6 193 100 6
0
25 6 389 100 6
0
26 6 591 100 6
0
27 6 771 100 6
0
28 7 196 100 6
0
29 7 386 100 6
0
30 7 575 100 6
0
31 7 759 100 6
0
32 8 192 100 6
0
33 8 383 100 6
0
34 8 599 100 6
0
35 8 810 100 6
0
36 9 188 100 6
0
37 9 345 100 6
0
38 9 537 100 6
0
39 9 726 100 6
0
40 10 186 100 6
0
41 10 392 100 6
0
42 10 606 100 6
0
43 10 803 100 6
0
44 11 196 100 6
0
45 11 399 100 6
0
46 11 582 100 6
0
47 11 789 100 6
0
48 12 195 100 6
0
49 12 417 100 6
0
50 12 600 100 6
0
51 12 809 100 6
0
52 13 180 100 6
0
53 13 365 100 6
0
54 13 559 100 6
0
55 13 724 100 6
0
56 14 206 100 6
0
57 14 379 100 6
0
58 14 579 100 6
0
59 14 766 100 6
0
60 15 177 100 6
0
61 15 350 100 6
0
62 15 537 100 6
0
63 15 735 100 6
0
1000
1 12 -1
2 4 20 7 20 36 70 39 73
2 3 -1
5 11 39 11 43 39 73 44 78
3 11 -1
7 46 41 49 42 41 75 45 79
4 0 -1
8 72 73 75 77 42 76 51 85
5 3 -1
9 8 20 14 20 43 77 49 83
6 2 -1
10 5 77 7 79 44 78 48 82
7 6 -1
11 37 40 40 41 45 79 51 85
8 2 -1
12 58 54 59 54 46 80 48 82
9 10 -1
13 15 11 17 11 47 81 49 83
10 9 -1
14 35 20 37 20 48 82 51 85
11 14 -1
15 52 60 54 62 49 83 55 89
12 13 -1
17 23 34 24 37 51 85 55 89
13 12 -1
18 64 32 64 37 52 86 58 92
14 0 -1
19 6 62 6 63 53 87 54 88
15 9 -1
20 90 97 92 97 54 88 56 90
16 5 -1
21 45 66 45 67 55 89 57 91
17 6 -1
22 79 25 79 26 56 90 60 94
18 5 -1
24 4 91 6 91 58 92 60 94
19 0 -1
29 22 22 23 23 63 97 69 103
20 13 -1
30 67 71 68 71 64 98 66 100
21 2 -1
31 38 86 38 88 65 99 67 101
22 11 -1
33 61 68 61 71 67 101 73 107
23 4 -1
35 41 42 41 42 69 103 70 104
24 10 -1
36 47 96 48 96 70 104 72 106
25 4 -1
39 87 17 87 17 73 107 74 108
26 10 -1
40 15 82 16 82 74 108 75 109
27 7 -1
41 42 70 44 70 75 109 77 111
28 13 -1
42 30 64 30 65 76 110 77 111
29 8 -1
43 3 83 4 83 77 111 78 112
30 9 -1
45 50 64 50 66 79 113 81 115
31 5 -1
49 34 62 35 63 83 117 86 120
32 0 -1
52 89 2 92 5 86 120 93 127
33 7 -1
53 6 2 6 5 87 121 92 126
34 2 -1
54 86 67 87 67 88 122 89 123
35 0 -1
56 14 49 29 51 90 124 107 141
36 0 -1
57 18 18 20 18 91 125 93 127
37 1 -1
59 21 38 22 38 93 127 94 128
38 3 -1
61 87 53 88 53 95 129 97 131
39 14 -1
62 22 91 23 94 96 130 104 138
40 10 -1
64 17 43 33 45 98 132 117 151
41 7 -1
69 87 53 89 53 103 137 105 139
42 15 -1
71 69 90 71 92 105 139 113 147
43 3 -1
73 95 25 96 26 107 141 112 146
44 2 -1
76 69 97 70 97 110 144 113 147
45 10 -1
78 32 54 32 55 112 146 114 148
46 12 -1
80 11 42 14 42 114 148 117 151
47 6 -1
81 63 65 64 66 115 149 117 151
48 9 -1
82 54 24 57 26 116 150 122 156
49 13 -1
83 42 40 46 40 117 151 122 156
50 12 -1
84 80 18 81 18 118 152 119 153
51 14 -1
86 62 77 65 79 120 154 130 164
52 6 -1
87 10 38 11 38 121 155 122 156
53 13 -1
90 68 13 68 13 124 158 125 159
54 0 -1
91 96 76 92 76 125 159 129 163
55 11 -1
92 89 19 90 19 126 160 127 161
56 3 -1
93 31 30 33 31 127 161 130 164
57 3 -1
94 95 13 98 16 128 162 134 168
58 9 -1
96 33 76 35 76 130 164 132 166
59 2 -1
103 12 55 13 56 137 171 140 174
60 4 -1
105 7 55 8 56 139 173 141 175
61 4 -1
106 14 44 21 44 140 174 150 184
62 7 -1
107 70 63 71 64 141 175 144 178
63 14 -1
108 26 11 31 12 142 176 150 184
64 6 -1
110 65 3 69 6 144 178 152 186
65 4 -1
111 49 20 50 20 145 179 146 180
66 15 -1
114 13 47 17 48 148 182 154 188
67 11 -1
115 18 87 23 87 149 183 154 188
68 7 -1
116 67 37 76 38 150 184 162 196
69 7 -1
119 40 76 42 77 153 187 156 190
70 4 -1
120 26 52 26 53 154 188 155 189
71 8 -1
122 22 73 25 73 156 190 160 194
72 14 -1
123 80 0 81 0 157 191 160 194
73 2 -1
124 17 41 17 44 158 192 162 196
74 5 -1
127 57 51 57 51 161 195 162 196
75 11 -1
128 79 91 92 95 162 196 181 215
76 1 -1
130 95 12 96 12 164 198 165 199
77 9 -1
132 84 56 93 59 166 200 181 215
78 12 -1
134 27 27 28 27 168 202 169 203
79 9 -1
135 95 46 90 50 169 203 180 214
80 1 -1
136 59 41 59 43 170 204 172 206
81 0 -1
139 27 96 28 96 173 207 174 208
82 7 -1
140 97 27 99 27 174 208 178 212
83 11 -1
141 88 92 89 95 175 209 180 214
84 15 -1
144 86 38 91 38 178 212 183 217
85 11 -1
145 81 24 83 24 179 213 181 215
86 1 -1
146 46 80 47 80 180 214 181 215
87 11 -1
147 71 66 71 66 181 215 182 216
88 15 -1
148 22 42 22 42 182 216 183 217
89 0 -1
149 92 31 92 32 183 217 185 219
90 7 -1
150 13 76 18 77 184 218 190 224
91 9 -1
153 94 26 94 26 187 221 188 222
92 5 -1
154 41 0 44 1 188 222 192 226
93 7 -1
155 0 16 2 18 189 223 193 227
94 5 -1
156 87 29 92 29 190 224 195 229
95 7 -1
157 27 15 31 16 191 225 196 230
96 9 -1
160 65 22 68 23 194 228 200 234
97 12 -1
162 47 22 48 22 196 230 197 231
98 2 -1
163 33 51 33 51 197 231 198 232
99 1 -1
166 75 23 75 25 200 234 202 236
100 5 -1
167 84 57 86 58 201 235 206 240
101 2 -1
168 92 23 93 23 202 236 204 238
102 5 -1
169 48 44 51 44 203 237 208 242
103 10 -1
170 88 82 91 83 204 238 209 243
104 4 -1
172 5 15 6 15 206 240 211 245
105 0 -1
173 16 19 17 21 207 241 212 246
106 9 -1
174 50 83 52 83 208 242 210 244
107 4 -1
179 41 44 42 44 213 247 214 248
108 12 -1
183 45 30 49 30 217 251 222 256
109 5 -1
184 25 18 27 18 218 252 220 254
110 9 -1
185 84 93 84 94 219 253 221 255
111 14 -1
186 70 2 72 7 220 254 229 263
112 11 -1
187 9 45 15 45 221 255 227 261
113 6 -1
189 76 27 79 29 223 257 228 262
114 10 -1
190 78 62 80 65 224 258 229 263
115 10 -1
193 4 49 5 49 227 261 228 262
116 8 -1
196 4 31 5 31 230 264 232 266
117 0 -1
197 25 13 25 13 231 265 232 266
118 3 -1
198 23 69 31 73 232 266 250 284
119 7 -1
199 73 58 73 59 233 267 234 268
120 12 -1
200 24 13 25 14 234 268 236 270
121 7 -1
201 66 85 67 85 235 269 236 270
122 12 -1
204 18 85 18 86 238 272 239 273
123 6 -1
208 72 51 72 51 242 276 243 277
124 4 -1
209 7 90 7 90 243 277 244 278
125 1 -1
211 89 10 92 10 245 279 248 282
126 5 -1
212 35 94 36 94 246 280 248 282
127 1 -1
213 66 67 71 68 247 281 255 289
128 6 -1
214 54 96 56 96 248 282 253 287
129 4 -1
218 2 46 7 48 252 286 259 293
130 10 -1
219 59 83 59 83 253 287 255 289
131 15 -1
224 34 33 34 35 258 292 261 295
132 5 -1
225 39 90 40 91 259 293 261 295
133 14 -1
229 89 56 90 60 263 297 269 303
134 6 -1
230 41 96 41 96 264 298 265 299
135 4 -1
231 41 66 42 66 265 299 268 302
136 5 -1
236 92 70 94 70 270 304 272 306
137 14 -1
237 12 40 14 40 271 305 273 307
138 3 -1
240 79 83 81 87 274 308 285 319
139 3 -1
242 82 69 82 71 276 310 278 312
140 2 -1
244 46 59 46 61 278 312 283 317
141 8 -1
245 61 81 61 84 279 313 285 319
142 9 -1
246 13 9 16 9 280 314 283 317
143 2 -1
247 91 80 93 81 281 315 284 318
144 6 -1
248 61 84 62 86 282 316 285 319
145 6 -1
250 42 24 44 24 284 318 286 320
146 6 -1
251 13 3 15 3 285 319 288 322
147 9 -1
253 93 66 94 66 287 321 288 322
148 5 -1
255 54 59 54 61 289 323 291 325
149 8 -1
256 21 7 23 8 290 324 294 328
150 3 -1
257 65 83 67 85 291 325 295 329
151 0 -1
258 62 6 62 6 292 326 293 327
152 7 -1
260 39 4 39 4 294 328 296 330
153 1 -1
261 45 34 50 34 295 329 307 341
154 1 -1
266 66 94 66 97 300 334 304 338
155 13 -1
267 13 23 15 24 301 335 304 338
156 10 -1
268 58 31 60 31 302 336 304 338
157 12 -1
269 68 19 69 19 303 337 304 338
158 10 -1
271 16 47 17 52 305 339 311 345
159 12 -1
272 65 87 66 87 306 340 307 341
160 7 -1
274 70 34 75 41 308 342 321 355
161 1 -1
277 92 57 93 58 311 345 313 347
162 7 -1
278 85 59 88 59 312 346 318 352
163 6 -1
279 89 77 89 80 313 347 317 351
164 5 -1
280 92 30 94 31 314 348 317 351
165 12 -1
283 68 70 69 70 317 351 318 352
166 3 -1
285 37 26 39 26 319 353 322 356
167 11 -1
286 89 63 91 63 320 354 323 357
168 10 -1
289 43 0 46 0 323 357 326 360
169 5 -1
293 79 41 82 41 327 361 331 365
170 8 -1
294 33 27 33 27 328 362 332 366
171 8 -1
295 23 38 23 39 329 363 331 365
172 3 -1
296 58 71 59 73 330 364 334 368
173 14 -1
303 96 71 96 79 337 371 346 380
174 6 -1
305 16 51 18 54 339 373 344 378
175 15 -1
306 37 39 38 39 340 374 341 375
176 2 -1
307 14 57 15 57 341 375 343 377
177 2 -1
310 14 8 18 8 344 378 348 382
178 12 -1
311 42 41 44 42 345 379 349 383
179 15 -1
312 48 34 50 38 346 380 355 389
180 6 -1
313 1 93 2 93 347 381 348 382
181 13 -1
315 56 71 56 72 349 383 351 385
182 1 -1
320 72 1 76 8 354 388 370 404
183 9 -1
321 70 18 70 21 355 389 358 392
184 7 -1
323 24 20 29 23 357 391 370 404
185 2 -1
325 5 56 8 60 359 393 367 401
186 3 -1
326 3 6 4 6 360 394 361 395
187 15 -1
327 88 87 89 88 361 395 364 398
188 10 -1
328 12 0 12 3 362 396 367 401
189 6 -1
329 29 20 29 22 363 397 366 400
190 9 -1
330 46 2 50 3 364 398 369 403
191 10 -1
337 68 86 72 86 371 405 384 418
192 14 -1
340 6 35 6 35 374 408 377 411
193 12 -1
342 63 55 64 55 376 410 377 411
194 10 -1
343 32 74 33 76 377 411 380 414
195 1 -1
345 65 70 74 71 379 413 391 425
196 3 -1
349 5 58 6 58 383 417 384 418
197 11 -1
351 8 15 9 15 385 419 386 420
198 11 -1
354 13 28 15 28 388 422 394 428
199 2 -1
356 31 45 31 45 390 424 391 425
200 5 -1
357 25 6 25 10 391 425 395 429
201 2 -1
358 73 1 74 7 392 426 399 433
202 13 -1
359 64 5 64 6 393 427 396 430
203 13 -1
360 32 62 34 62 394 428 396 430
204 13 -1
361 51 79 54 79 395 429 401 435
205 7 -1
363 7 99 8 99 397 431 398 432
206 8 -1
364 25 81 25 82 398 432 399 433
207 11 -1
365 13 21 13 21 399 433 401 435
208 14 -1
367 76 89 78 90 401 435 407 441
209 12 -1
371 86 52 87 52 405 439 406 440
210 8 -1
372 32 3 36 6 406 440 414 448
211 6 -1
373 9 62 9 63 407 441 410 444
212 2 -1
374 74 2 75 2 408 442 409 443
213 9 -1
375 58 5 59 5 409 443 410 444
214 11 -1
377 49 6 49 6 411 445 412 446
215 2 -1
379 67 74 67 75 413 447 414 448
216 3 -1
380 14 67 14 67 414 448 415 449
217 14 -1
381 89 93 89 93 415 449 420 454
218 6 -1
382 79 30 80 31 416 450 418 452
219 8 -1
383 61 54 62 54 417 451 418 452
220 7 -1
388 86 83 86 84 422 456 423 457
221 10 -1
391 70 35 72 35 425 459 427 461
222 0 -1
392 66 63 68 63 426 460 428 462
223 1 -1
394 37 87 37 89 428 462 431 465
224 11 -1
396 53 78 57 78 430 464 435 469
225 10 -1
397 95 30 96 30 431 465 432 466
226 15 -1
400 96 87 97 88 434 468 436 470
227 14 -1
401 94 42 94 44 435 469 437 471
228 1 -1
403 36 31 40 32 437 471 442 476
229 1 -1
404 60 4 62 4 438 472 440 474
230 0 -1
407 72 11 73 11 441 475 442 476
231 8 -1
408 12 50 12 50 442 476 445 479
232 15 -1
411 35 88 36 88 445 479 447 481
233 15 -1
412 91 99 91 99 446 480 447 481
234 13 -1
414 42 56 42 57 448 482 449 483
235 0 -1
418 81 29 81 29 452 486 453 487
236 9 -1
420 68 36 69 36 454 488 455 489
237 12 -1
421 74 35 75 35 455 489 457 491
238 15 -1
423 1 30 1 31 457 491 458 492
239 7 -1
426 6 75 8 75 460 494 465 499
240 13 -1
428 44 61 44 62 462 496 464 498
241 4 -1
433 66 73 66 74 467 501 469 503
242 0 -1
437 52 81 52 82 471 505 472 506
243 15 -1
439 69 32 70 32 473 507 475 509
244 14 -1
441 12 88 16 90 475 509 483 517
245 7 -1
446 33 69 37 69 480 514 484 518
246 1 -1
448 6 64 8 65 482 516 485 519
247 14 -1
450 69 70 70 72 484 518 492 526
248 9 -1
452 3 40 5 40 486 520 489 523
249 14 -1
455 19 73 21 74 489 523 492 526
250 5 -1
460 48 33 48 38 494 528 500 534
251 5 -1
461 2 80 3 80 495 529 497 531
252 2 -1
462 99 78 98 79 496 530 499 533
253 11 -1
464 71 75 72 76 498 532 500 534
254 1 -1
469 23 61 23 62 503 537 505 539
255 6 -1
471 14 86 21 88 505 539 516 550
256 12 -1
475 61 73 63 73 509 543 511 545
257 2 -1
478 35 4 39 4 512 546 516 550
258 12 -1
479 92 48 94 48 513 547 515 549
259 3 -1
480 24 75 30 76 514 548 522 556
260 2 -1
481 12 76 16 76 515 549 521 555
261 9 -1
482 69 92 69 93 516 550 517 551
262 1 -1
484 63 65 66 65 518 552 522 556
263 10 -1
486 3 19 5 20 520 554 523 557
264 9 -1
488 52 2 52 5 522 556 525 559
265 5 -1
489 79 49 88 50 523 557 536 570
266 12 -1
491 11 61 12 61 525 559 527 561
267 14 -1
493 43 25 44 25 527 561 528 562
268 1 -1
496 18 35 18 35 530 564 531 565
269 1 -1
501 16 69 18 69 535 569 537 571
270 4 -1
502 11 20 14 21 536 570 540 574
271 5 -1
505 51 44 51 44 539 573 541 575
272 2 -1
506 25 41 30 41 540 574 545 579
273 1 -1
507 67 9 69 10 541 575 545 579
274 15 -1
509 7 11 7 12 543 577 544 578
275 15 -1
511 82 54 83 55 545 579 547 581
276 11 -1
512 45 67 45 68 546 580 547 581
277 13 -1
515 2 56 5 56 549 583 552 586
278 15 -1
516 42 65 54 65 550 584 563 597
279 11 -1
517 94 72 97 73 551 585 555 589
280 14 -1
518 63 58 64 58 552 586 554 588
281 7 -1
520 88 42 88 43 554 588 555 589
282 1 -1
522 92 93 95 99 556 590 565 599
283 5 -1
523 57 86 58 86 557 591 558 592
284 1 -1
525 91 19 93 19 559 593 561 595
285 13 -1
526 93 94 93 94 560 594 562 596
286 9 -1
528 34 18 37 19 562 596 567 601
287 13 -1
530 89 43 93 43 564 598 568 602
288 7 -1
533 80 28 80 29 567 601 569 603
289 12 -1
535 67 6 69 7 569 603 572 606
290 7 -1
536 14 21 15 21 570 604 572 606
291 12 -1
537 7 66 8 66 571 605 572 606
292 3 -1
538 3 49 3 52 572 606 575 609
293 3 -1
540 65 30 69 30 574 608 578 612
294 1 -1
541 17 53 19 53 575 609 578 612
295 14 -1
542 61 17 67 19 576 610 584 618
296 8 -1
543 24 19 26 19 577 611 579 613
297 14 -1
546 18 82 18 82 580 614 582 616
298 10 -1
547 27 36 28 36 581 615 583 617
299 7 -1
550 24 83 25 83 584 618 585 619
300 6 -1
552 84 47 84 48 586 620 589 623
301 3 -1
553 71 83 73 83 587 621 589 623
302 14 -1
555 60 64 60 65 589 623 594 628
303 11 -1
556 49 10 49 10 590 624 592 626
304 6 -1
558 70 35 71 35 592 626 593 627
305 15 -1
559 47 32 47 33 593 627 598 632
306 7 -1
560 47 30 47 32 594 628 596 630
307 9 -1
562 39 18 40 18 596 630 597 631
308 12 -1
565 57 83 58 83 599 633 603 637
309 4 -1
566 95 97 99 97 600 634 604 638
310 3 -1
567 8 24 8 24 601 635 602 636
311 9 -1
570 86 7 90 7 604 638 608 642
312 7 -1
572 36 60 36 61 606 640 609 643
313 10 -1
573 33 57 36 57 607 641 610 644
314 12 -1
575 22 78 24 78 609 643 611 645
315 3 -1
577 88 23 89 23 611 645 612 646
316 5 -1
578 43 50 44 50 612 646 614 648
317 14 -1
579 11 29 15 30 613 647 618 652
318 5 -1
580 53 6 54 6 614 648 615 649
319 10 -1
585 25 80 28 80 619 653 622 656
320 10 -1
588 44 78 45 81 622 656 627 661
321 8 -1
589 49 1 49 3 623 657 638 672
322 14 -1
592 26 37 26 37 626 660 627 661
323 5 -1
594 88 40 88 40 628 662 630 664
324 11 -1
595 21 88 34 88 629 663 644 678
325 8 -1
596 87 58 88 60 630 664 634 668
326 13 -1
597 55 95 61 97 631 665 639 673
327 5 -1
599 83 29 86 31 633 667 641 675
328 6 -1
600 47 38 49 39 634 668 637 671
329 2 -1
601 75 65 77 65 635 669 637 671
330 6 -1
603 77 17 77 18 637 671 639 673
331 5 -1
608 33 97 35 97 642 676 645 679
332 4 -1
609 35 80 36 80 643 677 644 678
333 7 -1
610 49 59 53 60 644 678 649 683
334 1 -1
611 76 26 77 29 645 679 649 683
335 13 -1
613 65 63 67 67 647 681 655 689
336 7 -1
614 63 30 66 33 648 682 654 688
337 8 -1
615 7 0 8 0 649 683 650 684
338 3 -1
616 2 47 2 49 650 684 652 686
339 6 -1
619 59 37 61 37 653 687 658 692
340 6 -1
620 33 25 35 25 654 688 656 690
341 12 -1
621 16 81 21 81 655 689 660 694
342 13 -1
622 63 29 63 31 656 690 659 693
343 12 -1
623 15 4 17 4 657 691 659 693
344 7 -1
624 92 78 93 78 658 692 659 693
345 0 -1
625 19 46 20 46 659 693 661 695
346 10 -1
628 41 42 42 42 662 696 663 697
347 7 -1
629 44 54 45 58 663 697 668 702
348 5 -1
630 44 0 44 1 664 698 665 699
349 6 -1
634 22 18 23 18 668 702 669 703
350 14 -1
635 57 70 58 71 669 703 671 705
351 14 -1
636 35 26 36 27 670 704 672 706
352 12 -1
637 56 13 57 14 671 705 673 707
353 7 -1
639 77 98 78 98 673 707 674 708
354 3 -1
640 27 11 29 11 674 708 676 710
355 11 -1
641 86 3 86 4 675 709 677 711
356 0 -1
643 62 74 62 74 677 711 683 717
357 1 -1
645 32 14 34 14 679 713 681 715
358 13 -1
646 50 74 50 75 680 714 682 716
359 14 -1
648 46 70 47 70 682 716 683 717
360 12 -1
649 23 25 25 28 683 717 693 727
361 5 -1
650 0 7 0 7 684 718 685 719
362 11 -1
651 12 82 13 85 685 719 689 723
363 9 -1
652 12 92 13 96 686 720 701 735
364 14 -1
653 47 16 47 17 687 721 688 722
365 14 -1
656 82 56 82 57 690 724 691 725
366 6 -1
662 83 17 84 17 696 730 698 732
367 0 -1
663 1 89 9 89 697 731 705 739
368 5 -1
664 71 35 73 35 698 732 700 734
369 4 -1
665 14 33 15 33 699 733 700 734
370 10 -1
666 17 94 18 94 700 734 702 736
371 3 -1
667 30 51 33 51 701 735 704 738
372 7 -1
669 74 31 74 31 703 737 704 738
373 5 -1
672 86 55 87 57 706 740 710 744
374 15 -1
673 51 40 51 40 707 741 709 743
375 5 -1
674 63 85 65 87 708 742 712 746
376 8 -1
675 91 68 95 69 709 743 714 748
377 7 -1
678 74 63 77 63 712 746 716 750
378 7 -1
679 56 5 56 7 713 747 716 750
379 15 -1
680 60 1 63 1 714 748 720 754
380 8 -1
681 16 0 18 0 715 749 717 751
381 1 -1
682 77 4 77 5 716 750 718 752
382 3 -1
684 11 35 13 35 718 752 720 754
383 2 -1
685 88 88 90 90 719 753 724 758
384 1 -1
687 55 64 58 64 721 755 726 760
385 1 -1
688 92 51 92 52 722 756 724 758
386 7 -1
689 89 57 89 59 723 757 725 759
387 1 -1
690 92 43 93 43 724 758 726 760
388 5 -1
691 98 61 98 62 725 759 727 761
389 2 -1
692 95 63 95 63 726 760 728 762
390 9 -1
694 53 60 56 60 728 762 731 765
391 4 -1
696 13 8 15 8 730 764 732 766
392 8 -1
698 42 43 47 43 732 766 737 771
393 0 -1
700 82 68 83 68 734 768 735 769
394 9 -1
701 94 96 94 96 735 769 736 770
395 13 -1
702 59 78 61 82 736 770 743 777
396 8 -1
703 35 58 37 58 737 771 739 773
397 2 -1
704 48 74 48 75 738 772 740 774
398 11 -1
705 29 67 31 67 739 773 743 777
399 7 -1
706 95 18 96 18 740 774 742 776
400 15 -1
707 93 18 95 18 741 775 745 779
401 5 -1
708 25 15 27 15 742 776 749 783
402 3 -1
710 69 15 71 16 744 778 747 781
403 10 -1
712 8 56 8 57 746 780 747 781
404 0 -1
714 33 37 34 37 748 782 749 783
405 4 -1
716 17 99 18 99 750 784 751 785
406 12 -1
718 2 30 9 30 752 786 760 794
407 10 -1
719 8 73 8 73 753 787 754 788
408 4 -1
720 30 0 32 0 754 788 756 790
409 12 -1
722 7 79 9 79 756 790 758 792
410 2 -1
724 5 81 7 81 758 792 760 794
411 13 -1
725 91 3 93 5 759 793 770 804
412 12 -1
726 98 6 99 6 760 794 764 798
413 11 -1
727 9 82 9 83 761 795 764 798
414 2 -1
728 49 41 51 41 762 796 767 801
415 5 -1
729 54 10 54 10 763 797 764 798
416 9 -1
731 36 21 37 21 765 799 766 800
417 9 -1
733 16 71 17 72 767 801 769 803
418 11 -1
734 6 10 8 10 768 802 770 804
419 0 -1
735 14 0 16 0 769 803 772 806
420 4 -1
736 2 28 3 29 770 804 772 806
421 7 -1
737 51 49 53 50 771 805 774 808
422 1 -1
742 47 64 49 64 776 810 781 815
423 14 -1
744 99 25 98 26 778 812 780 814
424 4 -1
745 23 59 26 59 779 813 784 818
425 5 -1
748 68 26 70 26 782 816 784 818
426 15 -1
750 7 68 8 68 784 818 785 819
427 5 -1
751 24 49 24 49 785 819 786 820
428 14 -1
752 97 40 99 41 786 820 789 823
429 14 -1
753 78 15 78 16 787 821 788 822
430 1 -1
754 24 56 27 59 788 822 794 828
431 15 -1
755 70 70 72 70 789 823 791 825
432 4 -1
757 29 28 30 29 791 825 793 827
433 10 -1
758 19 59 26 60 792 826 800 834
434 10 -1
759 14 56 16 56 793 827 795 829
435 14 -1
760 57 40 58 40 794 828 795 829
436 6 -1
766 43 95 45 95 800 834 802 836
437 3 -1
767 48 26 48 28 801 835 803 837
438 12 -1
768 14 94 15 95 802 836 805 839
439 0 -1
771 43 21 44 21 805 839 806 840
440 7 -1
772 17 73 17 75 806 840 808 842
441 7 -1
773 39 24 41 25 807 841 810 844
442 14 -1
775 76 39 81 39 809 843 814 848
443 0 -1
777 64 7 66 7 811 845 813 847
444 4 -1
778 51 38 51 40 812 846 814 848
445 8 -1
779 64 75 64 77 813 847 816 850
446 6 -1
781 68 97 68 98 815 849 816 850
447 6 -1
782 10 36 10 38 816 850 820 854
448 5 -1
784 65 94 65 95 818 852 820 854
449 15 -1
787 23 64 25 64 821 855 823 857
450 11 -1
788 57 39 57 40 822 856 823 857
451 13 -1
789 61 65 61 68 823 857 827 861
452 11 -1
790 0 17 1 18 824 858 826 860
453 5 -1
791 24 36 25 36 825 859 830 864
454 14 -1
793 57 63 59 64 827 861 830 864
455 8 -1
794 22 88 26 88 828 862 832 866
456 12 -1
795 70 23 71 24 829 863 831 865
457 13 -1
796 83 53 86 53 830 864 834 868
458 5 -1
797 77 93 77 94 831 865 832 866
459 6 -1
798 49 75 51 75 832 866 835 869
460 2 -1
799 78 65 78 67 833 867 835 869
461 3 -1
800 25 13 26 13 834 868 839 873
462 14 -1
802 23 88 23 88 836 870 840 874
463 5 -1
803 20 82 21 83 837 871 839 873
464 11 -1
805 91 26 96 26 839 873 844 878
465 3 -1
806 63 28 67 33 840 874 849 883
466 13 -1
807 16 60 17 61 841 875 843 877
467 2 -1
810 11 97 11 97 844 878 845 879
468 6 -1
813 18 29 19 29 847 881 848 882
469 1 -1
818 75 83 75 85 852 886 854 888
470 15 -1
820 84 28 85 28 854 888 857 891
471 3 -1
824 71 90 72 90 858 892 860 894
472 6 -1
825 42 17 43 19 859 893 862 896
473 14 -1
827 21 27 21 27 861 895 862 896
474 14 -1
828 2 17 10 18 862 896 872 906
475 14 -1
830 50 25 50 27 864 898 867 901
476 4 -1
831 37 39 38 39 865 899 866 900
477 9 -1
833 78 40 80 40 867 901 869 903
478 2 -1
834 50 54 52 54 868 902 870 904
479 3 -1
835 76 22 80 25 869 903 879 913
480 8 -1
839 82 74 84 74 873 907 875 909
481 8 -1
841 49 34 49 35 875 909 879 913
482 15 -1
842 36 24 37 24 876 910 878 912
483 6 -1
844 19 30 22 30 878 912 883 917
484 6 -1
845 88 38 90 38 879 913 881 915
485 5 -1
846 90 8 95 8 880 914 886 920
486 1 -1
847 72 74 73 74 881 915 882 916
487 8 -1
850 3 66 6 66 884 918 887 921
488 8 -1
851 24 98 26 98 885 919 889 923
489 13 -1
854 13 38 14 38 888 922 889 923
490 14 -1
856 19 54 21 55 890 924 893 927
491 7 -1
859 12 39 12 44 893 927 898 932
492 11 -1
860 3 47 3 47 894 928 895 929
493 12 -1
861 50 60 50 62 895 929 897 931
494 8 -1
864 35 67 35 67 898 932 901 935
495 8 -1
867 58 66 58 67 901 935 902 936
496 4 -1
868 48 98 49 99 902 936 904 938
497 0 -1
871 87 3 94 9 905 939 921 955
498 14 -1
873 70 11 70 11 907 941 909 943
499 7 -1
874 56 17 60 18 908 942 913 947
500 10 -1
875 50 81 51 81 909 943 912 946
501 3 -1
877 19 52 22 52 911 945 914 948
502 8 -1
878 8 66 8 68 912 946 914 948
503 8 -1
879 9 76 10 76 913 947 915 949
504 9 -1
880 99 35 99 35 914 948 918 952
505 11 -1
881 32 18 37 19 915 949 921 955
506 8 -1
882 50 83 50 84 916 950 918 952
507 0 -1
885 28 61 29 61 919 953 920 954
508 5 -1
887 24 14 25 15 921 955 924 958
509 1 -1
889 84 64 84 64 923 957 926 960
510 12 -1
891 84 93 84 95 925 959 927 961
511 3 -1
893 95 16 95 16 927 961 929 963
512 5 -1
894 94 60 96 60 928 962 931 965
513 10 -1
895 46 94 49 94 929 963 932 966
514 11 -1
896 89 9 90 10 930 964 932 966
515 1 -1
897 75 26 75 27 931 965 932 966
516 14 -1
898 52 36 52 38 932 966 934 968
517 1 -1
899 63 79 65 79 933 967 935 969
518 7 -1
900 51 11 55 12 934 968 940 974
519 9 -1
901 13 68 15 68 935 969 937 971
520 4 -1
902 11 15 11 15 936 970 937 971
521 14 -1
905 68 14 68 14 939 973 940 974
522 4 -1
910 67 51 68 51 944 978 945 979
523 3 -1
912 76 31 77 32 946 980 956 990
524 7 -1
914 30 74 37 74 948 982 955 989
525 9 -1
917 37 45 41 45 951 985 955 989
526 0 -1
919 41 87 42 88 953 987 955 989
527 4 -1
920 1 56 4 56 954 988 957 991
528 11 -1
921 2 6 3 6 955 989 956 990
529 6 -1
923 42 15 42 15 957 991 958 992
530 5 -1
925 63 57 65 58 959 993 962 996
531 13 -1
926 38 90 46 91 960 994 969 1003
532 15 -1
927 72 57 75 57 961 995 964 998
533 1 -1
928 30 25 30 26 962 996 966 1000
534 15 -1
929 76 91 76 92 963 997 964 998
535 11 -1
931 88 55 88 57 965 999 967 1001
536 9 -1
933 31 87 31 87 967 1001 974 1008
537 7 -1
935 44 63 45 63 969 1003 971 1005
538 8 -1
936 27 71 28 71 970 1004 971 1005
539 9 -1
937 28 33 31 34 971 1005 975 1009
540 15 -1
938 0 76 0 80 972 1006 976 1010
541 3 -1
940 37 68 39 68 974 1008 976 1010
542 11 -1
942 80 36 80 36 976 1010 977 1011
543 13 -1
943 76 50 77 50 977 1011 984 1018
544 4 -1
944 28 29 29 29 978 1012 979 1013
545 11 -1
945 24 11 24 14 979 1013 982 1016
546 0 -1
947 65 77 68 80 981 1015 994 1028
547 9 -1
948 23 76 25 76 982 1016 985 1019
548 1 -1
950 13 90 14 90 984 1018 986 1020
549 0 -1
951 77 97 77 98 985 1019 987 1021
550 13 -1
954 49 69 49 69 988 1022 990 1024
551 11 -1
955 51 91 51 92 989 1023 990 1024
552 8 -1
957 89 17 90 18 991 1025 994 1028
553 4 -1
958 38 87 38 88 992 1026 993 1027
554 1 -1
963 21 33 24 33 997 1031 1000 1034
555 0 -1
964 45 20 47 20 998 1032 1000 1034
556 11 -1
966 18 63 19 63 1000 1034 1002 1036
557 7 -1
969 9 81 10 81 1003 1037 1005 1039
558 2 -1
972 80 64 83 65 1006 1040 1012 1046
559 3 -1
973 48 36 48 37 1007 1041 1011 1045
560 7 -1
974 1 48 6 48 1008 1042 1018 1052
561 9 -1
976 75 54 77 54 1010 1044 1015 1049
562 1 -1
979 85 3 86 4 1013 1047 1017 1051
563 5 -1
981 85 76 85 77 1015 1049 1016 1050
564 12 -1
983 70 43 70 46 1017 1051 1020 1054
565 3 -1
984 3 12 8 12 1018 1052 1024 1058
566 3 -1
987 45 69 47 71 1021 1055 1025 1059
567 4 -1
989 24 55 24 57 1023 1057 1026 1060
568 0 -1
990 85 29 85 29 1024 1058 1028 1062
569 14 -1
992 2 71 4 71 1026 1060 1030 1064
570 14 -1
993 74 33 74 35 1027 1061 1029 1063
571 3 -1
994 16 77 18 79 1028 1062 1032 1066
572 15 -1
996 70 77 71 78 1030 1064 1032 1066
573 3 -1
997 56 43 56 44 1031 1065 1033 1067
574 11 -1
998 14 33 14 34 1032 1066 1033 1067
575 3 -1
999 57 19 57 19 1033 1067 1035 1069
576 4 -1
1001 0 41 34 56 1035 1069 1084 1118
577 3 -1
1004 95 53 97 53 1038 1072 1040 1074
578 14 -1
1008 75 1 75 1 1042 1076 1043 1077
579 5 -1
1010 12 19 13 20 1044 1078 1046 1080
580 0 -1
1012 7 80 8 80 1046 1080 1047 1081
581 8 -1
1015 6 49 6 50 1049 1083 1050 1084
582 14 -1
1016 15 91 15 92 1050 1084 1051 1085
583 10 -1
1017 90 47 93 47 1051 1085 1054 1088
584 10 -1
1018 87 77 93 79 1052 1086 1066 1100
585 6 -1
1019 65 66 74 67 1053 1087 1063 1097
586 14 -1
1020 58 45 60 45 1054 1088 1057 1091
587 12 -1
1021 5 40 5 41 1055 1089 1056 1090
588 11 -1
1022 44 38 44 51 1056 1090 1070 1104
589 8 -1
1025 37 31 37 34 1059 1093 1064 1098
590 9 -1
1027 53 8 53 9 1061 1095 1062 1096
591 2 -1
1028 46 78 47 78 1062 1096 1063 1097
592 0 -1
1031 20 26 24 31 1065 1099 1074 1108
593 9 -1
1032 25 42 29 45 1066 1100 1073 1107
594 3 -1
1033 67 69 70 70 1067 1101 1071 1105
595 12 -1
1035 18 93 18 95 1069 1103 1071 1105
596 15 -1
1036 75 86 76 87 1070 1104 1072 1106
597 13 -1
1037 2 33 2 33 1071 1105 1072 1106
598 4 -1
1039 89 64 90 64 1073 1107 1074 1108
599 10 -1
1040 71 47 71 47 1074 1108 1075 1109
600 9 -1
1042 67 36 77 36 1076 1110 1087 1121
601 10 -1
1044 15 63 19 63 1078 1112 1082 1116
602 14 -1
1045 27 44 30 44 1079 1113 1082 1116
603 15 -1
1051 69 99 70 99 1085 1119 1086 1120
604 8 -1
1053 74 94 75 94 1087 1121 1088 1122
605 5 -1
1056 79 24 81 24 1090 1124 1092 1126
606 1 -1
1057 94 94 95 95 1091 1125 1093 1127
607 11 -1
1059 5 52 9 52 1093 1127 1097 1131
608 9 -1
1060 42 68 45 69 1094 1128 1099 1133
609 4 -1
1063 41 89 43 90 1097 1131 1100 1134
610 6 -1
1065 53 15 54 17 1099 1133 1102 1136
611 8 -1
1066 97 84 97 86 1100 1134 1102 1136
612 3 -1
1067 76 51 76 51 1101 1135 1102 1136
613 9 -1
1070 68 97 78 99 1104 1138 1116 1150
614 12 -1
1071 50 97 52 99 1105 1139 1110 1144
615 11 -1
1073 2 16 10 21 1107 1141 1122 1156
616 9 -1
1074 66 39 66 39 1108 1142 1109 1143
617 10 -1
1075 34 56 35 57 1109 1143 1112 1146
618 12 -1
1078 58 38 61 38 1112 1146 1116 1150
619 13 -1
1082 0 35 0 35 1116 1150 1117 1151
620 7 -1
1083 97 20 97 20 1117 1151 1119 1153
621 10 -1
1084 77 43 79 45 1118 1152 1124 1158
622 1 -1
1085 92 25 92 25 1119 1153 1122 1156
623 6 -1
1086 43 52 44 54 1120 1154 1124 1158
624 0 -1
1090 20 44 21 44 1124 1158 1125 1159
625 9 -1
1091 27 51 29 52 1125 1159 1129 1163
626 15 -1
1092 39 50 39 50 1126 1160 1127 1161
627 15 -1
1095 84 19 87 19 1129 1163 1132 1166
628 10 -1
1097 68 27 68 28 1131 1165 1134 1168
629 9 -1
1098 77 22 77 23 1132 1166 1136 1170
630 7 -1
1099 18 94 19 94 1133 1167 1138 1172
631 2 -1
1100 46 11 48 11 1134 1168 1139 1173
632 8 -1
1102 26 66 27 68 1136 1170 1139 1173
633 9 -1
1103 94 66 99 67 1137 1171 1144 1178
634 9 -1
1104 4 22 5 22 1138 1172 1139 1173
635 1 -1
1105 60 39 60 39 1139 1173 1140 1174
636 4 -1
1107 30 97 36 98 1141 1175 1151 1185
637 7 -1
1109 69 48 69 51 1143 1177 1146 1180
638 0 -1
1111 33 15 35 15 1145 1179 1147 1181
639 15 -1
1113 80 90 81 90 1147 1181 1148 1182
640 9 -1
1114 69 42 70 42 1148 1182 1149 1183
641 4 -1
1115 72 64 73 66 1149 1183 1152 1186
642 15 -1
1116 75 72 85 73 1150 1184 1161 1195
643 7 -1
1118 99 75 97 75 1152 1186 1154 1188
644 6 -1
1120 92 54 92 54 1154 1188 1156 1190
645 9 -1
1121 20 91 21 91 1155 1189 1156 1190
646 14 -1
1122 95 12 95 13 1156 1190 1159 1193
647 2 -1
1124 75 49 82 49 1158 1192 1165 1199
648 0 -1
1125 13 53 13 54 1159 1193 1161 1195
649 10 -1
1126 88 38 94 42 1160 1194 1172 1206
650 8 -1
1129 26 68 27 68 1163 1197 1164 1198
651 13 -1
1130 34 31 35 31 1164 1198 1165 1199
652 9 -1
1132 34 59 34 61 1166 1200 1168 1202
653 7 -1
1133 71 16 71 18 1167 1201 1170 1204
654 4 -1
1137 41 59 41 60 1171 1205 1175 1209
655 14 -1
1138 59 57 60 57 1172 1206 1173 1207
656 8 -1
1139 14 86 15 86 1173 1207 1174 1208
657 9 -1
1141 51 4 52 5 1175 1209 1177 1211
658 14 -1
1142 34 78 35 80 1176 1210 1179 1213
659 12 -1
1144 51 76 52 76 1178 1212 1181 1215
660 1 -1
1147 77 5 80 6 1181 1215 1185 1219
661 11 -1
1150 22 8 22 8 1184 1218 1185 1219
662 7 -1
1151 42 80 44 80 1185 1219 1187 1221
663 9 -1
1154 21 40 22 40 1188 1222 1189 1223
664 7 -1
1156 12 35 12 36 1190 1224 1192 1226
665 5 -1
1157 74 1 78 2 1191 1225 1196 1230
666 6 -1
1158 31 17 32 19 1192 1226 1196 1230
667 11 -1
1159 50 17 50 18 1193 1227 1195 1229
668 12 -1
1164 64 31 66 31 1198 1232 1201 1235
669 0 -1
1166 38 18 40 19 1200 1234 1203 1237
670 2 -1
1169 67 17 70 17 1203 1237 1206 1240
671 4 -1
1170 66 79 68 79 1204 1238 1207 1241
672 8 -1
1171 9 20 11 21 1205 1239 1214 1248
673 3 -1
1172 96 97 97 97 1206 1240 1207 1241
674 1 -1
1174 30 46 30 49 1208 1242 1215 1249
675 8 -1
1175 63 6 64 8 1209 1243 1212 1246
676 9 -1
1176 99 99 98 100 1210 1244 1212 1246
677 4 -1
1177 39 93 39 94 1211 1245 1213 1247
678 5 -1
1179 2 90 3 90 1213 1247 1214 1248
679 15 -1
1186 67 51 67 53 1220 1254 1222 1256
680 8 -1
1187 30 85 32 85 1221 1255 1223 1257
681 8 -1
1188 54 19 54 19 1222 1256 1223 1257
682 13 -1
1190 80 24 80 25 1224 1258 1225 1259
683 15 -1
1191 86 62 88 62 1225 1259 1227 1261
684 15 -1
1194 20 29 21 29 1228 1262 1230 1264
685 12 -1
1195 64 13 64 15 1229 1263 1232 1266
686 11 -1
1197 41 68 41 68 1231 1265 1234 1268
687 10 -1
1198 67 65 71 65 1232 1266 1236 1270
688 10 -1
1201 32 1 33 1 1235 1269 1240 1274
689 2 -1
1202 88 91 88 92 1236 1270 1237 1271
690 3 -1
1203 7 39 7 39 1237 1271 1238 1272
691 11 -1
1205 65 77 65 80 1239 1273 1242 1276
692 3 -1
1207 56 25 58 27 1241 1275 1245 1279
693 4 -1
1208 6 13 6 15 1242 1276 1244 1278
694 8 -1
1209 61 81 62 81 1243 1277 1244 1278
695 0 -1
1211 74 18 76 20 1245 1279 1249 1283
696 14 -1
1214 22 46 25 47 1248 1282 1254 1288
697 2 -1
1217 84 61 84 61 1251 1285 1253 1287
698 6 -1
1218 31 89 31 90 1252 1286 1253 1287
699 10 -1
1219 59 59 60 62 1253 1287 1260 1294
700 14 -1
1220 7 0 8 0 1254 1288 1255 1289
701 8 -1
1222 21 24 23 25 1256 1290 1259 1293
702 9 -1
1223 77 22 80 22 1257 1291 1261 1295
703 1 -1
1226 96 70 96 71 1260 1294 1263 1297
704 0 -1
1227 9 26 9 26 1261 1295 1262 1296
705 4 -1
1229 87 15 88 15 1263 1297 1264 1298
706 10 -1
1230 69 34 73 34 1264 1298 1269 1303
707 7 -1
1231 44 83 45 83 1265 1299 1266 1300
708 14 -1
1233 19 14 19 15 1267 1301 1269 1303
709 5 -1
1235 16 7 20 7 1269 1303 1273 1307
710 12 -1
1236 43 8 45 8 1270 1304 1275 1309
711 2 -1
1237 69 6 69 8 1271 1305 1276 1310
712 2 -1
1238 23 1 24 2 1272 1306 1277 1311
713 4 -1
1240 93 49 94 49 1274 1308 1278 1312
714 11 -1
1241 81 4 82 4 1275 1309 1276 1310
715 10 -1
1242 29 21 31 21 1276 1310 1289 1323
716 12 -1
1243 99 0 97 0 1277 1311 1279 1313
717 12 -1
1244 85 69 92 69 1278 1312 1285 1319
718 7 -1
1246 55 86 64 86 1280 1314 1289 1323
719 12 -1
1250 29 69 30 69 1284 1318 1285 1319
720 8 -1
1254 59 41 60 46 1288 1322 1295 1329
721 4 -1
1255 66 92 69 92 1289 1323 1293 1327
722 4 -1
1258 87 47 88 52 1292 1326 1308 1342
723 10 -1
1259 29 92 31 78 1293 1327 1311 1345
724 6 -1
1260 65 89 71 89 1294 1328 1300 1334
725 11 -1
1261 72 59 77 60 1295 1329 1302 1336
726 0 -1
1263 63 78 65 79 1297 1331 1304 1338
727 2 -1
1264 0 49 1 50 1298 1332 1302 1336
728 3 -1
1265 77 62 79 62 1299 1333 1301 1335
729 3 -1
1266 35 16 35 16 1300 1334 1301 1335
730 9 -1
1268 10 52 13 52 1302 1336 1305 1339
731 14 -1
1276 61 97 62 97 1310 1344 1311 1345
732 3 -1
1277 84 16 86 19 1311 1345 1316 1350
733 13 -1
1281 76 98 78 98 1315 1349 1317 1351
734 3 -1
1284 71 88 72 89 1318 1352 1320 1354
735 6 -1
1287 97 3 93 3 1321 1355 1325 1359
736 1 -1
1290 81 60 83 64 1324 1358 1331 1365
737 0 -1
1291 26 53 27 53 1325 1359 1328 1362
738 2 -1
1292 99 3 81 3 1326 1360 1352 1386
739 10 -1
1297 5 23 7 24 1331 1365 1334 1368
740 8 -1
1298 25 82 25 83 1332 1366 1333 1367
741 8 -1
1299 38 44 39 45 1333 1367 1336 1370
742 1 -1
1300 79 50 79 51 1334 1368 1336 1370
743 0 -1
1307 8 20 9 20 1341 1375 1342 1376
744 3 -1
1309 27 58 27 60 1343 1377 1345 1379
745 15 -1
1312 60 37 62 37 1346 1380 1348 1382
746 0 -1
1313 69 75 69 75 1347 1381 1348 1382
747 12 -1
1314 71 0 74 0 1348 1382 1352 1386
748 2 -1
1315 70 59 73 59 1349 1383 1354 1388
749 14 -1
1316 64 29 64 29 1350 1384 1352 1386
750 8 -1
1317 56 13 58 13 1351 1385 1353 1387
751 13 -1
1318 76 60 76 61 1352 1386 1355 1389
752 7 -1
1319 34 30 36 30 1353 1387 1355 1389
753 11 -1
1320 52 29 52 30 1354 1388 1355 1389
754 2 -1
1321 34 5 35 5 1355 1389 1357 1391
755 1 -1
1323 23 2 23 2 1357 1391 1359 1393
756 11 -1
1324 56 3 56 3 1358 1392 1363 1397
757 5 -1
1325 97 14 99 15 1359 1393 1365 1399
758 12 -1
1326 61 53 62 53 1360 1394 1361 1395
759 5 -1
1327 81 6 82 14 1361 1395 1371 1405
760 2 -1
1329 61 6 61 7 1363 1397 1365 1399
761 12 -1
1332 7 50 7 50 1366 1400 1368 1402
762 14 -1
1333 9 79 9 79 1367 1401 1368 1402
763 13 -1
1335 76 85 80 87 1369 1403 1385 1419
764 8 -1
1336 11 46 12 46 1370 1404 1371 1405
765 13 -1
1338 63 55 63 56 1372 1406 1375 1409
766 14 -1
1340 99 92 92 92 1374 1408 1381 1415
767 14 -1
1342 74 34 77 34 1376 1410 1379 1413
768 15 -1
1344 9 28 10 29 1378 1412 1380 1414
769 0 -1
1345 1 4 1 4 1379 1413 1380 1414
770 11 -1
1347 97 0 97 1 1381 1415 1384 1418
771 2 -1
1348 11 61 14 62 1382 1416 1387 1421
772 5 -1
1349 35 90 40 91 1383 1417 1389 1423
773 15 -1
1354 85 75 87 75 1388 1422 1391 1425
774 12 -1
1355 64 45 67 46 1389 1423 1394 1428
775 15 -1
1359 99 71 94 71 1393 1427 1398 1432
776 10 -1
1362 44 25 46 25 1396 1430 1398 1432
777 15 -1
1365 37 23 37 23 1399 1433 1400 1434
778 1 -1
1368 39 21 39 21 1402 1436 1404 1438
779 2 -1
1369 93 61 93 63 1403 1437 1438 1472
780 3 -1
1370 93 76 93 76 1404 1438 1406 1440
781 3 -1
1372 49 85 54 85 1406 1440 1411 1445
782 5 -1
1374 96 74 96 75 1408 1442 1410 1444
783 13 -1
1375 20 4 20 7 1409 1443 1416 1450
784 0 -1
1376 88 51 88 52 1410 1444 1411 1445
785 12 -1
1377 89 39 92 39 1411 1445 1414 1448
786 10 -1
1378 93 83 94 83 1412 1446 1413 1447
787 4 -1
1379 27 96 30 96 1413 1447 1417 1451
788 1 -1
1381 33 66 33 69 1415 1449 1418 1452
789 14 -1
1382 65 89 66 90 1416 1450 1419 1453
790 6 -1
1383 83 14 85 14 1417 1451 1419 1453
791 3 -1
1385 62 38 64 38 1419 1453 1425 1459
792 5 -1
1386 16 22 16 25 1420 1454 1423 1457
793 2 -1
1387 70 46 81 46 1421 1455 1432 1466
794 8 -1
1388 59 89 60 90 1422 1456 1425 1459
795 3 -1
1389 55 5 55 6 1423 1457 1425 1459
796 12 -1
1390 71 24 72 24 1424 1458 1426 1460
797 6 -1
1391 21 24 23 24 1425 1459 1427 1461
798 5 -1
1393 54 3 56 3 1427 1461 1429 1463
799 13 -1
1395 80 35 83 38 1429 1463 1437 1471
800 15 -1
1396 37 46 38 46 1430 1464 1431 1465
801 7 -1
1400 65 32 67 33 1434 1468 1437 1471
802 0 -1
1401 26 14 27 16 1435 1469 1438 1472
803 5 -1
1402 2 1 8 1 1436 1470 1443 1477
804 7 -1
1403 95 81 96 82 1437 1471 1439 1473
805 10 -1
1406 50 69 51 69 1440 1474 1441 1475
806 0 -1
1411 18 62 18 63 1445 1479 1447 1481
807 3 -1
1412 71 99 77 99 1446 1480 1452 1486
808 3 -1
1413 86 41 87 41 1447 1481 1448 1482
809 14 -1
1414 22 91 22 93 1448 1482 1450 1484
810 3 -1
1415 25 42 27 42 1449 1483 1451 1485
811 9 -1
1417 4 74 4 74 1451 1485 1452 1486
812 8 -1
1418 30 47 35 47 1452 1486 1457 1491
813 11 -1
1419 88 17 88 19 1453 1487 1460 1494
814 13 -1
1420 64 56 68 60 1454 1488 1462 1496
815 10 -1
1423 7 61 8 61 1457 1491 1458 1492
816 14 -1
1426 48 14 49 15 1460 1494 1462 1496
817 11 -1
1428 60 15 60 18 1462 1496 1465 1499
818 15 -1
1429 15 68 17 68 1463 1497 1465 1499
819 13 -1
1430 39 7 39 8 1464 1498 1465 1499
820 9 -1
1431 81 54 81 54 1465 1499 1468 1502
821 12 -1
1432 18 39 19 39 1466 1500 1467 1501
822 4 -1
1434 83 25 84 25 1468 1502 1469 1503
823 15 -1
1435 73 13 77 16 1469 1503 1476 1510
824 6 -1
1436 16 86 17 87 1470 1504 1472 1506
825 4 -1
1438 47 41 47 44 1472 1506 1476 1510
826 12 -1
1439 76 28 76 29 1473 1507 1474 1508
827 11 -1
1440 46 2 46 4 1474 1508 1477 1511
828 7 -1
1441 95 98 98 95 1475 1509 1482 1516
829 5 -1
1442 89 83 91 83 1476 1510 1478 1512
830 0 -1
1443 49 89 49 93 1477 1511 1482 1516
831 5 -1
1444 42 29 42 29 1478 1512 1480 1514
832 2 -1
1446 8 21 14 21 1480 1514 1486 1520
833 10 -1
1447 75 15 75 17 1481 1515 1483 1517
834 2 -1
1448 14 58 14 58 1482 1516 1484 1518
835 1 -1
1452 62 46 62 47 1486 1520 1487 1521
836 6 -1
1454 42 54 45 55 1488 1522 1492 1526
837 8 -1
1455 30 51 30 53 1489 1523 1491 1525
838 9 -1
1456 46 41 47 41 1490 1524 1491 1525
839 3 -1
1457 51 10 56 10 1491 1525 1497 1531
840 0 -1
1458 87 58 89 62 1492 1526 1502 1536
841 8 -1
1461 68 59 68 62 1495 1529 1498 1532
842 3 -1
1462 22 36 23 37 1496 1530 1500 1534
843 14 -1
1463 26 11 26 11 1497 1531 1499 1533
844 1 -1
1465 41 12 42 13 1499 1533 1501 1535
845 8 -1
1466 80 25 82 25 1500 1534 1502 1536
846 9 -1
1468 50 2 50 2 1502 1536 1503 1537
847 7 -1
1469 55 12 59 12 1503 1537 1508 1542
848 3 -1
1470 63 27 64 27 1504 1538 1505 1539
849 8 -1
1472 22 74 27 74 1506 1540 1511 1545
850 3 -1
1473 10 89 15 89 1507 1541 1512 1546
851 7 -1
1474 95 82 95 93 1508 1542 1519 1553
852 9 -1
1475 26 86 27 86 1509 1543 1511 1545
853 14 -1
1478 98 1 96 2 1512 1546 1518 1552
854 3 -1
1479 50 27 52 27 1513 1547 1515 1549
855 8 -1
1481 60 38 62 38 1515 1549 1517 1551
856 13 -1
1483 21 14 32 14 1517 1551 1528 1562
857 7 -1
1486 32 88 37 88 1520 1554 1525 1559
858 14 -1
1487 50 84 51 87 1521 1555 1525 1559
859 13 -1
1493 14 99 15 99 1527 1561 1529 1563
860 7 -1
1495 27 59 28 59 1529 1563 1530 1564
861 1 -1
1496 11 15 13 15 1530 1564 1534 1568
862 11 -1
1497 18 77 22 77 1531 1565 1535 1569
863 13 -1
1499 39 38 41 38 1533 1567 1535 1569
864 4 -1
1500 8 72 10 72 1534 1568 1536 1570
865 10 -1
1501 34 62 39 65 1535 1569 1543 1577
866 10 -1
1502 77 29 80 29 1536 1570 1540 1574
867 7 -1
1504 55 60 66 61 1538 1572 1551 1585
868 2 -1
1505 49 77 54 79 1539 1573 1549 1583
869 0 -1
1506 44 21 46 21 1540 1574 1542 1576
870 8 -1
1507 11 2 11 5 1541 1575 1544 1578
871 8 -1
1508 85 53 88 53 1542 1576 1548 1582
872 10 -1
1509 86 22 87 22 1543 1577 1544 1578
873 13 -1
1511 75 28 76 28 1545 1579 1547 1581
874 7 -1
1513 75 72 77 73 1547 1581 1552 1586
875 6 -1
1515 97 41 97 41 1549 1583 1550 1584
876 9 -1
1516 95 43 98 43 1550 1584 1553 1587
877 8 -1
1517 15 79 17 79 1551 1585 1554 1588
878 5 -1
1518 11 1 14 1 1552 1586 1555 1589
879 7 -1
1519 87 13 90 14 1553 1587 1557 1591
880 12 -1
1521 56 18 56 19 1555 1589 1559 1593
881 10 -1
1522 37 73 39 73 1556 1590 1558 1592
882 10 -1
1523 20 68 21 68 1557 1591 1559 1593
883 1 -1
1527 92 22 96 22 1561 1595 1565 1599
884 13 -1
1528 55 16 56 16 1562 1596 1563 1597
885 5 -1
1533 52 89 52 89 1567 1601 1568 1602
886 2 -1
1534 89 14 98 14 1568 1602 1577 1611
887 2 -1
1535 92 59 95 59 1569 1603 1572 1606
888 7 -1
1536 32 49 33 50 1570 1604 1572 1606
889 6 -1
1538 86 10 90 10 1572 1606 1576 1610
890 7 -1
1540 8 56 8 57 1574 1608 1575 1609
891 5 -1
1543 0 88 0 90 1577 1611 1580 1614
892 12 -1
1544 34 22 34 23 1578 1612 1580 1614
893 10 -1
1545 85 74 87 74 1579 1613 1581 1615
894 10 -1
1547 36 9 39 10 1581 1615 1586 1620
895 8 -1
1550 57 7 58 7 1584 1618 1586 1620
896 10 -1
1551 80 70 80 72 1585 1619 1587 1621
897 5 -1
1552 41 1 43 4 1586 1620 1591 1625
898 9 -1
1554 63 68 66 69 1588 1622 1592 1626
899 8 -1
1555 39 70 40 70 1589 1623 1591 1625
900 13 -1
1556 72 67 72 67 1590 1624 1592 1626
901 12 -1
1559 14 1 19 2 1593 1627 1599 1633
902 2 -1
1560 66 73 70 74 1594 1628 1600 1634
903 3 -1
1562 72 23 72 23 1596 1630 1598 1632
904 8 -1
1563 34 1 35 1 1597 1631 1607 1641
905 4 -1
1564 74 87 76 87 1598 1632 1600 1634
906 10 -1
1566 83 53 83 55 1600 1634 1602 1636
907 2 -1
1567 76 72 77 72 1601 1635 1605 1639
908 5 -1
1573 78 18 80 22 1607 1641 1615 1649
909 3 -1
1575 57 96 57 97 1609 1643 1610 1644
910 9 -1
1576 62 78 62 79 1610 1644 1612 1646
911 1 -1
1577 22 23 24 23 1611 1645 1613 1647
912 0 -1
1579 80 18 80 20 1613 1647 1616 1650
913 13 -1
1580 41 72 43 72 1614 1648 1616 1650
914 6 -1
1582 86 25 86 25 1616 1650 1617 1651
915 0 -1
1584 38 30 38 30 1618 1652 1619 1653
916 5 -1
1587 63 85 70 87 1621 1655 1633 1667
917 7 -1
1588 82 96 84 98 1622 1656 1626 1660
918 15 -1
1589 68 57 70 57 1623 1657 1625 1659
919 12 -1
1590 49 82 50 83 1624 1658 1627 1661
920 4 -1
1591 68 10 71 10 1625 1659 1630 1664
921 6 -1
1593 22 26 22 30 1627 1661 1631 1665
922 1 -1
1594 8 27 10 27 1628 1662 1630 1664
923 10 -1
1596 22 57 24 57 1630 1664 1632 1666
924 0 -1
1598 99 32 99 32 1632 1666 1633 1667
925 1 -1
1599 71 14 75 14 1633 1667 1637 1671
926 12 -1
1600 42 54 43 54 1634 1668 1635 1669
927 10 -1
1603 77 59 78 59 1637 1671 1638 1672
928 15 -1
1606 47 30 47 30 1640 1674 1642 1676
929 6 -1
1608 64 51 65 51 1642 1676 1643 1677
930 6 -1
1609 56 31 57 32 1643 1677 1645 1679
931 0 -1
1610 56 48 57 48 1644 1678 1645 1679
932 9 -1
1611 43 34 43 35 1645 1679 1647 1681
933 11 -1
1613 74 31 75 32 1647 1681 1649 1683
934 3 -1
1615 64 63 65 63 1649 1683 1650 1684
935 6 -1
1618 46 64 49 64 1652 1686 1655 1689
936 9 -1
1620 95 10 98 12 1654 1688 1659 1693
937 6 -1
1621 84 83 85 87 1655 1689 1662 1696
938 4 -1
1623 51 23 55 23 1657 1691 1662 1696
939 8 -1
1624 67 9 67 9 1658 1692 1659 1693
940 1 -1
1625 39 92 42 92 1659 1693 1662 1696
941 0 -1
1626 26 23 26 24 1660 1694 1662 1696
942 14 -1
1627 68 29 79 30 1661 1695 1674 1708
943 1 -1
1629 5 64 5 64 1663 1697 1664 1698
944 14 -1
1631 12 31 13 31 1665 1699 1667 1701
945 6 -1
1633 68 76 77 76 1667 1701 1677 1711
946 9 -1
1634 53 27 54 28 1668 1702 1670 1704
947 0 -1
1637 89 90 90 90 1671 1705 1672 1706
948 10 -1
1638 12 13 12 16 1672 1706 1675 1709
949 11 -1
1640 64 63 69 67 1674 1708 1684 1718
950 7 -1
1641 28 56 31 56 1675 1709 1678 1712
951 3 -1
1642 17 54 17 57 1676 1710 1680 1714
952 5 -1
1645 78 5 78 6 1679 1713 1680 1714
953 6 -1
1648 21 37 22 37 1682 1716 1684 1718
954 14 -1
1649 46 59 48 59 1683 1717 1685 1719
955 1 -1
1650 71 87 72 87 1684 1718 1685 1719
956 1 -1
1656 45 21 45 21 1690 1724 1694 1728
957 7 -1
1657 48 33 51 33 1691 1725 1694 1728
958 5 -1
1659 9 44 11 46 1693 1727 1697 1731
959 9 -1
1660 57 23 57 27 1694 1728 1698 1732
960 10 -1
1661 89 16 90 22 1695 1729 1702 1736
961 5 -1
1662 69 14 73 15 1696 1730 1703 1737
962 11 -1
1663 60 51 63 51 1697 1731 1704 1738
963 12 -1
1664 37 98 37 99 1698 1732 1700 1734
964 3 -1
1665 79 20 80 20 1699 1733 1700 1734
965 7 -1
1668 22 16 25 16 1702 1736 1705 1739
966 7 -1
1671 8 13 10 16 1705 1739 1713 1747
967 2 -1
1672 93 67 95 69 1706 1740 1710 1744
968 9 -1
1673 50 8 55 8 1707 1741 1712 1746
969 10 -1
1675 54 16 55 16 1709 1743 1710 1744
970 12 -1
1676 83 65 84 65 1710 1744 1713 1747
971 7 -1
1678 33 45 34 47 1712 1746 1715 1749
972 13 -1
1679 66 32 70 33 1713 1747 1720 1754
973 12 -1
1680 65 88 69 88 1714 1748 1718 1752
974 0 -1
1683 98 42 91 42 1717 1751 1724 1758
975 4 -1
1685 14 44 16 45 1719 1753 1722 1756
976 1 -1
1686 62 36 64 36 1720 1754 1730 1764
977 1 -1
1687 3 81 4 81 1721 1755 1725 1759
978 3 -1
1688 62 66 68 66 1722 1756 1728 1762
979 7 -1
1690 84 47 88 47 1724 1758 1728 1762
980 0 -1
1691 62 88 62 90 1725 1759 1727 1761
981 5 -1
1692 29 87 31 87 1726 1760 1729 1763
982 4 -1
1694 52 36 52 36 1728 1762 1729 1763
983 13 -1
1695 63 53 65 53 1729 1763 1733 1767
984 7 -1
1696 72 7 75 7 1730 1764 1733 1767
985 0 -1
1697 56 25 56 25 1731 1765 1733 1767
986 2 -1
1698 1 87 2 88 1732 1766 1734 1768
987 15 -1
1700 9 7 10 7 1734 1768 1736 1770
988 3 -1
1702 11 96 25 96 1736 1770 1750 1784
989 8 -1
1703 72 69 72 69 1737 1771 1738 1772
990 14 -1
1704 89 81 91 81 1738 1772 1741 1775
991 2 -1
1709 36 66 36 68 1743 1777 1746 1780
992 7 -1
1712 85 50 87 51 1746 1780 1749 1783
993 12 -1
1714 7 88 8 91 1748 1782 1752 1786
994 10 -1
1717 48 32 52 32 1751 1785 1755 1789
995 14 -1
1718 29 72 30 72 1752 1786 1754 1788
996 1 -1
1720 34 30 35 33 1754 1788 1760 1794
997 1 -1
1722 14 22 14 22 1756 1790 1757 1791
998 10 -1
1723 58 54 58 56 1757 1791 1759 1793
999 5 -1
1725 27 94 29 94 1759 1793 1761 1795
1000 0 -1
1726 95 72 97 72 1760 1794 1763 1797
