100 100 577
1
0 45 54
16
0 0 23 100 6
0
1 0 46 100 6
0
2 0 72 100 6
0
3 0 100 100 6
0
4 0 123 100 6
0
5 0 147 100 6
0
6 0 172 100 6
0
7 0 198 100 6
0
8 0 219 100 6
0
9 0 252 100 6
0
10 0 275 100 6
0
11 0 307 100 6
0
12 0 339 100 6
0
13 0 365 100 6
0
14 0 388 100 6
0
15 0 411 100 6
0
300
1 0 -1
2 59 84 59 87 13 24 16 27
2 0 -1
5 91 9 91 12 16 27 21 32
3 0 -1
7 58 90 59 92 18 29 22 33
4 0 -1
8 71 80 74 85 19 30 28 39
5 0 -1
9 84 14 86 15 20 31 26 37
6 0 -1
10 25 2 27 3 21 32 25 36
7 0 -1
11 51 51 51 54 22 33 28 39
8 0 -1
12 67 34 68 35 23 34 25 36
9 0 -1
13 36 65 36 65 24 35 26 37
10 0 -1
14 68 15 71 15 25 36 28 39
11 0 -1
15 23 37 28 37 26 37 32 43
12 0 -1
17 82 87 85 87 28 39 32 43
13 0 -1
18 80 22 80 24 29 40 35 46
14 0 -1
19 79 99 79 100 30 41 31 42
15 0 -1
20 26 65 28 65 31 42 33 44
16 0 -1
21 9 35 10 36 32 43 34 45
17 0 -1
22 65 31 65 32 33 44 37 48
18 0 -1
24 90 2 92 2 35 46 37 48
19 0 -1
29 40 31 46 31 40 51 46 57
20 0 -1
30 97 75 99 75 41 52 43 54
21 0 -1
31 69 33 70 34 42 53 44 55
22 0 -1
33 11 54 15 56 44 55 50 61
23 0 -1
35 32 84 32 84 46 57 47 58
24 0 -1
36 51 51 51 51 47 58 49 60
25 0 -1
39 62 73 62 73 50 61 51 62
26 0 -1
40 39 0 40 0 51 62 52 63
27 0 -1
41 79 91 80 91 52 63 54 65
28 0 -1
42 85 26 86 26 53 64 54 65
29 0 -1
43 77 62 77 63 54 65 55 66
30 0 -1
45 55 53 56 54 56 67 58 69
31 0 -1
49 20 35 22 36 60 71 63 74
32 0 -1
52 83 96 90 96 63 74 70 81
33 0 -1
53 72 83 73 87 64 75 69 80
34 0 -1
54 51 33 52 33 65 76 66 77
35 0 -1
56 61 79 73 84 67 78 84 95
36 0 -1
57 91 25 91 27 68 79 70 81
37 0 -1
59 78 44 78 44 70 81 71 82
38 0 -1
61 89 64 89 66 72 83 74 85
39 0 -1
62 1 57 4 62 73 84 81 92
40 0 -1
64 61 95 74 97 75 86 94 105
41 0 -1
69 54 99 56 99 80 91 82 93
42 0 -1
71 23 84 28 87 82 93 90 101
43 0 -1
73 99 35 97 36 84 95 89 100
44 0 -1
76 80 55 83 55 87 98 90 101
45 0 -1
78 23 36 25 36 89 100 91 102
46 0 -1
80 63 12 64 13 91 102 94 105
47 0 -1
81 31 88 32 88 92 103 94 105
48 0 -1
82 63 39 68 39 93 104 99 110
49 0 -1
83 89 22 89 26 94 105 99 110
50 0 -1
84 66 58 67 58 95 106 96 107
51 0 -1
86 4 16 5 23 97 108 107 118
52 0 -1
87 37 65 38 65 98 109 99 110
53 0 -1
90 9 22 9 22 101 112 102 113
54 0 -1
91 64 30 68 30 102 113 106 117
55 0 -1
92 8 12 8 13 103 114 104 115
56 0 -1
93 65 6 68 6 104 115 107 118
57 0 -1
94 12 94 14 96 105 116 111 122
58 0 -1
96 90 65 90 65 107 118 109 120
59 0 -1
103 65 72 68 72 114 125 117 128
60 0 -1
105 13 39 13 41 116 127 118 129
61 0 -1
106 91 74 92 74 117 128 127 138
62 0 -1
107 18 32 21 32 118 129 121 132
63 0 -1
108 79 69 85 69 119 130 127 138
64 0 -1
110 64 46 70 46 121 132 129 140
65 0 -1
111 40 93 41 93 122 133 123 134
66 0 -1
114 70 85 70 91 125 136 131 142
67 0 -1
115 75 62 77 63 126 137 131 142
68 0 -1
116 56 76 61 82 127 138 139 150
69 0 -1
119 97 31 94 31 130 141 133 144
70 0 -1
120 19 46 20 46 131 142 132 143
71 0 -1
122 30 59 34 59 133 144 137 148
72 0 -1
123 16 37 18 38 134 145 137 148
73 0 -1
124 81 50 83 51 135 146 139 150
74 0 -1
127 27 50 28 50 138 149 139 150
75 0 -1
128 65 29 69 29 139 150 158 169
76 0 -1
130 42 23 42 24 141 152 142 153
77 0 -1
132 1 86 13 86 143 154 158 169
78 0 -1
134 31 25 32 25 145 156 146 157
79 0 -1
135 0 72 10 73 146 157 157 168
80 0 -1
136 12 62 14 62 147 158 149 160
81 0 -1
139 69 28 70 28 150 161 151 162
82 0 -1
140 68 98 69 99 151 162 155 166
83 0 -1
141 93 20 96 21 152 163 157 168
84 0 -1
144 24 69 27 71 155 166 160 171
85 0 -1
145 86 56 88 56 156 167 158 169
86 0 -1
146 14 19 14 19 157 168 158 169
87 0 -1
147 25 60 26 60 158 169 159 170
88 0 -1
148 41 25 41 26 159 170 160 171
89 0 -1
149 15 5 15 6 160 171 162 173
90 0 -1
150 17 75 23 75 161 172 167 178
91 0 -1
153 45 47 45 48 164 175 165 176
92 0 -1
154 49 73 50 76 165 176 169 180
93 0 -1
155 58 19 58 20 166 177 167 178
94 0 -1
156 9 81 13 82 167 178 172 183
95 0 -1
157 0 80 5 80 168 179 173 184
96 0 -1
160 56 34 62 34 171 182 177 188
97 0 -1
162 18 80 19 80 173 184 174 185
98 0 -1
163 50 52 50 52 174 185 175 186
99 0 -1
166 31 76 31 78 177 188 179 190
100 0 -1
167 8 86 9 87 178 189 183 194
101 0 -1
168 61 49 63 49 179 190 181 192
102 0 -1
169 40 17 40 18 180 191 185 196
103 0 -1
170 75 2 76 3 181 192 186 197
104 0 -1
172 94 25 95 25 183 194 188 199
105 0 -1
173 62 13 62 13 184 195 189 200
106 0 -1
174 93 33 94 34 185 196 187 198
107 0 -1
179 57 31 57 32 190 201 191 202
108 0 -1
183 80 10 82 11 194 205 199 210
109 0 -1
184 53 99 55 99 195 206 197 208
110 0 -1
185 24 40 26 40 196 207 198 209
111 0 -1
186 8 38 13 42 197 208 206 217
112 0 -1
187 0 27 4 28 198 209 204 215
113 0 -1
189 89 20 92 22 200 211 205 216
114 0 -1
190 23 12 26 13 201 212 206 217
115 0 -1
193 29 79 29 80 204 215 205 216
116 0 -1
196 56 98 58 98 207 218 209 220
117 0 -1
197 17 60 18 60 208 219 209 220
118 0 -1
198 27 47 29 49 209 220 227 238
119 0 -1
199 86 89 86 90 210 221 211 222
120 0 -1
200 4 74 4 74 211 222 213 224
121 0 -1
201 85 26 85 26 212 223 213 224
122 0 -1
204 98 26 99 26 215 226 216 227
123 0 -1
208 83 95 84 95 219 230 220 231
124 0 -1
209 13 92 14 92 220 231 221 232
125 0 -1
211 7 48 7 50 222 233 225 236
126 0 -1
212 35 78 35 80 223 234 225 236
127 0 -1
213 91 63 98 64 224 235 232 243
128 0 -1
214 86 64 87 65 225 236 230 241
129 0 -1
218 88 36 94 36 229 240 236 247
130 0 -1
219 63 88 63 89 230 241 232 243
131 0 -1
224 23 75 25 76 235 246 238 249
132 0 -1
225 83 90 83 90 236 247 238 249
133 0 -1
229 54 46 54 51 240 251 246 257
134 0 -1
230 33 66 34 66 241 252 242 253
135 0 -1
231 30 99 30 97 242 253 245 256
136 0 -1
236 1 76 2 77 247 258 249 260
137 0 -1
237 10 67 10 67 248 259 250 261
138 0 -1
240 43 63 47 65 251 262 262 273
139 0 -1
242 85 42 87 42 253 264 255 266
140 0 -1
244 98 19 98 23 255 266 260 271
141 0 -1
245 9 57 12 57 256 267 262 273
142 0 -1
246 6 5 9 5 257 268 260 271
143 0 -1
247 33 53 33 53 258 269 261 272
144 0 -1
248 3 91 6 91 259 270 262 273
145 0 -1
250 6 8 8 8 261 272 263 274
146 0 -1
251 96 57 99 57 262 273 265 276
147 0 -1
253 51 24 51 24 264 275 265 276
148 0 -1
255 50 54 51 55 266 277 268 279
149 0 -1
256 45 49 45 53 267 278 271 282
150 0 -1
257 87 34 89 34 268 279 272 283
151 0 -1
258 12 94 12 95 269 280 270 281
152 0 -1
260 38 0 39 0 271 282 273 284
153 0 -1
261 73 34 81 38 272 283 284 295
154 0 -1
266 54 65 54 69 277 288 281 292
155 0 -1
267 86 85 88 86 278 289 281 292
156 0 -1
268 28 59 29 60 279 290 281 292
157 0 -1
269 57 99 58 99 280 291 281 292
158 0 -1
271 36 44 41 45 282 293 288 299
159 0 -1
272 50 21 50 21 283 294 284 295
160 0 -1
274 87 8 97 10 285 296 298 309
161 0 -1
277 18 32 18 34 288 299 290 301
162 0 -1
278 51 20 53 21 289 300 295 306
163 0 -1
279 53 71 55 72 290 301 294 305
164 0 -1
280 73 1 74 3 291 302 294 305
165 0 -1
283 5 54 5 55 294 305 295 306
166 0 -1
285 54 17 57 17 296 307 299 310
167 0 -1
286 30 58 32 59 297 308 300 311
168 0 -1
289 29 17 32 17 300 311 303 314
169 0 -1
293 29 3 32 4 304 315 308 319
170 0 -1
294 2 80 3 80 305 316 306 317
171 0 -1
295 59 3 59 5 306 317 308 319
172 0 -1
296 94 16 98 16 307 318 311 322
173 0 -1
303 9 21 15 21 314 325 323 334
174 0 -1
305 41 79 42 82 316 327 321 332
175 0 -1
306 24 82 24 82 317 328 318 329
176 0 -1
307 51 44 51 46 318 329 320 331
177 0 -1
310 48 59 50 61 321 332 325 336
178 0 -1
311 28 15 30 15 322 333 326 337
179 0 -1
312 35 73 41 73 323 334 332 343
180 0 -1
313 79 86 79 86 324 335 325 336
181 0 -1
315 84 86 84 88 326 337 328 339
182 0 -1
320 13 2 19 4 331 342 347 358
183 0 -1
321 21 38 21 41 332 343 335 346
184 0 -1
323 87 8 88 16 334 345 347 358
185 0 -1
325 58 35 65 35 336 347 344 355
186 0 -1
326 76 77 76 78 337 348 338 349
187 0 -1
327 57 7 57 7 338 349 341 352
188 0 -1
328 63 44 68 44 339 350 344 355
189 0 -1
329 31 66 32 67 340 351 343 354
190 0 -1
330 93 78 95 79 341 352 346 357
191 0 -1
337 69 8 77 13 348 359 361 372
192 0 -1
340 58 78 60 78 351 362 354 365
193 0 -1
342 24 59 25 59 353 364 354 365
194 0 -1
343 33 92 33 94 354 365 357 368
195 0 -1
345 47 51 59 51 356 367 368 379
196 0 -1
349 35 1 35 2 360 371 361 372
197 0 -1
351 92 38 92 39 362 373 363 374
198 0 -1
354 72 4 74 6 365 376 371 382
199 0 -1
356 85 15 86 15 367 378 368 379
200 0 -1
357 0 74 4 74 368 379 372 383
201 0 -1
358 59 93 59 100 369 380 376 387
202 0 -1
359 53 45 53 45 370 381 373 384
203 0 -1
360 72 92 72 93 371 382 373 384
204 0 -1
361 74 54 75 57 372 383 378 389
205 0 -1
363 43 14 44 14 374 385 375 386
206 0 -1
364 27 23 28 23 375 386 376 387
207 0 -1
365 81 44 83 44 376 387 378 389
208 0 -1
367 15 87 21 87 378 389 384 395
209 0 -1
371 46 47 46 47 382 393 383 394
210 0 -1
372 45 0 53 0 383 394 391 402
211 0 -1
373 3 2 5 2 384 395 387 398
212 0 -1
374 50 97 51 97 385 396 386 397
213 0 -1
375 35 25 35 25 386 397 387 398
214 0 -1
377 46 57 47 57 388 399 389 400
215 0 -1
379 74 36 74 36 390 401 391 402
216 0 -1
380 14 43 14 44 391 402 392 403
217 0 -1
381 29 23 32 23 392 403 397 408
218 0 -1
382 59 11 61 11 393 404 395 406
219 0 -1
383 64 8 64 8 394 405 395 406
220 0 -1
388 3 48 4 48 399 410 400 411
221 0 -1
391 67 9 67 10 402 413 404 415
222 0 -1
392 96 31 98 31 403 414 405 416
223 0 -1
394 11 84 14 84 405 416 408 419
224 0 -1
396 42 83 42 84 407 418 412 423
225 0 -1
397 54 73 55 73 408 419 409 420
226 0 -1
400 47 1 48 2 411 422 413 424
227 0 -1
401 16 8 18 8 412 423 414 425
228 0 -1
403 33 30 36 32 414 425 419 430
229 0 -1
404 48 47 48 49 415 426 417 428
230 0 -1
407 25 26 25 27 418 429 419 430
231 0 -1
408 30 31 31 32 419 430 422 433
232 0 -1
411 58 10 60 10 422 433 424 435
233 0 -1
412 19 1 20 1 423 434 424 435
234 0 -1
414 44 6 45 6 425 436 426 437
235 0 -1
418 51 63 51 64 429 440 430 441
236 0 -1
420 46 73 46 74 431 442 432 443
237 0 -1
421 51 47 51 49 432 443 434 445
238 0 -1
423 25 88 25 89 434 445 435 446
239 0 -1
426 27 23 32 23 437 448 442 453
240 0 -1
428 18 40 19 40 439 450 441 452
241 0 -1
433 68 40 70 40 444 455 446 457
242 0 -1
437 34 91 35 91 448 459 449 460
243 0 -1
439 27 88 29 88 450 461 452 463
244 0 -1
441 38 92 43 94 452 463 460 471
245 0 -1
446 30 64 32 64 457 468 461 472
246 0 -1
448 46 65 46 66 459 470 462 473
247 0 -1
450 22 87 28 88 461 472 469 480
248 0 -1
452 34 14 35 16 463 474 466 477
249 0 -1
455 59 35 62 35 466 477 469 480
250 0 -1
460 67 21 71 22 471 482 477 488
251 0 -1
461 83 38 85 38 472 483 474 485
252 0 -1
462 33 11 34 11 473 484 476 487
253 0 -1
464 59 81 60 82 475 486 477 488
254 0 -1
469 68 25 68 27 480 491 482 493
255 0 -1
471 57 49 60 53 482 493 493 504
256 0 -1
475 79 36 79 36 486 497 488 499
257 0 -1
478 85 85 87 85 489 500 493 504
258 0 -1
479 36 57 37 57 490 501 492 503
259 0 -1
480 98 24 96 29 491 502 499 510
260 0 -1
481 4 45 8 45 492 503 498 509
261 0 -1
482 77 74 77 75 493 504 494 505
262 0 -1
484 5 24 6 25 495 506 499 510
263 0 -1
486 62 56 64 56 497 508 500 511
264 0 -1
488 41 38 44 38 499 510 502 513
265 0 -1
489 27 94 36 94 500 511 513 524
266 0 -1
491 77 14 78 15 502 513 504 515
267 0 -1
493 91 28 91 28 504 515 505 516
268 0 -1
496 43 92 43 92 507 518 508 519
269 0 -1
501 62 56 64 56 512 523 514 525
270 0 -1
502 9 40 11 40 513 524 517 528
271 0 -1
505 83 83 83 84 516 527 518 529
272 0 -1
506 0 95 4 95 517 528 522 533
273 0 -1
507 66 61 67 61 518 529 519 530
274 0 -1
509 94 44 94 44 520 531 521 532
275 0 -1
511 0 81 1 81 522 533 524 535
276 0 -1
512 32 51 32 51 523 534 524 535
277 0 -1
515 56 11 59 11 526 537 529 540
278 0 -1
516 46 68 54 70 527 538 540 551
279 0 -1
517 3 24 5 24 528 539 532 543
280 0 -1
518 77 70 78 70 529 540 531 542
281 0 -1
520 46 62 46 63 531 542 532 543
282 0 -1
522 21 5 24 7 533 544 542 553
283 0 -1
523 28 92 28 92 534 545 535 546
284 0 -1
525 82 48 84 48 536 547 538 549
285 0 -1
526 6 61 7 61 537 548 539 550
286 0 -1
528 1 28 4 30 539 550 544 555
287 0 -1
530 42 69 42 70 541 552 545 556
288 0 -1
533 78 61 79 62 544 555 546 557
289 0 -1
535 70 96 70 97 546 557 549 560
290 0 -1
536 30 43 31 44 547 558 549 560
291 0 -1
537 89 21 90 21 548 559 549 560
292 0 -1
538 70 41 71 43 549 560 552 563
293 0 -1
540 36 28 38 28 551 562 555 566
294 0 -1
541 92 51 93 53 552 563 555 566
295 0 -1
542 22 93 30 93 553 564 561 572
296 0 -1
543 93 42 94 43 554 565 556 567
297 0 -1
546 28 71 28 73 557 568 559 570
298 0 -1
547 31 36 33 36 558 569 560 571
299 0 -1
550 83 71 84 71 561 572 562 573
300 0 -1
552 46 24 47 24 563 574 566 577
