100 100 831
4
0 96 57
1 24 62
2 24 37
3 71 30
8
0 0 49 100 6
0
1 0 100 100 6
0
2 1 56 100 6
0
3 1 109 100 6
0
4 2 45 100 6
0
5 2 90 100 6
0
6 3 44 100 6
0
7 3 95 100 6
0
300
1 0 -1
2 95 51 97 52 140 278 143 281
2 0 -1
5 50 51 50 54 143 281 148 286
3 1 -1
7 80 69 83 70 145 283 149 287
4 3 -1
8 95 80 97 81 146 284 155 293
5 2 -1
9 54 26 54 30 147 285 153 291
6 2 -1
10 66 86 66 86 148 286 152 290
7 2 -1
11 73 68 78 68 149 287 155 293
8 2 -1
12 82 73 82 74 150 288 152 290
9 0 -1
13 22 18 24 18 151 289 153 291
10 0 -1
14 96 6 99 6 152 290 155 293
11 3 -1
15 91 9 95 11 153 291 159 297
12 2 -1
17 64 51 64 51 155 293 159 297
13 0 -1
18 65 26 69 28 156 294 162 300
14 1 -1
19 23 92 23 92 157 295 158 296
15 0 -1
20 18 56 20 56 158 296 160 298
16 0 -1
21 21 47 21 49 159 297 161 299
17 0 -1
22 29 65 32 66 160 298 164 302
18 3 -1
24 57 22 58 23 162 300 164 302
19 1 -1
29 98 89 98 90 167 305 173 311
20 2 -1
30 56 66 56 66 168 306 170 308
21 2 -1
31 77 62 78 62 169 307 171 309
22 3 -1
33 68 7 70 9 171 309 177 315
23 3 -1
35 53 63 54 63 173 311 174 312
24 1 -1
36 62 59 63 60 174 312 176 314
25 2 -1
39 53 14 53 14 177 315 178 316
26 3 -1
40 3 82 4 82 178 316 179 317
27 1 -1
41 45 50 47 50 179 317 181 319
28 0 -1
42 84 21 84 21 180 318 181 319
29 1 -1
43 48 96 49 96 181 319 182 320
30 1 -1
45 71 66 71 68 183 321 185 323
31 1 -1
49 37 42 39 43 187 325 190 328
32 0 -1
52 73 46 76 46 190 328 197 335
33 0 -1
53 28 24 30 24 191 329 196 334
34 1 -1
54 75 70 76 70 192 330 193 331
35 1 -1
56 74 92 82 98 194 332 211 349
36 0 -1
57 97 45 97 46 195 333 197 335
37 1 -1
59 40 46 40 47 197 335 198 336
38 3 -1
61 17 67 17 69 199 337 201 339
39 0 -1
62 57 57 64 58 200 338 208 346
40 1 -1
64 86 17 94 21 202 340 221 359
41 0 -1
69 17 9 17 11 207 345 209 347
42 0 -1
71 56 30 60 30 209 347 217 355
43 0 -1
73 38 95 40 98 211 349 216 354
44 3 -1
76 43 95 43 96 214 352 217 355
45 1 -1
78 87 6 87 6 216 354 218 356
46 3 -1
80 4 14 7 14 218 356 221 359
47 1 -1
81 8 60 9 60 219 357 221 359
48 0 -1
82 9 65 10 66 220 358 226 364
49 3 -1
83 55 63 56 66 221 359 226 364
50 1 -1
84 5 76 6 76 222 360 223 361
51 2 -1
86 97 23 99 28 224 362 234 372
52 2 -1
87 13 47 13 47 225 363 226 364
53 3 -1
90 18 54 18 55 228 366 229 367
54 3 -1
91 44 41 45 42 229 367 233 371
55 1 -1
92 16 88 16 89 230 368 231 369
56 3 -1
93 16 14 19 14 231 369 234 372
57 1 -1
94 63 55 65 59 232 370 238 376
58 1 -1
96 60 83 61 84 234 372 236 374
59 0 -1
103 46 27 48 27 241 379 244 382
60 0 -1
105 87 28 87 30 243 381 245 383
61 2 -1
106 26 3 30 7 244 382 254 392
62 3 -1
107 66 40 67 41 245 383 248 386
63 1 -1
108 34 13 42 13 246 384 254 392
64 2 -1
110 44 57 45 59 248 386 256 394
65 1 -1
111 50 38 50 38 249 387 250 388
66 2 -1
114 76 91 80 91 252 390 258 396
67 3 -1
115 18 25 19 26 253 391 258 396
68 0 -1
116 85 56 96 56 254 392 266 404
69 3 -1
119 1 32 4 32 257 395 260 398
70 3 -1
120 8 88 8 88 258 396 259 397
71 1 -1
122 27 12 31 12 260 398 264 402
72 1 -1
123 49 98 52 98 261 399 264 402
73 2 -1
124 14 0 16 2 262 400 266 404
74 1 -1
127 54 52 54 53 265 403 266 404
75 2 -1
128 98 73 98 78 266 404 285 423
76 0 -1
130 21 17 22 17 268 406 269 407
77 2 -1
132 6 53 7 60 270 408 285 423
78 3 -1
134 33 21 34 21 272 410 273 411
79 3 -1
135 3 79 3 85 273 411 284 422
80 2 -1
136 59 7 59 8 274 412 276 414
81 1 -1
139 50 47 51 47 277 415 278 416
82 3 -1
140 21 4 25 4 278 416 282 420
83 3 -1
141 37 37 40 39 279 417 284 422
84 3 -1
144 7 99 10 97 282 420 287 425
85 0 -1
145 1 59 2 59 283 421 285 423
86 2 -1
146 3 2 3 3 284 422 285 423
87 3 -1
147 71 73 72 73 285 423 286 424
88 0 -1
148 80 61 81 61 286 424 287 425
89 0 -1
149 0 91 2 91 287 425 289 427
90 3 -1
150 56 81 62 81 288 426 294 432
91 0 -1
153 65 81 66 81 291 429 292 430
92 0 -1
154 44 75 44 77 292 430 296 434
93 2 -1
155 50 99 50 95 293 431 297 435
94 2 -1
156 34 6 37 8 294 432 299 437
95 3 -1
157 25 18 25 22 295 433 300 438
96 3 -1
160 15 18 16 22 298 436 304 442
97 3 -1
162 14 47 15 47 300 438 301 439
98 2 -1
163 8 91 8 92 301 439 302 440
99 1 -1
166 58 89 58 89 304 442 306 444
100 0 -1
167 40 72 45 72 305 443 310 448
101 0 -1
168 72 6 73 7 306 444 308 446
102 2 -1
169 62 14 67 14 307 445 312 450
103 2 -1
170 35 25 36 26 308 446 313 451
104 0 -1
172 16 46 17 49 310 448 315 453
105 1 -1
173 42 96 46 96 311 449 316 454
106 3 -1
174 12 58 13 59 312 450 314 452
107 3 -1
179 4 11 5 11 317 455 318 456
108 3 -1
183 56 89 58 90 321 459 326 464
109 1 -1
184 2 7 2 7 322 460 324 462
110 0 -1
185 8 88 8 89 323 461 325 463
111 1 -1
186 25 72 33 72 324 462 333 471
112 3 -1
187 38 91 41 94 325 463 331 469
113 3 -1
189 68 87 73 87 327 465 332 470
114 1 -1
190 87 53 90 54 328 466 333 471
115 2 -1
193 54 77 54 77 331 469 332 470
116 2 -1
196 98 30 96 30 334 472 336 474
117 3 -1
197 96 28 97 28 335 473 336 474
118 2 -1
198 23 28 27 34 336 474 354 492
119 2 -1
199 48 6 49 6 337 475 338 476
120 1 -1
200 14 93 16 93 338 476 340 478
121 3 -1
201 49 62 49 62 339 477 340 478
122 1 -1
204 41 27 41 28 342 480 343 481
123 0 -1
208 32 27 32 27 346 484 347 485
124 2 -1
209 22 20 23 20 347 485 348 486
125 0 -1
211 59 56 61 57 349 487 352 490
126 0 -1
212 32 94 33 95 350 488 352 490
127 1 -1
213 17 71 24 72 351 489 359 497
128 3 -1
214 50 55 51 58 352 490 357 495
129 0 -1
218 51 21 55 22 356 494 363 501
130 2 -1
219 78 86 79 86 357 495 359 497
131 3 -1
224 45 98 47 98 362 500 365 503
132 2 -1
225 47 57 47 57 363 501 365 503
133 0 -1
229 53 80 55 84 367 505 373 511
134 3 -1
230 34 82 34 82 368 506 369 507
135 2 -1
231 91 46 91 46 369 507 372 510
136 3 -1
236 78 9 78 11 374 512 376 514
137 1 -1
237 80 99 80 100 375 513 377 515
138 3 -1
240 55 96 59 99 378 516 389 527
139 0 -1
242 78 49 79 49 380 518 382 520
140 1 -1
244 52 2 52 3 382 520 387 525
141 0 -1
245 34 19 34 20 383 521 389 527
142 3 -1
246 87 2 88 2 384 522 387 525
143 2 -1
247 96 5 98 5 385 523 388 526
144 3 -1
248 40 65 41 67 386 524 389 527
145 2 -1
250 9 50 10 51 388 526 390 528
146 2 -1
251 26 91 27 93 389 527 392 530
147 2 -1
253 56 15 56 15 391 529 392 530
148 0 -1
255 27 83 29 83 393 531 395 533
149 3 -1
256 50 66 50 70 394 532 398 536
150 3 -1
257 21 96 22 99 395 533 399 537
151 3 -1
258 33 1 33 1 396 534 397 535
152 2 -1
260 30 94 30 94 398 536 400 538
153 3 -1
261 55 70 62 73 399 537 411 549
154 3 -1
266 10 50 11 53 404 542 408 546
155 3 -1
267 46 36 47 38 405 543 408 546
156 1 -1
268 48 1 49 1 406 544 408 546
157 2 -1
269 45 64 46 64 407 545 408 546
158 3 -1
271 48 78 51 79 409 547 415 553
159 0 -1
272 96 98 97 98 410 548 411 549
160 0 -1
274 19 46 21 48 412 550 425 563
161 0 -1
277 41 55 41 57 415 553 417 555
162 1 -1
278 37 86 41 86 416 554 422 560
163 3 -1
279 81 59 82 62 417 555 421 559
164 2 -1
280 34 67 36 68 418 556 421 559
165 0 -1
283 28 37 29 37 421 559 422 560
166 3 -1
285 42 6 42 7 423 561 426 564
167 2 -1
286 76 41 78 41 424 562 427 565
168 3 -1
289 37 17 38 19 427 565 430 568
169 3 -1
293 25 90 29 90 431 569 435 573
170 1 -1
294 69 96 72 97 432 570 436 574
171 2 -1
295 99 52 98 52 433 571 435 573
172 2 -1
296 33 6 35 6 434 572 438 576
173 1 -1
303 52 58 53 59 441 579 450 588
174 0 -1
305 20 54 25 54 443 581 448 586
175 0 -1
306 74 6 74 7 444 582 445 583
176 1 -1
307 89 80 91 80 445 583 447 585
177 1 -1
310 67 87 69 89 448 586 452 590
178 3 -1
311 36 34 38 35 449 587 453 591
179 2 -1
312 85 26 91 29 450 588 459 597
180 1 -1
313 91 2 92 2 451 589 452 590
181 0 -1
315 68 37 70 37 453 591 455 593
182 1 -1
320 58 50 68 52 458 596 474 612
183 2 -1
321 34 41 37 41 459 597 462 600
184 2 -1
323 74 27 81 29 461 599 474 612
185 3 -1
325 46 25 53 26 463 601 471 609
186 0 -1
326 7 72 7 72 464 602 465 603
187 2 -1
327 64 10 64 12 465 603 468 606
188 2 -1
328 74 9 75 13 466 604 471 609
189 1 -1
329 18 34 18 34 467 605 470 608
190 3 -1
330 15 63 17 63 468 606 473 611
191 0 -1
337 45 71 48 78 475 613 488 626
192 3 -1
340 30 58 33 58 478 616 481 619
193 0 -1
342 63 41 63 42 480 618 481 619
194 2 -1
343 35 67 36 69 481 619 484 622
195 2 -1
345 73 81 83 83 483 621 495 633
196 3 -1
349 34 7 35 7 487 625 488 626
197 3 -1
351 96 58 96 59 489 627 490 628
198 3 -1
354 21 30 22 33 492 630 498 636
199 3 -1
356 69 1 70 1 494 632 495 633
200 1 -1
357 49 15 50 18 495 633 499 637
201 3 -1
358 37 20 43 21 496 634 503 641
202 3 -1
359 97 88 97 90 497 635 500 638
203 2 -1
360 96 68 96 68 498 636 500 638
204 1 -1
361 25 99 25 97 499 637 505 643
205 1 -1
363 69 31 69 31 501 639 502 640
206 2 -1
364 88 42 88 42 502 640 503 641
207 2 -1
365 87 20 88 20 503 641 505 643
208 2 -1
367 57 22 58 27 505 643 511 649
209 2 -1
371 46 12 46 13 509 647 510 648
210 0 -1
372 67 13 73 13 510 648 518 656
211 2 -1
373 59 30 62 30 511 649 514 652
212 2 -1
374 92 9 93 9 512 650 513 651
213 1 -1
375 88 78 89 78 513 651 514 652
214 1 -1
377 53 18 54 18 515 653 516 654
215 1 -1
379 31 34 31 35 517 655 518 656
216 2 -1
380 89 81 90 81 518 656 519 657
217 1 -1
381 66 92 68 93 519 657 524 662
218 3 -1
382 58 42 59 43 520 658 522 660
219 0 -1
383 84 1 84 1 521 659 522 660
220 0 -1
388 18 26 19 26 526 664 527 665
221 3 -1
391 86 32 86 34 529 667 531 669
222 3 -1
392 48 63 49 64 530 668 532 670
223 2 -1
394 41 23 42 25 532 670 535 673
224 0 -1
396 47 94 51 94 534 672 539 677
225 0 -1
397 2 86 3 86 535 673 536 674
226 2 -1
400 69 28 70 28 538 676 540 678
227 2 -1
401 39 51 39 53 539 677 541 679
228 1 -1
403 48 42 51 43 541 679 546 684
229 3 -1
404 31 27 31 28 542 680 544 682
230 0 -1
407 32 50 32 51 545 683 546 684
231 0 -1
408 9 39 11 40 546 684 549 687
232 1 -1
411 33 8 33 9 549 687 551 689
233 0 -1
412 21 72 21 72 550 688 551 689
234 1 -1
414 30 3 30 3 552 690 553 691
235 0 -1
418 27 82 28 82 556 694 557 695
236 1 -1
420 69 97 69 98 558 696 559 697
237 0 -1
421 24 26 25 26 559 697 561 699
238 3 -1
423 2 36 3 36 561 699 562 700
239 3 -1
426 4 90 9 90 564 702 569 707
240 0 -1
428 96 49 96 49 566 704 568 706
241 0 -1
433 36 54 38 54 571 709 573 711
242 0 -1
437 62 82 63 82 575 713 576 714
243 1 -1
439 17 18 19 18 577 715 579 717
244 3 -1
441 41 9 42 14 579 717 587 725
245 3 -1
446 99 52 95 52 584 722 588 726
246 3 -1
448 80 6 82 7 586 724 589 727
247 1 -1
450 20 46 28 46 588 726 596 734
248 0 -1
452 57 93 58 95 590 728 593 731
249 1 -1
455 44 13 45 13 593 731 596 734
250 2 -1
460 85 85 86 89 598 736 604 742
251 2 -1
461 40 69 41 70 599 737 601 739
252 3 -1
462 37 97 39 98 600 738 603 741
253 2 -1
464 91 9 92 10 602 740 604 742
254 0 -1
469 82 72 82 74 607 745 609 747
255 0 -1
471 3 64 3 71 609 747 620 758
256 2 -1
475 45 9 47 9 613 751 615 753
257 1 -1
478 54 76 57 77 616 754 620 758
258 0 -1
479 28 45 28 47 617 755 619 757
259 0 -1
480 59 10 67 10 618 756 626 764
260 1 -1
481 62 27 68 27 619 757 625 763
261 1 -1
482 98 97 98 97 620 758 621 759
262 0 -1
484 5 74 9 74 622 760 626 764
263 3 -1
486 6 66 6 67 624 762 627 765
264 3 -1
488 18 67 21 67 626 764 629 767
265 0 -1
489 34 57 38 66 627 765 640 778
266 2 -1
491 99 26 97 26 629 767 631 769
267 0 -1
493 4 95 4 95 631 769 632 770
268 0 -1
496 58 16 58 17 634 772 635 773
269 1 -1
501 0 30 1 30 639 777 641 779
270 2 -1
502 60 85 64 85 640 778 644 782
271 2 -1
505 31 58 32 59 643 781 645 783
272 1 -1
506 78 6 78 6 644 782 649 787
273 1 -1
507 41 10 45 10 645 783 649 787
274 2 -1
509 20 5 21 5 647 785 648 786
275 2 -1
511 92 30 92 31 649 787 651 789
276 0 -1
512 83 46 83 46 650 788 651 789
277 2 -1
515 61 21 61 23 653 791 656 794
278 2 -1
516 60 72 67 76 654 792 667 805
279 1 -1
517 53 82 56 82 655 793 659 797
280 0 -1
518 53 87 53 89 656 794 658 796
281 1 -1
520 72 11 72 12 658 796 659 797
282 1 -1
522 58 25 64 27 660 798 669 807
283 0 -1
523 33 58 34 58 661 799 662 800
284 1 -1
525 23 15 23 17 663 801 665 803
285 0 -1
526 73 53 74 53 664 802 666 804
286 3 -1
528 8 77 13 77 666 804 671 809
287 0 -1
530 82 34 86 34 668 806 672 810
288 2 -1
533 6 56 7 57 671 809 673 811
289 1 -1
535 76 68 76 70 673 811 676 814
290 2 -1
536 14 71 14 73 674 812 676 814
291 3 -1
537 88 61 88 61 675 813 676 814
292 1 -1
538 61 5 61 5 676 814 679 817
293 2 -1
540 23 75 27 75 678 816 682 820
294 2 -1
541 58 79 58 79 679 817 682 820
295 0 -1
542 88 72 91 74 680 818 688 826
296 2 -1
543 75 24 76 25 681 819 683 821
297 3 -1
546 75 44 77 44 684 822 686 824
298 0 -1
547 11 17 13 17 685 823 687 825
299 3 -1
550 2 62 2 63 688 826 689 827
300 2 -1
552 37 99 38 99 690 828 693 831
