100 100 665
16
0 42 47
1 33 4
2 98 40
3 32 12
4 92 81
5 3 95
6 63 69
7 28 29
8 49 21
9 2 82
10 60 44
11 91 22
12 56 17
13 67 24
14 64 79
15 39 35
16
0 0 -1 100 6
0
1 1 -1 100 6
0
2 2 -1 100 6
0
3 3 -1 100 6
0
4 4 -1 100 6
0
5 5 -1 100 6
0
6 6 -1 100 6
0
7 7 -1 100 6
0
8 8 -1 100 6
0
9 9 -1 100 6
0
10 10 -1 100 6
0
11 11 -1 100 6
0
12 12 -1 100 6
0
13 13 -1 100 6
0
14 14 -1 100 6
0
15 15 -1 100 6
0
300
1 14 -1
2 49 71 52 71 57 112 60 115
2 3 -1
5 54 37 57 39 60 115 65 120
3 12 -1
7 77 16 77 16 62 117 66 121
4 11 -1
8 11 54 17 54 63 118 72 127
5 13 -1
9 10 41 14 43 64 119 70 125
6 7 -1
10 1 72 5 72 65 120 69 124
7 2 -1
11 17 6 21 7 66 121 72 127
8 7 -1
12 84 39 85 39 67 122 69 124
9 12 -1
13 26 13 28 13 68 123 70 125
10 9 -1
14 48 21 48 21 69 124 72 127
11 2 -1
15 91 87 95 87 70 125 76 131
12 11 -1
17 55 11 58 12 72 127 76 131
13 14 -1
18 1 30 2 31 73 128 79 134
14 0 -1
19 8 39 8 40 74 129 75 130
15 3 -1
20 91 11 91 12 75 130 77 132
16 4 -1
21 63 56 65 56 76 131 78 133
17 7 -1
22 65 93 67 94 77 132 81 136
18 15 -1
24 15 98 15 99 79 134 81 136
19 11 -1
29 32 52 33 56 84 139 90 145
20 14 -1
30 4 40 4 41 85 140 87 142
21 13 -1
31 61 18 61 19 86 141 88 143
22 10 -1
33 24 60 25 65 88 143 94 149
23 1 -1
35 17 15 18 15 90 145 91 146
24 12 -1
36 49 66 51 66 91 146 93 148
25 2 -1
39 69 77 69 77 94 149 95 150
26 15 -1
40 23 48 23 48 95 150 96 151
27 7 -1
41 1 8 3 8 96 151 98 153
28 0 -1
42 29 53 30 53 97 152 98 153
29 2 -1
43 92 73 92 73 98 153 99 154
30 15 -1
45 41 6 42 7 100 155 102 157
31 1 -1
49 63 48 64 50 104 159 107 162
32 2 -1
52 17 7 19 8 107 162 114 169
33 8 -1
53 7 44 12 44 108 163 113 168
34 9 -1
54 94 56 94 57 109 164 110 165
35 5 -1
56 75 4 81 5 111 166 128 183
36 1 -1
57 53 50 54 50 112 167 114 169
37 6 -1
59 14 95 14 95 114 169 115 170
38 0 -1
61 54 85 54 86 116 171 118 173
39 12 -1
62 6 96 12 97 117 172 125 180
40 11 -1
64 71 66 79 75 119 174 138 193
41 4 -1
69 67 83 69 83 124 179 126 181
42 7 -1
71 33 23 39 25 126 181 134 189
43 0 -1
73 78 77 81 77 128 183 133 188
44 3 -1
76 1 6 4 6 131 186 134 189
45 10 -1
78 78 39 79 40 133 188 135 190
46 0 -1
80 1 65 3 66 135 190 138 193
47 12 -1
81 11 14 13 14 136 191 138 193
48 13 -1
82 73 71 73 74 137 192 143 198
49 7 -1
83 91 56 91 61 138 193 143 198
50 11 -1
84 42 76 42 77 139 194 140 195
51 15 -1
86 11 24 13 24 141 196 151 206
52 1 -1
87 40 83 40 83 142 197 143 198
53 9 -1
90 63 27 63 27 145 200 146 201
54 12 -1
91 98 88 94 88 146 201 150 205
55 3 -1
92 9 53 10 53 147 202 148 203
56 6 -1
93 10 22 10 25 148 203 151 206
57 15 -1
94 12 0 18 0 149 204 155 210
58 14 -1
96 8 37 10 37 151 206 153 208
59 12 -1
103 96 53 98 54 158 213 161 216
60 7 -1
105 71 48 71 49 160 215 162 217
61 2 -1
106 69 29 71 33 161 216 171 226
62 6 -1
107 10 62 10 64 162 217 165 220
63 14 -1
108 2 2 7 5 163 218 171 226
64 3 -1
110 23 33 29 33 165 220 173 228
65 7 -1
111 1 60 2 60 166 221 167 222
66 3 -1
114 96 14 97 17 169 224 175 230
67 6 -1
115 80 78 84 79 170 225 175 230
68 13 -1
116 81 73 89 74 171 226 183 238
69 8 -1
119 90 81 92 82 174 229 177 232
70 0 -1
120 24 61 24 61 175 230 176 231
71 14 -1
122 3 10 6 11 177 232 181 236
72 11 -1
123 33 84 36 84 178 233 181 236
73 2 -1
124 43 16 46 16 179 234 183 238
74 11 -1
127 31 61 31 61 182 237 183 238
75 7 -1
128 66 57 74 58 183 238 202 257
76 2 -1
130 69 1 69 2 185 240 186 241
77 11 -1
132 43 97 53 97 187 242 202 257
78 8 -1
134 81 57 82 57 189 244 190 245
79 10 -1
135 63 60 66 68 190 245 201 256
80 8 -1
136 29 81 31 81 191 246 193 248
81 5 -1
139 77 62 77 62 194 249 195 250
82 4 -1
140 29 52 30 53 195 250 199 254
83 15 -1
141 85 35 85 39 196 251 201 256
84 13 -1
144 18 15 19 15 199 254 204 259
85 5 -1
145 23 45 23 46 200 255 202 257
86 6 -1
146 48 7 49 7 201 256 202 257
87 13 -1
147 7 95 8 95 202 257 203 258
88 8 -1
148 6 59 7 59 203 258 204 259
89 3 -1
149 38 69 39 70 204 259 206 261
90 8 -1
150 77 57 79 60 205 260 211 266
91 8 -1
153 20 81 21 81 208 263 209 264
92 7 -1
154 39 17 41 19 209 264 213 268
93 15 -1
155 47 31 48 31 210 265 211 266
94 1 -1
156 81 13 84 13 211 266 216 271
95 11 -1
157 85 12 89 13 212 267 217 272
96 9 -1
160 88 41 94 41 215 270 221 276
97 9 -1
162 41 19 41 20 217 272 218 273
98 4 -1
163 82 67 82 67 218 273 219 274
99 11 -1
166 81 33 83 33 221 276 223 278
100 14 -1
167 5 58 6 61 222 277 227 282
101 11 -1
168 24 63 25 63 223 278 225 280
102 11 -1
169 35 74 35 76 224 279 229 284
103 8 -1
170 33 28 33 30 225 280 230 285
104 3 -1
172 16 65 19 66 227 282 232 287
105 15 -1
173 39 8 43 9 228 283 233 288
106 13 -1
174 75 19 75 21 229 284 231 286
107 9 -1
179 76 25 76 26 234 289 235 290
108 14 -1
183 47 51 52 51 238 293 243 298
109 7 -1
184 50 27 51 28 239 294 241 296
110 8 -1
185 58 51 60 51 240 295 242 297
111 7 -1
186 41 73 42 79 241 296 250 305
112 12 -1
187 2 78 4 81 242 297 248 303
113 10 -1
189 79 34 82 34 244 299 249 304
114 1 -1
190 79 73 80 73 245 300 250 305
115 8 -1
193 43 92 44 92 248 303 249 304
116 7 -1
196 32 84 34 84 251 306 253 308
117 5 -1
197 4 37 4 37 252 307 253 308
118 8 -1
198 96 57 90 65 253 308 271 326
119 7 -1
199 23 96 23 96 254 309 255 310
120 3 -1
200 91 64 92 64 255 310 257 312
121 4 -1
201 82 98 82 99 256 311 257 312
122 13 -1
204 92 44 93 44 259 314 260 315
123 13 -1
208 76 56 77 56 263 318 264 319
124 1 -1
209 52 9 52 9 264 319 265 320
125 9 -1
211 76 13 76 16 266 321 269 324
126 10 -1
212 39 98 39 99 267 322 269 324
127 7 -1
213 73 51 80 52 268 323 276 331
128 1 -1
214 77 59 81 60 269 324 274 329
129 6 -1
218 51 85 57 86 273 328 280 335
130 11 -1
219 94 8 94 10 274 329 276 331
131 6 -1
224 64 38 67 38 279 334 282 337
132 3 -1
225 10 27 11 28 280 335 282 337
133 2 -1
229 82 68 86 70 284 339 290 345
134 9 -1
230 91 75 91 76 285 340 286 341
135 3 -1
231 13 60 13 60 286 341 289 344
136 3 -1
236 10 8 12 8 291 346 293 348
137 3 -1
237 62 12 63 12 292 347 294 349
138 4 -1
240 26 48 31 49 295 350 306 361
139 10 -1
242 4 33 5 34 297 352 299 354
140 5 -1
244 28 85 33 85 299 354 304 359
141 12 -1
245 63 10 68 11 300 355 306 361
142 11 -1
246 37 87 37 88 301 356 304 359
143 6 -1
247 95 6 97 6 302 357 305 360
144 11 -1
248 64 62 67 62 303 358 306 361
145 10 -1
250 53 23 54 23 305 360 307 362
146 0 -1
251 31 37 33 37 306 361 309 364
147 15 -1
253 77 46 77 47 308 363 309 364
148 2 -1
255 27 58 29 58 310 365 312 367
149 14 -1
256 92 65 93 68 311 366 315 370
150 13 -1
257 13 99 13 100 312 367 316 371
151 9 -1
258 4 56 5 56 313 368 314 369
152 6 -1
260 95 28 95 30 315 370 317 372
153 15 -1
261 72 91 82 91 316 371 328 383
154 0 -1
266 85 62 87 63 321 376 325 380
155 0 -1
267 28 73 29 75 322 377 325 380
156 7 -1
268 92 26 94 26 323 378 325 380
157 15 -1
269 43 95 43 95 324 379 325 380
158 9 -1
271 91 25 96 25 326 381 332 387
159 12 -1
272 96 31 97 31 327 382 328 383
160 10 -1
274 37 58 39 69 329 384 342 397
161 9 -1
277 10 4 12 4 332 387 334 389
162 1 -1
278 13 82 19 82 333 388 339 394
163 3 -1
279 36 58 37 60 334 389 338 393
164 15 -1
280 97 39 97 41 335 390 338 393
165 8 -1
283 39 88 40 88 338 393 339 394
166 2 -1
285 83 57 84 59 340 395 343 398
167 7 -1
286 22 48 23 49 341 396 344 399
168 15 -1
289 39 83 41 83 344 399 347 402
169 9 -1
293 70 75 71 77 348 403 352 407
170 2 -1
294 40 22 41 22 349 404 350 405
171 5 -1
295 45 92 47 92 350 405 352 407
172 15 -1
296 58 49 59 52 351 406 355 410
173 9 -1
303 35 63 36 64 358 413 367 422
174 11 -1
305 25 67 30 67 360 415 365 420
175 2 -1
306 94 28 95 28 361 416 362 417
176 11 -1
307 21 33 22 33 362 417 364 419
177 4 -1
310 84 39 87 39 365 420 369 424
178 5 -1
311 64 93 67 94 366 421 370 425
179 5 -1
312 94 59 97 62 367 422 376 431
180 4 -1
313 75 78 76 78 368 423 369 424
181 0 -1
315 94 65 95 65 370 425 372 427
182 3 -1
320 29 39 42 39 375 430 391 446
183 11 -1
321 58 85 60 86 376 431 379 434
184 5 -1
323 26 21 30 25 378 433 391 446
185 0 -1
325 62 98 70 98 380 435 388 443
186 7 -1
326 50 34 50 34 381 436 382 437
187 11 -1
327 19 18 20 19 382 437 385 440
188 14 -1
328 30 70 31 74 383 438 388 443
189 0 -1
329 74 91 76 92 384 439 387 442
190 1 -1
330 75 69 76 72 385 440 390 445
191 6 -1
337 36 40 36 50 392 447 405 460
192 8 -1
340 41 32 41 32 395 450 398 453
193 5 -1
342 88 73 89 73 397 452 398 453
194 5 -1
343 40 33 40 36 398 453 401 456
195 14 -1
345 76 45 83 45 400 455 412 467
196 5 -1
349 25 48 26 48 404 459 405 460
197 2 -1
351 65 8 65 9 406 461 407 462
198 11 -1
354 62 30 62 35 409 464 415 470
199 11 -1
356 29 94 30 94 411 466 412 467
200 6 -1
357 7 27 9 28 412 467 416 471
201 14 -1
358 98 95 92 95 413 468 420 475
202 13 -1
359 64 95 65 96 414 469 417 472
203 4 -1
360 27 72 28 73 415 470 417 472
204 4 -1
361 83 8 84 13 416 471 422 477
205 1 -1
363 85 97 85 98 418 473 419 474
206 13 -1
364 48 93 49 93 419 474 420 475
207 6 -1
365 86 37 88 37 420 475 422 477
208 2 -1
367 8 9 12 9 422 477 428 483
209 13 -1
371 53 21 54 21 426 481 427 482
210 11 -1
372 98 63 98 70 427 482 435 490
211 13 -1
373 83 52 85 53 428 483 431 486
212 11 -1
374 53 7 53 8 429 484 430 485
213 9 -1
375 81 45 82 45 430 485 431 486
214 3 -1
377 64 61 65 61 432 487 433 488
215 3 -1
379 73 69 73 69 434 489 435 490
216 9 -1
380 26 80 26 80 435 490 436 491
217 15 -1
381 65 31 70 31 436 491 441 496
218 12 -1
382 98 72 99 72 437 492 439 494
219 12 -1
383 7 66 7 66 438 493 439 494
220 14 -1
388 7 96 8 96 443 498 444 499
221 10 -1
391 2 90 4 90 446 501 448 503
222 14 -1
392 42 95 43 95 447 502 449 504
223 11 -1
394 60 51 61 52 449 504 452 507
224 8 -1
396 61 50 62 50 451 506 456 511
225 4 -1
397 83 28 84 28 452 507 453 508
226 14 -1
400 30 77 30 79 455 510 457 512
227 0 -1
401 70 75 71 75 456 511 458 513
228 6 -1
403 17 93 20 95 458 513 463 518
229 14 -1
404 68 36 69 36 459 514 461 516
230 7 -1
407 43 82 44 82 462 517 463 518
231 9 -1
408 74 92 75 93 463 518 466 521
232 14 -1
411 19 72 21 72 466 521 468 523
233 8 -1
412 56 30 57 30 467 522 468 523
234 7 -1
414 12 45 13 45 469 524 470 525
235 9 -1
418 83 37 83 37 473 528 474 529
236 7 -1
420 38 5 38 5 475 530 476 531
237 6 -1
421 61 53 61 55 476 531 478 533
238 8 -1
423 23 49 24 49 478 533 479 534
239 5 -1
426 71 47 75 47 481 536 486 541
240 6 -1
428 29 6 29 7 483 538 485 540
241 15 -1
433 93 97 93 99 488 543 490 545
242 3 -1
437 2 61 3 61 492 547 493 548
243 4 -1
439 99 97 99 99 494 549 496 551
244 0 -1
441 66 35 70 35 496 551 504 559
245 2 -1
446 93 51 95 53 501 556 505 560
246 11 -1
448 34 56 37 56 503 558 506 561
247 3 -1
450 21 49 29 49 505 560 513 568
248 2 -1
452 87 90 89 91 507 562 510 565
249 5 -1
455 83 63 84 63 510 565 513 568
250 5 -1
460 80 27 81 32 515 570 521 576
251 3 -1
461 25 33 27 33 516 571 518 573
252 0 -1
462 92 15 94 15 517 572 520 575
253 11 -1
464 58 18 58 18 519 574 521 576
254 13 -1
469 12 89 13 90 524 579 526 581
255 9 -1
471 38 85 38 86 526 581 537 592
256 1 -1
475 67 74 67 74 530 585 532 587
257 13 -1
478 39 86 42 86 533 588 537 592
258 7 -1
479 72 67 74 67 534 589 536 591
259 10 -1
480 53 40 56 42 535 590 543 598
260 3 -1
481 25 34 26 36 536 591 542 597
261 6 -1
482 88 23 89 23 537 592 538 593
262 11 -1
484 80 99 84 99 539 594 543 598
263 12 -1
486 84 50 87 50 541 596 544 599
264 2 -1
488 29 37 29 40 543 598 546 601
265 4 -1
489 74 67 85 68 544 599 557 612
266 9 -1
491 39 25 41 25 546 601 548 603
267 14 -1
493 7 75 7 75 548 603 549 604
268 7 -1
496 92 68 92 68 551 606 552 607
269 12 -1
501 0 18 0 19 556 611 558 613
270 6 -1
502 94 7 95 10 557 612 561 616
271 1 -1
505 78 21 79 22 560 615 562 617
272 12 -1
506 51 23 53 25 561 616 566 621
273 13 -1
507 4 46 4 46 562 617 563 618
274 2 -1
509 27 1 27 1 564 619 565 620
275 5 -1
511 73 36 74 36 566 621 568 623
276 2 -1
512 25 26 25 26 567 622 568 623
277 7 -1
515 5 13 5 14 570 625 573 628
278 2 -1
516 88 15 95 18 571 626 584 639
279 3 -1
517 52 78 56 78 572 627 576 631
280 7 -1
518 43 50 43 51 573 628 575 630
281 12 -1
520 32 44 32 45 575 630 576 631
282 10 -1
522 74 59 79 59 577 632 586 641
283 4 -1
523 54 47 55 47 578 633 579 634
284 5 -1
525 38 42 40 42 580 635 582 637
285 11 -1
526 50 48 50 49 581 636 583 638
286 15 -1
528 73 79 73 82 583 638 588 643
287 11 -1
530 86 18 90 18 585 640 589 644
288 12 -1
533 54 70 55 71 588 643 590 645
289 12 -1
535 16 9 18 9 590 645 593 648
290 13 -1
536 80 88 81 88 591 646 593 648
291 6 -1
537 56 13 57 13 592 647 593 648
292 10 -1
538 80 64 82 65 593 648 596 651
293 15 -1
540 41 87 41 90 595 650 599 654
294 6 -1
541 40 86 43 86 596 651 599 654
295 3 -1
542 94 22 96 26 597 652 605 660
296 6 -1
543 34 18 34 18 598 653 600 655
297 13 -1
546 8 38 10 38 601 656 603 658
298 14 -1
547 35 50 37 50 602 657 604 659
299 4 -1
550 8 59 8 59 605 660 606 661
300 0 -1
552 2 41 2 43 607 662 610 665
