100 100 2073
16
0 87 21
1 57 27
2 44 9
3 81 83
4 58 70
5 41 7
6 30 60
7 76 30
8 6 69
9 79 27
10 60 90
11 20 88
12 33 84
13 61 35
14 65 93
15 5 25
64
0 0 385 100 6
0
1 0 778 100 6
0
2 0 1123 100 6
0
3 0 1532 100 6
0
4 1 465 100 6
0
5 1 859 100 6
0
6 1 1220 100 6
0
7 1 1591 100 6
0
8 2 420 100 6
0
9 2 780 100 6
0
10 2 1173 100 6
0
11 2 1570 100 6
0
12 3 370 100 6
0
13 3 729 100 6
0
14 3 1214 100 6
0
15 3 1569 100 6
0
16 4 320 100 6
0
17 4 755 100 6
0
18 4 1169 100 6
0
19 4 1565 100 6
0
20 5 434 100 6
0
21 5 811 100 6
0
22 5 1150 100 6
0
23 5 1547 100 6
0
24 6 386 100 6
0
25 6 775 100 6
0
26 6 1140 100 6
0
27 6 1549 100 6
0
28 7 423 100 6
0
29 7 760 100 6
0
30 7 1154 100 6
0
31 7 1546 100 6
0
32 8 358 100 6
0
33 8 719 100 6
0
34 8 1103 100 6
0
35 8 1516 100 6
0
36 9 436 100 6
0
37 9 839 100 6
0
38 9 1217 100 6
0
39 9 1603 100 6
0
40 10 443 100 6
0
41 10 792 100 6
0
42 10 1188 100 6
0
43 10 1564 100 6
0
44 11 344 100 6
0
45 11 760 100 6
0
46 11 1149 100 6
0
47 11 1499 100 6
0
48 12 400 100 6
0
49 12 782 100 6
0
50 12 1180 100 6
0
51 12 1589 100 6
0
52 13 417 100 6
0
53 13 810 100 6
0
54 13 1167 100 6
0
55 13 1540 100 6
0
56 14 409 100 6
0
57 14 746 100 6
0
58 14 1177 100 6
0
59 14 1556 100 6
0
60 15 409 100 6
0
61 15 759 100 6
0
62 15 1149 100 6
0
63 15 1531 100 6
0
1000
1 15 -1
2 62 38 65 38 174 346 177 349
2 5 -1
5 33 31 34 35 177 349 182 354
3 7 -1
7 23 17 26 17 179 351 183 355
4 1 -1
8 7 13 11 14 180 352 189 361
5 11 -1
9 34 23 34 25 181 353 187 359
6 7 -1
10 81 78 82 81 182 354 186 358
7 7 -1
11 88 28 94 28 183 355 189 361
8 7 -1
12 79 93 80 93 184 356 186 358
9 8 -1
13 2 86 3 87 185 357 187 359
10 2 -1
14 74 35 77 35 186 358 189 361
11 7 -1
15 9 64 9 66 187 359 193 365
12 9 -1
17 78 3 81 3 189 361 193 365
13 8 -1
18 14 74 15 74 190 362 196 368
14 10 -1
19 87 59 88 59 191 363 192 364
15 7 -1
20 16 40 18 40 192 364 194 366
16 13 -1
21 5 73 6 74 193 365 195 367
17 10 -1
22 28 91 32 91 194 366 198 370
18 13 -1
24 67 12 69 12 196 368 198 370
19 8 -1
29 3 62 9 62 201 373 207 379
20 13 -1
30 19 13 21 13 202 374 204 376
21 0 -1
31 60 19 61 20 203 375 205 377
22 15 -1
33 93 21 93 22 205 377 211 383
23 7 -1
35 68 88 69 88 207 379 208 380
24 3 -1
36 69 80 69 82 208 380 210 382
25 4 -1
39 1 56 1 57 211 383 212 384
26 1 -1
40 78 78 79 78 212 384 213 385
27 9 -1
41 26 68 28 68 213 385 215 387
28 3 -1
42 31 32 32 32 214 386 215 387
29 15 -1
43 13 68 14 68 215 387 216 388
30 14 -1
45 89 54 89 56 217 389 219 391
31 1 -1
49 83 4 85 4 221 393 224 396
32 3 -1
52 92 17 99 17 224 396 231 403
33 11 -1
53 24 54 28 55 225 397 230 402
34 12 -1
54 9 29 9 30 226 398 227 399
35 11 -1
56 31 52 36 64 228 400 245 417
36 14 -1
57 15 86 16 86 229 401 231 403
37 6 -1
59 82 88 82 89 231 403 232 404
38 3 -1
61 39 35 40 36 233 405 235 407
39 4 -1
62 54 15 57 18 234 406 242 414
40 0 -1
64 31 74 37 82 236 408 255 427
41 0 -1
69 91 32 93 32 241 413 243 415
42 1 -1
71 47 15 53 17 243 415 251 423
43 1 -1
73 83 69 87 69 245 417 250 422
44 7 -1
76 39 37 41 37 248 420 251 423
45 3 -1
78 71 4 73 4 250 422 252 424
46 8 -1
80 50 77 50 78 252 424 255 427
47 7 -1
81 89 31 90 31 253 425 255 427
48 2 -1
82 89 45 89 48 254 426 260 432
49 8 -1
83 94 77 94 82 255 427 260 432
50 9 -1
84 47 59 47 59 256 428 257 429
51 6 -1
86 64 0 72 2 258 430 268 440
52 15 -1
87 23 92 23 92 259 431 260 432
53 9 -1
90 64 74 64 75 262 434 263 435
54 3 -1
91 37 98 38 100 263 435 267 439
55 12 -1
92 55 7 56 7 264 436 265 437
56 7 -1
93 23 45 26 45 265 437 268 440
57 2 -1
94 75 47 79 49 266 438 272 444
58 13 -1
96 33 99 33 100 268 440 270 442
59 12 -1
103 65 27 66 27 275 447 278 450
60 8 -1
105 79 1 80 1 277 449 279 451
61 0 -1
106 88 45 90 45 278 450 288 460
62 0 -1
107 67 43 70 43 279 451 282 454
63 2 -1
108 28 21 33 24 280 452 288 460
64 11 -1
110 35 18 37 24 282 454 290 462
65 9 -1
111 78 13 79 13 283 455 284 456
66 11 -1
114 86 94 88 98 286 458 292 464
67 3 -1
115 42 74 42 79 287 459 292 464
68 10 -1
116 84 60 89 61 288 460 300 472
69 4 -1
119 48 81 49 83 291 463 294 466
70 12 -1
120 81 63 82 63 292 464 293 465
71 5 -1
122 40 57 41 59 294 466 298 470
72 4 -1
123 63 66 66 66 295 467 298 470
73 12 -1
124 73 0 73 2 296 468 300 472
74 1 -1
127 45 38 46 38 299 471 300 472
75 4 -1
128 14 25 16 28 300 472 319 491
76 5 -1
130 28 97 29 97 302 474 303 475
77 8 -1
132 92 20 84 27 304 476 319 491
78 6 -1
134 92 35 93 35 306 478 307 479
79 8 -1
135 45 8 54 10 307 479 318 490
80 9 -1
136 37 96 38 96 308 480 310 482
81 2 -1
139 22 51 23 51 311 483 312 484
82 12 -1
140 39 95 43 95 312 484 316 488
83 9 -1
141 40 52 42 54 313 485 318 490
84 2 -1
144 35 66 35 67 316 488 321 493
85 13 -1
145 91 39 92 40 317 489 319 491
86 10 -1
146 72 58 73 58 318 490 319 491
87 9 -1
147 50 31 51 31 319 491 320 492
88 5 -1
148 97 92 98 92 320 492 321 493
89 7 -1
149 55 89 56 89 321 493 323 495
90 13 -1
150 93 0 94 2 322 494 328 500
91 14 -1
153 20 1 21 1 325 497 326 498
92 0 -1
154 65 44 66 46 326 498 330 502
93 11 -1
155 52 91 52 91 327 499 328 500
94 5 -1
156 40 96 41 97 328 500 333 505
95 1 -1
157 19 81 22 83 329 501 334 506
96 5 -1
160 29 17 31 19 332 504 338 510
97 1 -1
162 59 32 60 32 334 506 335 507
98 13 -1
163 13 53 13 53 335 507 336 508
99 15 -1
166 29 19 31 19 338 510 340 512
100 10 -1
167 67 46 68 48 339 511 344 516
101 14 -1
168 70 21 72 21 340 512 342 514
102 15 -1
169 85 19 88 21 341 513 346 518
103 9 -1
170 81 98 81 100 342 514 347 519
104 5 -1
172 53 24 54 26 344 516 349 521
105 12 -1
173 62 29 64 30 345 517 350 522
106 7 -1
174 37 87 38 87 346 518 348 520
107 12 -1
179 58 43 59 43 351 523 352 524
108 15 -1
183 95 64 98 64 355 527 360 532
109 1 -1
184 78 52 79 52 356 528 358 530
110 11 -1
185 65 79 65 81 357 529 359 531
111 6 -1
186 38 78 39 78 358 530 367 539
112 2 -1
187 73 26 75 30 359 531 365 537
113 2 -1
189 76 30 80 30 361 533 366 538
114 10 -1
190 23 24 28 24 362 534 367 539
115 15 -1
193 88 82 88 83 365 537 366 538
116 6 -1
196 93 90 94 91 368 540 370 542
117 11 -1
197 32 41 33 41 369 541 370 542
118 15 -1
198 40 37 42 43 370 542 388 560
119 9 -1
199 61 49 61 50 371 543 372 544
120 12 -1
200 97 42 98 43 372 544 374 546
121 12 -1
201 57 53 57 54 373 545 374 546
122 12 -1
204 21 15 22 15 376 548 377 549
123 4 -1
208 72 30 72 30 380 552 381 553
124 9 -1
209 93 29 94 29 381 553 382 554
125 15 -1
211 88 90 90 90 383 555 386 558
126 6 -1
212 17 29 17 31 384 556 386 558
127 0 -1
213 22 70 25 71 385 557 393 565
128 13 -1
214 28 91 32 92 386 558 391 563
129 8 -1
218 74 39 76 44 390 562 397 569
130 9 -1
219 39 29 40 30 391 563 393 565
131 5 -1
224 89 52 91 53 396 568 399 571
132 1 -1
225 93 41 93 42 397 569 399 571
133 0 -1
229 23 84 24 87 401 573 407 579
134 0 -1
230 20 98 20 99 402 574 403 575
135 5 -1
231 24 57 25 58 403 575 406 578
136 13 -1
236 33 66 34 67 408 580 410 582
137 2 -1
237 68 30 69 31 409 581 411 583
138 7 -1
240 84 14 93 14 412 584 423 595
139 5 -1
242 24 42 26 42 414 586 416 588
140 6 -1
244 22 58 23 62 416 588 421 593
141 0 -1
245 48 82 51 83 417 589 423 595
142 11 -1
246 50 22 50 24 418 590 421 593
143 6 -1
247 74 94 76 95 419 591 422 594
144 3 -1
248 85 9 87 9 420 592 423 595
145 7 -1
250 90 88 90 90 422 594 424 596
146 6 -1
251 11 17 14 17 423 595 426 598
147 0 -1
253 83 18 84 18 425 597 426 598
148 2 -1
255 6 53 7 53 427 599 429 601
149 15 -1
256 47 32 49 34 428 600 432 604
150 7 -1
257 11 35 11 37 429 601 433 605
151 11 -1
258 1 11 1 12 430 602 431 603
152 14 -1
260 59 42 59 42 432 604 434 606
153 11 -1
261 36 32 43 34 433 605 445 617
154 2 -1
266 10 2 13 2 438 610 442 614
155 0 -1
267 87 89 88 91 439 611 442 614
156 3 -1
268 96 54 98 54 440 612 442 614
157 15 -1
269 34 36 35 36 441 613 442 614
158 9 -1
271 82 21 86 22 443 615 449 621
159 6 -1
272 34 60 35 60 444 616 445 617
160 9 -1
274 82 58 87 62 446 618 459 631
161 2 -1
277 12 28 12 30 449 621 451 623
162 10 -1
278 78 11 83 11 450 622 456 628
163 10 -1
279 84 63 87 63 451 623 455 627
164 9 -1
280 45 48 46 50 452 624 455 627
165 8 -1
283 85 20 85 21 455 627 456 628
166 12 -1
285 61 52 64 52 457 629 460 632
167 8 -1
286 96 15 96 17 458 630 461 633
168 6 -1
289 26 88 28 89 461 633 464 636
169 13 -1
293 72 98 72 98 465 637 469 641
170 15 -1
294 20 58 21 58 466 638 467 639
171 8 -1
295 29 13 30 13 467 639 469 641
172 9 -1
296 8 56 8 60 468 640 472 644
173 9 -1
303 34 57 42 58 475 647 484 656
174 11 -1
305 88 47 90 50 477 649 482 654
175 3 -1
306 0 87 0 88 478 650 479 651
176 11 -1
307 62 82 64 82 479 651 481 653
177 2 -1
310 1 2 5 2 482 654 486 658
178 2 -1
311 18 74 18 76 483 655 487 659
179 11 -1
312 45 56 50 58 484 656 493 665
180 10 -1
313 65 94 65 95 485 657 486 658
181 9 -1
315 60 30 60 31 487 659 489 661
182 1 -1
320 43 83 48 83 492 664 508 680
183 15 -1
321 63 13 66 13 493 665 496 668
184 3 -1
323 20 35 21 42 495 667 508 680
185 10 -1
325 72 69 78 71 497 669 505 677
186 5 -1
326 71 97 71 97 498 670 499 671
187 3 -1
327 60 88 63 88 499 671 502 674
188 3 -1
328 87 92 88 95 500 672 505 677
189 1 -1
329 11 53 13 54 501 673 504 676
190 11 -1
330 14 10 14 11 502 674 507 679
191 14 -1
337 75 9 79 16 509 681 522 694
192 8 -1
340 54 19 56 20 512 684 515 687
193 0 -1
342 75 52 75 52 514 686 515 687
194 14 -1
343 43 54 43 57 515 687 518 690
195 1 -1
345 63 33 74 34 517 689 529 701
196 2 -1
349 14 41 15 41 521 693 522 694
197 9 -1
351 60 44 61 44 523 695 524 696
198 12 -1
354 68 50 73 51 526 698 532 704
199 8 -1
356 67 98 68 98 528 700 529 701
200 11 -1
357 14 73 14 77 529 701 533 705
201 13 -1
358 48 19 49 23 530 702 537 709
202 11 -1
359 66 94 66 96 531 703 534 706
203 2 -1
360 5 71 6 71 532 704 534 706
204 9 -1
361 36 24 36 28 533 705 539 711
205 9 -1
363 31 22 32 22 535 707 536 708
206 1 -1
364 50 60 51 60 536 708 537 709
207 13 -1
365 7 67 9 67 537 709 539 711
208 3 -1
367 13 23 14 26 539 711 545 717
209 2 -1
371 0 10 1 10 543 715 544 716
210 1 -1
372 95 23 90 23 544 716 552 724
211 6 -1
373 19 55 22 55 545 717 548 720
212 11 -1
374 28 39 28 39 546 718 547 719
213 0 -1
375 28 53 28 53 547 719 548 720
214 9 -1
377 7 65 7 66 549 721 550 722
215 15 -1
379 92 63 92 63 551 723 552 724
216 2 -1
380 37 7 38 7 552 724 553 725
217 9 -1
381 14 42 16 43 553 725 558 730
218 7 -1
382 41 37 41 38 554 726 556 728
219 3 -1
383 75 11 76 11 555 727 556 728
220 13 -1
388 90 1 90 2 560 732 561 733
221 1 -1
391 42 81 43 82 563 735 565 737
222 13 -1
392 18 52 19 53 564 736 566 738
223 5 -1
394 26 29 28 29 566 738 569 741
224 5 -1
396 31 36 32 39 568 740 573 745
225 14 -1
397 76 63 77 63 569 741 570 742
226 14 -1
400 22 93 22 93 572 744 574 746
227 3 -1
401 39 29 39 31 573 745 575 747
228 2 -1
403 41 72 44 74 575 747 580 752
229 8 -1
404 59 58 61 58 576 748 578 750
230 2 -1
407 60 39 60 40 579 751 580 752
231 2 -1
408 68 80 71 80 580 752 583 755
232 0 -1
411 42 96 42 97 583 755 585 757
233 11 -1
412 63 75 64 75 584 756 585 757
234 9 -1
414 72 63 73 63 586 758 587 759
235 10 -1
418 38 15 39 15 590 762 591 763
236 11 -1
420 47 72 47 72 592 764 593 765
237 15 -1
421 11 51 11 51 593 765 595 767
238 14 -1
423 96 16 97 16 595 767 596 768
239 13 -1
426 31 13 31 18 598 770 603 775
240 6 -1
428 17 18 19 18 600 772 602 774
241 8 -1
433 98 51 99 51 605 777 607 779
242 9 -1
437 82 89 82 90 609 781 610 782
243 1 -1
439 64 76 66 76 611 783 613 785
244 2 -1
441 81 49 84 52 613 785 621 793
245 12 -1
446 63 2 65 4 618 790 622 794
246 11 -1
448 38 41 39 41 620 792 623 795
247 14 -1
450 74 20 75 25 622 794 630 802
248 5 -1
452 4 99 7 99 624 796 627 799
249 3 -1
455 35 98 36 98 627 799 630 802
250 12 -1
460 64 98 67 99 632 804 638 810
251 9 -1
461 63 49 65 49 633 805 635 807
252 5 -1
462 86 31 89 31 634 806 637 809
253 9 -1
464 81 96 81 98 636 808 638 810
254 14 -1
469 96 89 98 89 641 813 643 815
255 6 -1
471 76 96 83 97 643 815 654 826
256 9 -1
475 12 20 12 22 647 819 649 821
257 10 -1
478 98 56 94 56 650 822 654 826
258 13 -1
479 24 86 26 86 651 823 653 825
259 1 -1
480 71 63 76 66 652 824 660 832
260 4 -1
481 97 82 94 82 653 825 659 831
261 11 -1
482 0 69 1 69 654 826 655 827
262 4 -1
484 28 32 30 34 656 828 660 832
263 3 -1
486 81 60 84 60 658 830 661 833
264 14 -1
488 19 4 20 4 660 832 663 835
265 14 -1
489 87 33 93 37 661 833 674 846
266 2 -1
491 22 48 22 49 663 835 665 837
267 5 -1
493 51 57 51 58 665 837 666 838
268 14 -1
496 91 94 92 94 668 840 669 841
269 13 -1
501 6 65 8 65 673 845 675 847
270 13 -1
502 88 55 90 55 674 846 678 850
271 11 -1
505 86 56 86 58 677 849 679 851
272 13 -1
506 71 85 72 86 678 850 683 855
273 8 -1
507 0 25 0 25 679 851 680 852
274 8 -1
509 61 58 61 58 681 853 682 854
275 14 -1
511 14 16 14 17 683 855 685 857
276 11 -1
512 74 49 75 49 684 856 685 857
277 1 -1
515 42 12 45 12 687 859 690 862
278 0 -1
516 11 36 20 40 688 860 701 873
279 5 -1
517 87 40 91 40 689 861 693 865
280 9 -1
518 63 82 63 84 690 862 692 864
281 15 -1
520 16 66 17 66 692 864 693 865
282 4 -1
522 78 69 81 75 694 866 703 875
283 15 -1
523 43 64 43 65 695 867 696 868
284 10 -1
525 28 4 30 4 697 869 699 871
285 10 -1
526 81 42 83 42 698 870 700 872
286 10 -1
528 40 85 41 86 700 872 705 877
287 10 -1
530 24 14 27 15 702 874 706 878
288 5 -1
533 53 48 53 49 705 877 707 879
289 15 -1
535 75 72 75 73 707 879 710 882
290 0 -1
536 86 21 88 21 708 880 710 882
291 11 -1
537 88 11 88 12 709 881 710 882
292 14 -1
538 16 33 16 33 710 882 713 885
293 7 -1
540 84 93 84 97 712 884 716 888
294 11 -1
541 31 38 31 39 713 885 716 888
295 11 -1
542 66 2 68 3 714 886 722 894
296 4 -1
543 40 45 42 45 715 887 717 889
297 2 -1
546 36 68 36 70 718 890 720 892
298 9 -1
547 58 50 58 51 719 891 721 893
299 10 -1
550 22 28 23 28 722 894 723 895
300 2 -1
552 78 91 79 91 724 896 727 899
301 6 -1
553 60 9 62 9 725 897 727 899
302 14 -1
555 11 57 12 59 727 899 732 904
303 6 -1
556 62 10 64 10 728 900 730 902
304 0 -1
558 17 39 18 39 730 902 731 903
305 3 -1
559 19 26 19 27 731 903 736 908
306 10 -1
560 91 70 92 71 732 904 734 906
307 14 -1
562 76 73 77 73 734 906 735 907
308 11 -1
565 10 69 12 69 737 909 741 913
309 12 -1
566 73 84 73 84 738 910 742 914
310 1 -1
567 9 76 10 76 739 911 740 912
311 12 -1
570 3 88 6 88 742 914 746 918
312 3 -1
572 63 63 66 63 744 916 747 919
313 11 -1
573 20 43 22 44 745 917 748 920
314 3 -1
575 83 22 85 22 747 919 749 921
315 14 -1
577 47 24 47 25 749 921 750 922
316 1 -1
578 25 87 26 87 750 922 752 924
317 6 -1
579 9 0 10 4 751 923 756 928
318 2 -1
580 93 22 93 22 752 924 753 925
319 8 -1
585 54 80 55 81 757 929 760 932
320 11 -1
588 72 56 74 56 760 932 765 937
321 5 -1
589 40 97 55 97 761 933 776 948
322 13 -1
592 30 98 31 98 764 936 765 937
323 4 -1
594 64 92 64 94 766 938 768 940
324 13 -1
595 84 41 93 43 767 939 782 954
325 9 -1
596 4 61 8 61 768 940 772 944
326 5 -1
597 72 81 76 85 769 941 777 949
327 2 -1
599 81 64 81 64 771 943 779 951
328 3 -1
600 70 76 72 77 772 944 775 947
329 9 -1
601 25 1 27 1 773 945 775 947
330 13 -1
603 39 60 41 60 775 947 777 949
331 14 -1
608 73 6 74 8 780 952 783 955
332 0 -1
609 93 57 94 57 781 953 782 954
333 1 -1
610 83 14 87 14 782 954 787 959
334 13 -1
611 29 27 33 27 783 955 787 959
335 10 -1
613 4 22 4 24 785 957 793 965
336 14 -1
614 41 36 45 36 786 958 792 964
337 9 -1
615 86 53 87 53 787 959 788 960
338 0 -1
616 27 62 28 62 788 960 790 962
339 6 -1
619 34 80 37 81 791 963 796 968
340 3 -1
620 51 91 51 92 792 964 794 966
341 12 -1
621 38 2 38 6 793 965 798 970
342 2 -1
622 39 84 39 86 794 966 797 969
343 9 -1
623 86 73 86 75 795 967 797 969
344 3 -1
624 26 36 27 36 796 968 797 969
345 14 -1
625 19 48 20 49 797 969 799 971
346 9 -1
628 49 66 49 66 800 972 801 973
347 10 -1
629 37 25 38 25 801 973 806 978
348 9 -1
630 63 24 63 25 802 974 803 975
349 9 -1
634 52 99 52 100 806 978 807 979
350 3 -1
635 28 27 30 27 807 979 809 981
351 4 -1
636 69 97 70 97 808 980 810 982
352 10 -1
637 17 80 18 80 809 981 811 983
353 15 -1
639 58 10 58 10 811 983 812 984
354 9 -1
640 81 87 83 87 812 984 814 986
355 15 -1
641 24 86 26 86 813 985 815 987
356 0 -1
643 8 3 8 3 815 987 821 993
357 14 -1
645 91 6 92 7 817 989 819 991
358 15 -1
646 73 83 74 84 818 990 820 992
359 8 -1
648 19 11 20 11 820 992 821 993
360 9 -1
649 22 16 25 23 821 993 831 1003
361 12 -1
650 46 57 47 57 822 994 823 995
362 0 -1
651 38 62 39 64 823 995 827 999
363 12 -1
652 63 36 72 42 824 996 839 1011
364 9 -1
653 26 77 27 77 825 997 826 998
365 7 -1
656 74 29 74 29 828 1000 829 1001
366 7 -1
662 71 84 72 85 834 1006 836 1008
367 6 -1
663 84 94 85 99 835 1007 843 1015
368 10 -1
664 99 0 97 0 836 1008 838 1010
369 1 -1
665 22 50 23 50 837 1009 838 1010
370 14 -1
666 37 75 37 76 838 1010 840 1012
371 12 -1
667 31 50 31 51 839 1011 842 1014
372 0 -1
669 14 34 15 34 841 1013 842 1014
373 15 -1
672 96 70 92 70 844 1016 848 1020
374 2 -1
673 10 5 12 5 845 1017 847 1019
375 0 -1
674 31 89 35 89 846 1018 850 1022
376 8 -1
675 56 90 58 91 847 1019 852 1024
377 0 -1
678 41 11 41 11 850 1022 851 1023
378 15 -1
679 39 2 40 2 851 1023 854 1026
379 8 -1
680 23 56 24 57 852 1024 858 1030
380 5 -1
681 45 75 47 75 853 1025 855 1027
381 11 -1
682 0 46 0 48 854 1026 856 1028
382 11 -1
684 78 23 80 23 856 1028 858 1030
383 8 -1
685 81 3 83 6 857 1029 862 1034
384 8 -1
687 86 97 88 98 859 1031 864 1036
385 11 -1
688 18 63 18 63 860 1032 862 1034
386 5 -1
689 55 56 57 56 861 1033 863 1035
387 3 -1
690 22 83 22 83 862 1034 864 1036
388 4 -1
691 70 94 71 95 863 1035 865 1037
389 9 -1
692 43 36 45 36 864 1036 866 1038
390 14 -1
694 78 90 81 90 866 1038 869 1041
391 1 -1
696 64 26 66 26 868 1040 870 1042
392 8 -1
698 96 2 98 3 870 1042 875 1047
393 9 -1
700 1 35 2 35 872 1044 873 1045
394 2 -1
701 35 4 36 4 873 1045 874 1046
395 6 -1
702 4 7 5 8 874 1046 881 1053
396 6 -1
703 13 12 15 12 875 1047 877 1049
397 13 -1
704 55 72 55 73 876 1048 878 1050
398 13 -1
705 82 97 83 97 877 1049 881 1053
399 13 -1
706 69 71 70 71 878 1050 880 1052
400 1 -1
707 85 28 88 29 879 1051 883 1055
401 6 -1
708 92 71 96 74 880 1052 887 1059
402 4 -1
710 15 56 17 57 882 1054 885 1057
403 10 -1
712 68 89 68 89 884 1056 885 1057
404 2 -1
714 3 62 3 63 886 1058 887 1059
405 9 -1
716 36 66 37 66 888 1060 889 1061
406 6 -1
718 86 21 86 27 890 1062 898 1070
407 2 -1
719 26 96 26 97 891 1063 892 1064
408 9 -1
720 5 27 7 27 892 1064 894 1066
409 12 -1
722 6 88 8 88 894 1066 896 1068
410 0 -1
724 23 10 24 11 896 1068 898 1070
411 11 -1
725 70 24 73 26 897 1069 908 1080
412 12 -1
726 71 63 72 64 898 1070 902 1074
413 7 -1
727 53 70 54 72 899 1071 902 1074
414 12 -1
728 0 2 4 3 900 1072 905 1077
415 12 -1
729 97 3 97 3 901 1073 902 1074
416 0 -1
731 10 87 10 88 903 1075 904 1076
417 6 -1
733 48 52 48 52 905 1077 907 1079
418 10 -1
734 13 68 13 68 906 1078 908 1080
419 7 -1
735 77 76 80 76 907 1079 910 1082
420 1 -1
736 33 98 35 98 908 1080 910 1082
421 11 -1
737 40 86 41 87 909 1081 912 1084
422 8 -1
742 96 88 96 93 914 1086 919 1091
423 12 -1
744 60 35 60 36 916 1088 918 1090
424 5 -1
745 51 53 53 54 917 1089 922 1094
425 10 -1
748 65 81 67 81 920 1092 922 1094
426 10 -1
750 92 34 93 34 922 1094 923 1095
427 9 -1
751 12 54 12 54 923 1095 924 1096
428 12 -1
752 92 10 93 12 924 1096 927 1099
429 12 -1
753 84 58 85 58 925 1097 926 1098
430 7 -1
754 65 46 66 48 926 1098 932 1104
431 6 -1
755 26 64 27 64 927 1099 929 1101
432 2 -1
757 25 90 25 90 929 1101 931 1103
433 14 -1
758 86 30 86 32 930 1102 938 1110
434 2 -1
759 36 9 37 9 931 1103 933 1105
435 12 -1
760 10 47 11 47 932 1104 933 1105
436 13 -1
766 63 65 63 67 938 1110 940 1112
437 11 -1
767 67 63 68 63 939 1111 941 1113
438 0 -1
768 87 77 90 77 940 1112 943 1115
439 13 -1
771 49 90 50 90 943 1115 944 1116
440 14 -1
772 8 53 8 54 944 1116 946 1118
441 3 -1
773 15 56 18 56 945 1117 948 1120
442 11 -1
775 70 4 70 5 947 1119 952 1124
443 11 -1
777 92 74 94 74 949 1121 951 1123
444 7 -1
778 6 20 7 20 950 1122 952 1124
445 9 -1
779 82 98 82 99 951 1123 954 1126
446 12 -1
781 29 57 29 58 953 1125 954 1126
447 6 -1
782 15 82 15 82 954 1126 958 1130
448 13 -1
784 33 70 33 71 956 1128 958 1130
449 0 -1
787 95 94 97 94 959 1131 961 1133
450 13 -1
788 30 56 30 57 960 1132 961 1133
451 4 -1
789 43 26 45 28 961 1133 965 1137
452 6 -1
790 65 72 65 72 962 1134 964 1136
453 14 -1
791 73 94 76 96 963 1135 968 1140
454 6 -1
793 72 57 73 57 965 1137 968 1140
455 3 -1
794 84 44 84 45 966 1138 970 1142
456 4 -1
795 8 86 10 86 967 1139 969 1141
457 11 -1
796 28 75 31 76 968 1140 972 1144
458 11 -1
797 39 96 40 96 969 1141 970 1142
459 10 -1
798 20 35 20 38 970 1142 973 1145
460 7 -1
799 79 49 81 49 971 1143 973 1145
461 12 -1
800 5 96 6 100 972 1144 977 1149
462 13 -1
802 50 56 50 60 974 1146 978 1150
463 5 -1
803 86 25 88 25 975 1147 977 1149
464 4 -1
805 50 57 53 57 977 1149 982 1154
465 3 -1
806 18 12 25 13 978 1150 987 1159
466 15 -1
807 53 26 55 26 979 1151 981 1153
467 3 -1
810 66 42 67 42 982 1154 983 1155
468 11 -1
813 44 24 45 24 985 1157 986 1158
469 9 -1
818 9 79 10 80 990 1162 992 1164
470 1 -1
820 45 34 48 34 992 1164 995 1167
471 8 -1
824 45 97 47 97 996 1168 998 1170
472 15 -1
825 87 15 88 16 997 1169 1000 1172
473 8 -1
827 75 40 75 40 999 1171 1000 1172
474 13 -1
828 88 31 97 32 1000 1172 1010 1182
475 15 -1
830 83 85 83 87 1002 1174 1005 1177
476 11 -1
831 29 10 30 10 1003 1175 1004 1176
477 3 -1
833 79 31 80 31 1005 1177 1007 1179
478 4 -1
834 86 44 87 45 1006 1178 1008 1180
479 0 -1
835 74 34 74 38 1007 1179 1017 1189
480 6 -1
839 91 21 92 22 1011 1183 1013 1185
481 2 -1
841 42 33 43 36 1013 1185 1017 1189
482 14 -1
842 72 76 72 76 1014 1186 1016 1188
483 6 -1
844 15 58 18 58 1016 1188 1021 1193
484 1 -1
845 12 2 12 3 1017 1189 1019 1191
485 8 -1
846 16 80 20 80 1018 1190 1024 1196
486 11 -1
847 91 89 91 90 1019 1191 1020 1192
487 0 -1
850 27 21 30 21 1022 1194 1025 1197
488 13 -1
851 86 95 88 95 1023 1195 1027 1199
489 7 -1
854 80 9 81 9 1026 1198 1027 1199
490 9 -1
856 80 32 81 33 1028 1200 1031 1203
491 2 -1
859 73 46 78 46 1031 1203 1036 1208
492 8 -1
860 0 55 1 55 1032 1204 1033 1205
493 12 -1
861 83 41 85 41 1033 1205 1035 1207
494 6 -1
864 19 81 22 81 1036 1208 1039 1211
495 13 -1
867 76 43 76 43 1039 1211 1040 1212
496 8 -1
868 56 1 58 1 1040 1212 1042 1214
497 9 -1
871 61 5 66 6 1043 1215 1059 1231
498 5 -1
873 14 71 14 71 1045 1217 1047 1219
499 11 -1
874 33 16 33 19 1046 1218 1051 1223
500 13 -1
875 0 93 2 94 1047 1219 1050 1222
501 13 -1
877 91 29 93 29 1049 1221 1052 1224
502 10 -1
878 23 68 25 68 1050 1222 1052 1224
503 3 -1
879 99 21 99 21 1051 1223 1053 1225
504 1 -1
880 30 72 34 72 1052 1224 1056 1228
505 4 -1
881 12 43 18 43 1053 1225 1059 1231
506 0 -1
882 89 14 91 14 1054 1226 1056 1228
507 6 -1
885 49 42 50 42 1057 1229 1058 1230
508 1 -1
887 29 27 31 27 1059 1231 1062 1234
509 7 -1
889 94 37 96 37 1061 1233 1064 1236
510 10 -1
891 27 74 27 74 1063 1235 1065 1237
511 12 -1
893 2 94 4 94 1065 1237 1067 1239
512 14 -1
894 37 51 38 51 1066 1238 1069 1241
513 4 -1
895 22 79 25 79 1067 1239 1070 1242
514 0 -1
896 29 50 30 50 1068 1240 1070 1242
515 11 -1
897 47 51 48 51 1069 1241 1070 1242
516 3 -1
898 52 25 54 25 1070 1242 1072 1244
517 0 -1
899 97 90 97 90 1071 1243 1073 1245
518 5 -1
900 21 14 25 14 1072 1244 1078 1250
519 11 -1
901 52 58 54 58 1073 1245 1075 1247
520 11 -1
902 60 78 61 78 1074 1246 1075 1247
521 13 -1
905 57 85 57 86 1077 1249 1078 1250
522 4 -1
910 52 35 52 36 1082 1254 1083 1255
523 13 -1
912 0 40 4 40 1084 1256 1094 1266
524 3 -1
914 54 82 54 83 1086 1258 1093 1265
525 12 -1
917 60 91 64 91 1089 1261 1093 1265
526 6 -1
919 44 20 45 21 1091 1263 1093 1265
527 5 -1
920 25 17 26 18 1092 1264 1095 1267
528 3 -1
921 48 11 49 11 1093 1265 1094 1266
529 14 -1
923 44 51 44 51 1095 1267 1096 1268
530 6 -1
925 88 85 89 85 1097 1269 1100 1272
531 12 -1
926 84 40 84 48 1098 1270 1107 1279
532 2 -1
927 8 63 10 63 1099 1271 1102 1274
533 5 -1
928 14 24 15 24 1100 1272 1101 1273
534 2 -1
929 14 90 15 90 1101 1273 1102 1274
535 4 -1
931 97 49 98 49 1103 1275 1105 1277
536 5 -1
933 57 92 60 95 1105 1277 1112 1284
537 8 -1
935 52 9 54 9 1107 1279 1109 1281
538 10 -1
936 42 7 43 7 1108 1280 1109 1281
539 12 -1
937 41 20 45 20 1109 1281 1113 1285
540 7 -1
938 35 99 37 100 1110 1282 1114 1286
541 10 -1
940 88 59 90 59 1112 1284 1114 1286
542 7 -1
942 90 86 91 86 1114 1286 1115 1287
543 3 -1
943 36 36 41 38 1115 1287 1122 1294
544 13 -1
944 10 7 11 7 1116 1288 1117 1289
545 13 -1
945 48 21 49 22 1117 1289 1120 1292
546 5 -1
947 86 58 97 58 1119 1291 1132 1304
547 13 -1
948 10 92 12 92 1120 1292 1123 1295
548 9 -1
950 27 33 28 34 1122 1294 1124 1296
549 8 -1
951 31 28 31 28 1123 1295 1125 1297
550 5 -1
954 96 82 96 82 1126 1298 1128 1300
551 14 -1
955 95 69 95 69 1127 1299 1128 1300
552 15 -1
957 27 30 29 31 1129 1301 1132 1304
553 9 -1
958 24 67 25 67 1130 1302 1131 1303
554 3 -1
963 52 93 54 94 1135 1307 1138 1310
555 11 -1
964 71 5 72 6 1136 1308 1138 1310
556 4 -1
966 12 58 14 58 1138 1310 1140 1312
557 10 -1
969 39 38 41 38 1141 1313 1143 1315
558 0 -1
972 30 22 30 25 1144 1316 1150 1322
559 7 -1
973 44 67 47 68 1145 1317 1149 1321
560 1 -1
974 94 63 97 65 1146 1318 1156 1328
561 0 -1
976 87 46 92 46 1148 1320 1153 1325
562 14 -1
979 76 92 80 92 1151 1323 1155 1327
563 9 -1
981 50 89 51 89 1153 1325 1154 1326
564 2 -1
983 63 17 66 17 1155 1327 1158 1330
565 8 -1
984 35 26 38 29 1156 1328 1162 1334
566 15 -1
987 76 85 79 86 1159 1331 1163 1335
567 10 -1
989 71 76 71 78 1161 1333 1164 1336
568 8 -1
990 32 2 35 3 1162 1334 1166 1338
569 12 -1
992 18 63 22 63 1164 1336 1168 1340
570 11 -1
993 4 15 4 16 1165 1337 1167 1339
571 9 -1
994 34 69 38 69 1166 1338 1170 1342
572 1 -1
996 1 40 3 40 1168 1340 1170 1342
573 13 -1
997 13 76 14 77 1169 1341 1171 1343
574 0 -1
998 40 94 41 94 1170 1342 1171 1343
575 7 -1
999 9 21 11 21 1171 1343 1173 1345
576 13 -1
1001 34 27 45 37 1173 1345 1222 1394
577 5 -1
1004 92 72 94 72 1176 1348 1178 1350
578 14 -1
1008 6 63 6 64 1180 1352 1181 1353
579 9 -1
1010 89 31 89 33 1182 1354 1184 1356
580 4 -1
1012 36 6 37 6 1184 1356 1185 1357
581 8 -1
1015 1 7 2 7 1187 1359 1188 1360
582 15 -1
1016 95 40 95 40 1188 1360 1189 1361
583 6 -1
1017 88 64 89 66 1189 1361 1192 1364
584 15 -1
1018 42 73 47 73 1190 1362 1204 1376
585 15 -1
1019 96 55 89 58 1191 1363 1201 1373
586 0 -1
1020 70 55 72 56 1192 1364 1195 1367
587 3 -1
1021 63 20 64 20 1193 1365 1194 1366
588 6 -1
1022 11 64 14 67 1194 1366 1208 1380
589 2 -1
1025 61 17 66 17 1197 1369 1202 1374
590 8 -1
1027 3 22 4 22 1199 1371 1200 1372
591 2 -1
1028 53 50 54 50 1200 1372 1201 1373
592 10 -1
1031 98 19 98 25 1203 1375 1212 1384
593 1 -1
1032 27 94 31 95 1204 1376 1211 1383
594 13 -1
1033 3 28 4 30 1205 1377 1209 1381
595 4 -1
1035 41 21 43 21 1207 1379 1209 1381
596 8 -1
1036 50 99 52 99 1208 1380 1210 1382
597 7 -1
1037 15 9 15 10 1209 1381 1210 1382
598 12 -1
1039 83 25 83 25 1211 1383 1212 1384
599 15 -1
1040 95 62 96 62 1212 1384 1213 1385
600 10 -1
1042 55 6 65 7 1214 1386 1225 1397
601 1 -1
1044 41 38 41 39 1216 1388 1217 1389
602 7 -1
1045 39 16 42 16 1217 1389 1220 1392
603 15 -1
1051 0 84 1 84 1223 1395 1224 1396
604 0 -1
1053 27 58 28 58 1225 1397 1226 1398
605 13 -1
1056 57 97 59 97 1228 1400 1230 1402
606 11 -1
1057 64 13 66 13 1229 1401 1231 1403
607 0 -1
1059 52 50 56 50 1231 1403 1235 1407
608 6 -1
1060 73 74 76 74 1232 1404 1237 1409
609 7 -1
1063 57 92 58 93 1235 1407 1238 1410
610 4 -1
1065 10 30 13 30 1237 1409 1240 1412
611 1 -1
1066 78 5 79 5 1238 1410 1240 1412
612 14 -1
1067 36 22 36 23 1239 1411 1240 1412
613 3 -1
1070 53 77 59 79 1242 1414 1254 1426
614 3 -1
1071 4 29 5 33 1243 1415 1248 1420
615 13 -1
1073 65 76 68 81 1245 1417 1260 1432
616 15 -1
1074 11 55 12 55 1246 1418 1247 1419
617 15 -1
1075 64 44 64 45 1247 1419 1250 1422
618 8 -1
1078 99 9 97 10 1250 1422 1254 1426
619 4 -1
1082 61 50 62 50 1254 1426 1255 1427
620 9 -1
1083 42 58 42 58 1255 1427 1257 1429
621 0 -1
1084 32 66 35 67 1256 1428 1262 1434
622 4 -1
1085 74 28 77 28 1257 1429 1260 1432
623 12 -1
1086 62 22 66 22 1258 1430 1262 1434
624 1 -1
1090 71 10 72 10 1262 1434 1263 1435
625 2 -1
1091 87 75 88 75 1263 1435 1264 1436
626 2 -1
1092 9 15 10 15 1264 1436 1265 1437
627 3 -1
1095 33 18 35 19 1267 1439 1270 1442
628 15 -1
1097 92 54 92 54 1269 1441 1272 1444
629 13 -1
1098 26 33 26 35 1270 1442 1274 1446
630 13 -1
1099 20 54 22 55 1271 1443 1276 1448
631 2 -1
1100 82 88 82 89 1272 1444 1277 1449
632 6 -1
1102 87 68 90 68 1274 1446 1277 1449
633 6 -1
1103 54 58 55 60 1275 1447 1282 1454
634 14 -1
1104 89 12 90 12 1276 1448 1277 1449
635 8 -1
1105 32 52 33 52 1277 1449 1278 1450
636 15 -1
1107 82 62 84 64 1279 1451 1289 1461
637 3 -1
1109 99 30 99 32 1281 1453 1284 1456
638 14 -1
1111 20 99 20 99 1283 1455 1285 1457
639 11 -1
1113 78 58 78 58 1285 1457 1286 1458
640 8 -1
1114 56 5 57 5 1286 1458 1287 1459
641 0 -1
1115 27 73 27 73 1287 1459 1290 1462
642 3 -1
1116 65 96 73 99 1288 1460 1299 1471
643 10 -1
1118 73 44 74 45 1290 1462 1292 1464
644 7 -1
1120 59 53 60 53 1292 1464 1294 1466
645 4 -1
1121 16 98 17 98 1293 1465 1294 1466
646 4 -1
1122 22 0 22 3 1294 1466 1297 1469
647 5 -1
1124 9 12 10 13 1296 1468 1303 1475
648 7 -1
1125 41 46 43 46 1297 1469 1299 1471
649 3 -1
1126 7 53 10 53 1298 1470 1310 1482
650 11 -1
1129 41 74 41 74 1301 1473 1302 1474
651 12 -1
1130 41 35 42 35 1302 1474 1303 1475
652 15 -1
1132 21 10 21 12 1304 1476 1306 1478
653 0 -1
1133 3 80 3 83 1305 1477 1308 1480
654 7 -1
1137 85 39 87 40 1309 1481 1313 1485
655 15 -1
1138 76 3 76 4 1310 1482 1311 1483
656 4 -1
1139 14 57 15 57 1311 1483 1312 1484
657 10 -1
1141 45 76 45 76 1313 1485 1315 1487
658 4 -1
1142 72 76 74 77 1314 1486 1317 1489
659 1 -1
1144 81 74 82 75 1316 1488 1319 1491
660 5 -1
1147 6 14 6 14 1319 1491 1320 1492
661 13 -1
1150 66 26 66 26 1322 1494 1323 1495
662 6 -1
1151 23 10 24 11 1323 1495 1325 1497
663 11 -1
1154 34 91 34 91 1326 1498 1327 1499
664 10 -1
1156 73 77 74 77 1328 1500 1330 1502
665 4 -1
1157 41 49 41 51 1329 1501 1334 1506
666 7 -1
1158 51 80 54 81 1330 1502 1334 1506
667 8 -1
1159 35 35 35 37 1331 1503 1333 1505
668 4 -1
1164 4 4 6 5 1336 1508 1339 1511
669 9 -1
1166 4 49 4 50 1338 1510 1341 1513
670 0 -1
1169 42 85 42 87 1341 1513 1344 1516
671 8 -1
1170 90 82 93 82 1342 1514 1345 1517
672 9 -1
1171 78 84 79 86 1343 1515 1352 1524
673 9 -1
1172 74 93 74 94 1344 1516 1345 1517
674 8 -1
1174 80 58 84 59 1346 1518 1353 1525
675 8 -1
1175 35 59 36 59 1347 1519 1350 1522
676 7 -1
1176 60 11 60 13 1348 1520 1350 1522
677 0 -1
1177 81 18 83 18 1349 1521 1351 1523
678 9 -1
1179 92 11 92 11 1351 1523 1352 1524
679 10 -1
1186 43 20 45 20 1358 1530 1360 1532
680 10 -1
1187 90 79 92 79 1359 1531 1361 1533
681 11 -1
1188 97 27 97 28 1360 1532 1361 1533
682 8 -1
1190 33 71 34 71 1362 1534 1363 1535
683 5 -1
1191 92 98 94 98 1363 1535 1365 1537
684 15 -1
1194 91 14 91 14 1366 1538 1368 1540
685 14 -1
1195 86 47 89 47 1367 1539 1370 1542
686 0 -1
1197 41 99 44 99 1369 1541 1372 1544
687 1 -1
1198 60 57 63 58 1370 1542 1374 1546
688 1 -1
1201 33 46 34 46 1373 1545 1378 1550
689 11 -1
1202 16 55 17 55 1374 1546 1375 1547
690 3 -1
1203 41 38 42 38 1375 1547 1376 1548
691 10 -1
1205 13 56 13 58 1377 1549 1380 1552
692 13 -1
1207 37 46 37 49 1379 1551 1383 1555
693 10 -1
1208 27 0 29 0 1380 1552 1382 1554
694 12 -1
1209 63 47 63 47 1381 1553 1382 1554
695 12 -1
1211 93 31 97 31 1383 1555 1387 1559
696 13 -1
1214 10 8 10 10 1386 1558 1392 1564
697 12 -1
1217 69 8 69 10 1389 1561 1391 1563
698 0 -1
1218 32 14 32 15 1390 1562 1391 1563
699 15 -1
1219 36 58 42 58 1391 1563 1398 1570
700 11 -1
1220 80 18 81 18 1392 1564 1393 1565
701 13 -1
1222 26 37 29 37 1394 1566 1397 1569
702 4 -1
1223 37 14 41 14 1395 1567 1399 1571
703 15 -1
1226 69 58 72 58 1398 1570 1401 1573
704 6 -1
1227 42 4 42 4 1399 1571 1400 1572
705 12 -1
1229 57 81 58 81 1401 1573 1402 1574
706 7 -1
1230 54 3 58 4 1402 1574 1407 1579
707 12 -1
1231 72 68 72 69 1403 1575 1404 1576
708 4 -1
1233 32 17 32 18 1405 1577 1407 1579
709 4 -1
1235 11 61 12 61 1407 1579 1408 1580
710 0 -1
1236 84 26 85 29 1408 1580 1413 1585
711 7 -1
1237 0 79 2 82 1409 1581 1414 1586
712 5 -1
1238 45 62 49 63 1410 1582 1415 1587
713 1 -1
1240 57 16 60 17 1412 1584 1416 1588
714 1 -1
1241 87 68 87 68 1413 1585 1414 1586
715 5 -1
1242 78 14 91 14 1414 1586 1427 1599
716 5 -1
1243 86 63 86 63 1415 1587 1417 1589
717 3 -1
1244 97 90 91 91 1416 1588 1423 1595
718 15 -1
1246 44 66 44 73 1418 1590 1427 1599
719 13 -1
1250 6 56 6 57 1422 1594 1423 1595
720 12 -1
1254 32 42 38 42 1426 1598 1433 1605
721 9 -1
1255 27 54 29 54 1427 1599 1431 1603
722 6 -1
1258 68 17 77 17 1430 1602 1446 1618
723 13 -1
1259 13 54 20 57 1431 1603 1449 1621
724 15 -1
1260 47 79 53 79 1432 1604 1438 1610
725 11 -1
1261 33 41 40 41 1433 1605 1440 1612
726 5 -1
1263 20 82 21 84 1435 1607 1442 1614
727 11 -1
1264 82 53 86 53 1436 1608 1440 1612
728 13 -1
1265 11 4 12 4 1437 1609 1439 1611
729 11 -1
1266 0 54 1 54 1438 1610 1439 1611
730 8 -1
1268 90 60 91 61 1440 1612 1443 1615
731 3 -1
1276 66 57 67 57 1448 1620 1449 1621
732 12 -1
1277 57 48 58 48 1449 1621 1454 1626
733 0 -1
1281 4 65 4 65 1453 1625 1455 1627
734 1 -1
1284 71 98 72 98 1456 1628 1458 1630
735 14 -1
1287 15 26 16 28 1459 1631 1463 1635
736 1 -1
1290 34 49 38 51 1462 1634 1469 1641
737 4 -1
1291 69 81 71 81 1463 1635 1466 1638
738 0 -1
1292 43 5 59 14 1464 1636 1490 1662
739 7 -1
1297 71 74 73 75 1469 1641 1472 1644
740 10 -1
1298 33 96 33 97 1470 1642 1471 1643
741 7 -1
1299 10 92 11 92 1471 1643 1474 1646
742 6 -1
1300 56 17 57 17 1472 1644 1474 1646
743 2 -1
1307 69 58 69 58 1479 1651 1480 1652
744 1 -1
1309 78 55 79 56 1481 1653 1483 1655
745 9 -1
1312 33 20 34 21 1484 1656 1486 1658
746 13 -1
1313 19 12 19 13 1485 1657 1486 1658
747 14 -1
1314 0 63 3 64 1486 1658 1490 1662
748 8 -1
1315 73 48 73 50 1487 1659 1492 1664
749 5 -1
1316 29 76 31 76 1488 1660 1490 1662
750 4 -1
1317 5 54 6 55 1489 1661 1491 1663
751 12 -1
1318 54 35 57 35 1490 1662 1493 1665
752 15 -1
1319 52 28 52 30 1491 1663 1493 1665
753 11 -1
1320 14 75 15 75 1492 1664 1493 1665
754 14 -1
1321 0 62 0 64 1493 1665 1495 1667
755 5 -1
1323 43 66 43 68 1495 1667 1497 1669
756 0 -1
1324 58 57 62 57 1496 1668 1501 1673
757 12 -1
1325 72 99 72 99 1497 1669 1503 1675
758 9 -1
1326 77 87 78 87 1498 1670 1499 1671
759 10 -1
1327 94 73 95 80 1499 1671 1509 1681
760 0 -1
1329 18 81 18 83 1501 1673 1503 1675
761 12 -1
1332 23 40 23 41 1504 1676 1506 1678
762 14 -1
1333 92 9 92 9 1505 1677 1506 1678
763 15 -1
1335 17 2 20 2 1507 1679 1523 1695
764 11 -1
1336 92 53 93 53 1508 1680 1509 1681
765 7 -1
1338 15 67 17 67 1510 1682 1513 1685
766 7 -1
1340 0 4 3 6 1512 1684 1519 1691
767 0 -1
1342 88 69 89 70 1514 1686 1517 1689
768 6 -1
1344 86 99 88 99 1516 1688 1518 1690
769 7 -1
1345 79 99 79 100 1517 1689 1518 1690
770 15 -1
1347 97 52 94 52 1519 1691 1522 1694
771 2 -1
1348 27 78 30 80 1520 1692 1525 1697
772 15 -1
1349 61 86 66 87 1521 1693 1527 1699
773 5 -1
1354 85 35 86 37 1526 1698 1529 1701
774 1 -1
1355 63 45 67 45 1527 1699 1532 1704
775 5 -1
1359 93 83 97 84 1531 1703 1536 1708
776 11 -1
1362 11 97 11 98 1534 1706 1536 1708
777 5 -1
1365 73 42 74 42 1537 1709 1538 1710
778 14 -1
1368 42 83 44 83 1540 1712 1542 1714
779 13 -1
1369 23 69 49 71 1541 1713 1576 1748
780 15 -1
1370 93 27 94 28 1542 1714 1544 1716
781 0 -1
1372 80 62 81 66 1544 1716 1549 1721
782 6 -1
1374 32 78 33 78 1546 1718 1548 1720
783 10 -1
1375 93 3 94 6 1547 1719 1554 1726
784 11 -1
1376 87 49 87 50 1548 1720 1549 1721
785 13 -1
1377 74 0 74 2 1549 1721 1552 1724
786 12 -1
1378 86 26 87 26 1550 1722 1551 1723
787 15 -1
1379 77 65 79 66 1551 1723 1555 1727
788 3 -1
1381 34 56 36 57 1553 1725 1556 1728
789 7 -1
1382 24 60 24 62 1554 1726 1557 1729
790 14 -1
1383 24 56 26 56 1555 1727 1557 1729
791 0 -1
1385 66 29 72 29 1557 1729 1563 1735
792 11 -1
1386 70 22 71 23 1558 1730 1561 1733
793 2 -1
1387 29 79 39 79 1559 1731 1570 1742
794 14 -1
1388 88 50 90 51 1560 1732 1563 1735
795 9 -1
1389 56 70 58 70 1561 1733 1563 1735
796 2 -1
1390 90 41 91 42 1562 1734 1564 1736
797 8 -1
1391 6 22 8 22 1563 1735 1565 1737
798 0 -1
1393 44 52 46 52 1565 1737 1567 1739
799 14 -1
1395 14 69 18 71 1567 1739 1575 1747
800 5 -1
1396 81 4 82 4 1568 1740 1569 1741
801 5 -1
1400 18 49 19 50 1572 1744 1575 1747
802 12 -1
1401 22 75 25 75 1573 1745 1576 1748
803 10 -1
1402 33 80 36 84 1574 1746 1581 1753
804 9 -1
1403 37 52 39 52 1575 1747 1577 1749
805 13 -1
1406 51 19 52 19 1578 1750 1579 1751
806 0 -1
1411 63 80 64 80 1583 1755 1585 1757
807 13 -1
1412 25 5 27 6 1584 1756 1590 1762
808 5 -1
1413 57 92 58 92 1585 1757 1586 1758
809 8 -1
1414 70 71 71 72 1586 1758 1588 1760
810 9 -1
1415 93 40 93 40 1587 1759 1589 1761
811 10 -1
1417 98 43 99 43 1589 1761 1590 1762
812 4 -1
1418 41 74 41 75 1590 1762 1595 1767
813 1 -1
1419 99 67 95 70 1591 1763 1598 1770
814 9 -1
1420 33 99 39 100 1592 1764 1600 1772
815 12 -1
1423 36 3 36 3 1595 1767 1596 1768
816 15 -1
1426 3 59 4 60 1598 1770 1600 1772
817 6 -1
1428 89 79 90 81 1600 1772 1603 1775
818 12 -1
1429 93 87 93 88 1601 1773 1603 1775
819 11 -1
1430 78 87 79 87 1602 1774 1603 1775
820 8 -1
1431 80 36 82 37 1603 1775 1606 1778
821 9 -1
1432 55 1 55 1 1604 1776 1605 1777
822 7 -1
1434 84 63 85 63 1606 1778 1607 1779
823 13 -1
1435 36 29 38 29 1607 1779 1614 1786
824 14 -1
1436 94 11 94 11 1608 1780 1610 1782
825 15 -1
1438 37 78 37 79 1610 1782 1614 1786
826 8 -1
1439 14 5 15 5 1611 1783 1612 1784
827 12 -1
1440 30 82 33 82 1612 1784 1615 1787
828 5 -1
1441 24 69 26 71 1613 1785 1620 1792
829 8 -1
1442 64 98 64 99 1614 1786 1616 1788
830 6 -1
1443 43 32 44 34 1615 1787 1620 1792
831 1 -1
1444 36 9 36 10 1616 1788 1618 1790
832 15 -1
1446 54 10 60 10 1618 1790 1624 1796
833 0 -1
1447 67 2 67 2 1619 1791 1621 1793
834 7 -1
1448 39 45 41 45 1620 1792 1622 1794
835 15 -1
1452 0 13 1 13 1624 1796 1625 1797
836 5 -1
1454 61 26 64 26 1626 1798 1630 1802
837 9 -1
1455 47 38 47 38 1627 1799 1629 1801
838 14 -1
1456 41 44 41 45 1628 1800 1629 1801
839 2 -1
1457 52 56 53 57 1629 1801 1635 1807
840 9 -1
1458 93 34 85 36 1630 1802 1640 1812
841 7 -1
1461 9 92 11 93 1633 1805 1636 1808
842 8 -1
1462 60 76 61 76 1634 1806 1638 1810
843 10 -1
1463 38 42 38 43 1635 1807 1637 1809
844 8 -1
1465 86 41 87 41 1637 1809 1639 1811
845 15 -1
1466 93 13 95 13 1638 1810 1640 1812
846 3 -1
1468 13 63 14 63 1640 1812 1641 1813
847 4 -1
1469 82 35 86 36 1641 1813 1646 1818
848 5 -1
1470 42 52 42 52 1642 1814 1643 1815
849 0 -1
1472 43 59 48 59 1644 1816 1649 1821
850 13 -1
1473 34 74 39 74 1645 1817 1650 1822
851 4 -1
1474 67 7 67 13 1646 1818 1657 1829
852 14 -1
1475 39 93 40 93 1647 1819 1649 1821
853 12 -1
1478 92 38 93 42 1650 1822 1656 1828
854 12 -1
1479 13 17 14 17 1651 1823 1653 1825
855 9 -1
1481 6 70 6 71 1653 1825 1655 1827
856 11 -1
1483 38 34 41 41 1655 1827 1666 1838
857 0 -1
1486 59 24 60 28 1658 1830 1663 1835
858 15 -1
1487 62 57 63 58 1659 1831 1663 1835
859 4 -1
1493 68 64 68 66 1665 1837 1667 1839
860 14 -1
1495 80 30 81 30 1667 1839 1668 1840
861 15 -1
1496 34 67 35 67 1668 1840 1672 1844
862 3 -1
1497 12 92 15 92 1669 1841 1673 1845
863 4 -1
1499 54 66 55 67 1671 1843 1673 1845
864 12 -1
1500 76 46 78 46 1672 1844 1674 1846
865 13 -1
1501 15 12 21 12 1673 1845 1681 1853
866 5 -1
1502 97 72 98 74 1674 1846 1678 1850
867 9 -1
1504 92 47 98 48 1676 1848 1689 1861
868 1 -1
1505 38 94 46 94 1677 1849 1687 1859
869 8 -1
1506 70 11 71 12 1678 1850 1680 1852
870 5 -1
1507 63 62 66 62 1679 1851 1682 1854
871 2 -1
1508 59 27 60 29 1680 1852 1686 1858
872 0 -1
1509 0 62 0 62 1681 1853 1682 1854
873 9 -1
1511 36 20 38 20 1683 1855 1685 1857
874 2 -1
1513 7 23 9 26 1685 1857 1690 1862
875 4 -1
1515 25 22 26 22 1687 1859 1688 1860
876 1 -1
1516 80 35 80 35 1688 1860 1691 1863
877 5 -1
1517 20 90 20 90 1689 1861 1692 1864
878 6 -1
1518 13 85 16 85 1690 1862 1693 1865
879 8 -1
1519 71 71 71 72 1691 1863 1692 1864
880 12 -1
1521 56 59 58 59 1693 1865 1697 1869
881 15 -1
1522 58 29 59 29 1694 1866 1696 1868
882 0 -1
1523 88 53 89 53 1695 1867 1697 1869
883 6 -1
1527 4 24 4 27 1699 1871 1703 1875
884 2 -1
1528 27 93 28 93 1700 1872 1701 1873
885 14 -1
1533 60 9 61 9 1705 1877 1706 1878
886 10 -1
1534 24 55 25 56 1706 1878 1715 1887
887 3 -1
1535 7 95 9 96 1707 1879 1710 1882
888 3 -1
1536 30 26 32 26 1708 1880 1710 1882
889 0 -1
1538 65 39 65 42 1710 1882 1714 1886
890 5 -1
1540 17 43 17 44 1712 1884 1713 1885
891 7 -1
1543 84 43 84 45 1715 1887 1718 1890
892 14 -1
1544 14 9 15 9 1716 1888 1718 1890
893 15 -1
1545 6 45 6 46 1717 1889 1719 1891
894 7 -1
1547 51 28 51 33 1719 1891 1724 1896
895 7 -1
1550 81 68 81 68 1722 1894 1724 1896
896 2 -1
1551 54 50 54 51 1723 1895 1725 1897
897 5 -1
1552 63 45 65 47 1724 1896 1729 1901
898 4 -1
1554 94 90 98 90 1726 1898 1730 1902
899 1 -1
1555 32 36 33 36 1727 1899 1729 1901
900 6 -1
1556 47 63 49 63 1728 1900 1730 1902
901 9 -1
1559 24 52 24 52 1731 1903 1737 1909
902 2 -1
1560 90 34 90 37 1732 1904 1738 1910
903 12 -1
1562 33 15 35 15 1734 1906 1736 1908
904 9 -1
1563 11 33 12 39 1735 1907 1745 1917
905 4 -1
1564 63 48 63 49 1736 1908 1738 1910
906 7 -1
1566 86 64 86 64 1738 1910 1740 1912
907 3 -1
1567 41 77 43 77 1739 1911 1743 1915
908 14 -1
1573 38 52 40 58 1745 1917 1753 1925
909 9 -1
1575 24 16 24 17 1747 1919 1748 1920
910 8 -1
1576 4 35 6 35 1748 1920 1750 1922
911 15 -1
1577 79 87 81 87 1749 1921 1751 1923
912 12 -1
1579 29 70 30 71 1751 1923 1754 1926
913 7 -1
1580 22 13 23 13 1752 1924 1754 1926
914 10 -1
1582 26 85 26 85 1754 1926 1755 1927
915 1 -1
1584 84 57 84 58 1756 1928 1757 1929
916 11 -1
1587 30 7 37 7 1759 1931 1771 1943
917 10 -1
1588 51 95 53 95 1760 1932 1764 1936
918 7 -1
1589 5 2 7 2 1761 1933 1763 1935
919 10 -1
1590 65 4 66 6 1762 1934 1765 1937
920 15 -1
1591 75 22 77 25 1763 1935 1768 1940
921 1 -1
1593 43 20 46 20 1765 1937 1769 1941
922 12 -1
1594 29 13 31 13 1766 1938 1768 1940
923 0 -1
1596 71 63 73 63 1768 1940 1770 1942
924 13 -1
1598 40 16 40 16 1770 1942 1771 1943
925 6 -1
1599 83 19 85 19 1771 1943 1775 1947
926 2 -1
1600 20 37 20 37 1772 1944 1773 1945
927 8 -1
1603 19 60 20 60 1775 1947 1776 1948
928 3 -1
1606 59 77 61 77 1778 1950 1780 1952
929 13 -1
1608 1 31 2 31 1780 1952 1781 1953
930 9 -1
1609 60 14 61 15 1781 1953 1783 1955
931 14 -1
1610 79 11 79 11 1782 1954 1783 1955
932 15 -1
1611 72 10 73 10 1783 1955 1785 1957
933 15 -1
1613 59 75 60 76 1785 1957 1787 1959
934 7 -1
1615 40 96 40 97 1787 1959 1788 1960
935 7 -1
1618 41 92 41 93 1790 1962 1793 1965
936 12 -1
1620 13 60 14 62 1792 1964 1797 1969
937 0 -1
1621 44 52 44 59 1793 1965 1800 1972
938 0 -1
1623 94 84 95 85 1795 1967 1800 1972
939 3 -1
1624 17 76 17 76 1796 1968 1797 1969
940 15 -1
1625 73 77 75 78 1797 1969 1800 1972
941 12 -1
1626 63 42 64 43 1798 1970 1800 1972
942 0 -1
1627 87 70 90 74 1799 1971 1812 1984
943 7 -1
1629 14 27 14 28 1801 1973 1802 1974
944 8 -1
1631 69 24 70 24 1803 1975 1805 1977
945 9 -1
1633 68 49 77 49 1805 1977 1815 1987
946 9 -1
1634 54 69 54 70 1806 1978 1808 1980
947 6 -1
1637 80 95 80 95 1809 1981 1810 1982
948 0 -1
1638 62 4 63 5 1810 1982 1813 1985
949 9 -1
1640 63 66 72 67 1812 1984 1822 1994
950 7 -1
1641 60 66 63 66 1813 1985 1816 1988
951 1 -1
1642 66 48 67 51 1814 1986 1818 1990
952 5 -1
1645 37 31 37 32 1817 1989 1818 1990
953 4 -1
1648 64 61 66 61 1820 1992 1822 1994
954 6 -1
1649 47 52 49 52 1821 1993 1823 1995
955 2 -1
1650 4 28 4 28 1822 1994 1823 1995
956 10 -1
1656 52 85 54 86 1828 2000 1832 2004
957 12 -1
1657 33 2 33 4 1829 2001 1832 2004
958 8 -1
1659 15 89 19 89 1831 2003 1835 2007
959 9 -1
1660 35 99 38 100 1832 2004 1836 2008
960 13 -1
1661 10 93 15 95 1833 2005 1840 2012
961 14 -1
1662 16 64 18 68 1834 2006 1841 2013
962 0 -1
1663 38 13 43 14 1835 2007 1842 2014
963 12 -1
1664 32 33 32 35 1836 2008 1838 2010
964 6 -1
1665 23 48 23 48 1837 2009 1838 2010
965 14 -1
1668 39 29 42 29 1840 2012 1843 2015
966 5 -1
1671 93 65 93 72 1843 2015 1851 2023
967 5 -1
1672 37 38 37 39 1844 2016 1845 2017
968 0 -1
1673 30 30 31 33 1845 2017 1850 2022
969 5 -1
1675 39 94 40 94 1847 2019 1848 2020
970 12 -1
1676 39 49 42 49 1848 2020 1851 2023
971 11 -1
1678 90 78 92 78 1850 2022 1853 2025
972 0 -1
1679 68 30 72 32 1851 2023 1858 2030
973 9 -1
1680 56 40 60 40 1852 2024 1856 2028
974 6 -1
1683 20 88 27 88 1855 2027 1862 2034
975 14 -1
1685 3 85 6 85 1857 2029 1860 2032
976 4 -1
1686 78 58 78 58 1858 2030 1868 2040
977 12 -1
1687 22 35 22 37 1859 2031 1863 2035
978 2 -1
1688 13 63 19 63 1860 2032 1866 2038
979 15 -1
1690 48 92 50 93 1862 2034 1866 2038
980 3 -1
1691 8 51 9 51 1863 2035 1865 2037
981 15 -1
1692 58 62 58 64 1864 2036 1867 2039
982 11 -1
1694 77 98 77 98 1866 2038 1867 2039
983 1 -1
1695 66 34 67 35 1867 2039 1871 2043
984 1 -1
1696 70 9 72 9 1868 2040 1871 2043
985 11 -1
1697 58 81 58 82 1869 2041 1871 2043
986 11 -1
1698 79 2 80 3 1870 2042 1872 2044
987 7 -1
1700 77 81 78 81 1872 2044 1874 2046
988 8 -1
1702 50 8 50 10 1874 2046 1888 2060
989 11 -1
1703 0 34 0 35 1875 2047 1876 2048
990 1 -1
1704 60 35 63 35 1876 2048 1879 2051
991 14 -1
1709 43 88 46 88 1881 2053 1884 2056
992 7 -1
1712 41 23 41 25 1884 2056 1887 2059
993 11 -1
1714 24 93 24 93 1886 2058 1887 2059
994 9 -1
1717 16 89 20 89 1889 2061 1893 2065
995 8 -1
1718 14 0 15 0 1890 2062 1892 2064
996 8 -1
1720 96 88 90 88 1892 2064 1898 2070
997 1 -1
1722 68 48 68 49 1894 2066 1895 2067
998 2 -1
1723 18 27 20 27 1895 2067 1897 2069
999 5 -1
1725 76 79 76 80 1897 2069 1899 2071
1000 13 -1
1726 88 28 88 28 1898 2070 1901 2073
