100 100 577
1
0 23 63
16
0 0 8 100 6
0
1 0 16 100 6
0
2 0 24 100 6
0
3 0 36 100 6
0
4 0 46 100 6
0
5 0 53 100 6
0
6 0 65 100 6
0
7 0 73 100 6
0
8 0 83 100 6
0
9 0 91 100 6
0
10 0 98 100 6
0
11 0 108 100 6
0
12 0 119 100 6
0
13 0 130 100 6
0
14 0 143 100 6
0
15 0 151 100 6
0
300
1 0 -1
2 53 84 53 87 13 24 16 27
2 0 -1
5 75 86 80 86 16 27 21 32
3 0 -1
7 21 54 21 58 18 29 22 33
4 0 -1
8 24 91 24 98 19 30 28 39
5 0 -1
9 71 5 77 5 20 31 26 37
6 0 -1
10 26 31 28 32 21 32 25 36
7 0 -1
11 51 18 53 19 22 33 28 39
8 0 -1
12 76 44 76 46 23 34 25 36
9 0 -1
13 22 17 24 17 24 35 26 37
10 0 -1
14 10 51 10 54 25 36 28 39
11 0 -1
15 41 6 45 6 26 37 32 43
12 0 -1
17 51 73 52 74 28 39 32 43
13 0 -1
18 83 11 89 11 29 40 35 46
14 0 -1
19 44 11 45 11 30 41 31 42
15 0 -1
20 29 90 31 90 31 42 33 44
16 0 -1
21 38 62 39 62 32 43 34 45
17 0 -1
22 2 0 2 0 33 44 37 48
18 0 -1
24 62 0 62 2 35 46 37 48
19 0 -1
29 72 44 78 44 40 51 46 57
20 0 -1
30 98 79 99 79 41 52 43 54
21 0 -1
31 77 81 79 81 42 53 44 55
22 0 -1
33 17 57 18 57 44 55 50 61
23 0 -1
35 32 97 32 97 46 57 47 58
24 0 -1
36 62 33 64 33 47 58 49 60
25 0 -1
39 63 89 64 89 50 61 51 62
26 0 -1
40 24 21 24 21 51 62 52 63
27 0 -1
41 64 84 66 84 52 63 54 65
28 0 -1
42 82 60 83 60 53 64 54 65
29 0 -1
43 3 69 3 70 54 65 55 66
30 0 -1
45 4 37 5 37 56 67 58 69
31 0 -1
49 96 32 99 32 60 71 63 74
32 0 -1
52 71 2 77 2 63 74 70 81
33 0 -1
53 23 96 25 99 64 75 69 80
34 0 -1
54 84 22 84 23 65 76 66 77
35 0 -1
56 32 79 37 87 67 78 84 95
36 0 -1
57 13 78 14 78 68 79 70 81
37 0 -1
59 30 16 31 16 70 81 71 82
38 0 -1
61 83 12 83 12 72 83 74 85
39 0 -1
62 45 9 53 9 73 84 81 92
40 0 -1
64 36 33 55 33 75 86 94 105
41 0 -1
69 85 17 86 17 80 91 82 93
42 0 -1
71 49 94 53 97 82 93 90 101
43 0 -1
73 57 53 58 54 84 95 89 100
44 0 -1
76 11 65 14 65 87 98 90 101
45 0 -1
78 67 40 68 41 89 100 91 102
46 0 -1
80 6 29 8 30 91 102 94 105
47 0 -1
81 31 43 32 44 92 103 94 105
48 0 -1
82 96 65 92 66 93 104 99 110
49 0 -1
83 95 26 90 26 94 105 99 110
50 0 -1
84 92 29 93 29 95 106 96 107
51 0 -1
86 94 77 97 82 97 108 107 118
52 0 -1
87 50 21 50 22 98 109 99 110
53 0 -1
90 70 13 71 13 101 112 102 113
54 0 -1
91 98 33 98 33 102 113 106 117
55 0 -1
92 18 4 18 5 103 114 104 115
56 0 -1
93 9 67 12 67 104 115 107 118
57 0 -1
94 29 64 29 70 105 116 111 122
58 0 -1
96 88 21 88 21 107 118 109 120
59 0 -1
103 36 68 38 68 114 125 117 128
60 0 -1
105 8 25 9 25 116 127 118 129
61 0 -1
106 89 97 90 90 117 128 127 138
62 0 -1
107 87 90 87 90 118 129 121 132
63 0 -1
108 12 16 14 16 119 130 127 138
64 0 -1
110 72 43 77 44 121 132 129 140
65 0 -1
111 5 60 5 61 122 133 123 134
66 0 -1
114 46 27 49 28 125 136 131 142
67 0 -1
115 77 99 81 99 126 137 131 142
68 0 -1
116 2 13 7 14 127 138 139 150
69 0 -1
119 29 33 31 33 130 141 133 144
70 0 -1
120 32 56 33 56 131 142 132 143
71 0 -1
122 64 96 66 98 133 144 137 148
72 0 -1
123 57 60 57 62 134 145 137 148
73 0 -1
124 64 36 67 36 135 146 139 150
74 0 -1
127 59 1 59 1 138 149 139 150
75 0 -1
128 4 93 6 96 139 150 158 169
76 0 -1
130 53 21 53 22 141 152 142 153
77 0 -1
132 32 76 34 88 143 154 158 169
78 0 -1
134 33 44 34 44 145 156 146 157
79 0 -1
135 49 66 57 69 146 157 157 168
80 0 -1
136 66 7 67 7 147 158 149 160
81 0 -1
139 88 21 89 21 150 161 151 162
82 0 -1
140 95 20 97 20 151 162 155 166
83 0 -1
141 20 86 24 86 152 163 157 168
84 0 -1
144 43 77 48 77 155 166 160 171
85 0 -1
145 45 25 46 26 156 167 158 169
86 0 -1
146 91 89 92 89 157 168 158 169
87 0 -1
147 54 94 54 95 158 169 159 170
88 0 -1
148 89 26 89 26 159 170 160 171
89 0 -1
149 30 39 30 41 160 171 162 173
90 0 -1
150 24 22 29 23 161 172 167 178
91 0 -1
153 52 26 53 26 164 175 165 176
92 0 -1
154 49 17 53 17 165 176 169 180
93 0 -1
155 82 19 83 19 166 177 167 178
94 0 -1
156 66 32 69 32 167 178 172 183
95 0 -1
157 63 90 67 91 168 179 173 184
96 0 -1
160 90 8 94 10 171 182 177 188
97 0 -1
162 76 0 76 1 173 184 174 185
98 0 -1
163 72 97 73 97 174 185 175 186
99 0 -1
166 1 36 2 37 177 188 179 190
100 0 -1
167 22 57 24 59 178 189 183 194
101 0 -1
168 90 92 92 92 179 190 181 192
102 0 -1
169 56 57 59 57 180 191 185 196
103 0 -1
170 5 95 6 96 181 192 186 197
104 0 -1
172 70 32 72 34 183 194 188 199
105 0 -1
173 21 35 26 35 184 195 189 200
106 0 -1
174 95 27 95 29 185 196 187 198
107 0 -1
179 17 6 17 6 190 201 191 202
108 0 -1
183 41 93 43 94 194 205 199 210
109 0 -1
184 0 57 2 57 195 206 197 208
110 0 -1
185 55 41 57 41 196 207 198 209
111 0 -1
186 57 77 60 78 197 208 206 217
112 0 -1
187 14 84 19 84 198 209 204 215
113 0 -1
189 20 1 20 1 200 211 205 216
114 0 -1
190 79 4 79 9 201 212 206 217
115 0 -1
193 46 82 47 82 204 215 205 216
116 0 -1
196 12 9 14 9 207 218 209 220
117 0 -1
197 97 41 97 42 208 219 209 220
118 0 -1
198 52 92 58 98 209 220 227 238
119 0 -1
199 72 35 72 36 210 221 211 222
120 0 -1
200 21 88 23 88 211 222 213 224
121 0 -1
201 62 16 62 17 212 223 213 224
122 0 -1
204 74 21 74 22 215 226 216 227
123 0 -1
208 5 94 6 94 219 230 220 231
124 0 -1
209 59 47 59 48 220 231 221 232
125 0 -1
211 67 33 69 34 222 233 225 236
126 0 -1
212 23 68 23 68 223 234 225 236
127 0 -1
213 4 20 8 22 224 235 232 243
128 0 -1
214 88 27 92 28 225 236 230 241
129 0 -1
218 25 93 27 97 229 240 236 247
130 0 -1
219 47 87 49 87 230 241 232 243
131 0 -1
224 9 44 10 45 235 246 238 249
132 0 -1
225 15 52 15 53 236 247 238 249
133 0 -1
229 61 26 61 30 240 251 246 257
134 0 -1
230 31 7 31 7 241 252 242 253
135 0 -1
231 53 38 56 38 242 253 245 256
136 0 -1
236 83 64 84 65 247 258 249 260
137 0 -1
237 42 17 43 17 248 259 250 261
138 0 -1
240 15 80 19 86 251 262 262 273
139 0 -1
242 27 94 29 94 253 264 255 266
140 0 -1
244 90 59 92 60 255 266 260 271
141 0 -1
245 42 78 46 79 256 267 262 273
142 0 -1
246 9 1 10 2 257 268 260 271
143 0 -1
247 42 28 45 28 258 269 261 272
144 0 -1
248 68 45 70 45 259 270 262 273
145 0 -1
250 42 76 44 76 261 272 263 274
146 0 -1
251 9 49 10 50 262 273 265 276
147 0 -1
253 11 74 11 75 264 275 265 276
148 0 -1
255 31 23 32 24 266 277 268 279
149 0 -1
256 65 69 65 69 267 278 271 282
150 0 -1
257 96 0 92 0 268 279 272 283
151 0 -1
258 52 41 53 41 269 280 270 281
152 0 -1
260 72 27 73 28 271 282 273 284
153 0 -1
261 51 43 56 46 272 283 284 295
154 0 -1
266 58 99 59 96 277 288 281 292
155 0 -1
267 57 94 58 95 278 289 281 292
156 0 -1
268 66 25 67 26 279 290 281 292
157 0 -1
269 26 37 27 37 280 291 281 292
158 0 -1
271 50 66 53 66 282 293 288 299
159 0 -1
272 24 85 24 85 283 294 284 295
160 0 -1
274 51 24 60 27 285 296 298 309
161 0 -1
277 20 91 21 92 288 299 290 301
162 0 -1
278 72 72 78 72 289 300 295 306
163 0 -1
279 2 92 5 92 290 301 294 305
164 0 -1
280 37 46 40 46 291 302 294 305
165 0 -1
283 26 98 27 98 294 305 295 306
166 0 -1
285 78 1 78 3 296 307 299 310
167 0 -1
286 85 42 88 42 297 308 300 311
168 0 -1
289 23 91 26 91 300 311 303 314
169 0 -1
293 27 78 29 79 304 315 308 319
170 0 -1
294 11 58 11 59 305 316 306 317
171 0 -1
295 39 76 39 77 306 317 308 319
172 0 -1
296 65 16 67 18 307 318 311 322
173 0 -1
303 99 94 94 97 314 325 323 334
174 0 -1
305 48 41 51 43 316 327 321 332
175 0 -1
306 50 13 51 13 317 328 318 329
176 0 -1
307 47 13 48 14 318 329 320 331
177 0 -1
310 17 24 18 26 321 332 325 336
178 0 -1
311 59 56 60 56 322 333 326 337
179 0 -1
312 79 22 82 25 323 334 332 343
180 0 -1
313 72 7 73 7 324 335 325 336
181 0 -1
315 25 19 26 19 326 337 328 339
182 0 -1
320 76 14 78 20 331 342 347 358
183 0 -1
321 83 31 85 32 332 343 335 346
184 0 -1
323 48 87 50 90 334 345 347 358
185 0 -1
325 43 2 46 2 336 347 344 355
186 0 -1
326 18 32 18 32 337 348 338 349
187 0 -1
327 9 48 10 49 338 349 341 352
188 0 -1
328 90 26 94 27 339 350 344 355
189 0 -1
329 16 19 17 20 340 351 343 354
190 0 -1
330 30 89 31 92 341 352 346 357
191 0 -1
337 93 19 82 21 348 359 361 372
192 0 -1
340 84 82 85 83 351 362 354 365
193 0 -1
342 91 84 92 84 353 364 354 365
194 0 -1
343 5 79 6 81 354 365 357 368
195 0 -1
345 89 34 96 36 356 367 368 379
196 0 -1
349 13 11 13 12 360 371 361 372
197 0 -1
351 37 5 37 6 362 373 363 374
198 0 -1
354 47 45 51 47 365 376 371 382
199 0 -1
356 96 36 97 36 367 378 368 379
200 0 -1
357 24 31 24 33 368 379 372 383
201 0 -1
358 23 75 28 77 369 380 376 387
202 0 -1
359 33 15 33 15 370 381 373 384
203 0 -1
360 58 48 58 50 371 382 373 384
204 0 -1
361 85 75 87 76 372 383 378 389
205 0 -1
363 3 91 4 91 374 385 375 386
206 0 -1
364 39 72 40 72 375 386 376 387
207 0 -1
365 14 85 16 85 376 387 378 389
208 0 -1
367 98 8 95 8 378 389 384 395
209 0 -1
371 51 25 52 25 382 393 383 394
210 0 -1
372 74 23 74 25 383 394 391 402
211 0 -1
373 87 38 87 40 384 395 387 398
212 0 -1
374 96 43 97 43 385 396 386 397
213 0 -1
375 31 99 31 99 386 397 387 398
214 0 -1
377 67 73 68 73 388 399 389 400
215 0 -1
379 81 9 82 9 390 401 391 402
216 0 -1
380 85 41 85 42 391 402 392 403
217 0 -1
381 58 31 59 35 392 403 397 408
218 0 -1
382 80 38 81 38 393 404 395 406
219 0 -1
383 94 88 95 88 394 405 395 406
220 0 -1
388 51 81 52 81 399 410 400 411
221 0 -1
391 94 87 95 88 402 413 404 415
222 0 -1
392 60 50 61 51 403 414 405 416
223 0 -1
394 55 2 56 3 405 416 408 419
224 0 -1
396 93 42 95 42 407 418 412 423
225 0 -1
397 24 96 24 96 408 419 409 420
226 0 -1
400 56 27 57 27 411 422 413 424
227 0 -1
401 21 35 23 35 412 423 414 425
228 0 -1
403 72 49 74 52 414 425 419 430
229 0 -1
404 68 84 68 86 415 426 417 428
230 0 -1
407 94 19 94 20 418 429 419 430
231 0 -1
408 75 11 78 11 419 430 422 433
232 0 -1
411 13 97 14 97 422 433 424 435
233 0 -1
412 83 12 83 13 423 434 424 435
234 0 -1
414 32 17 32 18 425 436 426 437
235 0 -1
418 41 30 41 31 429 440 430 441
236 0 -1
420 77 31 77 31 431 442 432 443
237 0 -1
421 63 86 65 86 432 443 434 445
238 0 -1
423 20 48 20 49 434 445 435 446
239 0 -1
426 69 66 71 67 437 448 442 453
240 0 -1
428 16 12 18 12 439 450 441 452
241 0 -1
433 84 65 84 65 444 455 446 457
242 0 -1
437 3 31 3 32 448 459 449 460
243 0 -1
439 92 81 93 81 450 461 452 463
244 0 -1
441 27 43 30 48 452 463 460 471
245 0 -1
446 13 34 15 34 457 468 461 472
246 0 -1
448 17 64 19 65 459 470 462 473
247 0 -1
450 91 86 98 86 461 472 469 480
248 0 -1
452 37 78 37 81 463 474 466 477
249 0 -1
455 95 32 96 34 466 477 469 480
250 0 -1
460 79 99 83 97 471 482 477 488
251 0 -1
461 98 77 99 77 472 483 474 485
252 0 -1
462 96 98 97 100 473 484 476 487
253 0 -1
464 82 24 83 25 475 486 477 488
254 0 -1
469 30 14 30 16 480 491 482 493
255 0 -1
471 8 22 18 23 482 493 493 504
256 0 -1
475 41 32 43 32 486 497 488 499
257 0 -1
478 43 25 47 25 489 500 493 504
258 0 -1
479 6 22 6 24 490 501 492 503
259 0 -1
480 40 11 46 12 491 502 499 510
260 0 -1
481 81 18 87 18 492 503 498 509
261 0 -1
482 23 84 23 84 493 504 494 505
262 0 -1
484 53 17 55 19 495 506 499 510
263 0 -1
486 0 74 1 76 497 508 500 511
264 0 -1
488 26 29 27 30 499 510 502 513
265 0 -1
489 89 14 91 21 500 511 513 524
266 0 -1
491 36 51 37 52 502 513 504 515
267 0 -1
493 21 91 21 91 504 515 505 516
268 0 -1
496 25 31 26 31 507 518 508 519
269 0 -1
501 51 83 52 84 512 523 514 525
270 0 -1
502 21 57 23 58 513 524 517 528
271 0 -1
505 22 36 23 36 516 527 518 529
272 0 -1
506 78 46 80 47 517 528 522 533
273 0 -1
507 54 77 55 77 518 529 519 530
274 0 -1
509 10 64 10 64 520 531 521 532
275 0 -1
511 13 72 15 72 522 533 524 535
276 0 -1
512 60 64 61 64 523 534 524 535
277 0 -1
515 20 95 23 95 526 537 529 540
278 0 -1
516 19 19 22 20 527 538 540 551
279 0 -1
517 36 83 36 87 528 539 532 543
280 0 -1
518 75 41 77 41 529 540 531 542
281 0 -1
520 90 1 90 1 531 542 532 543
282 0 -1
522 73 92 76 97 533 544 542 553
283 0 -1
523 21 49 21 50 534 545 535 546
284 0 -1
525 76 11 78 11 536 547 538 549
285 0 -1
526 53 39 53 40 537 548 539 550
286 0 -1
528 27 28 31 29 539 550 544 555
287 0 -1
530 73 72 77 72 541 552 545 556
288 0 -1
533 97 35 99 35 544 555 546 557
289 0 -1
535 89 5 89 7 546 557 549 560
290 0 -1
536 99 99 98 99 547 558 549 560
291 0 -1
537 10 14 10 14 548 559 549 560
292 0 -1
538 16 59 17 59 549 560 552 563
293 0 -1
540 74 79 75 81 551 562 555 566
294 0 -1
541 53 53 55 54 552 563 555 566
295 0 -1
542 77 21 79 21 553 564 561 572
296 0 -1
543 50 57 51 58 554 565 556 567
297 0 -1
546 22 13 23 14 557 568 559 570
298 0 -1
547 88 47 88 48 558 569 560 571
299 0 -1
550 67 27 68 27 561 572 562 573
300 0 -1
552 69 58 70 60 563 574 566 577
