100 100 2073
4
0 13 8
1 75 9
2 93 39
3 75 85
32
0 0 427 100 6
0
1 0 859 100 6
0
2 0 1164 100 6
0
3 0 1569 100 6
0
4 0 -1 100 6
0
5 0 -1 100 6
0
6 0 -1 100 6
0
7 0 -1 100 6
0
8 1 398 100 6
0
9 1 782 100 6
0
10 1 1150 100 6
0
11 1 1505 100 6
0
12 1 -1 100 6
0
13 1 -1 100 6
0
14 1 -1 100 6
0
15 1 -1 100 6
0
16 2 378 100 6
0
17 2 794 100 6
0
18 2 1117 100 6
0
19 2 1539 100 6
0
20 2 -1 100 6
0
21 2 -1 100 6
0
22 2 -1 100 6
0
23 2 -1 100 6
0
24 3 413 100 6
0
25 3 827 100 6
0
26 3 1209 100 6
0
27 3 1551 100 6
0
28 3 -1 100 6
0
29 3 -1 100 6
0
30 3 -1 100 6
0
31 3 -1 100 6
0
1000
1 1 -1
2 44 97 45 99 174 346 177 349
2 0 -1
5 3 3 3 3 177 349 182 354
3 0 -1
7 9 84 11 84 179 351 183 355
4 3 -1
8 28 37 37 37 180 352 189 361
5 1 -1
9 42 34 45 34 181 353 187 359
6 1 -1
10 61 3 62 5 182 354 186 358
7 0 -1
11 68 94 73 94 183 355 189 361
8 0 -1
12 72 24 73 25 184 356 186 358
9 1 -1
13 72 39 73 40 185 357 187 359
10 1 -1
14 38 3 39 5 186 358 189 361
11 2 -1
15 67 99 69 99 187 359 193 365
12 3 -1
17 97 60 94 61 189 361 193 365
13 2 -1
18 86 68 91 68 190 362 196 368
14 0 -1
19 9 33 9 34 191 363 192 364
15 1 -1
20 71 21 73 21 192 364 194 366
16 0 -1
21 80 35 80 36 193 365 195 367
17 0 -1
22 53 51 57 51 194 366 198 370
18 3 -1
24 23 88 23 89 196 368 198 370
19 0 -1
29 13 53 14 56 201 373 207 379
20 2 -1
30 52 38 53 38 202 374 204 376
21 0 -1
31 0 26 2 26 203 375 205 377
22 0 -1
33 97 65 97 66 205 377 211 383
23 1 -1
35 98 77 99 77 207 379 208 380
24 2 -1
36 49 52 49 52 208 380 210 382
25 3 -1
39 62 53 62 54 211 383 212 384
26 1 -1
40 52 76 53 76 212 384 213 385
27 0 -1
41 99 14 99 15 213 385 215 387
28 3 -1
42 5 66 5 67 214 386 215 387
29 3 -1
43 41 59 41 60 215 387 216 388
30 2 -1
45 25 99 26 100 217 389 219 391
31 3 -1
49 41 14 41 17 221 393 224 396
32 2 -1
52 30 74 33 76 224 396 231 403
33 2 -1
53 26 35 29 36 225 397 230 402
34 2 -1
54 47 99 47 100 226 398 227 399
35 0 -1
56 60 9 65 11 228 400 245 417
36 0 -1
57 46 10 48 10 229 401 231 403
37 2 -1
59 49 64 50 64 231 403 232 404
38 3 -1
61 44 14 45 15 233 405 235 407
39 3 -1
62 65 36 72 36 234 406 242 414
40 2 -1
64 2 35 20 35 236 408 255 427
41 3 -1
69 25 51 27 51 241 413 243 415
42 0 -1
71 87 6 91 7 243 415 251 423
43 3 -1
73 90 53 93 55 245 417 250 422
44 3 -1
76 94 16 95 16 248 420 251 423
45 2 -1
78 6 53 7 54 250 422 252 424
46 2 -1
80 70 35 70 35 252 424 255 427
47 0 -1
81 90 67 90 67 253 425 255 427
48 3 -1
82 49 25 49 31 254 426 260 432
49 2 -1
83 40 63 44 63 255 427 260 432
50 3 -1
84 13 72 13 72 256 428 257 429
51 1 -1
86 60 98 68 98 258 430 268 440
52 1 -1
87 40 98 40 98 259 431 260 432
53 2 -1
90 48 53 48 53 262 434 263 435
54 1 -1
91 20 75 20 78 263 435 267 439
55 1 -1
92 46 71 47 71 264 436 265 437
56 3 -1
93 38 3 41 3 265 437 268 440
57 1 -1
94 95 23 96 24 266 438 272 444
58 2 -1
96 3 65 4 66 268 440 270 442
59 3 -1
103 5 50 7 50 275 447 278 450
60 2 -1
105 91 14 93 14 277 449 279 451
61 2 -1
106 75 71 83 71 278 450 288 460
62 1 -1
107 71 76 71 78 279 451 282 454
63 2 -1
108 48 78 52 78 280 452 288 460
64 3 -1
110 24 66 27 68 282 454 290 462
65 3 -1
111 5 13 6 13 283 455 284 456
66 3 -1
114 5 15 7 18 286 458 292 464
67 1 -1
115 5 67 5 68 287 459 292 464
68 0 -1
116 58 68 67 68 288 460 300 472
69 0 -1
119 18 85 19 85 291 463 294 466
70 2 -1
120 27 71 28 71 292 464 293 465
71 2 -1
122 22 41 22 44 294 466 298 470
72 0 -1
123 39 95 41 96 295 467 298 470
73 2 -1
124 15 63 18 63 296 468 300 472
74 2 -1
127 62 73 62 74 299 471 300 472
75 2 -1
128 42 57 53 58 300 472 319 491
76 1 -1
130 25 92 26 92 302 474 303 475
77 0 -1
132 6 96 13 90 304 476 319 491
78 3 -1
134 35 26 36 26 306 478 307 479
79 2 -1
135 98 75 92 75 307 479 318 490
80 0 -1
136 27 67 28 68 308 480 310 482
81 1 -1
139 13 78 14 78 311 483 312 484
82 1 -1
140 83 89 87 89 312 484 316 488
83 1 -1
141 54 99 59 99 313 485 318 490
84 3 -1
144 46 84 46 86 316 488 321 493
85 3 -1
145 68 98 69 98 317 489 319 491
86 1 -1
146 84 60 84 60 318 490 319 491
87 1 -1
147 16 49 17 49 319 491 320 492
88 3 -1
148 46 4 46 4 320 492 321 493
89 0 -1
149 62 76 64 76 321 493 323 495
90 2 -1
150 1 26 6 27 322 494 328 500
91 0 -1
153 1 75 1 76 325 497 326 498
92 2 -1
154 30 44 30 48 326 498 330 502
93 1 -1
155 61 57 61 58 327 499 328 500
94 0 -1
156 21 80 24 81 328 500 333 505
95 0 -1
157 54 52 56 53 329 501 334 506
96 2 -1
160 2 33 3 34 332 504 338 510
97 0 -1
162 81 92 81 92 334 506 335 507
98 0 -1
163 97 84 97 84 335 507 336 508
99 1 -1
166 5 2 6 2 338 510 340 512
100 0 -1
167 71 97 71 100 339 511 344 516
101 2 -1
168 92 13 94 13 340 512 342 514
102 3 -1
169 34 37 39 37 341 513 346 518
103 3 -1
170 83 19 83 23 342 514 347 519
104 2 -1
172 93 77 94 78 344 516 349 521
105 1 -1
173 42 97 42 99 345 517 350 522
106 1 -1
174 98 88 96 88 346 518 348 520
107 1 -1
179 29 65 30 65 351 523 352 524
108 0 -1
183 16 44 19 44 355 527 360 532
109 3 -1
184 27 52 27 54 356 528 358 530
110 0 -1
185 73 40 75 40 357 529 359 531
111 3 -1
186 48 34 52 34 358 530 367 539
112 1 -1
187 92 77 93 80 359 531 365 537
113 2 -1
189 44 88 44 91 361 533 366 538
114 3 -1
190 13 69 16 70 362 534 367 539
115 0 -1
193 88 0 88 0 365 537 366 538
116 1 -1
196 2 81 2 83 368 540 370 542
117 3 -1
197 32 3 33 3 369 541 370 542
118 2 -1
198 88 77 96 79 370 542 388 560
119 1 -1
199 2 51 3 51 371 543 372 544
120 1 -1
200 93 68 94 69 372 544 374 546
121 3 -1
201 83 43 83 43 373 545 374 546
122 2 -1
204 51 16 52 16 376 548 377 549
123 1 -1
208 85 37 85 37 380 552 381 553
124 2 -1
209 91 53 91 54 381 553 382 554
125 0 -1
211 80 94 82 95 383 555 386 558
126 3 -1
212 6 27 7 28 384 556 386 558
127 0 -1
213 15 87 23 87 385 557 393 565
128 1 -1
214 58 96 61 98 386 558 391 563
129 0 -1
218 89 11 92 12 390 562 397 569
130 0 -1
219 29 68 29 68 391 563 393 565
131 2 -1
224 36 62 36 65 396 568 399 571
132 1 -1
225 63 27 63 28 397 569 399 571
133 2 -1
229 72 40 75 42 401 573 407 579
134 2 -1
230 23 57 23 58 402 574 403 575
135 3 -1
231 42 62 45 62 403 575 406 578
136 1 -1
236 44 21 46 21 408 580 410 582
137 1 -1
237 56 52 56 53 409 581 411 583
138 1 -1
240 29 37 39 38 412 584 423 595
139 0 -1
242 40 22 42 22 414 586 416 588
140 0 -1
244 46 70 46 71 416 588 421 593
141 2 -1
245 80 51 82 51 417 589 423 595
142 0 -1
246 99 9 97 9 418 590 421 593
143 1 -1
247 33 61 35 61 419 591 422 594
144 2 -1
248 55 33 58 33 420 592 423 595
145 0 -1
250 26 89 28 89 422 594 424 596
146 0 -1
251 44 21 45 22 423 595 426 598
147 3 -1
253 82 37 82 37 425 597 426 598
148 0 -1
255 48 79 49 80 427 599 429 601
149 3 -1
256 88 51 88 53 428 600 432 604
150 0 -1
257 31 9 35 9 429 601 433 605
151 0 -1
258 71 77 72 77 430 602 431 603
152 0 -1
260 65 35 65 37 432 604 434 606
153 2 -1
261 90 66 90 68 433 605 445 617
154 3 -1
266 18 58 21 59 438 610 442 614
155 3 -1
267 60 65 63 65 439 611 442 614
156 2 -1
268 60 22 62 22 440 612 442 614
157 2 -1
269 30 90 30 91 441 613 442 614
158 3 -1
271 24 29 26 31 443 615 449 621
159 0 -1
272 98 40 99 40 444 616 445 617
160 1 -1
274 79 79 79 85 446 618 459 631
161 0 -1
277 66 1 68 1 449 621 451 623
162 1 -1
278 1 65 4 67 450 622 456 628
163 2 -1
279 43 89 45 91 451 623 455 627
164 0 -1
280 22 99 23 97 452 624 455 627
165 3 -1
283 87 30 87 31 455 627 456 628
166 2 -1
285 64 28 66 28 457 629 460 632
167 0 -1
286 79 44 80 46 458 630 461 633
168 3 -1
289 54 85 54 86 461 633 464 636
169 1 -1
293 97 57 94 57 465 637 469 641
170 2 -1
294 92 55 92 55 466 638 467 639
171 0 -1
295 53 67 53 69 467 639 469 641
172 0 -1
296 67 19 70 20 468 640 472 644
173 3 -1
303 81 25 85 25 475 647 484 656
174 0 -1
305 58 50 63 50 477 649 482 654
175 0 -1
306 73 45 73 46 478 650 479 651
176 3 -1
307 82 12 82 12 479 651 481 653
177 1 -1
310 17 19 19 19 482 654 486 658
178 1 -1
311 54 87 58 87 483 655 487 659
179 2 -1
312 47 29 50 31 484 656 493 665
180 2 -1
313 22 16 22 16 485 657 486 658
181 1 -1
315 44 43 44 44 487 659 489 661
182 2 -1
320 35 50 45 50 492 664 508 680
183 1 -1
321 63 78 63 78 493 665 496 668
184 3 -1
323 30 28 32 28 495 667 508 680
185 0 -1
325 79 14 85 14 497 669 505 677
186 2 -1
326 88 66 89 66 498 670 499 671
187 3 -1
327 55 5 56 6 499 671 502 674
188 1 -1
328 88 87 88 87 500 672 505 677
189 1 -1
329 23 78 23 79 501 673 504 676
190 0 -1
330 34 34 36 37 502 674 507 679
191 1 -1
337 75 84 78 94 509 681 522 694
192 1 -1
340 7 86 10 86 512 684 515 687
193 1 -1
342 91 83 92 83 514 686 515 687
194 3 -1
343 51 63 52 65 515 687 518 690
195 1 -1
345 90 27 92 28 517 689 529 701
196 0 -1
349 35 40 36 40 521 693 522 694
197 3 -1
351 52 48 53 48 523 695 524 696
198 3 -1
354 87 58 89 59 526 698 532 704
199 0 -1
356 14 89 14 89 528 700 529 701
200 0 -1
357 51 67 55 67 529 701 533 705
201 0 -1
358 96 86 96 92 530 702 537 709
202 2 -1
359 31 0 33 1 531 703 534 706
203 1 -1
360 58 23 59 23 532 704 534 706
204 1 -1
361 65 73 70 74 533 705 539 711
205 0 -1
363 88 93 89 93 535 707 536 708
206 2 -1
364 51 48 51 48 536 708 537 709
207 3 -1
365 34 92 35 92 537 709 539 711
208 2 -1
367 95 71 98 72 539 711 545 717
209 2 -1
371 93 30 94 30 543 715 544 716
210 1 -1
372 10 79 18 79 544 716 552 724
211 2 -1
373 85 39 86 41 545 717 548 720
212 3 -1
374 89 14 89 14 546 718 547 719
213 1 -1
375 15 74 15 74 547 719 548 720
214 0 -1
377 54 2 54 3 549 721 550 722
215 3 -1
379 47 36 48 36 551 723 552 724
216 3 -1
380 49 84 49 85 552 724 553 725
217 3 -1
381 11 30 14 30 553 725 558 730
218 0 -1
382 89 88 89 90 554 726 556 728
219 2 -1
383 47 32 47 32 555 727 556 728
220 2 -1
388 85 45 86 45 560 732 561 733
221 0 -1
391 91 84 93 84 563 735 565 737
222 1 -1
392 59 54 60 55 564 736 566 738
223 1 -1
394 5 8 7 9 566 738 569 741
224 2 -1
396 37 28 41 29 568 740 573 745
225 2 -1
397 60 75 60 75 569 741 570 742
226 2 -1
400 93 13 94 14 572 744 574 746
227 3 -1
401 99 78 99 78 573 745 575 747
228 2 -1
403 47 35 48 39 575 747 580 752
229 0 -1
404 79 37 80 37 576 748 578 750
230 0 -1
407 32 11 32 11 579 751 580 752
231 3 -1
408 47 12 48 14 580 752 583 755
232 1 -1
411 36 75 36 76 583 755 585 757
233 1 -1
412 7 15 8 15 584 756 585 757
234 1 -1
414 58 53 59 53 586 758 587 759
235 2 -1
418 47 16 48 16 590 762 591 763
236 0 -1
420 72 95 73 95 592 764 593 765
237 0 -1
421 25 66 25 67 593 765 595 767
238 1 -1
423 69 97 69 97 595 767 596 768
239 1 -1
426 81 27 86 27 598 770 603 775
240 0 -1
428 81 1 81 2 600 772 602 774
241 2 -1
433 68 84 69 85 605 777 607 779
242 3 -1
437 56 9 57 9 609 781 610 782
243 0 -1
439 10 11 12 11 611 783 613 785
244 1 -1
441 70 46 75 49 613 785 621 793
245 1 -1
446 71 83 71 84 618 790 622 794
246 2 -1
448 74 81 77 81 620 792 623 795
247 2 -1
450 43 99 46 99 622 794 630 802
248 2 -1
452 15 89 15 91 624 796 627 799
249 2 -1
455 72 7 73 8 627 799 630 802
250 1 -1
460 98 41 96 43 632 804 638 810
251 1 -1
461 29 49 30 50 633 805 635 807
252 1 -1
462 57 16 59 16 634 806 637 809
253 1 -1
464 65 34 66 34 636 808 638 810
254 3 -1
469 96 51 98 51 641 813 643 815
255 0 -1
471 84 89 93 90 643 815 654 826
256 1 -1
475 55 17 56 17 647 819 649 821
257 1 -1
478 10 72 14 72 650 822 654 826
258 1 -1
479 23 37 25 37 651 823 653 825
259 0 -1
480 94 51 86 51 652 824 660 832
260 2 -1
481 54 80 54 85 653 825 659 831
261 1 -1
482 0 21 0 21 654 826 655 827
262 0 -1
484 70 85 74 85 656 828 660 832
263 3 -1
486 44 11 46 11 658 830 661 833
264 3 -1
488 86 13 87 14 660 832 663 835
265 2 -1
489 57 3 66 6 661 833 674 846
266 1 -1
491 55 58 57 58 663 835 665 837
267 3 -1
493 54 18 54 19 665 837 666 838
268 0 -1
496 36 89 37 89 668 840 669 841
269 0 -1
501 26 96 26 97 673 845 675 847
270 2 -1
502 56 10 59 11 674 846 678 850
271 0 -1
505 3 58 4 59 677 849 679 851
272 3 -1
506 59 97 64 97 678 850 683 855
273 2 -1
507 52 59 52 59 679 851 680 852
274 0 -1
509 71 44 72 44 681 853 682 854
275 0 -1
511 91 28 92 28 683 855 685 857
276 2 -1
512 65 51 65 51 684 856 685 857
277 1 -1
515 28 73 30 73 687 859 690 862
278 0 -1
516 60 27 61 36 688 860 701 873
279 1 -1
517 93 16 96 17 689 861 693 865
280 2 -1
518 58 82 58 83 690 862 692 864
281 2 -1
520 13 66 13 66 692 864 693 865
282 3 -1
522 2 42 4 45 694 866 703 875
283 0 -1
523 16 80 17 80 695 867 696 868
284 1 -1
525 41 86 43 86 697 869 699 871
285 1 -1
526 41 45 42 45 698 870 700 872
286 2 -1
528 20 42 25 42 700 872 705 877
287 1 -1
530 39 55 41 57 702 874 706 878
288 1 -1
533 38 11 40 11 705 877 707 879
289 1 -1
535 16 82 18 82 707 879 710 882
290 0 -1
536 31 52 33 52 708 880 710 882
291 3 -1
537 14 30 15 30 709 881 710 882
292 0 -1
538 20 77 20 78 710 882 713 885
293 1 -1
540 57 46 60 46 712 884 716 888
294 2 -1
541 19 41 21 42 713 885 716 888
295 2 -1
542 95 70 96 72 714 886 722 894
296 0 -1
543 27 6 29 6 715 887 717 889
297 1 -1
546 19 76 19 78 718 890 720 892
298 0 -1
547 37 85 37 87 719 891 721 893
299 1 -1
550 95 87 95 87 722 894 723 895
300 2 -1
552 76 62 79 62 724 896 727 899
301 2 -1
553 72 79 72 81 725 897 727 899
302 1 -1
555 99 75 94 75 727 899 732 904
303 1 -1
556 76 77 77 77 728 900 730 902
304 3 -1
558 55 89 55 89 730 902 731 903
305 2 -1
559 17 66 18 70 731 903 736 908
306 2 -1
560 73 56 75 56 732 904 734 906
307 2 -1
562 95 6 96 6 734 906 735 907
308 3 -1
565 5 76 7 76 737 909 741 913
309 3 -1
566 44 19 48 19 738 910 742 914
310 0 -1
567 87 61 87 62 739 911 740 912
311 2 -1
570 96 22 97 23 742 914 746 918
312 0 -1
572 94 58 96 58 744 916 747 919
313 0 -1
573 73 35 76 35 745 917 748 920
314 3 -1
575 70 58 70 59 747 919 749 921
315 1 -1
577 27 10 28 10 749 921 750 922
316 3 -1
578 19 82 20 82 750 922 752 924
317 2 -1
579 57 94 62 94 751 923 756 928
318 1 -1
580 85 1 85 2 752 924 753 925
319 2 -1
585 87 23 88 25 757 929 760 932
320 1 -1
588 1 95 4 97 760 932 765 937
321 3 -1
589 60 79 62 82 761 933 776 948
322 2 -1
592 47 75 47 75 764 936 765 937
323 1 -1
594 61 69 63 69 766 938 768 940
324 2 -1
595 86 62 72 63 767 939 782 954
325 3 -1
596 87 46 90 47 768 940 772 944
326 2 -1
597 88 84 94 84 769 941 777 949
327 2 -1
599 21 49 29 49 771 943 779 951
328 0 -1
600 5 50 6 52 772 944 775 947
329 3 -1
601 63 64 63 64 773 945 775 947
330 2 -1
603 83 19 84 20 775 947 777 949
331 2 -1
608 25 16 26 17 780 952 783 955
332 2 -1
609 96 10 96 11 781 953 782 954
333 2 -1
610 47 10 51 11 782 954 787 959
334 3 -1
611 92 88 96 88 783 955 787 959
335 0 -1
613 50 39 51 43 785 957 793 965
336 3 -1
614 29 18 33 20 786 958 792 964
337 1 -1
615 33 33 33 33 787 959 788 960
338 2 -1
616 75 82 77 82 788 960 790 962
339 3 -1
619 54 66 55 68 791 963 796 968
340 1 -1
620 15 97 17 97 792 964 794 966
341 2 -1
621 73 55 78 55 793 965 798 970
342 1 -1
622 73 81 75 82 794 966 797 969
343 3 -1
623 12 12 14 12 795 967 797 969
344 3 -1
624 47 85 47 86 796 968 797 969
345 0 -1
625 52 32 53 32 797 969 799 971
346 0 -1
628 71 89 72 89 800 972 801 973
347 0 -1
629 57 45 59 46 801 973 806 978
348 2 -1
630 36 22 36 23 802 974 803 975
349 1 -1
634 91 68 91 69 806 978 807 979
350 2 -1
635 98 22 98 24 807 979 809 981
351 0 -1
636 57 1 59 1 808 980 810 982
352 1 -1
637 8 87 8 88 809 981 811 983
353 3 -1
639 73 74 73 74 811 983 812 984
354 3 -1
640 3 97 3 99 812 984 814 986
355 3 -1
641 82 51 84 51 813 985 815 987
356 1 -1
643 1 2 4 5 815 987 821 993
357 0 -1
645 79 5 79 5 817 989 819 991
358 2 -1
646 76 62 78 62 818 990 820 992
359 2 -1
648 51 36 52 36 820 992 821 993
360 1 -1
649 26 87 28 90 821 993 831 1003
361 0 -1
650 0 61 0 61 822 994 823 995
362 3 -1
651 11 62 11 66 823 995 827 999
363 1 -1
652 75 31 84 31 824 996 839 1011
364 3 -1
653 24 56 24 56 825 997 826 998
365 1 -1
656 51 95 51 96 828 1000 829 1001
366 0 -1
662 99 33 99 35 834 1006 836 1008
367 2 -1
663 20 91 22 96 835 1007 843 1015
368 0 -1
664 15 88 17 88 836 1008 838 1010
369 3 -1
665 21 32 22 32 837 1009 838 1010
370 2 -1
666 31 71 31 72 838 1010 840 1012
371 3 -1
667 79 74 82 74 839 1011 842 1014
372 0 -1
669 40 78 41 78 841 1013 842 1014
373 2 -1
672 45 40 46 43 844 1016 848 1020
374 1 -1
673 19 84 19 84 845 1017 847 1019
375 0 -1
674 74 33 77 34 846 1018 850 1022
376 3 -1
675 76 49 76 51 847 1019 852 1024
377 1 -1
678 58 23 59 23 850 1022 851 1023
378 0 -1
679 24 70 25 72 851 1023 854 1026
379 1 -1
680 47 95 50 95 852 1024 858 1030
380 1 -1
681 33 44 33 45 853 1025 855 1027
381 3 -1
682 44 79 45 80 854 1026 856 1028
382 1 -1
684 62 27 62 28 856 1028 858 1030
383 2 -1
685 90 84 93 86 857 1029 862 1034
384 3 -1
687 27 57 28 57 859 1031 864 1036
385 1 -1
688 1 96 2 96 860 1032 862 1034
386 1 -1
689 9 81 11 81 861 1033 863 1035
387 3 -1
690 51 1 51 3 862 1034 864 1036
388 2 -1
691 44 48 45 48 863 1035 865 1037
389 3 -1
692 32 38 32 39 864 1036 866 1038
390 2 -1
694 40 18 42 19 866 1038 869 1041
391 3 -1
696 52 64 53 65 868 1040 870 1042
392 1 -1
698 50 4 55 4 870 1042 875 1047
393 2 -1
700 48 11 48 12 872 1044 873 1045
394 1 -1
701 73 70 74 70 873 1045 874 1046
395 0 -1
702 54 33 55 33 874 1046 881 1053
396 2 -1
703 85 38 87 38 875 1047 877 1049
397 2 -1
704 39 63 39 65 876 1048 878 1050
398 2 -1
705 22 46 26 46 877 1049 881 1053
399 2 -1
706 18 60 18 62 878 1050 880 1052
400 2 -1
707 24 43 26 44 879 1051 883 1055
401 0 -1
708 89 44 92 44 880 1052 887 1059
402 0 -1
710 58 5 59 5 882 1054 885 1057
403 2 -1
712 94 56 95 56 884 1056 885 1057
404 0 -1
714 89 38 89 39 886 1058 887 1059
405 2 -1
716 37 64 38 64 888 1060 889 1061
406 3 -1
718 36 52 42 53 890 1062 898 1070
407 1 -1
719 15 51 15 51 891 1063 892 1064
408 3 -1
720 87 55 89 55 892 1064 894 1066
409 2 -1
722 16 77 16 78 894 1066 896 1068
410 3 -1
724 16 50 17 51 896 1068 898 1070
411 3 -1
725 41 59 48 60 897 1069 908 1080
412 1 -1
726 4 51 5 53 898 1070 902 1074
413 3 -1
727 96 22 96 24 899 1071 902 1074
414 0 -1
728 62 29 64 32 900 1072 905 1077
415 1 -1
729 50 94 50 94 901 1073 902 1074
416 2 -1
731 24 87 25 87 903 1075 904 1076
417 2 -1
733 67 2 68 2 905 1077 907 1079
418 3 -1
734 41 67 43 67 906 1078 908 1080
419 1 -1
735 39 58 39 59 907 1079 910 1082
420 0 -1
736 90 80 92 80 908 1080 910 1082
421 2 -1
737 51 9 52 10 909 1081 912 1084
422 2 -1
742 63 94 68 94 914 1086 919 1091
423 1 -1
744 95 42 95 44 916 1088 918 1090
424 2 -1
745 44 64 49 64 917 1089 922 1094
425 0 -1
748 59 13 61 13 920 1092 922 1094
426 0 -1
750 28 6 29 6 922 1094 923 1095
427 2 -1
751 76 65 76 66 923 1095 924 1096
428 1 -1
752 0 61 3 61 924 1096 927 1099
429 3 -1
753 43 84 43 84 925 1097 926 1098
430 2 -1
754 64 25 67 28 926 1098 932 1104
431 0 -1
755 9 24 9 25 927 1099 929 1101
432 3 -1
757 17 87 19 87 929 1101 931 1103
433 0 -1
758 84 42 85 42 930 1102 938 1110
434 1 -1
759 30 53 30 53 931 1103 933 1105
435 3 -1
760 20 11 21 11 932 1104 933 1105
436 1 -1
766 58 90 58 91 938 1110 940 1112
437 3 -1
767 22 48 23 49 939 1111 941 1113
438 0 -1
768 20 99 22 99 940 1112 943 1115
439 3 -1
771 62 68 63 68 943 1115 944 1116
440 0 -1
772 37 68 39 68 944 1116 946 1118
441 0 -1
773 89 37 91 37 945 1117 948 1120
442 1 -1
775 11 21 14 21 947 1119 952 1124
443 3 -1
777 55 6 57 6 949 1121 951 1123
444 1 -1
778 36 90 36 91 950 1122 952 1124
445 1 -1
779 46 97 46 97 951 1123 954 1126
446 0 -1
781 49 85 50 85 953 1125 954 1126
447 1 -1
782 55 96 55 99 954 1126 958 1130
448 1 -1
784 90 21 91 21 956 1128 958 1130
449 3 -1
787 21 53 21 55 959 1131 961 1133
450 2 -1
788 93 99 94 99 960 1132 961 1133
451 3 -1
789 4 9 4 11 961 1133 965 1137
452 3 -1
790 26 54 28 54 962 1134 964 1136
453 3 -1
791 6 24 10 25 963 1135 968 1140
454 1 -1
793 64 45 66 46 965 1137 968 1140
455 2 -1
794 19 41 19 42 966 1138 970 1142
456 3 -1
795 85 47 87 47 967 1139 969 1141
457 1 -1
796 33 47 34 48 968 1140 972 1144
458 0 -1
797 82 74 83 74 969 1141 970 1142
459 0 -1
798 78 26 79 28 970 1142 973 1145
460 1 -1
799 0 55 0 56 971 1143 973 1145
461 3 -1
800 58 62 60 62 972 1144 977 1149
462 2 -1
802 16 92 18 92 974 1146 978 1150
463 3 -1
803 20 28 20 30 975 1147 977 1149
464 2 -1
805 91 17 94 19 977 1149 982 1154
465 0 -1
806 14 45 17 49 978 1150 987 1159
466 1 -1
807 34 15 35 16 979 1151 981 1153
467 0 -1
810 83 88 84 88 982 1154 983 1155
468 2 -1
813 35 98 35 99 985 1157 986 1158
469 3 -1
818 14 60 15 60 990 1162 992 1164
470 3 -1
820 2 60 5 60 992 1164 995 1167
471 1 -1
824 56 40 57 40 996 1168 998 1170
472 2 -1
825 14 0 16 1 997 1169 1000 1172
473 3 -1
827 21 90 22 90 999 1171 1000 1172
474 0 -1
828 50 92 60 92 1000 1172 1010 1182
475 0 -1
830 91 65 91 66 1002 1174 1005 1177
476 1 -1
831 44 85 44 85 1003 1175 1004 1176
477 1 -1
833 43 38 43 39 1005 1177 1007 1179
478 2 -1
834 6 76 8 76 1006 1178 1008 1180
479 1 -1
835 31 25 40 26 1007 1179 1017 1189
480 3 -1
839 53 11 53 13 1011 1183 1013 1185
481 3 -1
841 27 79 28 80 1013 1185 1017 1189
482 2 -1
842 80 95 81 95 1014 1186 1016 1188
483 1 -1
844 96 79 91 79 1016 1188 1021 1193
484 2 -1
845 15 12 17 12 1017 1189 1019 1191
485 1 -1
846 13 94 18 95 1018 1190 1024 1196
486 2 -1
847 11 2 11 2 1019 1191 1020 1192
487 2 -1
850 30 53 33 53 1022 1194 1025 1197
488 0 -1
851 24 8 25 10 1023 1195 1027 1199
489 0 -1
854 28 27 29 27 1026 1198 1027 1199
490 2 -1
856 74 40 75 42 1028 1200 1031 1203
491 0 -1
859 79 75 80 77 1031 1203 1036 1208
492 2 -1
860 50 82 51 82 1032 1204 1033 1205
493 2 -1
861 63 55 64 56 1033 1205 1035 1207
494 0 -1
864 29 99 31 100 1036 1208 1039 1211
495 3 -1
867 53 80 53 80 1039 1211 1040 1212
496 3 -1
868 30 26 30 27 1040 1212 1042 1214
497 2 -1
871 52 47 52 49 1043 1215 1059 1231
498 3 -1
873 1 90 1 90 1045 1217 1047 1219
499 1 -1
874 83 65 85 67 1046 1218 1051 1223
500 1 -1
875 50 98 53 98 1047 1219 1050 1222
501 0 -1
877 40 40 40 40 1049 1221 1052 1224
502 1 -1
878 66 45 67 46 1050 1222 1052 1224
503 3 -1
879 76 22 77 23 1051 1223 1053 1225
504 1 -1
880 38 51 42 51 1052 1224 1056 1228
505 3 -1
881 11 32 17 32 1053 1225 1059 1231
506 1 -1
882 91 73 92 74 1054 1226 1056 1228
507 1 -1
885 1 49 1 49 1057 1229 1058 1230
508 2 -1
887 96 80 97 80 1059 1231 1062 1234
509 1 -1
889 21 37 23 38 1061 1233 1064 1236
510 1 -1
891 97 22 99 22 1063 1235 1065 1237
511 1 -1
893 42 51 43 51 1065 1237 1067 1239
512 2 -1
894 86 70 89 70 1066 1238 1069 1241
513 1 -1
895 61 97 63 98 1067 1239 1070 1242
514 2 -1
896 0 4 0 5 1068 1240 1070 1242
515 2 -1
897 30 17 31 17 1069 1241 1070 1242
516 2 -1
898 68 17 69 17 1070 1242 1072 1244
517 2 -1
899 46 33 48 33 1071 1243 1073 1245
518 1 -1
900 70 71 73 71 1072 1244 1078 1250
519 0 -1
901 60 41 61 42 1073 1245 1075 1247
520 1 -1
902 83 89 84 89 1074 1246 1075 1247
521 1 -1
905 67 43 68 43 1077 1249 1078 1250
522 2 -1
910 7 28 7 28 1082 1254 1083 1255
523 0 -1
912 80 5 85 8 1084 1256 1094 1266
524 2 -1
914 11 53 16 55 1086 1258 1093 1265
525 1 -1
917 83 11 87 11 1089 1261 1093 1265
526 3 -1
919 59 28 60 28 1091 1263 1093 1265
527 0 -1
920 24 38 27 38 1092 1264 1095 1267
528 3 -1
921 31 4 32 4 1093 1265 1094 1266
529 2 -1
923 99 77 99 78 1095 1267 1096 1268
530 3 -1
925 54 79 55 79 1097 1269 1100 1272
531 3 -1
926 68 83 76 83 1098 1270 1107 1279
532 0 -1
927 1 81 2 83 1099 1271 1102 1274
533 2 -1
928 62 71 62 71 1100 1272 1101 1273
534 0 -1
929 82 74 82 75 1101 1273 1102 1274
535 1 -1
931 64 33 66 33 1103 1275 1105 1277
536 3 -1
933 54 43 54 43 1105 1277 1112 1284
537 3 -1
935 30 17 32 17 1107 1279 1109 1281
538 0 -1
936 0 28 1 28 1108 1280 1109 1281
539 3 -1
937 62 8 65 8 1109 1281 1113 1285
540 1 -1
938 18 93 18 93 1110 1282 1114 1286
541 2 -1
940 78 16 79 17 1112 1284 1114 1286
542 1 -1
942 28 72 29 72 1114 1286 1115 1287
543 1 -1
943 49 85 50 85 1115 1287 1122 1294
544 2 -1
944 9 59 9 60 1116 1288 1117 1289
545 3 -1
945 62 91 63 91 1117 1289 1120 1292
546 3 -1
947 54 15 55 19 1119 1291 1132 1304
547 2 -1
948 91 28 93 28 1120 1292 1123 1295
548 2 -1
950 4 75 6 75 1122 1294 1124 1296
549 3 -1
951 3 62 3 62 1123 1295 1125 1297
550 0 -1
954 57 69 58 70 1126 1298 1128 1300
551 1 -1
955 89 83 89 83 1127 1299 1128 1300
552 0 -1
957 38 55 40 55 1129 1301 1132 1304
553 0 -1
958 97 20 98 20 1130 1302 1131 1303
554 2 -1
963 90 4 90 7 1135 1307 1138 1310
555 3 -1
964 54 56 55 56 1136 1308 1138 1310
556 0 -1
966 24 59 25 60 1138 1310 1140 1312
557 2 -1
969 22 39 23 39 1141 1313 1143 1315
558 2 -1
972 57 57 57 63 1144 1316 1150 1322
559 2 -1
973 44 9 46 11 1145 1317 1149 1321
560 2 -1
974 16 60 19 62 1146 1318 1156 1328
561 0 -1
976 98 98 98 94 1148 1320 1153 1325
562 2 -1
979 45 2 48 2 1151 1323 1155 1327
563 2 -1
981 71 52 71 52 1153 1325 1154 1326
564 2 -1
983 92 39 92 40 1155 1327 1158 1330
565 2 -1
984 32 74 37 75 1156 1328 1162 1334
566 2 -1
987 75 37 79 37 1159 1331 1163 1335
567 0 -1
989 2 46 4 46 1161 1333 1164 1336
568 3 -1
990 85 40 89 40 1162 1334 1166 1338
569 1 -1
992 78 38 79 39 1164 1336 1168 1340
570 1 -1
993 12 36 13 36 1165 1337 1167 1339
571 3 -1
994 69 23 71 24 1166 1338 1170 1342
572 2 -1
996 52 33 52 33 1168 1340 1170 1342
573 1 -1
997 59 98 61 98 1169 1341 1171 1343
574 3 -1
998 89 36 89 36 1170 1342 1171 1343
575 1 -1
999 46 14 48 14 1171 1343 1173 1345
576 3 -1
1001 19 4 41 5 1173 1345 1222 1394
577 2 -1
1004 82 5 84 5 1176 1348 1178 1350
578 2 -1
1008 10 4 11 4 1180 1352 1181 1353
579 1 -1
1010 28 20 28 20 1182 1354 1184 1356
580 1 -1
1012 65 20 65 21 1184 1356 1185 1357
581 0 -1
1015 46 43 46 44 1187 1359 1188 1360
582 2 -1
1016 62 85 63 85 1188 1360 1189 1361
583 3 -1
1017 15 38 17 38 1189 1361 1192 1364
584 0 -1
1018 66 24 74 24 1190 1362 1204 1376
585 0 -1
1019 62 55 66 56 1191 1363 1201 1373
586 1 -1
1020 30 32 33 32 1192 1364 1195 1367
587 3 -1
1021 3 39 4 39 1193 1365 1194 1366
588 1 -1
1022 46 21 49 25 1194 1366 1208 1380
589 3 -1
1025 99 71 98 75 1197 1369 1202 1374
590 2 -1
1027 77 85 77 85 1199 1371 1200 1372
591 3 -1
1028 18 28 18 28 1200 1372 1201 1373
592 2 -1
1031 34 7 34 9 1203 1375 1212 1384
593 1 -1
1032 62 20 65 21 1204 1376 1211 1383
594 0 -1
1033 18 67 18 71 1205 1377 1209 1381
595 2 -1
1035 13 94 15 94 1207 1379 1209 1381
596 3 -1
1036 73 91 73 93 1208 1380 1210 1382
597 3 -1
1037 83 24 83 25 1209 1381 1210 1382
598 1 -1
1039 35 86 35 87 1211 1383 1212 1384
599 1 -1
1040 50 36 51 36 1212 1384 1213 1385
600 2 -1
1042 78 4 89 4 1214 1386 1225 1397
601 2 -1
1044 94 14 95 14 1216 1388 1217 1389
602 1 -1
1045 88 65 89 67 1217 1389 1220 1392
603 3 -1
1051 14 94 15 94 1223 1395 1224 1396
604 2 -1
1053 94 94 95 94 1225 1397 1226 1398
605 3 -1
1056 32 58 33 58 1228 1400 1230 1402
606 1 -1
1057 43 53 43 54 1229 1401 1231 1403
607 1 -1
1059 67 96 70 96 1231 1403 1235 1407
608 0 -1
1060 96 23 97 26 1232 1404 1237 1409
609 1 -1
1063 99 15 97 16 1235 1407 1238 1410
610 1 -1
1065 24 54 24 56 1237 1409 1240 1412
611 1 -1
1066 93 77 95 77 1238 1410 1240 1412
612 0 -1
1067 45 21 45 22 1239 1411 1240 1412
613 2 -1
1070 27 64 38 64 1242 1414 1254 1426
614 1 -1
1071 91 23 96 23 1243 1415 1248 1420
615 1 -1
1073 69 45 80 47 1245 1417 1260 1432
616 1 -1
1074 95 22 95 23 1246 1418 1247 1419
617 1 -1
1075 92 73 95 73 1247 1419 1250 1422
618 3 -1
1078 1 70 4 71 1250 1422 1254 1426
619 3 -1
1082 20 10 21 10 1254 1426 1255 1427
620 2 -1
1083 31 61 33 61 1255 1427 1257 1429
621 3 -1
1084 58 33 62 35 1256 1428 1262 1434
622 1 -1
1085 54 85 56 86 1257 1429 1260 1432
623 0 -1
1086 2 9 4 9 1258 1430 1262 1434
624 3 -1
1090 2 11 3 11 1262 1434 1263 1435
625 1 -1
1091 45 69 45 70 1263 1435 1264 1436
626 2 -1
1092 45 83 46 83 1264 1436 1265 1437
627 3 -1
1095 99 71 96 71 1267 1439 1270 1442
628 0 -1
1097 69 5 69 8 1269 1441 1272 1444
629 2 -1
1098 96 43 97 44 1270 1442 1274 1446
630 3 -1
1099 96 72 99 72 1271 1443 1276 1448
631 1 -1
1100 34 20 38 21 1272 1444 1277 1449
632 2 -1
1102 25 47 27 47 1274 1446 1277 1449
633 0 -1
1103 76 75 78 77 1275 1447 1282 1454
634 1 -1
1104 36 94 36 95 1276 1448 1277 1449
635 3 -1
1105 54 13 55 13 1277 1449 1278 1450
636 3 -1
1107 12 89 16 89 1279 1451 1289 1461
637 1 -1
1109 14 62 16 62 1281 1453 1284 1456
638 2 -1
1111 98 15 98 17 1283 1455 1285 1457
639 2 -1
1113 97 7 97 7 1285 1457 1286 1458
640 2 -1
1114 81 90 81 90 1286 1458 1287 1459
641 0 -1
1115 53 51 53 52 1287 1459 1290 1462
642 2 -1
1116 63 18 73 18 1288 1460 1299 1471
643 2 -1
1118 70 68 71 68 1290 1462 1292 1464
644 1 -1
1120 0 76 1 77 1292 1464 1294 1466
645 0 -1
1121 18 48 19 48 1293 1465 1294 1466
646 0 -1
1122 57 32 58 34 1294 1466 1297 1469
647 3 -1
1124 28 41 30 46 1296 1468 1303 1475
648 0 -1
1125 12 95 12 96 1297 1469 1299 1471
649 2 -1
1126 12 69 14 79 1298 1470 1310 1482
650 0 -1
1129 61 39 61 39 1301 1473 1302 1474
651 2 -1
1130 22 95 22 95 1302 1474 1303 1475
652 3 -1
1132 42 49 44 49 1304 1476 1306 1478
653 1 -1
1133 98 84 95 84 1305 1477 1308 1480
654 0 -1
1137 55 8 58 9 1309 1481 1313 1485
655 3 -1
1138 70 87 71 87 1310 1482 1311 1483
656 0 -1
1139 62 88 62 89 1311 1483 1312 1484
657 0 -1
1141 91 90 93 90 1313 1485 1315 1487
658 3 -1
1142 80 13 80 14 1314 1486 1317 1489
659 1 -1
1144 94 17 97 17 1316 1488 1319 1491
660 0 -1
1147 35 93 35 94 1319 1491 1320 1492
661 0 -1
1150 55 83 56 83 1322 1494 1323 1495
662 1 -1
1151 18 59 19 59 1323 1495 1325 1497
663 3 -1
1154 82 24 83 24 1326 1498 1327 1499
664 1 -1
1156 48 75 50 75 1328 1500 1330 1502
665 3 -1
1157 80 66 83 68 1329 1501 1334 1506
666 3 -1
1158 54 64 57 65 1330 1502 1334 1506
667 1 -1
1159 81 37 81 38 1331 1503 1333 1505
668 0 -1
1164 86 1 86 3 1336 1508 1339 1511
669 0 -1
1166 57 45 57 48 1338 1510 1341 1513
670 1 -1
1169 48 45 48 46 1341 1513 1344 1516
671 2 -1
1170 77 90 77 92 1342 1514 1345 1517
672 1 -1
1171 59 33 68 33 1343 1515 1352 1524
673 0 -1
1172 0 5 1 5 1344 1516 1345 1517
674 0 -1
1174 15 38 19 40 1346 1518 1353 1525
675 1 -1
1175 87 23 88 24 1347 1519 1350 1522
676 3 -1
1176 73 93 74 93 1348 1520 1350 1522
677 3 -1
1177 28 17 30 17 1349 1521 1351 1523
678 1 -1
1179 11 0 12 0 1351 1523 1352 1524
679 2 -1
1186 70 81 70 81 1358 1530 1360 1532
680 2 -1
1187 70 35 70 36 1359 1531 1361 1533
681 0 -1
1188 3 42 4 42 1360 1532 1361 1533
682 0 -1
1190 98 9 98 10 1362 1534 1363 1535
683 3 -1
1191 92 11 92 12 1363 1535 1365 1537
684 0 -1
1194 34 5 35 6 1366 1538 1368 1540
685 2 -1
1195 88 23 89 24 1367 1539 1370 1542
686 0 -1
1197 67 10 68 12 1369 1541 1372 1544
687 3 -1
1198 71 62 72 65 1370 1542 1374 1546
688 2 -1
1201 8 98 12 98 1373 1545 1378 1550
689 3 -1
1202 20 78 21 78 1374 1546 1375 1547
690 3 -1
1203 90 72 90 72 1375 1547 1376 1548
691 2 -1
1205 90 39 93 39 1377 1549 1380 1552
692 0 -1
1207 66 82 70 82 1379 1551 1383 1555
693 0 -1
1208 23 41 24 41 1380 1552 1382 1554
694 3 -1
1209 39 27 39 28 1381 1553 1382 1554
695 3 -1
1211 45 46 48 46 1383 1555 1387 1559
696 1 -1
1214 17 54 22 55 1386 1558 1392 1564
697 0 -1
1217 7 72 9 72 1389 1561 1391 1563
698 2 -1
1218 33 1 34 1 1390 1562 1391 1563
699 0 -1
1219 8 78 15 78 1391 1563 1398 1570
700 0 -1
1220 33 85 34 85 1392 1564 1393 1565
701 0 -1
1222 25 39 28 39 1394 1566 1397 1569
702 2 -1
1223 10 61 14 61 1395 1567 1399 1571
703 0 -1
1226 26 81 26 82 1398 1570 1401 1573
704 0 -1
1227 40 19 41 19 1399 1571 1400 1572
705 1 -1
1229 23 14 23 14 1401 1573 1402 1574
706 1 -1
1230 57 62 58 65 1402 1574 1407 1579
707 0 -1
1231 70 44 70 44 1403 1575 1404 1576
708 2 -1
1233 39 94 40 95 1405 1577 1407 1579
709 3 -1
1235 74 79 74 79 1407 1579 1408 1580
710 1 -1
1236 45 36 48 37 1408 1580 1413 1585
711 3 -1
1237 44 40 48 41 1409 1581 1414 1586
712 2 -1
1238 99 94 96 95 1410 1582 1415 1587
713 1 -1
1240 51 46 55 46 1412 1584 1416 1588
714 2 -1
1241 68 91 69 91 1413 1585 1414 1586
715 1 -1
1242 86 45 94 45 1414 1586 1427 1599
716 2 -1
1243 47 91 49 91 1415 1587 1417 1589
717 1 -1
1244 9 68 13 68 1416 1588 1423 1595
718 0 -1
1246 98 66 92 67 1418 1590 1427 1599
719 0 -1
1250 58 87 58 87 1422 1594 1423 1595
720 3 -1
1254 8 44 8 48 1426 1598 1433 1605
721 3 -1
1255 45 74 46 74 1427 1599 1431 1603
722 1 -1
1258 86 67 97 68 1430 1602 1446 1618
723 2 -1
1259 95 22 97 23 1431 1603 1449 1621
724 0 -1
1260 33 69 35 70 1432 1604 1438 1610
725 3 -1
1261 30 51 31 55 1433 1605 1440 1612
726 2 -1
1263 27 35 33 35 1435 1607 1442 1614
727 3 -1
1264 93 53 95 55 1436 1608 1440 1612
728 2 -1
1265 47 90 49 90 1437 1609 1439 1611
729 1 -1
1266 73 87 74 87 1438 1610 1439 1611
730 1 -1
1268 74 44 75 45 1440 1612 1443 1615
731 2 -1
1276 12 4 12 4 1448 1620 1449 1621
732 3 -1
1277 20 10 20 14 1449 1621 1454 1626
733 0 -1
1281 68 33 68 33 1453 1625 1455 1627
734 1 -1
1284 94 99 95 100 1456 1628 1458 1630
735 0 -1
1287 39 26 41 26 1459 1631 1463 1635
736 0 -1
1290 99 97 94 97 1462 1634 1469 1641
737 2 -1
1291 21 27 21 28 1463 1635 1466 1638
738 2 -1
1292 71 25 72 47 1464 1636 1490 1662
739 2 -1
1297 12 81 14 82 1469 1641 1472 1644
740 2 -1
1298 73 28 73 29 1470 1642 1471 1643
741 0 -1
1299 6 66 6 66 1471 1643 1474 1646
742 0 -1
1300 57 69 58 69 1472 1644 1474 1646
743 0 -1
1307 34 80 34 81 1479 1651 1480 1652
744 1 -1
1309 65 45 66 46 1481 1653 1483 1655
745 0 -1
1312 87 65 87 65 1484 1656 1486 1658
746 0 -1
1313 73 3 74 3 1485 1657 1486 1658
747 2 -1
1314 66 24 68 25 1486 1658 1490 1662
748 3 -1
1315 26 87 26 89 1487 1659 1492 1664
749 0 -1
1316 38 8 39 8 1488 1660 1490 1662
750 0 -1
1317 93 13 94 14 1489 1661 1491 1663
751 3 -1
1318 71 36 72 38 1490 1662 1493 1665
752 3 -1
1319 87 25 88 25 1491 1663 1493 1665
753 0 -1
1320 68 76 68 77 1492 1664 1493 1665
754 3 -1
1321 65 98 67 98 1493 1665 1495 1667
755 0 -1
1323 51 63 53 63 1495 1667 1497 1669
756 2 -1
1324 76 96 80 96 1496 1668 1501 1673
757 1 -1
1325 54 12 60 12 1497 1669 1503 1675
758 2 -1
1326 87 27 88 27 1498 1670 1499 1671
759 2 -1
1327 56 30 59 37 1499 1671 1509 1681
760 3 -1
1329 91 56 93 56 1501 1673 1503 1675
761 3 -1
1332 17 18 18 19 1504 1676 1506 1678
762 3 -1
1333 81 3 81 3 1505 1677 1506 1678
763 2 -1
1335 93 2 97 7 1507 1679 1523 1695
764 1 -1
1336 92 55 93 55 1508 1680 1509 1681
765 0 -1
1338 67 53 69 54 1510 1682 1513 1685
766 2 -1
1340 72 34 76 36 1512 1684 1519 1691
767 1 -1
1342 71 64 72 65 1514 1686 1517 1689
768 2 -1
1344 6 54 7 55 1516 1688 1518 1690
769 3 -1
1345 21 30 22 30 1517 1689 1518 1690
770 3 -1
1347 63 55 66 55 1519 1691 1522 1694
771 1 -1
1348 26 42 29 43 1520 1692 1525 1697
772 2 -1
1349 60 59 61 64 1521 1693 1527 1699
773 0 -1
1354 58 42 59 42 1526 1698 1529 1701
774 0 -1
1355 6 49 10 49 1527 1699 1532 1704
775 3 -1
1359 86 99 91 99 1531 1703 1536 1708
776 2 -1
1362 81 11 81 13 1534 1706 1536 1708
777 3 -1
1365 52 35 53 35 1537 1709 1538 1710
778 0 -1
1368 10 97 10 99 1540 1712 1542 1714
779 3 -1
1369 21 23 56 23 1541 1713 1576 1748
780 0 -1
1370 23 64 24 65 1542 1714 1544 1716
781 1 -1
1372 51 63 55 63 1544 1716 1549 1721
782 1 -1
1374 21 38 23 38 1546 1718 1548 1720
783 0 -1
1375 69 75 75 75 1547 1719 1554 1726
784 0 -1
1376 99 46 99 46 1548 1720 1549 1721
785 2 -1
1377 63 57 63 57 1549 1721 1552 1724
786 3 -1
1378 26 35 27 35 1550 1722 1551 1723
787 1 -1
1379 46 3 49 4 1551 1723 1555 1727
788 2 -1
1381 81 86 81 86 1553 1725 1556 1728
789 3 -1
1382 44 22 45 24 1554 1726 1557 1729
790 3 -1
1383 25 25 26 25 1555 1727 1557 1729
791 2 -1
1385 98 12 94 14 1557 1729 1563 1735
792 2 -1
1386 10 10 12 10 1558 1730 1561 1733
793 2 -1
1387 2 60 3 69 1559 1731 1570 1742
794 0 -1
1388 40 89 42 89 1560 1732 1563 1735
795 1 -1
1389 35 1 37 1 1561 1733 1563 1735
796 1 -1
1390 4 3 4 4 1562 1734 1564 1736
797 3 -1
1391 11 47 12 48 1563 1735 1565 1737
798 3 -1
1393 27 40 29 40 1565 1737 1567 1739
799 3 -1
1395 71 75 75 79 1567 1739 1575 1747
800 2 -1
1396 5 10 6 10 1568 1740 1569 1741
801 0 -1
1400 92 46 95 46 1572 1744 1575 1747
802 1 -1
1401 57 33 58 35 1573 1745 1576 1748
803 1 -1
1402 64 31 68 32 1574 1746 1581 1753
804 0 -1
1403 54 73 56 73 1575 1747 1577 1749
805 1 -1
1406 87 59 88 59 1578 1750 1579 1751
806 0 -1
1411 38 64 39 64 1583 1755 1585 1757
807 2 -1
1412 77 28 83 28 1584 1756 1590 1762
808 0 -1
1413 68 29 68 30 1585 1757 1586 1758
809 2 -1
1414 17 38 17 40 1586 1758 1588 1760
810 2 -1
1415 78 97 80 97 1587 1759 1589 1761
811 0 -1
1417 94 14 94 14 1589 1761 1590 1762
812 1 -1
1418 76 54 76 57 1590 1762 1595 1767
813 2 -1
1419 13 3 18 4 1591 1763 1598 1770
814 2 -1
1420 74 85 77 88 1592 1764 1600 1772
815 0 -1
1423 92 38 93 38 1595 1767 1596 1768
816 2 -1
1426 88 30 89 30 1598 1770 1600 1772
817 0 -1
1428 80 58 83 58 1600 1772 1603 1775
818 3 -1
1429 40 99 42 99 1601 1773 1603 1775
819 2 -1
1430 36 57 36 57 1602 1774 1603 1775
820 0 -1
1431 87 49 90 49 1603 1775 1606 1778
821 0 -1
1432 52 20 52 21 1604 1776 1605 1777
822 0 -1
1434 31 75 31 76 1606 1778 1607 1779
823 2 -1
1435 9 61 11 66 1607 1779 1614 1786
824 1 -1
1436 23 54 25 54 1608 1780 1610 1782
825 3 -1
1438 52 79 52 81 1610 1782 1614 1786
826 1 -1
1439 29 85 29 85 1611 1783 1612 1784
827 2 -1
1440 99 89 97 90 1612 1784 1615 1787
828 2 -1
1441 27 81 31 83 1613 1785 1620 1792
829 2 -1
1442 4 32 4 33 1614 1786 1616 1788
830 3 -1
1443 51 37 56 37 1615 1787 1620 1792
831 1 -1
1444 86 26 86 28 1616 1788 1618 1790
832 0 -1
1446 33 5 34 9 1618 1790 1624 1796
833 3 -1
1447 69 33 70 34 1619 1791 1621 1793
834 2 -1
1448 67 2 69 2 1620 1792 1622 1794
835 3 -1
1452 45 39 45 39 1624 1796 1625 1797
836 2 -1
1454 72 70 72 70 1626 1798 1630 1802
837 3 -1
1455 77 17 78 18 1627 1799 1629 1801
838 0 -1
1456 77 96 78 96 1628 1800 1629 1801
839 3 -1
1457 76 70 82 70 1629 1801 1635 1807
840 2 -1
1458 90 26 96 27 1630 1802 1640 1812
841 3 -1
1461 91 22 91 23 1633 1805 1636 1808
842 1 -1
1462 42 51 43 53 1634 1806 1638 1810
843 2 -1
1463 0 27 0 28 1635 1807 1637 1809
844 1 -1
1465 65 61 65 62 1637 1809 1639 1811
845 2 -1
1466 1 61 2 61 1638 1810 1640 1812
846 3 -1
1468 57 4 58 4 1640 1812 1641 1813
847 0 -1
1469 93 16 94 17 1641 1813 1646 1818
848 2 -1
1470 15 14 15 15 1642 1814 1643 1815
849 3 -1
1472 63 94 63 97 1644 1816 1649 1821
850 0 -1
1473 40 2 43 3 1645 1817 1650 1822
851 1 -1
1474 41 19 46 20 1646 1818 1657 1829
852 3 -1
1475 41 99 41 99 1647 1819 1649 1821
853 0 -1
1478 17 99 19 97 1650 1822 1656 1828
854 0 -1
1479 1 90 3 90 1651 1823 1653 1825
855 3 -1
1481 19 66 20 67 1653 1825 1655 1827
856 2 -1
1483 89 9 92 11 1655 1827 1666 1838
857 1 -1
1486 28 12 33 12 1658 1830 1663 1835
858 2 -1
1487 76 11 76 11 1659 1831 1663 1835
859 1 -1
1493 50 78 50 78 1665 1837 1667 1839
860 1 -1
1495 15 47 16 47 1667 1839 1668 1840
861 1 -1
1496 14 64 15 66 1668 1840 1672 1844
862 2 -1
1497 22 34 23 37 1669 1841 1673 1845
863 1 -1
1499 61 17 62 17 1671 1843 1673 1845
864 0 -1
1500 90 1 91 2 1672 1844 1674 1846
865 3 -1
1501 93 93 97 96 1673 1845 1681 1853
866 0 -1
1502 90 47 92 48 1674 1846 1678 1850
867 1 -1
1504 84 11 88 13 1676 1848 1689 1861
868 2 -1
1505 38 28 44 28 1677 1849 1687 1859
869 2 -1
1506 92 3 93 4 1678 1850 1680 1852
870 1 -1
1507 61 83 63 84 1679 1851 1682 1854
871 2 -1
1508 41 13 41 13 1680 1852 1686 1858
872 1 -1
1509 33 18 34 18 1681 1853 1682 1854
873 2 -1
1511 54 88 56 88 1683 1855 1685 1857
874 0 -1
1513 63 82 68 82 1685 1857 1690 1862
875 2 -1
1515 37 86 37 86 1687 1859 1688 1860
876 1 -1
1516 88 11 89 12 1688 1860 1691 1863
877 0 -1
1517 67 16 70 16 1689 1861 1692 1864
878 0 -1
1518 92 16 94 16 1690 1862 1693 1865
879 2 -1
1519 78 11 78 11 1691 1863 1692 1864
880 2 -1
1521 49 87 50 88 1693 1865 1697 1869
881 3 -1
1522 24 37 26 37 1694 1866 1696 1868
882 1 -1
1523 53 90 55 90 1695 1867 1697 1869
883 3 -1
1527 91 53 92 56 1699 1871 1703 1875
884 1 -1
1528 27 67 27 68 1700 1872 1701 1873
885 1 -1
1533 87 2 87 2 1705 1877 1706 1878
886 1 -1
1534 99 75 94 76 1706 1878 1715 1887
887 1 -1
1535 0 39 2 40 1707 1879 1710 1882
888 2 -1
1536 92 77 92 78 1708 1880 1710 1882
889 0 -1
1538 60 34 62 35 1710 1882 1714 1886
890 1 -1
1540 61 92 62 92 1712 1884 1713 1885
891 3 -1
1543 11 1 14 1 1715 1887 1718 1890
892 0 -1
1544 41 29 43 29 1716 1888 1718 1890
893 2 -1
1545 83 15 84 15 1717 1889 1719 1891
894 1 -1
1547 15 62 15 63 1719 1891 1724 1896
895 1 -1
1550 19 33 20 34 1722 1894 1724 1896
896 3 -1
1551 54 40 55 40 1723 1895 1725 1897
897 2 -1
1552 45 84 48 84 1724 1896 1729 1901
898 1 -1
1554 48 1 52 1 1726 1898 1730 1902
899 1 -1
1555 30 25 31 25 1727 1899 1729 1901
900 1 -1
1556 12 37 14 37 1728 1900 1730 1902
901 1 -1
1559 98 73 95 73 1731 1903 1737 1909
902 0 -1
1560 49 58 51 58 1732 1904 1738 1910
903 0 -1
1562 61 96 62 96 1734 1906 1736 1908
904 2 -1
1563 91 82 98 82 1735 1907 1745 1917
905 1 -1
1564 96 53 98 53 1736 1908 1738 1910
906 1 -1
1566 15 96 15 96 1738 1910 1740 1912
907 3 -1
1567 65 39 67 41 1739 1911 1743 1915
908 1 -1
1573 46 60 51 62 1745 1917 1753 1925
909 3 -1
1575 85 86 85 87 1747 1919 1748 1920
910 2 -1
1576 18 93 18 94 1748 1920 1750 1922
911 2 -1
1577 68 36 70 36 1749 1921 1751 1923
912 3 -1
1579 34 96 35 97 1751 1923 1754 1926
913 2 -1
1580 70 16 72 16 1752 1924 1754 1926
914 3 -1
1582 63 27 63 27 1754 1926 1755 1927
915 3 -1
1584 77 29 78 29 1756 1928 1757 1929
916 2 -1
1587 97 48 91 53 1759 1931 1771 1943
917 3 -1
1588 2 25 5 26 1760 1932 1764 1936
918 3 -1
1589 44 10 44 12 1761 1933 1763 1935
919 1 -1
1590 24 19 25 19 1762 1934 1765 1937
920 3 -1
1591 14 81 16 81 1763 1935 1768 1940
921 3 -1
1593 44 10 47 10 1765 1937 1769 1941
922 3 -1
1594 20 55 21 56 1766 1938 1768 1940
923 2 -1
1596 39 40 40 41 1768 1940 1770 1942
924 0 -1
1598 25 81 26 81 1770 1942 1771 1943
925 1 -1
1599 21 38 22 39 1771 1943 1775 1947
926 2 -1
1600 45 79 45 80 1772 1944 1773 1945
927 2 -1
1603 85 80 85 80 1775 1947 1776 1948
928 3 -1
1606 92 6 93 7 1778 1950 1780 1952
929 0 -1
1608 27 20 27 20 1780 1952 1781 1953
930 3 -1
1609 67 17 68 18 1781 1953 1783 1955
931 2 -1
1610 2 80 3 80 1782 1954 1783 1955
932 1 -1
1611 15 11 16 12 1783 1955 1785 1957
933 2 -1
1613 68 35 69 35 1785 1957 1787 1959
934 1 -1
1615 35 58 36 58 1787 1959 1788 1960
935 3 -1
1618 43 28 44 29 1790 1962 1793 1965
936 3 -1
1620 84 11 88 11 1792 1964 1797 1969
937 1 -1
1621 40 48 45 50 1793 1965 1800 1972
938 3 -1
1623 5 27 10 27 1795 1967 1800 1972
939 3 -1
1624 64 48 64 49 1796 1968 1797 1969
940 2 -1
1625 90 15 92 15 1797 1969 1800 1972
941 2 -1
1626 52 98 54 98 1798 1970 1800 1972
942 1 -1
1627 19 9 20 20 1799 1971 1812 1984
943 2 -1
1629 58 3 59 3 1801 1973 1802 1974
944 1 -1
1631 16 57 18 57 1803 1975 1805 1977
945 2 -1
1633 76 69 82 73 1805 1977 1815 1987
946 2 -1
1634 20 98 21 98 1806 1978 1808 1980
947 3 -1
1637 45 69 46 69 1809 1981 1810 1982
948 1 -1
1638 40 77 41 77 1810 1982 1813 1985
949 0 -1
1640 66 15 75 15 1812 1984 1822 1994
950 0 -1
1641 91 62 92 62 1813 1985 1816 1988
951 3 -1
1642 99 61 95 61 1814 1986 1818 1990
952 2 -1
1645 26 45 26 46 1817 1989 1818 1990
953 2 -1
1648 89 69 89 71 1820 1992 1822 1994
954 0 -1
1649 99 71 99 73 1821 1993 1823 1995
955 0 -1
1650 79 51 79 51 1822 1994 1823 1995
956 2 -1
1656 0 99 0 96 1828 2000 1832 2004
957 3 -1
1657 58 37 58 38 1829 2001 1832 2004
958 3 -1
1659 64 54 64 56 1831 2003 1835 2007
959 1 -1
1660 17 74 20 75 1832 2004 1836 2008
960 2 -1
1661 5 13 7 14 1833 2005 1840 2012
961 1 -1
1662 43 90 50 90 1834 2006 1841 2013
962 3 -1
1663 4 75 7 77 1835 2007 1842 2014
963 3 -1
1664 82 96 82 97 1836 2008 1838 2010
964 2 -1
1665 7 41 7 42 1837 2009 1838 2010
965 2 -1
1668 87 61 87 64 1840 2012 1843 2015
966 0 -1
1671 91 8 97 9 1843 2015 1851 2023
967 2 -1
1672 48 95 49 95 1844 2016 1845 2017
968 2 -1
1673 90 9 94 10 1845 2017 1850 2022
969 3 -1
1675 34 27 35 27 1847 2019 1848 2020
970 0 -1
1676 80 85 81 85 1848 2020 1851 2023
971 3 -1
1678 92 25 93 27 1850 2022 1853 2025
972 1 -1
1679 81 5 84 7 1851 2023 1858 2030
973 1 -1
1680 15 20 18 20 1852 2024 1856 2028
974 3 -1
1683 24 96 27 97 1855 2027 1862 2034
975 0 -1
1685 57 83 60 83 1857 2029 1860 2032
976 0 -1
1686 64 13 74 13 1858 2030 1868 2040
977 1 -1
1687 16 34 20 34 1859 2031 1863 2035
978 1 -1
1688 4 91 6 95 1860 2032 1866 2038
979 2 -1
1690 18 19 18 20 1862 2034 1866 2038
980 3 -1
1691 54 78 54 80 1863 2035 1865 2037
981 3 -1
1692 76 15 77 16 1864 2036 1867 2039
982 2 -1
1694 84 46 84 47 1866 2038 1867 2039
983 0 -1
1695 53 22 55 24 1867 2039 1871 2043
984 3 -1
1696 69 15 72 15 1868 2040 1871 2043
985 0 -1
1697 94 63 94 63 1869 2041 1871 2043
986 1 -1
1698 42 64 43 65 1870 2042 1872 2044
987 2 -1
1700 84 87 86 87 1872 2044 1874 2046
988 2 -1
1702 7 47 21 47 1874 2046 1888 2060
989 2 -1
1703 14 37 14 37 1875 2047 1876 2048
990 2 -1
1704 21 43 24 43 1876 2048 1879 2051
991 1 -1
1709 15 77 15 77 1881 2053 1884 2056
992 3 -1
1712 9 66 12 66 1884 2056 1887 2059
993 2 -1
1714 89 53 89 53 1886 2058 1887 2059
994 3 -1
1717 27 62 29 64 1889 2061 1893 2065
995 0 -1
1718 44 79 46 79 1890 2062 1892 2064
996 3 -1
1720 26 38 28 38 1892 2064 1898 2070
997 2 -1
1722 14 24 15 24 1894 2066 1895 2067
998 3 -1
1723 71 30 72 31 1895 2067 1897 2069
999 3 -1
1725 46 21 46 23 1897 2069 1899 2071
1000 0 -1
1726 4 15 6 15 1898 2070 1901 2073
