100 100 2073
1
0 36 36
72
0 0 13 100 6
0
1 0 22 100 6
0
2 0 33 100 6
0
3 0 45 100 6
0
4 0 57 100 6
0
5 0 69 100 6
0
6 0 82 100 6
0
7 0 93 100 6
0
8 0 107 100 6
0
9 0 119 100 6
0
10 0 137 100 6
0
11 0 151 100 6
0
12 0 161 100 6
0
13 0 171 100 6
0
14 0 183 100 6
0
15 0 196 100 6
0
16 0 205 100 6
0
17 0 220 100 6
0
18 0 234 100 6
0
19 0 244 100 6
0
20 0 256 100 6
0
21 0 269 100 6
0
22 0 277 100 6
0
23 0 290 100 6
0
24 0 302 100 6
0
25 0 315 100 6
0
26 0 326 100 6
0
27 0 339 100 6
0
28 0 351 100 6
0
29 0 364 100 6
0
30 0 380 100 6
0
31 0 398 100 6
0
32 0 409 100 6
0
33 0 422 100 6
0
34 0 439 100 6
0
35 0 455 100 6
0
36 0 465 100 6
0
37 0 476 100 6
0
38 0 485 100 6
0
39 0 498 100 6
0
40 0 508 100 6
0
41 0 523 100 6
0
42 0 534 100 6
0
43 0 544 100 6
0
44 0 555 100 6
0
45 0 570 100 6
0
46 0 584 100 6
0
47 0 597 100 6
0
48 0 611 100 6
0
49 0 623 100 6
0
50 0 633 100 6
0
51 0 646 100 6
0
52 0 658 100 6
0
53 0 667 100 6
0
54 0 683 100 6
0
55 0 696 100 6
0
56 0 708 100 6
0
57 0 718 100 6
0
58 0 728 100 6
0
59 0 741 100 6
0
60 0 753 100 6
0
61 0 767 100 6
0
62 0 779 100 6
0
63 0 791 100 6
0
64 0 808 100 6
0
65 0 818 100 6
0
66 0 827 100 6
0
67 0 843 100 6
0
68 0 857 100 6
0
69 0 870 100 6
0
70 0 882 100 6
0
71 0 891 100 6
0
1000
1 0 -1
2 43 32 46 32 174 346 177 349
2 0 -1
5 17 79 21 80 177 349 182 354
3 0 -1
7 92 78 92 81 179 351 183 355
4 0 -1
8 1 96 8 96 180 352 189 361
5 0 -1
9 61 93 63 94 181 353 187 359
6 0 -1
10 18 13 20 13 182 354 186 358
7 0 -1
11 73 76 77 76 183 355 189 361
8 0 -1
12 26 69 27 69 184 356 186 358
9 0 -1
13 21 66 23 66 185 357 187 359
10 0 -1
14 93 9 94 9 186 358 189 361
11 0 -1
15 64 18 65 21 187 359 193 365
12 0 -1
17 11 77 15 77 189 361 193 365
13 0 -1
18 9 32 15 32 190 362 196 368
14 0 -1
19 63 9 63 9 191 363 192 364
15 0 -1
20 88 64 89 64 192 364 194 366
16 0 -1
21 79 38 79 40 193 365 195 367
17 0 -1
22 98 44 94 44 194 366 198 370
18 0 -1
24 22 0 24 0 196 368 198 370
19 0 -1
29 59 91 63 91 201 373 207 379
20 0 -1
30 73 10 75 10 202 374 204 376
21 0 -1
31 97 39 99 39 203 375 205 377
22 0 -1
33 98 2 92 2 205 377 211 383
23 0 -1
35 13 67 14 67 207 379 208 380
24 0 -1
36 24 99 26 99 208 380 210 382
25 0 -1
39 24 3 25 3 211 383 212 384
26 0 -1
40 16 13 17 13 212 384 213 385
27 0 -1
41 50 50 51 51 213 385 215 387
28 0 -1
42 72 13 73 13 214 386 215 387
29 0 -1
43 64 42 65 42 215 387 216 388
30 0 -1
45 36 53 38 53 217 389 219 391
31 0 -1
49 86 61 89 61 221 393 224 396
32 0 -1
52 83 48 85 50 224 396 231 403
33 0 -1
53 49 41 52 42 225 397 230 402
34 0 -1
54 10 52 11 52 226 398 227 399
35 0 -1
56 71 42 84 43 228 400 245 417
36 0 -1
57 31 51 32 51 229 401 231 403
37 0 -1
59 45 12 45 12 231 403 232 404
38 0 -1
61 11 3 12 3 233 405 235 407
39 0 -1
62 74 6 81 6 234 406 242 414
40 0 -1
64 50 96 69 96 236 408 255 427
41 0 -1
69 98 50 99 50 241 413 243 415
42 0 -1
71 3 25 5 26 243 415 251 423
43 0 -1
73 38 43 40 45 245 417 250 422
44 0 -1
76 87 15 90 15 248 420 251 423
45 0 -1
78 29 92 31 92 250 422 252 424
46 0 -1
80 91 60 93 61 252 424 255 427
47 0 -1
81 66 17 68 17 253 425 255 427
48 0 -1
82 29 10 31 14 254 426 260 432
49 0 -1
83 84 28 89 28 255 427 260 432
50 0 -1
84 13 56 14 56 256 428 257 429
51 0 -1
86 29 18 36 19 258 430 268 440
52 0 -1
87 10 75 11 75 259 431 260 432
53 0 -1
90 92 48 92 49 262 434 263 435
54 0 -1
91 13 25 16 26 263 435 267 439
55 0 -1
92 89 15 89 16 264 436 265 437
56 0 -1
93 5 16 6 16 265 437 268 440
57 0 -1
94 65 72 71 72 266 438 272 444
58 0 -1
96 36 47 36 47 268 440 270 442
59 0 -1
103 50 20 50 22 275 447 278 450
60 0 -1
105 56 77 58 77 277 449 279 451
61 0 -1
106 70 86 70 91 278 450 288 460
62 0 -1
107 93 25 93 27 279 451 282 454
63 0 -1
108 71 60 74 61 280 452 288 460
64 0 -1
110 35 92 39 92 282 454 290 462
65 0 -1
111 77 69 78 69 283 455 284 456
66 0 -1
114 63 51 69 51 286 458 292 464
67 0 -1
115 52 19 56 20 287 459 292 464
68 0 -1
116 82 60 90 63 288 460 300 472
69 0 -1
119 61 55 63 55 291 463 294 466
70 0 -1
120 69 52 69 53 292 464 293 465
71 0 -1
122 69 87 69 88 294 466 298 470
72 0 -1
123 0 0 2 0 295 467 298 470
73 0 -1
124 4 6 6 7 296 468 300 472
74 0 -1
127 95 49 96 49 299 471 300 472
75 0 -1
128 16 12 17 17 300 472 319 491
76 0 -1
130 90 8 90 9 302 474 303 475
77 0 -1
132 11 31 13 31 304 476 319 491
78 0 -1
134 21 37 21 38 306 478 307 479
79 0 -1
135 52 25 53 33 307 479 318 490
80 0 -1
136 84 87 85 88 308 480 310 482
81 0 -1
139 8 1 8 2 311 483 312 484
82 0 -1
140 93 10 95 11 312 484 316 488
83 0 -1
141 12 60 17 60 313 485 318 490
84 0 -1
144 13 99 15 100 316 488 321 493
85 0 -1
145 16 91 16 91 317 489 319 491
86 0 -1
146 18 22 18 23 318 490 319 491
87 0 -1
147 58 59 58 60 319 491 320 492
88 0 -1
148 3 8 4 8 320 492 321 493
89 0 -1
149 57 1 57 1 321 493 323 495
90 0 -1
150 33 77 34 79 322 494 328 500
91 0 -1
153 73 48 73 48 325 497 326 498
92 0 -1
154 60 3 64 3 326 498 330 502
93 0 -1
155 83 86 83 86 327 499 331 503
94 0 -1
156 97 67 94 69 328 500 333 505
95 0 -1
157 48 83 52 84 329 501 334 506
96 0 -1
160 52 80 56 82 332 504 338 510
97 0 -1
162 67 16 67 17 334 506 335 507
98 0 -1
163 40 83 41 83 335 507 336 508
99 0 -1
166 5 97 5 99 338 510 340 512
100 0 -1
167 51 94 55 95 339 511 344 516
101 0 -1
168 60 67 60 68 340 512 342 514
102 0 -1
169 47 14 51 15 341 513 346 518
103 0 -1
170 99 77 98 80 342 514 347 519
104 0 -1
172 35 86 40 86 344 516 349 521
105 0 -1
173 6 58 10 59 345 517 350 522
106 0 -1
174 58 6 60 6 346 518 348 520
107 0 -1
179 6 21 6 21 351 523 352 524
108 0 -1
183 58 77 61 77 355 527 360 532
109 0 -1
184 24 68 25 68 356 528 358 530
110 0 -1
185 17 29 19 29 357 529 359 531
111 0 -1
186 74 12 82 13 358 530 367 539
112 0 -1
187 73 56 78 56 359 531 365 537
113 0 -1
189 68 27 70 28 361 533 366 538
114 0 -1
190 45 18 50 18 362 534 367 539
115 0 -1
193 62 17 63 17 365 537 366 538
116 0 -1
196 71 85 71 85 368 540 370 542
117 0 -1
197 67 51 67 51 369 541 370 542
118 0 -1
198 30 6 31 23 370 542 388 560
119 0 -1
199 85 10 86 10 371 543 372 544
120 0 -1
200 83 60 84 61 372 544 374 546
121 0 -1
201 76 25 76 25 373 545 374 546
122 0 -1
204 27 9 28 9 376 548 377 549
123 0 -1
208 54 97 54 98 380 552 381 553
124 0 -1
209 51 79 51 79 381 553 382 554
125 0 -1
211 64 50 65 52 383 555 386 558
126 0 -1
212 53 49 55 49 384 556 386 558
127 0 -1
213 65 77 73 77 385 557 393 565
128 0 -1
214 38 93 43 93 386 558 391 563
129 0 -1
218 48 22 48 26 390 562 397 569
130 0 -1
219 4 26 4 28 391 563 393 565
131 0 -1
224 18 95 20 96 396 568 399 571
132 0 -1
225 16 5 16 7 397 569 399 571
133 0 -1
229 64 93 70 93 401 573 407 579
134 0 -1
230 56 23 57 23 402 574 403 575
135 0 -1
231 37 8 38 8 403 575 406 578
136 0 -1
236 3 88 5 88 408 580 410 582
137 0 -1
237 88 28 89 29 409 581 411 583
138 0 -1
240 34 46 37 48 412 584 423 595
139 0 -1
242 84 56 84 58 414 586 416 588
140 0 -1
244 76 20 77 21 416 588 421 593
141 0 -1
245 55 80 57 82 417 589 423 595
142 0 -1
246 4 83 7 83 418 590 421 593
143 0 -1
247 25 26 26 28 419 591 422 594
144 0 -1
248 13 84 15 84 420 592 423 595
145 0 -1
250 2 92 4 92 422 594 424 596
146 0 -1
251 29 59 32 59 423 595 426 598
147 0 -1
253 11 90 11 90 425 597 426 598
148 0 -1
255 92 46 94 46 427 599 429 601
149 0 -1
256 83 3 84 4 428 600 432 604
150 0 -1
257 14 76 14 77 429 601 433 605
151 0 -1
258 80 48 80 49 430 602 431 603
152 0 -1
260 12 89 14 89 432 604 434 606
153 0 -1
261 3 48 7 50 433 605 445 617
154 0 -1
266 67 66 68 69 438 610 442 614
155 0 -1
267 55 3 58 3 439 611 442 614
156 0 -1
268 81 12 81 13 440 612 442 614
157 0 -1
269 48 94 48 95 441 613 442 614
158 0 -1
271 0 13 1 13 443 615 449 621
159 0 -1
272 76 77 77 77 444 616 445 617
160 0 -1
274 47 57 54 57 446 618 459 631
161 0 -1
277 20 32 22 32 449 621 451 623
162 0 -1
278 38 80 42 82 450 622 456 628
163 0 -1
279 78 4 80 6 451 623 455 627
164 0 -1
280 65 64 68 64 452 624 455 627
165 0 -1
283 82 31 82 31 455 627 456 628
166 0 -1
285 70 19 70 22 457 629 460 632
167 0 -1
286 62 35 62 37 458 630 461 633
168 0 -1
289 2 25 4 25 461 633 464 636
169 0 -1
293 25 25 26 26 465 637 469 641
170 0 -1
294 37 25 41 25 466 638 470 642
171 0 -1
295 86 67 88 67 467 639 469 641
172 0 -1
296 12 55 12 55 468 640 472 644
173 0 -1
303 67 0 67 1 475 647 484 656
174 0 -1
305 52 68 55 69 477 649 482 654
175 0 -1
306 5 49 6 49 478 650 479 651
176 0 -1
307 29 88 29 90 479 651 481 653
177 0 -1
310 0 0 0 2 482 654 486 658
178 0 -1
311 68 22 70 23 483 655 487 659
179 0 -1
312 63 88 66 92 484 656 493 665
180 0 -1
313 95 96 95 97 485 657 486 658
181 0 -1
315 29 24 29 24 487 659 489 661
182 0 -1
320 1 32 14 33 492 664 508 680
183 0 -1
321 44 48 45 50 493 665 496 668
184 0 -1
323 42 0 54 0 495 667 508 680
185 0 -1
325 84 75 91 75 497 669 505 677
186 0 -1
326 99 78 99 78 498 670 499 671
187 0 -1
327 17 65 17 67 499 671 502 674
188 0 -1
328 3 87 7 87 500 672 505 677
189 0 -1
329 3 15 5 16 501 673 504 676
190 0 -1
330 14 84 16 85 502 674 507 679
191 0 -1
337 13 87 19 89 509 681 522 694
192 0 -1
340 84 53 84 55 512 684 515 687
193 0 -1
342 22 33 22 33 514 686 515 687
194 0 -1
343 35 9 36 11 515 687 518 690
195 0 -1
345 62 62 66 64 517 689 529 701
196 0 -1
349 9 19 10 19 521 693 522 694
197 0 -1
351 85 50 85 50 523 695 524 696
198 0 -1
354 46 64 51 65 526 698 532 704
199 0 -1
356 67 92 68 92 528 700 529 701
200 0 -1
357 62 89 64 91 529 701 533 705
201 0 -1
358 33 34 35 39 530 702 537 709
202 0 -1
359 69 86 72 86 531 703 534 706
203 0 -1
360 37 3 39 3 532 704 534 706
204 0 -1
361 61 74 66 74 533 705 539 711
205 0 -1
363 54 49 54 49 535 707 536 708
206 0 -1
364 13 60 14 60 536 708 537 709
207 0 -1
365 32 51 32 52 537 709 539 711
208 0 -1
367 17 16 23 16 539 711 545 717
209 0 -1
371 58 93 59 93 543 715 544 716
210 0 -1
372 61 93 67 94 544 716 552 724
211 0 -1
373 20 7 22 8 545 717 548 720
212 0 -1
374 16 87 17 87 546 718 547 719
213 0 -1
375 59 45 60 45 547 719 548 720
214 0 -1
377 70 51 70 51 549 721 550 722
215 0 -1
379 86 36 87 36 551 723 552 724
216 0 -1
380 3 33 3 34 552 724 553 725
217 0 -1
381 99 22 97 25 553 725 558 730
218 0 -1
382 41 48 42 49 554 726 556 728
219 0 -1
383 68 34 69 34 555 727 556 728
220 0 -1
388 43 47 44 47 560 732 561 733
221 0 -1
391 63 63 65 63 563 735 565 737
222 0 -1
392 66 61 68 61 564 736 566 738
223 0 -1
394 16 66 17 66 566 738 569 741
224 0 -1
396 25 19 30 19 568 740 573 745
225 0 -1
397 37 56 38 56 569 741 570 742
226 0 -1
400 8 36 9 37 572 744 574 746
227 0 -1
401 53 12 53 12 573 745 575 747
228 0 -1
403 35 90 40 90 575 747 580 752
229 0 -1
404 14 69 14 69 576 748 578 750
230 0 -1
407 39 87 39 88 579 751 580 752
231 0 -1
408 89 83 91 84 580 752 583 755
232 0 -1
411 39 70 39 70 583 755 585 757
233 0 -1
412 20 30 20 30 584 756 585 757
234 0 -1
414 61 7 61 8 586 758 587 759
235 0 -1
418 55 31 56 31 590 762 591 763
236 0 -1
420 47 73 48 73 592 764 593 765
237 0 -1
421 62 3 64 3 593 765 595 767
238 0 -1
423 84 15 84 15 595 767 596 768
239 0 -1
426 65 44 67 47 598 770 603 775
240 0 -1
428 87 31 89 31 600 772 602 774
241 0 -1
433 47 37 47 39 605 777 607 779
242 0 -1
437 89 51 89 52 609 781 610 782
243 0 -1
439 63 11 64 12 611 783 613 785
244 0 -1
441 76 92 77 93 613 785 621 793
245 0 -1
446 15 5 17 5 618 790 622 794
246 0 -1
448 42 4 43 6 620 792 623 795
247 0 -1
450 42 1 47 2 622 794 630 802
248 0 -1
452 45 25 48 25 624 796 627 799
249 0 -1
455 37 81 37 84 627 799 630 802
250 0 -1
460 96 18 98 22 632 804 638 810
251 0 -1
461 26 74 27 74 633 805 635 807
252 0 -1
462 54 69 57 69 634 806 637 809
253 0 -1
464 52 71 54 71 636 808 638 810
254 0 -1
469 65 2 66 3 641 813 643 815
255 0 -1
471 25 39 30 43 643 815 654 826
256 0 -1
475 90 50 92 50 647 819 649 821
257 0 -1
478 81 11 84 11 650 822 654 826
258 0 -1
479 70 72 71 73 651 823 653 825
259 0 -1
480 78 1 79 2 652 824 660 832
260 0 -1
481 78 61 83 61 653 825 659 831
261 0 -1
482 18 63 18 64 654 826 655 827
262 0 -1
484 37 12 40 12 656 828 660 832
263 0 -1
486 53 0 56 0 658 830 661 833
264 0 -1
488 96 46 98 46 660 832 663 835
265 0 -1
489 73 1 74 2 661 833 674 846
266 0 -1
491 53 1 54 2 663 835 665 837
267 0 -1
493 34 42 34 42 665 837 666 838
268 0 -1
496 8 56 9 56 668 840 669 841
269 0 -1
501 3 10 3 12 673 845 675 847
270 0 -1
502 74 64 75 67 674 846 678 850
271 0 -1
505 39 49 41 49 677 849 679 851
272 0 -1
506 98 4 98 8 678 850 683 855
273 0 -1
507 50 33 50 35 679 851 683 855
274 0 -1
509 76 1 77 1 681 853 682 854
275 0 -1
511 66 66 68 66 683 855 685 857
276 0 -1
512 43 59 44 59 684 856 685 857
277 0 -1
515 33 81 34 81 687 859 690 862
278 0 -1
516 28 21 35 27 688 860 701 873
279 0 -1
517 35 58 35 60 689 861 693 865
280 0 -1
518 63 69 63 69 690 862 692 864
281 0 -1
520 23 34 24 34 692 864 693 865
282 0 -1
522 69 34 69 37 694 866 703 875
283 0 -1
523 80 26 81 26 695 867 696 868
284 0 -1
525 17 17 18 17 697 869 699 871
285 0 -1
526 32 42 32 43 698 870 700 872
286 0 -1
528 70 90 72 90 700 872 705 877
287 0 -1
530 61 89 62 91 702 874 706 878
288 0 -1
533 37 61 37 62 705 877 707 879
289 0 -1
535 4 10 4 11 707 879 710 882
290 0 -1
536 70 43 71 43 708 880 710 882
291 0 -1
537 50 15 50 15 709 881 710 882
292 0 -1
538 54 42 57 42 710 882 713 885
293 0 -1
540 68 22 68 23 712 884 716 888
294 0 -1
541 51 98 53 98 713 885 716 888
295 0 -1
542 77 23 77 25 714 886 722 894
296 0 -1
543 30 17 31 17 715 887 717 889
297 0 -1
546 45 68 46 69 718 890 720 892
298 0 -1
547 6 50 8 50 719 891 721 893
299 0 -1
550 17 56 17 56 722 894 723 895
300 0 -1
552 21 81 21 84 724 896 727 899
301 0 -1
553 26 42 27 42 725 897 727 899
302 0 -1
555 94 52 97 52 727 899 732 904
303 0 -1
556 22 16 22 18 728 900 730 902
304 0 -1
558 53 19 54 19 730 902 731 903
305 0 -1
559 74 87 76 87 731 903 736 908
306 0 -1
560 18 7 18 8 732 904 734 906
307 0 -1
562 19 99 19 99 734 906 735 907
308 0 -1
565 36 68 40 68 737 909 741 913
309 0 -1
566 72 73 72 76 738 910 742 914
310 0 -1
567 82 37 82 38 739 911 740 912
311 0 -1
570 35 37 36 40 742 914 746 918
312 0 -1
572 99 90 98 91 744 916 747 919
313 0 -1
573 0 76 2 77 745 917 748 920
314 0 -1
575 23 51 25 51 747 919 749 921
315 0 -1
577 75 19 76 19 749 921 750 922
316 0 -1
578 35 14 37 14 750 922 752 924
317 0 -1
579 93 31 96 33 751 923 756 928
318 0 -1
580 70 13 71 13 752 924 753 925
319 0 -1
585 48 49 48 51 757 929 760 932
320 0 -1
588 79 16 81 19 760 932 765 937
321 0 -1
589 31 85 31 93 761 933 776 948
322 0 -1
592 22 30 22 31 764 936 765 937
323 0 -1
594 29 17 29 18 766 938 768 940
324 0 -1
595 24 4 39 4 767 939 782 954
325 0 -1
596 82 88 83 91 768 940 772 944
326 0 -1
597 87 80 91 82 769 941 777 949
327 0 -1
599 54 5 61 6 771 943 779 951
328 0 -1
600 98 61 99 62 772 944 775 947
329 0 -1
601 35 88 35 88 773 945 775 947
330 0 -1
603 91 30 91 31 775 947 777 949
331 0 -1
608 43 2 46 2 780 952 783 955
332 0 -1
609 21 95 22 95 781 953 782 954
333 0 -1
610 85 49 88 49 782 954 787 959
334 0 -1
611 88 20 89 22 783 955 787 959
335 0 -1
613 65 0 69 2 785 957 793 965
336 0 -1
614 75 46 78 49 786 958 792 964
337 0 -1
615 20 15 21 15 787 959 788 960
338 0 -1
616 84 8 86 8 788 960 790 962
339 0 -1
619 79 81 79 83 791 963 796 968
340 0 -1
620 73 59 74 60 792 964 794 966
341 0 -1
621 16 23 16 26 793 965 798 970
342 0 -1
622 59 59 59 62 794 966 797 969
343 0 -1
623 64 51 65 51 795 967 797 969
344 0 -1
624 23 96 24 96 796 968 797 969
345 0 -1
625 57 75 58 76 797 969 799 971
346 0 -1
628 68 68 68 69 800 972 801 973
347 0 -1
629 62 91 65 92 801 973 806 978
348 0 -1
630 82 18 82 18 802 974 803 975
349 0 -1
634 49 33 50 33 806 978 807 979
350 0 -1
635 30 64 30 66 807 979 809 981
351 0 -1
636 33 37 34 38 808 980 810 982
352 0 -1
637 60 57 61 57 809 981 811 983
353 0 -1
639 26 52 27 52 811 983 812 984
354 0 -1
640 74 13 74 14 812 984 814 986
355 0 -1
641 49 86 50 86 813 985 815 987
356 0 -1
643 5 62 11 62 815 987 821 993
357 0 -1
645 50 31 51 31 817 989 819 991
358 0 -1
646 76 41 77 41 818 990 820 992
359 0 -1
648 36 39 36 40 820 992 821 993
360 0 -1
649 87 13 95 15 821 993 831 1003
361 0 -1
650 74 82 75 82 822 994 823 995
362 0 -1
651 31 88 33 89 823 995 827 999
363 0 -1
652 3 57 5 69 824 996 839 1011
364 0 -1
653 38 50 38 51 825 997 826 998
365 0 -1
656 0 55 0 55 828 1000 829 1001
366 0 -1
662 61 33 63 33 834 1006 836 1008
367 0 -1
663 59 11 59 13 835 1007 843 1015
368 0 -1
664 28 12 30 12 836 1008 838 1010
369 0 -1
665 12 28 12 28 837 1009 838 1010
370 0 -1
666 73 58 75 58 838 1010 840 1012
371 0 -1
667 46 41 47 43 839 1011 842 1014
372 0 -1
669 67 8 68 8 841 1013 842 1014
373 0 -1
672 96 60 97 63 844 1016 848 1020
374 0 -1
673 71 66 72 67 845 1017 847 1019
375 0 -1
674 0 46 0 49 846 1018 850 1022
376 0 -1
675 78 2 80 5 847 1019 852 1024
377 0 -1
678 86 40 87 41 850 1022 854 1026
378 0 -1
679 28 29 29 29 851 1023 854 1026
379 0 -1
680 83 8 84 12 852 1024 858 1030
380 0 -1
681 94 34 95 35 853 1025 855 1027
381 0 -1
682 46 36 47 37 854 1026 856 1028
382 0 -1
684 22 28 23 28 856 1028 858 1030
383 0 -1
685 61 56 63 58 857 1029 862 1034
384 0 -1
687 50 71 51 71 859 1031 864 1036
385 0 -1
688 56 24 58 24 860 1032 862 1034
386 0 -1
689 45 36 45 36 861 1033 863 1035
387 0 -1
690 19 15 20 16 862 1034 864 1036
388 0 -1
691 48 23 50 23 863 1035 865 1037
389 0 -1
692 85 2 87 2 864 1036 866 1038
390 0 -1
694 14 81 15 83 866 1038 869 1041
391 0 -1
696 53 23 53 24 868 1040 870 1042
392 0 -1
698 46 64 51 64 870 1042 875 1047
393 0 -1
700 6 62 6 62 872 1044 873 1045
394 0 -1
701 62 10 62 11 873 1045 874 1046
395 0 -1
702 52 36 52 36 874 1046 881 1053
396 0 -1
703 82 24 84 24 875 1047 877 1049
397 0 -1
704 45 14 45 14 876 1048 878 1050
398 0 -1
705 17 51 19 51 877 1049 881 1053
399 0 -1
706 44 62 45 63 878 1050 880 1052
400 0 -1
707 61 40 64 41 879 1051 883 1055
401 0 -1
708 14 3 14 3 880 1052 887 1059
402 0 -1
710 16 54 19 54 882 1054 885 1057
403 0 -1
712 81 36 81 37 884 1056 885 1057
404 0 -1
714 15 57 15 58 886 1058 887 1059
405 0 -1
716 40 96 40 97 888 1060 889 1061
406 0 -1
718 2 72 8 74 890 1062 898 1070
407 0 -1
719 46 67 47 67 891 1063 892 1064
408 0 -1
720 46 16 48 16 892 1064 894 1066
409 0 -1
722 21 39 21 40 894 1066 896 1068
410 0 -1
724 20 62 21 62 896 1068 898 1070
411 0 -1
725 87 21 90 29 897 1069 908 1080
412 0 -1
726 96 60 97 61 898 1070 902 1074
413 0 -1
727 53 3 54 4 899 1071 902 1074
414 0 -1
728 51 20 51 23 900 1072 905 1077
415 0 -1
729 84 73 84 73 901 1073 902 1074
416 0 -1
731 31 91 32 91 903 1075 904 1076
417 0 -1
733 14 10 15 11 905 1077 907 1079
418 0 -1
734 98 7 99 7 906 1078 908 1080
419 0 -1
735 77 39 79 39 907 1079 910 1082
420 0 -1
736 92 40 93 41 908 1080 910 1082
421 0 -1
737 87 13 87 15 909 1081 912 1084
422 0 -1
742 19 96 20 99 914 1086 919 1091
423 0 -1
744 33 0 33 2 916 1088 918 1090
424 0 -1
745 26 80 29 81 917 1089 922 1094
425 0 -1
748 86 65 88 65 920 1092 922 1094
426 0 -1
750 15 24 16 24 922 1094 923 1095
427 0 -1
751 92 16 92 16 923 1095 924 1096
428 0 -1
752 83 28 86 28 924 1096 927 1099
429 0 -1
753 55 83 55 83 925 1097 926 1098
430 0 -1
754 31 1 34 2 926 1098 932 1104
431 0 -1
755 53 90 55 90 927 1099 929 1101
432 0 -1
757 70 8 72 8 929 1101 931 1103
433 0 -1
758 11 36 11 41 930 1102 938 1110
434 0 -1
759 63 75 63 77 931 1103 933 1105
435 0 -1
760 31 30 31 30 932 1104 933 1105
436 0 -1
766 7 95 9 95 938 1110 940 1112
437 0 -1
767 98 11 96 11 939 1111 941 1113
438 0 -1
768 23 53 24 55 940 1112 943 1115
439 0 -1
771 84 5 85 5 943 1115 944 1116
440 0 -1
772 49 22 50 22 944 1116 946 1118
441 0 -1
773 92 79 93 79 945 1117 948 1120
442 0 -1
775 21 47 21 50 947 1119 952 1124
443 0 -1
777 81 55 82 56 949 1121 951 1123
444 0 -1
778 63 54 64 55 950 1122 952 1124
445 0 -1
779 88 21 90 22 951 1123 954 1126
446 0 -1
781 93 59 94 59 953 1125 954 1126
447 0 -1
782 53 6 56 6 954 1126 958 1130
448 0 -1
784 41 52 42 53 956 1128 958 1130
449 0 -1
787 46 90 47 90 959 1131 961 1133
450 0 -1
788 42 18 42 19 960 1132 961 1133
451 0 -1
789 79 6 83 6 961 1133 965 1137
452 0 -1
790 43 52 44 52 962 1134 964 1136
453 0 -1
791 50 30 51 32 963 1135 968 1140
454 0 -1
793 31 16 33 16 965 1137 968 1140
455 0 -1
794 61 53 62 53 966 1138 970 1142
456 0 -1
795 51 38 52 38 967 1139 969 1141
457 0 -1
796 73 14 73 17 968 1140 972 1144
458 0 -1
797 38 6 38 6 969 1141 970 1142
459 0 -1
798 68 15 71 15 970 1142 973 1145
460 0 -1
799 83 31 85 31 971 1143 973 1145
461 0 -1
800 93 29 97 29 972 1144 977 1149
462 0 -1
802 18 24 18 28 974 1146 978 1150
463 0 -1
803 43 54 43 55 975 1147 977 1149
464 0 -1
805 29 69 34 69 977 1149 982 1154
465 0 -1
806 99 31 97 37 978 1150 987 1159
466 0 -1
807 72 88 72 89 979 1151 981 1153
467 0 -1
810 59 96 60 96 982 1154 983 1155
468 0 -1
813 80 63 80 64 985 1157 986 1158
469 0 -1
818 60 55 62 55 990 1162 992 1164
470 0 -1
820 80 28 82 29 992 1164 995 1167
471 0 -1
824 62 17 64 17 996 1168 998 1170
472 0 -1
825 54 56 56 57 997 1169 1000 1172
473 0 -1
827 90 27 90 28 999 1171 1000 1172
474 0 -1
828 71 66 81 66 1000 1172 1010 1182
475 0 -1
830 30 10 33 10 1002 1174 1005 1177
476 0 -1
831 69 92 69 93 1003 1175 1004 1176
477 0 -1
833 29 95 30 95 1005 1177 1007 1179
478 0 -1
834 55 40 56 41 1006 1178 1008 1180
479 0 -1
835 93 85 95 85 1007 1179 1017 1189
480 0 -1
839 87 59 88 59 1011 1183 1013 1185
481 0 -1
841 20 38 23 39 1013 1185 1017 1189
482 0 -1
842 62 71 62 71 1014 1186 1016 1188
483 0 -1
844 52 55 56 56 1016 1188 1021 1193
484 0 -1
845 7 63 7 65 1017 1189 1019 1191
485 0 -1
846 44 64 50 64 1018 1190 1024 1196
486 0 -1
847 99 18 99 18 1019 1191 1020 1192
487 0 -1
850 20 41 20 44 1022 1194 1025 1197
488 0 -1
851 43 58 44 61 1023 1195 1027 1199
489 0 -1
854 25 25 25 25 1026 1198 1027 1199
490 0 -1
856 27 69 28 71 1028 1200 1031 1203
491 0 -1
859 21 10 21 15 1031 1203 1036 1208
492 0 -1
860 9 10 10 10 1032 1204 1033 1205
493 0 -1
861 97 1 97 2 1033 1205 1035 1207
494 0 -1
864 99 7 98 8 1036 1208 1039 1211
495 0 -1
867 50 15 50 16 1039 1211 1040 1212
496 0 -1
868 75 87 75 89 1040 1212 1042 1214
497 0 -1
871 49 25 55 34 1043 1215 1059 1231
498 0 -1
873 55 63 56 64 1045 1217 1047 1219
499 0 -1
874 67 27 67 28 1046 1218 1051 1223
500 0 -1
875 33 78 34 80 1047 1219 1050 1222
501 0 -1
877 37 59 38 60 1049 1221 1052 1224
502 0 -1
878 78 87 80 87 1050 1222 1052 1224
503 0 -1
879 31 90 31 90 1051 1223 1053 1225
504 0 -1
880 76 3 78 3 1052 1224 1056 1228
505 0 -1
881 83 43 86 44 1053 1225 1059 1231
506 0 -1
882 18 73 20 73 1054 1226 1056 1228
507 0 -1
885 47 88 48 88 1057 1229 1058 1230
508 0 -1
887 72 28 74 29 1059 1231 1062 1234
509 0 -1
889 21 95 23 95 1061 1233 1064 1236
510 0 -1
891 62 20 63 21 1063 1235 1065 1237
511 0 -1
893 45 10 46 10 1065 1237 1067 1239
512 0 -1
894 20 79 20 80 1066 1238 1069 1241
513 0 -1
895 15 86 15 89 1067 1239 1070 1242
514 0 -1
896 61 84 63 84 1068 1240 1070 1242
515 0 -1
897 11 50 11 51 1069 1241 1070 1242
516 0 -1
898 95 52 96 52 1070 1242 1072 1244
517 0 -1
899 53 31 54 32 1071 1243 1073 1245
518 0 -1
900 73 68 75 68 1072 1244 1078 1250
519 0 -1
901 77 56 79 56 1073 1245 1075 1247
520 0 -1
902 65 23 66 23 1074 1246 1075 1247
521 0 -1
905 30 64 31 64 1077 1249 1078 1250
522 0 -1
910 33 12 33 13 1082 1254 1083 1255
523 0 -1
912 24 50 27 52 1084 1256 1094 1266
524 0 -1
914 94 83 94 88 1086 1258 1093 1265
525 0 -1
917 81 8 81 8 1089 1261 1093 1265
526 0 -1
919 59 66 59 67 1091 1263 1093 1265
527 0 -1
920 65 98 66 99 1092 1264 1095 1267
528 0 -1
921 63 35 64 35 1093 1265 1094 1266
529 0 -1
923 16 28 16 29 1095 1267 1096 1268
530 0 -1
925 59 95 61 96 1097 1269 1100 1272
531 0 -1
926 26 74 31 76 1098 1270 1107 1279
532 0 -1
927 24 3 26 4 1099 1271 1102 1274
533 0 -1
928 4 46 7 46 1100 1272 1104 1276
534 0 -1
929 39 70 39 71 1101 1273 1102 1274
535 0 -1
931 97 12 98 12 1103 1275 1105 1277
536 0 -1
933 13 77 14 78 1105 1277 1112 1284
537 0 -1
935 5 32 6 32 1107 1279 1109 1281
538 0 -1
936 58 39 58 40 1108 1280 1109 1281
539 0 -1
937 38 5 39 8 1109 1281 1113 1285
540 0 -1
938 13 43 13 45 1110 1282 1114 1286
541 0 -1
940 75 33 75 35 1112 1284 1114 1286
542 0 -1
942 66 46 66 47 1114 1286 1115 1287
543 0 -1
943 91 12 93 17 1115 1287 1122 1294
544 0 -1
944 54 82 54 83 1116 1288 1117 1289
545 0 -1
945 8 17 11 17 1117 1289 1120 1292
546 0 -1
947 31 86 32 94 1119 1291 1132 1304
547 0 -1
948 59 49 60 50 1120 1292 1123 1295
548 0 -1
950 50 9 50 10 1122 1294 1124 1296
549 0 -1
951 50 35 52 35 1123 1295 1125 1297
550 0 -1
954 19 65 20 66 1126 1298 1128 1300
551 0 -1
955 84 80 84 81 1127 1299 1128 1300
552 0 -1
957 10 48 11 49 1129 1301 1132 1304
553 0 -1
958 77 82 77 83 1130 1302 1131 1303
554 0 -1
963 26 9 29 9 1135 1307 1138 1310
555 0 -1
964 3 11 4 12 1136 1308 1138 1310
556 0 -1
966 70 18 70 20 1138 1310 1140 1312
557 0 -1
969 87 7 89 7 1141 1313 1143 1315
558 0 -1
972 85 75 90 75 1144 1316 1150 1322
559 0 -1
973 49 64 53 64 1145 1317 1149 1321
560 0 -1
974 5 76 12 77 1146 1318 1156 1328
561 0 -1
976 13 32 13 32 1148 1320 1153 1325
562 0 -1
979 61 4 64 4 1151 1323 1155 1327
563 0 -1
981 12 4 12 4 1153 1325 1154 1326
564 0 -1
983 74 68 76 68 1155 1327 1158 1330
565 0 -1
984 38 49 43 49 1156 1328 1162 1334
566 0 -1
987 47 41 48 44 1159 1331 1163 1335
567 0 -1
989 34 1 34 1 1161 1333 1164 1336
568 0 -1
990 71 32 72 33 1162 1334 1166 1338
569 0 -1
992 18 24 19 25 1164 1336 1168 1340
570 0 -1
993 9 68 9 70 1165 1337 1167 1339
571 0 -1
994 23 8 27 8 1166 1338 1170 1342
572 0 -1
996 78 93 78 95 1168 1340 1170 1342
573 0 -1
997 4 72 5 73 1169 1341 1171 1343
574 0 -1
998 49 76 50 76 1170 1342 1171 1343
575 0 -1
999 3 17 5 17 1171 1343 1173 1345
576 0 -1
1001 6 53 35 69 1173 1345 1222 1394
577 0 -1
1004 61 15 61 16 1176 1348 1178 1350
578 0 -1
1008 32 40 32 40 1180 1352 1181 1353
579 0 -1
1010 62 94 62 96 1182 1354 1184 1356
580 0 -1
1012 90 8 91 8 1184 1356 1185 1357
581 0 -1
1015 2 35 2 36 1187 1359 1188 1360
582 0 -1
1016 91 74 91 75 1188 1360 1189 1361
583 0 -1
1017 23 2 23 3 1189 1361 1192 1364
584 0 -1
1018 13 79 16 88 1190 1362 1204 1376
585 0 -1
1019 7 86 15 87 1191 1363 1201 1373
586 0 -1
1020 36 65 38 66 1192 1364 1195 1367
587 0 -1
1021 36 37 37 37 1193 1365 1194 1366
588 0 -1
1022 49 12 57 12 1194 1366 1208 1380
589 0 -1
1025 94 37 99 37 1197 1369 1202 1374
590 0 -1
1027 50 14 51 14 1199 1371 1200 1372
591 0 -1
1028 33 64 34 64 1200 1372 1201 1373
592 0 -1
1031 7 27 12 31 1203 1375 1212 1384
593 0 -1
1032 75 4 78 7 1204 1376 1211 1383
594 0 -1
1033 9 6 13 6 1205 1377 1209 1381
595 0 -1
1035 15 28 15 28 1207 1379 1209 1381
596 0 -1
1036 58 45 59 46 1208 1380 1210 1382
597 0 -1
1037 90 69 91 69 1209 1381 1210 1382
598 0 -1
1039 62 36 62 37 1211 1383 1212 1384
599 0 -1
1040 9 75 9 76 1212 1384 1213 1385
600 0 -1
1042 66 28 69 29 1214 1386 1225 1397
601 0 -1
1044 50 27 53 28 1216 1388 1220 1392
602 0 -1
1045 56 22 56 22 1217 1389 1220 1392
603 0 -1
1051 27 70 27 71 1223 1395 1224 1396
604 0 -1
1053 4 3 4 3 1225 1397 1226 1398
605 0 -1
1056 92 76 92 78 1228 1400 1230 1402
606 0 -1
1057 65 26 67 26 1229 1401 1231 1403
607 0 -1
1059 32 94 32 96 1231 1403 1235 1407
608 0 -1
1060 96 30 97 32 1232 1404 1237 1409
609 0 -1
1063 0 31 3 31 1235 1407 1238 1410
610 0 -1
1065 7 49 7 49 1237 1409 1240 1412
611 0 -1
1066 65 73 66 73 1238 1410 1240 1412
612 0 -1
1067 13 34 14 34 1239 1411 1240 1412
613 0 -1
1070 70 50 70 52 1242 1414 1254 1426
614 0 -1
1071 48 74 49 74 1243 1415 1248 1420
615 0 -1
1073 33 84 42 88 1245 1417 1260 1432
616 0 -1
1074 26 95 26 96 1246 1418 1247 1419
617 0 -1
1075 76 7 78 8 1247 1419 1250 1422
618 0 -1
1078 90 47 90 50 1250 1422 1254 1426
619 0 -1
1082 33 8 33 9 1254 1426 1255 1427
620 0 -1
1083 40 14 40 16 1255 1427 1257 1429
621 0 -1
1084 71 84 75 85 1256 1428 1262 1434
622 0 -1
1085 65 74 68 74 1257 1429 1260 1432
623 0 -1
1086 46 82 46 85 1258 1430 1262 1434
624 0 -1
1090 46 62 46 63 1262 1434 1263 1435
625 0 -1
1091 23 15 25 16 1263 1435 1267 1439
626 0 -1
1092 22 94 23 94 1264 1436 1265 1437
627 0 -1
1095 16 72 16 72 1267 1439 1270 1442
628 0 -1
1097 50 8 50 11 1269 1441 1272 1444
629 0 -1
1098 73 16 75 18 1270 1442 1274 1446
630 0 -1
1099 80 67 84 68 1271 1443 1276 1448
631 0 -1
1100 42 42 47 42 1272 1444 1277 1449
632 0 -1
1102 66 68 69 68 1274 1446 1277 1449
633 0 -1
1103 94 80 87 80 1275 1447 1282 1454
634 0 -1
1104 95 54 96 54 1276 1448 1277 1449
635 0 -1
1105 78 87 78 87 1277 1449 1278 1450
636 0 -1
1107 90 69 96 71 1279 1451 1289 1461
637 0 -1
1109 28 72 29 72 1281 1453 1284 1456
638 0 -1
1111 25 97 25 99 1283 1455 1285 1457
639 0 -1
1113 29 48 30 48 1285 1457 1286 1458
640 0 -1
1114 9 27 9 28 1286 1458 1287 1459
641 0 -1
1115 25 7 25 10 1287 1459 1290 1462
642 0 -1
1116 85 31 85 35 1288 1460 1299 1471
643 0 -1
1118 33 27 33 27 1290 1462 1292 1464
644 0 -1
1120 18 3 20 3 1292 1464 1294 1466
645 0 -1
1121 64 37 64 37 1293 1465 1294 1466
646 0 -1
1122 62 20 62 21 1294 1466 1297 1469
647 0 -1
1124 3 43 4 49 1296 1468 1303 1475
648 0 -1
1125 95 71 96 71 1297 1469 1299 1471
649 0 -1
1126 34 7 34 7 1298 1470 1310 1482
650 0 -1
1129 0 23 1 23 1301 1473 1302 1474
651 0 -1
1130 15 92 15 93 1302 1474 1303 1475
652 0 -1
1132 12 28 14 28 1304 1476 1306 1478
653 0 -1
1133 84 38 84 41 1305 1477 1308 1480
654 0 -1
1137 64 77 66 77 1309 1481 1313 1485
655 0 -1
1138 29 23 30 23 1310 1482 1311 1483
656 0 -1
1139 41 91 41 92 1311 1483 1312 1484
657 0 -1
1141 50 6 50 8 1313 1485 1315 1487
658 0 -1
1142 61 30 62 31 1314 1486 1317 1489
659 0 -1
1144 15 17 16 18 1316 1488 1319 1491
660 0 -1
1147 67 76 71 76 1319 1491 1323 1495
661 0 -1
1150 48 85 49 85 1322 1494 1323 1495
662 0 -1
1151 36 45 37 45 1323 1495 1325 1497
663 0 -1
1154 97 75 97 75 1326 1498 1327 1499
664 0 -1
1156 49 98 50 99 1328 1500 1330 1502
665 0 -1
1157 75 49 75 49 1329 1501 1334 1506
666 0 -1
1158 30 41 34 41 1330 1502 1334 1506
667 0 -1
1159 69 14 69 16 1331 1503 1333 1505
668 0 -1
1164 92 27 95 27 1336 1508 1339 1511
669 0 -1
1166 41 10 41 12 1338 1510 1341 1513
670 0 -1
1169 80 58 82 58 1341 1513 1344 1516
671 0 -1
1170 85 4 88 4 1342 1514 1345 1517
672 0 -1
1171 16 27 17 31 1343 1515 1352 1524
673 0 -1
1172 96 7 96 8 1344 1516 1345 1517
674 0 -1
1174 30 29 35 29 1346 1518 1353 1525
675 0 -1
1175 91 17 91 17 1347 1519 1350 1522
676 0 -1
1176 53 91 53 93 1348 1520 1350 1522
677 0 -1
1177 68 71 69 72 1349 1521 1351 1523
678 0 -1
1179 19 45 19 46 1351 1523 1352 1524
679 0 -1
1186 68 84 68 86 1358 1530 1360 1532
680 0 -1
1187 41 33 42 34 1359 1531 1361 1533
681 0 -1
1188 79 16 80 16 1360 1532 1361 1533
682 0 -1
1190 69 90 69 91 1362 1534 1363 1535
683 0 -1
1191 20 57 22 57 1363 1535 1365 1537
684 0 -1
1194 49 21 50 21 1366 1538 1368 1540
685 0 -1
1195 89 42 90 43 1367 1539 1370 1542
686 0 -1
1197 9 88 12 88 1369 1541 1372 1544
687 0 -1
1198 42 75 42 79 1370 1542 1374 1546
688 0 -1
1201 57 39 57 41 1373 1545 1378 1550
689 0 -1
1202 45 2 46 2 1374 1546 1375 1547
690 0 -1
1203 80 8 80 9 1375 1547 1376 1548
691 0 -1
1205 72 24 73 26 1377 1549 1380 1552
692 0 -1
1207 24 49 25 52 1379 1551 1383 1555
693 0 -1
1208 46 95 46 95 1380 1552 1382 1554
694 0 -1
1209 96 62 97 62 1381 1553 1382 1554
695 0 -1
1211 57 72 58 73 1383 1555 1387 1559
696 0 -1
1214 68 49 70 51 1386 1558 1392 1564
697 0 -1
1217 94 56 96 56 1389 1561 1391 1563
698 0 -1
1218 5 91 5 91 1390 1562 1391 1563
699 0 -1
1219 77 99 84 99 1391 1563 1398 1570
700 0 -1
1220 38 77 39 77 1392 1564 1393 1565
701 0 -1
1222 72 72 75 72 1394 1566 1397 1569
702 0 -1
1223 13 51 17 51 1395 1567 1399 1571
703 0 -1
1226 56 48 56 51 1398 1570 1401 1573
704 0 -1
1227 54 55 54 56 1399 1571 1400 1572
705 0 -1
1229 95 45 95 46 1401 1573 1402 1574
706 0 -1
1230 89 56 90 59 1402 1574 1407 1579
707 0 -1
1231 97 18 98 18 1403 1575 1404 1576
708 0 -1
1233 1 34 2 34 1405 1577 1407 1579
709 0 -1
1235 55 40 57 40 1407 1579 1411 1583
710 0 -1
1236 56 68 60 69 1408 1580 1413 1585
711 0 -1
1237 50 44 50 46 1409 1581 1414 1586
712 0 -1
1238 78 99 81 97 1410 1582 1415 1587
713 0 -1
1240 95 95 99 95 1412 1584 1416 1588
714 0 -1
1241 58 24 59 24 1413 1585 1414 1586
715 0 -1
1242 78 13 85 19 1414 1586 1427 1599
716 0 -1
1243 41 9 41 9 1415 1587 1417 1589
717 0 -1
1244 8 65 9 65 1416 1588 1423 1595
718 0 -1
1246 24 39 32 39 1418 1590 1427 1599
719 0 -1
1250 24 34 25 34 1422 1594 1423 1595
720 0 -1
1254 94 35 96 40 1426 1598 1433 1605
721 0 -1
1255 97 35 99 36 1427 1599 1431 1603
722 0 -1
1258 66 34 70 38 1430 1602 1446 1618
723 0 -1
1259 84 26 88 38 1431 1603 1449 1621
724 0 -1
1260 98 27 99 30 1432 1604 1438 1610
725 0 -1
1261 61 2 64 6 1433 1605 1440 1612
726 0 -1
1263 75 1 76 7 1435 1607 1442 1614
727 0 -1
1264 37 76 40 77 1436 1608 1440 1612
728 0 -1
1265 6 46 7 46 1437 1609 1439 1611
729 0 -1
1266 79 76 79 77 1438 1610 1439 1611
730 0 -1
1268 82 59 84 59 1440 1612 1443 1615
731 0 -1
1276 37 80 37 80 1448 1620 1449 1621
732 0 -1
1277 64 25 69 25 1449 1621 1454 1626
733 0 -1
1281 27 33 29 33 1453 1625 1455 1627
734 0 -1
1284 49 44 49 45 1456 1628 1458 1630
735 0 -1
1287 38 89 39 92 1459 1631 1463 1635
736 0 -1
1290 89 19 90 20 1462 1634 1469 1641
737 0 -1
1291 57 78 59 78 1463 1635 1466 1638
738 0 -1
1292 72 32 73 34 1464 1636 1490 1662
739 0 -1
1297 1 89 3 89 1469 1641 1472 1644
740 0 -1
1298 39 19 39 19 1470 1642 1471 1643
741 0 -1
1299 57 61 58 63 1471 1643 1474 1646
742 0 -1
1300 67 65 68 66 1472 1644 1474 1646
743 0 -1
1307 20 74 20 75 1479 1651 1480 1652
744 0 -1
1309 40 83 40 84 1481 1653 1483 1655
745 0 -1
1312 28 77 28 79 1484 1656 1486 1658
746 0 -1
1313 2 75 2 75 1485 1657 1486 1658
747 0 -1
1314 5 87 9 87 1486 1658 1490 1662
748 0 -1
1315 79 14 82 16 1487 1659 1492 1664
749 0 -1
1316 19 84 19 84 1488 1660 1490 1662
750 0 -1
1317 38 62 39 63 1489 1661 1491 1663
751 0 -1
1318 65 66 67 66 1490 1662 1493 1665
752 0 -1
1319 62 19 62 19 1491 1663 1493 1665
753 0 -1
1320 53 39 53 40 1492 1664 1493 1665
754 0 -1
1321 91 36 92 37 1493 1665 1495 1667
755 0 -1
1323 22 99 22 100 1495 1667 1497 1669
756 0 -1
1324 36 33 38 34 1496 1668 1501 1673
757 0 -1
1325 82 81 85 82 1497 1669 1503 1675
758 0 -1
1326 60 38 61 38 1498 1670 1499 1671
759 0 -1
1327 78 54 84 58 1499 1671 1509 1681
760 0 -1
1329 94 27 96 27 1501 1673 1503 1675
761 0 -1
1332 73 73 73 74 1504 1676 1506 1678
762 0 -1
1333 75 11 75 11 1505 1677 1506 1678
763 0 -1
1335 26 13 39 14 1507 1679 1523 1695
764 0 -1
1336 96 23 97 23 1508 1680 1509 1681
765 0 -1
1338 61 95 62 95 1510 1682 1513 1685
766 0 -1
1340 65 3 72 3 1512 1684 1519 1691
767 0 -1
1342 3 71 5 71 1514 1686 1517 1689
768 0 -1
1344 19 24 19 26 1516 1688 1518 1690
769 0 -1
1345 98 54 99 54 1517 1689 1518 1690
770 0 -1
1347 64 66 67 66 1519 1691 1522 1694
771 0 -1
1348 40 64 40 69 1520 1692 1525 1697
772 0 -1
1349 41 42 45 44 1521 1693 1527 1699
773 0 -1
1354 94 56 97 56 1526 1698 1529 1701
774 0 -1
1355 50 71 51 75 1527 1699 1532 1704
775 0 -1
1359 17 12 19 12 1531 1703 1536 1708
776 0 -1
1362 76 37 78 37 1534 1706 1536 1708
777 0 -1
1365 24 95 24 96 1537 1709 1538 1710
778 0 -1
1368 76 25 78 25 1540 1712 1542 1714
779 0 -1
1369 53 93 77 93 1541 1713 1576 1748
780 0 -1
1370 28 36 30 36 1542 1714 1544 1716
781 0 -1
1372 38 94 39 97 1544 1716 1549 1721
782 0 -1
1374 97 32 99 32 1546 1718 1548 1720
783 0 -1
1375 30 36 33 39 1547 1719 1554 1726
784 0 -1
1376 50 71 51 71 1548 1720 1549 1721
785 0 -1
1377 12 13 14 13 1549 1721 1552 1724
786 0 -1
1378 34 36 34 37 1550 1722 1551 1723
787 0 -1
1379 30 3 33 4 1551 1723 1555 1727
788 0 -1
1381 13 57 16 57 1553 1725 1556 1728
789 0 -1
1382 87 77 90 77 1554 1726 1557 1729
790 0 -1
1383 75 30 75 30 1555 1727 1557 1729
791 0 -1
1385 46 38 46 41 1557 1729 1563 1735
792 0 -1
1386 55 8 57 9 1558 1730 1561 1733
793 0 -1
1387 51 65 59 67 1559 1731 1570 1742
794 0 -1
1388 91 29 93 30 1560 1732 1563 1735
795 0 -1
1389 47 77 48 77 1561 1733 1563 1735
796 0 -1
1390 94 57 94 59 1562 1734 1564 1736
797 0 -1
1391 22 53 23 53 1563 1735 1565 1737
798 0 -1
1393 76 47 78 47 1565 1737 1567 1739
799 0 -1
1395 66 34 70 37 1567 1739 1575 1747
800 0 -1
1396 49 76 50 76 1568 1740 1569 1741
801 0 -1
1400 1 55 4 55 1572 1744 1575 1747
802 0 -1
1401 30 39 30 39 1573 1745 1576 1748
803 0 -1
1402 27 40 33 41 1574 1746 1581 1753
804 0 -1
1403 54 20 56 20 1575 1747 1577 1749
805 0 -1
1406 57 69 58 69 1578 1750 1579 1751
806 0 -1
1411 49 84 50 85 1583 1755 1585 1757
807 0 -1
1412 96 80 92 81 1584 1756 1590 1762
808 0 -1
1413 34 8 34 8 1585 1757 1586 1758
809 0 -1
1414 30 76 30 77 1586 1758 1588 1760
810 0 -1
1415 98 58 99 58 1587 1759 1589 1761
811 0 -1
1417 88 6 89 6 1589 1761 1590 1762
812 0 -1
1418 8 52 10 53 1590 1762 1595 1767
813 0 -1
1419 21 41 23 44 1591 1763 1598 1770
814 0 -1
1420 97 77 94 80 1592 1764 1600 1772
815 0 -1
1423 72 82 73 82 1595 1767 1596 1768
816 0 -1
1426 27 17 29 17 1598 1770 1600 1772
817 0 -1
1428 23 11 23 13 1600 1772 1603 1775
818 0 -1
1429 90 52 92 52 1601 1773 1603 1775
819 0 -1
1430 38 33 39 33 1602 1774 1603 1775
820 0 -1
1431 99 13 98 13 1603 1775 1606 1778
821 0 -1
1432 81 1 81 1 1604 1776 1605 1777
822 0 -1
1434 15 46 16 46 1606 1778 1607 1779
823 0 -1
1435 73 21 73 21 1607 1779 1614 1786
824 0 -1
1436 78 68 80 68 1608 1780 1610 1782
825 0 -1
1438 95 71 97 72 1610 1782 1614 1786
826 0 -1
1439 17 8 17 8 1611 1783 1612 1784
827 0 -1
1440 34 65 34 68 1612 1784 1615 1787
828 0 -1
1441 42 45 47 46 1613 1785 1620 1792
829 0 -1
1442 84 35 86 35 1614 1786 1616 1788
830 0 -1
1443 53 64 58 64 1615 1787 1620 1792
831 0 -1
1444 63 9 64 9 1616 1788 1618 1790
832 0 -1
1446 84 49 84 54 1618 1790 1624 1796
833 0 -1
1447 53 60 53 60 1619 1791 1621 1793
834 0 -1
1448 72 38 74 38 1620 1792 1622 1794
835 0 -1
1452 95 31 95 32 1624 1796 1625 1797
836 0 -1
1454 64 10 64 14 1626 1798 1630 1802
837 0 -1
1455 6 12 8 12 1627 1799 1629 1801
838 0 -1
1456 15 28 16 28 1628 1800 1629 1801
839 0 -1
1457 15 96 20 97 1629 1801 1635 1807
840 0 -1
1458 80 27 81 35 1630 1802 1640 1812
841 0 -1
1461 12 56 15 56 1633 1805 1636 1808
842 0 -1
1462 95 88 95 88 1634 1806 1638 1810
843 0 -1
1463 80 32 80 32 1635 1807 1637 1809
844 0 -1
1465 26 16 27 16 1637 1809 1639 1811
845 0 -1
1466 51 57 53 57 1638 1810 1640 1812
846 0 -1
1468 99 35 99 35 1640 1812 1641 1813
847 0 -1
1469 89 37 93 38 1641 1813 1646 1818
848 0 -1
1470 3 76 4 76 1642 1814 1643 1815
849 0 -1
1472 2 22 3 26 1644 1816 1649 1821
850 0 -1
1473 92 85 93 85 1645 1817 1650 1822
851 0 -1
1474 58 93 69 93 1646 1818 1657 1829
852 0 -1
1475 38 19 40 19 1647 1819 1649 1821
853 0 -1
1478 9 85 9 86 1650 1822 1656 1828
854 0 -1
1479 50 13 50 13 1651 1823 1653 1825
855 0 -1
1481 14 32 15 32 1653 1825 1655 1827
856 0 -1
1483 13 25 17 25 1655 1827 1666 1838
857 0 -1
1486 55 32 57 34 1658 1830 1663 1835
858 0 -1
1487 51 8 51 12 1659 1831 1663 1835
859 0 -1
1493 52 83 54 83 1665 1837 1667 1839
860 0 -1
1495 24 80 24 80 1667 1839 1668 1840
861 0 -1
1496 99 33 97 34 1668 1840 1672 1844
862 0 -1
1497 16 73 16 76 1669 1841 1673 1845
863 0 -1
1499 45 74 47 74 1671 1843 1673 1845
864 0 -1
1500 86 48 86 50 1672 1844 1674 1846
865 0 -1
1501 87 64 90 66 1673 1845 1681 1853
866 0 -1
1502 95 12 97 14 1674 1846 1678 1850
867 0 -1
1504 7 53 9 55 1676 1848 1689 1861
868 0 -1
1505 73 80 77 81 1677 1849 1687 1859
869 0 -1
1506 41 88 43 88 1678 1850 1680 1852
870 0 -1
1507 99 44 97 44 1679 1851 1682 1854
871 0 -1
1508 65 43 71 43 1680 1852 1686 1858
872 0 -1
1509 32 43 32 43 1681 1853 1682 1854
873 0 -1
1511 24 88 25 89 1683 1855 1685 1857
874 0 -1
1513 12 39 13 41 1685 1857 1690 1862
875 0 -1
1515 16 65 17 65 1687 1859 1688 1860
876 0 -1
1516 73 5 76 5 1688 1860 1691 1863
877 0 -1
1517 55 77 56 77 1689 1861 1692 1864
878 0 -1
1518 29 91 29 92 1690 1862 1693 1865
879 0 -1
1519 29 69 33 69 1691 1863 1695 1867
880 0 -1
1521 94 37 98 37 1693 1865 1697 1869
881 0 -1
1522 34 11 34 13 1694 1866 1696 1868
882 0 -1
1523 60 73 62 73 1695 1867 1697 1869
883 0 -1
1527 27 55 27 57 1699 1871 1703 1875
884 0 -1
1528 87 89 87 90 1700 1872 1701 1873
885 0 -1
1533 87 2 87 2 1705 1877 1706 1878
886 0 -1
1534 49 28 53 28 1706 1878 1715 1887
887 0 -1
1535 28 60 31 60 1707 1879 1710 1882
888 0 -1
1536 21 80 21 80 1708 1880 1710 1882
889 0 -1
1538 3 43 6 44 1710 1882 1714 1886
890 0 -1
1540 92 44 93 44 1712 1884 1713 1885
891 0 -1
1543 77 36 80 36 1715 1887 1718 1890
892 0 -1
1544 4 55 4 55 1716 1888 1718 1890
893 0 -1
1545 20 73 22 73 1717 1889 1719 1891
894 0 -1
1547 30 72 34 73 1719 1891 1724 1896
895 0 -1
1550 74 12 74 13 1722 1894 1724 1896
896 0 -1
1551 34 49 35 50 1723 1895 1725 1897
897 0 -1
1552 39 83 44 83 1724 1896 1729 1901
898 0 -1
1554 15 73 19 73 1726 1898 1730 1902
899 0 -1
1555 49 90 51 90 1727 1899 1729 1901
900 0 -1
1556 36 95 36 95 1728 1900 1730 1902
901 0 -1
1559 53 36 58 36 1731 1903 1737 1909
902 0 -1
1560 53 51 57 51 1732 1904 1738 1910
903 0 -1
1562 62 16 62 17 1734 1906 1736 1908
904 0 -1
1563 7 70 16 70 1735 1907 1745 1917
905 0 -1
1564 86 28 88 28 1736 1908 1738 1910
906 0 -1
1566 52 81 53 81 1738 1910 1740 1912
907 0 -1
1567 96 34 99 34 1739 1911 1743 1915
908 0 -1
1573 79 93 79 95 1745 1917 1753 1925
909 0 -1
1575 71 73 72 73 1747 1919 1748 1920
910 0 -1
1576 97 48 97 48 1748 1920 1750 1922
911 0 -1
1577 42 54 43 54 1749 1921 1751 1923
912 0 -1
1579 9 63 11 64 1751 1923 1754 1926
913 0 -1
1580 17 89 19 89 1752 1924 1754 1926
914 0 -1
1582 44 51 45 51 1754 1926 1755 1927
915 0 -1
1584 75 30 75 30 1756 1928 1757 1929
916 0 -1
1587 70 63 78 63 1759 1931 1771 1943
917 0 -1
1588 14 69 17 70 1760 1932 1764 1936
918 0 -1
1589 45 51 47 51 1761 1933 1763 1935
919 0 -1
1590 86 76 87 76 1762 1934 1765 1937
920 0 -1
1591 62 67 66 67 1763 1935 1768 1940
921 0 -1
1593 14 84 15 87 1765 1937 1769 1941
922 0 -1
1594 54 79 55 79 1766 1938 1768 1940
923 0 -1
1596 80 21 80 22 1768 1940 1770 1942
924 0 -1
1598 34 81 35 81 1770 1942 1771 1943
925 0 -1
1599 25 5 26 8 1771 1943 1775 1947
926 0 -1
1600 28 8 29 8 1772 1944 1773 1945
927 0 -1
1603 7 84 7 84 1775 1947 1776 1948
928 0 -1
1606 3 32 5 32 1778 1950 1780 1952
929 0 -1
1608 20 68 21 68 1780 1952 1781 1953
930 0 -1
1609 56 14 58 14 1781 1953 1783 1955
931 0 -1
1610 88 59 88 59 1782 1954 1783 1955
932 0 -1
1611 65 68 66 69 1783 1955 1785 1957
933 0 -1
1613 49 97 49 97 1785 1957 1787 1959
934 0 -1
1615 62 12 62 12 1787 1959 1788 1960
935 0 -1
1618 10 49 10 50 1790 1962 1793 1965
936 0 -1
1620 34 61 35 64 1792 1964 1797 1969
937 0 -1
1621 69 13 75 14 1793 1965 1800 1972
938 0 -1
1623 66 4 69 6 1795 1967 1800 1972
939 0 -1
1624 32 42 32 42 1796 1968 1797 1969
940 0 -1
1625 99 90 96 90 1797 1969 1800 1972
941 0 -1
1626 77 75 77 76 1798 1970 1800 1972
942 0 -1
1627 54 27 58 28 1799 1971 1812 1984
943 0 -1
1629 72 36 73 36 1801 1973 1802 1974
944 0 -1
1631 24 0 24 1 1803 1975 1805 1977
945 0 -1
1633 57 22 66 23 1805 1977 1815 1987
946 0 -1
1634 63 51 65 51 1806 1978 1808 1980
947 0 -1
1637 71 96 72 96 1809 1981 1810 1982
948 0 -1
1638 69 45 70 46 1810 1982 1813 1985
949 0 -1
1640 79 10 81 10 1812 1984 1822 1994
950 0 -1
1641 91 45 92 47 1813 1985 1816 1988
951 0 -1
1642 66 17 68 17 1814 1986 1818 1990
952 0 -1
1645 84 55 85 55 1817 1989 1818 1990
953 0 -1
1648 59 7 61 7 1820 1992 1822 1994
954 0 -1
1649 30 77 30 77 1821 1993 1823 1995
955 0 -1
1650 17 75 17 75 1822 1994 1823 1995
956 0 -1
1656 30 95 31 97 1828 2000 1832 2004
957 0 -1
1657 37 43 40 43 1829 2001 1832 2004
958 0 -1
1659 9 29 10 30 1831 2003 1835 2007
959 0 -1
1660 46 28 49 29 1832 2004 1836 2008
960 0 -1
1661 92 5 92 12 1833 2005 1840 2012
961 0 -1
1662 29 51 31 55 1834 2006 1841 2013
962 0 -1
1663 75 37 76 43 1835 2007 1842 2014
963 0 -1
1664 0 75 1 76 1836 2008 1838 2010
964 0 -1
1665 71 67 72 67 1837 2009 1838 2010
965 0 -1
1668 77 68 77 70 1840 2012 1843 2015
966 0 -1
1671 88 18 95 19 1843 2015 1851 2023
967 0 -1
1672 5 98 6 100 1844 2016 1848 2020
968 0 -1
1673 51 64 54 66 1845 2017 1850 2022
969 0 -1
1675 48 58 49 58 1847 2019 1848 2020
970 0 -1
1676 31 5 31 5 1848 2020 1851 2023
971 0 -1
1678 4 76 4 79 1850 2022 1853 2025
972 0 -1
1679 61 62 68 62 1851 2023 1858 2030
973 0 -1
1680 21 83 22 83 1852 2024 1856 2028
974 0 -1
1683 81 6 82 10 1855 2027 1862 2034
975 0 -1
1685 15 10 17 11 1857 2029 1860 2032
976 0 -1
1686 2 33 11 33 1858 2030 1868 2040
977 0 -1
1687 51 79 55 79 1859 2031 1863 2035
978 0 -1
1688 63 90 66 93 1860 2032 1866 2038
979 0 -1
1690 59 96 60 98 1862 2034 1866 2038
980 0 -1
1691 69 12 70 13 1863 2035 1865 2037
981 0 -1
1692 21 12 23 13 1864 2036 1867 2039
982 0 -1
1694 11 79 11 79 1866 2038 1867 2039
983 0 -1
1695 27 40 29 42 1867 2039 1871 2043
984 0 -1
1696 48 52 51 52 1868 2040 1871 2043
985 0 -1
1697 39 34 40 34 1869 2041 1871 2043
986 0 -1
1698 76 28 77 28 1870 2042 1872 2044
987 0 -1
1700 4 94 6 94 1872 2044 1874 2046
988 0 -1
1702 41 14 55 14 1874 2046 1888 2060
989 0 -1
1703 6 34 6 34 1875 2047 1876 2048
990 0 -1
1704 59 60 59 61 1876 2048 1879 2051
991 0 -1
1709 40 16 40 18 1881 2053 1884 2056
992 0 -1
1712 87 24 90 24 1884 2056 1887 2059
993 0 -1
1714 91 91 91 92 1886 2058 1890 2062
994 0 -1
1717 25 68 29 68 1889 2061 1893 2065
995 0 -1
1718 97 34 98 35 1890 2062 1892 2064
996 0 -1
1720 85 44 89 46 1892 2064 1898 2070
997 0 -1
1722 13 8 13 8 1894 2066 1895 2067
998 0 -1
1723 98 60 96 60 1895 2067 1897 2069
999 0 -1
1725 53 7 53 7 1897 2069 1899 2071
1000 0 -1
1726 19 36 21 37 1898 2070 1901 2073
