100 100 831
4
0 37 39
1 36 1
2 40 8
3 7 86
8
0 0 165 100 6
0
1 0 390 100 6
0
2 1 186 100 6
0
3 1 391 100 6
0
4 2 199 100 6
0
5 2 389 100 6
0
6 3 200 100 6
0
7 3 398 100 6
0
300
1 0 -1
2 43 17 44 18 140 278 143 281
2 3 -1
5 10 95 11 95 143 281 148 286
3 3 -1
7 39 78 41 80 145 283 149 287
4 2 -1
8 9 15 17 15 146 284 155 293
5 3 -1
9 42 0 46 1 147 285 153 291
6 1 -1
10 75 92 78 92 148 286 152 290
7 0 -1
11 70 91 73 94 149 287 155 293
8 2 -1
12 5 47 7 47 150 288 152 290
9 0 -1
13 58 72 59 72 151 289 153 291
10 1 -1
14 88 82 90 82 152 290 155 293
11 2 -1
15 20 92 23 92 153 291 159 297
12 1 -1
17 99 59 99 61 155 293 159 297
13 3 -1
18 96 82 90 82 156 294 162 300
14 1 -1
19 56 94 56 94 157 295 158 296
15 1 -1
20 23 87 25 87 158 296 160 298
16 2 -1
21 52 40 53 40 159 297 161 299
17 3 -1
22 98 2 94 2 160 298 164 302
18 1 -1
24 91 74 91 76 162 300 164 302
19 0 -1
29 61 45 64 46 167 305 173 311
20 0 -1
30 33 59 34 60 168 306 170 308
21 1 -1
31 90 76 92 76 169 307 171 309
22 3 -1
33 83 5 88 5 171 309 177 315
23 1 -1
35 97 18 97 19 173 311 174 312
24 3 -1
36 9 46 10 46 174 312 176 314
25 3 -1
39 17 5 18 5 177 315 178 316
26 0 -1
40 5 37 5 38 178 316 179 317
27 2 -1
41 52 9 54 9 179 317 181 319
28 3 -1
42 32 0 32 1 180 318 181 319
29 1 -1
43 63 25 63 26 181 319 182 320
30 0 -1
45 31 80 32 81 183 321 185 323
31 3 -1
49 0 98 2 99 187 325 190 328
32 3 -1
52 44 95 50 96 190 328 197 335
33 3 -1
53 63 19 68 19 191 329 196 334
34 2 -1
54 23 72 24 72 192 330 193 331
35 3 -1
56 94 81 86 81 194 332 211 349
36 0 -1
57 57 46 57 47 195 333 197 335
37 3 -1
59 82 34 83 34 197 335 198 336
38 0 -1
61 76 60 78 60 199 337 201 339
39 3 -1
62 59 42 65 44 200 338 208 346
40 1 -1
64 19 78 25 79 202 340 221 359
41 3 -1
69 77 28 77 28 207 345 209 347
42 0 -1
71 7 74 9 74 209 347 217 355
43 1 -1
73 27 63 28 67 211 349 216 354
44 1 -1
76 6 70 7 71 214 352 217 355
45 0 -1
78 60 26 60 27 216 354 218 356
46 0 -1
80 36 12 38 12 218 356 221 359
47 3 -1
81 99 97 97 97 219 357 221 359
48 0 -1
82 96 97 98 97 220 358 226 364
49 2 -1
83 97 25 99 28 221 359 226 364
50 0 -1
84 88 83 89 83 222 360 223 361
51 1 -1
86 65 88 74 89 224 362 234 372
52 3 -1
87 43 27 43 28 225 363 226 364
53 3 -1
90 84 71 85 71 228 366 229 367
54 2 -1
91 9 77 9 78 229 367 233 371
55 0 -1
92 5 72 6 72 230 368 231 369
56 3 -1
93 55 52 57 52 231 369 234 372
57 3 -1
94 51 45 56 45 232 370 238 376
58 1 -1
96 6 2 7 2 234 372 236 374
59 1 -1
103 48 53 49 53 241 379 244 382
60 1 -1
105 53 22 54 23 243 381 245 383
61 0 -1
106 27 66 27 66 244 382 254 392
62 1 -1
107 97 16 99 17 245 383 248 386
63 0 -1
108 99 40 92 40 246 384 254 392
64 3 -1
110 12 23 19 23 248 386 256 394
65 3 -1
111 1 12 1 12 249 387 250 388
66 2 -1
114 95 37 89 37 252 390 258 396
67 3 -1
115 71 83 71 87 253 391 258 396
68 2 -1
116 82 81 84 86 254 392 266 404
69 0 -1
119 86 63 86 66 257 395 260 398
70 3 -1
120 43 16 43 16 258 396 259 397
71 0 -1
122 27 10 28 12 260 398 264 402
72 2 -1
123 70 30 73 30 261 399 264 402
73 3 -1
124 96 51 99 51 262 400 266 404
74 2 -1
127 52 56 52 56 265 403 266 404
75 1 -1
128 68 3 69 9 266 404 285 423
76 2 -1
130 69 5 69 6 268 406 269 407
77 1 -1
132 47 71 49 72 270 408 285 423
78 2 -1
134 16 96 16 97 272 410 273 411
79 2 -1
135 46 82 51 87 273 411 284 422
80 0 -1
136 94 77 96 77 274 412 276 414
81 3 -1
139 41 67 41 68 277 415 278 416
82 3 -1
140 92 86 96 86 278 416 282 420
83 3 -1
141 16 11 17 11 279 417 284 422
84 2 -1
144 31 44 36 44 282 420 287 425
85 2 -1
145 25 95 26 95 283 421 285 423
86 2 -1
146 18 76 19 76 284 422 285 423
87 2 -1
147 9 65 10 65 285 423 286 424
88 3 -1
148 73 0 73 1 286 424 287 425
89 3 -1
149 0 4 0 6 287 425 289 427
90 3 -1
150 9 56 9 60 288 426 294 432
91 0 -1
153 88 29 88 30 291 429 292 430
92 3 -1
154 41 43 41 47 292 430 296 434
93 3 -1
155 15 60 16 60 293 431 294 432
94 1 -1
156 62 40 62 44 294 432 299 437
95 1 -1
157 2 26 4 29 295 433 300 438
96 2 -1
160 18 9 18 14 298 436 304 442
97 0 -1
162 27 57 27 57 300 438 301 439
98 2 -1
163 63 60 64 60 301 439 302 440
99 3 -1
166 98 15 99 16 304 442 306 444
100 1 -1
167 86 90 89 92 305 443 310 448
101 0 -1
168 92 58 92 59 306 444 308 446
102 3 -1
169 82 57 84 58 307 445 312 450
103 0 -1
170 33 70 34 74 308 446 313 451
104 2 -1
172 72 55 75 57 310 448 315 453
105 3 -1
173 62 77 66 77 311 449 316 454
106 1 -1
174 75 21 75 23 312 450 314 452
107 1 -1
179 57 38 58 38 317 455 318 456
108 2 -1
183 81 93 84 94 321 459 326 464
109 1 -1
184 23 68 25 68 322 460 324 462
110 0 -1
185 61 5 62 5 323 461 325 463
111 2 -1
186 39 52 43 55 324 462 333 471
112 2 -1
187 91 39 93 39 325 463 331 469
113 0 -1
189 79 25 84 25 327 465 332 470
114 2 -1
190 86 99 86 100 328 466 333 471
115 3 -1
193 60 91 61 91 331 469 332 470
116 2 -1
196 3 25 5 25 334 472 336 474
117 3 -1
197 65 20 66 20 335 473 336 474
118 3 -1
198 86 61 72 64 336 474 354 492
119 1 -1
199 96 72 97 72 337 475 338 476
120 1 -1
200 26 62 28 62 338 476 340 478
121 2 -1
201 6 89 6 90 339 477 340 478
122 2 -1
204 15 52 15 52 342 480 343 481
123 0 -1
208 35 49 36 49 346 484 347 485
124 2 -1
209 98 19 98 19 347 485 348 486
125 1 -1
211 30 46 30 46 349 487 352 490
126 1 -1
212 26 80 28 80 350 488 352 490
127 2 -1
213 44 24 44 32 351 489 359 497
128 0 -1
214 33 62 37 62 352 490 357 495
129 1 -1
218 0 62 6 63 356 494 363 501
130 2 -1
219 50 19 52 19 357 495 359 497
131 2 -1
224 76 63 78 63 362 500 365 503
132 0 -1
225 87 53 88 54 363 501 365 503
133 1 -1
229 57 16 61 17 367 505 373 511
134 0 -1
230 96 37 97 37 368 506 369 507
135 3 -1
231 14 32 14 35 369 507 372 510
136 3 -1
236 83 51 83 52 374 512 376 514
137 1 -1
237 90 84 92 84 375 513 377 515
138 2 -1
240 2 74 3 77 378 516 389 527
139 3 -1
242 7 7 8 7 380 518 382 520
140 0 -1
244 12 18 13 20 382 520 387 525
141 2 -1
245 27 49 29 51 383 521 389 527
142 1 -1
246 81 80 83 80 384 522 387 525
143 1 -1
247 69 45 72 45 385 523 388 526
144 2 -1
248 42 84 44 84 386 524 389 527
145 2 -1
250 41 6 42 6 388 526 390 528
146 3 -1
251 61 40 64 40 389 527 392 530
147 1 -1
253 47 8 48 8 391 529 392 530
148 1 -1
255 7 21 8 22 393 531 395 533
149 2 -1
256 67 9 67 9 394 532 398 536
150 1 -1
257 14 8 18 8 395 533 399 537
151 2 -1
258 82 33 82 34 396 534 397 535
152 0 -1
260 48 8 49 9 398 536 400 538
153 3 -1
261 66 77 72 79 399 537 411 549
154 3 -1
266 83 80 83 84 404 542 408 546
155 1 -1
267 45 20 47 21 405 543 408 546
156 1 -1
268 51 78 51 78 406 544 408 546
157 2 -1
269 4 97 4 97 407 545 408 546
158 3 -1
271 67 56 73 56 409 547 415 553
159 3 -1
272 54 3 55 3 410 548 411 549
160 2 -1
274 95 82 82 82 412 550 425 563
161 3 -1
277 94 82 94 82 415 553 417 555
162 1 -1
278 18 25 21 25 416 554 422 560
163 1 -1
279 72 30 72 33 417 555 421 559
164 1 -1
280 3 58 5 59 418 556 421 559
165 0 -1
283 20 85 21 85 421 559 422 560
166 0 -1
285 46 25 49 25 423 561 426 564
167 1 -1
286 45 12 48 12 424 562 427 565
168 2 -1
289 46 62 48 62 427 565 430 568
169 3 -1
293 82 4 84 5 431 569 435 573
170 3 -1
294 88 53 88 54 432 570 433 571
171 3 -1
295 20 56 22 56 433 571 435 573
172 3 -1
296 53 14 56 14 434 572 438 576
173 1 -1
303 37 42 46 42 441 579 450 588
174 0 -1
305 65 3 70 3 443 581 448 586
175 3 -1
306 27 59 28 59 444 582 445 583
176 0 -1
307 16 55 18 55 445 583 447 585
177 1 -1
310 33 89 36 90 448 586 452 590
178 1 -1
311 62 81 62 85 449 587 453 591
179 1 -1
312 49 76 58 76 450 588 459 597
180 0 -1
313 44 32 44 32 451 589 452 590
181 3 -1
315 40 28 41 29 453 591 455 593
182 3 -1
320 71 48 75 54 458 596 474 612
183 0 -1
321 32 63 32 65 459 597 462 600
184 0 -1
323 75 65 84 68 461 599 474 612
185 2 -1
325 42 4 43 10 463 601 471 609
186 2 -1
326 98 76 99 76 464 602 465 603
187 2 -1
327 94 53 95 54 465 603 468 606
188 1 -1
328 63 22 65 23 466 604 471 609
189 1 -1
329 20 67 20 69 467 605 470 608
190 1 -1
330 32 29 32 31 468 606 473 611
191 3 -1
337 65 36 75 38 475 613 488 626
192 3 -1
340 36 54 38 54 478 616 481 619
193 3 -1
342 64 80 64 81 480 618 481 619
194 2 -1
343 42 86 42 87 481 619 484 622
195 2 -1
345 78 94 82 97 483 621 495 633
196 3 -1
349 57 28 58 28 487 625 488 626
197 2 -1
351 91 51 92 51 489 627 490 628
198 3 -1
354 8 84 12 84 492 630 498 636
199 2 -1
356 2 3 3 3 494 632 495 633
200 3 -1
357 86 13 89 14 495 633 499 637
201 2 -1
358 15 86 21 87 496 634 503 641
202 0 -1
359 83 1 86 1 497 635 500 638
203 3 -1
360 29 94 31 94 498 636 500 638
204 2 -1
361 68 95 72 95 499 637 505 643
205 2 -1
363 88 21 89 21 501 639 502 640
206 0 -1
364 37 33 37 33 502 640 503 641
207 0 -1
365 17 65 19 65 503 641 505 643
208 3 -1
367 1 90 6 91 505 643 511 649
209 2 -1
371 44 80 44 81 509 647 510 648
210 3 -1
372 19 5 27 5 510 648 518 656
211 3 -1
373 19 99 20 97 511 649 514 652
212 0 -1
374 99 37 99 38 512 650 513 651
213 3 -1
375 83 60 83 60 513 651 514 652
214 1 -1
377 46 13 46 13 515 653 516 654
215 3 -1
379 41 47 41 47 517 655 518 656
216 2 -1
380 88 81 88 81 518 656 519 657
217 0 -1
381 17 52 19 54 519 657 524 662
218 3 -1
382 66 30 67 31 520 658 522 660
219 0 -1
383 65 33 66 33 521 659 522 660
220 3 -1
388 1 77 1 78 526 664 527 665
221 0 -1
391 58 23 58 24 529 667 531 669
222 1 -1
392 27 1 28 1 530 668 532 670
223 0 -1
394 32 32 35 32 532 670 535 673
224 0 -1
396 31 22 32 26 534 672 539 677
225 3 -1
397 60 2 61 2 535 673 536 674
226 2 -1
400 23 84 23 86 538 676 540 678
227 2 -1
401 64 73 66 73 539 677 541 679
228 2 -1
403 52 22 55 23 541 679 546 684
229 0 -1
404 13 96 15 96 542 680 544 682
230 0 -1
407 92 42 93 42 545 683 546 684
231 2 -1
408 50 72 50 75 546 684 549 687
232 2 -1
411 65 37 67 37 549 687 551 689
233 3 -1
412 53 26 53 27 550 688 551 689
234 3 -1
414 12 44 13 44 552 690 553 691
235 0 -1
418 24 26 24 27 556 694 557 695
236 1 -1
420 45 84 46 84 558 696 559 697
237 0 -1
421 30 60 32 60 559 697 561 699
238 1 -1
423 10 97 11 97 561 699 562 700
239 3 -1
426 29 65 30 65 564 702 569 707
240 1 -1
428 51 74 53 74 566 704 568 706
241 2 -1
433 41 59 41 59 571 709 573 711
242 2 -1
437 13 6 13 6 575 713 576 714
243 3 -1
439 61 65 62 66 577 715 579 717
244 0 -1
441 95 4 99 4 579 717 587 725
245 0 -1
446 93 8 93 10 584 722 588 726
246 0 -1
448 69 48 71 48 586 724 589 727
247 0 -1
450 26 0 29 2 588 726 596 734
248 3 -1
452 46 72 49 72 590 728 593 731
249 2 -1
455 74 95 77 95 593 731 596 734
250 1 -1
460 21 40 23 44 598 736 604 742
251 1 -1
461 6 75 6 76 599 737 601 739
252 2 -1
462 41 21 44 21 600 738 603 741
253 0 -1
464 18 60 20 60 602 740 604 742
254 1 -1
469 30 76 32 76 607 745 609 747
255 1 -1
471 64 40 68 44 609 747 620 758
256 1 -1
475 18 60 20 60 613 751 615 753
257 2 -1
478 70 94 74 94 616 754 620 758
258 1 -1
479 46 33 46 33 617 755 619 757
259 2 -1
480 14 33 16 34 618 756 626 764
260 0 -1
481 91 89 93 93 619 757 625 763
261 3 -1
482 5 46 6 46 620 758 621 759
262 3 -1
484 92 76 96 76 622 760 626 764
263 3 -1
486 92 69 94 69 624 762 627 765
264 0 -1
488 51 21 53 21 626 764 629 767
265 2 -1
489 99 57 88 57 627 765 640 778
266 2 -1
491 53 34 55 34 629 767 631 769
267 2 -1
493 27 18 27 19 631 769 632 770
268 3 -1
496 74 0 74 0 634 772 635 773
269 0 -1
501 44 9 45 9 639 777 641 779
270 1 -1
502 64 7 65 9 640 778 644 782
271 1 -1
505 54 14 56 14 643 781 645 783
272 2 -1
506 54 75 55 77 644 782 649 787
273 0 -1
507 68 1 69 1 645 783 646 784
274 0 -1
509 48 78 49 78 647 785 648 786
275 0 -1
511 13 52 13 54 649 787 651 789
276 1 -1
512 1 68 2 68 650 788 651 789
277 3 -1
515 97 36 99 36 653 791 656 794
278 1 -1
516 72 32 72 39 654 792 667 805
279 2 -1
517 1 28 1 28 655 793 659 797
280 0 -1
518 25 44 27 44 656 794 658 796
281 2 -1
520 94 28 95 28 658 796 659 797
282 2 -1
522 97 32 92 33 660 798 669 807
283 3 -1
523 45 64 46 64 661 799 662 800
284 3 -1
525 65 75 65 75 663 801 665 803
285 3 -1
526 38 93 38 93 664 802 666 804
286 2 -1
528 50 52 53 54 666 804 671 809
287 1 -1
530 29 75 33 75 668 806 672 810
288 1 -1
533 46 46 48 46 671 809 673 811
289 0 -1
535 69 18 70 19 673 811 676 814
290 3 -1
536 77 64 79 64 674 812 676 814
291 3 -1
537 92 32 92 33 675 813 676 814
292 2 -1
538 88 1 91 1 676 814 679 817
293 0 -1
540 85 81 89 81 678 816 682 820
294 0 -1
541 98 0 98 2 679 817 682 820
295 0 -1
542 73 15 77 19 680 818 688 826
296 0 -1
543 39 75 39 75 681 819 683 821
297 1 -1
546 23 70 25 70 684 822 686 824
298 3 -1
547 0 17 1 17 685 823 687 825
299 2 -1
550 77 82 78 82 688 826 689 827
300 0 -1
552 10 44 13 44 690 828 693 831
