100 100 1107
16
0 71 4
1 6 23
2 95 47
3 20 59
4 33 11
5 68 42
6 55 92
7 89 24
8 71 26
9 13 9
10 60 44
11 76 26
12 58 14
13 90 92
14 92 92
15 83 93
16
0 0 -1 100 6
0
1 1 -1 100 6
0
2 2 -1 100 6
0
3 3 -1 100 6
0
4 4 -1 100 6
0
5 5 -1 100 6
0
6 6 -1 100 6
0
7 7 -1 100 6
0
8 8 -1 100 6
0
9 9 -1 100 6
0
10 10 -1 100 6
0
11 11 -1 100 6
0
12 12 -1 100 6
0
13 13 -1 100 6
0
14 14 -1 100 6
0
15 15 -1 100 6
0
300
1 0 -1
2 14 44 14 44 278 554 281 557
2 7 -1
5 42 83 44 86 281 557 286 562
3 11 -1
7 11 61 11 61 283 559 287 563
4 15 -1
8 85 74 89 74 284 560 293 569
5 12 -1
9 85 2 86 2 285 561 291 567
6 2 -1
10 17 73 17 73 286 562 290 566
7 5 -1
11 69 33 72 35 287 563 293 569
8 12 -1
12 48 67 49 68 288 564 290 566
9 4 -1
13 67 39 68 40 289 565 291 567
10 10 -1
14 10 79 12 79 290 566 293 569
11 11 -1
15 97 19 94 20 291 567 297 573
12 15 -1
17 61 49 63 50 293 569 297 573
13 14 -1
18 32 62 35 62 294 570 300 576
14 10 -1
19 75 98 75 99 295 571 296 572
15 8 -1
20 71 12 71 12 296 572 298 574
16 2 -1
21 13 50 15 50 297 573 299 575
17 13 -1
22 78 87 78 87 298 574 302 578
18 12 -1
24 28 17 29 17 300 576 302 578
19 8 -1
29 93 2 94 6 305 581 311 587
20 13 -1
30 77 46 78 47 306 582 308 584
21 6 -1
31 33 12 34 13 307 583 309 585
22 11 -1
33 79 26 83 28 309 585 315 591
23 0 -1
35 22 2 22 2 311 587 312 588
24 9 -1
36 63 89 65 89 312 588 314 590
25 8 -1
39 58 97 58 98 315 591 316 592
26 13 -1
40 8 66 8 67 316 592 317 593
27 11 -1
41 13 50 14 50 317 593 319 595
28 12 -1
42 45 96 46 96 318 594 319 595
29 15 -1
43 5 63 5 63 319 595 320 596
30 1 -1
45 80 70 82 70 321 597 323 599
31 4 -1
49 19 24 21 24 325 601 328 604
32 11 -1
52 29 4 31 5 328 604 335 611
33 15 -1
53 44 29 49 29 329 605 334 610
34 10 -1
54 26 22 26 22 330 606 331 607
35 12 -1
56 90 8 92 11 332 608 349 625
36 9 -1
57 6 13 7 13 333 609 335 611
37 4 -1
59 57 3 57 4 335 611 336 612
38 0 -1
61 91 0 92 0 337 613 339 615
39 5 -1
62 79 93 84 95 338 614 346 622
40 9 -1
64 45 8 50 14 340 616 359 635
41 14 -1
69 68 99 69 100 345 621 347 623
42 8 -1
71 58 24 60 29 347 623 355 631
43 2 -1
73 12 28 15 30 349 625 354 630
44 14 -1
76 87 78 88 80 352 628 355 631
45 9 -1
78 9 14 9 15 354 630 356 632
46 13 -1
80 87 39 87 41 356 632 359 635
47 13 -1
81 0 35 0 35 357 633 359 635
48 10 -1
82 40 63 41 68 358 634 364 640
49 8 -1
83 67 0 70 0 359 635 364 640
50 14 -1
84 57 99 58 99 360 636 361 637
51 6 -1
86 82 0 85 2 362 638 372 648
52 4 -1
87 65 76 66 76 363 639 364 640
53 13 -1
90 80 53 80 53 366 642 367 643
54 6 -1
91 15 44 17 46 367 643 371 647
55 7 -1
92 0 57 0 57 368 644 369 645
56 2 -1
93 11 70 14 70 369 645 372 648
57 11 -1
94 52 95 57 95 370 646 376 652
58 9 -1
96 15 0 15 0 372 648 374 650
59 8 -1
103 33 55 34 55 379 655 382 658
60 3 -1
105 58 58 59 58 381 657 383 659
61 6 -1
106 91 34 82 34 382 658 392 668
62 11 -1
107 71 54 74 54 383 659 386 662
63 8 -1
108 80 52 88 52 384 660 392 668
64 9 -1
110 32 15 33 19 386 662 394 670
65 2 -1
111 15 21 16 21 387 663 388 664
66 7 -1
114 56 15 62 15 390 666 396 672
67 7 -1
115 52 15 53 17 391 667 396 672
68 10 -1
116 30 16 40 17 392 668 404 680
69 7 -1
119 59 94 60 95 395 671 398 674
70 3 -1
120 86 77 86 77 396 672 397 673
71 6 -1
122 91 63 95 63 398 674 402 678
72 9 -1
123 91 82 94 82 399 675 402 678
73 0 -1
124 84 7 84 11 400 676 404 680
74 14 -1
127 11 85 12 85 403 679 404 680
75 12 -1
128 36 34 48 34 404 680 423 699
76 9 -1
130 0 62 1 62 406 682 407 683
77 9 -1
132 27 46 33 50 408 684 423 699
78 4 -1
134 80 13 81 13 410 686 411 687
79 10 -1
135 24 1 30 4 411 687 422 698
80 8 -1
136 40 75 41 75 412 688 414 690
81 8 -1
139 59 93 60 93 415 691 416 692
82 11 -1
140 37 1 40 2 416 692 420 696
83 15 -1
141 88 94 88 97 417 693 422 698
84 10 -1
144 7 33 12 33 420 696 425 701
85 14 -1
145 27 49 27 50 421 697 423 699
86 5 -1
146 53 31 54 31 422 698 423 699
87 7 -1
147 95 55 95 56 423 699 424 700
88 0 -1
148 31 47 32 47 424 700 425 701
89 2 -1
149 80 79 82 79 425 701 427 703
90 11 -1
150 65 45 65 51 426 702 432 708
91 12 -1
153 22 92 23 92 429 705 430 706
92 5 -1
154 84 73 86 74 430 706 434 710
93 7 -1
155 55 2 57 3 431 707 435 711
94 7 -1
156 73 40 76 42 432 708 437 713
95 14 -1
157 2 17 3 20 433 709 438 714
96 9 -1
160 14 41 20 41 436 712 442 718
97 2 -1
162 81 68 82 68 438 714 439 715
98 6 -1
163 39 38 40 38 439 715 440 716
99 6 -1
166 1 68 1 68 442 718 444 720
100 4 -1
167 17 47 20 49 443 719 448 724
101 2 -1
168 13 33 14 33 444 720 446 722
102 12 -1
169 7 28 12 28 445 721 450 726
103 9 -1
170 51 76 53 77 446 722 451 727
104 6 -1
172 89 63 94 63 448 724 453 729
105 6 -1
173 9 32 11 34 449 725 454 730
106 10 -1
174 24 6 24 8 450 726 452 728
107 2 -1
179 1 62 2 62 455 731 456 732
108 10 -1
183 24 75 25 75 459 735 464 740
109 3 -1
184 98 74 99 75 460 736 462 738
110 10 -1
185 96 40 98 40 461 737 463 739
111 9 -1
186 59 99 67 99 462 738 471 747
112 14 -1
187 2 74 5 75 463 739 469 745
113 14 -1
189 72 52 74 55 465 741 470 746
114 3 -1
190 88 12 91 13 466 742 471 747
115 5 -1
193 42 54 42 55 469 745 470 746
116 15 -1
196 45 85 45 85 472 748 474 750
117 2 -1
197 9 74 10 74 473 749 474 750
118 10 -1
198 46 58 53 62 474 750 492 768
119 10 -1
199 91 4 91 5 475 751 476 752
120 1 -1
200 25 18 26 19 476 752 478 754
121 1 -1
201 23 36 24 36 477 753 478 754
122 10 -1
204 37 42 38 42 480 756 481 757
123 6 -1
208 5 19 6 19 484 760 485 761
124 15 -1
209 74 88 75 88 485 761 486 762
125 4 -1
211 72 32 74 33 487 763 490 766
126 8 -1
212 29 25 29 25 488 764 490 766
127 2 -1
213 93 29 95 29 489 765 497 773
128 3 -1
214 56 14 59 16 490 766 495 771
129 15 -1
218 45 38 50 38 494 770 501 777
130 8 -1
219 56 40 58 40 495 771 497 773
131 14 -1
224 53 16 53 19 500 776 503 779
132 12 -1
225 94 26 95 26 501 777 503 779
133 6 -1
229 83 2 86 3 505 781 511 787
134 7 -1
230 17 53 17 54 506 782 507 783
135 15 -1
231 29 46 31 46 507 783 510 786
136 15 -1
236 8 67 9 68 512 788 514 790
137 3 -1
237 77 61 78 62 513 789 515 791
138 13 -1
240 19 87 24 91 516 792 527 803
139 12 -1
242 83 37 84 38 518 794 520 796
140 4 -1
244 61 10 66 10 520 796 525 801
141 12 -1
245 73 56 79 56 521 797 527 803
142 2 -1
246 9 12 10 13 522 798 525 801
143 10 -1
247 67 21 69 22 523 799 526 802
144 11 -1
248 22 8 23 10 524 800 527 803
145 8 -1
250 52 59 54 59 526 802 528 804
146 8 -1
251 94 80 97 80 527 803 530 806
147 8 -1
253 79 1 80 1 529 805 530 806
148 11 -1
255 5 3 6 4 531 807 533 809
149 9 -1
256 62 18 66 18 532 808 536 812
150 0 -1
257 80 17 80 17 533 809 537 813
151 12 -1
258 88 7 88 7 534 810 535 811
152 15 -1
260 52 13 53 14 536 812 538 814
153 4 -1
261 9 70 19 72 537 813 549 825
154 15 -1
266 27 1 27 1 542 818 546 822
155 15 -1
267 79 61 80 63 543 819 546 822
156 2 -1
268 60 40 62 40 544 820 546 822
157 7 -1
269 53 33 54 33 545 821 546 822
158 4 -1
271 16 2 19 4 547 823 553 829
159 5 -1
272 33 9 33 9 548 824 549 825
160 6 -1
274 18 35 26 37 550 826 563 839
161 13 -1
277 46 55 47 55 553 829 555 831
162 11 -1
278 83 28 89 28 554 830 560 836
163 1 -1
279 22 70 24 72 555 831 559 835
164 6 -1
280 69 19 72 19 556 832 559 835
165 4 -1
283 27 86 28 86 559 835 560 836
166 7 -1
285 7 96 7 99 561 837 564 840
167 4 -1
286 33 33 34 34 562 838 565 841
168 14 -1
289 78 74 81 74 565 841 568 844
169 10 -1
293 22 6 25 7 569 845 573 849
170 3 -1
294 73 71 74 74 570 846 574 850
171 12 -1
295 10 62 12 62 571 847 573 849
172 12 -1
296 0 67 4 67 572 848 576 852
173 0 -1
303 74 3 81 5 579 855 588 864
174 5 -1
305 36 97 40 97 581 857 586 862
175 4 -1
306 8 81 9 81 582 858 583 859
176 12 -1
307 36 91 37 92 583 859 585 861
177 2 -1
310 75 59 76 61 586 862 590 866
178 12 -1
311 63 63 65 63 587 863 591 867
179 7 -1
312 46 4 52 7 588 864 597 873
180 14 -1
313 68 34 69 34 589 865 590 866
181 0 -1
315 71 37 71 38 591 867 593 869
182 11 -1
320 29 67 36 75 596 872 612 888
183 10 -1
321 1 66 2 66 597 873 600 876
184 13 -1
323 9 76 12 80 599 875 612 888
185 9 -1
325 20 9 27 10 601 877 609 885
186 8 -1
326 24 15 24 16 602 878 603 879
187 2 -1
327 41 40 42 42 603 879 606 882
188 9 -1
328 34 72 35 74 604 880 609 885
189 4 -1
329 56 27 57 27 605 881 608 884
190 3 -1
330 48 11 51 13 606 882 611 887
191 11 -1
337 56 71 59 72 613 889 626 902
192 7 -1
340 75 6 76 7 616 892 619 895
193 5 -1
342 50 12 51 12 618 894 619 895
194 8 -1
343 1 52 3 53 619 895 622 898
195 0 -1
345 95 30 95 38 621 897 633 909
196 10 -1
349 4 61 5 61 625 901 626 902
197 10 -1
351 36 89 37 89 627 903 628 904
198 0 -1
354 61 95 66 95 630 906 636 912
199 12 -1
356 16 1 16 1 632 908 633 909
200 3 -1
357 96 56 98 56 633 909 637 913
201 1 -1
358 12 49 17 49 634 910 641 917
202 6 -1
359 73 44 73 46 635 911 638 914
203 8 -1
360 99 9 99 11 636 912 638 914
204 15 -1
361 87 33 93 33 637 913 643 919
205 15 -1
363 72 69 73 69 639 915 640 916
206 13 -1
364 91 2 91 3 640 916 641 917
207 14 -1
365 44 37 46 37 641 917 643 919
208 9 -1
367 3 53 7 55 643 919 649 925
209 5 -1
371 30 68 31 68 647 923 648 924
210 9 -1
372 82 46 88 46 648 924 656 932
211 10 -1
373 49 67 49 67 649 925 652 928
212 0 -1
374 18 83 19 83 650 926 651 927
213 6 -1
375 51 83 52 83 651 927 652 928
214 14 -1
377 82 84 83 84 653 929 654 930
215 0 -1
379 56 7 56 7 655 931 656 932
216 5 -1
380 90 17 90 18 656 932 657 933
217 4 -1
381 69 28 70 32 657 933 662 938
218 3 -1
382 14 37 15 37 658 934 660 936
219 13 -1
383 82 28 83 28 659 935 660 936
220 3 -1
388 8 39 8 39 664 940 665 941
221 6 -1
391 89 19 89 20 667 943 669 945
222 7 -1
392 50 86 52 86 668 944 670 946
223 11 -1
394 99 1 97 1 670 946 673 949
224 1 -1
396 66 99 69 97 672 948 677 953
225 6 -1
397 78 63 78 63 673 949 674 950
226 5 -1
400 85 5 86 5 676 952 678 954
227 10 -1
401 56 74 58 74 677 953 679 955
228 3 -1
403 32 47 37 47 679 955 684 960
229 0 -1
404 26 38 26 40 680 956 682 958
230 14 -1
407 92 16 93 16 683 959 684 960
231 2 -1
408 50 51 53 51 684 960 687 963
232 14 -1
411 41 25 42 25 687 963 689 965
233 1 -1
412 2 31 3 31 688 964 689 965
234 6 -1
414 43 52 44 52 690 966 691 967
235 6 -1
418 11 93 11 93 694 970 695 971
236 14 -1
420 0 66 0 66 696 972 697 973
237 10 -1
421 51 97 53 97 697 973 699 975
238 14 -1
423 59 20 60 20 699 975 700 976
239 10 -1
426 48 69 52 69 702 978 707 983
240 6 -1
428 9 94 10 94 704 980 706 982
241 0 -1
433 65 43 65 43 709 985 711 987
242 5 -1
437 36 75 36 75 713 989 714 990
243 7 -1
439 9 64 10 64 715 991 717 993
244 7 -1
441 1 45 3 51 717 993 725 1001
245 1 -1
446 51 58 53 58 722 998 726 1002
246 2 -1
448 72 32 73 32 724 1000 727 1003
247 2 -1
450 17 55 17 55 726 1002 734 1010
248 2 -1
452 49 1 49 1 728 1004 731 1007
249 3 -1
455 73 36 75 36 731 1007 734 1010
250 14 -1
460 45 91 51 91 736 1012 742 1018
251 8 -1
461 97 94 99 94 737 1013 739 1015
252 10 -1
462 42 67 42 67 738 1014 741 1017
253 1 -1
464 8 7 10 7 740 1016 742 1018
254 11 -1
469 2 79 2 80 745 1021 747 1023
255 3 -1
471 38 36 42 40 747 1023 758 1034
256 9 -1
475 4 43 4 45 751 1027 753 1029
257 13 -1
478 7 28 9 30 754 1030 758 1034
258 7 -1
479 15 95 15 97 755 1031 757 1033
259 1 -1
480 45 96 51 97 756 1032 764 1040
260 11 -1
481 19 64 24 64 757 1033 763 1039
261 6 -1
482 69 97 69 97 758 1034 759 1035
262 11 -1
484 94 25 97 26 760 1036 764 1040
263 1 -1
486 89 33 89 35 762 1038 765 1041
264 10 -1
488 75 13 78 13 764 1040 767 1043
265 10 -1
489 69 60 80 62 765 1041 778 1054
266 6 -1
491 8 28 10 28 767 1043 769 1045
267 7 -1
493 62 80 63 80 769 1045 770 1046
268 5 -1
496 77 52 78 52 772 1048 773 1049
269 13 -1
501 59 81 60 81 777 1053 779 1055
270 15 -1
502 46 0 50 0 778 1054 782 1058
271 9 -1
505 2 37 3 38 781 1057 783 1059
272 6 -1
506 29 17 32 17 782 1058 787 1063
273 12 -1
507 31 90 35 90 783 1059 787 1063
274 6 -1
509 8 30 8 30 785 1061 786 1062
275 13 -1
511 11 20 13 20 787 1063 789 1065
276 1 -1
512 0 73 0 74 788 1064 789 1065
277 6 -1
515 90 35 91 35 791 1067 794 1070
278 14 -1
516 0 71 1 82 792 1068 805 1081
279 13 -1
517 1 94 5 94 793 1069 797 1073
280 1 -1
518 96 42 97 43 794 1070 796 1072
281 1 -1
520 44 73 44 73 796 1072 797 1073
282 11 -1
522 63 41 65 44 798 1074 807 1083
283 13 -1
523 37 78 38 78 799 1075 800 1076
284 6 -1
525 53 44 53 46 801 1077 803 1079
285 2 -1
526 93 69 93 70 802 1078 804 1080
286 0 -1
528 1 66 4 66 804 1080 809 1085
287 4 -1
530 90 60 91 63 806 1082 810 1086
288 0 -1
533 91 35 93 35 809 1085 811 1087
289 4 -1
535 83 38 85 39 811 1087 814 1090
290 7 -1
536 44 81 46 81 812 1088 814 1090
291 1 -1
537 9 24 10 24 813 1089 814 1090
292 9 -1
538 75 76 78 76 814 1090 817 1093
293 14 -1
540 55 40 57 40 816 1092 820 1096
294 4 -1
541 27 98 27 99 817 1093 820 1096
295 3 -1
542 70 42 72 43 818 1094 826 1102
296 0 -1
543 66 50 67 50 819 1095 821 1097
297 9 -1
546 57 99 59 99 822 1098 824 1100
298 12 -1
547 69 19 71 19 823 1099 825 1101
299 6 -1
550 81 39 81 39 826 1102 827 1103
300 7 -1
552 82 5 82 7 828 1104 831 1107
