100 100 3455
1
0 64 1
35
0 0 8 100 6
0
1 0 21 100 6
0
2 0 30 100 6
0
3 0 39 100 6
0
4 0 47 100 6
0
5 0 56 100 6
0
6 0 70 100 6
0
7 0 81 100 6
0
8 0 90 100 6
0
9 0 98 100 6
0
10 0 106 100 6
0
11 0 114 100 6
0
12 0 125 100 6
0
13 0 135 100 6
0
14 0 141 100 6
0
15 0 155 100 6
0
16 0 163 100 6
0
17 0 171 100 6
0
18 0 178 100 6
0
19 0 187 100 6
0
20 0 197 100 6
0
21 0 205 100 6
0
22 0 212 100 6
0
23 0 223 100 6
0
24 0 231 100 6
0
25 0 238 100 6
0
26 0 247 100 6
0
27 0 256 100 6
0
28 0 267 100 6
0
29 0 275 100 6
0
30 0 283 100 6
0
31 0 292 100 6
0
32 0 304 100 6
0
33 0 312 100 6
0
34 0 320 100 6
0
1000
1 0 -1
2 88 9 89 11 865 1728 868 1731
2 0 -1
5 43 4 44 6 868 1731 873 1736
3 0 -1
7 22 15 25 15 870 1733 874 1737
4 0 -1
8 89 16 93 19 871 1734 880 1743
5 0 -1
9 91 92 94 94 872 1735 878 1741
6 0 -1
10 81 85 81 87 873 1736 877 1740
7 0 -1
11 94 44 98 44 874 1737 880 1743
8 0 -1
12 0 46 0 47 875 1738 877 1740
9 0 -1
13 81 82 81 82 876 1739 878 1741
10 0 -1
14 9 63 11 63 877 1740 880 1743
11 0 -1
15 67 34 69 36 878 1741 884 1747
12 0 -1
17 72 98 75 99 880 1743 884 1747
13 0 -1
18 18 33 23 34 881 1744 887 1750
14 0 -1
19 99 32 98 32 882 1745 883 1746
15 0 -1
20 50 20 52 20 883 1746 885 1748
16 0 -1
21 52 87 53 88 884 1747 886 1749
17 0 -1
22 2 67 2 69 885 1748 889 1752
18 0 -1
24 25 54 27 54 887 1750 889 1752
19 0 -1
29 49 51 53 51 892 1755 898 1761
20 0 -1
30 17 74 19 74 893 1756 895 1758
21 0 -1
31 21 25 21 27 894 1757 896 1759
22 0 -1
33 30 20 32 20 896 1759 902 1765
23 0 -1
35 45 22 45 22 898 1761 899 1762
24 0 -1
36 67 29 67 31 899 1762 901 1764
25 0 -1
39 43 31 43 31 902 1765 903 1766
26 0 -1
40 88 97 89 97 903 1766 904 1767
27 0 -1
41 27 43 28 44 904 1767 906 1769
28 0 -1
42 96 31 97 31 905 1768 906 1769
29 0 -1
43 60 76 60 77 906 1769 907 1770
30 0 -1
45 85 29 86 30 908 1771 910 1773
31 0 -1
49 26 73 27 75 912 1775 915 1778
32 0 -1
52 84 69 90 69 915 1778 922 1785
33 0 -1
53 59 65 59 68 916 1779 921 1784
34 0 -1
54 15 75 16 75 917 1780 918 1781
35 0 -1
56 16 28 22 35 919 1782 936 1799
36 0 -1
57 98 83 99 84 920 1783 922 1785
37 0 -1
59 91 56 91 57 922 1785 923 1786
38 0 -1
61 94 17 95 17 924 1787 926 1789
39 0 -1
62 89 13 91 14 925 1788 933 1796
40 0 -1
64 4 88 15 89 927 1790 946 1809
41 0 -1
69 79 15 79 16 932 1795 934 1797
42 0 -1
71 83 91 85 94 934 1797 942 1805
43 0 -1
73 88 86 89 88 936 1799 941 1804
44 0 -1
76 67 57 69 58 939 1802 942 1805
45 0 -1
78 3 47 4 47 941 1804 943 1806
46 0 -1
80 26 9 28 9 943 1806 946 1809
47 0 -1
81 80 90 82 90 944 1807 946 1809
48 0 -1
82 78 86 80 86 945 1808 951 1814
49 0 -1
83 76 57 77 59 946 1809 951 1814
50 0 -1
84 96 29 97 29 947 1810 948 1811
51 0 -1
86 42 86 48 89 949 1812 959 1822
52 0 -1
87 21 27 22 27 950 1813 951 1814
53 0 -1
90 12 17 12 18 953 1816 954 1817
54 0 -1
91 49 97 51 98 954 1817 958 1821
55 0 -1
92 3 99 3 100 955 1818 956 1819
56 0 -1
93 73 92 75 92 956 1819 959 1822
57 0 -1
94 1 95 1 89 957 1820 963 1826
58 0 -1
96 13 59 13 61 959 1822 961 1824
59 0 -1
103 93 44 94 45 966 1829 969 1832
60 0 -1
105 14 33 16 33 968 1831 970 1833
61 0 -1
106 84 40 88 42 969 1832 979 1842
62 0 -1
107 91 68 94 68 970 1833 973 1836
63 0 -1
108 58 18 58 18 971 1834 979 1842
64 0 -1
110 34 5 40 6 973 1836 981 1844
65 0 -1
111 63 31 64 31 974 1837 975 1838
66 0 -1
114 88 79 92 79 977 1840 983 1846
67 0 -1
115 52 5 55 6 978 1841 983 1846
68 0 -1
116 97 17 93 25 979 1842 991 1854
69 0 -1
119 63 96 66 96 982 1845 985 1848
70 0 -1
120 67 49 67 49 983 1846 984 1847
71 0 -1
122 57 88 57 92 985 1848 989 1852
72 0 -1
123 40 10 43 10 986 1849 989 1852
73 0 -1
124 99 0 96 1 987 1850 991 1854
74 0 -1
127 31 11 32 11 990 1853 991 1854
75 0 -1
128 70 85 70 98 991 1854 1010 1873
76 0 -1
130 21 77 21 78 993 1856 994 1857
77 0 -1
132 33 43 48 43 995 1858 1010 1873
78 0 -1
134 8 80 8 80 997 1860 998 1861
79 0 -1
135 16 49 19 49 998 1861 1009 1872
80 0 -1
136 54 66 55 66 999 1862 1001 1864
81 0 -1
139 36 97 37 97 1002 1865 1003 1866
82 0 -1
140 99 58 97 60 1003 1866 1007 1870
83 0 -1
141 54 2 59 2 1004 1867 1009 1872
84 0 -1
144 74 89 76 89 1007 1870 1012 1875
85 0 -1
145 9 15 10 16 1008 1871 1010 1873
86 0 -1
146 73 52 73 52 1009 1872 1010 1873
87 0 -1
147 48 8 48 8 1010 1873 1011 1874
88 0 -1
148 45 64 45 65 1011 1874 1012 1875
89 0 -1
149 38 66 40 66 1012 1875 1014 1877
90 0 -1
150 59 55 64 56 1013 1876 1019 1882
91 0 -1
153 57 23 58 23 1016 1879 1017 1880
92 0 -1
154 77 52 81 52 1017 1880 1021 1884
93 0 -1
155 50 66 51 66 1018 1881 1019 1882
94 0 -1
156 81 70 83 73 1019 1882 1024 1887
95 0 -1
157 80 74 82 74 1020 1883 1025 1888
96 0 -1
160 46 33 49 36 1023 1886 1029 1892
97 0 -1
162 80 85 81 85 1025 1888 1026 1889
98 0 -1
163 81 38 81 39 1026 1889 1027 1890
99 0 -1
166 84 52 84 54 1029 1892 1031 1894
100 0 -1
167 69 53 74 53 1030 1893 1035 1898
101 0 -1
168 83 50 85 50 1031 1894 1033 1896
102 0 -1
169 44 94 44 98 1032 1895 1037 1900
103 0 -1
170 84 8 85 8 1033 1896 1038 1901
104 0 -1
172 58 38 59 38 1035 1898 1040 1903
105 0 -1
173 25 62 28 62 1036 1899 1041 1904
106 0 -1
174 21 45 22 46 1037 1900 1039 1902
107 0 -1
179 20 12 21 12 1042 1905 1043 1906
108 0 -1
183 35 89 35 92 1046 1909 1051 1914
109 0 -1
184 17 70 18 70 1047 1910 1049 1912
110 0 -1
185 68 42 68 43 1048 1911 1050 1913
111 0 -1
186 0 29 7 29 1049 1912 1058 1921
112 0 -1
187 50 66 56 66 1050 1913 1056 1919
113 0 -1
189 16 22 18 23 1052 1915 1057 1920
114 0 -1
190 30 84 31 88 1053 1916 1058 1921
115 0 -1
193 48 24 49 24 1056 1919 1057 1920
116 0 -1
196 68 65 68 65 1059 1922 1061 1924
117 0 -1
197 21 48 22 48 1060 1923 1061 1924
118 0 -1
198 74 19 84 25 1061 1924 1079 1942
119 0 -1
199 85 32 85 33 1062 1925 1063 1926
120 0 -1
200 81 21 83 21 1063 1926 1065 1928
121 0 -1
201 17 86 17 87 1064 1927 1065 1928
122 0 -1
204 1 7 1 7 1067 1930 1068 1931
123 0 -1
208 56 96 57 96 1071 1934 1072 1935
124 0 -1
209 74 73 75 73 1072 1935 1073 1936
125 0 -1
211 82 83 85 83 1074 1937 1077 1940
126 0 -1
212 68 80 70 80 1075 1938 1077 1940
127 0 -1
213 4 35 11 35 1076 1939 1084 1947
128 0 -1
214 9 43 14 43 1077 1940 1082 1945
129 0 -1
218 76 81 76 86 1081 1944 1088 1951
130 0 -1
219 0 62 0 62 1082 1945 1084 1947
131 0 -1
224 27 71 30 71 1087 1950 1090 1953
132 0 -1
225 37 30 37 31 1088 1951 1090 1953
133 0 -1
229 5 23 7 23 1092 1955 1098 1961
134 0 -1
230 36 59 36 60 1093 1956 1094 1957
135 0 -1
231 5 22 5 25 1094 1957 1097 1960
136 0 -1
236 19 24 21 24 1099 1962 1101 1964
137 0 -1
237 58 92 60 92 1100 1963 1102 1965
138 0 -1
240 94 22 96 24 1103 1966 1114 1977
139 0 -1
242 74 16 74 16 1105 1968 1107 1970
140 0 -1
244 46 50 51 50 1107 1970 1112 1975
141 0 -1
245 17 78 17 78 1108 1971 1114 1977
142 0 -1
246 44 76 44 79 1109 1972 1112 1975
143 0 -1
247 14 73 15 74 1110 1973 1113 1976
144 0 -1
248 89 6 89 7 1111 1974 1114 1977
145 0 -1
250 19 79 19 81 1113 1976 1115 1978
146 0 -1
251 43 7 46 7 1114 1977 1117 1980
147 0 -1
253 54 13 54 13 1116 1979 1117 1980
148 0 -1
255 39 81 39 82 1118 1981 1120 1983
149 0 -1
256 67 97 68 97 1119 1982 1123 1986
150 0 -1
257 56 26 56 27 1120 1983 1124 1987
151 0 -1
258 51 59 52 59 1121 1984 1122 1985
152 0 -1
260 35 1 37 1 1123 1986 1125 1988
153 0 -1
261 26 56 36 56 1124 1987 1136 1999
154 0 -1
266 58 83 58 87 1129 1992 1133 1996
155 0 -1
267 22 54 24 54 1130 1993 1133 1996
156 0 -1
268 70 53 70 53 1131 1994 1133 1996
157 0 -1
269 99 4 99 5 1132 1995 1133 1996
158 0 -1
271 95 54 89 54 1134 1997 1140 2003
159 0 -1
272 38 49 38 49 1135 1998 1136 1999
160 0 -1
274 76 95 84 98 1137 2000 1150 2013
161 0 -1
277 48 80 50 80 1140 2003 1142 2005
162 0 -1
278 28 97 34 97 1141 2004 1147 2010
163 0 -1
279 45 22 48 23 1142 2005 1146 2009
164 0 -1
280 24 90 26 90 1143 2006 1146 2009
165 0 -1
283 58 9 59 9 1146 2009 1147 2010
166 0 -1
285 30 46 31 46 1148 2011 1151 2014
167 0 -1
286 54 2 54 4 1149 2012 1152 2015
168 0 -1
289 46 76 47 76 1152 2015 1155 2018
169 0 -1
293 15 17 19 17 1156 2019 1160 2023
170 0 -1
294 23 34 23 34 1157 2020 1158 2021
171 0 -1
295 51 72 53 72 1158 2021 1160 2023
172 0 -1
296 17 43 18 43 1159 2022 1163 2026
173 0 -1
303 5 37 7 40 1166 2029 1175 2038
174 0 -1
305 92 0 95 0 1168 2031 1173 2036
175 0 -1
306 42 38 42 38 1169 2032 1170 2033
176 0 -1
307 12 76 13 76 1170 2033 1172 2035
177 0 -1
310 11 66 12 69 1173 2036 1177 2040
178 0 -1
311 7 11 9 13 1174 2037 1178 2041
179 0 -1
312 94 8 87 10 1175 2038 1184 2047
180 0 -1
313 59 6 60 6 1176 2039 1177 2040
181 0 -1
315 2 53 4 53 1178 2041 1180 2043
182 0 -1
320 7 98 22 98 1183 2046 1199 2062
183 0 -1
321 54 42 54 45 1184 2047 1187 2050
184 0 -1
323 53 53 64 54 1186 2049 1199 2062
185 0 -1
325 30 85 36 85 1188 2051 1196 2059
186 0 -1
326 46 9 47 9 1189 2052 1190 2053
187 0 -1
327 35 97 36 99 1190 2053 1193 2056
188 0 -1
328 13 85 14 87 1191 2054 1196 2059
189 0 -1
329 19 71 19 73 1192 2055 1195 2058
190 0 -1
330 51 29 51 34 1193 2056 1198 2061
191 0 -1
337 69 12 69 17 1200 2063 1213 2076
192 0 -1
340 25 82 28 82 1203 2066 1206 2069
193 0 -1
342 41 68 42 68 1205 2068 1206 2069
194 0 -1
343 73 44 73 47 1206 2069 1209 2072
195 0 -1
345 9 31 16 34 1208 2071 1220 2083
196 0 -1
349 10 21 10 21 1212 2075 1213 2076
197 0 -1
351 43 40 44 40 1214 2077 1215 2078
198 0 -1
354 77 91 83 91 1217 2080 1223 2086
199 0 -1
356 71 31 71 31 1219 2082 1220 2083
200 0 -1
357 82 28 86 28 1220 2083 1224 2087
201 0 -1
358 72 42 76 42 1221 2084 1228 2091
202 0 -1
359 80 80 80 80 1222 2085 1225 2088
203 0 -1
360 82 85 84 85 1223 2086 1225 2088
204 0 -1
361 41 58 43 60 1224 2087 1230 2093
205 0 -1
363 63 48 63 48 1226 2089 1227 2090
206 0 -1
364 86 38 87 38 1227 2090 1228 2091
207 0 -1
365 70 21 70 23 1228 2091 1230 2093
208 0 -1
367 12 94 15 96 1230 2093 1236 2099
209 0 -1
371 1 16 1 16 1234 2097 1235 2098
210 0 -1
372 7 3 8 9 1235 2098 1243 2106
211 0 -1
373 27 68 30 68 1236 2099 1239 2102
212 0 -1
374 29 80 30 80 1237 2100 1238 2101
213 0 -1
375 92 64 92 65 1238 2101 1239 2102
214 0 -1
377 18 20 18 20 1240 2103 1241 2104
215 0 -1
379 18 40 19 40 1242 2105 1243 2106
216 0 -1
380 65 52 65 52 1243 2106 1244 2107
217 0 -1
381 90 51 93 53 1244 2107 1249 2112
218 0 -1
382 31 22 32 22 1245 2108 1247 2110
219 0 -1
383 86 99 87 99 1246 2109 1247 2110
220 0 -1
388 52 95 53 95 1251 2114 1252 2115
221 0 -1
391 37 38 37 40 1254 2117 1256 2119
222 0 -1
392 26 64 26 65 1255 2118 1257 2120
223 0 -1
394 69 96 69 96 1257 2120 1260 2123
224 0 -1
396 35 78 36 82 1259 2122 1264 2127
225 0 -1
397 50 79 50 79 1260 2123 1261 2124
226 0 -1
400 16 8 17 9 1263 2126 1265 2128
227 0 -1
401 75 36 75 37 1264 2127 1266 2129
228 0 -1
403 11 83 11 87 1266 2129 1271 2134
229 0 -1
404 55 67 55 67 1267 2130 1269 2132
230 0 -1
407 77 52 77 52 1270 2133 1271 2134
231 0 -1
408 42 53 45 53 1271 2134 1274 2137
232 0 -1
411 24 65 26 65 1274 2137 1276 2139
233 0 -1
412 46 15 47 15 1275 2138 1276 2139
234 0 -1
414 82 58 83 58 1277 2140 1278 2141
235 0 -1
418 89 2 90 2 1281 2144 1282 2145
236 0 -1
420 26 23 27 23 1283 2146 1284 2147
237 0 -1
421 47 15 48 16 1284 2147 1286 2149
238 0 -1
423 95 70 96 70 1286 2149 1287 2150
239 0 -1
426 72 10 74 10 1289 2152 1294 2157
240 0 -1
428 12 15 14 15 1291 2154 1293 2156
241 0 -1
433 28 8 29 8 1296 2159 1298 2161
242 0 -1
437 65 43 66 43 1300 2163 1301 2164
243 0 -1
439 24 26 24 28 1302 2165 1304 2167
244 0 -1
441 94 93 97 98 1304 2167 1312 2175
245 0 -1
446 42 29 45 29 1309 2172 1313 2176
246 0 -1
448 67 76 69 77 1311 2174 1314 2177
247 0 -1
450 48 33 56 33 1313 2176 1321 2184
248 0 -1
452 76 38 76 40 1315 2178 1318 2181
249 0 -1
455 47 65 48 65 1318 2181 1321 2184
250 0 -1
460 33 75 37 75 1323 2186 1329 2192
251 0 -1
461 50 77 52 77 1324 2187 1326 2189
252 0 -1
462 60 71 62 72 1325 2188 1328 2191
253 0 -1
464 53 80 55 80 1327 2190 1329 2192
254 0 -1
469 42 13 44 13 1332 2195 1334 2197
255 0 -1
471 55 61 56 67 1334 2197 1345 2208
256 0 -1
475 32 95 33 95 1338 2201 1340 2203
257 0 -1
478 18 7 20 9 1341 2204 1345 2208
258 0 -1
479 63 59 65 59 1342 2205 1344 2207
259 0 -1
480 8 69 12 73 1343 2206 1351 2214
260 0 -1
481 71 59 74 62 1344 2207 1350 2213
261 0 -1
482 64 77 65 77 1345 2208 1346 2209
262 0 -1
484 5 0 7 1 1347 2210 1351 2214
263 0 -1
486 53 1 54 1 1349 2212 1352 2215
264 0 -1
488 82 85 83 85 1351 2214 1354 2217
265 0 -1
489 96 52 85 52 1352 2215 1365 2228
266 0 -1
491 46 28 46 28 1354 2217 1356 2219
267 0 -1
493 40 14 40 14 1356 2219 1357 2220
268 0 -1
496 74 98 74 98 1359 2222 1360 2223
269 0 -1
501 51 39 52 39 1364 2227 1366 2229
270 0 -1
502 20 28 22 28 1365 2228 1369 2232
271 0 -1
505 4 6 4 6 1368 2231 1370 2233
272 0 -1
506 60 63 65 63 1369 2232 1374 2237
273 0 -1
507 18 18 19 18 1370 2233 1371 2234
274 0 -1
509 39 98 40 98 1372 2235 1373 2236
275 0 -1
511 62 45 62 45 1374 2237 1376 2239
276 0 -1
512 0 61 1 61 1375 2238 1376 2239
277 0 -1
515 11 76 11 79 1378 2241 1381 2244
278 0 -1
516 58 9 59 9 1379 2242 1392 2255
279 0 -1
517 91 63 92 63 1380 2243 1384 2247
280 0 -1
518 17 69 19 69 1381 2244 1383 2246
281 0 -1
520 86 16 87 16 1383 2246 1384 2247
282 0 -1
522 84 54 87 58 1385 2248 1394 2257
283 0 -1
523 16 43 16 43 1386 2249 1387 2250
284 0 -1
525 7 62 9 62 1388 2251 1390 2253
285 0 -1
526 84 63 84 65 1389 2252 1391 2254
286 0 -1
528 58 53 61 53 1391 2254 1396 2259
287 0 -1
530 0 62 3 62 1393 2256 1397 2260
288 0 -1
533 79 49 80 50 1396 2259 1398 2261
289 0 -1
535 43 50 45 50 1398 2261 1401 2264
290 0 -1
536 32 35 32 35 1399 2262 1401 2264
291 0 -1
537 29 68 29 69 1400 2263 1401 2264
292 0 -1
538 67 83 69 84 1401 2264 1404 2267
293 0 -1
540 49 16 53 16 1403 2266 1407 2270
294 0 -1
541 60 80 61 80 1404 2267 1407 2270
295 0 -1
542 39 39 44 39 1405 2268 1413 2276
296 0 -1
543 74 99 76 99 1406 2269 1408 2271
297 0 -1
546 30 51 30 53 1409 2272 1411 2274
298 0 -1
547 70 31 72 31 1410 2273 1412 2275
299 0 -1
550 60 75 60 76 1413 2276 1414 2277
300 0 -1
552 79 51 79 52 1415 2278 1418 2281
301 0 -1
553 9 79 9 81 1416 2279 1418 2281
302 0 -1
555 27 68 30 68 1418 2281 1423 2286
303 0 -1
556 34 7 36 7 1419 2282 1421 2284
304 0 -1
558 11 49 12 49 1421 2284 1422 2285
305 0 -1
559 54 85 56 86 1422 2285 1427 2290
306 0 -1
560 38 54 38 56 1423 2286 1425 2288
307 0 -1
562 10 20 11 20 1425 2288 1426 2289
308 0 -1
565 72 15 75 16 1428 2291 1432 2295
309 0 -1
566 36 74 38 75 1429 2292 1433 2296
310 0 -1
567 20 57 21 57 1430 2293 1431 2294
311 0 -1
570 91 20 95 20 1433 2296 1437 2300
312 0 -1
572 61 80 62 82 1435 2298 1438 2301
313 0 -1
573 83 5 84 7 1436 2299 1439 2302
314 0 -1
575 56 15 58 15 1438 2301 1440 2303
315 0 -1
577 36 15 37 15 1440 2303 1441 2304
316 0 -1
578 18 96 18 98 1441 2304 1443 2306
317 0 -1
579 6 99 7 95 1442 2305 1447 2310
318 0 -1
580 88 36 88 36 1443 2306 1444 2307
319 0 -1
585 17 16 17 16 1448 2311 1451 2314
320 0 -1
588 95 98 96 100 1451 2314 1456 2319
321 0 -1
589 79 64 82 66 1452 2315 1467 2330
322 0 -1
592 1 94 2 94 1455 2318 1456 2319
323 0 -1
594 36 60 36 62 1457 2320 1459 2322
324 0 -1
595 12 37 24 38 1458 2321 1473 2336
325 0 -1
596 81 2 84 3 1459 2322 1463 2326
326 0 -1
597 8 18 9 19 1460 2323 1468 2331
327 0 -1
599 57 25 60 29 1462 2325 1470 2333
328 0 -1
600 82 89 85 89 1463 2326 1466 2329
329 0 -1
601 77 49 78 50 1464 2327 1466 2329
330 0 -1
603 47 40 48 40 1466 2329 1468 2331
331 0 -1
608 32 14 33 15 1471 2334 1474 2337
332 0 -1
609 74 75 75 75 1472 2335 1473 2336
333 0 -1
610 86 78 89 80 1473 2336 1478 2341
334 0 -1
611 11 75 11 78 1474 2337 1478 2341
335 0 -1
613 62 70 63 76 1476 2339 1484 2347
336 0 -1
614 50 42 55 43 1477 2340 1483 2346
337 0 -1
615 36 36 36 36 1478 2341 1479 2342
338 0 -1
616 1 2 2 3 1479 2342 1481 2344
339 0 -1
619 16 93 18 95 1482 2345 1487 2350
340 0 -1
620 39 28 40 29 1483 2346 1485 2348
341 0 -1
621 55 11 57 12 1484 2347 1489 2352
342 0 -1
622 49 5 52 5 1485 2348 1488 2351
343 0 -1
623 31 12 31 12 1486 2349 1488 2351
344 0 -1
624 55 29 56 29 1487 2350 1488 2351
345 0 -1
625 49 14 49 16 1488 2351 1490 2353
346 0 -1
628 25 31 25 32 1491 2354 1492 2355
347 0 -1
629 93 88 97 88 1492 2355 1497 2360
348 0 -1
630 15 79 16 79 1493 2356 1494 2357
349 0 -1
634 21 63 21 64 1497 2360 1498 2361
350 0 -1
635 38 37 38 39 1498 2361 1500 2363
351 0 -1
636 60 62 62 62 1499 2362 1501 2364
352 0 -1
637 77 58 79 58 1500 2363 1502 2365
353 0 -1
639 2 24 3 24 1502 2365 1503 2366
354 0 -1
640 82 88 83 88 1503 2366 1505 2368
355 0 -1
641 67 20 68 21 1504 2367 1506 2369
356 0 -1
643 39 97 42 100 1506 2369 1512 2375
357 0 -1
645 5 22 6 22 1508 2371 1510 2373
358 0 -1
646 80 53 80 55 1509 2372 1511 2374
359 0 -1
648 49 90 49 91 1511 2374 1512 2375
360 0 -1
649 25 79 27 79 1512 2375 1522 2385
361 0 -1
650 67 25 68 25 1513 2376 1514 2377
362 0 -1
651 7 40 8 40 1514 2377 1518 2381
363 0 -1
652 31 41 35 46 1515 2378 1530 2393
364 0 -1
653 19 84 20 84 1516 2379 1517 2380
365 0 -1
656 1 86 2 86 1519 2382 1520 2383
366 0 -1
662 87 94 89 94 1525 2388 1527 2390
367 0 -1
663 35 31 39 31 1526 2389 1534 2397
368 0 -1
664 81 58 82 59 1527 2390 1529 2392
369 0 -1
665 59 58 60 58 1528 2391 1529 2392
370 0 -1
666 92 52 93 52 1529 2392 1531 2394
371 0 -1
667 5 76 8 76 1530 2393 1533 2396
372 0 -1
669 7 34 8 34 1532 2395 1533 2396
373 0 -1
672 15 28 18 29 1535 2398 1539 2402
374 0 -1
673 47 9 48 10 1536 2399 1538 2401
375 0 -1
674 61 30 63 32 1537 2400 1541 2404
376 0 -1
675 85 57 88 57 1538 2401 1543 2406
377 0 -1
678 61 42 62 42 1541 2404 1542 2405
378 0 -1
679 11 37 14 37 1542 2405 1545 2408
379 0 -1
680 61 49 62 52 1543 2406 1549 2412
380 0 -1
681 96 43 97 43 1544 2407 1546 2409
381 0 -1
682 44 1 44 1 1545 2408 1547 2410
382 0 -1
684 9 11 10 12 1547 2410 1549 2412
383 0 -1
685 37 31 40 33 1548 2411 1553 2416
384 0 -1
687 30 6 30 10 1550 2413 1555 2418
385 0 -1
688 35 22 37 22 1551 2414 1553 2416
386 0 -1
689 34 70 34 71 1552 2415 1554 2417
387 0 -1
690 81 12 82 13 1553 2416 1555 2418
388 0 -1
691 70 85 72 85 1554 2417 1556 2419
389 0 -1
692 22 80 24 80 1555 2418 1557 2420
390 0 -1
694 32 64 32 67 1557 2420 1560 2423
391 0 -1
696 59 16 60 16 1559 2422 1561 2424
392 0 -1
698 81 33 81 37 1561 2424 1566 2429
393 0 -1
700 66 71 66 72 1563 2426 1564 2427
394 0 -1
701 24 59 25 59 1564 2427 1565 2428
395 0 -1
702 17 46 19 46 1565 2428 1572 2435
396 0 -1
703 83 12 84 13 1566 2429 1568 2431
397 0 -1
704 61 29 61 31 1567 2430 1569 2432
398 0 -1
705 48 27 48 27 1568 2431 1572 2435
399 0 -1
706 8 28 9 29 1569 2432 1571 2434
400 0 -1
707 80 32 83 33 1570 2433 1574 2437
401 0 -1
708 84 8 84 9 1571 2434 1578 2441
402 0 -1
710 72 7 74 7 1573 2436 1576 2439
403 0 -1
712 1 17 2 17 1575 2438 1576 2439
404 0 -1
714 50 81 50 81 1577 2440 1578 2441
405 0 -1
716 46 75 46 75 1579 2442 1580 2443
406 0 -1
718 80 91 86 91 1581 2444 1589 2452
407 0 -1
719 21 25 21 25 1582 2445 1583 2446
408 0 -1
720 63 22 65 22 1583 2446 1585 2448
409 0 -1
722 66 97 67 97 1585 2448 1587 2450
410 0 -1
724 17 41 18 42 1587 2450 1589 2452
411 0 -1
725 31 63 36 67 1588 2451 1599 2462
412 0 -1
726 74 55 78 55 1589 2452 1593 2456
413 0 -1
727 82 11 83 11 1590 2453 1593 2456
414 0 -1
728 59 76 61 79 1591 2454 1596 2459
415 0 -1
729 36 93 36 94 1592 2455 1593 2456
416 0 -1
731 83 56 83 56 1594 2457 1595 2458
417 0 -1
733 75 23 76 23 1596 2459 1598 2461
418 0 -1
734 38 48 38 48 1597 2460 1599 2462
419 0 -1
735 93 66 96 66 1598 2461 1601 2464
420 0 -1
736 53 97 53 99 1599 2462 1601 2464
421 0 -1
737 83 46 85 47 1600 2463 1603 2466
422 0 -1
742 12 4 14 7 1605 2468 1610 2473
423 0 -1
744 44 70 45 71 1607 2470 1609 2472
424 0 -1
745 60 52 61 55 1608 2471 1613 2476
425 0 -1
748 77 46 77 47 1611 2474 1613 2476
426 0 -1
750 95 22 95 22 1613 2476 1614 2477
427 0 -1
751 49 3 50 3 1614 2477 1615 2478
428 0 -1
752 0 61 0 63 1615 2478 1618 2481
429 0 -1
753 90 96 91 96 1616 2479 1617 2480
430 0 -1
754 81 8 81 14 1617 2480 1623 2486
431 0 -1
755 3 15 5 15 1618 2481 1620 2483
432 0 -1
757 50 20 51 21 1620 2483 1622 2485
433 0 -1
758 98 31 98 37 1621 2484 1629 2492
434 0 -1
759 55 10 55 12 1622 2485 1624 2487
435 0 -1
760 31 46 32 46 1623 2486 1624 2487
436 0 -1
766 60 33 62 33 1629 2492 1631 2494
437 0 -1
767 64 73 66 73 1630 2493 1632 2495
438 0 -1
768 16 92 19 92 1631 2494 1634 2497
439 0 -1
771 81 21 82 21 1634 2497 1635 2498
440 0 -1
772 2 62 2 64 1635 2498 1637 2500
441 0 -1
773 92 52 94 52 1636 2499 1639 2502
442 0 -1
775 29 93 29 96 1638 2501 1643 2506
443 0 -1
777 43 99 44 99 1640 2503 1642 2505
444 0 -1
778 69 68 71 68 1641 2504 1643 2506
445 0 -1
779 98 78 95 78 1642 2505 1645 2508
446 0 -1
781 28 32 29 32 1644 2507 1645 2508
447 0 -1
782 41 11 44 12 1645 2508 1649 2512
448 0 -1
784 22 80 23 81 1647 2510 1649 2512
449 0 -1
787 17 9 18 9 1650 2513 1652 2515
450 0 -1
788 91 88 92 88 1651 2514 1652 2515
451 0 -1
789 27 64 28 64 1652 2515 1656 2519
452 0 -1
790 27 44 29 44 1653 2516 1655 2518
453 0 -1
791 80 56 82 59 1654 2517 1659 2522
454 0 -1
793 76 43 78 44 1656 2519 1659 2522
455 0 -1
794 7 56 11 56 1657 2520 1661 2524
456 0 -1
795 79 50 80 50 1658 2521 1660 2523
457 0 -1
796 30 65 33 65 1659 2522 1663 2526
458 0 -1
797 71 89 72 89 1660 2523 1661 2524
459 0 -1
798 85 63 88 63 1661 2524 1664 2527
460 0 -1
799 36 76 37 76 1662 2525 1664 2527
461 0 -1
800 57 56 59 59 1663 2526 1668 2531
462 0 -1
802 5 21 7 23 1665 2528 1669 2532
463 0 -1
803 55 51 56 52 1666 2529 1668 2531
464 0 -1
805 34 96 38 96 1668 2531 1673 2536
465 0 -1
806 17 45 18 52 1669 2532 1678 2541
466 0 -1
807 49 70 49 70 1670 2533 1672 2535
467 0 -1
810 86 92 87 92 1673 2536 1674 2537
468 0 -1
813 13 47 13 47 1676 2539 1677 2540
469 0 -1
818 87 42 88 42 1681 2544 1683 2546
470 0 -1
820 14 94 16 95 1683 2546 1686 2549
471 0 -1
824 37 99 39 99 1687 2550 1689 2552
472 0 -1
825 33 92 34 93 1688 2551 1691 2554
473 0 -1
827 85 21 86 21 1690 2553 1691 2554
474 0 -1
828 48 39 57 39 1691 2554 1701 2564
475 0 -1
830 82 72 82 74 1693 2556 1696 2559
476 0 -1
831 2 63 3 63 1694 2557 1695 2558
477 0 -1
833 57 8 58 8 1696 2559 1698 2561
478 0 -1
834 81 43 81 43 1697 2560 1699 2562
479 0 -1
835 39 33 41 36 1698 2561 1708 2571
480 0 -1
839 5 98 7 98 1702 2565 1704 2567
481 0 -1
841 92 53 95 53 1704 2567 1708 2571
482 0 -1
842 70 55 71 56 1705 2568 1707 2570
483 0 -1
844 76 8 79 10 1707 2570 1712 2575
484 0 -1
845 16 37 16 39 1708 2571 1710 2573
485 0 -1
846 68 87 72 88 1709 2572 1715 2578
486 0 -1
847 46 76 47 76 1710 2573 1711 2574
487 0 -1
850 80 56 80 56 1713 2576 1716 2579
488 0 -1
851 48 37 50 39 1714 2577 1718 2581
489 0 -1
854 0 2 1 2 1717 2580 1718 2581
490 0 -1
856 30 5 30 6 1719 2582 1722 2585
491 0 -1
859 45 93 50 93 1722 2585 1727 2590
492 0 -1
860 79 96 79 97 1723 2586 1724 2587
493 0 -1
861 16 77 16 77 1724 2587 1726 2589
494 0 -1
864 4 11 6 12 1727 2590 1730 2593
495 0 -1
867 48 47 49 47 1730 2593 1731 2594
496 0 -1
868 32 58 34 58 1731 2594 1733 2596
497 0 -1
871 53 30 63 34 1734 2597 1750 2613
498 0 -1
873 82 47 82 47 1736 2599 1738 2601
499 0 -1
874 89 66 89 68 1737 2600 1742 2605
500 0 -1
875 90 39 91 39 1738 2601 1741 2604
501 0 -1
877 35 67 37 67 1740 2603 1743 2606
502 0 -1
878 97 57 97 57 1741 2604 1743 2606
503 0 -1
879 86 9 86 10 1742 2605 1744 2607
504 0 -1
880 89 31 91 32 1743 2606 1747 2610
505 0 -1
881 43 13 43 14 1744 2607 1750 2613
506 0 -1
882 42 52 44 52 1745 2608 1747 2610
507 0 -1
885 72 92 72 92 1748 2611 1749 2612
508 0 -1
887 32 37 33 39 1750 2613 1753 2616
509 0 -1
889 1 12 2 14 1752 2615 1755 2618
510 0 -1
891 45 51 46 52 1754 2617 1756 2619
511 0 -1
893 17 12 18 13 1756 2619 1758 2621
512 0 -1
894 69 60 71 61 1757 2620 1760 2623
513 0 -1
895 36 16 39 16 1758 2621 1761 2624
514 0 -1
896 7 61 9 61 1759 2622 1761 2624
515 0 -1
897 44 28 45 28 1760 2623 1761 2624
516 0 -1
898 93 39 93 41 1761 2624 1763 2626
517 0 -1
899 25 69 25 70 1762 2625 1764 2627
518 0 -1
900 59 65 62 68 1763 2626 1769 2632
519 0 -1
901 29 57 31 57 1764 2627 1766 2629
520 0 -1
902 3 81 3 82 1765 2628 1766 2629
521 0 -1
905 45 80 45 81 1768 2631 1769 2632
522 0 -1
910 16 80 17 80 1773 2636 1774 2637
523 0 -1
912 32 9 40 10 1775 2638 1785 2648
524 0 -1
914 50 51 54 52 1777 2640 1784 2647
525 0 -1
917 91 53 95 53 1780 2643 1784 2647
526 0 -1
919 49 86 50 86 1782 2645 1784 2647
527 0 -1
920 27 7 30 7 1783 2646 1786 2649
528 0 -1
921 66 37 67 37 1784 2647 1785 2648
529 0 -1
923 64 2 64 3 1786 2649 1787 2650
530 0 -1
925 66 50 69 50 1788 2651 1791 2654
531 0 -1
926 38 75 45 75 1789 2652 1798 2661
532 0 -1
927 59 97 61 97 1790 2653 1793 2656
533 0 -1
928 24 10 24 11 1791 2654 1792 2655
534 0 -1
929 93 88 93 89 1792 2655 1793 2656
535 0 -1
931 98 1 96 1 1794 2657 1796 2659
536 0 -1
933 86 62 86 62 1796 2659 1803 2666
537 0 -1
935 38 13 40 13 1798 2661 1800 2663
538 0 -1
936 19 60 20 60 1799 2662 1800 2663
539 0 -1
937 14 83 15 83 1800 2663 1804 2667
540 0 -1
938 29 57 29 58 1801 2664 1805 2668
541 0 -1
940 38 22 40 22 1803 2666 1805 2668
542 0 -1
942 38 69 38 69 1805 2668 1806 2669
543 0 -1
943 19 49 21 52 1806 2669 1813 2676
544 0 -1
944 26 29 26 30 1807 2670 1808 2671
545 0 -1
945 9 51 10 51 1808 2671 1811 2674
546 0 -1
947 89 77 89 79 1810 2673 1823 2686
547 0 -1
948 84 6 84 8 1811 2674 1814 2677
548 0 -1
950 15 6 16 7 1813 2676 1815 2678
549 0 -1
951 87 91 89 91 1814 2677 1816 2679
550 0 -1
954 50 82 52 82 1817 2680 1819 2682
551 0 -1
955 79 41 80 41 1818 2681 1819 2682
552 0 -1
957 53 65 53 65 1820 2683 1823 2686
553 0 -1
958 80 54 81 54 1821 2684 1822 2685
554 0 -1
963 30 48 32 49 1826 2689 1829 2692
555 0 -1
964 62 65 63 65 1827 2690 1829 2692
556 0 -1
966 18 0 18 1 1829 2692 1831 2694
557 0 -1
969 51 19 52 19 1832 2695 1834 2697
558 0 -1
972 66 98 72 98 1835 2698 1841 2704
559 0 -1
973 96 98 99 98 1836 2699 1840 2703
560 0 -1
974 87 45 94 45 1837 2700 1847 2710
561 0 -1
976 69 46 71 47 1839 2702 1844 2707
562 0 -1
979 98 83 95 84 1842 2705 1846 2709
563 0 -1
981 9 86 9 87 1844 2707 1845 2708
564 0 -1
983 42 80 42 80 1846 2709 1849 2712
565 0 -1
984 94 3 95 3 1847 2710 1853 2716
566 0 -1
987 46 68 47 68 1850 2713 1854 2717
567 0 -1
989 99 68 96 68 1852 2715 1855 2718
568 0 -1
990 33 54 36 54 1853 2716 1857 2720
569 0 -1
992 89 99 93 99 1855 2718 1859 2722
570 0 -1
993 41 70 42 71 1856 2719 1858 2721
571 0 -1
994 98 61 96 62 1857 2720 1861 2724
572 0 -1
996 62 97 62 99 1859 2722 1861 2724
573 0 -1
997 47 50 49 50 1860 2723 1862 2725
574 0 -1
998 30 51 30 52 1861 2724 1862 2725
575 0 -1
999 31 23 32 24 1862 2725 1864 2727
576 0 -1
1001 0 75 21 92 1864 2727 1913 2776
577 0 -1
1004 67 55 68 56 1867 2730 1869 2732
578 0 -1
1008 98 91 99 91 1871 2734 1872 2735
579 0 -1
1010 1 91 3 91 1873 2736 1875 2738
580 0 -1
1012 91 46 91 46 1875 2738 1876 2739
581 0 -1
1015 11 40 11 40 1878 2741 1879 2742
582 0 -1
1016 79 70 79 71 1879 2742 1880 2743
583 0 -1
1017 68 77 71 77 1880 2743 1883 2746
584 0 -1
1018 52 99 52 97 1881 2744 1895 2758
585 0 -1
1019 96 97 88 99 1882 2745 1892 2755
586 0 -1
1020 56 93 56 94 1883 2746 1886 2749
587 0 -1
1021 9 83 10 83 1884 2747 1885 2748
588 0 -1
1022 31 24 37 28 1885 2748 1899 2762
589 0 -1
1025 50 14 52 14 1888 2751 1893 2756
590 0 -1
1027 50 39 51 39 1890 2753 1891 2754
591 0 -1
1028 52 22 53 22 1891 2754 1892 2755
592 0 -1
1031 5 6 13 6 1894 2757 1903 2766
593 0 -1
1032 25 79 26 79 1895 2758 1902 2765
594 0 -1
1033 46 37 49 38 1896 2759 1900 2763
595 0 -1
1035 35 2 37 2 1898 2761 1900 2763
596 0 -1
1036 74 19 74 20 1899 2762 1901 2764
597 0 -1
1037 48 35 49 35 1900 2763 1901 2764
598 0 -1
1039 66 51 67 51 1902 2765 1903 2766
599 0 -1
1040 40 17 41 17 1903 2766 1904 2767
600 0 -1
1042 78 2 88 3 1905 2768 1916 2779
601 0 -1
1044 68 33 68 33 1907 2770 1908 2771
602 0 -1
1045 96 86 97 86 1908 2771 1911 2774
603 0 -1
1051 90 92 91 92 1914 2777 1915 2778
604 0 -1
1053 84 67 85 67 1916 2779 1917 2780
605 0 -1
1056 82 18 83 19 1919 2782 1921 2784
606 0 -1
1057 39 58 41 58 1920 2783 1922 2785
607 0 -1
1059 76 65 77 68 1922 2785 1926 2789
608 0 -1
1060 5 51 8 52 1923 2786 1928 2791
609 0 -1
1063 22 23 22 26 1926 2789 1929 2792
610 0 -1
1065 6 23 7 23 1928 2791 1931 2794
611 0 -1
1066 41 46 43 46 1929 2792 1931 2794
612 0 -1
1067 4 20 4 21 1930 2793 1931 2794
613 0 -1
1070 96 37 90 38 1933 2796 1945 2808
614 0 -1
1071 57 91 58 93 1934 2797 1939 2802
615 0 -1
1073 51 50 60 51 1936 2799 1951 2814
616 0 -1
1074 59 78 60 78 1937 2800 1938 2801
617 0 -1
1075 62 70 64 70 1938 2801 1941 2804
618 0 -1
1078 17 2 17 4 1941 2804 1945 2808
619 0 -1
1082 71 16 72 16 1945 2808 1946 2809
620 0 -1
1083 43 48 45 48 1946 2809 1948 2811
621 0 -1
1084 98 72 93 73 1947 2810 1953 2816
622 0 -1
1085 69 23 72 23 1948 2811 1951 2814
623 0 -1
1086 88 12 91 13 1949 2812 1953 2816
624 0 -1
1090 7 50 7 51 1953 2816 1954 2817
625 0 -1
1091 61 9 61 9 1954 2817 1955 2818
626 0 -1
1092 35 70 35 71 1955 2818 1956 2819
627 0 -1
1095 39 72 39 75 1958 2821 1961 2824
628 0 -1
1097 99 6 98 8 1960 2823 1963 2826
629 0 -1
1098 18 21 18 22 1961 2824 1965 2828
630 0 -1
1099 80 60 84 60 1962 2825 1967 2830
631 0 -1
1100 86 94 86 96 1963 2826 1968 2831
632 0 -1
1102 82 16 83 18 1965 2828 1968 2831
633 0 -1
1103 35 41 42 41 1966 2829 1973 2836
634 0 -1
1104 82 30 83 30 1967 2830 1968 2831
635 0 -1
1105 8 30 9 30 1968 2831 1969 2832
636 0 -1
1107 41 1 50 2 1970 2833 1980 2843
637 0 -1
1109 46 84 49 84 1972 2835 1975 2838
638 0 -1
1111 31 39 31 39 1974 2837 1976 2839
639 0 -1
1113 15 82 15 82 1976 2839 1977 2840
640 0 -1
1114 26 52 27 52 1977 2840 1978 2841
641 0 -1
1115 44 89 45 89 1978 2841 1981 2844
642 0 -1
1116 63 34 70 34 1979 2842 1990 2853
643 0 -1
1118 68 30 70 30 1981 2844 1983 2846
644 0 -1
1120 4 15 5 16 1983 2846 1985 2848
645 0 -1
1121 60 49 60 50 1984 2847 1985 2848
646 0 -1
1122 6 68 9 68 1985 2848 1988 2851
647 0 -1
1124 59 4 65 4 1987 2850 1994 2857
648 0 -1
1125 19 72 21 72 1988 2851 1990 2853
649 0 -1
1126 50 48 57 50 1989 2852 2001 2864
650 0 -1
1129 88 92 88 93 1992 2855 1993 2856
651 0 -1
1130 88 20 89 20 1993 2856 1994 2857
652 0 -1
1132 41 1 42 1 1995 2858 1997 2860
653 0 -1
1133 37 51 40 51 1996 2859 1999 2862
654 0 -1
1137 6 96 10 96 2000 2863 2004 2867
655 0 -1
1138 92 59 93 59 2001 2864 2002 2865
656 0 -1
1139 49 63 49 63 2002 2865 2003 2866
657 0 -1
1141 12 16 14 16 2004 2867 2006 2869
658 0 -1
1142 2 70 5 70 2005 2868 2008 2871
659 0 -1
1144 44 21 44 23 2007 2870 2010 2873
660 0 -1
1147 43 14 43 15 2010 2873 2011 2874
661 0 -1
1150 26 1 26 1 2013 2876 2014 2877
662 0 -1
1151 57 93 57 95 2014 2877 2016 2879
663 0 -1
1154 2 97 3 97 2017 2880 2018 2881
664 0 -1
1156 57 76 58 76 2019 2882 2021 2884
665 0 -1
1157 97 92 97 97 2020 2883 2025 2888
666 0 -1
1158 99 76 97 77 2021 2884 2025 2888
667 0 -1
1159 59 42 61 42 2022 2885 2024 2887
668 0 -1
1164 40 41 40 43 2027 2890 2030 2893
669 0 -1
1166 45 24 47 24 2029 2892 2032 2895
670 0 -1
1169 64 2 64 2 2032 2895 2035 2898
671 0 -1
1170 10 28 12 28 2033 2896 2036 2899
672 0 -1
1171 86 27 95 27 2034 2897 2043 2906
673 0 -1
1172 68 73 68 73 2035 2898 2036 2899
674 0 -1
1174 40 47 45 48 2037 2900 2044 2907
675 0 -1
1175 41 52 43 52 2038 2901 2041 2904
676 0 -1
1176 69 15 70 16 2039 2902 2041 2904
677 0 -1
1177 50 46 51 46 2040 2903 2042 2905
678 0 -1
1179 2 45 2 46 2042 2905 2043 2906
679 0 -1
1186 60 46 62 46 2049 2912 2051 2914
680 0 -1
1187 96 20 98 20 2050 2913 2052 2915
681 0 -1
1188 91 8 92 8 2051 2914 2052 2915
682 0 -1
1190 10 48 10 48 2053 2916 2054 2917
683 0 -1
1191 18 69 19 70 2054 2917 2056 2919
684 0 -1
1194 64 4 64 6 2057 2920 2059 2922
685 0 -1
1195 70 95 72 96 2058 2921 2061 2924
686 0 -1
1197 51 54 54 54 2060 2923 2063 2926
687 0 -1
1198 21 99 25 99 2061 2924 2065 2928
688 0 -1
1201 90 19 90 21 2064 2927 2069 2932
689 0 -1
1202 68 90 69 90 2065 2928 2066 2929
690 0 -1
1203 49 23 50 23 2066 2929 2067 2930
691 0 -1
1205 28 75 28 75 2068 2931 2071 2934
692 0 -1
1207 10 87 10 89 2070 2933 2074 2937
693 0 -1
1208 28 58 28 59 2071 2934 2073 2936
694 0 -1
1209 42 84 43 84 2072 2935 2073 2936
695 0 -1
1211 85 32 89 32 2074 2937 2078 2941
696 0 -1
1214 8 39 9 44 2077 2940 2083 2946
697 0 -1
1217 37 54 37 54 2080 2943 2082 2945
698 0 -1
1218 43 56 44 56 2081 2944 2082 2945
699 0 -1
1219 35 70 42 70 2082 2945 2089 2952
700 0 -1
1220 78 25 79 25 2083 2946 2084 2947
701 0 -1
1222 5 47 6 47 2085 2948 2088 2951
702 0 -1
1223 3 65 4 68 2086 2949 2090 2953
703 0 -1
1226 22 62 23 64 2089 2952 2092 2955
704 0 -1
1227 8 2 9 2 2090 2953 2091 2954
705 0 -1
1229 45 24 45 24 2092 2955 2093 2956
706 0 -1
1230 5 96 9 97 2093 2956 2098 2961
707 0 -1
1231 89 49 89 49 2094 2957 2095 2958
708 0 -1
1233 1 16 1 18 2096 2959 2098 2961
709 0 -1
1235 80 22 81 22 2098 2961 2099 2962
710 0 -1
1236 97 92 92 92 2099 2962 2104 2967
711 0 -1
1237 94 77 97 78 2100 2963 2105 2968
712 0 -1
1238 46 39 48 40 2101 2964 2106 2969
713 0 -1
1240 43 10 47 10 2103 2966 2107 2970
714 0 -1
1241 71 92 71 92 2104 2967 2105 2968
715 0 -1
1242 44 61 45 71 2105 2968 2118 2981
716 0 -1
1243 93 91 93 92 2106 2969 2108 2971
717 0 -1
1244 65 2 69 3 2107 2970 2114 2977
718 0 -1
1246 94 61 85 61 2109 2972 2118 2981
719 0 -1
1250 8 15 9 15 2113 2976 2114 2977
720 0 -1
1254 50 68 51 71 2117 2980 2124 2987
721 0 -1
1255 50 91 54 91 2118 2981 2122 2985
722 0 -1
1258 40 45 44 51 2121 2984 2137 3000
723 0 -1
1259 88 3 74 4 2122 2985 2140 3003
724 0 -1
1260 83 15 89 15 2123 2986 2129 2992
725 0 -1
1261 90 31 90 32 2124 2987 2131 2994
726 0 -1
1263 19 35 21 36 2126 2989 2133 2996
727 0 -1
1264 14 29 14 32 2127 2990 2131 2994
728 0 -1
1265 59 76 59 77 2128 2991 2130 2993
729 0 -1
1266 97 59 98 59 2129 2992 2130 2993
730 0 -1
1268 98 51 99 51 2131 2994 2134 2997
731 0 -1
1276 26 70 27 70 2139 3002 2140 3003
732 0 -1
1277 85 45 89 46 2140 3003 2145 3008
733 0 -1
1281 3 54 5 54 2144 3007 2146 3009
734 0 -1
1284 29 3 31 3 2147 3010 2149 3012
735 0 -1
1287 90 27 90 31 2150 3013 2154 3017
736 0 -1
1290 73 43 75 48 2153 3016 2160 3023
737 0 -1
1291 75 26 75 27 2154 3017 2157 3020
738 0 -1
1292 61 46 72 55 2155 3018 2181 3044
739 0 -1
1297 48 47 49 48 2160 3023 2163 3026
740 0 -1
1298 74 79 75 79 2161 3024 2162 3025
741 0 -1
1299 24 93 24 96 2162 3025 2165 3028
742 0 -1
1300 32 31 33 31 2163 3026 2165 3028
743 0 -1
1307 87 27 87 27 2170 3033 2171 3034
744 0 -1
1309 77 78 77 80 2172 3035 2174 3037
745 0 -1
1312 54 82 55 82 2175 3038 2177 3040
746 0 -1
1313 0 50 1 50 2176 3039 2177 3040
747 0 -1
1314 92 80 93 82 2177 3040 2181 3044
748 0 -1
1315 37 42 41 42 2178 3041 2183 3046
749 0 -1
1316 97 97 98 98 2179 3042 2181 3044
750 0 -1
1317 68 4 68 4 2180 3043 2182 3045
751 0 -1
1318 29 81 30 81 2181 3044 2184 3047
752 0 -1
1319 39 86 41 86 2182 3045 2184 3047
753 0 -1
1320 90 65 90 66 2183 3046 2184 3047
754 0 -1
1321 36 26 38 26 2184 3047 2186 3049
755 0 -1
1323 81 28 81 28 2186 3049 2188 3051
756 0 -1
1324 68 28 69 29 2187 3050 2192 3055
757 0 -1
1325 4 44 7 46 2188 3051 2194 3057
758 0 -1
1326 53 61 54 61 2189 3052 2190 3053
759 0 -1
1327 70 77 72 82 2190 3053 2200 3063
760 0 -1
1329 31 16 31 18 2192 3055 2194 3057
761 0 -1
1332 14 4 16 4 2195 3058 2197 3060
762 0 -1
1333 69 51 70 51 2196 3059 2197 3060
763 0 -1
1335 52 37 62 39 2198 3061 2214 3077
764 0 -1
1336 54 48 54 49 2199 3062 2200 3063
765 0 -1
1338 38 65 40 65 2201 3064 2204 3067
766 0 -1
1340 46 54 51 56 2203 3066 2210 3073
767 0 -1
1342 84 64 85 64 2205 3068 2208 3071
768 0 -1
1344 77 10 78 10 2207 3070 2209 3072
769 0 -1
1345 91 17 91 18 2208 3071 2209 3072
770 0 -1
1347 32 90 32 93 2210 3073 2213 3076
771 0 -1
1348 60 95 63 97 2211 3074 2216 3079
772 0 -1
1349 50 37 51 40 2212 3075 2218 3081
773 0 -1
1354 41 68 43 69 2217 3080 2220 3083
774 0 -1
1355 77 58 79 60 2218 3081 2223 3086
775 0 -1
1359 89 54 93 54 2222 3085 2227 3090
776 0 -1
1362 23 87 25 87 2225 3088 2227 3090
777 0 -1
1365 66 15 67 15 2228 3091 2229 3092
778 0 -1
1368 17 24 19 24 2231 3094 2233 3096
779 0 -1
1369 42 54 42 88 2232 3095 2267 3130
780 0 -1
1370 36 55 37 55 2233 3096 2235 3098
781 0 -1
1372 93 76 94 76 2235 3098 2240 3103
782 0 -1
1374 45 49 46 50 2237 3100 2239 3102
783 0 -1
1375 93 58 95 62 2238 3101 2245 3108
784 0 -1
1376 95 95 95 96 2239 3102 2240 3103
785 0 -1
1377 76 87 78 87 2240 3103 2243 3106
786 0 -1
1378 14 43 14 43 2241 3104 2242 3105
787 0 -1
1379 3 67 3 70 2242 3105 2246 3109
788 0 -1
1381 68 78 69 79 2244 3107 2247 3110
789 0 -1
1382 33 43 35 43 2245 3108 2248 3111
790 0 -1
1383 91 54 91 55 2246 3109 2248 3111
791 0 -1
1385 41 70 47 70 2248 3111 2254 3117
792 0 -1
1386 50 38 53 38 2249 3112 2252 3115
793 0 -1
1387 83 50 89 54 2250 3113 2261 3124
794 0 -1
1388 55 15 58 15 2251 3114 2254 3117
795 0 -1
1389 9 52 11 52 2252 3115 2254 3117
796 0 -1
1390 27 8 29 8 2253 3116 2255 3118
797 0 -1
1391 41 14 41 14 2254 3117 2256 3119
798 0 -1
1393 74 33 76 33 2256 3119 2258 3121
799 0 -1
1395 35 69 43 69 2258 3121 2266 3129
800 0 -1
1396 21 64 22 64 2259 3122 2260 3123
801 0 -1
1400 62 97 63 98 2263 3126 2266 3129
802 0 -1
1401 30 2 31 4 2264 3127 2267 3130
803 0 -1
1402 0 99 3 99 2265 3128 2272 3135
804 0 -1
1403 57 94 58 95 2266 3129 2268 3131
805 0 -1
1406 64 59 65 59 2269 3132 2270 3133
806 0 -1
1411 29 48 30 48 2274 3137 2276 3139
807 0 -1
1412 69 9 70 10 2275 3138 2281 3144
808 0 -1
1413 62 74 62 74 2276 3139 2277 3140
809 0 -1
1414 60 59 60 59 2277 3140 2279 3142
810 0 -1
1415 26 6 26 6 2278 3141 2280 3143
811 0 -1
1417 91 99 92 99 2280 3143 2281 3144
812 0 -1
1418 3 27 4 29 2281 3144 2286 3149
813 0 -1
1419 33 92 34 97 2282 3145 2289 3152
814 0 -1
1420 11 23 13 26 2283 3146 2291 3154
815 0 -1
1423 2 10 2 10 2286 3149 2287 3150
816 0 -1
1426 31 62 32 63 2289 3152 2291 3154
817 0 -1
1428 54 86 56 87 2291 3154 2294 3157
818 0 -1
1429 42 11 42 11 2292 3155 2294 3157
819 0 -1
1430 84 59 85 59 2293 3156 2294 3157
820 0 -1
1431 76 1 78 1 2294 3157 2297 3160
821 0 -1
1432 63 88 63 89 2295 3158 2296 3159
822 0 -1
1434 25 15 25 15 2297 3160 2298 3161
823 0 -1
1435 90 69 93 71 2298 3161 2305 3168
824 0 -1
1436 72 71 73 71 2299 3162 2301 3164
825 0 -1
1438 79 97 79 100 2301 3164 2305 3168
826 0 -1
1439 96 72 97 72 2302 3165 2303 3166
827 0 -1
1440 46 33 48 34 2303 3166 2306 3169
828 0 -1
1441 19 71 20 74 2304 3167 2311 3174
829 0 -1
1442 13 82 13 83 2305 3168 2307 3170
830 0 -1
1443 30 2 30 3 2306 3169 2311 3174
831 0 -1
1444 46 90 46 90 2307 3170 2309 3172
832 0 -1
1446 37 96 39 96 2309 3172 2315 3178
833 0 -1
1447 93 14 94 15 2310 3173 2312 3175
834 0 -1
1448 4 74 4 75 2311 3174 2313 3176
835 0 -1
1452 0 72 0 72 2315 3178 2316 3179
836 0 -1
1454 71 6 74 7 2317 3180 2321 3184
837 0 -1
1455 2 80 2 80 2318 3181 2320 3183
838 0 -1
1456 37 38 38 38 2319 3182 2320 3183
839 0 -1
1457 36 75 37 80 2320 3183 2326 3189
840 0 -1
1458 40 26 44 29 2321 3184 2331 3194
841 0 -1
1461 82 67 85 67 2324 3187 2327 3190
842 0 -1
1462 20 1 21 4 2325 3188 2329 3192
843 0 -1
1463 2 7 3 8 2326 3189 2328 3191
844 0 -1
1465 51 37 53 37 2328 3191 2330 3193
845 0 -1
1466 95 48 95 50 2329 3192 2331 3194
846 0 -1
1468 56 26 57 26 2331 3194 2332 3195
847 0 -1
1469 18 37 19 37 2332 3195 2337 3200
848 0 -1
1470 5 70 6 70 2333 3196 2334 3197
849 0 -1
1472 13 87 18 87 2335 3198 2340 3203
850 0 -1
1473 65 81 70 81 2336 3199 2341 3204
851 0 -1
1474 13 8 14 11 2337 3200 2348 3211
852 0 -1
1475 83 99 85 99 2338 3201 2340 3203
853 0 -1
1478 85 19 90 19 2341 3204 2347 3210
854 0 -1
1479 65 56 67 56 2342 3205 2344 3207
855 0 -1
1481 9 8 11 8 2344 3207 2346 3209
856 0 -1
1483 54 87 64 87 2346 3209 2357 3220
857 0 -1
1486 8 0 13 0 2349 3212 2354 3217
858 0 -1
1487 25 6 27 7 2350 3213 2354 3217
859 0 -1
1493 14 17 16 17 2356 3219 2358 3221
860 0 -1
1495 93 83 94 83 2358 3221 2359 3222
861 0 -1
1496 69 93 69 97 2359 3222 2363 3226
862 0 -1
1497 1 71 4 72 2360 3223 2364 3227
863 0 -1
1499 65 25 66 26 2362 3225 2364 3227
864 0 -1
1500 16 19 18 19 2363 3226 2365 3228
865 0 -1
1501 54 62 59 62 2364 3227 2372 3235
866 0 -1
1502 16 2 20 2 2365 3228 2369 3232
867 0 -1
1504 64 83 66 88 2367 3230 2380 3243
868 0 -1
1505 39 7 41 14 2368 3231 2378 3241
869 0 -1
1506 96 38 97 38 2369 3232 2371 3234
870 0 -1
1507 94 33 96 34 2370 3233 2373 3236
871 0 -1
1508 19 22 19 25 2371 3234 2377 3240
872 0 -1
1509 75 85 76 85 2372 3235 2373 3236
873 0 -1
1511 4 69 6 69 2374 3237 2376 3239
874 0 -1
1513 90 43 91 46 2376 3239 2381 3244
875 0 -1
1515 26 78 26 78 2378 3241 2379 3242
876 0 -1
1516 82 2 85 2 2379 3242 2382 3245
877 0 -1
1517 40 64 43 64 2380 3243 2383 3246
878 0 -1
1518 69 35 69 37 2381 3244 2384 3247
879 0 -1
1519 27 24 28 24 2382 3245 2383 3246
880 0 -1
1521 20 64 21 67 2384 3247 2388 3251
881 0 -1
1522 51 92 51 94 2385 3248 2387 3250
882 0 -1
1523 83 38 83 39 2386 3249 2388 3251
883 0 -1
1527 57 23 58 25 2390 3253 2394 3257
884 0 -1
1528 76 17 77 17 2391 3254 2392 3255
885 0 -1
1533 76 59 77 59 2396 3259 2397 3260
886 0 -1
1534 4 49 13 49 2397 3260 2406 3269
887 0 -1
1535 1 47 4 47 2398 3261 2401 3264
888 0 -1
1536 33 62 34 63 2399 3262 2401 3264
889 0 -1
1538 20 60 21 63 2401 3264 2405 3268
890 0 -1
1540 67 52 68 52 2403 3266 2404 3267
891 0 -1
1543 22 84 22 85 2406 3269 2409 3272
892 0 -1
1544 85 56 85 57 2407 3270 2409 3272
893 0 -1
1545 85 31 85 33 2408 3271 2410 3273
894 0 -1
1547 99 72 94 72 2410 3273 2415 3278
895 0 -1
1550 0 90 0 92 2413 3276 2415 3278
896 0 -1
1551 68 55 70 55 2414 3277 2416 3279
897 0 -1
1552 50 54 51 55 2415 3278 2420 3283
898 0 -1
1554 29 17 30 18 2417 3280 2421 3284
899 0 -1
1555 37 95 37 97 2418 3281 2420 3283
900 0 -1
1556 10 20 11 21 2419 3282 2421 3284
901 0 -1
1559 54 22 55 22 2422 3285 2428 3291
902 0 -1
1560 1 28 5 30 2423 3286 2429 3292
903 0 -1
1562 22 45 22 47 2425 3288 2427 3290
904 0 -1
1563 1 93 8 96 2426 3289 2436 3299
905 0 -1
1564 71 70 72 71 2427 3290 2429 3292
906 0 -1
1566 4 58 6 58 2429 3292 2431 3294
907 0 -1
1567 90 32 93 32 2430 3293 2434 3297
908 0 -1
1573 78 44 86 44 2436 3299 2444 3307
909 0 -1
1575 3 32 4 32 2438 3301 2439 3302
910 0 -1
1576 40 25 41 26 2439 3302 2441 3304
911 0 -1
1577 67 4 69 4 2440 3303 2442 3305
912 0 -1
1579 89 93 92 93 2442 3305 2445 3308
913 0 -1
1580 80 70 82 70 2443 3306 2445 3308
914 0 -1
1582 4 53 5 53 2445 3308 2446 3309
915 0 -1
1584 45 24 45 24 2447 3310 2448 3311
916 0 -1
1587 95 60 89 65 2450 3313 2462 3325
917 0 -1
1588 28 34 28 35 2451 3314 2455 3318
918 0 -1
1589 37 37 37 37 2452 3315 2454 3317
919 0 -1
1590 6 6 9 6 2453 3316 2456 3319
920 0 -1
1591 53 61 54 62 2454 3317 2459 3322
921 0 -1
1593 5 12 7 13 2456 3319 2460 3323
922 0 -1
1594 73 97 75 97 2457 3320 2459 3322
923 0 -1
1596 5 85 6 86 2459 3322 2461 3324
924 0 -1
1598 65 39 65 39 2461 3324 2462 3325
925 0 -1
1599 17 40 18 43 2462 3325 2466 3329
926 0 -1
1600 82 1 83 1 2463 3326 2464 3327
927 0 -1
1603 59 86 60 86 2466 3329 2467 3330
928 0 -1
1606 63 1 64 1 2469 3332 2471 3334
929 0 -1
1608 13 88 13 89 2471 3334 2472 3335
930 0 -1
1609 81 82 82 82 2472 3335 2474 3337
931 0 -1
1610 33 66 34 66 2473 3336 2474 3337
932 0 -1
1611 67 39 67 39 2474 3337 2476 3339
933 0 -1
1613 53 25 55 25 2476 3339 2478 3341
934 0 -1
1615 10 37 10 37 2478 3341 2479 3342
935 0 -1
1618 10 11 11 11 2481 3344 2484 3347
936 0 -1
1620 52 99 57 99 2483 3346 2488 3351
937 0 -1
1621 90 91 93 92 2484 3347 2491 3354
938 0 -1
1623 59 51 61 54 2486 3349 2491 3354
939 0 -1
1624 64 10 65 10 2487 3350 2488 3351
940 0 -1
1625 77 37 79 37 2488 3351 2491 3354
941 0 -1
1626 91 71 93 71 2489 3352 2491 3354
942 0 -1
1627 1 37 3 47 2490 3353 2503 3366
943 0 -1
1629 41 64 42 64 2492 3355 2493 3356
944 0 -1
1631 95 82 96 82 2494 3357 2496 3359
945 0 -1
1633 44 27 46 31 2496 3359 2506 3369
946 0 -1
1634 73 27 75 27 2497 3360 2499 3362
947 0 -1
1637 14 26 15 26 2500 3363 2501 3364
948 0 -1
1638 64 78 67 78 2501 3364 2504 3367
949 0 -1
1640 47 14 55 15 2503 3366 2513 3376
950 0 -1
1641 59 64 59 65 2504 3367 2507 3370
951 0 -1
1642 22 45 24 45 2505 3368 2509 3372
952 0 -1
1645 26 35 27 35 2508 3371 2509 3372
953 0 -1
1648 52 84 54 84 2511 3374 2513 3376
954 0 -1
1649 73 24 75 24 2512 3375 2514 3377
955 0 -1
1650 25 60 25 61 2513 3376 2514 3377
956 0 -1
1656 43 13 47 13 2519 3382 2523 3386
957 0 -1
1657 59 44 59 44 2520 3383 2523 3386
958 0 -1
1659 83 78 85 78 2522 3385 2526 3389
959 0 -1
1660 6 28 6 30 2523 3386 2527 3390
960 0 -1
1661 7 98 13 99 2524 3387 2531 3394
961 0 -1
1662 20 95 24 98 2525 3388 2532 3395
962 0 -1
1663 55 18 55 23 2526 3389 2533 3396
963 0 -1
1664 70 4 70 5 2527 3390 2529 3392
964 0 -1
1665 1 97 1 97 2528 3391 2529 3392
965 0 -1
1668 23 80 25 81 2531 3394 2534 3397
966 0 -1
1671 69 48 77 48 2534 3397 2542 3405
967 0 -1
1672 7 34 8 34 2535 3398 2536 3399
968 0 -1
1673 91 15 96 15 2536 3399 2541 3404
969 0 -1
1675 37 40 37 41 2538 3401 2539 3402
970 0 -1
1676 83 32 83 32 2539 3402 2542 3405
971 0 -1
1678 63 88 65 88 2541 3404 2544 3407
972 0 -1
1679 4 87 8 88 2542 3405 2549 3412
973 0 -1
1680 75 74 79 74 2543 3406 2547 3410
974 0 -1
1683 63 14 67 16 2546 3409 2553 3416
975 0 -1
1685 3 85 5 85 2548 3411 2551 3414
976 0 -1
1686 61 12 71 12 2549 3412 2559 3422
977 0 -1
1687 99 73 96 74 2550 3413 2554 3417
978 0 -1
1688 30 4 36 4 2551 3414 2557 3420
979 0 -1
1690 68 13 71 13 2553 3416 2557 3420
980 0 -1
1691 51 72 51 73 2554 3417 2556 3419
981 0 -1
1692 49 53 49 53 2555 3418 2558 3421
982 0 -1
1694 90 67 91 67 2557 3420 2558 3421
983 0 -1
1695 28 67 29 68 2558 3421 2562 3425
984 0 -1
1696 34 5 35 5 2559 3422 2562 3425
985 0 -1
1697 32 78 33 79 2560 3423 2562 3425
986 0 -1
1698 64 35 65 36 2561 3424 2563 3426
987 0 -1
1700 43 24 45 24 2563 3426 2565 3428
988 0 -1
1702 33 93 46 94 2565 3428 2579 3442
989 0 -1
1703 60 65 61 65 2566 3429 2567 3430
990 0 -1
1704 74 13 76 14 2567 3430 2570 3433
991 0 -1
1709 3 77 4 78 2572 3435 2575 3438
992 0 -1
1712 74 18 76 18 2575 3438 2578 3441
993 0 -1
1714 32 9 33 9 2577 3440 2578 3441
994 0 -1
1717 59 74 61 75 2580 3443 2584 3447
995 0 -1
1718 30 2 32 2 2581 3444 2583 3446
996 0 -1
1720 82 54 82 60 2583 3446 2589 3452
997 0 -1
1722 99 50 98 50 2585 3448 2586 3449
998 0 -1
1723 89 11 90 12 2586 3449 2588 3451
999 0 -1
1725 6 71 6 71 2588 3451 2590 3453
1000 0 -1
1726 34 86 36 87 2589 3452 2592 3455
