100 100 3455
1
0 9 41
72
0 0 12 100 6
0
1 0 25 100 6
0
2 0 35 100 6
0
3 0 50 100 6
0
4 0 64 100 6
0
5 0 76 100 6
0
6 0 88 100 6
0
7 0 97 100 6
0
8 0 111 100 6
0
9 0 121 100 6
0
10 0 132 100 6
0
11 0 144 100 6
0
12 0 156 100 6
0
13 0 170 100 6
0
14 0 182 100 6
0
15 0 196 100 6
0
16 0 207 100 6
0
17 0 216 100 6
0
18 0 226 100 6
0
19 0 239 100 6
0
20 0 252 100 6
0
21 0 266 100 6
0
22 0 279 100 6
0
23 0 290 100 6
0
24 0 302 100 6
0
25 0 313 100 6
0
26 0 325 100 6
0
27 0 338 100 6
0
28 0 350 100 6
0
29 0 362 100 6
0
30 0 376 100 6
0
31 0 387 100 6
0
32 0 398 100 6
0
33 0 410 100 6
0
34 0 420 100 6
0
35 0 434 100 6
0
36 0 447 100 6
0
37 0 461 100 6
0
38 0 473 100 6
0
39 0 485 100 6
0
40 0 497 100 6
0
41 0 508 100 6
0
42 0 518 100 6
0
43 0 530 100 6
0
44 0 540 100 6
0
45 0 550 100 6
0
46 0 562 100 6
0
47 0 574 100 6
0
48 0 587 100 6
0
49 0 602 100 6
0
50 0 614 100 6
0
51 0 625 100 6
0
52 0 640 100 6
0
53 0 652 100 6
0
54 0 662 100 6
0
55 0 676 100 6
0
56 0 689 100 6
0
57 0 701 100 6
0
58 0 715 100 6
0
59 0 728 100 6
0
60 0 739 100 6
0
61 0 753 100 6
0
62 0 764 100 6
0
63 0 777 100 6
0
64 0 788 100 6
0
65 0 801 100 6
0
66 0 813 100 6
0
67 0 824 100 6
0
68 0 835 100 6
0
69 0 848 100 6
0
70 0 861 100 6
0
71 0 872 100 6
0
1000
1 0 -1
2 80 3 83 3 865 1728 868 1731
2 0 -1
5 92 13 96 13 868 1731 873 1736
3 0 -1
7 29 49 33 49 870 1733 874 1737
4 0 -1
8 2 65 8 67 871 1734 880 1743
5 0 -1
9 0 68 4 69 872 1735 878 1741
6 0 -1
10 49 91 52 91 873 1736 877 1740
7 0 -1
11 56 83 61 83 874 1737 880 1743
8 0 -1
12 77 34 77 35 875 1738 877 1740
9 0 -1
13 23 55 23 56 876 1739 878 1741
10 0 -1
14 35 78 36 80 877 1740 880 1743
11 0 -1
15 90 62 94 63 878 1741 884 1747
12 0 -1
17 51 20 54 21 880 1743 884 1747
13 0 -1
18 99 81 99 83 881 1744 887 1750
14 0 -1
19 35 20 35 21 882 1745 883 1746
15 0 -1
20 93 25 93 26 883 1746 885 1748
16 0 -1
21 60 31 61 31 884 1747 886 1749
17 0 -1
22 83 99 83 97 885 1748 889 1752
18 0 -1
24 7 4 9 4 887 1750 889 1752
19 0 -1
29 3 50 5 50 892 1755 898 1761
20 0 -1
30 94 97 95 98 893 1756 895 1758
21 0 -1
31 50 29 52 29 894 1757 896 1759
22 0 -1
33 97 4 92 5 896 1759 902 1765
23 0 -1
35 9 3 9 4 898 1761 899 1762
24 0 -1
36 59 56 60 56 899 1762 901 1764
25 0 -1
39 80 51 81 51 902 1765 903 1766
26 0 -1
40 96 15 97 15 903 1766 904 1767
27 0 -1
41 28 70 29 71 904 1767 906 1769
28 0 -1
42 79 71 79 72 905 1768 906 1769
29 0 -1
43 4 29 4 30 906 1769 907 1770
30 0 -1
45 79 73 81 73 908 1771 910 1773
31 0 -1
49 84 30 87 30 912 1775 915 1778
32 0 -1
52 64 38 67 42 915 1778 922 1785
33 0 -1
53 49 57 54 57 916 1779 921 1784
34 0 -1
54 72 83 73 83 917 1780 918 1781
35 0 -1
56 23 0 30 3 919 1782 936 1799
36 0 -1
57 33 28 35 28 920 1783 922 1785
37 0 -1
59 75 49 76 49 922 1785 923 1786
38 0 -1
61 11 72 12 73 924 1787 926 1789
39 0 -1
62 36 62 36 62 925 1788 933 1796
40 0 -1
64 77 13 87 21 927 1790 946 1809
41 0 -1
69 56 46 56 48 932 1795 934 1797
42 0 -1
71 55 95 55 98 934 1797 942 1805
43 0 -1
73 76 24 76 29 936 1799 941 1804
44 0 -1
76 7 12 10 12 939 1802 942 1805
45 0 -1
78 71 43 72 44 941 1804 943 1806
46 0 -1
80 82 38 85 38 943 1806 946 1809
47 0 -1
81 36 58 37 58 944 1807 946 1809
48 0 -1
82 97 19 97 24 945 1808 951 1814
49 0 -1
83 65 85 66 85 946 1809 951 1814
50 0 -1
84 93 33 94 33 947 1810 948 1811
51 0 -1
86 9 29 19 29 949 1812 959 1822
52 0 -1
87 77 81 78 81 950 1813 951 1814
53 0 -1
90 55 75 56 75 953 1816 954 1817
54 0 -1
91 53 13 55 14 954 1817 958 1821
55 0 -1
92 62 57 63 57 955 1818 956 1819
56 0 -1
93 51 20 53 20 956 1819 959 1822
57 0 -1
94 93 49 96 52 957 1820 963 1826
58 0 -1
96 91 68 91 68 959 1822 961 1824
59 0 -1
103 88 1 89 3 966 1829 969 1832
60 0 -1
105 61 74 62 74 968 1831 970 1833
61 0 -1
106 90 73 91 81 969 1832 979 1842
62 0 -1
107 99 66 97 67 970 1833 973 1836
63 0 -1
108 15 20 15 26 971 1834 979 1842
64 0 -1
110 56 61 58 67 973 1836 981 1844
65 0 -1
111 40 27 40 27 974 1837 975 1838
66 0 -1
114 3 91 7 93 977 1840 983 1846
67 0 -1
115 52 38 57 38 978 1841 983 1846
68 0 -1
116 16 50 17 51 979 1842 991 1854
69 0 -1
119 29 35 31 35 982 1845 985 1848
70 0 -1
120 9 88 9 88 983 1846 984 1847
71 0 -1
122 84 71 86 72 985 1848 989 1852
72 0 -1
123 65 5 67 6 986 1849 989 1852
73 0 -1
124 1 87 2 88 987 1850 991 1854
74 0 -1
127 21 2 21 3 990 1853 991 1854
75 0 -1
128 21 31 27 36 991 1854 1010 1873
76 0 -1
130 37 63 38 63 993 1856 994 1857
77 0 -1
132 44 35 55 35 995 1858 1010 1873
78 0 -1
134 99 53 98 53 997 1860 998 1861
79 0 -1
135 54 9 59 13 998 1861 1009 1872
80 0 -1
136 97 34 97 35 999 1862 1001 1864
81 0 -1
139 16 33 16 33 1002 1865 1003 1866
82 0 -1
140 66 39 67 41 1003 1866 1007 1870
83 0 -1
141 82 65 85 66 1004 1867 1009 1872
84 0 -1
144 71 57 74 59 1007 1870 1012 1875
85 0 -1
145 82 47 84 47 1008 1871 1010 1873
86 0 -1
146 15 41 15 42 1009 1872 1010 1873
87 0 -1
147 71 5 72 5 1010 1873 1011 1874
88 0 -1
148 35 21 35 21 1011 1874 1012 1875
89 0 -1
149 6 42 6 44 1012 1875 1014 1877
90 0 -1
150 57 76 59 77 1013 1876 1019 1882
91 0 -1
153 39 51 40 51 1016 1879 1017 1880
92 0 -1
154 46 88 47 90 1017 1880 1021 1884
93 0 -1
155 99 88 98 89 1018 1881 1022 1885
94 0 -1
156 4 81 5 85 1019 1882 1024 1887
95 0 -1
157 94 63 98 63 1020 1883 1025 1888
96 0 -1
160 18 61 21 62 1023 1886 1029 1892
97 0 -1
162 86 30 87 30 1025 1888 1026 1889
98 0 -1
163 74 63 74 63 1026 1889 1027 1890
99 0 -1
166 45 21 45 22 1029 1892 1031 1894
100 0 -1
167 43 90 44 90 1030 1893 1035 1898
101 0 -1
168 22 83 22 85 1031 1894 1033 1896
102 0 -1
169 1 47 2 50 1032 1895 1037 1900
103 0 -1
170 68 95 73 95 1033 1896 1038 1901
104 0 -1
172 17 29 17 34 1035 1898 1040 1903
105 0 -1
173 33 36 34 38 1036 1899 1041 1904
106 0 -1
174 43 25 43 25 1037 1900 1039 1902
107 0 -1
179 78 96 78 96 1042 1905 1043 1906
108 0 -1
183 75 7 79 8 1046 1909 1051 1914
109 0 -1
184 42 53 44 53 1047 1910 1049 1912
110 0 -1
185 33 51 34 51 1048 1911 1050 1913
111 0 -1
186 75 55 76 60 1049 1912 1058 1921
112 0 -1
187 25 64 25 68 1050 1913 1056 1919
113 0 -1
189 30 86 33 88 1052 1915 1057 1920
114 0 -1
190 3 1 6 3 1053 1916 1058 1921
115 0 -1
193 61 62 61 62 1056 1919 1057 1920
116 0 -1
196 15 49 15 50 1059 1922 1061 1924
117 0 -1
197 39 17 40 17 1060 1923 1061 1924
118 0 -1
198 11 33 18 43 1061 1924 1079 1942
119 0 -1
199 15 5 15 6 1062 1925 1063 1926
120 0 -1
200 92 52 92 54 1063 1926 1065 1928
121 0 -1
201 4 90 4 91 1064 1927 1065 1928
122 0 -1
204 0 10 0 11 1067 1930 1068 1931
123 0 -1
208 37 32 37 33 1071 1934 1072 1935
124 0 -1
209 30 68 30 68 1072 1935 1073 1936
125 0 -1
211 79 59 80 61 1074 1937 1077 1940
126 0 -1
212 24 21 26 21 1075 1938 1077 1940
127 0 -1
213 32 17 35 20 1076 1939 1084 1947
128 0 -1
214 61 54 63 56 1077 1940 1082 1945
129 0 -1
218 26 16 32 17 1081 1944 1088 1951
130 0 -1
219 73 57 74 58 1082 1945 1084 1947
131 0 -1
224 54 43 56 44 1087 1950 1090 1953
132 0 -1
225 27 90 28 91 1088 1951 1090 1953
133 0 -1
229 89 55 90 59 1092 1955 1098 1961
134 0 -1
230 68 25 69 25 1093 1956 1094 1957
135 0 -1
231 26 44 29 44 1094 1957 1097 1960
136 0 -1
236 67 58 69 58 1099 1962 1101 1964
137 0 -1
237 1 55 1 56 1100 1963 1102 1965
138 0 -1
240 87 86 94 90 1103 1966 1114 1977
139 0 -1
242 86 97 86 97 1105 1968 1107 1970
140 0 -1
244 66 91 68 93 1107 1970 1112 1975
141 0 -1
245 79 82 85 82 1108 1971 1114 1977
142 0 -1
246 5 37 6 38 1109 1972 1112 1975
143 0 -1
247 52 48 53 48 1110 1973 1113 1976
144 0 -1
248 38 8 40 8 1111 1974 1114 1977
145 0 -1
250 80 45 82 45 1113 1976 1115 1978
146 0 -1
251 3 38 6 38 1114 1977 1117 1980
147 0 -1
253 10 90 11 90 1116 1979 1117 1980
148 0 -1
255 36 6 37 7 1118 1981 1120 1983
149 0 -1
256 15 44 18 45 1119 1982 1123 1986
150 0 -1
257 4 17 8 17 1120 1983 1124 1987
151 0 -1
258 7 84 7 84 1121 1984 1122 1985
152 0 -1
260 87 67 88 68 1123 1986 1125 1988
153 0 -1
261 66 44 74 48 1124 1987 1136 1999
154 0 -1
266 6 8 8 10 1129 1992 1133 1996
155 0 -1
267 31 93 32 95 1130 1993 1133 1996
156 0 -1
268 8 54 8 55 1131 1994 1133 1996
157 0 -1
269 18 45 19 45 1132 1995 1133 1996
158 0 -1
271 18 70 19 70 1134 1997 1140 2003
159 0 -1
272 88 0 88 0 1135 1998 1136 1999
160 0 -1
274 64 31 77 31 1137 2000 1150 2013
161 0 -1
277 2 51 2 51 1140 2003 1142 2005
162 0 -1
278 64 90 64 92 1141 2004 1147 2010
163 0 -1
279 30 39 34 39 1142 2005 1146 2009
164 0 -1
280 94 54 97 54 1143 2006 1146 2009
165 0 -1
283 9 50 9 51 1146 2009 1147 2010
166 0 -1
285 12 35 14 35 1148 2011 1151 2014
167 0 -1
286 82 15 83 15 1149 2012 1152 2015
168 0 -1
289 29 42 31 43 1152 2015 1155 2018
169 0 -1
293 42 1 43 4 1156 2019 1160 2023
170 0 -1
294 69 65 71 65 1157 2020 1161 2024
171 0 -1
295 37 78 38 78 1158 2021 1160 2023
172 0 -1
296 97 65 94 65 1159 2022 1163 2026
173 0 -1
303 12 30 20 30 1166 2029 1175 2038
174 0 -1
305 62 7 66 8 1168 2031 1173 2036
175 0 -1
306 14 63 15 63 1169 2032 1170 2033
176 0 -1
307 48 56 50 56 1170 2033 1172 2035
177 0 -1
310 17 35 20 35 1173 2036 1177 2040
178 0 -1
311 31 11 32 14 1174 2037 1178 2041
179 0 -1
312 79 39 83 39 1175 2038 1184 2047
180 0 -1
313 27 83 28 83 1176 2039 1177 2040
181 0 -1
315 71 28 73 28 1178 2041 1180 2043
182 0 -1
320 49 97 59 91 1183 2046 1199 2062
183 0 -1
321 84 70 87 70 1184 2047 1187 2050
184 0 -1
323 44 5 45 13 1186 2049 1199 2062
185 0 -1
325 57 24 59 27 1188 2051 1196 2059
186 0 -1
326 60 43 61 43 1189 2052 1190 2053
187 0 -1
327 40 93 40 96 1190 2053 1193 2056
188 0 -1
328 68 68 70 71 1191 2054 1196 2059
189 0 -1
329 5 58 7 59 1192 2055 1195 2058
190 0 -1
330 97 70 92 70 1193 2056 1198 2061
191 0 -1
337 57 33 62 36 1200 2063 1213 2076
192 0 -1
340 48 56 51 56 1203 2066 1206 2069
193 0 -1
342 8 90 8 91 1205 2068 1206 2069
194 0 -1
343 51 83 52 83 1206 2069 1209 2072
195 0 -1
345 71 41 81 41 1208 2071 1220 2083
196 0 -1
349 39 95 40 95 1212 2075 1213 2076
197 0 -1
351 57 94 58 94 1214 2077 1215 2078
198 0 -1
354 53 63 55 64 1217 2080 1223 2086
199 0 -1
356 28 0 29 0 1219 2082 1220 2083
200 0 -1
357 20 59 20 61 1220 2083 1224 2087
201 0 -1
358 81 64 87 65 1221 2084 1228 2091
202 0 -1
359 90 38 90 39 1222 2085 1225 2088
203 0 -1
360 0 93 0 95 1223 2086 1225 2088
204 0 -1
361 62 17 68 17 1224 2087 1230 2093
205 0 -1
363 38 40 38 41 1226 2089 1227 2090
206 0 -1
364 11 98 12 98 1227 2090 1228 2091
207 0 -1
365 79 60 81 60 1228 2091 1230 2093
208 0 -1
367 35 27 41 27 1230 2093 1236 2099
209 0 -1
371 81 4 81 4 1234 2097 1235 2098
210 0 -1
372 41 18 42 23 1235 2098 1243 2106
211 0 -1
373 11 35 12 36 1236 2099 1239 2102
212 0 -1
374 32 46 33 46 1237 2100 1238 2101
213 0 -1
375 66 91 66 92 1238 2101 1239 2102
214 0 -1
377 36 30 37 30 1240 2103 1241 2104
215 0 -1
379 89 3 89 3 1242 2105 1243 2106
216 0 -1
380 37 47 37 47 1243 2106 1244 2107
217 0 -1
381 70 90 73 90 1244 2107 1249 2112
218 0 -1
382 82 88 82 90 1245 2108 1247 2110
219 0 -1
383 14 34 15 34 1246 2109 1247 2110
220 0 -1
388 74 9 74 9 1251 2114 1252 2115
221 0 -1
391 68 76 70 76 1254 2117 1256 2119
222 0 -1
392 37 3 38 3 1255 2118 1257 2120
223 0 -1
394 82 14 83 14 1257 2120 1260 2123
224 0 -1
396 17 71 22 71 1259 2122 1264 2127
225 0 -1
397 62 10 63 10 1260 2123 1261 2124
226 0 -1
400 79 70 81 70 1263 2126 1265 2128
227 0 -1
401 73 94 74 94 1264 2127 1266 2129
228 0 -1
403 49 23 52 25 1266 2129 1271 2134
229 0 -1
404 51 59 51 60 1267 2130 1269 2132
230 0 -1
407 50 5 51 5 1270 2133 1271 2134
231 0 -1
408 62 36 62 37 1271 2134 1274 2137
232 0 -1
411 29 55 30 56 1274 2137 1276 2139
233 0 -1
412 47 82 47 82 1275 2138 1276 2139
234 0 -1
414 32 73 33 73 1277 2140 1278 2141
235 0 -1
418 31 24 31 24 1281 2144 1282 2145
236 0 -1
420 38 33 39 33 1283 2146 1284 2147
237 0 -1
421 9 59 11 59 1284 2147 1286 2149
238 0 -1
423 91 11 91 12 1286 2149 1287 2150
239 0 -1
426 67 35 71 36 1289 2152 1294 2157
240 0 -1
428 38 12 39 12 1291 2154 1293 2156
241 0 -1
433 84 57 86 57 1296 2159 1298 2161
242 0 -1
437 79 85 79 86 1300 2163 1301 2164
243 0 -1
439 81 79 81 79 1302 2165 1304 2167
244 0 -1
441 25 66 31 67 1304 2167 1312 2175
245 0 -1
446 58 68 62 68 1309 2172 1313 2176
246 0 -1
448 14 91 17 91 1311 2174 1314 2177
247 0 -1
450 51 43 53 49 1313 2176 1321 2184
248 0 -1
452 97 95 97 96 1315 2178 1318 2181
249 0 -1
455 8 28 11 28 1318 2181 1321 2184
250 0 -1
460 89 57 91 59 1323 2186 1329 2192
251 0 -1
461 45 96 45 98 1324 2187 1326 2189
252 0 -1
462 55 23 57 23 1325 2188 1328 2191
253 0 -1
464 91 43 92 43 1327 2190 1329 2192
254 0 -1
469 8 83 8 85 1332 2195 1334 2197
255 0 -1
471 10 79 17 83 1334 2197 1345 2208
256 0 -1
475 49 60 51 60 1338 2201 1340 2203
257 0 -1
478 58 92 58 95 1341 2204 1345 2208
258 0 -1
479 93 58 95 58 1342 2205 1344 2207
259 0 -1
480 41 58 45 59 1343 2206 1351 2214
260 0 -1
481 24 97 24 91 1344 2207 1350 2213
261 0 -1
482 90 38 90 38 1345 2208 1346 2209
262 0 -1
484 53 99 53 96 1347 2210 1351 2214
263 0 -1
486 79 27 82 27 1349 2212 1352 2215
264 0 -1
488 51 81 51 84 1351 2214 1354 2217
265 0 -1
489 24 25 32 29 1352 2215 1365 2228
266 0 -1
491 79 48 79 50 1354 2217 1356 2219
267 0 -1
493 99 78 98 78 1356 2219 1357 2220
268 0 -1
496 49 35 49 35 1359 2222 1360 2223
269 0 -1
501 51 65 52 65 1364 2227 1366 2229
270 0 -1
502 15 26 16 27 1365 2228 1369 2232
271 0 -1
505 80 42 82 42 1368 2231 1370 2233
272 0 -1
506 19 14 20 14 1369 2232 1374 2237
273 0 -1
507 36 3 38 5 1370 2233 1374 2237
274 0 -1
509 3 71 4 71 1372 2235 1373 2236
275 0 -1
511 59 72 59 73 1374 2237 1376 2239
276 0 -1
512 25 40 25 41 1375 2238 1376 2239
277 0 -1
515 37 72 37 73 1378 2241 1381 2244
278 0 -1
516 13 25 23 26 1379 2242 1392 2255
279 0 -1
517 39 76 42 76 1380 2243 1384 2247
280 0 -1
518 92 73 94 73 1381 2244 1383 2246
281 0 -1
520 17 59 18 59 1383 2246 1384 2247
282 0 -1
522 72 97 81 97 1385 2248 1394 2257
283 0 -1
523 77 13 78 13 1386 2249 1387 2250
284 0 -1
525 64 43 66 43 1388 2251 1390 2253
285 0 -1
526 32 0 34 0 1389 2252 1391 2254
286 0 -1
528 90 15 95 15 1391 2254 1396 2259
287 0 -1
530 0 56 4 56 1393 2256 1397 2260
288 0 -1
533 61 41 61 42 1396 2259 1398 2261
289 0 -1
535 74 77 76 77 1398 2261 1401 2264
290 0 -1
536 30 46 32 46 1399 2262 1401 2264
291 0 -1
537 49 56 49 56 1400 2263 1401 2264
292 0 -1
538 45 74 45 74 1401 2264 1404 2267
293 0 -1
540 58 80 62 80 1403 2266 1407 2270
294 0 -1
541 46 41 49 41 1404 2267 1407 2270
295 0 -1
542 79 85 80 85 1405 2268 1413 2276
296 0 -1
543 7 18 7 18 1406 2269 1408 2271
297 0 -1
546 16 46 18 46 1409 2272 1411 2274
298 0 -1
547 36 60 38 60 1410 2273 1412 2275
299 0 -1
550 12 45 12 46 1413 2276 1414 2277
300 0 -1
552 60 59 61 60 1415 2278 1418 2281
301 0 -1
553 39 0 39 1 1416 2279 1418 2281
302 0 -1
555 40 22 43 23 1418 2281 1423 2286
303 0 -1
556 33 6 33 6 1419 2282 1421 2284
304 0 -1
558 55 21 55 22 1421 2284 1422 2285
305 0 -1
559 75 16 76 18 1422 2285 1427 2290
306 0 -1
560 64 32 64 34 1423 2286 1425 2288
307 0 -1
562 94 20 94 20 1425 2288 1426 2289
308 0 -1
565 4 73 8 73 1428 2291 1432 2295
309 0 -1
566 75 60 77 62 1429 2292 1433 2296
310 0 -1
567 76 55 76 56 1430 2293 1431 2294
311 0 -1
570 74 77 76 79 1433 2296 1437 2300
312 0 -1
572 35 51 35 51 1435 2298 1438 2301
313 0 -1
573 67 25 70 25 1436 2299 1439 2302
314 0 -1
575 76 40 77 41 1438 2301 1440 2303
315 0 -1
577 39 58 39 59 1440 2303 1441 2304
316 0 -1
578 22 1 22 1 1441 2304 1443 2306
317 0 -1
579 75 68 78 68 1442 2305 1447 2310
318 0 -1
580 24 37 25 37 1443 2306 1444 2307
319 0 -1
585 21 52 24 52 1448 2311 1451 2314
320 0 -1
588 94 52 94 52 1451 2314 1456 2319
321 0 -1
589 4 38 12 39 1452 2315 1467 2330
322 0 -1
592 22 86 22 87 1455 2318 1456 2319
323 0 -1
594 88 38 88 40 1457 2320 1459 2322
324 0 -1
595 68 69 73 70 1458 2321 1473 2336
325 0 -1
596 18 93 20 94 1459 2322 1463 2326
326 0 -1
597 64 4 67 6 1460 2323 1468 2331
327 0 -1
599 16 96 16 100 1462 2325 1470 2333
328 0 -1
600 1 59 2 60 1463 2326 1466 2329
329 0 -1
601 16 66 18 66 1464 2327 1466 2329
330 0 -1
603 62 1 62 2 1466 2329 1468 2331
331 0 -1
608 34 90 34 90 1471 2334 1474 2337
332 0 -1
609 43 5 43 6 1472 2335 1473 2336
333 0 -1
610 64 27 67 27 1473 2336 1478 2341
334 0 -1
611 74 83 74 84 1474 2337 1478 2341
335 0 -1
613 74 60 82 60 1476 2339 1484 2347
336 0 -1
614 74 15 75 17 1477 2340 1483 2346
337 0 -1
615 33 14 34 14 1478 2341 1479 2342
338 0 -1
616 58 6 60 6 1479 2342 1481 2344
339 0 -1
619 10 33 15 33 1482 2345 1487 2350
340 0 -1
620 72 76 72 76 1483 2346 1485 2348
341 0 -1
621 60 69 60 72 1484 2347 1489 2352
342 0 -1
622 94 51 97 51 1485 2348 1488 2351
343 0 -1
623 77 89 79 89 1486 2349 1488 2351
344 0 -1
624 91 35 92 35 1487 2350 1488 2351
345 0 -1
625 85 9 86 9 1488 2351 1490 2353
346 0 -1
628 26 17 26 17 1491 2354 1492 2355
347 0 -1
629 99 82 96 82 1492 2355 1497 2360
348 0 -1
630 67 32 68 32 1493 2356 1494 2357
349 0 -1
634 26 96 26 96 1497 2360 1498 2361
350 0 -1
635 57 85 57 85 1498 2361 1500 2363
351 0 -1
636 42 6 42 8 1499 2362 1501 2364
352 0 -1
637 20 21 21 22 1500 2363 1502 2365
353 0 -1
639 0 20 1 20 1502 2365 1503 2366
354 0 -1
640 73 8 73 8 1503 2366 1505 2368
355 0 -1
641 55 58 56 58 1504 2367 1506 2369
356 0 -1
643 50 32 56 32 1506 2369 1512 2375
357 0 -1
645 92 20 92 20 1508 2371 1510 2373
358 0 -1
646 31 43 33 43 1509 2372 1511 2374
359 0 -1
648 1 35 2 35 1511 2374 1512 2375
360 0 -1
649 40 24 41 26 1512 2375 1522 2385
361 0 -1
650 30 54 31 54 1513 2376 1514 2377
362 0 -1
651 61 73 65 73 1514 2377 1518 2381
363 0 -1
652 50 55 58 55 1515 2378 1530 2393
364 0 -1
653 56 26 56 27 1516 2379 1517 2380
365 0 -1
656 97 65 97 66 1519 2382 1520 2383
366 0 -1
662 79 3 79 3 1525 2388 1527 2390
367 0 -1
663 71 91 77 92 1526 2389 1534 2397
368 0 -1
664 91 77 91 78 1527 2390 1529 2392
369 0 -1
665 75 83 75 83 1528 2391 1529 2392
370 0 -1
666 62 85 62 87 1529 2392 1531 2394
371 0 -1
667 60 48 61 48 1530 2393 1533 2396
372 0 -1
669 64 57 65 57 1532 2395 1533 2396
373 0 -1
672 76 97 78 97 1535 2398 1539 2402
374 0 -1
673 10 86 11 86 1536 2399 1538 2401
375 0 -1
674 21 96 22 96 1537 2400 1541 2404
376 0 -1
675 96 89 91 89 1538 2401 1543 2406
377 0 -1
678 30 54 33 55 1541 2404 1545 2408
378 0 -1
679 70 52 71 53 1542 2405 1545 2408
379 0 -1
680 73 67 77 67 1543 2406 1549 2412
380 0 -1
681 91 79 93 79 1544 2407 1546 2409
381 0 -1
682 22 66 22 67 1545 2408 1547 2410
382 0 -1
684 20 66 21 66 1547 2410 1549 2412
383 0 -1
685 2 42 5 42 1548 2411 1553 2416
384 0 -1
687 86 97 89 98 1550 2413 1555 2418
385 0 -1
688 96 36 96 37 1551 2414 1553 2416
386 0 -1
689 49 18 51 18 1552 2415 1554 2417
387 0 -1
690 20 11 20 13 1553 2416 1555 2418
388 0 -1
691 93 56 95 56 1554 2417 1556 2419
389 0 -1
692 8 33 9 34 1555 2418 1557 2420
390 0 -1
694 79 75 79 75 1557 2420 1560 2423
391 0 -1
696 41 68 41 68 1559 2422 1561 2424
392 0 -1
698 37 84 42 84 1561 2424 1566 2429
393 0 -1
700 91 11 91 12 1563 2426 1564 2427
394 0 -1
701 42 72 42 73 1564 2427 1565 2428
395 0 -1
702 4 4 7 8 1565 2428 1572 2435
396 0 -1
703 59 77 60 78 1566 2429 1568 2431
397 0 -1
704 52 57 54 57 1567 2430 1569 2432
398 0 -1
705 43 44 46 44 1568 2431 1572 2435
399 0 -1
706 98 31 96 31 1569 2432 1571 2434
400 0 -1
707 5 54 8 54 1570 2433 1574 2437
401 0 -1
708 90 76 97 76 1571 2434 1578 2441
402 0 -1
710 25 51 25 53 1573 2436 1576 2439
403 0 -1
712 84 44 84 45 1575 2438 1576 2439
404 0 -1
714 47 34 48 34 1577 2440 1578 2441
405 0 -1
716 86 80 86 80 1579 2442 1580 2443
406 0 -1
718 27 75 34 76 1581 2444 1589 2452
407 0 -1
719 7 70 8 70 1582 2445 1583 2446
408 0 -1
720 65 28 66 29 1583 2446 1585 2448
409 0 -1
722 9 42 9 44 1585 2448 1587 2450
410 0 -1
724 88 71 88 73 1587 2450 1589 2452
411 0 -1
725 20 60 24 65 1588 2451 1599 2462
412 0 -1
726 54 56 54 58 1589 2452 1593 2456
413 0 -1
727 73 10 74 11 1590 2453 1593 2456
414 0 -1
728 30 26 32 29 1591 2454 1596 2459
415 0 -1
729 14 12 15 12 1592 2455 1593 2456
416 0 -1
731 16 18 17 18 1594 2457 1595 2458
417 0 -1
733 69 64 70 64 1596 2459 1598 2461
418 0 -1
734 55 67 57 67 1597 2460 1599 2462
419 0 -1
735 15 42 17 42 1598 2461 1601 2464
420 0 -1
736 61 26 62 27 1599 2462 1601 2464
421 0 -1
737 87 37 87 40 1600 2463 1603 2466
422 0 -1
742 4 44 5 44 1605 2468 1610 2473
423 0 -1
744 74 41 75 41 1607 2470 1609 2472
424 0 -1
745 94 17 96 18 1608 2471 1613 2476
425 0 -1
748 46 28 46 29 1611 2474 1613 2476
426 0 -1
750 10 1 11 1 1613 2476 1614 2477
427 0 -1
751 95 70 96 70 1614 2477 1615 2478
428 0 -1
752 9 24 10 25 1615 2478 1618 2481
429 0 -1
753 56 60 56 61 1616 2479 1617 2480
430 0 -1
754 69 4 70 6 1617 2480 1623 2486
431 0 -1
755 39 70 40 71 1618 2481 1620 2483
432 0 -1
757 59 10 60 11 1620 2483 1622 2485
433 0 -1
758 50 0 56 2 1621 2484 1629 2492
434 0 -1
759 78 67 79 67 1622 2485 1624 2487
435 0 -1
760 23 9 23 9 1623 2486 1624 2487
436 0 -1
766 13 37 13 38 1629 2492 1631 2494
437 0 -1
767 50 84 51 85 1630 2493 1632 2495
438 0 -1
768 92 79 94 80 1631 2494 1634 2497
439 0 -1
771 47 68 47 69 1634 2497 1635 2498
440 0 -1
772 82 82 83 83 1635 2498 1637 2500
441 0 -1
773 35 91 35 91 1636 2499 1639 2502
442 0 -1
775 65 13 68 15 1638 2501 1643 2506
443 0 -1
777 50 76 50 76 1640 2503 1642 2505
444 0 -1
778 33 34 35 34 1641 2504 1643 2506
445 0 -1
779 17 97 20 97 1642 2505 1645 2508
446 0 -1
781 99 75 99 76 1644 2507 1645 2508
447 0 -1
782 81 36 83 38 1645 2508 1649 2512
448 0 -1
784 40 87 42 87 1647 2510 1649 2512
449 0 -1
787 79 99 80 100 1650 2513 1652 2515
450 0 -1
788 82 93 82 93 1651 2514 1652 2515
451 0 -1
789 68 80 72 80 1652 2515 1656 2519
452 0 -1
790 64 89 66 89 1653 2516 1655 2518
453 0 -1
791 92 40 93 42 1654 2517 1659 2522
454 0 -1
793 22 23 23 24 1656 2519 1659 2522
455 0 -1
794 56 81 59 81 1657 2520 1661 2524
456 0 -1
795 61 71 62 72 1658 2521 1660 2523
457 0 -1
796 53 98 54 99 1659 2522 1663 2526
458 0 -1
797 87 59 87 60 1660 2523 1661 2524
459 0 -1
798 99 21 98 21 1661 2524 1664 2527
460 0 -1
799 6 89 6 91 1662 2525 1664 2527
461 0 -1
800 63 41 67 42 1663 2526 1668 2531
462 0 -1
802 30 23 33 23 1665 2528 1669 2532
463 0 -1
803 16 9 18 9 1666 2529 1668 2531
464 0 -1
805 35 79 35 84 1668 2531 1673 2536
465 0 -1
806 48 96 48 100 1669 2532 1678 2541
466 0 -1
807 56 90 56 90 1670 2533 1672 2535
467 0 -1
810 11 34 12 34 1673 2536 1674 2537
468 0 -1
813 44 44 44 45 1676 2539 1677 2540
469 0 -1
818 30 80 32 80 1681 2544 1683 2546
470 0 -1
820 29 6 30 6 1683 2546 1686 2549
471 0 -1
824 61 79 63 79 1687 2550 1689 2552
472 0 -1
825 51 63 51 63 1688 2551 1691 2554
473 0 -1
827 86 66 87 66 1690 2553 1691 2554
474 0 -1
828 18 84 18 91 1691 2554 1701 2564
475 0 -1
830 53 19 54 20 1693 2556 1696 2559
476 0 -1
831 15 86 15 87 1694 2557 1695 2558
477 0 -1
833 69 63 71 63 1696 2559 1698 2561
478 0 -1
834 36 86 36 88 1697 2560 1699 2562
479 0 -1
835 82 0 87 2 1698 2561 1708 2571
480 0 -1
839 3 7 4 8 1702 2565 1704 2567
481 0 -1
841 57 75 60 75 1704 2567 1708 2571
482 0 -1
842 34 20 34 20 1705 2568 1707 2570
483 0 -1
844 53 18 58 18 1707 2570 1712 2575
484 0 -1
845 48 29 48 31 1708 2571 1710 2573
485 0 -1
846 19 25 25 25 1709 2572 1715 2578
486 0 -1
847 0 63 1 63 1710 2573 1711 2574
487 0 -1
850 88 10 89 10 1713 2576 1716 2579
488 0 -1
851 79 41 79 42 1714 2577 1718 2581
489 0 -1
854 23 94 24 94 1717 2580 1718 2581
490 0 -1
856 25 58 25 59 1719 2582 1722 2585
491 0 -1
859 82 82 83 83 1722 2585 1727 2590
492 0 -1
860 22 72 23 72 1723 2586 1724 2587
493 0 -1
861 23 80 25 80 1724 2587 1726 2589
494 0 -1
864 53 3 56 3 1727 2590 1730 2593
495 0 -1
867 40 22 41 22 1730 2593 1731 2594
496 0 -1
868 29 87 30 87 1731 2594 1733 2596
497 0 -1
871 24 47 32 47 1734 2597 1750 2613
498 0 -1
873 55 33 56 33 1736 2599 1738 2601
499 0 -1
874 99 76 95 76 1737 2600 1742 2605
500 0 -1
875 40 71 40 74 1738 2601 1741 2604
501 0 -1
877 0 88 2 88 1740 2603 1743 2606
502 0 -1
878 89 54 90 55 1741 2604 1743 2606
503 0 -1
879 88 5 90 5 1742 2605 1744 2607
504 0 -1
880 85 78 85 81 1743 2606 1747 2610
505 0 -1
881 42 70 44 70 1744 2607 1750 2613
506 0 -1
882 66 91 68 91 1745 2608 1747 2610
507 0 -1
885 74 5 75 5 1748 2611 1749 2612
508 0 -1
887 85 39 87 40 1750 2613 1753 2616
509 0 -1
889 92 66 93 66 1752 2615 1755 2618
510 0 -1
891 60 92 62 92 1754 2617 1756 2619
511 0 -1
893 68 64 69 65 1756 2619 1758 2621
512 0 -1
894 42 80 43 81 1757 2620 1760 2623
513 0 -1
895 77 50 77 51 1758 2621 1761 2624
514 0 -1
896 59 54 60 54 1759 2622 1761 2624
515 0 -1
897 13 15 13 16 1760 2623 1761 2624
516 0 -1
898 10 35 11 36 1761 2624 1763 2626
517 0 -1
899 68 47 70 47 1762 2625 1764 2627
518 0 -1
900 79 33 82 36 1763 2626 1769 2632
519 0 -1
901 81 63 81 63 1764 2627 1766 2629
520 0 -1
902 64 56 64 57 1765 2628 1766 2629
521 0 -1
905 0 60 0 60 1768 2631 1769 2632
522 0 -1
910 42 33 43 33 1773 2636 1774 2637
523 0 -1
912 84 44 85 51 1775 2638 1785 2648
524 0 -1
914 76 21 78 25 1777 2640 1784 2647
525 0 -1
917 31 10 34 11 1780 2643 1784 2647
526 0 -1
919 81 6 81 6 1782 2645 1784 2647
527 0 -1
920 34 32 37 32 1783 2646 1786 2649
528 0 -1
921 6 85 7 85 1784 2647 1785 2648
529 0 -1
923 97 91 97 92 1786 2649 1787 2650
530 0 -1
925 9 97 11 98 1788 2651 1791 2654
531 0 -1
926 96 51 99 54 1789 2652 1798 2661
532 0 -1
927 77 2 79 3 1790 2653 1793 2656
533 0 -1
928 13 62 16 62 1791 2654 1795 2658
534 0 -1
929 21 26 21 26 1792 2655 1793 2656
535 0 -1
931 98 23 96 23 1794 2657 1796 2659
536 0 -1
933 54 91 57 91 1796 2659 1803 2666
537 0 -1
935 84 44 84 44 1798 2661 1800 2663
538 0 -1
936 78 28 79 28 1799 2662 1800 2663
539 0 -1
937 7 51 11 51 1800 2663 1804 2667
540 0 -1
938 56 25 56 27 1801 2664 1805 2668
541 0 -1
940 8 27 8 29 1803 2666 1805 2668
542 0 -1
942 17 22 17 23 1805 2668 1806 2669
543 0 -1
943 35 93 37 95 1806 2669 1813 2676
544 0 -1
944 50 37 51 37 1807 2670 1808 2671
545 0 -1
945 50 5 51 7 1808 2671 1811 2674
546 0 -1
947 29 17 40 17 1810 2673 1823 2686
547 0 -1
948 86 72 89 72 1811 2674 1814 2677
548 0 -1
950 61 51 61 51 1813 2676 1815 2678
549 0 -1
951 17 60 18 60 1814 2677 1816 2679
550 0 -1
954 46 73 48 73 1817 2680 1819 2682
551 0 -1
955 11 93 11 94 1818 2681 1819 2682
552 0 -1
957 36 34 39 34 1820 2683 1823 2686
553 0 -1
958 9 21 9 21 1821 2684 1822 2685
554 0 -1
963 96 73 98 73 1826 2689 1829 2692
555 0 -1
964 60 29 60 30 1827 2690 1829 2692
556 0 -1
966 25 86 25 86 1829 2692 1831 2694
557 0 -1
969 14 13 15 14 1832 2695 1834 2697
558 0 -1
972 1 59 4 62 1835 2698 1841 2704
559 0 -1
973 4 62 6 62 1836 2699 1840 2703
560 0 -1
974 96 53 91 55 1837 2700 1847 2710
561 0 -1
976 25 12 25 15 1839 2702 1844 2707
562 0 -1
979 67 79 69 80 1842 2705 1846 2709
563 0 -1
981 45 83 45 83 1844 2707 1845 2708
564 0 -1
983 72 93 73 95 1846 2709 1849 2712
565 0 -1
984 46 79 51 80 1847 2710 1853 2716
566 0 -1
987 40 42 40 43 1850 2713 1854 2717
567 0 -1
989 31 44 32 46 1852 2715 1855 2718
568 0 -1
990 1 55 5 55 1853 2716 1857 2720
569 0 -1
992 44 3 47 3 1855 2718 1859 2722
570 0 -1
993 11 67 12 68 1856 2719 1858 2721
571 0 -1
994 35 28 38 29 1857 2720 1861 2724
572 0 -1
996 0 67 2 67 1859 2722 1861 2724
573 0 -1
997 61 83 61 84 1860 2723 1862 2725
574 0 -1
998 73 23 73 24 1861 2724 1862 2725
575 0 -1
999 45 17 46 18 1862 2725 1864 2727
576 0 -1
1001 86 2 58 4 1864 2727 1913 2776
577 0 -1
1004 90 23 91 24 1867 2730 1869 2732
578 0 -1
1008 90 77 90 77 1871 2734 1872 2735
579 0 -1
1010 23 36 25 36 1873 2736 1875 2738
580 0 -1
1012 15 99 15 100 1875 2738 1876 2739
581 0 -1
1015 55 16 55 17 1878 2741 1879 2742
582 0 -1
1016 32 29 33 29 1879 2742 1880 2743
583 0 -1
1017 26 84 29 84 1880 2743 1883 2746
584 0 -1
1018 95 88 96 100 1881 2744 1895 2758
585 0 -1
1019 78 38 87 38 1882 2745 1892 2755
586 0 -1
1020 39 76 41 76 1883 2746 1886 2749
587 0 -1
1021 73 73 73 73 1884 2747 1885 2748
588 0 -1
1022 6 96 13 97 1885 2748 1899 2762
589 0 -1
1025 45 49 46 51 1888 2751 1893 2756
590 0 -1
1027 18 76 19 76 1890 2753 1891 2754
591 0 -1
1028 64 11 64 12 1891 2754 1892 2755
592 0 -1
1031 13 32 19 32 1894 2757 1903 2766
593 0 -1
1032 41 72 45 75 1895 2758 1902 2765
594 0 -1
1033 10 93 13 94 1896 2759 1900 2763
595 0 -1
1035 0 72 0 72 1898 2761 1900 2763
596 0 -1
1036 38 17 40 17 1899 2762 1901 2764
597 0 -1
1037 40 35 40 35 1900 2763 1901 2764
598 0 -1
1039 75 97 76 97 1902 2765 1903 2766
599 0 -1
1040 40 92 41 92 1903 2766 1904 2767
600 0 -1
1042 50 43 51 53 1905 2768 1916 2779
601 0 -1
1044 63 36 65 37 1907 2770 1911 2774
602 0 -1
1045 72 8 75 8 1908 2771 1911 2774
603 0 -1
1051 32 21 32 21 1914 2777 1915 2778
604 0 -1
1053 98 25 98 25 1916 2779 1917 2780
605 0 -1
1056 26 20 27 21 1919 2782 1921 2784
606 0 -1
1057 15 69 17 69 1920 2783 1922 2785
607 0 -1
1059 42 1 44 1 1922 2785 1926 2789
608 0 -1
1060 63 91 66 91 1923 2786 1928 2791
609 0 -1
1063 8 66 11 66 1926 2789 1929 2792
610 0 -1
1065 75 32 77 33 1928 2791 1931 2794
611 0 -1
1066 88 57 90 57 1929 2792 1931 2794
612 0 -1
1067 60 15 61 15 1930 2793 1931 2794
613 0 -1
1070 62 2 67 2 1933 2796 1945 2808
614 0 -1
1071 47 98 47 94 1934 2797 1939 2802
615 0 -1
1073 29 71 38 77 1936 2799 1951 2814
616 0 -1
1074 71 10 71 11 1937 2800 1938 2801
617 0 -1
1075 29 55 32 55 1938 2801 1941 2804
618 0 -1
1078 84 15 87 16 1941 2804 1945 2808
619 0 -1
1082 86 32 86 33 1945 2808 1946 2809
620 0 -1
1083 23 34 25 34 1946 2809 1948 2811
621 0 -1
1084 48 80 54 80 1947 2810 1953 2816
622 0 -1
1085 31 75 33 75 1948 2811 1951 2814
623 0 -1
1086 33 42 33 43 1949 2812 1953 2816
624 0 -1
1090 98 50 99 50 1953 2816 1954 2817
625 0 -1
1091 52 38 52 42 1954 2817 1958 2821
626 0 -1
1092 3 32 3 33 1955 2818 1956 2819
627 0 -1
1095 83 21 85 21 1958 2821 1961 2824
628 0 -1
1097 32 0 32 2 1960 2823 1963 2826
629 0 -1
1098 45 55 46 55 1961 2824 1965 2828
630 0 -1
1099 68 19 68 24 1962 2825 1967 2830
631 0 -1
1100 6 84 10 85 1963 2826 1968 2831
632 0 -1
1102 40 61 40 62 1965 2828 1968 2831
633 0 -1
1103 5 22 5 22 1966 2829 1973 2836
634 0 -1
1104 45 95 45 96 1967 2830 1968 2831
635 0 -1
1105 27 19 28 19 1968 2831 1969 2832
636 0 -1
1107 0 15 2 18 1970 2833 1980 2843
637 0 -1
1109 40 60 42 60 1972 2835 1975 2838
638 0 -1
1111 66 69 67 70 1974 2837 1976 2839
639 0 -1
1113 86 14 87 14 1976 2839 1977 2840
640 0 -1
1114 15 42 15 42 1977 2840 1978 2841
641 0 -1
1115 88 27 89 29 1978 2841 1981 2844
642 0 -1
1116 14 21 24 21 1979 2842 1990 2853
643 0 -1
1118 23 53 24 53 1981 2844 1983 2846
644 0 -1
1120 74 37 75 37 1983 2846 1985 2848
645 0 -1
1121 68 44 69 44 1984 2847 1985 2848
646 0 -1
1122 68 25 69 26 1985 2848 1988 2851
647 0 -1
1124 98 51 93 53 1987 2850 1994 2857
648 0 -1
1125 81 2 81 3 1988 2851 1990 2853
649 0 -1
1126 59 97 70 97 1989 2852 2001 2864
650 0 -1
1129 17 47 17 47 1992 2855 1993 2856
651 0 -1
1130 66 47 67 47 1993 2856 1994 2857
652 0 -1
1132 55 74 57 74 1995 2858 1997 2860
653 0 -1
1133 87 71 87 71 1996 2859 1999 2862
654 0 -1
1137 21 16 24 17 2000 2863 2004 2867
655 0 -1
1138 43 14 44 14 2001 2864 2002 2865
656 0 -1
1139 8 65 9 65 2002 2865 2003 2866
657 0 -1
1141 1 97 2 97 2004 2867 2006 2869
658 0 -1
1142 81 45 84 45 2005 2868 2008 2871
659 0 -1
1144 92 96 94 96 2007 2870 2010 2873
660 0 -1
1147 50 17 51 20 2010 2873 2014 2877
661 0 -1
1150 29 33 29 34 2013 2876 2014 2877
662 0 -1
1151 20 3 20 3 2014 2877 2016 2879
663 0 -1
1154 80 92 81 92 2017 2880 2018 2881
664 0 -1
1156 45 28 46 28 2019 2882 2021 2884
665 0 -1
1157 36 59 39 61 2020 2883 2025 2888
666 0 -1
1158 33 8 33 12 2021 2884 2025 2888
667 0 -1
1159 94 86 95 86 2022 2885 2024 2887
668 0 -1
1164 28 30 30 31 2027 2890 2030 2893
669 0 -1
1166 82 25 85 25 2029 2892 2032 2895
670 0 -1
1169 90 53 93 53 2032 2895 2035 2898
671 0 -1
1170 63 68 65 69 2033 2896 2036 2899
672 0 -1
1171 53 88 61 88 2034 2897 2043 2906
673 0 -1
1172 60 10 61 10 2035 2898 2036 2899
674 0 -1
1174 32 12 34 17 2037 2900 2044 2907
675 0 -1
1175 35 61 38 61 2038 2901 2041 2904
676 0 -1
1176 32 77 32 79 2039 2902 2041 2904
677 0 -1
1177 40 98 41 99 2040 2903 2042 2905
678 0 -1
1179 21 6 21 7 2042 2905 2043 2906
679 0 -1
1186 60 95 60 96 2049 2912 2051 2914
680 0 -1
1187 27 87 27 88 2050 2913 2052 2915
681 0 -1
1188 8 30 9 30 2051 2914 2052 2915
682 0 -1
1190 96 10 97 10 2053 2916 2054 2917
683 0 -1
1191 26 51 26 51 2054 2917 2056 2919
684 0 -1
1194 33 28 33 30 2057 2920 2059 2922
685 0 -1
1195 47 51 49 51 2058 2921 2061 2924
686 0 -1
1197 28 45 31 45 2060 2923 2063 2926
687 0 -1
1198 61 47 62 48 2061 2924 2065 2928
688 0 -1
1201 67 20 67 24 2064 2927 2069 2932
689 0 -1
1202 43 47 43 48 2065 2928 2066 2929
690 0 -1
1203 55 74 55 74 2066 2929 2067 2930
691 0 -1
1205 78 30 80 31 2068 2931 2071 2934
692 0 -1
1207 90 90 91 91 2070 2933 2074 2937
693 0 -1
1208 73 93 75 93 2071 2934 2073 2936
694 0 -1
1209 71 4 72 4 2072 2935 2073 2936
695 0 -1
1211 89 79 93 79 2074 2937 2078 2941
696 0 -1
1214 69 66 69 70 2077 2940 2083 2946
697 0 -1
1217 78 17 79 18 2080 2943 2082 2945
698 0 -1
1218 37 32 38 32 2081 2944 2082 2945
699 0 -1
1219 22 87 28 88 2082 2945 2089 2952
700 0 -1
1220 73 29 74 29 2083 2946 2084 2947
701 0 -1
1222 28 97 30 97 2085 2948 2088 2951
702 0 -1
1223 39 60 43 60 2086 2949 2090 2953
703 0 -1
1226 17 97 17 97 2089 2952 2092 2955
704 0 -1
1227 23 52 23 52 2090 2953 2091 2954
705 0 -1
1229 14 13 14 13 2092 2955 2093 2956
706 0 -1
1230 70 84 72 85 2093 2956 2098 2961
707 0 -1
1231 82 89 82 90 2094 2957 2095 2958
708 0 -1
1233 95 33 97 33 2096 2959 2098 2961
709 0 -1
1235 90 3 91 4 2098 2961 2102 2965
710 0 -1
1236 65 9 70 9 2099 2962 2104 2967
711 0 -1
1237 99 41 95 42 2100 2963 2105 2968
712 0 -1
1238 0 91 0 94 2101 2964 2106 2969
713 0 -1
1240 12 43 15 43 2103 2966 2107 2970
714 0 -1
1241 66 94 67 94 2104 2967 2105 2968
715 0 -1
1242 48 45 56 50 2105 2968 2118 2981
716 0 -1
1243 19 44 21 44 2106 2969 2108 2971
717 0 -1
1244 70 44 77 44 2107 2970 2114 2977
718 0 -1
1246 13 63 20 63 2109 2972 2118 2981
719 0 -1
1250 11 16 12 16 2113 2976 2114 2977
720 0 -1
1254 19 97 23 98 2117 2980 2124 2987
721 0 -1
1255 27 7 28 8 2118 2981 2122 2985
722 0 -1
1258 74 9 86 11 2121 2984 2137 3000
723 0 -1
1259 59 59 68 60 2122 2985 2140 3003
724 0 -1
1260 23 59 24 63 2123 2986 2129 2992
725 0 -1
1261 92 34 97 34 2124 2987 2131 2994
726 0 -1
1263 54 60 58 62 2126 2989 2133 2996
727 0 -1
1264 62 24 64 24 2127 2990 2131 2994
728 0 -1
1265 92 22 94 22 2128 2991 2130 2993
729 0 -1
1266 77 15 77 15 2129 2992 2130 2993
730 0 -1
1268 9 49 10 49 2131 2994 2134 2997
731 0 -1
1276 86 49 86 50 2139 3002 2140 3003
732 0 -1
1277 80 66 85 66 2140 3003 2145 3008
733 0 -1
1281 17 48 19 48 2144 3007 2146 3009
734 0 -1
1284 3 36 5 36 2147 3010 2149 3012
735 0 -1
1287 17 76 19 77 2150 3013 2154 3017
736 0 -1
1290 92 47 95 49 2153 3016 2160 3023
737 0 -1
1291 14 96 15 96 2154 3017 2157 3020
738 0 -1
1292 14 77 40 77 2155 3018 2181 3044
739 0 -1
1297 10 29 12 29 2160 3023 2163 3026
740 0 -1
1298 54 72 54 73 2161 3024 2162 3025
741 0 -1
1299 89 27 89 29 2162 3025 2165 3028
742 0 -1
1300 62 6 64 6 2163 3026 2165 3028
743 0 -1
1307 21 6 21 7 2170 3033 2171 3034
744 0 -1
1309 69 12 71 12 2172 3035 2174 3037
745 0 -1
1312 71 82 72 82 2175 3038 2177 3040
746 0 -1
1313 29 38 29 38 2176 3039 2177 3040
747 0 -1
1314 9 77 11 77 2177 3040 2181 3044
748 0 -1
1315 18 19 19 23 2178 3041 2183 3046
749 0 -1
1316 83 10 85 10 2179 3042 2181 3044
750 0 -1
1317 55 35 56 36 2180 3043 2182 3045
751 0 -1
1318 49 52 49 54 2181 3044 2184 3047
752 0 -1
1319 65 23 66 24 2182 3045 2184 3047
753 0 -1
1320 73 5 74 5 2183 3046 2184 3047
754 0 -1
1321 67 10 69 10 2184 3047 2186 3049
755 0 -1
1323 83 29 85 29 2186 3049 2188 3051
756 0 -1
1324 61 25 64 26 2187 3050 2192 3055
757 0 -1
1325 18 93 23 94 2188 3051 2194 3057
758 0 -1
1326 94 90 94 91 2189 3052 2190 3053
759 0 -1
1327 62 76 62 80 2190 3053 2200 3063
760 0 -1
1329 65 65 65 65 2192 3055 2194 3057
761 0 -1
1332 16 34 17 34 2195 3058 2197 3060
762 0 -1
1333 24 0 24 1 2196 3059 2197 3060
763 0 -1
1335 61 91 63 77 2198 3061 2214 3077
764 0 -1
1336 8 52 9 52 2199 3062 2200 3063
765 0 -1
1338 74 7 76 7 2201 3064 2204 3067
766 0 -1
1340 26 85 33 85 2203 3066 2210 3073
767 0 -1
1342 26 56 28 57 2205 3068 2208 3071
768 0 -1
1344 96 10 97 10 2207 3070 2209 3072
769 0 -1
1345 6 23 7 23 2208 3071 2209 3072
770 0 -1
1347 24 35 26 35 2210 3073 2213 3076
771 0 -1
1348 46 96 46 97 2211 3074 2216 3079
772 0 -1
1349 1 45 1 47 2212 3075 2218 3081
773 0 -1
1354 83 2 84 2 2217 3080 2220 3083
774 0 -1
1355 50 27 54 27 2218 3081 2223 3086
775 0 -1
1359 9 3 13 4 2222 3085 2227 3090
776 0 -1
1362 61 68 63 68 2225 3088 2227 3090
777 0 -1
1365 61 74 62 74 2228 3091 2229 3092
778 0 -1
1368 67 14 68 15 2231 3094 2233 3096
779 0 -1
1369 92 40 96 67 2232 3095 2267 3130
780 0 -1
1370 77 85 77 87 2233 3096 2235 3098
781 0 -1
1372 63 44 68 44 2235 3098 2240 3103
782 0 -1
1374 93 6 94 7 2237 3100 2239 3102
783 0 -1
1375 63 51 63 53 2238 3101 2245 3108
784 0 -1
1376 82 50 83 50 2239 3102 2240 3103
785 0 -1
1377 74 81 74 82 2240 3103 2243 3106
786 0 -1
1378 36 18 36 19 2241 3104 2242 3105
787 0 -1
1379 0 54 0 56 2242 3105 2246 3109
788 0 -1
1381 80 68 82 69 2244 3107 2247 3110
789 0 -1
1382 98 81 95 81 2245 3108 2248 3111
790 0 -1
1383 55 55 55 57 2246 3109 2248 3111
791 0 -1
1385 0 99 0 95 2248 3111 2254 3117
792 0 -1
1386 72 50 75 50 2249 3112 2252 3115
793 0 -1
1387 18 48 28 48 2250 3113 2261 3124
794 0 -1
1388 69 19 70 21 2251 3114 2254 3117
795 0 -1
1389 14 8 16 8 2252 3115 2254 3117
796 0 -1
1390 79 22 81 22 2253 3116 2255 3118
797 0 -1
1391 60 79 61 79 2254 3117 2256 3119
798 0 -1
1393 91 58 93 58 2256 3119 2258 3121
799 0 -1
1395 6 82 11 84 2258 3121 2266 3129
800 0 -1
1396 46 73 47 73 2259 3122 2260 3123
801 0 -1
1400 77 58 78 58 2263 3126 2266 3129
802 0 -1
1401 82 53 82 54 2264 3127 2267 3130
803 0 -1
1402 57 17 62 19 2265 3128 2272 3135
804 0 -1
1403 97 82 99 82 2266 3129 2268 3131
805 0 -1
1406 10 16 10 17 2269 3132 2270 3133
806 0 -1
1411 77 10 79 10 2274 3137 2276 3139
807 0 -1
1412 49 48 55 48 2275 3138 2281 3144
808 0 -1
1413 26 43 26 44 2276 3139 2277 3140
809 0 -1
1414 59 55 59 56 2277 3140 2279 3142
810 0 -1
1415 29 44 31 44 2278 3141 2280 3143
811 0 -1
1417 29 48 29 49 2280 3143 2281 3144
812 0 -1
1418 13 16 14 18 2281 3144 2286 3149
813 0 -1
1419 72 39 76 39 2282 3145 2289 3152
814 0 -1
1420 52 19 60 19 2283 3146 2291 3154
815 0 -1
1423 17 14 17 15 2286 3149 2287 3150
816 0 -1
1426 42 37 43 37 2289 3152 2291 3154
817 0 -1
1428 95 85 97 86 2291 3154 2294 3157
818 0 -1
1429 96 91 97 92 2292 3155 2294 3157
819 0 -1
1430 31 56 31 56 2293 3156 2294 3157
820 0 -1
1431 5 58 7 59 2294 3157 2297 3160
821 0 -1
1432 87 30 87 30 2295 3158 2296 3159
822 0 -1
1434 15 26 15 26 2297 3160 2298 3161
823 0 -1
1435 37 20 40 23 2298 3161 2305 3168
824 0 -1
1436 97 34 99 34 2299 3162 2301 3164
825 0 -1
1438 57 55 57 57 2301 3164 2305 3168
826 0 -1
1439 49 70 49 70 2302 3165 2303 3166
827 0 -1
1440 68 28 68 28 2303 3166 2306 3169
828 0 -1
1441 60 84 61 89 2304 3167 2311 3174
829 0 -1
1442 98 50 96 50 2305 3168 2307 3170
830 0 -1
1443 4 68 4 70 2306 3169 2311 3174
831 0 -1
1444 86 47 86 49 2307 3170 2309 3172
832 0 -1
1446 39 72 43 73 2309 3172 2315 3178
833 0 -1
1447 84 64 86 64 2310 3173 2312 3175
834 0 -1
1448 79 12 80 13 2311 3174 2313 3176
835 0 -1
1452 29 70 29 71 2315 3178 2316 3179
836 0 -1
1454 71 54 73 56 2317 3180 2321 3184
837 0 -1
1455 29 95 29 95 2318 3181 2320 3183
838 0 -1
1456 17 87 17 87 2319 3182 2320 3183
839 0 -1
1457 20 12 23 14 2320 3183 2326 3189
840 0 -1
1458 42 17 51 18 2321 3184 2331 3194
841 0 -1
1461 35 49 37 49 2324 3187 2327 3190
842 0 -1
1462 44 69 47 69 2325 3188 2329 3192
843 0 -1
1463 18 24 18 26 2326 3189 2328 3191
844 0 -1
1465 8 50 8 52 2328 3191 2330 3193
845 0 -1
1466 16 94 16 94 2329 3192 2331 3194
846 0 -1
1468 33 36 34 36 2331 3194 2332 3195
847 0 -1
1469 57 16 60 16 2332 3195 2337 3200
848 0 -1
1470 26 22 26 23 2333 3196 2334 3197
849 0 -1
1472 14 13 14 13 2335 3198 2340 3203
850 0 -1
1473 68 75 73 75 2336 3199 2341 3204
851 0 -1
1474 97 97 93 98 2337 3200 2348 3211
852 0 -1
1475 52 3 54 3 2338 3201 2340 3203
853 0 -1
1478 76 22 79 25 2341 3204 2347 3210
854 0 -1
1479 86 95 86 95 2342 3205 2344 3207
855 0 -1
1481 67 86 69 86 2344 3207 2346 3209
856 0 -1
1483 16 57 27 57 2346 3209 2357 3220
857 0 -1
1486 21 44 23 44 2349 3212 2354 3217
858 0 -1
1487 70 33 72 35 2350 3213 2354 3217
859 0 -1
1493 43 93 44 94 2356 3219 2358 3221
860 0 -1
1495 71 25 72 25 2358 3221 2359 3222
861 0 -1
1496 62 60 64 60 2359 3222 2363 3226
862 0 -1
1497 7 91 9 93 2360 3223 2364 3227
863 0 -1
1499 25 53 25 54 2362 3225 2364 3227
864 0 -1
1500 35 67 37 67 2363 3226 2365 3228
865 0 -1
1501 90 93 98 93 2364 3227 2372 3235
866 0 -1
1502 85 86 88 87 2365 3228 2369 3232
867 0 -1
1504 45 29 51 35 2367 3230 2380 3243
868 0 -1
1505 57 71 61 72 2368 3231 2378 3241
869 0 -1
1506 30 39 31 39 2369 3232 2371 3234
870 0 -1
1507 41 67 42 69 2370 3233 2373 3236
871 0 -1
1508 86 12 90 14 2371 3234 2377 3240
872 0 -1
1509 26 55 26 56 2372 3235 2373 3236
873 0 -1
1511 89 68 89 69 2374 3237 2376 3239
874 0 -1
1513 1 98 3 100 2376 3239 2381 3244
875 0 -1
1515 9 25 9 25 2378 3241 2379 3242
876 0 -1
1516 43 10 44 11 2379 3242 2382 3245
877 0 -1
1517 91 35 91 35 2380 3243 2383 3246
878 0 -1
1518 89 30 89 32 2381 3244 2384 3247
879 0 -1
1519 6 39 6 40 2382 3245 2386 3249
880 0 -1
1521 32 20 33 23 2384 3247 2388 3251
881 0 -1
1522 43 67 44 68 2385 3248 2387 3250
882 0 -1
1523 80 44 82 44 2386 3249 2388 3251
883 0 -1
1527 69 56 72 56 2390 3253 2394 3257
884 0 -1
1528 58 71 59 71 2391 3254 2392 3255
885 0 -1
1533 69 15 69 16 2396 3259 2397 3260
886 0 -1
1534 86 54 90 59 2397 3260 2406 3269
887 0 -1
1535 54 25 55 27 2398 3261 2401 3264
888 0 -1
1536 21 17 22 18 2399 3262 2401 3264
889 0 -1
1538 73 28 73 30 2401 3264 2405 3268
890 0 -1
1540 46 53 47 53 2403 3266 2404 3267
891 0 -1
1543 10 77 10 77 2406 3269 2409 3272
892 0 -1
1544 31 61 32 61 2407 3270 2409 3272
893 0 -1
1545 20 32 21 33 2408 3271 2410 3273
894 0 -1
1547 34 11 38 11 2410 3273 2415 3278
895 0 -1
1550 43 44 43 44 2413 3276 2415 3278
896 0 -1
1551 64 58 64 60 2414 3277 2416 3279
897 0 -1
1552 34 86 37 87 2415 3278 2420 3283
898 0 -1
1554 5 56 5 60 2417 3280 2421 3284
899 0 -1
1555 44 42 44 42 2418 3281 2420 3283
900 0 -1
1556 42 7 44 7 2419 3282 2421 3284
901 0 -1
1559 17 65 20 66 2422 3285 2428 3291
902 0 -1
1560 14 80 19 81 2423 3286 2429 3292
903 0 -1
1562 62 69 62 71 2425 3288 2427 3290
904 0 -1
1563 17 87 21 87 2426 3289 2436 3299
905 0 -1
1564 63 26 63 27 2427 3290 2429 3292
906 0 -1
1566 23 72 23 74 2429 3292 2431 3294
907 0 -1
1567 64 71 64 73 2430 3293 2434 3297
908 0 -1
1573 48 87 48 95 2436 3299 2444 3307
909 0 -1
1575 53 82 53 82 2438 3301 2439 3302
910 0 -1
1576 16 73 17 73 2439 3302 2441 3304
911 0 -1
1577 30 26 30 26 2440 3303 2442 3305
912 0 -1
1579 58 1 58 4 2442 3305 2445 3308
913 0 -1
1580 43 79 45 79 2443 3306 2445 3308
914 0 -1
1582 82 7 82 7 2445 3308 2446 3309
915 0 -1
1584 17 24 17 24 2447 3310 2448 3311
916 0 -1
1587 51 0 59 2 2450 3313 2462 3325
917 0 -1
1588 24 18 24 21 2451 3314 2455 3318
918 0 -1
1589 84 28 86 28 2452 3315 2454 3317
919 0 -1
1590 62 46 62 47 2453 3316 2456 3319
920 0 -1
1591 95 37 98 37 2454 3317 2459 3322
921 0 -1
1593 45 60 46 62 2456 3319 2460 3323
922 0 -1
1594 85 62 86 63 2457 3320 2459 3322
923 0 -1
1596 7 62 7 62 2459 3322 2461 3324
924 0 -1
1598 57 34 57 34 2461 3324 2462 3325
925 0 -1
1599 82 32 86 32 2462 3325 2466 3329
926 0 -1
1600 45 80 46 80 2463 3326 2464 3327
927 0 -1
1603 18 53 18 53 2466 3329 2467 3330
928 0 -1
1606 58 70 59 70 2469 3332 2471 3334
929 0 -1
1608 21 29 21 30 2471 3334 2472 3335
930 0 -1
1609 14 42 16 42 2472 3335 2474 3337
931 0 -1
1610 79 50 79 51 2473 3336 2474 3337
932 0 -1
1611 33 38 34 39 2474 3337 2476 3339
933 0 -1
1613 54 13 55 13 2476 3339 2478 3341
934 0 -1
1615 22 5 23 5 2478 3341 2479 3342
935 0 -1
1618 70 78 73 78 2481 3344 2484 3347
936 0 -1
1620 56 14 61 14 2483 3346 2488 3351
937 0 -1
1621 83 29 89 30 2484 3347 2491 3354
938 0 -1
1623 85 95 88 96 2486 3349 2491 3354
939 0 -1
1624 39 13 39 13 2487 3350 2488 3351
940 0 -1
1625 65 57 66 58 2488 3351 2491 3354
941 0 -1
1626 19 14 21 14 2489 3352 2491 3354
942 0 -1
1627 58 93 68 95 2490 3353 2503 3366
943 0 -1
1629 76 19 77 19 2492 3355 2493 3356
944 0 -1
1631 2 12 3 12 2494 3357 2496 3359
945 0 -1
1633 41 82 41 88 2496 3359 2506 3369
946 0 -1
1634 46 10 47 11 2497 3360 2499 3362
947 0 -1
1637 68 59 68 59 2500 3363 2501 3364
948 0 -1
1638 89 65 92 65 2501 3364 2504 3367
949 0 -1
1640 46 73 47 73 2503 3366 2513 3376
950 0 -1
1641 25 66 26 66 2504 3367 2507 3370
951 0 -1
1642 69 46 73 46 2505 3368 2509 3372
952 0 -1
1645 17 5 17 5 2508 3371 2509 3372
953 0 -1
1648 1 22 1 24 2511 3374 2513 3376
954 0 -1
1649 36 53 38 53 2512 3375 2514 3377
955 0 -1
1650 77 20 78 20 2513 3376 2514 3377
956 0 -1
1656 5 62 8 62 2519 3382 2523 3386
957 0 -1
1657 68 57 70 57 2520 3383 2523 3386
958 0 -1
1659 42 80 43 83 2522 3385 2526 3389
959 0 -1
1660 39 74 42 74 2523 3386 2527 3390
960 0 -1
1661 41 60 43 61 2524 3387 2531 3394
961 0 -1
1662 52 49 58 50 2525 3388 2532 3395
962 0 -1
1663 56 33 61 35 2526 3389 2533 3396
963 0 -1
1664 51 83 51 83 2527 3390 2529 3392
964 0 -1
1665 27 74 28 74 2528 3391 2529 3392
965 0 -1
1668 25 85 28 85 2531 3394 2534 3397
966 0 -1
1671 79 19 87 19 2534 3397 2542 3405
967 0 -1
1672 5 0 8 0 2535 3398 2539 3402
968 0 -1
1673 85 91 87 92 2536 3399 2541 3404
969 0 -1
1675 91 7 92 7 2538 3401 2539 3402
970 0 -1
1676 51 32 53 33 2539 3402 2542 3405
971 0 -1
1678 90 61 91 62 2541 3404 2544 3407
972 0 -1
1679 94 30 98 31 2542 3405 2549 3412
973 0 -1
1680 97 23 94 23 2543 3406 2547 3410
974 0 -1
1683 88 56 91 59 2546 3409 2553 3416
975 0 -1
1685 77 86 80 86 2548 3411 2551 3414
976 0 -1
1686 11 39 20 40 2549 3412 2559 3422
977 0 -1
1687 21 82 21 83 2550 3413 2554 3417
978 0 -1
1688 54 60 58 61 2551 3414 2557 3420
979 0 -1
1690 66 99 69 100 2553 3416 2557 3420
980 0 -1
1691 62 81 62 81 2554 3417 2556 3419
981 0 -1
1692 54 51 54 52 2555 3418 2558 3421
982 0 -1
1694 29 58 30 58 2557 3420 2558 3421
983 0 -1
1695 14 67 14 68 2558 3421 2562 3425
984 0 -1
1696 62 54 62 55 2559 3422 2562 3425
985 0 -1
1697 6 60 6 62 2560 3423 2562 3425
986 0 -1
1698 24 48 25 49 2561 3424 2563 3426
987 0 -1
1700 74 99 75 99 2563 3426 2565 3428
988 0 -1
1702 16 86 17 89 2565 3428 2579 3442
989 0 -1
1703 7 8 8 8 2566 3429 2567 3430
990 0 -1
1704 94 16 96 17 2567 3430 2570 3433
991 0 -1
1709 28 90 31 90 2572 3435 2575 3438
992 0 -1
1712 65 70 68 70 2575 3438 2578 3441
993 0 -1
1714 77 33 80 34 2577 3440 2581 3444
994 0 -1
1717 33 65 36 66 2580 3443 2584 3447
995 0 -1
1718 69 60 71 60 2581 3444 2583 3446
996 0 -1
1720 72 65 76 66 2583 3446 2589 3452
997 0 -1
1722 1 94 2 94 2585 3448 2586 3449
998 0 -1
1723 26 92 26 93 2586 3449 2588 3451
999 0 -1
1725 52 72 52 73 2588 3451 2590 3453
1000 0 -1
1726 62 78 62 78 2589 3452 2592 3455
