100 100 2073
1
0 63 4
53
0 0 13 100 6
0
1 0 26 100 6
0
2 0 36 100 6
0
3 0 47 100 6
0
4 0 57 100 6
0
5 0 70 100 6
0
6 0 78 100 6
0
7 0 90 100 6
0
8 0 107 100 6
0
9 0 118 100 6
0
10 0 130 100 6
0
11 0 144 100 6
0
12 0 153 100 6
0
13 0 170 100 6
0
14 0 182 100 6
0
15 0 192 100 6
0
16 0 204 100 6
0
17 0 215 100 6
0
18 0 226 100 6
0
19 0 242 100 6
0
20 0 256 100 6
0
21 0 270 100 6
0
22 0 284 100 6
0
23 0 296 100 6
0
24 0 308 100 6
0
25 0 317 100 6
0
26 0 329 100 6
0
27 0 344 100 6
0
28 0 356 100 6
0
29 0 366 100 6
0
30 0 381 100 6
0
31 0 393 100 6
0
32 0 407 100 6
0
33 0 420 100 6
0
34 0 431 100 6
0
35 0 444 100 6
0
36 0 457 100 6
0
37 0 466 100 6
0
38 0 478 100 6
0
39 0 491 100 6
0
40 0 504 100 6
0
41 0 515 100 6
0
42 0 527 100 6
0
43 0 541 100 6
0
44 0 560 100 6
0
45 0 574 100 6
0
46 0 586 100 6
0
47 0 604 100 6
0
48 0 617 100 6
0
49 0 627 100 6
0
50 0 640 100 6
0
51 0 652 100 6
0
52 0 661 100 6
0
1000
1 0 -1
2 66 22 69 22 174 346 177 349
2 0 -1
5 44 81 48 81 177 349 182 354
3 0 -1
7 40 38 40 40 179 351 183 355
4 0 -1
8 13 39 22 39 180 352 189 361
5 0 -1
9 79 77 79 77 181 353 187 359
6 0 -1
10 10 47 13 47 182 354 186 358
7 0 -1
11 0 56 1 58 183 355 189 361
8 0 -1
12 49 63 50 63 184 356 186 358
9 0 -1
13 52 17 54 17 185 357 187 359
10 0 -1
14 46 86 46 89 186 358 189 361
11 0 -1
15 35 62 36 62 187 359 193 365
12 0 -1
17 22 41 25 41 189 361 193 365
13 0 -1
18 65 20 66 22 190 362 196 368
14 0 -1
19 10 60 11 60 191 363 192 364
15 0 -1
20 65 23 67 23 192 364 194 366
16 0 -1
21 73 68 74 68 193 365 195 367
17 0 -1
22 13 67 17 67 194 366 198 370
18 0 -1
24 74 47 76 47 196 368 198 370
19 0 -1
29 57 31 57 31 201 373 207 379
20 0 -1
30 44 18 45 18 202 374 204 376
21 0 -1
31 81 90 83 90 203 375 205 377
22 0 -1
33 38 20 40 24 205 377 211 383
23 0 -1
35 98 51 98 52 207 379 208 380
24 0 -1
36 90 16 90 17 208 380 210 382
25 0 -1
39 57 63 57 64 211 383 212 384
26 0 -1
40 78 42 79 42 212 384 213 385
27 0 -1
41 50 35 50 36 213 385 215 387
28 0 -1
42 2 18 3 18 214 386 215 387
29 0 -1
43 39 99 39 99 215 387 216 388
30 0 -1
45 90 15 92 15 217 389 219 391
31 0 -1
49 29 95 31 95 221 393 224 396
32 0 -1
52 23 37 28 37 224 396 231 403
33 0 -1
53 87 74 90 75 225 397 230 402
34 0 -1
54 41 97 42 97 226 398 227 399
35 0 -1
56 33 80 48 82 228 400 245 417
36 0 -1
57 84 68 86 68 229 401 231 403
37 0 -1
59 81 96 82 96 231 403 232 404
38 0 -1
61 1 68 1 70 233 405 235 407
39 0 -1
62 79 28 80 31 234 406 242 414
40 0 -1
64 84 96 66 97 236 408 255 427
41 0 -1
69 27 84 29 84 241 413 243 415
42 0 -1
71 99 35 93 36 243 415 251 423
43 0 -1
73 69 46 72 48 245 417 250 422
44 0 -1
76 4 34 7 34 248 420 251 423
45 0 -1
78 23 29 23 29 250 422 252 424
46 0 -1
80 13 34 15 35 252 424 255 427
47 0 -1
81 99 34 99 35 253 425 255 427
48 0 -1
82 54 49 56 50 254 426 260 432
49 0 -1
83 11 16 15 17 255 427 260 432
50 0 -1
84 24 83 25 83 256 428 257 429
51 0 -1
86 68 15 69 20 258 430 268 440
52 0 -1
87 33 23 33 24 259 431 260 432
53 0 -1
90 84 83 84 83 262 434 263 435
54 0 -1
91 41 6 41 8 263 435 267 439
55 0 -1
92 46 79 47 79 264 436 265 437
56 0 -1
93 96 42 99 42 265 437 268 440
57 0 -1
94 72 69 76 70 266 438 272 444
58 0 -1
96 10 50 11 51 268 440 270 442
59 0 -1
103 15 67 16 67 275 447 278 450
60 0 -1
105 2 91 2 92 277 449 279 451
61 0 -1
106 13 70 21 70 278 450 288 460
62 0 -1
107 70 21 70 21 279 451 282 454
63 0 -1
108 36 81 36 86 280 452 288 460
64 0 -1
110 25 34 32 35 282 454 290 462
65 0 -1
111 22 92 22 93 283 455 284 456
66 0 -1
114 87 34 91 36 286 458 292 464
67 0 -1
115 55 0 56 1 287 459 292 464
68 0 -1
116 15 65 26 66 288 460 300 472
69 0 -1
119 93 7 95 7 291 463 294 466
70 0 -1
120 47 82 47 82 292 464 293 465
71 0 -1
122 1 55 4 56 294 466 298 470
72 0 -1
123 74 49 75 49 295 467 298 470
73 0 -1
124 95 91 98 91 296 468 300 472
74 0 -1
127 8 73 8 74 299 471 300 472
75 0 -1
128 77 20 82 22 300 472 319 491
76 0 -1
130 69 63 69 64 302 474 303 475
77 0 -1
132 53 99 56 88 304 476 319 491
78 0 -1
134 58 31 58 32 306 478 307 479
79 0 -1
135 21 34 30 35 307 479 318 490
80 0 -1
136 13 10 15 10 308 480 310 482
81 0 -1
139 95 18 96 18 311 483 312 484
82 0 -1
140 27 83 31 83 312 484 316 488
83 0 -1
141 40 81 42 82 313 485 318 490
84 0 -1
144 37 14 37 16 316 488 321 493
85 0 -1
145 39 40 39 41 317 489 319 491
86 0 -1
146 93 13 93 14 318 490 319 491
87 0 -1
147 61 11 62 11 319 491 320 492
88 0 -1
148 98 57 98 58 320 492 321 493
89 0 -1
149 58 5 60 5 321 493 323 495
90 0 -1
150 92 87 97 87 322 494 328 500
91 0 -1
153 54 38 54 39 325 497 326 498
92 0 -1
154 15 24 16 24 326 498 330 502
93 0 -1
155 26 28 26 29 327 499 328 500
94 0 -1
156 7 2 10 2 328 500 333 505
95 0 -1
157 10 45 13 47 329 501 334 506
96 0 -1
160 32 37 38 37 332 504 338 510
97 0 -1
162 28 60 29 60 334 506 335 507
98 0 -1
163 82 56 83 56 335 507 336 508
99 0 -1
166 97 22 99 22 338 510 340 512
100 0 -1
167 14 0 16 2 339 511 344 516
101 0 -1
168 51 65 51 65 340 512 342 514
102 0 -1
169 89 88 90 88 341 513 346 518
103 0 -1
170 47 29 49 29 342 514 347 519
104 0 -1
172 71 47 74 49 344 516 349 521
105 0 -1
173 68 31 70 33 345 517 350 522
106 0 -1
174 13 99 14 99 346 518 348 520
107 0 -1
179 54 18 54 18 351 523 352 524
108 0 -1
183 27 21 30 21 355 527 360 532
109 0 -1
184 83 8 84 9 356 528 358 530
110 0 -1
185 19 16 20 17 357 529 359 531
111 0 -1
186 52 85 56 90 358 530 367 539
112 0 -1
187 11 15 17 15 359 531 365 537
113 0 -1
189 58 12 61 12 361 533 366 538
114 0 -1
190 42 76 46 76 362 534 367 539
115 0 -1
193 2 41 2 41 365 537 366 538
116 0 -1
196 23 95 25 95 368 540 370 542
117 0 -1
197 61 33 62 33 369 541 370 542
118 0 -1
198 74 28 81 34 370 542 388 560
119 0 -1
199 79 42 80 42 371 543 372 544
120 0 -1
200 93 65 94 66 372 544 374 546
121 0 -1
201 34 92 35 92 373 545 374 546
122 0 -1
204 49 83 50 83 376 548 377 549
123 0 -1
208 19 20 19 20 380 552 381 553
124 0 -1
209 14 95 15 95 381 553 382 554
125 0 -1
211 26 13 27 13 383 555 386 558
126 0 -1
212 83 58 84 58 384 556 386 558
127 0 -1
213 37 47 40 52 385 557 393 565
128 0 -1
214 38 39 43 39 386 558 391 563
129 0 -1
218 36 67 41 68 390 562 397 569
130 0 -1
219 85 79 85 79 391 563 393 565
131 0 -1
224 81 56 81 59 396 568 399 571
132 0 -1
225 41 87 41 89 397 569 399 571
133 0 -1
229 28 7 32 8 401 573 407 579
134 0 -1
230 26 58 26 58 402 574 403 575
135 0 -1
231 44 33 47 33 403 575 406 578
136 0 -1
236 51 11 53 11 408 580 410 582
137 0 -1
237 81 64 83 64 409 581 411 583
138 0 -1
240 18 87 29 87 412 584 423 595
139 0 -1
242 29 64 29 66 414 586 416 588
140 0 -1
244 26 25 27 29 416 588 421 593
141 0 -1
245 43 25 43 25 417 589 423 595
142 0 -1
246 19 40 22 40 418 590 421 593
143 0 -1
247 6 53 9 53 419 591 422 594
144 0 -1
248 15 84 17 85 420 592 423 595
145 0 -1
250 97 23 97 23 422 594 424 596
146 0 -1
251 65 1 67 1 423 595 426 598
147 0 -1
253 25 27 26 27 425 597 426 598
148 0 -1
255 24 5 25 6 427 599 429 601
149 0 -1
256 82 47 83 48 428 600 432 604
150 0 -1
257 57 20 57 22 429 601 433 605
151 0 -1
258 41 64 41 65 430 602 431 603
152 0 -1
260 27 32 28 32 432 604 434 606
153 0 -1
261 74 83 75 94 433 605 445 617
154 0 -1
266 30 78 32 80 438 610 442 614
155 0 -1
267 20 55 21 55 439 611 442 614
156 0 -1
268 74 20 75 20 440 612 442 614
157 0 -1
269 28 68 28 69 441 613 442 614
158 0 -1
271 81 79 86 79 443 615 449 621
159 0 -1
272 50 44 51 44 444 616 445 617
160 0 -1
274 95 16 85 18 446 618 459 631
161 0 -1
277 54 45 54 47 449 621 451 623
162 0 -1
278 72 90 76 92 450 622 456 628
163 0 -1
279 86 88 88 88 451 623 455 627
164 0 -1
280 93 64 96 64 452 624 455 627
165 0 -1
283 28 23 28 24 455 627 456 628
166 0 -1
285 18 82 19 82 457 629 460 632
167 0 -1
286 61 37 62 37 458 630 461 633
168 0 -1
289 87 23 87 24 461 633 464 636
169 0 -1
293 11 23 11 25 465 637 469 641
170 0 -1
294 3 23 4 23 466 638 467 639
171 0 -1
295 61 5 62 6 467 639 469 641
172 0 -1
296 17 56 21 56 468 640 472 644
173 0 -1
303 71 77 76 78 475 647 484 656
174 0 -1
305 63 12 64 12 477 649 482 654
175 0 -1
306 93 3 93 4 478 650 479 651
176 0 -1
307 1 82 2 83 479 651 481 653
177 0 -1
310 65 60 68 61 482 654 486 658
178 0 -1
311 7 98 11 98 483 655 487 659
179 0 -1
312 47 46 49 51 484 656 493 665
180 0 -1
313 98 83 99 83 485 657 486 658
181 0 -1
315 12 81 13 81 487 659 489 661
182 0 -1
320 29 32 34 40 492 664 508 680
183 0 -1
321 83 26 86 26 493 665 496 668
184 0 -1
323 24 66 30 73 495 667 508 680
185 0 -1
325 75 16 77 19 497 669 505 677
186 0 -1
326 96 3 96 3 498 670 499 671
187 0 -1
327 91 80 91 83 499 671 502 674
188 0 -1
328 51 5 56 5 500 672 505 677
189 0 -1
329 70 11 71 12 501 673 504 676
190 0 -1
330 79 90 80 91 502 674 507 679
191 0 -1
337 28 37 36 41 509 681 522 694
192 0 -1
340 1 83 1 86 512 684 515 687
193 0 -1
342 19 56 20 56 514 686 515 687
194 0 -1
343 33 34 36 34 515 687 518 690
195 0 -1
345 31 0 38 3 517 689 529 701
196 0 -1
349 36 88 36 89 521 693 522 694
197 0 -1
351 29 48 30 48 523 695 524 696
198 0 -1
354 93 28 96 28 526 698 532 704
199 0 -1
356 94 23 94 23 528 700 529 701
200 0 -1
357 23 14 25 14 529 701 533 705
201 0 -1
358 2 67 6 67 530 702 537 709
202 0 -1
359 40 97 43 97 531 703 534 706
203 0 -1
360 78 70 78 72 532 704 534 706
204 0 -1
361 22 26 26 27 533 705 539 711
205 0 -1
363 76 21 76 21 535 707 536 708
206 0 -1
364 70 5 70 6 536 708 537 709
207 0 -1
365 25 34 27 34 537 709 539 711
208 0 -1
367 76 89 78 91 539 711 545 717
209 0 -1
371 62 93 63 93 543 715 544 716
210 0 -1
372 35 84 38 84 544 716 552 724
211 0 -1
373 36 33 38 33 545 717 548 720
212 0 -1
374 23 89 24 89 546 718 547 719
213 0 -1
375 11 21 12 21 547 719 548 720
214 0 -1
377 31 79 31 79 549 721 550 722
215 0 -1
379 93 29 94 29 551 723 552 724
216 0 -1
380 70 69 71 69 552 724 553 725
217 0 -1
381 71 53 75 53 553 725 558 730
218 0 -1
382 62 27 63 28 554 726 556 728
219 0 -1
383 4 52 4 52 555 727 556 728
220 0 -1
388 89 37 90 37 560 732 561 733
221 0 -1
391 78 52 80 52 563 735 565 737
222 0 -1
392 89 37 91 37 564 736 566 738
223 0 -1
394 34 0 34 2 566 738 569 741
224 0 -1
396 23 83 28 83 568 740 573 745
225 0 -1
397 89 84 90 84 569 741 570 742
226 0 -1
400 36 57 36 57 572 744 574 746
227 0 -1
401 85 2 86 3 573 745 575 747
228 0 -1
403 99 34 94 34 575 747 580 752
229 0 -1
404 17 57 19 57 576 748 578 750
230 0 -1
407 91 53 92 53 579 751 580 752
231 0 -1
408 33 53 36 53 580 752 583 755
232 0 -1
411 28 48 30 48 583 755 585 757
233 0 -1
412 87 14 88 14 584 756 585 757
234 0 -1
414 26 78 27 78 586 758 587 759
235 0 -1
418 91 99 92 99 590 762 591 763
236 0 -1
420 98 84 98 85 592 764 593 765
237 0 -1
421 27 59 27 59 593 765 595 767
238 0 -1
423 29 17 30 17 595 767 596 768
239 0 -1
426 6 52 8 55 598 770 603 775
240 0 -1
428 42 81 43 81 600 772 602 774
241 0 -1
433 45 58 47 58 605 777 607 779
242 0 -1
437 25 28 26 28 609 781 610 782
243 0 -1
439 84 52 84 53 611 783 613 785
244 0 -1
441 94 25 98 29 613 785 621 793
245 0 -1
446 3 85 3 87 618 790 622 794
246 0 -1
448 35 88 37 89 620 792 623 795
247 0 -1
450 56 67 62 69 622 794 630 802
248 0 -1
452 8 50 11 50 624 796 627 799
249 0 -1
455 4 43 7 43 627 799 630 802
250 0 -1
460 50 89 56 89 632 804 638 810
251 0 -1
461 90 13 90 14 633 805 635 807
252 0 -1
462 78 40 80 40 634 806 637 809
253 0 -1
464 88 9 88 9 636 808 638 810
254 0 -1
469 66 30 68 30 641 813 643 815
255 0 -1
471 62 17 69 18 643 815 654 826
256 0 -1
475 60 87 60 89 647 819 649 821
257 0 -1
478 47 92 49 93 650 822 654 826
258 0 -1
479 57 64 59 64 651 823 653 825
259 0 -1
480 81 62 86 62 652 824 660 832
260 0 -1
481 30 73 36 73 653 825 659 831
261 0 -1
482 30 72 31 72 654 826 655 827
262 0 -1
484 15 37 19 37 656 828 660 832
263 0 -1
486 53 27 56 27 658 830 661 833
264 0 -1
488 32 36 35 36 660 832 663 835
265 0 -1
489 7 75 13 75 661 833 674 846
266 0 -1
491 32 64 34 64 663 835 665 837
267 0 -1
493 24 1 24 2 665 837 666 838
268 0 -1
496 52 84 53 84 668 840 669 841
269 0 -1
501 75 88 75 90 673 845 675 847
270 0 -1
502 85 58 87 58 674 846 678 850
271 0 -1
505 65 39 66 39 677 849 679 851
272 0 -1
506 27 61 28 61 678 850 683 855
273 0 -1
507 6 17 6 18 679 851 680 852
274 0 -1
509 31 44 31 45 681 853 682 854
275 0 -1
511 66 51 68 51 683 855 685 857
276 0 -1
512 28 79 28 80 684 856 685 857
277 0 -1
515 22 57 24 57 687 859 690 862
278 0 -1
516 47 93 53 100 688 860 701 873
279 0 -1
517 5 78 6 81 689 861 693 865
280 0 -1
518 26 73 28 73 690 862 692 864
281 0 -1
520 95 33 96 33 692 864 693 865
282 0 -1
522 1 54 9 55 694 866 703 875
283 0 -1
523 70 53 71 53 695 867 696 868
284 0 -1
525 28 66 28 66 697 869 699 871
285 0 -1
526 7 70 9 70 698 870 700 872
286 0 -1
528 21 36 21 36 700 872 705 877
287 0 -1
530 21 78 25 78 702 874 706 878
288 0 -1
533 65 62 65 63 705 877 707 879
289 0 -1
535 0 25 2 25 707 879 710 882
290 0 -1
536 96 35 98 35 708 880 710 882
291 0 -1
537 38 2 38 2 709 881 710 882
292 0 -1
538 39 5 40 6 710 882 713 885
293 0 -1
540 25 79 25 79 712 884 716 888
294 0 -1
541 55 33 58 33 713 885 716 888
295 0 -1
542 70 12 71 14 714 886 722 894
296 0 -1
543 11 81 12 82 715 887 717 889
297 0 -1
546 10 22 11 22 718 890 720 892
298 0 -1
547 33 62 35 62 719 891 721 893
299 0 -1
550 48 4 48 5 722 894 723 895
300 0 -1
552 33 77 36 77 724 896 727 899
301 0 -1
553 88 77 88 78 725 897 727 899
302 0 -1
555 18 26 21 27 727 899 732 904
303 0 -1
556 47 18 49 18 728 900 730 902
304 0 -1
558 80 81 81 81 730 902 731 903
305 0 -1
559 28 53 30 54 731 903 736 908
306 0 -1
560 24 23 26 23 732 904 734 906
307 0 -1
562 4 2 4 2 734 906 735 907
308 0 -1
565 27 98 30 98 737 909 741 913
309 0 -1
566 17 90 20 90 738 910 742 914
310 0 -1
567 71 57 71 57 739 911 740 912
311 0 -1
570 50 27 54 27 742 914 746 918
312 0 -1
572 44 61 44 62 744 916 747 919
313 0 -1
573 26 16 27 16 745 917 748 920
314 0 -1
575 69 8 71 8 747 919 749 921
315 0 -1
577 27 4 28 4 749 921 750 922
316 0 -1
578 97 4 99 4 750 922 752 924
317 0 -1
579 17 29 22 29 751 923 756 928
318 0 -1
580 78 80 79 80 752 924 753 925
319 0 -1
585 97 51 99 51 757 929 760 932
320 0 -1
588 81 55 83 58 760 932 765 937
321 0 -1
589 26 15 37 16 761 933 776 948
322 0 -1
592 27 46 28 46 764 936 765 937
323 0 -1
594 65 75 67 75 766 938 768 940
324 0 -1
595 53 26 61 32 767 939 782 954
325 0 -1
596 2 80 5 80 768 940 772 944
326 0 -1
597 65 13 70 15 769 941 777 949
327 0 -1
599 60 99 67 99 771 943 779 951
328 0 -1
600 43 56 44 57 772 944 775 947
329 0 -1
601 55 87 55 89 773 945 775 947
330 0 -1
603 54 44 54 45 775 947 777 949
331 0 -1
608 91 0 92 1 780 952 783 955
332 0 -1
609 24 0 25 0 781 953 782 954
333 0 -1
610 29 3 34 3 782 954 787 959
334 0 -1
611 78 62 78 64 783 955 787 959
335 0 -1
613 8 16 9 20 785 957 793 965
336 0 -1
614 99 10 97 10 786 958 792 964
337 0 -1
615 21 42 22 42 787 959 788 960
338 0 -1
616 11 50 11 50 788 960 790 962
339 0 -1
619 20 21 23 22 791 963 796 968
340 0 -1
620 23 43 24 43 792 964 794 966
341 0 -1
621 86 58 90 59 793 965 798 970
342 0 -1
622 37 4 37 4 794 966 797 969
343 0 -1
623 3 21 3 21 795 967 797 969
344 0 -1
624 49 59 49 59 796 968 797 969
345 0 -1
625 51 19 52 19 797 969 799 971
346 0 -1
628 99 69 99 70 800 972 801 973
347 0 -1
629 66 67 67 70 801 973 806 978
348 0 -1
630 35 17 35 17 802 974 803 975
349 0 -1
634 88 12 88 13 806 978 807 979
350 0 -1
635 15 63 16 63 807 979 809 981
351 0 -1
636 32 40 32 40 808 980 810 982
352 0 -1
637 36 26 36 26 809 981 811 983
353 0 -1
639 71 2 71 2 811 983 812 984
354 0 -1
640 44 67 44 67 812 984 814 986
355 0 -1
641 93 95 94 95 813 985 815 987
356 0 -1
643 32 67 36 69 815 987 821 993
357 0 -1
645 2 34 2 35 817 989 819 991
358 0 -1
646 59 88 59 90 818 990 820 992
359 0 -1
648 53 8 53 8 820 992 821 993
360 0 -1
649 47 85 47 93 821 993 831 1003
361 0 -1
650 2 63 2 63 822 994 823 995
362 0 -1
651 9 15 9 18 823 995 827 999
363 0 -1
652 99 84 94 85 824 996 839 1011
364 0 -1
653 76 39 76 40 825 997 826 998
365 0 -1
656 39 87 40 87 828 1000 829 1001
366 0 -1
662 20 67 21 68 834 1006 836 1008
367 0 -1
663 87 77 92 80 835 1007 843 1015
368 0 -1
664 19 32 19 32 836 1008 838 1010
369 0 -1
665 69 98 69 99 837 1009 838 1010
370 0 -1
666 98 57 96 57 838 1010 840 1012
371 0 -1
667 38 85 40 85 839 1011 842 1014
372 0 -1
669 90 79 91 79 841 1013 842 1014
373 0 -1
672 54 51 55 53 844 1016 848 1020
374 0 -1
673 70 48 70 50 845 1017 847 1019
375 0 -1
674 66 45 67 46 846 1018 850 1022
376 0 -1
675 34 97 34 97 847 1019 852 1024
377 0 -1
678 22 93 22 94 850 1022 851 1023
378 0 -1
679 40 28 41 28 851 1023 854 1026
379 0 -1
680 56 76 61 77 852 1024 858 1030
380 0 -1
681 48 66 49 66 853 1025 855 1027
381 0 -1
682 5 43 5 44 854 1026 856 1028
382 0 -1
684 1 74 3 74 856 1028 858 1030
383 0 -1
685 72 50 73 53 857 1029 862 1034
384 0 -1
687 51 25 55 25 859 1031 864 1036
385 0 -1
688 21 5 21 6 860 1032 862 1034
386 0 -1
689 13 80 13 80 861 1033 863 1035
387 0 -1
690 6 12 8 12 862 1034 864 1036
388 0 -1
691 45 86 47 86 863 1035 865 1037
389 0 -1
692 18 81 18 81 864 1036 866 1038
390 0 -1
694 7 85 8 86 866 1038 869 1041
391 0 -1
696 98 70 98 72 868 1040 870 1042
392 0 -1
698 4 34 5 34 870 1042 875 1047
393 0 -1
700 85 99 86 99 872 1044 873 1045
394 0 -1
701 53 77 53 77 873 1045 874 1046
395 0 -1
702 63 94 67 94 874 1046 881 1053
396 0 -1
703 8 46 9 46 875 1047 877 1049
397 0 -1
704 44 36 46 36 876 1048 878 1050
398 0 -1
705 44 4 45 5 877 1049 881 1053
399 0 -1
706 50 70 52 70 878 1050 880 1052
400 0 -1
707 97 40 94 40 879 1051 883 1055
401 0 -1
708 74 30 79 32 880 1052 887 1059
402 0 -1
710 55 58 56 59 882 1054 885 1057
403 0 -1
712 77 60 78 60 884 1056 885 1057
404 0 -1
714 13 6 13 7 886 1058 887 1059
405 0 -1
716 94 60 94 60 888 1060 889 1061
406 0 -1
718 41 5 43 11 890 1062 898 1070
407 0 -1
719 84 9 84 9 891 1063 892 1064
408 0 -1
720 71 47 72 48 892 1064 894 1066
409 0 -1
722 30 79 31 80 894 1066 896 1068
410 0 -1
724 95 39 96 39 896 1068 898 1070
411 0 -1
725 87 35 88 43 897 1069 908 1080
412 0 -1
726 31 85 32 87 898 1070 902 1074
413 0 -1
727 79 36 79 36 899 1071 902 1074
414 0 -1
728 27 96 32 96 900 1072 905 1077
415 0 -1
729 0 64 0 65 901 1073 902 1074
416 0 -1
731 66 70 66 71 903 1075 904 1076
417 0 -1
733 57 82 59 82 905 1077 907 1079
418 0 -1
734 42 86 44 86 906 1078 908 1080
419 0 -1
735 49 1 52 1 907 1079 910 1082
420 0 -1
736 34 13 34 15 908 1080 910 1082
421 0 -1
737 93 4 96 4 909 1081 912 1084
422 0 -1
742 15 96 19 97 914 1086 919 1091
423 0 -1
744 98 76 99 77 916 1088 918 1090
424 0 -1
745 63 91 65 93 917 1089 922 1094
425 0 -1
748 79 58 79 60 920 1092 922 1094
426 0 -1
750 59 22 60 22 922 1094 923 1095
427 0 -1
751 79 3 80 3 923 1095 924 1096
428 0 -1
752 72 20 74 20 924 1096 927 1099
429 0 -1
753 48 33 49 33 925 1097 926 1098
430 0 -1
754 21 15 26 15 926 1098 932 1104
431 0 -1
755 31 98 32 98 927 1099 929 1101
432 0 -1
757 31 21 31 22 929 1101 931 1103
433 0 -1
758 38 97 43 97 930 1102 938 1110
434 0 -1
759 92 65 92 66 931 1103 933 1105
435 0 -1
760 60 94 60 94 932 1104 933 1105
436 0 -1
766 91 26 92 26 938 1110 940 1112
437 0 -1
767 67 86 69 86 939 1111 941 1113
438 0 -1
768 22 95 22 98 940 1112 943 1115
439 0 -1
771 55 79 55 79 943 1115 944 1116
440 0 -1
772 67 79 69 79 944 1116 946 1118
441 0 -1
773 90 82 93 82 945 1117 948 1120
442 0 -1
775 53 91 57 92 947 1119 952 1124
443 0 -1
777 85 4 85 5 949 1121 951 1123
444 0 -1
778 98 49 99 50 950 1122 952 1124
445 0 -1
779 67 75 70 75 951 1123 954 1126
446 0 -1
781 4 49 5 49 953 1125 954 1126
447 0 -1
782 74 13 74 17 954 1126 958 1130
448 0 -1
784 27 27 27 27 956 1128 958 1130
449 0 -1
787 34 40 36 40 959 1131 961 1133
450 0 -1
788 72 49 72 49 960 1132 961 1133
451 0 -1
789 84 57 86 58 961 1133 965 1137
452 0 -1
790 25 37 25 39 962 1134 964 1136
453 0 -1
791 74 92 76 94 963 1135 968 1140
454 0 -1
793 37 84 37 86 965 1137 968 1140
455 0 -1
794 97 71 98 71 966 1138 970 1142
456 0 -1
795 70 91 72 91 967 1139 969 1141
457 0 -1
796 49 97 52 97 968 1140 972 1144
458 0 -1
797 15 55 15 55 969 1141 970 1142
459 0 -1
798 4 88 7 88 970 1142 973 1145
460 0 -1
799 5 13 6 14 971 1143 973 1145
461 0 -1
800 95 0 95 4 972 1144 977 1149
462 0 -1
802 81 20 84 21 974 1146 978 1150
463 0 -1
803 75 52 77 52 975 1147 977 1149
464 0 -1
805 99 10 98 14 977 1149 982 1154
465 0 -1
806 20 25 24 25 978 1150 987 1159
466 0 -1
807 7 86 7 88 979 1151 981 1153
467 0 -1
810 78 67 78 67 982 1154 983 1155
468 0 -1
813 15 22 16 22 985 1157 986 1158
469 0 -1
818 87 19 88 20 990 1162 992 1164
470 0 -1
820 41 65 42 66 992 1164 995 1167
471 0 -1
824 2 90 4 90 996 1168 998 1170
472 0 -1
825 33 10 36 10 997 1169 1000 1172
473 0 -1
827 56 13 56 14 999 1171 1000 1172
474 0 -1
828 11 91 12 91 1000 1172 1010 1182
475 0 -1
830 89 62 92 62 1002 1174 1005 1177
476 0 -1
831 48 26 49 26 1003 1175 1004 1176
477 0 -1
833 10 26 12 26 1005 1177 1007 1179
478 0 -1
834 72 58 72 58 1006 1178 1008 1180
479 0 -1
835 7 84 14 84 1007 1179 1017 1189
480 0 -1
839 48 61 49 61 1011 1183 1013 1185
481 0 -1
841 16 97 17 97 1013 1185 1017 1189
482 0 -1
842 82 86 84 86 1014 1186 1016 1188
483 0 -1
844 79 93 83 94 1016 1188 1021 1193
484 0 -1
845 99 57 97 57 1017 1189 1019 1191
485 0 -1
846 30 4 30 5 1018 1190 1024 1196
486 0 -1
847 52 7 52 7 1019 1191 1020 1192
487 0 -1
850 0 97 1 98 1022 1194 1025 1197
488 0 -1
851 76 48 79 48 1023 1195 1027 1199
489 0 -1
854 83 85 83 86 1026 1198 1027 1199
490 0 -1
856 61 2 63 3 1028 1200 1031 1203
491 0 -1
859 35 45 37 46 1031 1203 1036 1208
492 0 -1
860 1 88 2 88 1032 1204 1033 1205
493 0 -1
861 38 79 38 79 1033 1205 1035 1207
494 0 -1
864 66 57 67 57 1036 1208 1039 1211
495 0 -1
867 33 49 33 50 1039 1211 1040 1212
496 0 -1
868 60 62 61 62 1040 1212 1042 1214
497 0 -1
871 96 84 80 84 1043 1215 1059 1231
498 0 -1
873 19 8 19 10 1045 1217 1047 1219
499 0 -1
874 73 3 74 7 1046 1218 1051 1223
500 0 -1
875 78 89 78 90 1047 1219 1050 1222
501 0 -1
877 42 72 42 73 1049 1221 1052 1224
502 0 -1
878 5 26 6 26 1050 1222 1052 1224
503 0 -1
879 54 2 55 2 1051 1223 1053 1225
504 0 -1
880 30 7 32 8 1052 1224 1056 1228
505 0 -1
881 22 86 25 89 1053 1225 1059 1231
506 0 -1
882 74 72 75 72 1054 1226 1056 1228
507 0 -1
885 19 79 20 79 1057 1229 1058 1230
508 0 -1
887 98 56 98 58 1059 1231 1062 1234
509 0 -1
889 43 58 45 58 1061 1233 1064 1236
510 0 -1
891 2 43 4 43 1063 1235 1065 1237
511 0 -1
893 72 68 73 69 1065 1237 1067 1239
512 0 -1
894 38 84 39 84 1066 1238 1069 1241
513 0 -1
895 42 29 44 30 1067 1239 1070 1242
514 0 -1
896 46 20 46 22 1068 1240 1070 1242
515 0 -1
897 6 49 7 49 1069 1241 1070 1242
516 0 -1
898 86 57 87 58 1070 1242 1072 1244
517 0 -1
899 90 68 91 68 1071 1243 1073 1245
518 0 -1
900 58 38 62 40 1072 1244 1078 1250
519 0 -1
901 95 86 96 86 1073 1245 1075 1247
520 0 -1
902 78 23 78 24 1074 1246 1075 1247
521 0 -1
905 47 57 48 57 1077 1249 1078 1250
522 0 -1
910 43 80 43 81 1082 1254 1083 1255
523 0 -1
912 93 81 95 88 1084 1256 1094 1266
524 0 -1
914 82 97 89 97 1086 1258 1093 1265
525 0 -1
917 73 69 75 69 1089 1261 1093 1265
526 0 -1
919 69 11 70 12 1091 1263 1093 1265
527 0 -1
920 57 23 58 24 1092 1264 1095 1267
528 0 -1
921 5 74 6 74 1093 1265 1094 1266
529 0 -1
923 6 43 7 43 1095 1267 1096 1268
530 0 -1
925 25 39 28 39 1097 1269 1100 1272
531 0 -1
926 55 50 55 52 1098 1270 1107 1279
532 0 -1
927 62 30 65 30 1099 1271 1102 1274
533 0 -1
928 27 91 28 91 1100 1272 1101 1273
534 0 -1
929 4 33 5 33 1101 1273 1102 1274
535 0 -1
931 91 24 91 26 1103 1275 1105 1277
536 0 -1
933 38 51 41 54 1105 1277 1112 1284
537 0 -1
935 72 75 74 75 1107 1279 1109 1281
538 0 -1
936 25 45 25 46 1108 1280 1109 1281
539 0 -1
937 76 85 79 85 1109 1281 1113 1285
540 0 -1
938 66 45 68 46 1110 1282 1114 1286
541 0 -1
940 57 91 58 92 1112 1284 1114 1286
542 0 -1
942 11 7 11 8 1114 1286 1115 1287
543 0 -1
943 95 70 90 71 1115 1287 1122 1294
544 0 -1
944 98 2 98 3 1116 1288 1117 1289
545 0 -1
945 88 76 90 76 1117 1289 1120 1292
546 0 -1
947 61 96 73 97 1119 1291 1132 1304
547 0 -1
948 16 82 17 82 1120 1292 1123 1295
548 0 -1
950 17 94 19 94 1122 1294 1124 1296
549 0 -1
951 68 68 69 69 1123 1295 1125 1297
550 0 -1
954 26 20 26 20 1126 1298 1128 1300
551 0 -1
955 51 53 52 53 1127 1299 1128 1300
552 0 -1
957 25 30 28 30 1129 1301 1132 1304
553 0 -1
958 40 29 41 29 1130 1302 1131 1303
554 0 -1
963 32 96 35 96 1135 1307 1138 1310
555 0 -1
964 12 70 12 71 1136 1308 1138 1310
556 0 -1
966 28 77 29 78 1138 1310 1140 1312
557 0 -1
969 71 45 72 46 1141 1313 1143 1315
558 0 -1
972 91 33 97 33 1144 1316 1150 1322
559 0 -1
973 29 38 32 39 1145 1317 1149 1321
560 0 -1
974 35 92 37 94 1146 1318 1156 1328
561 0 -1
976 45 56 45 59 1148 1320 1153 1325
562 0 -1
979 43 91 44 92 1151 1323 1155 1327
563 0 -1
981 8 77 8 78 1153 1325 1154 1326
564 0 -1
983 17 90 17 90 1155 1327 1158 1330
565 0 -1
984 39 8 43 9 1156 1328 1162 1334
566 0 -1
987 35 55 35 55 1159 1331 1163 1335
567 0 -1
989 40 36 43 36 1161 1333 1164 1336
568 0 -1
990 53 58 57 58 1162 1334 1166 1338
569 0 -1
992 49 94 50 96 1164 1336 1168 1340
570 0 -1
993 2 98 4 98 1165 1337 1167 1339
571 0 -1
994 70 63 73 63 1166 1338 1170 1342
572 0 -1
996 12 57 14 57 1168 1340 1170 1342
573 0 -1
997 14 48 14 50 1169 1341 1171 1343
574 0 -1
998 66 1 67 1 1170 1342 1171 1343
575 0 -1
999 3 32 3 33 1171 1343 1173 1345
576 0 -1
1001 76 37 83 65 1173 1345 1222 1394
577 0 -1
1004 92 11 94 11 1176 1348 1178 1350
578 0 -1
1008 2 66 3 66 1180 1352 1181 1353
579 0 -1
1010 99 23 99 25 1182 1354 1184 1356
580 0 -1
1012 32 86 32 86 1184 1356 1185 1357
581 0 -1
1015 87 99 87 100 1187 1359 1188 1360
582 0 -1
1016 27 0 27 0 1188 1360 1189 1361
583 0 -1
1017 90 14 90 16 1189 1361 1192 1364
584 0 -1
1018 11 94 12 85 1190 1362 1204 1376
585 0 -1
1019 28 84 34 84 1191 1363 1201 1373
586 0 -1
1020 39 24 40 26 1192 1364 1195 1367
587 0 -1
1021 84 93 85 93 1193 1365 1194 1366
588 0 -1
1022 37 54 44 59 1194 1366 1208 1380
589 0 -1
1025 76 74 81 74 1197 1369 1202 1374
590 0 -1
1027 51 87 51 88 1199 1371 1200 1372
591 0 -1
1028 40 16 40 16 1200 1372 1201 1373
592 0 -1
1031 66 14 74 14 1203 1375 1212 1384
593 0 -1
1032 99 82 93 82 1204 1376 1211 1383
594 0 -1
1033 50 61 54 61 1205 1377 1209 1381
595 0 -1
1035 27 73 28 73 1207 1379 1209 1381
596 0 -1
1036 37 98 39 98 1208 1380 1210 1382
597 0 -1
1037 24 17 24 17 1209 1381 1210 1382
598 0 -1
1039 50 71 50 71 1211 1383 1212 1384
599 0 -1
1040 14 21 14 22 1212 1384 1213 1385
600 0 -1
1042 25 52 27 59 1214 1386 1225 1397
601 0 -1
1044 90 66 90 67 1216 1388 1217 1389
602 0 -1
1045 10 83 12 84 1217 1389 1220 1392
603 0 -1
1051 66 82 67 82 1223 1395 1224 1396
604 0 -1
1053 16 26 17 26 1225 1397 1226 1398
605 0 -1
1056 71 24 73 24 1228 1400 1230 1402
606 0 -1
1057 14 7 16 7 1229 1401 1231 1403
607 0 -1
1059 86 62 88 62 1231 1403 1235 1407
608 0 -1
1060 95 8 96 12 1232 1404 1237 1409
609 0 -1
1063 8 82 10 83 1235 1407 1238 1410
610 0 -1
1065 57 49 57 50 1237 1409 1240 1412
611 0 -1
1066 79 46 79 46 1238 1410 1240 1412
612 0 -1
1067 10 77 11 77 1239 1411 1240 1412
613 0 -1
1070 33 33 44 34 1242 1414 1254 1426
614 0 -1
1071 69 93 70 94 1243 1415 1248 1420
615 0 -1
1073 65 44 75 48 1245 1417 1260 1432
616 0 -1
1074 66 93 67 93 1246 1418 1247 1419
617 0 -1
1075 31 72 32 72 1247 1419 1250 1422
618 0 -1
1078 72 50 74 51 1250 1422 1254 1426
619 0 -1
1082 33 10 34 10 1254 1426 1255 1427
620 0 -1
1083 33 37 33 39 1255 1427 1257 1429
621 0 -1
1084 92 73 97 74 1256 1428 1262 1434
622 0 -1
1085 15 52 15 54 1257 1429 1260 1432
623 0 -1
1086 56 72 60 72 1258 1430 1262 1434
624 0 -1
1090 8 80 8 81 1262 1434 1263 1435
625 0 -1
1091 80 80 81 80 1263 1435 1264 1436
626 0 -1
1092 83 80 83 80 1264 1436 1265 1437
627 0 -1
1095 35 2 36 4 1267 1439 1270 1442
628 0 -1
1097 95 66 97 66 1269 1441 1272 1444
629 0 -1
1098 72 9 73 11 1270 1442 1274 1446
630 0 -1
1099 89 75 89 75 1271 1443 1276 1448
631 0 -1
1100 42 77 45 78 1272 1444 1277 1449
632 0 -1
1102 61 96 63 96 1274 1446 1277 1449
633 0 -1
1103 42 15 47 15 1275 1447 1282 1454
634 0 -1
1104 67 61 67 62 1276 1448 1277 1449
635 0 -1
1105 51 63 51 64 1277 1449 1278 1450
636 0 -1
1107 70 16 72 17 1279 1451 1289 1461
637 0 -1
1109 51 36 51 36 1281 1453 1284 1456
638 0 -1
1111 67 94 68 95 1283 1455 1285 1457
639 0 -1
1113 89 73 89 74 1285 1457 1286 1458
640 0 -1
1114 93 91 94 91 1286 1458 1287 1459
641 0 -1
1115 39 29 40 31 1287 1459 1290 1462
642 0 -1
1116 4 99 5 89 1288 1460 1299 1471
643 0 -1
1118 58 35 58 36 1290 1462 1292 1464
644 0 -1
1120 85 45 87 45 1292 1464 1294 1466
645 0 -1
1121 81 31 82 31 1293 1465 1294 1466
646 0 -1
1122 23 65 24 66 1294 1466 1297 1469
647 0 -1
1124 40 80 41 82 1296 1468 1303 1475
648 0 -1
1125 44 86 45 87 1297 1469 1299 1471
649 0 -1
1126 52 49 55 54 1298 1470 1310 1482
650 0 -1
1129 59 87 60 87 1301 1473 1302 1474
651 0 -1
1130 43 91 44 91 1302 1474 1303 1475
652 0 -1
1132 79 37 79 37 1304 1476 1306 1478
653 0 -1
1133 72 3 73 3 1305 1477 1308 1480
654 0 -1
1137 5 6 6 9 1309 1481 1313 1485
655 0 -1
1138 11 19 11 20 1310 1482 1311 1483
656 0 -1
1139 49 69 50 69 1311 1483 1312 1484
657 0 -1
1141 3 56 5 56 1313 1485 1315 1487
658 0 -1
1142 45 44 45 44 1314 1486 1317 1489
659 0 -1
1144 42 4 43 4 1316 1488 1319 1491
660 0 -1
1147 96 12 97 12 1319 1491 1320 1492
661 0 -1
1150 79 40 80 40 1322 1494 1323 1495
662 0 -1
1151 53 86 53 86 1323 1495 1325 1497
663 0 -1
1154 34 49 35 49 1326 1498 1327 1499
664 0 -1
1156 82 47 83 48 1328 1500 1330 1502
665 0 -1
1157 4 1 9 1 1329 1501 1334 1506
666 0 -1
1158 64 14 64 14 1330 1502 1334 1506
667 0 -1
1159 42 99 43 99 1331 1503 1333 1505
668 0 -1
1164 95 11 96 13 1336 1508 1339 1511
669 0 -1
1166 86 54 88 55 1338 1510 1341 1513
670 0 -1
1169 77 33 80 33 1341 1513 1344 1516
671 0 -1
1170 24 86 25 86 1342 1514 1345 1517
672 0 -1
1171 49 35 57 35 1343 1515 1352 1524
673 0 -1
1172 77 4 78 4 1344 1516 1345 1517
674 0 -1
1174 35 6 35 9 1346 1518 1353 1525
675 0 -1
1175 60 91 62 91 1347 1519 1350 1522
676 0 -1
1176 84 63 85 63 1348 1520 1350 1522
677 0 -1
1177 81 0 82 0 1349 1521 1351 1523
678 0 -1
1179 13 34 14 34 1351 1523 1352 1524
679 0 -1
1186 29 43 29 44 1358 1530 1360 1532
680 0 -1
1187 57 95 58 96 1359 1531 1361 1533
681 0 -1
1188 23 38 24 38 1360 1532 1361 1533
682 0 -1
1190 12 37 13 37 1362 1534 1363 1535
683 0 -1
1191 53 45 54 46 1363 1535 1365 1537
684 0 -1
1194 31 19 32 20 1366 1538 1368 1540
685 0 -1
1195 18 56 19 56 1367 1539 1370 1542
686 0 -1
1197 29 29 32 29 1369 1541 1372 1544
687 0 -1
1198 21 74 25 74 1370 1542 1374 1546
688 0 -1
1201 94 79 96 79 1373 1545 1378 1550
689 0 -1
1202 66 22 67 22 1374 1546 1375 1547
690 0 -1
1203 71 72 72 72 1375 1547 1376 1548
691 0 -1
1205 95 65 97 66 1377 1549 1380 1552
692 0 -1
1207 9 11 13 11 1379 1551 1383 1555
693 0 -1
1208 56 90 58 90 1380 1552 1382 1554
694 0 -1
1209 22 11 22 11 1381 1553 1382 1554
695 0 -1
1211 31 26 33 27 1383 1555 1387 1559
696 0 -1
1214 57 1 63 1 1386 1558 1392 1564
697 0 -1
1217 49 51 51 51 1389 1561 1391 1563
698 0 -1
1218 13 56 14 56 1390 1562 1391 1563
699 0 -1
1219 27 53 33 53 1391 1563 1398 1570
700 0 -1
1220 30 56 30 57 1392 1564 1393 1565
701 0 -1
1222 88 94 89 96 1394 1566 1397 1569
702 0 -1
1223 69 10 73 10 1395 1567 1399 1571
703 0 -1
1226 71 5 74 5 1398 1570 1401 1573
704 0 -1
1227 27 1 27 2 1399 1571 1400 1572
705 0 -1
1229 51 75 51 76 1401 1573 1402 1574
706 0 -1
1230 75 77 79 78 1402 1574 1407 1579
707 0 -1
1231 75 57 75 58 1403 1575 1404 1576
708 0 -1
1233 75 79 77 79 1405 1577 1407 1579
709 0 -1
1235 46 99 47 99 1407 1579 1408 1580
710 0 -1
1236 50 86 54 86 1408 1580 1413 1585
711 0 -1
1237 4 9 7 11 1409 1581 1414 1586
712 0 -1
1238 76 43 77 43 1410 1582 1415 1587
713 0 -1
1240 7 75 11 75 1412 1584 1416 1588
714 0 -1
1241 84 4 85 4 1413 1585 1414 1586
715 0 -1
1242 10 97 23 97 1414 1586 1427 1599
716 0 -1
1243 71 67 71 69 1415 1587 1417 1589
717 0 -1
1244 27 88 28 89 1416 1588 1423 1595
718 0 -1
1246 58 64 60 66 1418 1590 1427 1599
719 0 -1
1250 46 69 46 69 1422 1594 1423 1595
720 0 -1
1254 50 74 56 74 1426 1598 1433 1605
721 0 -1
1255 16 44 18 44 1427 1599 1431 1603
722 0 -1
1258 15 38 26 41 1430 1602 1446 1618
723 0 -1
1259 59 74 72 78 1431 1603 1449 1621
724 0 -1
1260 62 5 63 8 1432 1604 1438 1610
725 0 -1
1261 80 92 81 95 1433 1605 1440 1612
726 0 -1
1263 47 7 49 9 1435 1607 1442 1614
727 0 -1
1264 21 9 21 13 1436 1608 1440 1612
728 0 -1
1265 38 92 39 92 1437 1609 1439 1611
729 0 -1
1266 22 13 22 13 1438 1610 1439 1611
730 0 -1
1268 91 16 94 16 1440 1612 1443 1615
731 0 -1
1276 40 85 41 85 1448 1620 1449 1621
732 0 -1
1277 18 83 22 83 1449 1621 1454 1626
733 0 -1
1281 50 56 52 56 1453 1625 1455 1627
734 0 -1
1284 98 92 96 92 1456 1628 1458 1630
735 0 -1
1287 16 44 20 44 1459 1631 1463 1635
736 0 -1
1290 22 76 26 77 1462 1634 1469 1641
737 0 -1
1291 58 95 61 95 1463 1635 1466 1638
738 0 -1
1292 89 34 72 42 1464 1636 1490 1662
739 0 -1
1297 84 63 84 64 1469 1641 1472 1644
740 0 -1
1298 80 92 80 92 1470 1642 1471 1643
741 0 -1
1299 82 29 83 29 1471 1643 1474 1646
742 0 -1
1300 10 63 10 63 1472 1644 1474 1646
743 0 -1
1307 67 29 68 29 1479 1651 1480 1652
744 0 -1
1309 41 83 43 83 1481 1653 1483 1655
745 0 -1
1312 57 91 58 92 1484 1656 1486 1658
746 0 -1
1313 98 27 98 28 1485 1657 1486 1658
747 0 -1
1314 25 54 25 56 1486 1658 1490 1662
748 0 -1
1315 40 90 45 90 1487 1659 1492 1664
749 0 -1
1316 85 6 87 6 1488 1660 1490 1662
750 0 -1
1317 92 62 94 62 1489 1661 1491 1663
751 0 -1
1318 39 33 40 33 1490 1662 1493 1665
752 0 -1
1319 72 45 74 45 1491 1663 1493 1665
753 0 -1
1320 91 38 91 38 1492 1664 1493 1665
754 0 -1
1321 35 51 37 51 1493 1665 1495 1667
755 0 -1
1323 29 59 30 60 1495 1667 1497 1669
756 0 -1
1324 23 70 28 70 1496 1668 1501 1673
757 0 -1
1325 60 2 62 4 1497 1669 1503 1675
758 0 -1
1326 40 92 41 92 1498 1670 1499 1671
759 0 -1
1327 48 81 57 82 1499 1671 1509 1681
760 0 -1
1329 90 4 91 4 1501 1673 1503 1675
761 0 -1
1332 10 66 11 67 1504 1676 1506 1678
762 0 -1
1333 4 55 5 55 1505 1677 1506 1678
763 0 -1
1335 20 87 26 93 1507 1679 1523 1695
764 0 -1
1336 65 54 66 54 1508 1680 1509 1681
765 0 -1
1338 76 6 76 8 1510 1682 1513 1685
766 0 -1
1340 34 26 38 29 1512 1684 1519 1691
767 0 -1
1342 94 88 97 88 1514 1686 1517 1689
768 0 -1
1344 20 63 20 64 1516 1688 1518 1690
769 0 -1
1345 28 72 29 72 1517 1689 1518 1690
770 0 -1
1347 84 45 87 45 1519 1691 1522 1694
771 0 -1
1348 65 26 66 29 1520 1692 1525 1697
772 0 -1
1349 35 37 37 40 1521 1693 1527 1699
773 0 -1
1354 25 92 26 94 1526 1698 1529 1701
774 0 -1
1355 74 58 76 59 1527 1699 1532 1704
775 0 -1
1359 38 34 38 35 1531 1703 1536 1708
776 0 -1
1362 52 66 52 67 1534 1706 1536 1708
777 0 -1
1365 27 16 27 16 1537 1709 1538 1710
778 0 -1
1368 13 8 15 8 1540 1712 1542 1714
779 0 -1
1369 88 73 57 76 1541 1713 1576 1748
780 0 -1
1370 87 39 89 39 1542 1714 1544 1716
781 0 -1
1372 80 53 80 53 1544 1716 1549 1721
782 0 -1
1374 80 47 81 47 1546 1718 1548 1720
783 0 -1
1375 60 39 60 46 1547 1719 1554 1726
784 0 -1
1376 45 3 45 4 1548 1720 1549 1721
785 0 -1
1377 44 7 47 7 1549 1721 1552 1724
786 0 -1
1378 99 31 99 31 1550 1722 1551 1723
787 0 -1
1379 31 5 31 5 1551 1723 1555 1727
788 0 -1
1381 33 93 33 94 1553 1725 1556 1728
789 0 -1
1382 96 44 99 44 1554 1726 1557 1729
790 0 -1
1383 98 60 99 60 1555 1727 1557 1729
791 0 -1
1385 57 5 60 6 1557 1729 1563 1735
792 0 -1
1386 19 82 19 84 1558 1730 1561 1733
793 0 -1
1387 6 3 7 12 1559 1731 1570 1742
794 0 -1
1388 87 1 88 1 1560 1732 1563 1735
795 0 -1
1389 50 32 52 32 1561 1733 1563 1735
796 0 -1
1390 39 95 40 96 1562 1734 1564 1736
797 0 -1
1391 31 56 33 56 1563 1735 1565 1737
798 0 -1
1393 45 22 45 22 1565 1737 1567 1739
799 0 -1
1395 5 50 5 51 1567 1739 1575 1747
800 0 -1
1396 2 42 2 43 1568 1740 1569 1741
801 0 -1
1400 28 4 30 4 1572 1744 1575 1747
802 0 -1
1401 81 40 81 42 1573 1745 1576 1748
803 0 -1
1402 92 63 92 70 1574 1746 1581 1753
804 0 -1
1403 18 87 19 87 1575 1747 1577 1749
805 0 -1
1406 23 70 23 71 1578 1750 1579 1751
806 0 -1
1411 83 51 84 51 1583 1755 1585 1757
807 0 -1
1412 9 17 9 21 1584 1756 1590 1762
808 0 -1
1413 68 80 69 80 1585 1757 1586 1758
809 0 -1
1414 5 78 6 78 1586 1758 1588 1760
810 0 -1
1415 44 13 44 15 1587 1759 1589 1761
811 0 -1
1417 69 12 70 12 1589 1761 1590 1762
812 0 -1
1418 79 9 82 10 1590 1762 1595 1767
813 0 -1
1419 10 86 10 90 1591 1763 1598 1770
814 0 -1
1420 50 8 55 11 1592 1764 1600 1772
815 0 -1
1423 25 15 26 15 1595 1767 1596 1768
816 0 -1
1426 77 5 78 6 1598 1770 1600 1772
817 0 -1
1428 43 20 43 20 1600 1772 1603 1775
818 0 -1
1429 66 52 67 53 1601 1773 1603 1775
819 0 -1
1430 90 39 91 39 1602 1774 1603 1775
820 0 -1
1431 83 11 83 12 1603 1775 1606 1778
821 0 -1
1432 14 81 15 81 1604 1776 1605 1777
822 0 -1
1434 78 36 79 36 1606 1778 1607 1779
823 0 -1
1435 89 9 91 10 1607 1779 1614 1786
824 0 -1
1436 97 60 98 60 1608 1780 1610 1782
825 0 -1
1438 95 25 97 27 1610 1782 1614 1786
826 0 -1
1439 39 2 39 2 1611 1783 1612 1784
827 0 -1
1440 97 60 94 60 1612 1784 1615 1787
828 0 -1
1441 70 73 72 74 1613 1785 1620 1792
829 0 -1
1442 55 95 56 96 1614 1786 1616 1788
830 0 -1
1443 63 86 63 89 1615 1787 1620 1792
831 0 -1
1444 90 26 91 26 1616 1788 1618 1790
832 0 -1
1446 36 49 40 49 1618 1790 1624 1796
833 0 -1
1447 55 46 55 48 1619 1791 1621 1793
834 0 -1
1448 0 79 2 79 1620 1792 1622 1794
835 0 -1
1452 64 57 65 57 1624 1796 1625 1797
836 0 -1
1454 31 93 31 96 1626 1798 1630 1802
837 0 -1
1455 1 55 3 55 1627 1799 1629 1801
838 0 -1
1456 18 20 19 20 1628 1800 1629 1801
839 0 -1
1457 31 23 37 23 1629 1801 1635 1807
840 0 -1
1458 71 57 73 59 1630 1802 1640 1812
841 0 -1
1461 43 1 44 1 1633 1805 1636 1808
842 0 -1
1462 8 99 10 97 1634 1806 1638 1810
843 0 -1
1463 27 12 28 13 1635 1807 1637 1809
844 0 -1
1465 54 87 56 87 1637 1809 1639 1811
845 0 -1
1466 28 49 30 49 1638 1810 1640 1812
846 0 -1
1468 40 87 40 87 1640 1812 1641 1813
847 0 -1
1469 62 75 66 76 1641 1813 1646 1818
848 0 -1
1470 32 73 32 74 1642 1814 1643 1815
849 0 -1
1472 82 49 84 52 1644 1816 1649 1821
850 0 -1
1473 27 33 30 34 1645 1817 1650 1822
851 0 -1
1474 77 30 85 31 1646 1818 1657 1829
852 0 -1
1475 50 15 50 15 1647 1819 1649 1821
853 0 -1
1478 17 63 23 63 1650 1822 1656 1828
854 0 -1
1479 44 11 45 12 1651 1823 1653 1825
855 0 -1
1481 91 62 93 62 1653 1825 1655 1827
856 0 -1
1483 25 62 33 63 1655 1827 1666 1838
857 0 -1
1486 95 87 96 89 1658 1830 1663 1835
858 0 -1
1487 51 55 53 57 1659 1831 1663 1835
859 0 -1
1493 47 32 48 32 1665 1837 1667 1839
860 0 -1
1495 52 71 53 71 1667 1839 1668 1840
861 0 -1
1496 21 65 23 67 1668 1840 1672 1844
862 0 -1
1497 5 73 8 74 1669 1841 1673 1845
863 0 -1
1499 24 9 25 10 1671 1843 1673 1845
864 0 -1
1500 16 86 16 86 1672 1844 1674 1846
865 0 -1
1501 35 62 35 62 1673 1845 1681 1853
866 0 -1
1502 51 93 52 93 1674 1846 1678 1850
867 0 -1
1504 52 96 53 99 1676 1848 1689 1861
868 0 -1
1505 32 35 36 39 1677 1849 1687 1859
869 0 -1
1506 24 23 24 23 1678 1850 1680 1852
870 0 -1
1507 66 21 68 22 1679 1851 1682 1854
871 0 -1
1508 32 27 33 28 1680 1852 1686 1858
872 0 -1
1509 50 71 50 71 1681 1853 1682 1854
873 0 -1
1511 70 25 72 25 1683 1855 1685 1857
874 0 -1
1513 9 11 9 14 1685 1857 1690 1862
875 0 -1
1515 27 65 27 65 1687 1859 1688 1860
876 0 -1
1516 64 28 65 28 1688 1860 1691 1863
877 0 -1
1517 13 17 16 17 1689 1861 1692 1864
878 0 -1
1518 34 99 35 99 1690 1862 1693 1865
879 0 -1
1519 4 85 5 85 1691 1863 1692 1864
880 0 -1
1521 40 79 41 81 1693 1865 1697 1869
881 0 -1
1522 40 19 41 19 1694 1866 1696 1868
882 0 -1
1523 14 26 16 26 1695 1867 1697 1869
883 0 -1
1527 25 57 29 57 1699 1871 1703 1875
884 0 -1
1528 76 61 77 61 1700 1872 1701 1873
885 0 -1
1533 75 99 76 99 1705 1877 1706 1878
886 0 -1
1534 4 30 10 30 1706 1878 1715 1887
887 0 -1
1535 49 25 49 26 1707 1879 1710 1882
888 0 -1
1536 76 39 78 39 1708 1880 1710 1882
889 0 -1
1538 47 37 51 37 1710 1882 1714 1886
890 0 -1
1540 26 79 27 79 1712 1884 1713 1885
891 0 -1
1543 99 52 99 53 1715 1887 1718 1890
892 0 -1
1544 53 13 55 13 1716 1888 1718 1890
893 0 -1
1545 5 64 6 65 1717 1889 1719 1891
894 0 -1
1547 52 79 55 80 1719 1891 1724 1896
895 0 -1
1550 76 68 77 69 1722 1894 1724 1896
896 0 -1
1551 75 21 75 22 1723 1895 1725 1897
897 0 -1
1552 12 65 14 66 1724 1896 1729 1901
898 0 -1
1554 27 24 27 28 1726 1898 1730 1902
899 0 -1
1555 76 53 78 53 1727 1899 1729 1901
900 0 -1
1556 7 41 9 41 1728 1900 1730 1902
901 0 -1
1559 84 14 89 14 1731 1903 1737 1909
902 0 -1
1560 37 3 42 4 1732 1904 1738 1910
903 0 -1
1562 46 22 46 22 1734 1906 1736 1908
904 0 -1
1563 56 1 60 1 1735 1907 1745 1917
905 0 -1
1564 29 27 31 27 1736 1908 1738 1910
906 0 -1
1566 50 15 50 17 1738 1910 1740 1912
907 0 -1
1567 48 55 48 57 1739 1911 1743 1915
908 0 -1
1573 85 83 92 84 1745 1917 1753 1925
909 0 -1
1575 6 46 7 46 1747 1919 1748 1920
910 0 -1
1576 67 29 68 30 1748 1920 1750 1922
911 0 -1
1577 35 96 35 98 1749 1921 1751 1923
912 0 -1
1579 37 8 37 11 1751 1923 1754 1926
913 0 -1
1580 91 5 91 5 1752 1924 1754 1926
914 0 -1
1582 93 46 94 46 1754 1926 1755 1927
915 0 -1
1584 49 61 49 62 1756 1928 1757 1929
916 0 -1
1587 79 78 90 78 1759 1931 1771 1943
917 0 -1
1588 87 62 89 62 1760 1932 1764 1936
918 0 -1
1589 93 25 93 26 1761 1933 1763 1935
919 0 -1
1590 2 18 2 19 1762 1934 1765 1937
920 0 -1
1591 92 83 92 84 1763 1935 1768 1940
921 0 -1
1593 44 75 44 75 1765 1937 1769 1941
922 0 -1
1594 45 30 47 30 1766 1938 1768 1940
923 0 -1
1596 15 42 17 42 1768 1940 1770 1942
924 0 -1
1598 33 86 34 86 1770 1942 1771 1943
925 0 -1
1599 24 27 26 29 1771 1943 1775 1947
926 0 -1
1600 97 86 98 86 1772 1944 1773 1945
927 0 -1
1603 28 24 28 25 1775 1947 1776 1948
928 0 -1
1606 88 10 89 11 1778 1950 1780 1952
929 0 -1
1608 59 2 59 2 1780 1952 1781 1953
930 0 -1
1609 38 24 38 26 1781 1953 1783 1955
931 0 -1
1610 83 24 84 24 1782 1954 1783 1955
932 0 -1
1611 72 70 72 72 1783 1955 1785 1957
933 0 -1
1613 1 30 2 31 1785 1957 1787 1959
934 0 -1
1615 85 4 86 4 1787 1959 1788 1960
935 0 -1
1618 30 83 32 84 1790 1962 1793 1965
936 0 -1
1620 34 26 34 27 1792 1964 1797 1969
937 0 -1
1621 85 80 88 84 1793 1965 1800 1972
938 0 -1
1623 62 34 62 35 1795 1967 1800 1972
939 0 -1
1624 79 56 80 56 1796 1968 1797 1969
940 0 -1
1625 16 63 16 65 1797 1969 1800 1972
941 0 -1
1626 96 38 96 38 1798 1970 1800 1972
942 0 -1
1627 6 88 18 88 1799 1971 1812 1984
943 0 -1
1629 4 34 5 34 1801 1973 1802 1974
944 0 -1
1631 77 2 79 2 1803 1975 1805 1977
945 0 -1
1633 34 51 41 54 1805 1977 1815 1987
946 0 -1
1634 88 5 89 6 1806 1978 1808 1980
947 0 -1
1637 44 71 45 71 1809 1981 1810 1982
948 0 -1
1638 73 80 76 80 1810 1982 1813 1985
949 0 -1
1640 70 82 78 83 1812 1984 1822 1994
950 0 -1
1641 46 22 48 23 1813 1985 1816 1988
951 0 -1
1642 10 41 11 44 1814 1986 1818 1990
952 0 -1
1645 19 67 19 68 1817 1989 1818 1990
953 0 -1
1648 11 85 13 85 1820 1992 1822 1994
954 0 -1
1649 13 63 13 63 1821 1993 1823 1995
955 0 -1
1650 56 27 57 27 1822 1994 1823 1995
956 0 -1
1656 27 72 28 74 1828 2000 1832 2004
957 0 -1
1657 69 30 72 30 1829 2001 1832 2004
958 0 -1
1659 97 5 94 5 1831 2003 1835 2007
959 0 -1
1660 6 74 10 74 1832 2004 1836 2008
960 0 -1
1661 90 90 94 91 1833 2005 1840 2012
961 0 -1
1662 39 5 44 6 1834 2006 1841 2013
962 0 -1
1663 10 19 14 22 1835 2007 1842 2014
963 0 -1
1664 1 21 3 21 1836 2008 1838 2010
964 0 -1
1665 37 76 38 76 1837 2009 1838 2010
965 0 -1
1668 7 90 10 90 1840 2012 1843 2015
966 0 -1
1671 85 13 91 13 1843 2015 1851 2023
967 0 -1
1672 89 58 89 58 1844 2016 1845 2017
968 0 -1
1673 46 31 46 31 1845 2017 1850 2022
969 0 -1
1675 13 75 13 76 1847 2019 1848 2020
970 0 -1
1676 62 3 63 3 1848 2020 1851 2023
971 0 -1
1678 83 23 83 25 1850 2022 1853 2025
972 0 -1
1679 83 42 86 42 1851 2023 1858 2030
973 0 -1
1680 55 72 56 75 1852 2024 1856 2028
974 0 -1
1683 49 60 54 61 1855 2027 1862 2034
975 0 -1
1685 1 70 2 71 1857 2029 1860 2032
976 0 -1
1686 77 85 83 88 1858 2030 1868 2040
977 0 -1
1687 38 70 38 73 1859 2031 1863 2035
978 0 -1
1688 63 44 68 44 1860 2032 1866 2038
979 0 -1
1690 8 23 9 23 1862 2034 1866 2038
980 0 -1
1691 5 31 7 31 1863 2035 1865 2037
981 0 -1
1692 76 66 77 66 1864 2036 1867 2039
982 0 -1
1694 63 39 63 39 1866 2038 1867 2039
983 0 -1
1695 23 39 27 39 1867 2039 1871 2043
984 0 -1
1696 1 38 1 41 1868 2040 1871 2043
985 0 -1
1697 27 1 28 2 1869 2041 1871 2043
986 0 -1
1698 35 77 35 78 1870 2042 1872 2044
987 0 -1
1700 77 43 77 44 1872 2044 1874 2046
988 0 -1
1702 82 16 88 18 1874 2046 1888 2060
989 0 -1
1703 20 82 20 83 1875 2047 1876 2048
990 0 -1
1704 26 41 28 42 1876 2048 1879 2051
991 0 -1
1709 92 94 92 96 1881 2053 1884 2056
992 0 -1
1712 58 34 58 36 1884 2056 1887 2059
993 0 -1
1714 36 69 36 69 1886 2058 1887 2059
994 0 -1
1717 94 12 95 12 1889 2061 1893 2065
995 0 -1
1718 1 9 2 9 1890 2062 1892 2064
996 0 -1
1720 22 10 24 12 1892 2064 1898 2070
997 0 -1
1722 47 75 48 75 1894 2066 1895 2067
998 0 -1
1723 52 97 52 99 1895 2067 1897 2069
999 0 -1
1725 31 94 32 94 1897 2069 1899 2071
1000 0 -1
1726 71 34 71 35 1898 2070 1901 2073
