100 100 1797
1
0 69 51
54
0 0 8 100 6
0
1 0 17 100 6
0
2 0 25 100 6
0
3 0 37 100 6
0
4 0 45 100 6
0
5 0 55 100 6
0
6 0 65 100 6
0
7 0 75 100 6
0
8 0 85 100 6
0
9 0 95 100 6
0
10 0 103 100 6
0
11 0 109 100 6
0
12 0 120 100 6
0
13 0 133 100 6
0
14 0 142 100 6
0
15 0 151 100 6
0
16 0 158 100 6
0
17 0 166 100 6
0
18 0 176 100 6
0
19 0 187 100 6
0
20 0 195 100 6
0
21 0 204 100 6
0
22 0 213 100 6
0
23 0 220 100 6
0
24 0 227 100 6
0
25 0 235 100 6
0
26 0 243 100 6
0
27 0 251 100 6
0
28 0 260 100 6
0
29 0 267 100 6
0
30 0 275 100 6
0
31 0 282 100 6
0
32 0 292 100 6
0
33 0 300 100 6
0
34 0 307 100 6
0
35 0 315 100 6
0
36 0 325 100 6
0
37 0 334 100 6
0
38 0 341 100 6
0
39 0 349 100 6
0
40 0 357 100 6
0
41 0 367 100 6
0
42 0 374 100 6
0
43 0 381 100 6
0
44 0 387 100 6
0
45 0 400 100 6
0
46 0 408 100 6
0
47 0 416 100 6
0
48 0 423 100 6
0
49 0 432 100 6
0
50 0 440 100 6
0
51 0 449 100 6
0
52 0 457 100 6
0
53 0 464 100 6
0
1000
1 0 -1
2 17 86 19 87 36 70 39 73
2 0 -1
5 41 54 42 54 39 73 44 78
3 0 -1
7 84 19 88 19 41 75 45 79
4 0 -1
8 67 27 71 32 42 76 51 85
5 0 -1
9 32 22 35 22 43 77 49 83
6 0 -1
10 89 48 91 48 44 78 48 82
7 0 -1
11 88 63 93 64 45 79 51 85
8 0 -1
12 8 61 9 61 46 80 48 82
9 0 -1
13 87 73 88 73 47 81 49 83
10 0 -1
14 18 50 19 50 48 82 51 85
11 0 -1
15 57 57 60 58 49 83 55 89
12 0 -1
17 35 14 35 16 51 85 55 89
13 0 -1
18 17 56 17 61 52 86 58 92
14 0 -1
19 93 40 93 40 53 87 54 88
15 0 -1
20 23 58 23 58 54 88 56 90
16 0 -1
21 47 38 49 38 55 89 57 91
17 0 -1
22 18 82 21 82 56 90 60 94
18 0 -1
24 94 23 94 25 58 92 60 94
19 0 -1
29 60 57 60 57 63 97 69 103
20 0 -1
30 75 39 77 39 64 98 66 100
21 0 -1
31 83 23 83 25 65 99 67 101
22 0 -1
33 93 21 93 21 67 101 73 107
23 0 -1
35 14 35 14 36 69 103 70 104
24 0 -1
36 90 38 91 39 70 104 72 106
25 0 -1
39 6 13 6 13 73 107 74 108
26 0 -1
40 95 14 95 15 74 108 75 109
27 0 -1
41 2 11 3 11 75 109 77 111
28 0 -1
42 7 0 8 0 76 110 77 111
29 0 -1
43 32 21 33 21 77 111 78 112
30 0 -1
45 75 65 77 65 79 113 81 115
31 0 -1
49 92 69 95 69 83 117 86 120
32 0 -1
52 54 72 61 72 86 120 93 127
33 0 -1
53 64 87 65 91 87 121 92 126
34 0 -1
54 49 43 50 43 88 122 89 123
35 0 -1
56 42 5 58 6 90 124 107 141
36 0 -1
57 85 60 87 60 91 125 93 127
37 0 -1
59 44 95 45 95 93 127 94 128
38 0 -1
61 47 29 48 30 95 129 97 131
39 0 -1
62 79 89 83 89 96 130 104 138
40 0 -1
64 69 92 87 93 98 132 117 151
41 0 -1
69 81 72 82 72 103 137 105 139
42 0 -1
71 56 70 57 70 105 139 113 147
43 0 -1
73 47 31 47 35 107 141 112 146
44 0 -1
76 73 39 74 40 110 144 113 147
45 0 -1
78 11 54 11 54 112 146 114 148
46 0 -1
80 5 60 6 61 114 148 117 151
47 0 -1
81 15 84 15 86 115 149 117 151
48 0 -1
82 72 28 73 31 116 150 122 156
49 0 -1
83 1 93 1 98 117 151 122 156
50 0 -1
84 4 1 4 2 118 152 119 153
51 0 -1
86 64 22 72 24 120 154 130 164
52 0 -1
87 65 95 65 95 121 155 122 156
53 0 -1
90 98 9 99 9 124 158 125 159
54 0 -1
91 20 49 24 49 125 159 129 163
55 0 -1
92 72 45 72 46 126 160 127 161
56 0 -1
93 80 70 82 71 127 161 130 164
57 0 -1
94 1 5 1 7 128 162 134 168
58 0 -1
96 51 80 51 80 130 164 132 166
59 0 -1
103 53 82 55 82 137 171 140 174
60 0 -1
105 92 42 94 42 139 173 141 175
61 0 -1
106 49 3 57 3 140 174 150 184
62 0 -1
107 2 22 3 23 141 175 144 178
63 0 -1
108 59 4 64 6 142 176 150 184
64 0 -1
110 55 84 60 84 144 178 152 186
65 0 -1
111 10 37 11 37 145 179 146 180
66 0 -1
114 27 10 30 11 148 182 154 188
67 0 -1
115 57 25 58 28 149 183 154 188
68 0 -1
116 90 69 99 69 150 184 162 196
69 0 -1
119 3 23 5 23 153 187 156 190
70 0 -1
120 64 4 65 4 154 188 155 189
71 0 -1
122 35 70 37 71 156 190 160 194
72 0 -1
123 38 41 41 41 157 191 160 194
73 0 -1
124 97 37 99 37 158 192 162 196
74 0 -1
127 42 28 43 28 161 195 162 196
75 0 -1
128 46 42 54 44 162 196 181 215
76 0 -1
130 43 38 44 38 164 198 165 199
77 0 -1
132 12 2 23 2 166 200 181 215
78 0 -1
134 75 42 76 42 168 202 169 203
79 0 -1
135 12 28 19 31 169 203 180 214
80 0 -1
136 58 64 59 65 170 204 172 206
81 0 -1
139 10 41 10 41 173 207 174 208
82 0 -1
140 32 87 36 87 174 208 178 212
83 0 -1
141 34 97 34 99 175 209 180 214
84 0 -1
144 20 77 23 78 178 212 183 217
85 0 -1
145 21 25 22 26 179 213 181 215
86 0 -1
146 24 63 25 63 180 214 181 215
87 0 -1
147 14 14 14 15 181 215 182 216
88 0 -1
148 95 56 96 56 182 216 183 217
89 0 -1
149 61 73 62 73 183 217 185 219
90 0 -1
150 17 63 23 63 184 218 190 224
91 0 -1
153 48 6 48 7 187 221 188 222
92 0 -1
154 99 22 99 26 188 222 192 226
93 0 -1
155 67 6 67 8 189 223 193 227
94 0 -1
156 15 17 19 17 190 224 195 229
95 0 -1
157 18 22 21 22 191 225 196 230
96 0 -1
160 84 54 85 55 194 228 200 234
97 0 -1
162 29 73 30 73 196 230 197 231
98 0 -1
163 76 72 77 72 197 231 198 232
99 0 -1
166 80 92 82 92 200 234 202 236
100 0 -1
167 19 86 23 86 201 235 206 240
101 0 -1
168 16 54 18 54 202 236 204 238
102 0 -1
169 94 24 99 24 203 237 208 242
103 0 -1
170 6 4 10 5 204 238 209 243
104 0 -1
172 26 85 26 86 206 240 211 245
105 0 -1
173 77 50 78 53 207 241 212 246
106 0 -1
174 79 7 80 7 208 242 210 244
107 0 -1
179 33 50 33 51 213 247 214 248
108 0 -1
183 20 35 21 38 217 251 222 256
109 0 -1
184 81 47 81 49 218 252 220 254
110 0 -1
185 78 62 80 62 219 253 221 255
111 0 -1
186 29 74 33 77 220 254 229 263
112 0 -1
187 22 96 23 96 221 255 227 261
113 0 -1
189 25 38 27 40 223 257 228 262
114 0 -1
190 39 20 40 24 224 258 229 263
115 0 -1
193 83 63 84 63 227 261 228 262
116 0 -1
196 88 86 88 88 230 264 232 266
117 0 -1
197 97 94 97 94 231 265 232 266
118 0 -1
198 2 14 12 18 232 266 250 284
119 0 -1
199 89 86 90 86 233 267 234 268
120 0 -1
200 65 55 66 55 234 268 236 270
121 0 -1
201 0 22 1 22 235 269 236 270
122 0 -1
204 88 82 89 82 238 272 239 273
123 0 -1
208 52 87 52 87 242 276 243 277
124 0 -1
209 46 21 47 21 243 277 244 278
125 0 -1
211 5 6 5 8 245 279 248 282
126 0 -1
212 53 91 53 92 246 280 248 282
127 0 -1
213 25 42 30 43 247 281 255 289
128 0 -1
214 46 44 47 45 248 282 253 287
129 0 -1
218 78 16 85 16 252 286 259 293
130 0 -1
219 28 38 29 38 253 287 255 289
131 0 -1
224 34 7 34 10 258 292 261 295
132 0 -1
225 30 28 31 28 259 293 261 295
133 0 -1
229 98 45 94 47 263 297 269 303
134 0 -1
230 46 60 47 60 264 298 265 299
135 0 -1
231 70 79 71 79 265 299 268 302
136 0 -1
236 9 43 11 43 270 304 272 306
137 0 -1
237 23 8 25 8 271 305 273 307
138 0 -1
240 95 13 87 13 274 308 285 319
139 0 -1
242 33 9 34 10 276 310 278 312
140 0 -1
244 93 15 93 15 278 312 283 317
141 0 -1
245 68 79 68 80 279 313 285 319
142 0 -1
246 2 31 5 31 280 314 283 317
143 0 -1
247 19 64 21 65 281 315 284 318
144 0 -1
248 58 26 60 27 282 316 285 319
145 0 -1
250 15 81 16 81 284 318 286 320
146 0 -1
251 85 53 88 53 285 319 288 322
147 0 -1
253 62 3 63 3 287 321 288 322
148 0 -1
255 35 84 36 85 289 323 291 325
149 0 -1
256 50 37 53 37 290 324 294 328
150 0 -1
257 80 79 84 79 291 325 295 329
151 0 -1
258 62 51 63 51 292 326 293 327
152 0 -1
260 50 35 51 36 294 328 296 330
153 0 -1
261 46 89 53 94 295 329 307 341
154 0 -1
266 75 75 76 77 300 334 304 338
155 0 -1
267 77 3 77 6 301 335 304 338
156 0 -1
268 91 16 93 16 302 336 304 338
157 0 -1
269 31 87 31 87 303 337 304 338
158 0 -1
271 8 93 11 93 305 339 311 345
159 0 -1
272 31 76 31 76 306 340 307 341
160 0 -1
274 98 96 95 89 308 342 321 355
161 0 -1
277 6 27 6 28 311 345 313 347
162 0 -1
278 87 0 88 3 312 346 318 352
163 0 -1
279 68 99 71 100 313 347 317 351
164 0 -1
280 5 13 8 13 314 348 317 351
165 0 -1
283 20 69 21 69 317 351 318 352
166 0 -1
285 26 75 26 76 319 353 322 356
167 0 -1
286 7 25 7 25 320 354 323 357
168 0 -1
289 79 74 80 74 323 357 326 360
169 0 -1
293 37 89 38 91 327 361 331 365
170 0 -1
294 10 68 10 71 328 362 332 366
171 0 -1
295 1 28 2 28 329 363 331 365
172 0 -1
296 30 34 33 34 330 364 334 368
173 0 -1
303 37 24 40 26 337 371 346 380
174 0 -1
305 0 15 3 15 339 373 344 378
175 0 -1
306 62 22 63 22 340 374 341 375
176 0 -1
307 22 25 22 27 341 375 343 377
177 0 -1
310 52 86 52 87 344 378 348 382
178 0 -1
311 93 28 95 30 345 379 349 383
179 0 -1
312 30 63 30 67 346 380 355 389
180 0 -1
313 86 89 86 89 347 381 348 382
181 0 -1
315 23 50 23 51 349 383 351 385
182 0 -1
320 67 72 75 73 354 388 370 404
183 0 -1
321 30 34 32 34 355 389 358 392
184 0 -1
323 60 21 69 21 357 391 370 404
185 0 -1
325 57 99 58 96 359 393 367 401
186 0 -1
326 22 21 22 21 360 394 361 395
187 0 -1
327 8 96 8 98 361 395 364 398
188 0 -1
328 46 91 51 91 362 396 367 401
189 0 -1
329 99 87 97 88 363 397 366 400
190 0 -1
330 82 25 85 27 364 398 369 403
191 0 -1
337 65 13 78 13 371 405 384 418
192 0 -1
340 54 39 56 39 374 408 377 411
193 0 -1
342 54 40 55 40 376 410 377 411
194 0 -1
343 38 50 39 50 377 411 380 414
195 0 -1
345 96 41 91 48 379 413 391 425
196 0 -1
349 3 50 3 50 383 417 384 418
197 0 -1
351 69 7 70 7 385 419 386 420
198 0 -1
354 89 59 95 59 388 422 394 428
199 0 -1
356 36 65 36 65 390 424 391 425
200 0 -1
357 66 83 67 85 391 425 395 429
201 0 -1
358 29 2 34 3 392 426 399 433
202 0 -1
359 59 60 59 61 393 427 396 430
203 0 -1
360 73 34 73 34 394 428 396 430
204 0 -1
361 28 11 30 14 395 429 401 435
205 0 -1
363 5 13 5 14 397 431 398 432
206 0 -1
364 52 23 52 24 398 432 399 433
207 0 -1
365 20 96 20 96 399 433 401 435
208 0 -1
367 28 65 30 68 401 435 407 441
209 0 -1
371 53 58 54 58 405 439 406 440
210 0 -1
372 67 66 69 72 406 440 414 448
211 0 -1
373 20 58 22 59 407 441 410 444
212 0 -1
374 50 94 50 94 408 442 409 443
213 0 -1
375 0 94 0 95 409 443 410 444
214 0 -1
377 39 91 40 91 411 445 412 446
215 0 -1
379 27 37 28 37 413 447 414 448
216 0 -1
380 44 2 45 2 414 448 415 449
217 0 -1
381 62 18 62 22 415 449 420 454
218 0 -1
382 86 37 88 37 416 450 418 452
219 0 -1
383 25 76 26 76 417 451 418 452
220 0 -1
388 75 8 75 9 422 456 423 457
221 0 -1
391 86 96 86 97 425 459 427 461
222 0 -1
392 18 11 20 11 426 460 428 462
223 0 -1
394 0 40 3 40 428 462 431 465
224 0 -1
396 67 79 69 80 430 464 435 469
225 0 -1
397 67 56 68 56 431 465 432 466
226 0 -1
400 28 49 30 49 434 468 436 470
227 0 -1
401 26 29 26 31 435 469 437 471
228 0 -1
403 78 76 83 76 437 471 442 476
229 0 -1
404 3 20 4 21 438 472 440 474
230 0 -1
407 30 32 30 32 441 475 442 476
231 0 -1
408 93 3 93 4 442 476 445 479
232 0 -1
411 60 61 60 61 445 479 447 481
233 0 -1
412 22 95 23 95 446 480 447 481
234 0 -1
414 20 82 21 82 448 482 449 483
235 0 -1
418 21 9 21 9 452 486 453 487
236 0 -1
420 68 54 69 54 454 488 455 489
237 0 -1
421 97 67 98 67 455 489 457 491
238 0 -1
423 73 63 74 63 457 491 458 492
239 0 -1
426 87 86 87 89 460 494 465 499
240 0 -1
428 87 64 87 64 462 496 464 498
241 0 -1
433 58 82 60 82 467 501 469 503
242 0 -1
437 54 26 55 26 471 505 472 506
243 0 -1
439 46 33 47 33 473 507 475 509
244 0 -1
441 39 7 39 8 475 509 483 517
245 0 -1
446 84 0 84 1 480 514 484 518
246 0 -1
448 86 32 86 32 482 516 485 519
247 0 -1
450 58 9 63 11 484 518 492 526
248 0 -1
452 20 89 22 90 486 520 489 523
249 0 -1
455 76 27 76 28 489 523 492 526
250 0 -1
460 38 57 41 59 494 528 500 534
251 0 -1
461 64 84 66 84 495 529 497 531
252 0 -1
462 62 38 63 40 496 530 499 533
253 0 -1
464 17 96 19 96 498 532 500 534
254 0 -1
469 89 25 91 25 503 537 505 539
255 0 -1
471 96 96 99 91 505 539 516 550
256 0 -1
475 59 49 60 50 509 543 511 545
257 0 -1
478 30 75 33 75 512 546 516 550
258 0 -1
479 75 83 77 83 513 547 515 549
259 0 -1
480 88 7 96 7 514 548 522 556
260 0 -1
481 97 90 98 90 515 549 521 555
261 0 -1
482 30 6 30 6 516 550 517 551
262 0 -1
484 36 55 40 55 518 552 522 556
263 0 -1
486 21 48 24 48 520 554 523 557
264 0 -1
488 41 59 44 59 522 556 525 559
265 0 -1
489 27 98 27 92 523 557 536 570
266 0 -1
491 87 96 87 96 525 559 527 561
267 0 -1
493 78 69 79 69 527 561 528 562
268 0 -1
496 73 55 73 55 530 564 531 565
269 0 -1
501 75 24 77 24 535 569 537 571
270 0 -1
502 53 12 54 14 536 570 540 574
271 0 -1
505 29 45 29 47 539 573 541 575
272 0 -1
506 31 84 31 86 540 574 545 579
273 0 -1
507 96 6 96 10 541 575 545 579
274 0 -1
509 77 57 78 57 543 577 544 578
275 0 -1
511 73 96 74 96 545 579 547 581
276 0 -1
512 30 93 30 94 546 580 547 581
277 0 -1
515 4 70 6 71 549 583 552 586
278 0 -1
516 78 85 79 85 550 584 563 597
279 0 -1
517 15 99 19 99 551 585 555 589
280 0 -1
518 89 28 91 28 552 586 554 588
281 0 -1
520 5 29 6 29 554 588 555 589
282 0 -1
522 81 85 83 90 556 590 565 599
283 0 -1
523 69 27 70 27 557 591 558 592
284 0 -1
525 80 14 81 15 559 593 561 595
285 0 -1
526 72 82 73 83 560 594 562 596
286 0 -1
528 86 58 90 59 562 596 567 601
287 0 -1
530 36 58 37 59 564 598 568 602
288 0 -1
533 20 46 20 47 567 601 569 603
289 0 -1
535 84 40 84 41 569 603 572 606
290 0 -1
536 43 45 43 45 570 604 572 606
291 0 -1
537 98 28 99 28 571 605 572 606
292 0 -1
538 96 30 99 30 572 606 575 609
293 0 -1
540 11 91 14 91 574 608 578 612
294 0 -1
541 7 8 8 8 575 609 578 612
295 0 -1
542 53 45 56 50 576 610 584 618
296 0 -1
543 1 86 2 87 577 611 579 613
297 0 -1
546 94 6 95 7 580 614 582 616
298 0 -1
547 21 22 22 23 581 615 583 617
299 0 -1
550 54 97 54 97 584 618 585 619
300 0 -1
552 38 78 39 80 586 620 589 623
301 0 -1
553 65 37 66 38 587 621 589 623
302 0 -1
555 49 13 49 13 589 623 594 628
303 0 -1
556 22 32 23 33 590 624 592 626
304 0 -1
558 81 12 82 12 592 626 593 627
305 0 -1
559 60 39 61 41 593 627 598 632
306 0 -1
560 0 78 0 80 594 628 596 630
307 0 -1
562 39 14 40 14 596 630 597 631
308 0 -1
565 93 44 95 46 599 633 603 637
309 0 -1
566 36 48 40 48 600 634 604 638
310 0 -1
567 61 21 62 21 601 635 602 636
311 0 -1
570 44 61 48 61 604 638 608 642
312 0 -1
572 14 75 15 77 606 640 609 643
313 0 -1
573 38 87 38 88 607 641 610 644
314 0 -1
575 42 8 42 10 609 643 611 645
315 0 -1
577 81 60 81 60 611 645 612 646
316 0 -1
578 13 43 15 43 612 646 614 648
317 0 -1
579 48 9 53 9 613 647 618 652
318 0 -1
580 46 79 47 79 614 648 615 649
319 0 -1
585 6 71 9 71 619 653 622 656
320 0 -1
588 81 91 85 92 622 656 627 661
321 0 -1
589 72 60 73 62 623 657 638 672
322 0 -1
592 22 49 23 49 626 660 627 661
323 0 -1
594 33 53 34 54 628 662 630 664
324 0 -1
595 50 47 52 49 629 663 644 678
325 0 -1
596 74 81 76 82 630 664 634 668
326 0 -1
597 6 29 10 29 631 665 639 673
327 0 -1
599 76 78 76 80 633 667 641 675
328 0 -1
600 62 53 65 53 634 668 637 671
329 0 -1
601 56 43 57 44 635 669 637 671
330 0 -1
603 25 24 25 24 637 671 639 673
331 0 -1
608 94 97 95 98 642 676 645 679
332 0 -1
609 46 57 47 57 643 677 644 678
333 0 -1
610 78 9 79 9 644 678 649 683
334 0 -1
611 93 7 94 9 645 679 649 683
335 0 -1
613 73 63 81 63 647 681 655 689
336 0 -1
614 45 48 48 51 648 682 654 688
337 0 -1
615 47 82 48 82 649 683 650 684
338 0 -1
616 97 25 99 25 650 684 652 686
339 0 -1
619 14 85 19 85 653 687 658 692
340 0 -1
620 53 77 54 77 654 688 656 690
341 0 -1
621 90 7 92 7 655 689 660 694
342 0 -1
622 76 32 79 32 656 690 659 693
343 0 -1
623 1 23 1 24 657 691 659 693
344 0 -1
624 97 53 97 53 658 692 659 693
345 0 -1
625 0 97 0 97 659 693 661 695
346 0 -1
628 85 26 85 26 662 696 663 697
347 0 -1
629 44 94 48 95 663 697 668 702
348 0 -1
630 51 0 52 0 664 698 665 699
349 0 -1
634 8 35 9 35 668 702 669 703
350 0 -1
635 32 56 32 57 669 703 671 705
351 0 -1
636 97 95 99 95 670 704 672 706
352 0 -1
637 61 58 63 58 671 705 673 707
353 0 -1
639 93 38 93 39 673 707 674 708
354 0 -1
640 28 64 30 64 674 708 676 710
355 0 -1
641 13 48 14 48 675 709 677 711
356 0 -1
643 15 47 19 49 677 711 683 717
357 0 -1
645 90 11 90 13 679 713 681 715
358 0 -1
646 65 43 66 44 680 714 682 716
359 0 -1
648 40 66 41 66 682 716 683 717
360 0 -1
649 72 49 73 58 683 717 693 727
361 0 -1
650 0 14 1 14 684 718 685 719
362 0 -1
651 49 9 52 10 685 719 689 723
363 0 -1
652 49 94 59 94 686 720 701 735
364 0 -1
653 36 37 37 37 687 721 688 722
365 0 -1
656 11 8 12 8 690 724 691 725
366 0 -1
662 6 61 6 61 696 730 698 732
367 0 -1
663 10 18 14 21 697 731 705 739
368 0 -1
664 30 9 32 9 698 732 700 734
369 0 -1
665 74 58 75 58 699 733 700 734
370 0 -1
666 48 83 49 84 700 734 702 736
371 0 -1
667 14 64 14 67 701 735 704 738
372 0 -1
669 56 43 56 43 703 737 704 738
373 0 -1
672 8 13 10 15 706 740 710 744
374 0 -1
673 54 29 54 30 707 741 709 743
375 0 -1
674 29 95 32 95 708 742 712 746
376 0 -1
675 29 21 33 21 709 743 714 748
377 0 -1
678 38 14 41 14 712 746 716 750
378 0 -1
679 35 36 37 37 713 747 716 750
379 0 -1
680 91 4 94 5 714 748 720 754
380 0 -1
681 64 33 65 34 715 749 717 751
381 0 -1
682 61 3 61 4 716 750 718 752
382 0 -1
684 20 50 22 50 718 752 720 754
383 0 -1
685 97 78 94 78 719 753 724 758
384 0 -1
687 52 75 55 75 721 755 726 760
385 0 -1
688 75 44 75 45 722 756 724 758
386 0 -1
689 97 6 97 6 723 757 725 759
387 0 -1
690 15 84 16 84 724 758 726 760
388 0 -1
691 0 57 1 57 725 759 727 761
389 0 -1
692 14 3 14 4 726 760 728 762
390 0 -1
694 77 40 78 42 728 762 731 765
391 0 -1
696 65 47 66 47 730 764 732 766
392 0 -1
698 92 36 97 36 732 766 737 771
393 0 -1
700 38 13 39 13 734 768 735 769
394 0 -1
701 81 14 82 14 735 769 736 770
395 0 -1
702 3 38 7 39 736 770 743 777
396 0 -1
703 74 93 74 95 737 771 739 773
397 0 -1
704 23 91 25 91 738 772 740 774
398 0 -1
705 7 3 9 4 739 773 743 777
399 0 -1
706 13 61 15 61 740 774 742 776
400 0 -1
707 53 36 55 38 741 775 745 779
401 0 -1
708 36 99 38 94 742 776 749 783
402 0 -1
710 49 37 49 39 744 778 747 781
403 0 -1
712 82 22 83 22 746 780 747 781
404 0 -1
714 15 85 15 85 748 782 749 783
405 0 -1
716 69 87 69 88 750 784 751 785
406 0 -1
718 67 19 67 21 752 786 760 794
407 0 -1
719 64 19 65 19 753 787 754 788
408 0 -1
720 79 94 79 94 754 788 756 790
409 0 -1
722 47 36 48 37 756 790 758 792
410 0 -1
724 45 65 45 66 758 792 760 794
411 0 -1
725 14 49 19 54 759 793 770 804
412 0 -1
726 94 71 95 73 760 794 764 798
413 0 -1
727 45 82 45 82 761 795 764 798
414 0 -1
728 39 7 44 7 762 796 767 801
415 0 -1
729 82 59 83 59 763 797 764 798
416 0 -1
731 7 37 8 37 765 799 766 800
417 0 -1
733 79 71 80 72 767 801 769 803
418 0 -1
734 65 35 67 35 768 802 770 804
419 0 -1
735 30 30 33 30 769 803 772 806
420 0 -1
736 5 88 5 90 770 804 772 806
421 0 -1
737 43 40 46 40 771 805 774 808
422 0 -1
742 30 8 35 8 776 810 781 815
423 0 -1
744 66 72 66 72 778 812 780 814
424 0 -1
745 52 90 53 92 779 813 784 818
425 0 -1
748 88 84 90 84 782 816 784 818
426 0 -1
750 15 71 16 71 784 818 785 819
427 0 -1
751 29 36 30 36 785 819 786 820
428 0 -1
752 76 61 79 61 786 820 789 823
429 0 -1
753 15 99 16 99 787 821 788 822
430 0 -1
754 95 3 97 6 788 822 794 828
431 0 -1
755 24 21 24 23 789 823 791 825
432 0 -1
757 96 58 98 58 791 825 793 827
433 0 -1
758 70 2 76 2 792 826 800 834
434 0 -1
759 72 98 72 98 793 827 795 829
435 0 -1
760 80 82 81 82 794 828 795 829
436 0 -1
766 28 31 30 31 800 834 802 836
437 0 -1
767 18 75 20 75 801 835 803 837
438 0 -1
768 66 37 66 40 802 836 805 839
439 0 -1
771 78 21 79 21 805 839 806 840
440 0 -1
772 32 1 34 1 806 840 808 842
441 0 -1
773 79 55 79 56 807 841 810 844
442 0 -1
775 1 82 1 83 809 843 814 848
443 0 -1
777 85 82 87 82 811 845 813 847
444 0 -1
778 93 35 95 35 812 846 814 848
445 0 -1
779 45 91 46 91 813 847 816 850
446 0 -1
781 91 23 92 23 815 849 816 850
447 0 -1
782 54 88 54 88 816 850 820 854
448 0 -1
784 70 43 72 43 818 852 820 854
449 0 -1
787 91 4 91 5 821 855 823 857
450 0 -1
788 31 85 32 85 822 856 823 857
451 0 -1
789 31 99 35 99 823 857 827 861
452 0 -1
790 95 99 97 99 824 858 826 860
453 0 -1
791 73 91 75 93 825 859 830 864
454 0 -1
793 15 32 16 33 827 861 830 864
455 0 -1
794 93 0 93 4 828 862 832 866
456 0 -1
795 31 26 31 26 829 863 831 865
457 0 -1
796 58 2 59 5 830 864 834 868
458 0 -1
797 44 98 45 98 831 865 832 866
459 0 -1
798 50 83 53 83 832 866 835 869
460 0 -1
799 84 88 86 88 833 867 835 869
461 0 -1
800 51 53 51 57 834 868 839 873
462 0 -1
802 18 35 18 35 836 870 840 874
463 0 -1
803 37 35 39 35 837 871 839 873
464 0 -1
805 26 30 31 30 839 873 844 878
465 0 -1
806 39 59 41 62 840 874 849 883
466 0 -1
807 14 1 14 1 841 875 843 877
467 0 -1
810 78 12 78 13 844 878 845 879
468 0 -1
813 86 8 86 8 847 881 848 882
469 0 -1
818 91 39 93 39 852 886 854 888
470 0 -1
820 53 87 56 87 854 888 857 891
471 0 -1
824 90 56 92 56 858 892 860 894
472 0 -1
825 7 57 7 59 859 893 862 896
473 0 -1
827 73 39 74 39 861 895 862 896
474 0 -1
828 93 84 98 89 862 896 872 906
475 0 -1
830 75 26 77 26 864 898 867 901
476 0 -1
831 8 24 9 24 865 899 866 900
477 0 -1
833 67 15 69 15 867 901 869 903
478 0 -1
834 48 20 50 20 868 902 870 904
479 0 -1
835 89 21 97 22 869 903 879 913
480 0 -1
839 97 86 99 86 873 907 875 909
481 0 -1
841 4 56 8 56 875 909 879 913
482 0 -1
842 63 90 63 90 876 910 878 912
483 0 -1
844 20 56 25 56 878 912 883 917
484 0 -1
845 57 43 58 43 879 913 881 915
485 0 -1
846 28 44 31 47 880 914 886 920
486 0 -1
847 48 77 49 77 881 915 882 916
487 0 -1
850 33 41 36 41 884 918 887 921
488 0 -1
851 4 64 6 66 885 919 889 923
489 0 -1
854 81 8 82 8 888 922 889 923
490 0 -1
856 91 53 93 54 890 924 893 927
491 0 -1
859 29 76 33 77 893 927 898 932
492 0 -1
860 29 22 30 22 894 928 895 929
493 0 -1
861 49 8 50 9 895 929 897 931
494 0 -1
864 5 98 7 98 898 932 901 935
495 0 -1
867 60 12 61 12 901 935 902 936
496 0 -1
868 87 22 89 22 902 936 904 938
497 0 -1
871 9 67 19 68 905 939 921 955
498 0 -1
873 75 3 76 3 907 941 909 943
499 0 -1
874 46 79 46 79 908 942 913 947
500 0 -1
875 54 76 57 76 909 943 912 946
501 0 -1
877 67 65 70 65 911 945 914 948
502 0 -1
878 23 42 24 43 912 946 914 948
503 0 -1
879 99 66 97 66 913 947 915 949
504 0 -1
880 19 36 20 39 914 948 918 952
505 0 -1
881 0 46 1 51 915 949 921 955
506 0 -1
882 71 87 73 87 916 950 918 952
507 0 -1
885 10 54 10 55 919 953 920 954
508 0 -1
887 92 55 94 55 921 955 924 958
509 0 -1
889 22 13 24 14 923 957 926 960
510 0 -1
891 63 22 63 23 925 959 927 961
511 0 -1
893 79 43 79 44 927 961 929 963
512 0 -1
894 39 25 39 28 928 962 931 965
513 0 -1
895 15 82 18 82 929 963 932 966
514 0 -1
896 55 38 57 38 930 964 932 966
515 0 -1
897 20 55 20 55 931 965 932 966
516 0 -1
898 74 25 74 27 932 966 934 968
517 0 -1
899 14 4 14 5 933 967 935 969
518 0 -1
900 48 92 54 92 934 968 940 974
519 0 -1
901 53 93 55 93 935 969 937 971
520 0 -1
902 44 28 45 28 936 970 937 971
521 0 -1
905 7 68 7 68 939 973 940 974
522 0 -1
910 5 97 6 97 944 978 945 979
523 0 -1
912 24 53 25 57 946 980 956 990
524 0 -1
914 82 55 87 56 948 982 955 989
525 0 -1
917 31 36 31 39 951 985 955 989
526 0 -1
919 89 5 89 6 953 987 955 989
527 0 -1
920 72 23 73 23 954 988 957 991
528 0 -1
921 63 40 64 40 955 989 956 990
529 0 -1
923 33 63 33 64 957 991 958 992
530 0 -1
925 78 90 78 91 959 993 962 996
531 0 -1
926 83 68 86 70 960 994 969 1003
532 0 -1
927 94 70 94 73 961 995 964 998
533 0 -1
928 19 72 23 72 962 996 966 1000
534 0 -1
929 13 5 14 5 963 997 964 998
535 0 -1
931 81 80 82 80 965 999 967 1001
536 0 -1
933 29 60 36 60 967 1001 974 1008
537 0 -1
935 38 68 38 68 969 1003 971 1005
538 0 -1
936 98 89 98 89 970 1004 971 1005
539 0 -1
937 19 36 20 39 971 1005 975 1009
540 0 -1
938 32 9 32 9 972 1006 976 1010
541 0 -1
940 15 71 16 72 974 1008 976 1010
542 0 -1
942 3 95 3 96 976 1010 977 1011
543 0 -1
943 71 80 73 85 977 1011 984 1018
544 0 -1
944 79 88 79 89 978 1012 979 1013
545 0 -1
945 21 94 24 94 979 1013 982 1016
546 0 -1
947 67 46 73 50 981 1015 994 1028
547 0 -1
948 8 30 8 32 982 1016 985 1019
548 0 -1
950 83 52 83 54 984 1018 986 1020
549 0 -1
951 61 58 61 59 985 1019 987 1021
550 0 -1
954 19 23 21 23 988 1022 990 1024
551 0 -1
955 67 75 68 75 989 1023 990 1024
552 0 -1
957 76 41 76 42 991 1025 994 1028
553 0 -1
958 95 5 95 6 992 1026 993 1027
554 0 -1
963 51 40 52 40 997 1031 1000 1034
555 0 -1
964 42 58 42 58 998 1032 1000 1034
556 0 -1
966 18 23 20 23 1000 1034 1002 1036
557 0 -1
969 23 33 24 34 1003 1037 1005 1039
558 0 -1
972 64 21 68 21 1006 1040 1012 1046
559 0 -1
973 83 80 87 80 1007 1041 1011 1045
560 0 -1
974 97 94 90 94 1008 1042 1018 1052
561 0 -1
976 8 53 10 55 1010 1044 1015 1049
562 0 -1
979 8 75 10 76 1013 1047 1017 1051
563 0 -1
981 37 94 37 94 1015 1049 1016 1050
564 0 -1
983 35 84 36 85 1017 1051 1020 1054
565 0 -1
984 86 27 88 29 1018 1052 1024 1058
566 0 -1
987 28 98 32 98 1021 1055 1025 1059
567 0 -1
989 69 40 70 41 1023 1057 1026 1060
568 0 -1
990 65 87 67 89 1024 1058 1028 1062
569 0 -1
992 77 73 80 73 1026 1060 1030 1064
570 0 -1
993 6 74 6 75 1027 1061 1029 1063
571 0 -1
994 6 74 10 74 1028 1062 1032 1066
572 0 -1
996 15 55 15 56 1030 1064 1032 1066
573 0 -1
997 16 32 17 33 1031 1065 1033 1067
574 0 -1
998 37 85 37 86 1032 1066 1033 1067
575 0 -1
999 8 52 9 52 1033 1067 1035 1069
576 0 -1
1001 8 11 40 23 1035 1069 1084 1118
577 0 -1
1004 65 35 67 35 1038 1072 1040 1074
578 0 -1
1008 77 64 78 64 1042 1076 1043 1077
579 0 -1
1010 28 54 30 54 1044 1078 1046 1080
580 0 -1
1012 68 23 68 24 1046 1080 1047 1081
581 0 -1
1015 36 69 37 69 1049 1083 1050 1084
582 0 -1
1016 99 76 99 77 1050 1084 1051 1085
583 0 -1
1017 47 99 50 99 1051 1085 1054 1088
584 0 -1
1018 22 8 32 8 1052 1086 1066 1100
585 0 -1
1019 97 72 92 75 1053 1087 1063 1097
586 0 -1
1020 7 90 7 93 1054 1088 1057 1091
587 0 -1
1021 97 45 97 46 1055 1089 1056 1090
588 0 -1
1022 82 13 84 15 1056 1090 1070 1104
589 0 -1
1025 18 59 18 64 1059 1093 1064 1098
590 0 -1
1027 7 94 8 94 1061 1095 1062 1096
591 0 -1
1028 52 40 53 40 1062 1096 1063 1097
592 0 -1
1031 27 63 33 63 1065 1099 1074 1108
593 0 -1
1032 25 81 26 86 1066 1100 1073 1107
594 0 -1
1033 44 56 44 58 1067 1101 1071 1105
595 0 -1
1035 1 83 3 83 1069 1103 1071 1105
596 0 -1
1036 94 42 94 43 1070 1104 1072 1106
597 0 -1
1037 99 18 98 18 1071 1105 1072 1106
598 0 -1
1039 19 0 19 0 1073 1107 1074 1108
599 0 -1
1040 95 99 95 100 1074 1108 1075 1109
600 0 -1
1042 23 56 33 56 1076 1110 1087 1121
601 0 -1
1044 6 74 10 74 1078 1112 1082 1116
602 0 -1
1045 33 32 35 32 1079 1113 1082 1116
603 0 -1
1051 77 94 77 95 1085 1119 1086 1120
604 0 -1
1053 58 83 58 83 1087 1121 1088 1122
605 0 -1
1056 58 93 59 94 1090 1124 1092 1126
606 0 -1
1057 59 43 59 44 1091 1125 1093 1127
607 0 -1
1059 34 44 37 45 1093 1127 1097 1131
608 0 -1
1060 64 51 69 51 1094 1128 1099 1133
609 0 -1
1063 53 55 55 55 1097 1131 1100 1134
610 0 -1
1065 22 86 23 87 1099 1133 1102 1136
611 0 -1
1066 66 58 68 58 1100 1134 1102 1136
612 0 -1
1067 89 16 90 16 1101 1135 1102 1136
613 0 -1
1070 97 64 86 65 1104 1138 1116 1150
614 0 -1
1071 29 33 34 33 1105 1139 1110 1144
615 0 -1
1073 74 35 82 39 1107 1141 1122 1156
616 0 -1
1074 16 74 17 74 1108 1142 1109 1143
617 0 -1
1075 57 96 60 96 1109 1143 1112 1146
618 0 -1
1078 44 51 48 51 1112 1146 1116 1150
619 0 -1
1082 50 97 51 97 1116 1150 1117 1151
620 0 -1
1083 8 99 8 99 1117 1151 1119 1153
621 0 -1
1084 92 6 97 7 1118 1152 1124 1158
622 0 -1
1085 18 95 20 95 1119 1153 1122 1156
623 0 -1
1086 35 92 35 96 1120 1154 1124 1158
624 0 -1
1090 52 16 52 17 1124 1158 1125 1159
625 0 -1
1091 72 58 72 59 1125 1159 1129 1163
626 0 -1
1092 74 36 74 36 1126 1160 1127 1161
627 0 -1
1095 85 86 85 88 1129 1163 1132 1166
628 0 -1
1097 11 38 14 38 1131 1165 1134 1168
629 0 -1
1098 27 25 31 25 1132 1166 1136 1170
630 0 -1
1099 52 25 54 25 1133 1167 1138 1172
631 0 -1
1100 44 55 47 57 1134 1168 1139 1173
632 0 -1
1102 15 11 15 13 1136 1170 1139 1173
633 0 -1
1103 38 82 40 83 1137 1171 1144 1178
634 0 -1
1104 93 19 94 19 1138 1172 1139 1173
635 0 -1
1105 31 1 31 1 1139 1173 1140 1174
636 0 -1
1107 42 71 52 71 1141 1175 1151 1185
637 0 -1
1109 60 46 63 46 1143 1177 1146 1180
638 0 -1
1111 79 65 79 65 1145 1179 1147 1181
639 0 -1
1113 33 13 34 13 1147 1181 1148 1182
640 0 -1
1114 49 75 50 75 1148 1182 1149 1183
641 0 -1
1115 18 76 19 76 1149 1183 1152 1186
642 0 -1
1116 62 61 73 61 1150 1184 1161 1195
643 0 -1
1118 87 55 89 55 1152 1186 1154 1188
644 0 -1
1120 32 86 34 86 1154 1188 1156 1190
645 0 -1
1121 32 70 32 71 1155 1189 1156 1190
646 0 -1
1122 95 87 96 88 1156 1190 1159 1193
647 0 -1
1124 15 58 15 64 1158 1192 1165 1199
648 0 -1
1125 11 72 13 72 1159 1193 1161 1195
649 0 -1
1126 25 95 32 96 1160 1194 1172 1206
650 0 -1
1129 93 4 94 4 1163 1197 1164 1198
651 0 -1
1130 61 85 61 85 1164 1198 1165 1199
652 0 -1
1132 47 64 49 64 1166 1200 1168 1202
653 0 -1
1133 23 39 25 40 1167 1201 1170 1204
654 0 -1
1137 87 90 91 90 1171 1205 1175 1209
655 0 -1
1138 36 38 36 38 1172 1206 1173 1207
656 0 -1
1139 85 83 86 83 1173 1207 1174 1208
657 0 -1
1141 49 97 50 97 1175 1209 1177 1211
658 0 -1
1142 78 84 80 84 1176 1210 1179 1213
659 0 -1
1144 97 38 98 39 1178 1212 1181 1215
660 0 -1
1147 94 93 98 93 1181 1215 1185 1219
661 0 -1
1150 86 20 87 20 1184 1218 1185 1219
662 0 -1
1151 59 41 61 41 1185 1219 1187 1221
663 0 -1
1154 78 76 79 76 1188 1222 1189 1223
664 0 -1
1156 44 54 46 54 1190 1224 1192 1226
665 0 -1
1157 57 30 61 31 1191 1225 1196 1230
666 0 -1
1158 74 26 74 28 1192 1226 1196 1230
667 0 -1
1159 36 57 36 57 1193 1227 1195 1229
668 0 -1
1164 4 9 4 11 1198 1232 1201 1235
669 0 -1
1166 20 33 22 33 1200 1234 1203 1237
670 0 -1
1169 40 63 40 65 1203 1237 1206 1240
671 0 -1
1170 39 87 40 88 1204 1238 1207 1241
672 0 -1
1171 71 83 75 84 1205 1239 1214 1248
673 0 -1
1172 58 90 59 90 1206 1240 1207 1241
674 0 -1
1174 78 3 83 5 1208 1242 1215 1249
675 0 -1
1175 67 14 68 15 1209 1243 1212 1246
676 0 -1
1176 51 98 52 98 1210 1244 1212 1246
677 0 -1
1177 19 75 19 75 1211 1245 1213 1247
678 0 -1
1179 35 76 35 77 1213 1247 1214 1248
679 0 -1
1186 86 76 87 76 1220 1254 1222 1256
680 0 -1
1187 70 6 70 6 1221 1255 1223 1257
681 0 -1
1188 46 69 46 70 1222 1256 1223 1257
682 0 -1
1190 46 11 47 11 1224 1258 1225 1259
683 0 -1
1191 43 26 43 27 1225 1259 1227 1261
684 0 -1
1194 15 42 17 42 1228 1262 1230 1264
685 0 -1
1195 95 14 95 14 1229 1263 1232 1266
686 0 -1
1197 59 93 60 95 1231 1265 1234 1268
687 0 -1
1198 52 63 55 64 1232 1266 1236 1270
688 0 -1
1201 19 59 23 60 1235 1269 1240 1274
689 0 -1
1202 62 87 62 88 1236 1270 1237 1271
690 0 -1
1203 34 93 35 93 1237 1271 1238 1272
691 0 -1
1205 58 16 59 17 1239 1273 1242 1276
692 0 -1
1207 77 91 78 92 1241 1275 1245 1279
693 0 -1
1208 86 87 88 87 1242 1276 1244 1278
694 0 -1
1209 6 32 7 32 1243 1277 1244 1278
695 0 -1
1211 88 81 92 81 1245 1279 1249 1283
696 0 -1
1214 14 42 16 46 1248 1282 1254 1288
697 0 -1
1217 64 99 66 99 1251 1285 1253 1287
698 0 -1
1218 41 99 41 99 1252 1286 1253 1287
699 0 -1
1219 7 10 9 12 1253 1287 1260 1294
700 0 -1
1220 4 45 5 45 1254 1288 1255 1289
701 0 -1
1222 83 95 86 95 1256 1290 1259 1293
702 0 -1
1223 39 51 41 51 1257 1291 1261 1295
703 0 -1
1226 37 98 40 98 1260 1294 1263 1297
704 0 -1
1227 97 81 98 81 1261 1295 1262 1296
705 0 -1
1229 63 26 63 27 1263 1297 1264 1298
706 0 -1
1230 7 67 8 71 1264 1298 1269 1303
707 0 -1
1231 2 85 3 85 1265 1299 1266 1300
708 0 -1
1233 53 68 53 69 1267 1301 1269 1303
709 0 -1
1235 67 72 70 73 1269 1303 1273 1307
710 0 -1
1236 6 82 8 85 1270 1304 1275 1309
711 0 -1
1237 59 83 60 85 1271 1305 1276 1310
712 0 -1
1238 29 3 31 5 1272 1306 1277 1311
713 0 -1
1240 8 75 8 75 1274 1308 1278 1312
714 0 -1
1241 99 75 98 75 1275 1309 1276 1310
715 0 -1
1242 20 99 28 96 1276 1310 1289 1323
716 0 -1
1243 95 42 97 42 1277 1311 1279 1313
717 0 -1
1244 18 84 22 85 1278 1312 1285 1319
718 0 -1
1246 23 13 29 15 1280 1314 1289 1323
719 0 -1
1250 75 39 76 39 1284 1318 1285 1319
720 0 -1
1254 56 13 62 14 1288 1322 1295 1329
721 0 -1
1255 52 99 52 95 1289 1323 1293 1327
722 0 -1
1258 92 92 92 77 1292 1326 1308 1342
723 0 -1
1259 92 79 92 87 1293 1327 1311 1345
724 0 -1
1260 38 83 39 83 1294 1328 1300 1334
725 0 -1
1261 99 47 94 47 1295 1329 1302 1336
726 0 -1
1263 20 26 22 29 1297 1331 1304 1338
727 0 -1
1264 13 77 17 77 1298 1332 1302 1336
728 0 -1
1265 1 74 2 75 1299 1333 1301 1335
729 0 -1
1266 0 33 1 33 1300 1334 1301 1335
730 0 -1
1268 54 41 54 41 1302 1336 1305 1339
731 0 -1
1276 13 87 14 87 1310 1344 1311 1345
732 0 -1
1277 30 4 32 4 1311 1345 1316 1350
733 0 -1
1281 47 92 49 92 1315 1349 1317 1351
734 0 -1
1284 63 39 64 39 1318 1352 1320 1354
735 0 -1
1287 81 93 83 95 1321 1355 1325 1359
736 0 -1
1290 56 58 60 58 1324 1358 1331 1365
737 0 -1
1291 50 49 52 50 1325 1359 1328 1362
738 0 -1
1292 26 68 41 70 1326 1360 1352 1386
739 0 -1
1297 14 67 15 69 1331 1365 1334 1368
740 0 -1
1298 3 20 4 20 1332 1366 1333 1367
741 0 -1
1299 5 15 7 15 1333 1367 1336 1370
742 0 -1
1300 8 51 9 51 1334 1368 1336 1370
743 0 -1
1307 72 68 72 69 1341 1375 1342 1376
744 0 -1
1309 17 92 17 94 1343 1377 1345 1379
745 0 -1
1312 46 32 46 33 1346 1380 1348 1382
746 0 -1
1313 18 70 18 71 1347 1381 1348 1382
747 0 -1
1314 22 22 24 23 1348 1382 1352 1386
748 0 -1
1315 60 50 61 50 1349 1383 1354 1388
749 0 -1
1316 27 26 28 27 1350 1384 1352 1386
750 0 -1
1317 1 69 2 70 1351 1385 1353 1387
751 0 -1
1318 59 16 59 19 1352 1386 1355 1389
752 0 -1
1319 52 9 52 9 1353 1387 1355 1389
753 0 -1
1320 43 79 43 79 1354 1388 1355 1389
754 0 -1
1321 95 99 95 100 1355 1389 1357 1391
755 0 -1
1323 52 75 54 75 1357 1391 1359 1393
756 0 -1
1324 9 23 12 25 1358 1392 1363 1397
757 0 -1
1325 67 9 67 15 1359 1393 1365 1399
758 0 -1
1326 13 62 14 62 1360 1394 1361 1395
759 0 -1
1327 12 10 18 11 1361 1395 1371 1405
760 0 -1
1329 33 34 33 36 1363 1397 1365 1399
761 0 -1
1332 15 82 16 83 1366 1400 1368 1402
762 0 -1
1333 5 43 6 43 1367 1401 1368 1402
763 0 -1
1335 8 13 11 19 1369 1403 1385 1419
764 0 -1
1336 96 38 96 39 1370 1404 1371 1405
765 0 -1
1338 31 23 34 23 1372 1406 1375 1409
766 0 -1
1340 92 72 93 76 1374 1408 1381 1415
767 0 -1
1342 79 79 79 79 1376 1410 1379 1413
768 0 -1
1344 7 50 9 50 1378 1412 1380 1414
769 0 -1
1345 76 12 77 12 1379 1413 1380 1414
770 0 -1
1347 3 18 3 18 1381 1415 1384 1418
771 0 -1
1348 46 34 48 37 1382 1416 1387 1421
772 0 -1
1349 84 28 87 28 1383 1417 1389 1423
773 0 -1
1354 40 93 43 93 1388 1422 1391 1425
774 0 -1
1355 43 64 48 64 1389 1423 1394 1428
775 0 -1
1359 65 42 67 42 1393 1427 1398 1432
776 0 -1
1362 21 69 22 69 1396 1430 1398 1432
777 0 -1
1365 18 39 19 39 1399 1433 1400 1434
778 0 -1
1368 91 37 93 37 1402 1436 1404 1438
779 0 -1
1369 15 53 35 61 1403 1437 1438 1472
780 0 -1
1370 42 39 43 39 1404 1438 1406 1440
781 0 -1
1372 17 17 22 17 1406 1440 1411 1445
782 0 -1
1374 56 12 58 12 1408 1442 1410 1444
783 0 -1
1375 75 78 76 79 1409 1443 1416 1450
784 0 -1
1376 45 37 45 37 1410 1444 1411 1445
785 0 -1
1377 66 9 67 11 1411 1445 1414 1448
786 0 -1
1378 45 10 45 10 1412 1446 1413 1447
787 0 -1
1379 54 70 58 70 1413 1447 1417 1451
788 0 -1
1381 61 68 64 68 1415 1449 1418 1452
789 0 -1
1382 87 81 89 82 1416 1450 1419 1453
790 0 -1
1383 63 44 64 45 1417 1451 1419 1453
791 0 -1
1385 73 66 79 66 1419 1453 1425 1459
792 0 -1
1386 42 58 45 58 1420 1454 1423 1457
793 0 -1
1387 95 78 95 84 1421 1455 1432 1466
794 0 -1
1388 32 33 34 33 1422 1456 1425 1459
795 0 -1
1389 15 27 17 27 1423 1457 1425 1459
796 0 -1
1390 4 85 5 85 1424 1458 1426 1460
797 0 -1
1391 29 49 30 50 1425 1459 1427 1461
798 0 -1
1393 89 82 90 83 1427 1461 1429 1463
799 0 -1
1395 40 65 40 66 1429 1463 1437 1471
800 0 -1
1396 79 49 79 49 1430 1464 1431 1465
801 0 -1
1400 75 60 75 63 1434 1468 1437 1471
802 0 -1
1401 88 34 89 34 1435 1469 1438 1472
803 0 -1
1402 94 29 99 30 1436 1470 1443 1477
804 0 -1
1403 95 51 95 52 1437 1471 1439 1473
805 0 -1
1406 34 76 35 76 1440 1474 1441 1475
806 0 -1
1411 33 18 34 18 1445 1479 1447 1481
807 0 -1
1412 40 52 41 52 1446 1480 1452 1486
808 0 -1
1413 88 40 88 41 1447 1481 1448 1482
809 0 -1
1414 67 23 67 24 1448 1482 1450 1484
810 0 -1
1415 50 76 51 76 1449 1483 1451 1485
811 0 -1
1417 59 8 60 8 1451 1485 1452 1486
812 0 -1
1418 73 62 73 66 1452 1486 1457 1491
813 0 -1
1419 96 52 92 55 1453 1487 1460 1494
814 0 -1
1420 45 11 49 13 1454 1488 1462 1496
815 0 -1
1423 17 27 18 27 1457 1491 1458 1492
816 0 -1
1426 90 49 91 50 1460 1494 1462 1496
817 0 -1
1428 29 66 32 66 1462 1496 1465 1499
818 0 -1
1429 35 1 37 1 1463 1497 1465 1499
819 0 -1
1430 70 8 70 8 1464 1498 1465 1499
820 0 -1
1431 83 18 83 20 1465 1499 1468 1502
821 0 -1
1432 42 48 43 48 1466 1500 1467 1501
822 0 -1
1434 32 16 33 16 1468 1502 1469 1503
823 0 -1
1435 81 6 85 7 1469 1503 1476 1510
824 0 -1
1436 62 98 62 100 1470 1504 1472 1506
825 0 -1
1438 39 0 42 1 1472 1506 1476 1510
826 0 -1
1439 6 52 6 53 1473 1507 1474 1508
827 0 -1
1440 68 70 68 72 1474 1508 1477 1511
828 0 -1
1441 71 31 72 37 1475 1509 1482 1516
829 0 -1
1442 55 73 56 73 1476 1510 1478 1512
830 0 -1
1443 48 19 52 19 1477 1511 1482 1516
831 0 -1
1444 70 92 72 92 1478 1512 1480 1514
832 0 -1
1446 87 0 90 3 1480 1514 1486 1520
833 0 -1
1447 28 13 29 14 1481 1515 1483 1517
834 0 -1
1448 9 53 9 55 1482 1516 1484 1518
835 0 -1
1452 71 96 71 96 1486 1520 1487 1521
836 0 -1
1454 14 14 15 15 1488 1522 1492 1526
837 0 -1
1455 82 22 83 22 1489 1523 1491 1525
838 0 -1
1456 84 11 85 11 1490 1524 1491 1525
839 0 -1
1457 39 16 41 20 1491 1525 1497 1531
840 0 -1
1458 67 20 73 24 1492 1526 1502 1536
841 0 -1
1461 63 31 66 31 1495 1529 1498 1532
842 0 -1
1462 82 29 85 30 1496 1530 1500 1534
843 0 -1
1463 77 82 77 84 1497 1531 1499 1533
844 0 -1
1465 80 47 80 48 1499 1533 1501 1535
845 0 -1
1466 37 65 38 66 1500 1534 1502 1536
846 0 -1
1468 51 16 52 16 1502 1536 1503 1537
847 0 -1
1469 54 4 58 4 1503 1537 1508 1542
848 0 -1
1470 24 47 24 48 1504 1538 1505 1539
849 0 -1
1472 49 15 52 16 1506 1540 1511 1545
850 0 -1
1473 7 50 8 52 1507 1541 1512 1546
851 0 -1
1474 29 98 31 100 1508 1542 1519 1553
852 0 -1
1475 15 34 16 34 1509 1543 1511 1545
853 0 -1
1478 27 83 32 83 1512 1546 1518 1552
854 0 -1
1479 36 22 38 22 1513 1547 1515 1549
855 0 -1
1481 51 6 51 8 1515 1549 1517 1551
856 0 -1
1483 60 63 65 66 1517 1551 1528 1562
857 0 -1
1486 84 26 85 29 1520 1554 1525 1559
858 0 -1
1487 29 72 31 73 1521 1555 1525 1559
859 0 -1
1493 49 13 51 13 1527 1561 1529 1563
860 0 -1
1495 98 26 98 27 1529 1563 1530 1564
861 0 -1
1496 30 71 33 72 1530 1564 1534 1568
862 0 -1
1497 67 61 70 61 1531 1565 1535 1569
863 0 -1
1499 22 85 23 86 1533 1567 1535 1569
864 0 -1
1500 23 29 24 29 1534 1568 1536 1570
865 0 -1
1501 41 93 48 93 1535 1569 1543 1577
866 0 -1
1502 59 91 61 91 1536 1570 1540 1574
867 0 -1
1504 60 21 65 25 1538 1572 1551 1585
868 0 -1
1505 28 66 31 67 1539 1573 1549 1583
869 0 -1
1506 65 36 67 36 1540 1574 1542 1576
870 0 -1
1507 66 98 68 98 1541 1575 1544 1578
871 0 -1
1508 99 32 94 33 1542 1576 1548 1582
872 0 -1
1509 55 9 56 9 1543 1577 1544 1578
873 0 -1
1511 90 46 91 46 1545 1579 1547 1581
874 0 -1
1513 87 39 90 41 1547 1581 1552 1586
875 0 -1
1515 5 63 6 63 1549 1583 1550 1584
876 0 -1
1516 76 91 79 91 1550 1584 1553 1587
877 0 -1
1517 30 54 33 54 1551 1585 1554 1588
878 0 -1
1518 67 70 67 72 1552 1586 1555 1589
879 0 -1
1519 9 69 11 69 1553 1587 1557 1591
880 0 -1
1521 90 63 90 66 1555 1589 1559 1593
881 0 -1
1522 99 53 97 53 1556 1590 1558 1592
882 0 -1
1523 15 53 16 53 1557 1591 1559 1593
883 0 -1
1527 12 52 13 55 1561 1595 1565 1599
884 0 -1
1528 36 20 37 20 1562 1596 1563 1597
885 0 -1
1533 95 49 96 49 1567 1601 1568 1602
886 0 -1
1534 48 33 56 34 1568 1602 1577 1611
887 0 -1
1535 13 46 16 46 1569 1603 1572 1606
888 0 -1
1536 26 10 28 10 1570 1604 1572 1606
889 0 -1
1538 13 82 13 83 1572 1606 1576 1610
890 0 -1
1540 91 19 91 20 1574 1608 1575 1609
891 0 -1
1543 52 25 55 25 1577 1611 1580 1614
892 0 -1
1544 54 99 54 100 1578 1612 1580 1614
893 0 -1
1545 23 82 23 82 1579 1613 1581 1615
894 0 -1
1547 37 13 37 16 1581 1615 1586 1620
895 0 -1
1550 55 35 57 35 1584 1618 1586 1620
896 0 -1
1551 56 61 56 62 1585 1619 1587 1621
897 0 -1
1552 81 53 86 53 1586 1620 1591 1625
898 0 -1
1554 30 10 30 13 1588 1622 1592 1626
899 0 -1
1555 43 59 43 60 1589 1623 1591 1625
900 0 -1
1556 70 77 72 77 1590 1624 1592 1626
901 0 -1
1559 68 70 70 72 1593 1627 1599 1633
902 0 -1
1560 69 26 71 28 1594 1628 1600 1634
903 0 -1
1562 89 71 90 71 1596 1630 1598 1632
904 0 -1
1563 24 76 28 81 1597 1631 1607 1641
905 0 -1
1564 27 72 29 72 1598 1632 1600 1634
906 0 -1
1566 96 60 97 61 1600 1634 1602 1636
907 0 -1
1567 46 86 48 88 1601 1635 1605 1639
908 0 -1
1573 5 27 12 28 1607 1641 1615 1649
909 0 -1
1575 88 65 89 65 1609 1643 1610 1644
910 0 -1
1576 5 95 6 95 1610 1644 1612 1646
911 0 -1
1577 87 51 88 52 1611 1645 1613 1647
912 0 -1
1579 32 92 33 92 1613 1647 1616 1650
913 0 -1
1580 82 29 83 29 1614 1648 1616 1650
914 0 -1
1582 38 27 39 27 1616 1650 1617 1651
915 0 -1
1584 58 9 59 9 1618 1652 1619 1653
916 0 -1
1587 51 33 51 34 1621 1655 1633 1667
917 0 -1
1588 81 0 83 2 1622 1656 1626 1660
918 0 -1
1589 4 66 6 66 1623 1657 1625 1659
919 0 -1
1590 84 25 84 27 1624 1658 1627 1661
920 0 -1
1591 95 81 96 84 1625 1659 1630 1664
921 0 -1
1593 2 21 5 22 1627 1661 1631 1665
922 0 -1
1594 75 93 77 93 1628 1662 1630 1664
923 0 -1
1596 46 34 47 34 1630 1664 1632 1666
924 0 -1
1598 30 41 31 41 1632 1666 1633 1667
925 0 -1
1599 54 60 57 61 1633 1667 1637 1671
926 0 -1
1600 1 45 2 45 1634 1668 1635 1669
927 0 -1
1603 35 97 35 98 1637 1671 1638 1672
928 0 -1
1606 40 10 40 10 1640 1674 1642 1676
929 0 -1
1608 4 37 5 37 1642 1676 1643 1677
930 0 -1
1609 5 72 7 72 1643 1677 1645 1679
931 0 -1
1610 99 52 98 52 1644 1678 1645 1679
932 0 -1
1611 70 37 72 37 1645 1679 1647 1681
933 0 -1
1613 18 93 19 93 1647 1681 1649 1683
934 0 -1
1615 45 47 46 47 1649 1683 1650 1684
935 0 -1
1618 65 91 67 92 1652 1686 1655 1689
936 0 -1
1620 13 66 13 71 1654 1688 1659 1693
937 0 -1
1621 77 50 80 52 1655 1689 1662 1696
938 0 -1
1623 2 38 2 43 1657 1691 1662 1696
939 0 -1
1624 3 7 4 7 1658 1692 1659 1693
940 0 -1
1625 34 6 35 7 1659 1693 1662 1696
941 0 -1
1626 4 33 5 33 1660 1694 1662 1696
942 0 -1
1627 93 86 94 90 1661 1695 1674 1708
943 0 -1
1629 96 89 96 89 1663 1697 1664 1698
944 0 -1
1631 9 54 10 55 1665 1699 1667 1701
945 0 -1
1633 83 78 91 80 1667 1701 1677 1711
946 0 -1
1634 37 29 37 30 1668 1702 1670 1704
947 0 -1
1637 32 53 33 53 1671 1705 1672 1706
948 0 -1
1638 66 29 66 32 1672 1706 1675 1709
949 0 -1
1640 93 11 98 12 1674 1708 1684 1718
950 0 -1
1641 94 6 97 6 1675 1709 1678 1712
951 0 -1
1642 21 56 22 59 1676 1710 1680 1714
952 0 -1
1645 53 98 53 98 1679 1713 1680 1714
953 0 -1
1648 77 28 77 28 1682 1716 1684 1718
954 0 -1
1649 98 39 98 39 1683 1717 1685 1719
955 0 -1
1650 64 6 64 6 1684 1718 1685 1719
956 0 -1
1656 25 4 28 4 1690 1724 1694 1728
957 0 -1
1657 32 96 33 96 1691 1725 1694 1728
958 0 -1
1659 98 30 94 30 1693 1727 1697 1731
959 0 -1
1660 45 31 47 32 1694 1728 1698 1732
960 0 -1
1661 36 34 40 37 1695 1729 1702 1736
961 0 -1
1662 58 49 65 49 1696 1730 1703 1737
962 0 -1
1663 20 8 20 8 1697 1731 1704 1738
963 0 -1
1664 97 44 98 44 1698 1732 1700 1734
964 0 -1
1665 72 71 73 71 1699 1733 1700 1734
965 0 -1
1668 50 93 51 95 1702 1736 1705 1739
966 0 -1
1671 48 40 48 46 1705 1739 1713 1747
967 0 -1
1672 11 54 12 56 1706 1740 1710 1744
968 0 -1
1673 92 63 97 63 1707 1741 1712 1746
969 0 -1
1675 85 4 86 4 1709 1743 1710 1744
970 0 -1
1676 15 44 16 45 1710 1744 1713 1747
971 0 -1
1678 79 80 82 80 1712 1746 1715 1749
972 0 -1
1679 40 45 40 46 1713 1747 1720 1754
973 0 -1
1680 9 13 13 13 1714 1748 1718 1752
974 0 -1
1683 72 86 78 87 1717 1751 1724 1758
975 0 -1
1685 96 76 96 79 1719 1753 1722 1756
976 0 -1
1686 43 72 50 75 1720 1754 1730 1764
977 0 -1
1687 26 63 28 65 1721 1755 1725 1759
978 0 -1
1688 19 18 23 18 1722 1756 1728 1762
979 0 -1
1690 84 75 86 77 1724 1758 1728 1762
980 0 -1
1691 76 78 76 78 1725 1759 1727 1761
981 0 -1
1692 85 92 85 95 1726 1760 1729 1763
982 0 -1
1694 13 64 14 64 1728 1762 1729 1763
983 0 -1
1695 53 5 54 7 1729 1763 1733 1767
984 0 -1
1696 74 37 77 37 1730 1764 1733 1767
985 0 -1
1697 38 30 40 30 1731 1765 1733 1767
986 0 -1
1698 96 71 98 71 1732 1766 1734 1768
987 0 -1
1700 43 50 43 50 1734 1768 1736 1770
988 0 -1
1702 27 64 31 71 1736 1770 1750 1784
989 0 -1
1703 63 64 63 64 1737 1771 1738 1772
990 0 -1
1704 58 96 59 96 1738 1772 1741 1775
991 0 -1
1709 77 42 78 44 1743 1777 1746 1780
992 0 -1
1712 83 2 83 4 1746 1780 1749 1783
993 0 -1
1714 38 65 38 66 1748 1782 1752 1786
994 0 -1
1717 9 20 10 22 1751 1785 1755 1789
995 0 -1
1718 1 46 3 46 1752 1786 1754 1788
996 0 -1
1720 44 52 50 52 1754 1788 1760 1794
997 0 -1
1722 25 2 25 3 1756 1790 1757 1791
998 0 -1
1723 10 84 11 84 1757 1791 1759 1793
999 0 -1
1725 32 56 32 57 1759 1793 1761 1795
1000 0 -1
1726 61 71 62 72 1760 1794 1763 1797
