100 100 2591
16
0 86 84
1 34 88
2 3 26
3 86 62
4 87 48
5 82 47
6 12 0
7 20 53
8 43 54
9 63 22
10 22 23
11 99 59
12 12 86
13 88 97
14 30 25
15 68 17
32
0 0 128 100 6
0
1 0 250 100 6
0
2 1 120 100 6
0
3 1 247 100 6
0
4 2 114 100 6
0
5 2 247 100 6
0
6 3 122 100 6
0
7 3 259 100 6
0
8 4 130 100 6
0
9 4 256 100 6
0
10 5 132 100 6
0
11 5 268 100 6
0
12 6 111 100 6
0
13 6 243 100 6
0
14 7 144 100 6
0
15 7 274 100 6
0
16 8 118 100 6
0
17 8 239 100 6
0
18 9 128 100 6
0
19 9 257 100 6
0
20 10 130 100 6
0
21 10 249 100 6
0
22 11 124 100 6
0
23 11 272 100 6
0
24 12 137 100 6
0
25 12 262 100 6
0
26 13 132 100 6
0
27 13 264 100 6
0
28 14 120 100 6
0
29 14 242 100 6
0
30 15 120 100 6
0
31 15 247 100 6
0
1000
1 13 -1
2 78 12 81 12 433 864 436 867
2 8 -1
5 51 92 56 92 436 867 441 872
3 4 -1
7 16 49 19 50 438 869 442 873
4 11 -1
8 97 63 98 68 439 870 448 879
5 7 -1
9 23 79 29 79 440 871 446 877
6 2 -1
10 5 36 9 36 441 872 445 876
7 6 -1
11 43 3 46 3 442 873 448 879
8 15 -1
12 28 8 30 8 443 874 445 876
9 15 -1
13 8 40 10 40 444 875 446 877
10 3 -1
14 40 95 42 96 445 876 448 879
11 13 -1
15 23 95 27 97 446 877 452 883
12 7 -1
17 21 71 24 72 448 879 452 883
13 12 -1
18 10 64 13 64 449 880 455 886
14 3 -1
19 77 25 77 26 450 881 451 882
15 3 -1
20 38 73 40 73 451 882 453 884
16 14 -1
21 36 60 38 60 452 883 454 885
17 4 -1
22 30 15 31 15 453 884 457 888
18 8 -1
24 81 81 81 82 455 886 457 888
19 0 -1
29 80 43 84 45 460 891 466 897
20 14 -1
30 93 74 93 75 461 892 463 894
21 11 -1
31 66 23 68 23 462 893 464 895
22 8 -1
33 45 27 46 29 464 895 470 901
23 6 -1
35 72 62 73 62 466 897 467 898
24 4 -1
36 32 58 34 58 467 898 469 900
25 15 -1
39 81 71 82 71 470 901 471 902
26 8 -1
40 80 33 80 34 471 902 472 903
27 9 -1
41 30 18 32 18 472 903 474 905
28 10 -1
42 26 43 26 43 473 904 474 905
29 12 -1
43 90 29 91 29 474 905 475 906
30 5 -1
45 92 41 94 41 476 907 478 909
31 7 -1
49 72 44 72 47 480 911 483 914
32 13 -1
52 55 49 62 49 483 914 490 921
33 4 -1
53 1 74 4 74 484 915 489 920
34 6 -1
54 39 35 39 35 485 916 486 917
35 9 -1
56 31 49 32 54 487 918 504 935
36 9 -1
57 96 21 98 21 488 919 490 921
37 13 -1
59 30 99 31 99 490 921 491 922
38 6 -1
61 48 12 50 12 492 923 494 925
39 5 -1
62 42 24 47 27 493 924 501 932
40 9 -1
64 3 70 7 79 495 926 514 945
41 10 -1
69 98 99 98 97 500 931 502 933
42 2 -1
71 26 30 26 34 502 933 510 941
43 12 -1
73 6 23 8 25 504 935 509 940
44 9 -1
76 70 57 73 57 507 938 510 941
45 6 -1
78 91 40 92 41 509 940 511 942
46 11 -1
80 67 82 67 83 511 942 514 945
47 3 -1
81 63 22 64 22 512 943 514 945
48 6 -1
82 69 93 69 95 513 944 519 950
49 15 -1
83 60 33 64 34 514 945 519 950
50 6 -1
84 30 44 31 44 515 946 516 947
51 9 -1
86 83 92 85 98 517 948 527 958
52 15 -1
87 32 18 32 18 518 949 519 950
53 5 -1
90 14 59 14 60 521 952 522 953
54 12 -1
91 16 27 20 27 522 953 526 957
55 6 -1
92 30 61 31 61 523 954 524 955
56 0 -1
93 22 81 24 81 524 955 527 958
57 7 -1
94 12 47 17 48 525 956 531 962
58 5 -1
96 47 42 49 42 527 958 529 960
59 13 -1
103 24 80 26 80 534 965 537 968
60 0 -1
105 16 19 18 19 536 967 538 969
61 7 -1
106 65 47 75 47 537 968 547 978
62 9 -1
107 30 32 30 35 538 969 541 972
63 9 -1
108 20 2 27 3 539 970 547 978
64 4 -1
110 25 13 28 18 541 972 549 980
65 12 -1
111 99 35 98 35 542 973 543 974
66 14 -1
114 62 11 68 11 545 976 551 982
67 14 -1
115 16 11 21 11 546 977 551 982
68 9 -1
116 69 65 81 65 547 978 559 990
69 12 -1
119 7 68 7 69 550 981 553 984
70 10 -1
120 27 38 27 38 551 982 552 983
71 10 -1
122 18 79 22 79 553 984 557 988
72 14 -1
123 19 0 19 3 554 985 557 988
73 14 -1
124 80 76 83 77 555 986 559 990
74 10 -1
127 48 65 49 65 558 989 559 990
75 2 -1
128 59 88 76 89 559 990 578 1009
76 8 -1
130 62 72 62 73 561 992 562 993
77 12 -1
132 36 45 45 49 563 994 578 1009
78 9 -1
134 25 98 25 98 565 996 566 997
79 1 -1
135 92 64 99 64 566 997 577 1008
80 9 -1
136 5 30 7 30 567 998 569 1000
81 14 -1
139 23 68 23 69 570 1001 571 1002
82 5 -1
140 59 81 63 81 571 1002 575 1006
83 4 -1
141 27 6 28 6 572 1003 577 1008
84 13 -1
144 15 19 16 20 575 1006 580 1011
85 3 -1
145 12 88 12 88 576 1007 578 1009
86 10 -1
146 20 59 21 59 577 1008 578 1009
87 1 -1
147 16 3 16 4 578 1009 579 1010
88 2 -1
148 21 45 22 45 579 1010 580 1011
89 3 -1
149 65 51 67 51 580 1011 582 1013
90 10 -1
150 10 39 13 41 581 1012 587 1018
91 1 -1
153 11 30 11 30 584 1015 585 1016
92 14 -1
154 70 78 72 78 585 1016 589 1020
93 12 -1
155 13 21 13 21 586 1017 590 1021
94 0 -1
156 25 46 30 46 587 1018 592 1023
95 12 -1
157 29 81 31 83 588 1019 593 1024
96 7 -1
160 39 41 44 41 591 1022 597 1028
97 2 -1
162 97 60 98 60 593 1024 594 1025
98 11 -1
163 22 29 23 29 594 1025 595 1026
99 4 -1
166 38 98 40 98 597 1028 599 1030
100 7 -1
167 85 50 88 50 598 1029 603 1034
101 14 -1
168 60 97 60 97 599 1030 601 1032
102 9 -1
169 52 27 56 27 600 1031 605 1036
103 13 -1
170 89 3 91 3 601 1032 606 1037
104 3 -1
172 86 25 89 27 603 1034 608 1039
105 9 -1
173 95 92 98 92 604 1035 609 1040
106 2 -1
174 73 5 74 5 605 1036 607 1038
107 10 -1
179 96 74 96 74 610 1041 611 1042
108 6 -1
183 67 87 68 91 614 1045 619 1050
109 0 -1
184 16 67 16 67 615 1046 617 1048
110 3 -1
185 67 18 67 19 616 1047 618 1049
111 14 -1
186 53 35 53 36 617 1048 626 1057
112 5 -1
187 0 17 4 17 618 1049 624 1055
113 9 -1
189 24 62 25 62 620 1051 625 1056
114 11 -1
190 64 12 67 12 621 1052 626 1057
115 7 -1
193 65 14 66 14 624 1055 625 1056
116 6 -1
196 35 13 37 13 627 1058 629 1060
117 12 -1
197 65 39 66 39 628 1059 629 1060
118 9 -1
198 93 70 96 79 629 1060 647 1078
119 14 -1
199 37 30 38 30 630 1061 631 1062
120 5 -1
200 33 30 35 30 631 1062 633 1064
121 0 -1
201 49 32 49 33 632 1063 633 1064
122 9 -1
204 41 61 42 61 635 1066 636 1067
123 8 -1
208 93 86 94 86 639 1070 640 1071
124 3 -1
209 73 30 74 30 640 1071 641 1072
125 14 -1
211 28 18 31 18 642 1073 645 1076
126 11 -1
212 63 5 63 6 643 1074 645 1076
127 13 -1
213 46 38 48 42 644 1075 652 1083
128 4 -1
214 13 34 15 37 645 1076 650 1081
129 14 -1
218 52 75 55 75 649 1080 656 1087
130 12 -1
219 60 28 60 29 650 1081 652 1083
131 6 -1
224 57 3 58 5 655 1086 658 1089
132 1 -1
225 74 34 74 34 656 1087 658 1089
133 3 -1
229 53 31 57 31 660 1091 666 1097
134 3 -1
230 68 92 69 92 661 1092 662 1093
135 11 -1
231 94 75 96 75 662 1093 665 1096
136 10 -1
236 73 28 74 28 667 1098 669 1100
137 13 -1
237 96 6 98 6 668 1099 670 1101
138 13 -1
240 12 16 22 17 671 1102 682 1113
139 1 -1
242 38 30 38 30 673 1104 675 1106
140 4 -1
244 88 11 92 11 675 1106 680 1111
141 13 -1
245 51 23 54 26 676 1107 682 1113
142 14 -1
246 23 71 26 71 677 1108 680 1111
143 6 -1
247 19 7 20 8 678 1109 681 1112
144 12 -1
248 39 64 41 65 679 1110 682 1113
145 11 -1
250 7 42 8 42 681 1112 683 1114
146 3 -1
251 23 48 25 48 682 1113 685 1116
147 6 -1
253 4 93 5 93 684 1115 685 1116
148 10 -1
255 38 83 39 84 686 1117 688 1119
149 14 -1
256 67 74 69 75 687 1118 691 1122
150 4 -1
257 86 4 88 6 688 1119 692 1123
151 1 -1
258 87 83 87 84 689 1120 690 1121
152 7 -1
260 29 32 30 33 691 1122 693 1124
153 5 -1
261 43 14 50 17 692 1123 704 1135
154 6 -1
266 3 6 7 6 697 1128 701 1132
155 4 -1
267 76 36 79 36 698 1129 701 1132
156 10 -1
268 47 1 49 1 699 1130 701 1132
157 14 -1
269 80 15 80 15 700 1131 701 1132
158 11 -1
271 48 65 49 66 702 1133 708 1139
159 4 -1
272 57 45 58 45 703 1134 704 1135
160 0 -1
274 25 88 29 91 705 1136 718 1149
161 4 -1
277 69 54 70 54 708 1139 710 1141
162 15 -1
278 90 70 94 70 709 1140 715 1146
163 2 -1
279 79 72 81 72 710 1141 714 1145
164 14 -1
280 65 40 65 41 711 1142 714 1145
165 11 -1
283 74 61 74 61 714 1145 715 1146
166 13 -1
285 18 15 18 16 716 1147 719 1150
167 0 -1
286 50 26 53 26 717 1148 720 1151
168 7 -1
289 50 11 51 11 720 1151 723 1154
169 8 -1
293 35 29 39 29 724 1155 728 1159
170 9 -1
294 24 31 24 34 725 1156 729 1160
171 10 -1
295 51 15 51 16 726 1157 728 1159
172 2 -1
296 32 29 36 29 727 1158 731 1162
173 9 -1
303 86 82 89 83 734 1165 743 1174
174 6 -1
305 32 67 37 67 736 1167 741 1172
175 5 -1
306 3 13 3 14 737 1168 738 1169
176 0 -1
307 77 85 78 86 738 1169 740 1171
177 11 -1
310 8 90 8 94 741 1172 745 1176
178 9 -1
311 3 94 7 94 742 1173 746 1177
179 3 -1
312 10 35 12 40 743 1174 752 1183
180 2 -1
313 24 96 24 96 744 1175 745 1176
181 3 -1
315 79 74 79 74 746 1177 748 1179
182 2 -1
320 61 89 76 90 751 1182 767 1198
183 12 -1
321 58 14 60 15 752 1183 755 1186
184 13 -1
323 0 35 3 45 754 1185 767 1198
185 15 -1
325 11 70 13 76 756 1187 764 1195
186 15 -1
326 15 45 16 45 757 1188 758 1189
187 8 -1
327 37 37 37 39 758 1189 761 1192
188 13 -1
328 46 27 48 30 759 1190 764 1195
189 9 -1
329 5 47 7 47 760 1191 763 1194
190 9 -1
330 72 1 73 3 761 1192 766 1197
191 11 -1
337 32 88 33 100 768 1199 781 1212
192 14 -1
340 3 93 6 93 771 1202 774 1205
193 9 -1
342 70 95 70 96 773 1204 774 1205
194 8 -1
343 60 92 60 93 774 1205 777 1208
195 8 -1
345 28 1 35 1 776 1207 788 1219
196 8 -1
349 84 94 84 94 780 1211 781 1212
197 6 -1
351 31 80 32 80 782 1213 783 1214
198 3 -1
354 90 48 93 51 785 1216 791 1222
199 7 -1
356 97 14 98 14 787 1218 788 1219
200 13 -1
357 75 29 79 29 788 1219 792 1223
201 7 -1
358 0 37 2 41 789 1220 796 1227
202 4 -1
359 69 46 69 49 790 1221 793 1224
203 5 -1
360 43 44 45 44 791 1222 793 1224
204 14 -1
361 56 80 60 81 792 1223 798 1229
205 11 -1
363 97 21 97 21 794 1225 795 1226
206 10 -1
364 31 51 31 52 795 1226 796 1227
207 9 -1
365 61 17 62 17 796 1227 798 1229
208 15 -1
367 55 59 55 60 798 1229 804 1235
209 4 -1
371 90 23 91 23 802 1233 803 1234
210 1 -1
372 35 5 37 6 803 1234 811 1242
211 10 -1
373 19 96 19 97 804 1235 807 1238
212 10 -1
374 25 20 25 20 805 1236 806 1237
213 10 -1
375 89 1 90 1 806 1237 807 1238
214 4 -1
377 53 99 54 99 808 1239 809 1240
215 13 -1
379 74 60 74 61 810 1241 811 1242
216 15 -1
380 2 22 3 22 811 1242 812 1243
217 14 -1
381 18 30 22 30 812 1243 817 1248
218 7 -1
382 84 38 84 39 813 1244 815 1246
219 6 -1
383 27 66 27 66 814 1245 815 1246
220 14 -1
388 27 55 28 55 819 1250 820 1251
221 2 -1
391 53 93 55 93 822 1253 824 1255
222 1 -1
392 52 79 54 79 823 1254 825 1256
223 3 -1
394 87 41 87 43 825 1256 828 1259
224 5 -1
396 63 27 66 27 827 1258 832 1263
225 6 -1
397 82 2 82 2 828 1259 829 1260
226 0 -1
400 43 45 44 46 831 1262 833 1264
227 3 -1
401 59 48 59 50 832 1263 834 1265
228 10 -1
403 13 13 16 15 834 1265 839 1270
229 2 -1
404 94 66 95 66 835 1266 837 1268
230 0 -1
407 58 64 59 64 838 1269 839 1270
231 12 -1
408 25 14 26 14 839 1270 842 1273
232 1 -1
411 2 28 2 30 842 1273 844 1275
233 15 -1
412 43 80 43 81 843 1274 844 1275
234 10 -1
414 6 15 7 15 845 1276 846 1277
235 6 -1
418 92 92 92 93 849 1280 850 1281
236 13 -1
420 42 94 42 95 851 1282 852 1283
237 2 -1
421 84 61 85 61 852 1283 854 1285
238 9 -1
423 65 89 66 89 854 1285 855 1286
239 7 -1
426 16 19 20 19 857 1288 862 1293
240 14 -1
428 19 89 20 89 859 1290 861 1292
241 1 -1
433 44 25 46 25 864 1295 866 1297
242 3 -1
437 64 68 65 68 868 1299 869 1300
243 0 -1
439 76 86 78 86 870 1301 872 1303
244 14 -1
441 61 3 64 7 872 1303 880 1311
245 12 -1
446 16 24 20 24 877 1308 881 1312
246 8 -1
448 3 37 6 37 879 1310 882 1313
247 1 -1
450 55 80 59 84 881 1312 889 1320
248 12 -1
452 7 80 10 80 883 1314 886 1317
249 4 -1
455 46 16 46 17 886 1317 889 1320
250 1 -1
460 84 94 89 95 891 1322 897 1328
251 7 -1
461 5 77 5 79 892 1323 894 1325
252 14 -1
462 4 10 5 11 893 1324 896 1327
253 10 -1
464 70 51 70 51 895 1326 897 1328
254 3 -1
469 86 41 88 41 900 1331 902 1333
255 2 -1
471 82 23 93 23 902 1333 913 1344
256 5 -1
475 57 18 59 18 906 1337 908 1339
257 7 -1
478 19 92 22 92 909 1340 913 1344
258 6 -1
479 77 25 79 25 910 1341 912 1343
259 4 -1
480 52 7 52 12 911 1342 919 1350
260 7 -1
481 88 73 93 74 912 1343 918 1349
261 10 -1
482 46 93 46 94 913 1344 914 1345
262 6 -1
484 35 64 36 64 915 1346 919 1350
263 10 -1
486 73 44 74 45 917 1348 920 1351
264 2 -1
488 49 44 49 45 919 1350 922 1353
265 6 -1
489 4 75 16 75 920 1351 933 1364
266 6 -1
491 78 97 80 97 922 1353 924 1355
267 11 -1
493 83 28 84 28 924 1355 925 1356
268 4 -1
496 9 48 9 48 927 1358 928 1359
269 9 -1
501 34 11 35 11 932 1363 934 1365
270 12 -1
502 60 6 61 6 933 1364 937 1368
271 9 -1
505 17 88 17 89 936 1367 938 1369
272 7 -1
506 51 10 52 12 937 1368 942 1373
273 10 -1
507 36 14 38 15 938 1369 942 1373
274 13 -1
509 60 13 60 13 940 1371 941 1372
275 5 -1
511 85 2 85 3 942 1373 944 1375
276 14 -1
512 59 58 60 58 943 1374 944 1375
277 0 -1
515 68 14 69 14 946 1377 949 1380
278 0 -1
516 12 8 23 10 947 1378 960 1391
279 1 -1
517 6 77 6 78 948 1379 952 1383
280 6 -1
518 60 90 62 90 949 1380 951 1382
281 12 -1
520 95 70 96 70 951 1382 952 1383
282 4 -1
522 47 53 47 56 953 1384 962 1393
283 1 -1
523 17 69 18 69 954 1385 955 1386
284 8 -1
525 17 87 17 89 956 1387 958 1389
285 12 -1
526 16 57 17 57 957 1388 959 1390
286 3 -1
528 49 57 50 58 959 1390 964 1395
287 4 -1
530 36 46 40 46 961 1392 965 1396
288 10 -1
533 54 5 56 5 964 1395 966 1397
289 10 -1
535 74 28 75 29 966 1397 969 1400
290 15 -1
536 30 22 30 23 967 1398 969 1400
291 3 -1
537 63 17 63 17 968 1399 969 1400
292 6 -1
538 52 44 55 44 969 1400 972 1403
293 4 -1
540 73 42 77 42 971 1402 975 1406
294 8 -1
541 23 74 24 75 972 1403 975 1406
295 13 -1
542 50 61 55 61 973 1404 981 1412
296 12 -1
543 13 92 14 93 974 1405 976 1407
297 6 -1
546 33 88 33 88 977 1408 979 1410
298 7 -1
547 0 99 2 99 978 1409 980 1411
299 6 -1
550 63 80 64 80 981 1412 982 1413
300 1 -1
552 80 88 82 89 983 1414 986 1417
301 12 -1
553 25 70 27 70 984 1415 986 1417
302 3 -1
555 45 88 48 89 986 1417 991 1422
303 7 -1
556 3 17 4 18 987 1418 989 1420
304 5 -1
558 22 8 23 8 989 1420 990 1421
305 0 -1
559 97 25 93 25 990 1421 995 1426
306 7 -1
560 33 45 34 45 991 1422 993 1424
307 9 -1
562 53 95 54 95 993 1424 994 1425
308 1 -1
565 20 26 21 29 996 1427 1000 1431
309 8 -1
566 42 93 45 94 997 1428 1001 1432
310 0 -1
567 64 29 65 29 998 1429 999 1430
311 9 -1
570 50 26 54 26 1001 1432 1005 1436
312 2 -1
572 26 48 28 49 1003 1434 1006 1437
313 0 -1
573 0 15 3 15 1004 1435 1007 1438
314 9 -1
575 0 24 1 24 1006 1437 1008 1439
315 2 -1
577 63 55 64 55 1008 1439 1009 1440
316 7 -1
578 18 2 20 2 1009 1440 1011 1442
317 11 -1
579 89 6 93 6 1010 1441 1015 1446
318 12 -1
580 41 8 41 9 1011 1442 1012 1443
319 12 -1
585 84 42 85 42 1016 1447 1019 1450
320 5 -1
588 24 21 26 22 1019 1450 1024 1455
321 7 -1
589 20 79 25 79 1020 1451 1035 1466
322 13 -1
592 83 19 84 19 1023 1454 1024 1455
323 3 -1
594 85 28 85 30 1025 1456 1027 1458
324 7 -1
595 96 72 89 72 1026 1457 1041 1472
325 7 -1
596 17 48 21 48 1027 1458 1031 1462
326 3 -1
597 9 92 13 93 1028 1459 1036 1467
327 11 -1
599 11 85 17 85 1030 1461 1038 1469
328 0 -1
600 86 97 89 97 1031 1462 1034 1465
329 12 -1
601 58 89 59 89 1032 1463 1034 1465
330 11 -1
603 11 76 12 77 1034 1465 1036 1467
331 14 -1
608 58 79 59 80 1039 1470 1042 1473
332 5 -1
609 42 16 42 16 1040 1471 1041 1472
333 12 -1
610 46 25 47 25 1041 1472 1046 1477
334 10 -1
611 55 74 57 76 1042 1473 1046 1477
335 15 -1
613 48 86 49 90 1044 1475 1052 1483
336 6 -1
614 50 73 53 74 1045 1476 1051 1482
337 7 -1
615 1 48 2 48 1046 1477 1047 1478
338 12 -1
616 58 69 58 70 1047 1478 1049 1480
339 2 -1
619 31 76 33 78 1050 1481 1055 1486
340 1 -1
620 38 5 39 6 1051 1482 1053 1484
341 8 -1
621 92 74 92 75 1052 1483 1057 1488
342 7 -1
622 74 66 75 66 1053 1484 1056 1487
343 3 -1
623 13 1 15 1 1054 1485 1056 1487
344 14 -1
624 2 52 3 52 1055 1486 1056 1487
345 2 -1
625 40 69 42 69 1056 1487 1058 1489
346 13 -1
628 33 34 33 35 1059 1490 1060 1491
347 0 -1
629 50 10 50 10 1060 1491 1065 1496
348 12 -1
630 51 31 51 31 1061 1492 1062 1493
349 10 -1
634 11 48 11 49 1065 1496 1066 1497
350 1 -1
635 99 48 97 48 1066 1497 1068 1499
351 7 -1
636 18 14 20 14 1067 1498 1069 1500
352 6 -1
637 49 65 50 66 1068 1499 1070 1501
353 3 -1
639 50 61 50 62 1070 1501 1071 1502
354 10 -1
640 2 79 4 79 1071 1502 1073 1504
355 15 -1
641 94 75 94 76 1072 1503 1074 1505
356 7 -1
643 96 76 96 80 1074 1505 1080 1511
357 3 -1
645 82 39 84 39 1076 1507 1078 1509
358 10 -1
646 91 3 92 4 1077 1508 1079 1510
359 15 -1
648 73 37 74 37 1079 1510 1080 1511
360 14 -1
649 12 22 22 22 1080 1511 1090 1521
361 15 -1
650 68 16 69 16 1081 1512 1082 1513
362 3 -1
651 32 52 32 52 1082 1513 1086 1517
363 7 -1
652 4 97 17 97 1083 1514 1098 1529
364 5 -1
653 99 29 99 30 1084 1515 1085 1516
365 9 -1
656 29 79 29 79 1087 1518 1088 1519
366 13 -1
662 38 80 39 80 1093 1524 1095 1526
367 5 -1
663 37 11 37 11 1094 1525 1102 1533
368 2 -1
664 51 81 53 81 1095 1526 1097 1528
369 4 -1
665 3 29 3 30 1096 1527 1097 1528
370 8 -1
666 82 15 83 16 1097 1528 1099 1530
371 11 -1
667 52 57 54 57 1098 1529 1101 1532
372 12 -1
669 1 15 2 15 1100 1531 1101 1532
373 0 -1
672 84 64 87 64 1103 1534 1107 1538
374 12 -1
673 62 93 63 93 1104 1535 1106 1537
375 8 -1
674 27 64 27 67 1105 1536 1109 1540
376 11 -1
675 85 69 90 69 1106 1537 1111 1542
377 7 -1
678 76 53 78 53 1109 1540 1113 1544
378 1 -1
679 25 29 27 30 1110 1541 1113 1544
379 8 -1
680 52 75 56 75 1111 1542 1117 1548
380 11 -1
681 66 9 66 9 1112 1543 1114 1545
381 2 -1
682 71 36 72 37 1113 1544 1115 1546
382 12 -1
684 34 59 35 59 1115 1546 1117 1548
383 6 -1
685 52 98 55 98 1116 1547 1121 1552
384 9 -1
687 64 23 67 25 1118 1549 1123 1554
385 2 -1
688 75 62 75 62 1119 1550 1121 1552
386 12 -1
689 69 41 69 43 1120 1551 1122 1553
387 15 -1
690 98 24 98 24 1121 1552 1123 1554
388 3 -1
691 98 82 99 83 1122 1553 1124 1555
389 6 -1
692 58 55 59 56 1123 1554 1125 1556
390 7 -1
694 33 75 35 76 1125 1556 1128 1559
391 4 -1
696 49 63 50 63 1127 1558 1129 1560
392 7 -1
698 50 36 51 38 1129 1560 1134 1565
393 12 -1
700 86 23 87 23 1131 1562 1132 1563
394 12 -1
701 10 6 10 6 1132 1563 1133 1564
395 4 -1
702 74 92 80 92 1133 1564 1140 1571
396 14 -1
703 16 42 17 42 1134 1565 1136 1567
397 4 -1
704 93 0 95 0 1135 1566 1137 1568
398 4 -1
705 17 9 19 10 1136 1567 1140 1571
399 0 -1
706 19 74 21 74 1137 1568 1139 1570
400 14 -1
707 64 99 67 100 1138 1569 1142 1573
401 5 -1
708 84 88 91 88 1139 1570 1146 1577
402 4 -1
710 35 53 37 54 1141 1572 1144 1575
403 3 -1
712 58 89 58 90 1143 1574 1144 1575
404 11 -1
714 62 2 62 2 1145 1576 1146 1577
405 6 -1
716 36 31 36 32 1147 1578 1148 1579
406 15 -1
718 38 5 46 5 1149 1580 1157 1588
407 15 -1
719 27 93 28 93 1150 1581 1151 1582
408 13 -1
720 41 48 42 49 1151 1582 1153 1584
409 12 -1
722 33 13 35 13 1153 1584 1155 1586
410 7 -1
724 6 97 8 97 1155 1586 1157 1588
411 0 -1
725 85 95 94 97 1156 1587 1167 1598
412 15 -1
726 49 72 51 73 1157 1588 1161 1592
413 11 -1
727 52 9 55 9 1158 1589 1161 1592
414 13 -1
728 66 51 71 51 1159 1590 1164 1595
415 4 -1
729 7 51 7 51 1160 1591 1161 1592
416 10 -1
731 66 70 66 70 1162 1593 1163 1594
417 3 -1
733 56 65 58 65 1164 1595 1166 1597
418 9 -1
734 57 7 58 8 1165 1596 1167 1598
419 10 -1
735 1 35 4 35 1166 1597 1169 1600
420 5 -1
736 33 13 33 15 1167 1598 1169 1600
421 9 -1
737 73 91 74 92 1168 1599 1171 1602
422 10 -1
742 44 79 46 79 1173 1604 1178 1609
423 10 -1
744 71 89 71 90 1175 1606 1177 1608
424 13 -1
745 40 31 43 31 1176 1607 1181 1612
425 2 -1
748 67 74 67 75 1179 1610 1181 1612
426 15 -1
750 58 0 59 0 1181 1612 1182 1613
427 14 -1
751 82 66 83 66 1182 1613 1183 1614
428 6 -1
752 25 23 26 25 1183 1614 1186 1617
429 6 -1
753 29 83 30 83 1184 1615 1185 1616
430 7 -1
754 68 63 74 63 1185 1616 1191 1622
431 1 -1
755 94 45 95 46 1186 1617 1188 1619
432 0 -1
757 33 29 33 29 1188 1619 1190 1621
433 6 -1
758 32 72 33 72 1189 1620 1197 1628
434 0 -1
759 4 25 4 26 1190 1621 1192 1623
435 15 -1
760 37 35 38 35 1191 1622 1192 1623
436 1 -1
766 21 2 23 2 1197 1628 1199 1630
437 4 -1
767 82 29 84 29 1198 1629 1200 1631
438 2 -1
768 25 92 27 92 1199 1630 1202 1633
439 6 -1
771 0 14 1 14 1202 1633 1203 1634
440 12 -1
772 72 15 73 16 1203 1634 1205 1636
441 13 -1
773 39 48 39 49 1204 1635 1207 1638
442 1 -1
775 24 64 28 65 1206 1637 1211 1642
443 8 -1
777 26 28 27 29 1208 1639 1210 1641
444 6 -1
778 36 68 36 70 1209 1640 1211 1642
445 9 -1
779 87 13 87 13 1210 1641 1213 1644
446 11 -1
781 24 4 25 4 1212 1643 1213 1644
447 2 -1
782 26 1 28 1 1213 1644 1217 1648
448 11 -1
784 21 31 21 31 1215 1646 1217 1648
449 14 -1
787 49 73 49 73 1218 1649 1220 1651
450 6 -1
788 76 59 77 59 1219 1650 1220 1651
451 1 -1
789 5 98 6 98 1220 1651 1224 1655
452 11 -1
790 24 80 26 80 1221 1652 1223 1654
453 4 -1
791 63 47 63 49 1222 1653 1227 1658
454 2 -1
793 8 53 9 54 1224 1655 1227 1658
455 11 -1
794 89 94 90 95 1225 1656 1229 1660
456 7 -1
795 56 36 58 36 1226 1657 1228 1659
457 13 -1
796 41 74 43 76 1227 1658 1231 1662
458 5 -1
797 11 61 11 62 1228 1659 1229 1660
459 8 -1
798 96 30 97 32 1229 1660 1232 1663
460 11 -1
799 31 14 32 14 1230 1661 1232 1663
461 0 -1
800 79 91 83 91 1231 1662 1236 1667
462 6 -1
802 84 20 84 23 1233 1664 1237 1668
463 5 -1
803 45 48 45 48 1234 1665 1236 1667
464 12 -1
805 53 26 53 26 1236 1667 1241 1672
465 3 -1
806 79 27 87 27 1237 1668 1246 1677
466 1 -1
807 11 54 13 54 1238 1669 1240 1671
467 11 -1
810 3 84 3 85 1241 1672 1242 1673
468 15 -1
813 2 29 2 30 1244 1675 1245 1676
469 1 -1
818 22 51 23 52 1249 1680 1251 1682
470 4 -1
820 14 2 15 3 1251 1682 1254 1685
471 14 -1
824 81 55 83 55 1255 1686 1257 1688
472 3 -1
825 78 4 79 4 1256 1687 1259 1690
473 8 -1
827 10 3 10 4 1258 1689 1259 1690
474 4 -1
828 43 80 51 81 1259 1690 1269 1700
475 10 -1
830 95 40 98 40 1261 1692 1264 1695
476 10 -1
831 84 30 85 30 1262 1693 1263 1694
477 6 -1
833 82 60 82 62 1264 1695 1266 1697
478 0 -1
834 0 24 0 26 1265 1696 1267 1698
479 12 -1
835 24 96 29 99 1266 1697 1276 1707
480 6 -1
839 1 68 3 68 1270 1701 1272 1703
481 1 -1
841 20 34 21 36 1272 1703 1276 1707
482 11 -1
842 33 8 33 9 1273 1704 1275 1706
483 11 -1
844 59 25 60 26 1275 1706 1280 1711
484 5 -1
845 65 17 66 17 1276 1707 1278 1709
485 13 -1
846 38 25 40 28 1277 1708 1283 1714
486 4 -1
847 3 93 3 94 1278 1709 1279 1710
487 2 -1
850 15 98 15 99 1281 1712 1284 1715
488 13 -1
851 19 18 21 18 1282 1713 1286 1717
489 7 -1
854 27 13 27 14 1285 1716 1286 1717
490 13 -1
856 14 12 17 12 1287 1718 1290 1721
491 8 -1
859 52 27 52 30 1290 1721 1295 1726
492 12 -1
860 41 3 41 3 1291 1722 1292 1723
493 6 -1
861 43 96 45 96 1292 1723 1294 1725
494 8 -1
864 76 8 77 9 1295 1726 1298 1729
495 14 -1
867 94 97 94 97 1298 1729 1299 1730
496 1 -1
868 3 98 3 100 1299 1730 1301 1732
497 8 -1
871 26 81 36 87 1302 1733 1318 1749
498 9 -1
873 88 70 90 70 1304 1735 1306 1737
499 13 -1
874 8 26 10 28 1305 1736 1310 1741
500 10 -1
875 71 43 74 43 1306 1737 1309 1740
501 4 -1
877 26 34 27 36 1308 1739 1311 1742
502 0 -1
878 64 94 65 95 1309 1740 1311 1742
503 8 -1
879 58 98 60 98 1310 1741 1312 1743
504 12 -1
880 94 71 97 72 1311 1742 1315 1746
505 6 -1
881 14 45 20 45 1312 1743 1318 1749
506 2 -1
882 8 62 8 64 1313 1744 1315 1746
507 13 -1
885 18 97 18 98 1316 1747 1317 1748
508 14 -1
887 2 39 3 39 1318 1749 1321 1752
509 5 -1
889 25 80 28 80 1320 1751 1323 1754
510 13 -1
891 43 46 43 46 1322 1753 1324 1755
511 11 -1
893 50 49 50 51 1324 1755 1326 1757
512 6 -1
894 71 72 74 72 1325 1756 1328 1759
513 12 -1
895 77 0 78 1 1326 1757 1329 1760
514 11 -1
896 97 33 99 33 1327 1758 1329 1760
515 13 -1
897 58 50 59 50 1328 1759 1329 1760
516 2 -1
898 85 27 86 28 1329 1760 1331 1762
517 3 -1
899 72 98 73 99 1330 1761 1332 1763
518 4 -1
900 17 63 22 64 1331 1762 1337 1768
519 11 -1
901 44 79 44 80 1332 1763 1334 1765
520 11 -1
902 20 51 20 52 1333 1764 1334 1765
521 6 -1
905 71 67 72 67 1336 1767 1337 1768
522 11 -1
910 25 98 25 99 1341 1772 1342 1773
523 13 -1
912 23 49 27 53 1343 1774 1353 1784
524 5 -1
914 23 27 28 29 1345 1776 1352 1783
525 12 -1
917 94 74 94 75 1348 1779 1352 1783
526 6 -1
919 40 68 40 68 1350 1781 1352 1783
527 2 -1
920 96 52 96 54 1351 1782 1354 1785
528 8 -1
921 56 90 57 90 1352 1783 1353 1784
529 7 -1
923 30 61 30 61 1354 1785 1355 1786
530 10 -1
925 55 31 56 32 1356 1787 1359 1790
531 9 -1
926 73 91 82 91 1357 1788 1366 1797
532 5 -1
927 28 12 29 14 1358 1789 1361 1792
533 4 -1
928 80 46 84 46 1359 1790 1363 1794
534 12 -1
929 84 24 85 24 1360 1791 1361 1792
535 6 -1
931 8 65 8 66 1362 1793 1364 1795
536 5 -1
933 24 6 28 8 1364 1795 1371 1802
537 8 -1
935 37 53 38 53 1366 1797 1368 1799
538 3 -1
936 95 58 96 58 1367 1798 1368 1799
539 15 -1
937 99 23 96 23 1368 1799 1372 1803
540 2 -1
938 32 95 33 97 1369 1800 1373 1804
541 2 -1
940 36 62 38 62 1371 1802 1373 1804
542 4 -1
942 16 25 16 26 1373 1804 1374 1805
543 9 -1
943 86 78 89 81 1374 1805 1381 1812
544 1 -1
944 58 25 59 25 1375 1806 1376 1807
545 6 -1
945 61 85 62 87 1376 1807 1379 1810
546 11 -1
947 70 64 82 64 1378 1809 1391 1822
547 15 -1
948 20 44 23 44 1379 1810 1382 1813
548 12 -1
950 18 95 20 95 1381 1812 1383 1814
549 0 -1
951 5 32 6 32 1382 1813 1384 1815
550 9 -1
954 9 2 11 2 1385 1816 1387 1818
551 5 -1
955 66 48 66 48 1386 1817 1387 1818
552 0 -1
957 40 56 42 56 1388 1819 1391 1822
553 4 -1
958 41 0 41 0 1389 1820 1390 1821
554 2 -1
963 49 48 51 48 1394 1825 1397 1828
555 7 -1
964 68 87 70 87 1395 1826 1397 1828
556 3 -1
966 81 14 83 14 1397 1828 1399 1830
557 5 -1
969 37 63 37 63 1400 1831 1402 1833
558 5 -1
972 54 42 54 47 1403 1834 1409 1840
559 15 -1
973 3 65 3 68 1404 1835 1408 1839
560 11 -1
974 31 51 31 53 1405 1836 1415 1846
561 0 -1
976 12 76 13 78 1407 1838 1412 1843
562 11 -1
979 75 97 78 97 1410 1841 1414 1845
563 0 -1
981 94 6 94 6 1412 1843 1413 1844
564 0 -1
983 3 36 6 36 1414 1845 1417 1848
565 9 -1
984 91 49 92 50 1415 1846 1421 1852
566 10 -1
987 44 83 46 84 1418 1849 1422 1853
567 8 -1
989 31 55 33 56 1420 1851 1423 1854
568 13 -1
990 52 69 53 71 1421 1852 1425 1856
569 15 -1
992 86 96 88 96 1423 1854 1427 1858
570 14 -1
993 23 11 25 11 1424 1855 1426 1857
571 1 -1
994 55 16 55 18 1425 1856 1429 1860
572 13 -1
996 30 8 30 9 1427 1858 1429 1860
573 10 -1
997 18 84 20 84 1428 1859 1430 1861
574 7 -1
998 82 16 83 16 1429 1860 1430 1861
575 7 -1
999 66 58 66 58 1430 1861 1432 1863
576 14 -1
1001 95 6 67 11 1432 1863 1481 1912
577 10 -1
1004 97 71 97 72 1435 1866 1437 1868
578 13 -1
1008 0 76 1 76 1439 1870 1440 1871
579 10 -1
1010 50 95 50 96 1441 1872 1443 1874
580 11 -1
1012 76 96 77 96 1443 1874 1444 1875
581 14 -1
1015 81 62 81 63 1446 1877 1447 1878
582 12 -1
1016 33 16 34 16 1447 1878 1448 1879
583 12 -1
1017 6 63 9 63 1448 1879 1451 1882
584 1 -1
1018 59 5 68 10 1449 1880 1463 1894
585 0 -1
1019 93 66 99 70 1450 1881 1460 1891
586 10 -1
1020 76 88 76 90 1451 1882 1454 1885
587 10 -1
1021 51 47 51 47 1452 1883 1453 1884
588 15 -1
1022 78 4 79 5 1453 1884 1467 1898
589 0 -1
1025 51 82 56 82 1456 1887 1461 1892
590 11 -1
1027 73 96 73 96 1458 1889 1459 1890
591 1 -1
1028 48 43 49 43 1459 1890 1460 1891
592 15 -1
1031 34 93 41 94 1462 1893 1471 1902
593 8 -1
1032 48 56 49 61 1463 1894 1470 1901
594 15 -1
1033 69 1 73 1 1464 1895 1468 1899
595 2 -1
1035 87 59 88 60 1466 1897 1468 1899
596 13 -1
1036 76 50 76 50 1467 1898 1469 1900
597 5 -1
1037 30 99 30 100 1468 1899 1469 1900
598 11 -1
1039 74 92 74 93 1470 1901 1471 1902
599 1 -1
1040 19 64 19 64 1471 1902 1472 1903
600 6 -1
1042 42 35 53 35 1473 1904 1484 1915
601 0 -1
1044 92 61 95 62 1475 1906 1479 1910
602 15 -1
1045 4 23 6 23 1476 1907 1479 1910
603 9 -1
1051 15 85 15 86 1482 1913 1483 1914
604 8 -1
1053 74 38 74 39 1484 1915 1485 1916
605 4 -1
1056 46 79 46 80 1487 1918 1489 1920
606 2 -1
1057 40 77 41 78 1488 1919 1490 1921
607 14 -1
1059 2 25 3 28 1490 1921 1494 1925
608 4 -1
1060 61 50 66 50 1491 1922 1496 1927
609 0 -1
1063 20 79 21 81 1494 1925 1497 1928
610 2 -1
1065 86 38 88 39 1496 1927 1499 1930
611 5 -1
1066 79 72 79 74 1497 1928 1499 1930
612 12 -1
1067 89 61 89 61 1498 1929 1499 1930
613 5 -1
1070 45 43 53 46 1501 1932 1513 1944
614 9 -1
1071 13 36 17 36 1502 1933 1507 1938
615 4 -1
1073 25 69 40 69 1504 1935 1519 1950
616 12 -1
1074 94 41 94 41 1505 1936 1506 1937
617 14 -1
1075 14 56 14 57 1506 1937 1509 1940
618 2 -1
1078 68 67 70 67 1509 1940 1513 1944
619 5 -1
1082 58 92 58 92 1513 1944 1514 1945
620 10 -1
1083 15 59 15 60 1514 1945 1516 1947
621 7 -1
1084 34 27 40 27 1515 1946 1521 1952
622 4 -1
1085 90 10 91 12 1516 1947 1519 1950
623 13 -1
1086 80 15 84 15 1517 1948 1521 1952
624 15 -1
1090 35 6 35 7 1521 1952 1522 1953
625 15 -1
1091 49 9 52 10 1522 1953 1526 1957
626 4 -1
1092 3 64 4 64 1523 1954 1524 1955
627 11 -1
1095 6 85 6 85 1526 1957 1529 1960
628 5 -1
1097 54 77 55 78 1528 1959 1531 1962
629 10 -1
1098 31 60 34 60 1529 1960 1533 1964
630 6 -1
1099 22 18 24 19 1530 1961 1535 1966
631 7 -1
1100 83 72 87 72 1531 1962 1536 1967
632 13 -1
1102 34 92 36 92 1533 1964 1536 1967
633 15 -1
1103 11 86 16 88 1534 1965 1541 1972
634 2 -1
1104 90 19 91 19 1535 1966 1536 1967
635 15 -1
1105 61 68 62 68 1536 1967 1537 1968
636 9 -1
1107 25 60 29 60 1538 1969 1548 1979
637 9 -1
1109 41 92 41 94 1540 1971 1543 1974
638 3 -1
1111 80 7 81 7 1542 1973 1544 1975
639 3 -1
1113 98 12 98 12 1544 1975 1545 1976
640 11 -1
1114 6 85 7 85 1545 1976 1546 1977
641 7 -1
1115 40 7 42 7 1546 1977 1549 1980
642 6 -1
1116 77 22 88 22 1547 1978 1558 1989
643 4 -1
1118 67 34 69 34 1549 1980 1551 1982
644 4 -1
1120 35 36 37 36 1551 1982 1553 1984
645 0 -1
1121 98 33 98 33 1552 1983 1553 1984
646 4 -1
1122 2 21 3 23 1553 1984 1556 1987
647 7 -1
1124 15 4 15 6 1555 1986 1562 1993
648 13 -1
1125 43 36 44 36 1556 1987 1558 1989
649 11 -1
1126 87 5 94 9 1557 1988 1569 2000
650 8 -1
1129 82 9 82 9 1560 1991 1561 1992
651 5 -1
1130 67 82 67 82 1561 1992 1562 1993
652 4 -1
1132 24 33 25 34 1563 1994 1565 1996
653 7 -1
1133 60 12 62 12 1564 1995 1567 1998
654 3 -1
1137 26 55 29 55 1568 1999 1572 2003
655 7 -1
1138 61 22 62 22 1569 2000 1570 2001
656 3 -1
1139 89 81 89 82 1570 2001 1571 2002
657 1 -1
1141 88 35 90 35 1572 2003 1574 2005
658 3 -1
1142 86 76 89 76 1573 2004 1576 2007
659 6 -1
1144 76 12 79 12 1575 2006 1578 2009
660 1 -1
1147 36 80 38 82 1578 2009 1582 2013
661 5 -1
1150 15 97 16 97 1581 2012 1582 2013
662 3 -1
1151 75 19 77 19 1582 2013 1584 2015
663 7 -1
1154 17 62 18 62 1585 2016 1586 2017
664 7 -1
1156 38 79 38 81 1587 2018 1589 2020
665 13 -1
1157 93 21 95 24 1588 2019 1593 2024
666 13 -1
1158 93 95 94 95 1589 2020 1593 2024
667 15 -1
1159 18 3 19 4 1590 2021 1592 2023
668 15 -1
1164 5 35 6 36 1595 2026 1598 2029
669 5 -1
1166 88 16 89 17 1597 2028 1600 2031
670 8 -1
1169 42 60 44 60 1600 2031 1603 2034
671 3 -1
1170 81 23 82 23 1601 2032 1604 2035
672 1 -1
1171 59 90 64 90 1602 2033 1611 2042
673 7 -1
1172 27 76 27 77 1603 2034 1604 2035
674 13 -1
1174 78 1 82 2 1605 2036 1612 2043
675 5 -1
1175 26 98 27 98 1606 2037 1609 2040
676 4 -1
1176 10 26 12 26 1607 2038 1609 2040
677 12 -1
1177 41 70 42 71 1608 2039 1610 2041
678 4 -1
1179 48 73 48 73 1610 2041 1611 2042
679 8 -1
1186 40 48 42 48 1617 2048 1619 2050
680 3 -1
1187 16 34 18 34 1618 2049 1620 2051
681 9 -1
1188 88 65 88 65 1619 2050 1620 2051
682 3 -1
1190 59 28 59 28 1621 2052 1622 2053
683 11 -1
1191 65 44 66 45 1622 2053 1624 2055
684 0 -1
1194 48 20 48 20 1625 2056 1627 2058
685 11 -1
1195 36 25 36 26 1626 2057 1629 2060
686 1 -1
1197 87 76 89 76 1628 2059 1631 2062
687 9 -1
1198 43 12 47 12 1629 2060 1633 2064
688 3 -1
1201 55 68 57 69 1632 2063 1637 2068
689 2 -1
1202 12 76 12 77 1633 2064 1634 2065
690 4 -1
1203 9 52 10 52 1634 2065 1635 2066
691 7 -1
1205 26 74 27 74 1636 2067 1639 2070
692 10 -1
1207 46 20 50 20 1638 2069 1642 2073
693 4 -1
1208 87 55 88 55 1639 2070 1641 2072
694 3 -1
1209 78 97 79 97 1640 2071 1641 2072
695 14 -1
1211 13 9 16 9 1642 2073 1646 2077
696 12 -1
1214 88 6 94 6 1645 2076 1651 2082
697 10 -1
1217 65 47 66 48 1648 2079 1650 2081
698 0 -1
1218 6 4 6 4 1649 2080 1650 2081
699 0 -1
1219 35 62 37 66 1650 2081 1657 2088
700 8 -1
1220 19 49 19 49 1651 2082 1652 2083
701 13 -1
1222 77 51 77 51 1653 2084 1656 2087
702 2 -1
1223 68 85 71 86 1654 2085 1658 2089
703 3 -1
1226 68 88 68 88 1657 2088 1660 2091
704 3 -1
1227 41 64 41 64 1658 2089 1659 2090
705 10 -1
1229 11 34 12 34 1660 2091 1661 2092
706 0 -1
1230 6 72 11 72 1661 2092 1666 2097
707 12 -1
1231 58 61 58 61 1662 2093 1663 2094
708 0 -1
1233 29 77 30 78 1664 2095 1666 2097
709 8 -1
1235 9 80 12 81 1666 2097 1670 2101
710 1 -1
1236 62 17 66 17 1667 2098 1672 2103
711 4 -1
1237 78 81 82 82 1668 2099 1673 2104
712 0 -1
1238 93 68 95 69 1669 2100 1674 2105
713 13 -1
1240 11 90 12 93 1671 2102 1675 2106
714 10 -1
1241 15 92 16 92 1672 2103 1673 2104
715 5 -1
1242 75 88 82 94 1673 2104 1686 2117
716 11 -1
1243 66 43 67 43 1674 2105 1676 2107
717 1 -1
1244 4 87 9 88 1675 2106 1682 2113
718 2 -1
1246 61 4 65 5 1677 2108 1686 2117
719 3 -1
1250 6 26 6 26 1681 2112 1682 2113
720 14 -1
1254 58 41 59 46 1685 2116 1692 2123
721 7 -1
1255 74 53 74 54 1686 2117 1690 2121
722 3 -1
1258 90 79 79 82 1689 2120 1705 2136
723 15 -1
1259 88 10 73 10 1690 2121 1708 2139
724 9 -1
1260 95 11 96 14 1691 2122 1697 2128
725 5 -1
1261 54 84 59 86 1692 2123 1699 2130
726 0 -1
1263 75 46 76 48 1694 2125 1701 2132
727 14 -1
1264 39 23 39 23 1695 2126 1699 2130
728 5 -1
1265 89 20 89 21 1696 2127 1698 2129
729 14 -1
1266 58 79 59 79 1697 2128 1698 2129
730 13 -1
1268 78 80 80 81 1699 2130 1702 2133
731 5 -1
1276 99 11 99 12 1707 2138 1708 2139
732 4 -1
1277 20 59 21 63 1708 2139 1713 2144
733 5 -1
1281 24 19 26 19 1712 2143 1714 2145
734 12 -1
1284 73 22 73 23 1715 2146 1717 2148
735 14 -1
1287 29 44 33 44 1718 2149 1722 2153
736 11 -1
1290 76 47 80 48 1721 2152 1728 2159
737 8 -1
1291 13 92 16 92 1722 2153 1725 2156
738 4 -1
1292 42 41 60 47 1723 2154 1749 2180
739 7 -1
1297 64 92 67 92 1728 2159 1731 2162
740 15 -1
1298 36 49 37 49 1729 2160 1730 2161
741 4 -1
1299 39 47 42 47 1730 2161 1733 2164
742 15 -1
1300 29 13 31 13 1731 2162 1733 2164
743 2 -1
1307 96 29 97 29 1738 2169 1739 2170
744 1 -1
1309 8 46 9 47 1740 2171 1742 2173
745 3 -1
1312 22 69 22 71 1743 2174 1745 2176
746 15 -1
1313 4 60 4 60 1744 2175 1745 2176
747 1 -1
1314 76 78 77 81 1745 2176 1749 2180
748 12 -1
1315 84 27 87 28 1746 2177 1751 2182
749 5 -1
1316 72 2 74 2 1747 2178 1749 2180
750 10 -1
1317 13 36 13 37 1748 2179 1750 2181
751 12 -1
1318 64 88 65 88 1749 2180 1752 2183
752 13 -1
1319 12 75 13 76 1750 2181 1752 2183
753 1 -1
1320 41 6 41 6 1751 2182 1752 2183
754 0 -1
1321 7 49 8 50 1752 2183 1754 2185
755 5 -1
1323 57 57 59 57 1754 2185 1756 2187
756 9 -1
1324 17 68 21 69 1755 2186 1760 2191
757 1 -1
1325 57 5 58 6 1756 2187 1762 2193
758 9 -1
1326 54 86 55 86 1757 2188 1758 2189
759 4 -1
1327 63 56 72 57 1758 2189 1768 2199
760 4 -1
1329 48 1 49 2 1760 2191 1762 2193
761 8 -1
1332 87 6 88 6 1763 2194 1765 2196
762 10 -1
1333 64 15 65 15 1764 2195 1765 2196
763 0 -1
1335 52 10 68 10 1766 2197 1782 2213
764 10 -1
1336 85 89 86 89 1767 2198 1768 2199
765 13 -1
1338 13 29 16 29 1769 2200 1772 2203
766 13 -1
1340 37 96 43 97 1771 2202 1778 2209
767 9 -1
1342 2 91 4 91 1773 2204 1776 2207
768 12 -1
1344 63 46 63 46 1775 2206 1777 2208
769 11 -1
1345 62 14 62 15 1776 2207 1777 2208
770 5 -1
1347 0 38 0 41 1778 2209 1781 2212
771 1 -1
1348 41 67 45 67 1779 2210 1784 2215
772 0 -1
1349 10 60 15 60 1780 2211 1786 2217
773 0 -1
1354 19 11 21 11 1785 2216 1788 2219
774 7 -1
1355 19 5 20 6 1786 2217 1791 2222
775 7 -1
1359 32 60 36 61 1790 2221 1795 2226
776 14 -1
1362 7 70 9 70 1793 2224 1795 2226
777 14 -1
1365 29 96 29 96 1796 2227 1797 2228
778 2 -1
1368 86 42 87 42 1799 2230 1801 2232
779 9 -1
1369 0 71 32 74 1800 2231 1835 2266
780 3 -1
1370 73 18 74 18 1801 2232 1803 2234
781 3 -1
1372 25 63 30 63 1803 2234 1808 2239
782 8 -1
1374 74 34 76 34 1805 2236 1807 2238
783 11 -1
1375 56 78 57 81 1806 2237 1813 2244
784 4 -1
1376 2 29 2 30 1807 2238 1808 2239
785 10 -1
1377 67 97 70 97 1808 2239 1811 2242
786 2 -1
1378 90 55 90 56 1809 2240 1810 2241
787 7 -1
1379 4 57 8 57 1810 2241 1814 2245
788 0 -1
1381 39 59 41 59 1812 2243 1815 2246
789 6 -1
1382 16 48 16 51 1813 2244 1816 2247
790 1 -1
1383 76 68 77 69 1814 2245 1816 2247
791 3 -1
1385 4 88 7 88 1816 2247 1822 2253
792 14 -1
1386 41 75 41 76 1817 2248 1820 2251
793 4 -1
1387 91 97 98 98 1818 2249 1829 2260
794 7 -1
1388 8 40 11 40 1819 2250 1822 2253
795 12 -1
1389 82 18 82 19 1820 2251 1822 2253
796 1 -1
1390 12 55 13 55 1821 2252 1823 2254
797 0 -1
1391 1 47 2 47 1822 2253 1824 2255
798 7 -1
1393 55 59 56 59 1824 2255 1826 2257
799 1 -1
1395 8 92 9 96 1826 2257 1834 2265
800 0 -1
1396 40 28 40 28 1827 2258 1828 2259
801 10 -1
1400 94 73 96 74 1831 2262 1834 2265
802 3 -1
1401 32 9 34 10 1832 2263 1835 2266
803 11 -1
1402 71 26 72 28 1833 2264 1840 2271
804 14 -1
1403 69 36 70 36 1834 2265 1836 2267
805 1 -1
1406 11 5 11 5 1837 2268 1838 2269
806 9 -1
1411 71 92 72 92 1842 2273 1844 2275
807 3 -1
1412 3 92 7 93 1843 2274 1849 2280
808 10 -1
1413 74 16 74 16 1844 2275 1845 2276
809 9 -1
1414 5 57 6 58 1845 2276 1847 2278
810 11 -1
1415 14 35 14 37 1846 2277 1848 2279
811 13 -1
1417 58 53 59 53 1848 2279 1849 2280
812 4 -1
1418 49 46 51 47 1849 2280 1854 2285
813 10 -1
1419 40 23 45 23 1850 2281 1857 2288
814 9 -1
1420 87 64 90 68 1851 2282 1859 2290
815 14 -1
1423 49 68 49 68 1854 2285 1855 2286
816 5 -1
1426 48 75 50 75 1857 2288 1859 2290
817 8 -1
1428 68 88 71 88 1859 2290 1862 2293
818 10 -1
1429 27 71 28 71 1860 2291 1862 2293
819 6 -1
1430 86 59 86 60 1861 2292 1862 2293
820 15 -1
1431 39 99 39 99 1862 2293 1865 2296
821 13 -1
1432 25 31 25 32 1863 2294 1864 2295
822 9 -1
1434 26 36 27 36 1865 2296 1866 2297
823 2 -1
1435 59 90 61 95 1866 2297 1873 2304
824 3 -1
1436 50 79 51 80 1867 2298 1869 2300
825 5 -1
1438 54 48 56 50 1869 2300 1873 2304
826 11 -1
1439 24 32 25 32 1870 2301 1871 2302
827 10 -1
1440 43 89 43 90 1871 2302 1874 2305
828 7 -1
1441 31 77 35 77 1872 2303 1879 2310
829 2 -1
1442 78 70 79 70 1873 2304 1875 2306
830 1 -1
1443 95 95 90 95 1874 2305 1879 2310
831 14 -1
1444 61 82 62 82 1875 2306 1877 2308
832 15 -1
1446 85 71 86 73 1877 2308 1883 2314
833 0 -1
1447 50 95 50 95 1878 2309 1880 2311
834 10 -1
1448 4 8 5 8 1879 2310 1881 2312
835 6 -1
1452 3 53 3 54 1883 2314 1884 2315
836 1 -1
1454 20 88 20 91 1885 2316 1889 2320
837 5 -1
1455 35 75 36 75 1886 2317 1888 2319
838 13 -1
1456 34 60 34 61 1887 2318 1888 2319
839 15 -1
1457 2 25 2 30 1888 2319 1894 2325
840 13 -1
1458 74 78 83 78 1889 2320 1899 2330
841 13 -1
1461 51 33 51 34 1892 2323 1895 2326
842 15 -1
1462 76 71 78 71 1893 2324 1897 2328
843 5 -1
1463 6 9 7 10 1894 2325 1896 2327
844 3 -1
1465 20 14 20 16 1896 2327 1898 2329
845 3 -1
1466 16 35 17 35 1897 2328 1899 2330
846 2 -1
1468 34 84 35 84 1899 2330 1900 2331
847 13 -1
1469 65 94 65 98 1900 2331 1905 2336
848 14 -1
1470 18 64 19 64 1901 2332 1902 2333
849 13 -1
1472 23 98 24 94 1903 2334 1908 2339
850 12 -1
1473 2 26 7 26 1904 2335 1909 2340
851 2 -1
1474 30 45 35 45 1905 2336 1916 2347
852 14 -1
1475 31 16 33 16 1906 2337 1908 2339
853 9 -1
1478 13 96 14 100 1909 2340 1915 2346
854 7 -1
1479 7 45 7 45 1910 2341 1912 2343
855 15 -1
1481 75 67 75 69 1912 2343 1914 2345
856 6 -1
1483 93 66 95 66 1914 2345 1925 2356
857 6 -1
1486 40 50 44 51 1917 2348 1922 2353
858 3 -1
1487 91 6 95 6 1918 2349 1922 2353
859 4 -1
1493 81 21 83 21 1924 2355 1926 2357
860 3 -1
1495 50 65 50 66 1926 2357 1927 2358
861 1 -1
1496 49 98 53 98 1927 2358 1931 2362
862 7 -1
1497 86 22 87 22 1928 2359 1932 2363
863 1 -1
1499 92 73 94 73 1930 2361 1932 2363
864 2 -1
1500 27 73 29 73 1931 2362 1933 2364
865 6 -1
1501 99 34 93 36 1932 2363 1940 2371
866 5 -1
1502 26 62 28 64 1933 2364 1937 2368
867 8 -1
1504 35 10 45 10 1935 2366 1948 2379
868 7 -1
1505 81 81 91 81 1936 2367 1946 2377
869 13 -1
1506 15 4 16 5 1937 2368 1939 2370
870 3 -1
1507 76 92 78 92 1938 2369 1941 2372
871 6 -1
1508 3 95 4 95 1939 2370 1945 2376
872 14 -1
1509 57 97 58 97 1940 2371 1941 2372
873 12 -1
1511 8 96 8 98 1942 2373 1944 2375
874 6 -1
1513 85 72 90 72 1944 2375 1949 2380
875 9 -1
1515 7 46 8 46 1946 2377 1947 2378
876 3 -1
1516 75 3 78 3 1947 2378 1950 2381
877 14 -1
1517 12 24 15 24 1948 2379 1951 2382
878 14 -1
1518 16 26 19 26 1949 2380 1952 2383
879 6 -1
1519 74 40 74 43 1950 2381 1954 2385
880 7 -1
1521 39 66 41 66 1952 2383 1956 2387
881 14 -1
1522 23 12 25 12 1953 2384 1955 2386
882 13 -1
1523 0 40 2 40 1954 2385 1956 2387
883 14 -1
1527 63 97 63 97 1958 2389 1962 2393
884 12 -1
1528 36 77 37 77 1959 2390 1960 2391
885 1 -1
1533 41 95 41 96 1964 2395 1965 2396
886 10 -1
1534 63 88 72 88 1965 2396 1974 2405
887 1 -1
1535 31 91 33 92 1966 2397 1969 2400
888 1 -1
1536 36 82 38 82 1967 2398 1969 2400
889 8 -1
1538 91 51 93 52 1969 2400 1973 2404
890 12 -1
1540 2 35 2 36 1971 2402 1972 2403
891 15 -1
1543 6 97 8 97 1974 2405 1977 2408
892 2 -1
1544 87 41 87 42 1975 2406 1977 2408
893 5 -1
1545 8 84 10 84 1976 2407 1978 2409
894 4 -1
1547 36 77 40 77 1978 2409 1983 2414
895 11 -1
1550 97 68 99 68 1981 2412 1983 2414
896 7 -1
1551 19 71 20 72 1982 2413 1984 2415
897 8 -1
1552 41 42 46 42 1983 2414 1988 2419
898 7 -1
1554 89 60 90 63 1985 2416 1989 2420
899 8 -1
1555 1 4 1 5 1986 2417 1988 2419
900 12 -1
1556 42 50 42 51 1987 2418 1989 2420
901 11 -1
1559 81 66 85 66 1990 2421 1996 2427
902 13 -1
1560 89 9 91 11 1991 2422 1997 2428
903 3 -1
1562 99 63 97 63 1993 2424 1995 2426
904 8 -1
1563 60 13 67 14 1994 2425 2004 2435
905 4 -1
1564 99 28 99 28 1995 2426 1997 2428
906 2 -1
1566 64 50 64 50 1997 2428 1999 2430
907 5 -1
1567 29 84 32 84 1998 2429 2002 2433
908 10 -1
1573 29 96 33 97 2004 2435 2012 2443
909 2 -1
1575 8 40 9 40 2006 2437 2007 2438
910 13 -1
1576 95 31 95 32 2007 2438 2009 2440
911 4 -1
1577 81 18 83 18 2008 2439 2010 2441
912 12 -1
1579 42 44 43 45 2010 2441 2013 2444
913 15 -1
1580 4 41 4 41 2011 2442 2013 2444
914 5 -1
1582 59 51 59 51 2013 2444 2014 2445
915 1 -1
1584 65 51 65 52 2015 2446 2016 2447
916 4 -1
1587 42 57 54 57 2018 2449 2030 2461
917 1 -1
1588 57 69 60 70 2019 2450 2023 2454
918 12 -1
1589 79 12 80 12 2020 2451 2022 2453
919 8 -1
1590 86 84 87 86 2021 2452 2024 2455
920 14 -1
1591 19 15 24 15 2022 2453 2027 2458
921 3 -1
1593 0 31 4 31 2024 2455 2028 2459
922 5 -1
1594 9 56 10 56 2025 2456 2027 2458
923 9 -1
1596 86 0 86 0 2027 2458 2029 2460
924 4 -1
1598 4 98 5 98 2029 2460 2030 2461
925 0 -1
1599 39 35 42 36 2030 2461 2034 2465
926 1 -1
1600 43 37 44 37 2031 2462 2032 2463
927 2 -1
1603 43 8 43 9 2034 2465 2035 2466
928 6 -1
1606 45 22 45 22 2037 2468 2039 2470
929 10 -1
1608 7 96 7 97 2039 2470 2040 2471
930 5 -1
1609 27 33 29 33 2040 2471 2042 2473
931 10 -1
1610 46 5 46 6 2041 2472 2042 2473
932 5 -1
1611 20 83 20 85 2042 2473 2044 2475
933 14 -1
1613 34 31 36 31 2044 2475 2046 2477
934 7 -1
1615 20 79 21 79 2046 2477 2047 2478
935 11 -1
1618 1 23 1 25 2049 2480 2052 2483
936 11 -1
1620 31 95 36 95 2051 2482 2056 2487
937 4 -1
1621 63 11 65 16 2052 2483 2059 2490
938 7 -1
1623 25 3 26 7 2054 2485 2059 2490
939 12 -1
1624 80 91 80 92 2055 2486 2056 2487
940 9 -1
1625 7 55 9 56 2056 2487 2059 2490
941 3 -1
1626 80 23 82 23 2057 2488 2059 2490
942 7 -1
1627 90 0 79 1 2058 2489 2071 2502
943 0 -1
1629 29 5 29 6 2060 2491 2061 2492
944 10 -1
1631 50 20 51 21 2062 2493 2064 2495
945 9 -1
1633 26 38 34 39 2064 2495 2074 2505
946 15 -1
1634 19 91 21 91 2065 2496 2067 2498
947 10 -1
1637 25 90 25 90 2068 2499 2069 2500
948 5 -1
1638 25 24 27 25 2069 2500 2072 2503
949 6 -1
1640 85 84 89 89 2071 2502 2081 2512
950 5 -1
1641 55 21 55 21 2072 2503 2075 2506
951 0 -1
1642 64 15 67 15 2073 2504 2077 2508
952 9 -1
1645 51 9 52 9 2076 2507 2077 2508
953 3 -1
1648 82 48 83 49 2079 2510 2081 2512
954 15 -1
1649 20 28 20 28 2080 2511 2082 2513
955 12 -1
1650 51 21 51 22 2081 2512 2082 2513
956 11 -1
1656 62 3 64 5 2087 2518 2091 2522
957 2 -1
1657 25 70 27 70 2088 2519 2091 2522
958 10 -1
1659 66 79 66 83 2090 2521 2094 2525
959 2 -1
1660 59 89 62 90 2091 2522 2095 2526
960 2 -1
1661 92 33 93 34 2092 2523 2099 2530
961 14 -1
1662 41 6 42 7 2093 2524 2100 2531
962 7 -1
1663 91 85 98 85 2094 2525 2101 2532
963 10 -1
1664 52 69 54 69 2095 2526 2097 2528
964 0 -1
1665 11 56 12 56 2096 2527 2097 2528
965 6 -1
1668 45 25 47 25 2099 2530 2102 2533
966 8 -1
1671 60 38 67 39 2102 2533 2110 2541
967 1 -1
1672 30 66 30 69 2103 2534 2107 2538
968 3 -1
1673 32 99 34 97 2104 2535 2109 2540
969 10 -1
1675 44 69 45 69 2106 2537 2107 2538
970 10 -1
1676 37 64 38 66 2107 2538 2110 2541
971 15 -1
1678 29 35 29 36 2109 2540 2112 2543
972 5 -1
1679 58 0 59 4 2110 2541 2117 2548
973 7 -1
1680 43 7 45 9 2111 2542 2115 2546
974 15 -1
1683 25 66 26 67 2114 2545 2121 2552
975 9 -1
1685 46 99 47 97 2116 2547 2119 2550
976 2 -1
1686 65 96 73 98 2117 2548 2127 2558
977 12 -1
1687 42 84 43 85 2118 2549 2122 2553
978 2 -1
1688 38 69 43 69 2119 2550 2125 2556
979 5 -1
1690 13 54 16 55 2121 2552 2125 2556
980 13 -1
1691 84 24 84 25 2122 2553 2124 2555
981 3 -1
1692 92 83 95 83 2123 2554 2126 2557
982 6 -1
1694 4 14 4 15 2125 2556 2126 2557
983 6 -1
1695 64 0 64 2 2126 2557 2130 2561
984 11 -1
1696 21 3 23 3 2127 2558 2130 2561
985 15 -1
1697 12 55 13 56 2128 2559 2130 2561
986 3 -1
1698 11 2 11 4 2129 2560 2131 2562
987 1 -1
1700 11 81 13 81 2131 2562 2133 2564
988 11 -1
1702 9 77 12 85 2133 2564 2147 2578
989 6 -1
1703 74 96 75 96 2134 2565 2135 2566
990 1 -1
1704 7 57 7 60 2135 2566 2138 2569
991 12 -1
1709 36 63 37 63 2140 2571 2143 2574
992 13 -1
1712 12 12 15 12 2143 2574 2146 2577
993 10 -1
1714 24 67 26 67 2145 2576 2149 2580
994 6 -1
1717 68 46 70 47 2148 2579 2152 2583
995 10 -1
1718 12 8 13 8 2149 2580 2151 2582
996 15 -1
1720 63 17 65 18 2151 2582 2157 2588
997 8 -1
1722 88 91 89 91 2153 2584 2154 2585
998 0 -1
1723 33 99 35 99 2154 2585 2156 2587
999 13 -1
1725 5 92 6 92 2156 2587 2158 2589
1000 3 -1
1726 21 60 21 63 2157 2588 2160 2591
