100 100 2073
16
0 58 68
1 65 64
2 40 59
3 38 93
4 15 45
5 10 78
6 60 12
7 52 74
8 36 96
9 63 67
10 66 74
11 78 21
12 34 26
13 42 39
14 15 16
15 78 34
32
0 0 764 100 6
0
1 0 1558 100 6
0
2 1 690 100 6
0
3 1 1517 100 6
0
4 2 770 100 6
0
5 2 1513 100 6
0
6 3 790 100 6
0
7 3 1528 100 6
0
8 4 706 100 6
0
9 4 1518 100 6
0
10 5 731 100 6
0
11 5 1457 100 6
0
12 6 789 100 6
0
13 6 1487 100 6
0
14 7 889 100 6
0
15 7 1573 100 6
0
16 8 757 100 6
0
17 8 1518 100 6
0
18 9 693 100 6
0
19 9 1511 100 6
0
20 10 735 100 6
0
21 10 1559 100 6
0
22 11 818 100 6
0
23 11 1560 100 6
0
24 12 880 100 6
0
25 12 1569 100 6
0
26 13 756 100 6
0
27 13 1587 100 6
0
28 14 729 100 6
0
29 14 1522 100 6
0
30 15 747 100 6
0
31 15 1489 100 6
0
1000
1 14 -1
2 0 76 3 76 174 346 177 349
2 4 -1
5 23 47 27 48 177 349 182 354
3 11 -1
7 51 24 54 25 179 351 183 355
4 9 -1
8 39 53 45 55 180 352 189 361
5 6 -1
9 9 70 13 71 181 353 187 359
6 3 -1
10 73 93 73 93 182 354 186 358
7 8 -1
11 50 59 55 59 183 355 189 361
8 5 -1
12 50 95 52 95 184 356 186 358
9 1 -1
13 12 82 14 82 185 357 187 359
10 14 -1
14 9 77 11 77 186 358 189 361
11 15 -1
15 1 49 2 50 187 359 193 365
12 11 -1
17 0 36 2 36 189 361 193 365
13 6 -1
18 64 2 66 2 190 362 196 368
14 15 -1
19 34 55 34 56 191 363 192 364
15 8 -1
20 38 45 40 45 192 364 194 366
16 4 -1
21 3 80 5 80 193 365 195 367
17 5 -1
22 51 72 53 74 194 366 198 370
18 9 -1
24 39 77 39 79 196 368 198 370
19 2 -1
29 27 49 30 52 201 373 207 379
20 14 -1
30 84 4 85 4 202 374 204 376
21 13 -1
31 59 48 61 48 203 375 205 377
22 5 -1
33 29 17 29 22 205 377 211 383
23 0 -1
35 62 28 62 28 207 379 208 380
24 6 -1
36 78 21 78 23 208 380 210 382
25 15 -1
39 30 20 30 20 211 383 212 384
26 4 -1
40 61 58 62 58 212 384 213 385
27 8 -1
41 83 85 83 87 213 385 215 387
28 3 -1
42 28 30 28 30 214 386 215 387
29 5 -1
43 14 59 15 59 215 387 216 388
30 7 -1
45 71 11 73 11 217 389 219 391
31 10 -1
49 55 27 56 28 221 393 224 396
32 14 -1
52 24 67 30 68 224 396 231 403
33 10 -1
53 72 54 72 58 225 397 230 402
34 1 -1
54 62 56 62 57 226 398 227 399
35 0 -1
56 39 21 44 26 228 400 245 417
36 13 -1
57 25 50 25 51 229 401 231 403
37 7 -1
59 58 77 58 77 231 403 232 404
38 15 -1
61 96 32 98 32 233 405 235 407
39 9 -1
62 97 70 99 73 234 406 242 414
40 10 -1
64 73 68 86 71 236 408 255 427
41 12 -1
69 64 66 64 67 241 413 243 415
42 15 -1
71 10 84 13 85 243 415 251 423
43 14 -1
73 52 93 54 94 245 417 250 422
44 13 -1
76 94 91 95 91 248 420 251 423
45 3 -1
78 99 42 97 42 250 422 252 424
46 11 -1
80 23 63 26 63 252 424 255 427
47 7 -1
81 22 40 24 40 253 425 255 427
48 12 -1
82 5 11 10 12 254 426 260 432
49 14 -1
83 34 67 34 70 255 427 260 432
50 5 -1
84 94 92 95 92 256 428 257 429
51 1 -1
86 20 32 30 32 258 430 268 440
52 6 -1
87 65 52 66 52 259 431 260 432
53 1 -1
90 10 28 11 28 262 434 263 435
54 0 -1
91 19 64 21 64 263 435 267 439
55 4 -1
92 39 4 40 4 264 436 265 437
56 4 -1
93 6 71 9 71 265 437 268 440
57 15 -1
94 49 53 50 56 266 438 272 444
58 1 -1
96 41 55 42 56 268 440 270 442
59 8 -1
103 27 23 28 23 275 447 278 450
60 7 -1
105 84 26 85 26 277 449 279 451
61 13 -1
106 5 99 12 96 278 450 288 460
62 12 -1
107 30 12 31 13 279 451 282 454
63 11 -1
108 11 33 13 39 280 452 288 460
64 4 -1
110 82 28 86 32 282 454 290 462
65 8 -1
111 1 48 1 48 283 455 284 456
66 12 -1
114 31 25 35 27 286 458 292 464
67 1 -1
115 50 2 51 6 287 459 292 464
68 7 -1
116 92 89 94 91 288 460 300 472
69 14 -1
119 43 72 44 74 291 463 294 466
70 14 -1
120 74 45 75 45 292 464 293 465
71 6 -1
122 17 95 17 96 294 466 298 470
72 15 -1
123 53 77 53 79 295 467 298 470
73 15 -1
124 26 13 30 13 296 468 300 472
74 2 -1
127 88 69 88 70 299 471 300 472
75 4 -1
128 71 34 74 40 300 472 319 491
76 13 -1
130 24 17 25 17 302 474 303 475
77 6 -1
132 0 56 12 57 304 476 319 491
78 15 -1
134 90 25 91 25 306 478 307 479
79 4 -1
135 23 2 33 2 307 479 318 490
80 2 -1
136 50 66 50 67 308 480 310 482
81 14 -1
139 12 6 13 6 311 483 312 484
82 12 -1
140 40 57 41 57 312 484 316 488
83 15 -1
141 11 24 12 24 313 485 318 490
84 10 -1
144 66 71 68 72 316 488 321 493
85 9 -1
145 43 19 45 19 317 489 319 491
86 9 -1
146 91 56 92 56 318 490 319 491
87 12 -1
147 17 39 18 39 319 491 320 492
88 4 -1
148 92 12 92 13 320 492 321 493
89 12 -1
149 43 79 44 80 321 493 323 495
90 12 -1
150 50 31 50 31 322 494 328 500
91 11 -1
153 24 5 24 5 325 497 326 498
92 14 -1
154 80 37 81 37 326 498 330 502
93 12 -1
155 74 96 75 96 327 499 328 500
94 8 -1
156 36 59 38 60 328 500 333 505
95 7 -1
157 94 42 98 43 329 501 334 506
96 5 -1
160 76 54 81 54 332 504 338 510
97 12 -1
162 80 84 81 84 334 506 335 507
98 9 -1
163 61 61 62 61 335 507 336 508
99 11 -1
166 54 47 54 49 338 510 340 512
100 1 -1
167 74 93 74 98 339 511 344 516
101 14 -1
168 53 98 53 99 340 512 342 514
102 14 -1
169 81 92 81 92 341 513 346 518
103 9 -1
170 34 51 37 53 342 514 347 519
104 9 -1
172 85 6 86 8 344 516 349 521
105 2 -1
173 74 23 79 23 345 517 350 522
106 10 -1
174 41 25 42 26 346 518 348 520
107 9 -1
179 99 24 98 24 351 523 352 524
108 0 -1
183 59 92 63 93 355 527 360 532
109 2 -1
184 39 43 39 44 356 528 358 530
110 14 -1
185 87 41 88 42 357 529 359 531
111 13 -1
186 78 61 83 64 358 530 367 539
112 3 -1
187 7 23 7 25 359 531 365 537
113 14 -1
189 82 63 85 63 361 533 366 538
114 15 -1
190 70 28 73 29 362 534 367 539
115 13 -1
193 38 85 38 86 365 537 366 538
116 0 -1
196 60 88 62 88 368 540 370 542
117 7 -1
197 76 79 76 80 369 541 370 542
118 14 -1
198 42 88 45 100 370 542 388 560
119 7 -1
199 62 17 63 17 371 543 372 544
120 6 -1
200 21 99 23 99 372 544 374 546
121 15 -1
201 3 98 4 98 373 545 374 546
122 5 -1
204 19 51 19 52 376 548 377 549
123 14 -1
208 87 92 88 92 380 552 381 553
124 15 -1
209 24 23 25 23 381 553 382 554
125 0 -1
211 48 55 50 56 383 555 386 558
126 15 -1
212 56 20 56 20 384 556 386 558
127 13 -1
213 1 79 6 82 385 557 393 565
128 5 -1
214 34 56 36 57 386 558 391 563
129 7 -1
218 93 63 94 67 390 562 397 569
130 14 -1
219 81 79 82 79 391 563 393 565
131 1 -1
224 43 8 45 8 396 568 399 571
132 14 -1
225 70 52 70 53 397 569 399 571
133 1 -1
229 30 44 33 47 401 573 407 579
134 14 -1
230 60 85 60 86 402 574 403 575
135 4 -1
231 83 3 85 4 403 575 406 578
136 7 -1
236 2 65 2 67 408 580 410 582
137 7 -1
237 80 65 82 65 409 581 411 583
138 10 -1
240 78 76 81 84 412 584 423 595
139 5 -1
242 99 20 99 21 414 586 416 588
140 14 -1
244 77 66 81 67 416 588 421 593
141 11 -1
245 82 9 83 12 417 589 423 595
142 0 -1
246 92 76 92 76 418 590 421 593
143 8 -1
247 75 67 78 67 419 591 422 594
144 8 -1
248 64 87 67 87 420 592 423 595
145 7 -1
250 0 64 2 64 422 594 424 596
146 15 -1
251 77 41 80 41 423 595 426 598
147 10 -1
253 91 30 91 30 425 597 426 598
148 6 -1
255 51 28 51 30 427 599 429 601
149 6 -1
256 0 59 3 59 428 600 432 604
150 3 -1
257 79 87 81 87 429 601 433 605
151 8 -1
258 31 0 32 0 430 602 431 603
152 13 -1
260 77 95 77 95 432 604 434 606
153 3 -1
261 78 22 80 31 433 605 445 617
154 5 -1
266 76 97 78 98 438 610 442 614
155 11 -1
267 66 42 68 43 439 611 442 614
156 11 -1
268 64 85 66 85 440 612 442 614
157 5 -1
269 58 48 59 48 441 613 442 614
158 10 -1
271 33 19 38 20 443 615 449 621
159 14 -1
272 11 86 12 86 444 616 445 617
160 11 -1
274 82 83 90 86 446 618 459 631
161 15 -1
277 60 22 62 22 449 621 451 623
162 10 -1
278 40 38 40 42 450 622 456 628
163 3 -1
279 58 27 60 27 451 623 455 627
164 9 -1
280 44 52 46 52 452 624 455 627
165 13 -1
283 79 85 80 85 455 627 456 628
166 3 -1
285 97 51 99 52 457 629 460 632
167 4 -1
286 36 56 37 57 458 630 461 633
168 6 -1
289 52 15 54 15 461 633 464 636
169 7 -1
293 53 53 56 53 465 637 469 641
170 3 -1
294 96 59 96 59 466 638 467 639
171 14 -1
295 43 37 44 37 467 639 469 641
172 12 -1
296 78 14 79 16 468 640 472 644
173 2 -1
303 58 11 65 12 475 647 484 656
174 6 -1
305 87 77 91 77 477 649 482 654
175 14 -1
306 5 42 6 42 478 650 479 651
176 0 -1
307 20 46 21 46 479 651 481 653
177 5 -1
310 19 81 22 81 482 654 486 658
178 7 -1
311 28 87 29 89 483 655 487 659
179 3 -1
312 38 8 38 9 484 656 493 665
180 8 -1
313 41 85 41 85 485 657 486 658
181 11 -1
315 71 6 73 6 487 659 489 661
182 5 -1
320 66 3 70 14 492 664 508 680
183 13 -1
321 32 56 34 56 493 665 496 668
184 8 -1
323 97 79 93 84 495 667 508 680
185 15 -1
325 70 57 75 57 497 669 505 677
186 7 -1
326 59 46 59 47 498 670 499 671
187 5 -1
327 16 36 16 38 499 671 502 674
188 2 -1
328 56 8 59 9 500 672 505 677
189 4 -1
329 83 46 84 48 501 673 504 676
190 2 -1
330 7 45 9 46 502 674 507 679
191 1 -1
337 18 55 23 57 509 681 522 694
192 1 -1
340 30 28 31 30 512 684 515 687
193 9 -1
342 80 44 81 44 514 686 515 687
194 12 -1
343 93 8 96 8 515 687 518 690
195 8 -1
345 32 28 35 32 517 689 529 701
196 15 -1
349 2 16 3 16 521 693 522 694
197 14 -1
351 71 29 72 29 523 695 524 696
198 6 -1
354 85 76 89 76 526 698 532 704
199 9 -1
356 76 26 77 26 528 700 529 701
200 14 -1
357 59 29 63 29 529 701 533 705
201 10 -1
358 74 35 74 41 530 702 537 709
202 10 -1
359 99 79 98 79 531 703 534 706
203 0 -1
360 4 87 4 89 532 704 534 706
204 15 -1
361 8 16 9 21 533 705 539 711
205 7 -1
363 8 4 8 4 535 707 536 708
206 1 -1
364 38 61 39 61 536 708 537 709
207 4 -1
365 36 80 37 81 537 709 539 711
208 13 -1
367 91 71 95 71 539 711 545 717
209 4 -1
371 96 28 96 29 543 715 544 716
210 9 -1
372 58 65 59 69 544 716 552 724
211 6 -1
373 54 11 55 11 545 717 548 720
212 2 -1
374 49 44 50 44 546 718 547 719
213 12 -1
375 56 81 57 81 547 719 548 720
214 13 -1
377 27 59 27 60 549 721 550 722
215 7 -1
379 15 84 16 84 551 723 552 724
216 12 -1
380 24 65 24 66 552 724 553 725
217 14 -1
381 89 14 93 15 553 725 558 730
218 2 -1
382 49 0 51 0 554 726 556 728
219 13 -1
383 78 46 78 46 555 727 556 728
220 4 -1
388 61 7 61 7 560 732 561 733
221 2 -1
391 28 89 29 89 563 735 565 737
222 5 -1
392 53 29 53 30 564 736 566 738
223 10 -1
394 50 69 52 69 566 738 569 741
224 0 -1
396 23 92 23 94 568 740 573 745
225 11 -1
397 53 82 54 82 569 741 570 742
226 2 -1
400 93 82 94 83 572 744 574 746
227 7 -1
401 92 4 93 4 573 745 575 747
228 6 -1
403 2 29 4 31 575 747 580 752
229 9 -1
404 11 79 11 81 576 748 578 750
230 15 -1
407 64 73 65 73 579 751 580 752
231 0 -1
408 80 20 81 21 580 752 583 755
232 1 -1
411 89 22 89 22 583 755 585 757
233 10 -1
412 71 25 72 25 584 756 585 757
234 7 -1
414 54 65 55 65 586 758 587 759
235 12 -1
418 89 57 90 57 590 762 591 763
236 10 -1
420 47 30 47 30 592 764 593 765
237 9 -1
421 51 77 51 79 593 765 595 767
238 14 -1
423 17 43 18 43 595 767 596 768
239 14 -1
426 72 85 75 85 598 770 603 775
240 10 -1
428 88 71 90 71 600 772 602 774
241 3 -1
433 26 73 26 74 605 777 607 779
242 4 -1
437 93 71 94 71 609 781 610 782
243 0 -1
439 43 3 43 5 611 783 613 785
244 11 -1
441 7 79 9 79 613 785 621 793
245 0 -1
446 35 84 39 84 618 790 622 794
246 10 -1
448 29 98 32 98 620 792 623 795
247 11 -1
450 76 77 79 77 622 794 630 802
248 11 -1
452 84 21 87 21 624 796 627 799
249 12 -1
455 6 9 6 12 627 799 630 802
250 14 -1
460 10 31 14 32 632 804 638 810
251 10 -1
461 90 10 91 11 633 805 635 807
252 3 -1
462 83 68 85 68 634 806 637 809
253 6 -1
464 11 31 11 31 636 808 638 810
254 8 -1
469 76 25 77 25 641 813 643 815
255 2 -1
471 85 94 94 94 643 815 654 826
256 14 -1
475 11 59 13 59 647 819 649 821
257 6 -1
478 67 95 67 98 650 822 654 826
258 3 -1
479 38 79 38 79 651 823 653 825
259 8 -1
480 57 72 61 72 652 824 660 832
260 13 -1
481 91 55 91 58 653 825 659 831
261 12 -1
482 20 18 21 18 654 826 655 827
262 0 -1
484 16 10 20 10 656 828 660 832
263 12 -1
486 52 81 55 81 658 830 661 833
264 8 -1
488 53 11 55 11 660 832 663 835
265 10 -1
489 26 78 33 81 661 833 674 846
266 11 -1
491 8 17 10 17 663 835 665 837
267 13 -1
493 2 39 2 39 665 837 666 838
268 3 -1
496 2 98 2 98 668 840 669 841
269 11 -1
501 32 95 32 97 673 845 675 847
270 5 -1
502 79 65 83 65 674 846 678 850
271 5 -1
505 70 72 70 72 677 849 679 851
272 0 -1
506 52 91 56 92 678 850 683 855
273 0 -1
507 93 31 94 31 679 851 680 852
274 0 -1
509 40 72 41 72 681 853 682 854
275 8 -1
511 6 86 8 86 683 855 685 857
276 3 -1
512 39 3 39 3 684 856 685 857
277 6 -1
515 37 38 40 38 687 859 690 862
278 0 -1
516 64 18 65 18 688 860 701 873
279 3 -1
517 91 11 94 11 689 861 693 865
280 1 -1
518 46 14 47 15 690 862 692 864
281 3 -1
520 80 82 81 82 692 864 693 865
282 5 -1
522 16 49 20 50 694 866 703 875
283 7 -1
523 8 95 9 95 695 867 696 868
284 4 -1
525 49 34 51 34 697 869 699 871
285 6 -1
526 55 68 56 68 698 870 700 872
286 12 -1
528 37 5 37 10 700 872 705 877
287 14 -1
530 2 55 3 55 702 874 706 878
288 8 -1
533 5 98 6 98 705 877 707 879
289 8 -1
535 82 31 82 34 707 879 710 882
290 7 -1
536 53 87 53 89 708 880 710 882
291 3 -1
537 53 31 54 31 709 881 710 882
292 9 -1
538 65 17 65 19 710 882 713 885
293 8 -1
540 21 29 23 31 712 884 716 888
294 3 -1
541 16 77 16 77 713 885 716 888
295 1 -1
542 30 57 30 57 714 886 722 894
296 5 -1
543 46 40 48 40 715 887 717 889
297 1 -1
546 44 11 44 13 718 890 720 892
298 1 -1
547 31 47 31 47 719 891 721 893
299 9 -1
550 13 85 14 85 722 894 723 895
300 10 -1
552 18 13 19 15 724 896 727 899
301 8 -1
553 65 29 66 29 725 897 727 899
302 10 -1
555 11 31 12 35 727 899 732 904
303 7 -1
556 66 20 66 22 728 900 730 902
304 13 -1
558 66 99 67 99 730 902 731 903
305 8 -1
559 34 99 39 99 731 903 736 908
306 15 -1
560 62 5 63 5 732 904 734 906
307 11 -1
562 10 79 10 80 734 906 735 907
308 10 -1
565 88 46 92 46 737 909 741 913
309 13 -1
566 68 4 70 5 738 910 742 914
310 8 -1
567 27 9 28 9 739 911 740 912
311 13 -1
570 28 77 32 77 742 914 746 918
312 7 -1
572 32 2 33 3 744 916 747 919
313 12 -1
573 54 33 56 33 745 917 748 920
314 0 -1
575 49 13 50 13 747 919 749 921
315 0 -1
577 36 49 37 49 749 921 750 922
316 2 -1
578 48 85 48 87 750 922 752 924
317 0 -1
579 66 42 67 42 751 923 756 928
318 5 -1
580 92 1 92 1 752 924 753 925
319 15 -1
585 49 17 50 19 757 929 760 932
320 14 -1
588 47 72 52 72 760 932 765 937
321 1 -1
589 8 73 11 81 761 933 776 948
322 15 -1
592 85 14 86 14 764 936 765 937
323 9 -1
594 83 96 84 97 766 938 768 940
324 13 -1
595 43 12 51 12 767 939 782 954
325 5 -1
596 35 67 36 69 768 940 772 944
326 2 -1
597 85 99 86 97 769 941 777 949
327 4 -1
599 30 59 34 61 771 943 779 951
328 0 -1
600 68 6 68 7 772 944 775 947
329 5 -1
601 89 1 90 1 773 945 775 947
330 0 -1
603 99 59 98 60 775 947 777 949
331 2 -1
608 14 89 15 90 780 952 783 955
332 6 -1
609 34 73 35 73 781 953 782 954
333 11 -1
610 34 49 38 50 782 954 787 959
334 6 -1
611 65 57 66 59 783 955 787 959
335 1 -1
613 32 76 38 76 785 957 793 965
336 0 -1
614 87 10 90 13 786 958 792 964
337 10 -1
615 26 64 26 65 787 959 788 960
338 8 -1
616 82 54 82 56 788 960 790 962
339 3 -1
619 89 50 89 53 791 963 796 968
340 0 -1
620 85 77 86 78 792 964 794 966
341 8 -1
621 4 74 9 74 793 965 798 970
342 14 -1
622 28 19 31 19 794 966 797 969
343 11 -1
623 65 92 65 92 795 967 797 969
344 10 -1
624 46 36 47 36 796 968 797 969
345 13 -1
625 96 49 96 49 797 969 799 971
346 5 -1
628 66 16 67 16 800 972 801 973
347 3 -1
629 51 46 56 46 801 973 806 978
348 5 -1
630 64 75 65 75 802 974 803 975
349 2 -1
634 43 91 44 91 806 978 807 979
350 2 -1
635 26 17 28 17 807 979 809 981
351 5 -1
636 60 37 62 37 808 980 810 982
352 0 -1
637 44 56 45 56 809 981 811 983
353 6 -1
639 76 52 77 52 811 983 812 984
354 10 -1
640 42 68 42 70 812 984 814 986
355 8 -1
641 76 63 78 63 813 985 815 987
356 11 -1
643 66 21 71 21 815 987 821 993
357 9 -1
645 58 4 60 4 817 989 819 991
358 1 -1
646 79 94 81 94 818 990 820 992
359 5 -1
648 69 29 69 29 820 992 821 993
360 7 -1
649 9 61 13 65 821 993 831 1003
361 10 -1
650 73 14 74 14 822 994 823 995
362 14 -1
651 76 81 76 85 823 995 827 999
363 13 -1
652 88 72 73 72 824 996 839 1011
364 6 -1
653 98 2 99 2 825 997 826 998
365 15 -1
656 95 56 95 56 828 1000 829 1001
366 0 -1
662 13 15 13 16 834 1006 836 1008
367 14 -1
663 65 73 71 74 835 1007 843 1015
368 1 -1
664 45 13 46 14 836 1008 838 1010
369 13 -1
665 59 66 59 66 837 1009 838 1010
370 3 -1
666 16 46 16 46 838 1010 840 1012
371 15 -1
667 70 40 72 41 839 1011 842 1014
372 1 -1
669 87 76 88 76 841 1013 842 1014
373 1 -1
672 15 70 17 71 844 1016 848 1020
374 2 -1
673 60 34 60 35 845 1017 847 1019
375 15 -1
674 72 0 73 3 846 1018 850 1022
376 4 -1
675 32 33 33 34 847 1019 852 1024
377 13 -1
678 66 14 66 14 850 1022 851 1023
378 4 -1
679 13 48 16 48 851 1023 854 1026
379 3 -1
680 76 50 76 51 852 1024 858 1030
380 1 -1
681 20 40 21 40 853 1025 855 1027
381 3 -1
682 91 23 92 24 854 1026 856 1028
382 9 -1
684 84 80 86 80 856 1028 858 1030
383 15 -1
685 9 72 10 72 857 1029 862 1034
384 7 -1
687 13 93 14 97 859 1031 864 1036
385 5 -1
688 96 5 96 5 860 1032 862 1034
386 10 -1
689 92 80 92 82 861 1033 863 1035
387 3 -1
690 17 56 19 56 862 1034 864 1036
388 12 -1
691 53 12 54 13 863 1035 865 1037
389 11 -1
692 57 29 57 29 864 1036 866 1038
390 14 -1
694 75 98 78 98 866 1038 869 1041
391 14 -1
696 63 83 65 83 868 1040 870 1042
392 7 -1
698 49 80 51 82 870 1042 875 1047
393 3 -1
700 65 0 66 0 872 1044 873 1045
394 2 -1
701 93 70 93 70 873 1045 874 1046
395 9 -1
702 37 56 37 56 874 1046 881 1053
396 3 -1
703 4 72 4 74 875 1047 877 1049
397 15 -1
704 92 20 93 21 876 1048 878 1050
398 13 -1
705 30 23 32 24 877 1049 881 1053
399 11 -1
706 90 85 90 86 878 1050 880 1052
400 7 -1
707 74 74 76 76 879 1051 883 1055
401 0 -1
708 79 33 83 34 880 1052 887 1059
402 6 -1
710 41 29 41 31 882 1054 885 1057
403 11 -1
712 54 32 55 32 884 1056 885 1057
404 14 -1
714 16 5 17 5 886 1058 887 1059
405 6 -1
716 23 79 23 79 888 1060 889 1061
406 6 -1
718 2 50 9 50 890 1062 898 1070
407 15 -1
719 79 28 80 28 891 1063 892 1064
408 4 -1
720 1 67 2 68 892 1064 894 1066
409 12 -1
722 33 55 34 55 894 1066 896 1068
410 13 -1
724 24 46 26 46 896 1068 898 1070
411 13 -1
725 93 96 98 90 897 1069 908 1080
412 3 -1
726 2 51 5 51 898 1070 902 1074
413 9 -1
727 88 34 90 35 899 1071 902 1074
414 3 -1
728 12 93 15 94 900 1072 905 1077
415 6 -1
729 53 20 54 20 901 1073 902 1074
416 2 -1
731 10 51 11 51 903 1075 904 1076
417 3 -1
733 96 95 97 96 905 1077 907 1079
418 11 -1
734 59 44 59 44 906 1078 908 1080
419 11 -1
735 72 43 75 43 907 1079 910 1082
420 14 -1
736 65 94 66 94 908 1080 910 1082
421 14 -1
737 85 26 86 27 909 1081 912 1084
422 15 -1
742 13 97 14 97 914 1086 919 1091
423 6 -1
744 81 41 83 41 916 1088 918 1090
424 14 -1
745 87 52 90 54 917 1089 922 1094
425 3 -1
748 14 59 14 60 920 1092 922 1094
426 13 -1
750 42 58 42 58 922 1094 923 1095
427 15 -1
751 71 59 71 60 923 1095 924 1096
428 8 -1
752 3 21 5 21 924 1096 927 1099
429 12 -1
753 74 15 75 15 925 1097 926 1098
430 10 -1
754 17 72 18 76 926 1098 932 1104
431 14 -1
755 6 82 6 84 927 1099 929 1101
432 5 -1
757 85 45 85 45 929 1101 931 1103
433 0 -1
758 31 5 34 6 930 1102 938 1110
434 0 -1
759 92 51 92 51 931 1103 933 1105
435 7 -1
760 3 21 4 21 932 1104 933 1105
436 15 -1
766 81 1 83 1 938 1110 940 1112
437 1 -1
767 99 75 98 76 939 1111 941 1113
438 0 -1
768 87 78 88 79 940 1112 943 1115
439 0 -1
771 70 8 71 8 943 1115 944 1116
440 14 -1
772 12 50 14 50 944 1116 946 1118
441 11 -1
773 11 98 13 98 945 1117 948 1120
442 2 -1
775 70 46 75 46 947 1119 952 1124
443 15 -1
777 93 77 95 77 949 1121 951 1123
444 15 -1
778 6 4 8 4 950 1122 952 1124
445 15 -1
779 4 87 7 87 951 1123 954 1126
446 14 -1
781 50 77 50 77 953 1125 954 1126
447 8 -1
782 55 70 58 70 954 1126 958 1130
448 3 -1
784 22 83 24 83 956 1128 958 1130
449 0 -1
787 85 76 86 76 959 1131 961 1133
450 8 -1
788 70 27 71 27 960 1132 961 1133
451 12 -1
789 53 20 53 22 961 1133 965 1137
452 11 -1
790 78 97 78 97 962 1134 964 1136
453 3 -1
791 45 96 47 97 963 1135 968 1140
454 14 -1
793 63 10 63 12 965 1137 968 1140
455 13 -1
794 0 88 2 89 966 1138 970 1142
456 12 -1
795 37 22 39 22 967 1139 969 1141
457 7 -1
796 37 36 37 36 968 1140 972 1144
458 10 -1
797 30 18 30 18 969 1141 970 1142
459 12 -1
798 10 0 11 1 970 1142 973 1145
460 8 -1
799 81 41 81 43 971 1143 973 1145
461 0 -1
800 13 50 13 52 972 1144 977 1149
462 5 -1
802 65 86 67 88 974 1146 978 1150
463 4 -1
803 51 79 52 80 975 1147 977 1149
464 2 -1
805 32 43 32 47 977 1149 982 1154
465 7 -1
806 47 1 56 1 978 1150 987 1159
466 1 -1
807 34 30 34 31 979 1151 981 1153
467 9 -1
810 2 97 3 97 982 1154 983 1155
468 9 -1
813 32 63 33 63 985 1157 986 1158
469 13 -1
818 8 74 9 75 990 1162 992 1164
470 7 -1
820 76 90 78 91 992 1164 995 1167
471 3 -1
824 22 97 24 97 996 1168 998 1170
472 3 -1
825 67 43 68 45 997 1169 1000 1172
473 10 -1
827 96 44 96 44 999 1171 1000 1172
474 8 -1
828 13 56 15 56 1000 1172 1010 1182
475 5 -1
830 85 53 85 53 1002 1174 1005 1177
476 8 -1
831 32 17 32 17 1003 1175 1004 1176
477 0 -1
833 24 57 26 57 1005 1177 1007 1179
478 4 -1
834 29 61 29 61 1006 1178 1008 1180
479 8 -1
835 20 46 24 48 1007 1179 1017 1189
480 15 -1
839 11 30 12 30 1011 1183 1013 1185
481 6 -1
841 20 78 24 78 1013 1185 1017 1189
482 12 -1
842 79 77 79 78 1014 1186 1016 1188
483 15 -1
844 21 27 23 30 1016 1188 1021 1193
484 14 -1
845 21 10 22 11 1017 1189 1019 1191
485 15 -1
846 33 92 34 96 1018 1190 1024 1196
486 10 -1
847 18 22 19 22 1019 1191 1020 1192
487 8 -1
850 84 16 84 19 1022 1194 1025 1197
488 6 -1
851 32 84 36 84 1023 1195 1027 1199
489 3 -1
854 4 49 4 50 1026 1198 1027 1199
490 8 -1
856 17 55 18 56 1028 1200 1031 1203
491 7 -1
859 17 13 22 13 1031 1203 1036 1208
492 2 -1
860 67 47 67 47 1032 1204 1033 1205
493 15 -1
861 6 60 8 60 1033 1205 1035 1207
494 5 -1
864 75 63 75 66 1036 1208 1039 1211
495 7 -1
867 10 80 10 81 1039 1211 1040 1212
496 8 -1
868 41 98 42 99 1040 1212 1042 1214
497 4 -1
871 53 86 57 96 1043 1215 1059 1231
498 13 -1
873 52 65 54 65 1045 1217 1047 1219
499 10 -1
874 51 8 54 9 1046 1218 1051 1223
500 4 -1
875 68 60 69 62 1047 1219 1050 1222
501 9 -1
877 99 51 99 54 1049 1221 1052 1224
502 10 -1
878 67 10 68 11 1050 1222 1052 1224
503 14 -1
879 75 59 75 61 1051 1223 1053 1225
504 14 -1
880 35 79 35 79 1052 1224 1056 1228
505 2 -1
881 59 24 65 24 1053 1225 1059 1231
506 2 -1
882 19 76 21 76 1054 1226 1056 1228
507 5 -1
885 29 65 29 65 1057 1229 1058 1230
508 7 -1
887 41 13 43 13 1059 1231 1062 1234
509 7 -1
889 20 84 23 84 1061 1233 1064 1236
510 12 -1
891 6 57 7 58 1063 1235 1065 1237
511 6 -1
893 63 24 63 26 1065 1237 1067 1239
512 2 -1
894 7 85 7 88 1066 1238 1069 1241
513 7 -1
895 25 37 26 37 1067 1239 1070 1242
514 7 -1
896 59 4 61 4 1068 1240 1070 1242
515 14 -1
897 98 66 99 66 1069 1241 1070 1242
516 11 -1
898 40 82 42 82 1070 1242 1072 1244
517 10 -1
899 18 70 20 70 1071 1243 1073 1245
518 5 -1
900 45 44 48 45 1072 1244 1078 1250
519 0 -1
901 18 64 18 64 1073 1245 1075 1247
520 0 -1
902 37 82 37 83 1074 1246 1075 1247
521 9 -1
905 99 52 99 53 1077 1249 1078 1250
522 9 -1
910 46 83 47 83 1082 1254 1083 1255
523 9 -1
912 76 95 85 95 1084 1256 1094 1266
524 0 -1
914 62 81 64 85 1086 1258 1093 1265
525 7 -1
917 55 31 57 31 1089 1261 1093 1265
526 11 -1
919 0 35 2 35 1091 1263 1093 1265
527 0 -1
920 81 97 81 99 1092 1264 1095 1267
528 11 -1
921 67 52 67 53 1093 1265 1094 1266
529 13 -1
923 72 98 73 98 1095 1267 1096 1268
530 11 -1
925 53 75 56 75 1097 1269 1100 1272
531 14 -1
926 28 80 33 84 1098 1270 1107 1279
532 8 -1
927 36 83 38 83 1099 1271 1102 1274
533 12 -1
928 51 0 52 0 1100 1272 1101 1273
534 6 -1
929 34 33 34 34 1101 1273 1102 1274
535 6 -1
931 46 84 47 85 1103 1275 1105 1277
536 7 -1
933 91 73 93 77 1105 1277 1112 1284
537 6 -1
935 13 21 15 21 1107 1279 1109 1281
538 8 -1
936 46 14 47 14 1108 1280 1109 1281
539 13 -1
937 93 37 93 40 1109 1281 1113 1285
540 6 -1
938 65 87 69 87 1110 1282 1114 1286
541 1 -1
940 94 25 94 26 1112 1284 1114 1286
542 1 -1
942 55 38 56 38 1114 1286 1115 1287
543 11 -1
943 93 41 97 43 1115 1287 1122 1294
544 8 -1
944 56 59 56 60 1116 1288 1117 1289
545 12 -1
945 87 63 90 63 1117 1289 1120 1292
546 4 -1
947 29 97 42 97 1119 1291 1132 1304
547 11 -1
948 31 90 34 90 1120 1292 1123 1295
548 0 -1
950 53 69 53 70 1122 1294 1124 1296
549 12 -1
951 29 55 30 55 1123 1295 1125 1297
550 6 -1
954 9 99 9 100 1126 1298 1128 1300
551 9 -1
955 14 35 15 35 1127 1299 1128 1300
552 0 -1
957 69 7 69 8 1129 1301 1132 1304
553 6 -1
958 5 36 5 36 1130 1302 1131 1303
554 5 -1
963 59 31 59 31 1135 1307 1138 1310
555 12 -1
964 92 39 94 39 1136 1308 1138 1310
556 5 -1
966 89 97 89 98 1138 1310 1140 1312
557 0 -1
969 68 76 68 76 1141 1313 1143 1315
558 6 -1
972 51 39 57 39 1144 1316 1150 1322
559 4 -1
973 36 45 40 45 1145 1317 1149 1321
560 14 -1
974 20 19 29 19 1146 1318 1156 1328
561 7 -1
976 64 43 66 43 1148 1320 1153 1325
562 4 -1
979 27 14 29 15 1151 1323 1155 1327
563 12 -1
981 4 38 4 38 1153 1325 1154 1326
564 3 -1
983 85 15 87 15 1155 1327 1158 1330
565 10 -1
984 56 61 58 64 1156 1328 1162 1334
566 13 -1
987 96 57 97 60 1159 1331 1163 1335
567 15 -1
989 35 59 37 59 1161 1333 1164 1336
568 3 -1
990 72 18 72 20 1162 1334 1166 1338
569 12 -1
992 82 40 86 40 1164 1336 1168 1340
570 14 -1
993 46 35 47 35 1165 1337 1167 1339
571 7 -1
994 61 14 62 15 1166 1338 1170 1342
572 9 -1
996 10 99 10 99 1168 1340 1170 1342
573 12 -1
997 47 51 47 53 1169 1341 1171 1343
574 10 -1
998 95 84 96 84 1170 1342 1171 1343
575 1 -1
999 68 86 68 87 1171 1343 1173 1345
576 6 -1
1001 75 20 41 25 1173 1345 1222 1394
577 9 -1
1004 16 99 18 99 1176 1348 1178 1350
578 9 -1
1008 20 0 20 1 1180 1352 1181 1353
579 2 -1
1010 18 66 18 66 1182 1354 1184 1356
580 11 -1
1012 98 19 98 20 1184 1356 1185 1357
581 14 -1
1015 6 6 7 6 1187 1359 1188 1360
582 3 -1
1016 72 73 73 73 1188 1360 1189 1361
583 12 -1
1017 61 93 61 93 1189 1361 1192 1364
584 14 -1
1018 53 20 63 21 1190 1362 1204 1376
585 12 -1
1019 70 54 79 54 1191 1363 1201 1373
586 1 -1
1020 44 85 47 85 1192 1364 1195 1367
587 8 -1
1021 72 52 72 52 1193 1365 1194 1366
588 6 -1
1022 55 59 55 63 1194 1366 1208 1380
589 0 -1
1025 18 44 22 45 1197 1369 1202 1374
590 13 -1
1027 24 67 24 68 1199 1371 1200 1372
591 9 -1
1028 69 90 70 90 1200 1372 1201 1373
592 5 -1
1031 59 33 61 33 1203 1375 1212 1384
593 15 -1
1032 52 27 57 28 1204 1376 1211 1383
594 7 -1
1033 5 70 7 71 1205 1377 1209 1381
595 14 -1
1035 17 8 17 10 1207 1379 1209 1381
596 11 -1
1036 49 41 50 42 1208 1380 1210 1382
597 4 -1
1037 25 38 26 38 1209 1381 1210 1382
598 8 -1
1039 13 79 13 80 1211 1383 1212 1384
599 10 -1
1040 75 67 75 68 1212 1384 1213 1385
600 9 -1
1042 85 9 85 17 1214 1386 1225 1397
601 10 -1
1044 40 77 41 77 1216 1388 1217 1389
602 4 -1
1045 69 57 69 57 1217 1389 1220 1392
603 7 -1
1051 58 23 58 23 1223 1395 1224 1396
604 15 -1
1053 49 26 49 27 1225 1397 1226 1398
605 12 -1
1056 78 3 78 4 1228 1400 1230 1402
606 6 -1
1057 7 43 9 43 1229 1401 1231 1403
607 6 -1
1059 18 23 20 25 1231 1403 1235 1407
608 5 -1
1060 34 12 38 13 1232 1404 1237 1409
609 9 -1
1063 48 43 48 43 1235 1407 1238 1410
610 7 -1
1065 6 13 8 13 1237 1409 1240 1412
611 1 -1
1066 9 73 11 73 1238 1410 1240 1412
612 0 -1
1067 94 42 94 42 1239 1411 1240 1412
613 5 -1
1070 39 46 44 51 1242 1414 1254 1426
614 0 -1
1071 39 96 44 96 1243 1415 1248 1420
615 8 -1
1073 22 32 26 41 1245 1417 1260 1432
616 2 -1
1074 70 52 71 52 1246 1418 1247 1419
617 8 -1
1075 4 63 6 64 1247 1419 1250 1422
618 6 -1
1078 8 12 12 12 1250 1422 1254 1426
619 3 -1
1082 86 44 87 44 1254 1426 1255 1427
620 8 -1
1083 81 54 83 54 1255 1427 1257 1429
621 1 -1
1084 95 89 95 91 1256 1428 1262 1434
622 0 -1
1085 68 81 71 81 1257 1429 1260 1432
623 3 -1
1086 36 32 40 32 1258 1430 1262 1434
624 1 -1
1090 74 15 75 15 1262 1434 1263 1435
625 4 -1
1091 95 46 95 47 1263 1435 1264 1436
626 1 -1
1092 10 52 11 52 1264 1436 1265 1437
627 3 -1
1095 55 63 58 63 1267 1439 1270 1442
628 0 -1
1097 5 84 6 84 1269 1441 1272 1444
629 1 -1
1098 79 19 82 19 1270 1442 1274 1446
630 9 -1
1099 57 68 61 69 1271 1443 1276 1448
631 3 -1
1100 61 27 62 28 1272 1444 1277 1449
632 2 -1
1102 2 50 3 51 1274 1446 1277 1449
633 9 -1
1103 98 42 96 44 1275 1447 1282 1454
634 12 -1
1104 68 38 69 38 1276 1448 1277 1449
635 11 -1
1105 93 78 93 78 1277 1449 1278 1450
636 2 -1
1107 1 29 9 30 1279 1451 1289 1461
637 1 -1
1109 13 47 13 49 1281 1453 1284 1456
638 10 -1
1111 25 46 25 46 1283 1455 1285 1457
639 2 -1
1113 68 94 69 94 1285 1457 1286 1458
640 13 -1
1114 82 4 83 4 1286 1458 1287 1459
641 6 -1
1115 56 82 58 82 1287 1459 1290 1462
642 11 -1
1116 95 87 89 89 1288 1460 1299 1471
643 14 -1
1118 12 1 12 1 1290 1462 1292 1464
644 8 -1
1120 95 87 95 87 1292 1464 1294 1466
645 14 -1
1121 83 94 83 95 1293 1465 1294 1466
646 14 -1
1122 33 99 35 100 1294 1466 1297 1469
647 12 -1
1124 44 8 47 11 1296 1468 1303 1475
648 4 -1
1125 18 94 19 95 1297 1469 1299 1471
649 0 -1
1126 48 75 57 75 1298 1470 1310 1482
650 10 -1
1129 8 39 9 39 1301 1473 1302 1474
651 14 -1
1130 45 52 46 52 1302 1474 1303 1475
652 6 -1
1132 56 3 58 3 1304 1476 1306 1478
653 14 -1
1133 35 52 38 52 1305 1477 1308 1480
654 14 -1
1137 39 23 41 24 1309 1481 1313 1485
655 3 -1
1138 40 83 41 83 1310 1482 1311 1483
656 8 -1
1139 79 80 80 80 1311 1483 1312 1484
657 12 -1
1141 60 58 62 58 1313 1485 1315 1487
658 13 -1
1142 0 49 2 50 1314 1486 1317 1489
659 13 -1
1144 96 39 97 40 1316 1488 1319 1491
660 5 -1
1147 9 52 10 52 1319 1491 1320 1492
661 2 -1
1150 7 88 8 88 1322 1494 1323 1495
662 5 -1
1151 29 78 29 78 1323 1495 1325 1497
663 12 -1
1154 76 97 77 97 1326 1498 1327 1499
664 4 -1
1156 3 31 4 32 1328 1500 1330 1502
665 11 -1
1157 60 34 64 35 1329 1501 1334 1506
666 0 -1
1158 55 63 59 63 1330 1502 1334 1506
667 13 -1
1159 21 55 21 57 1331 1503 1333 1505
668 1 -1
1164 32 42 35 42 1336 1508 1339 1511
669 12 -1
1166 73 34 75 35 1338 1510 1341 1513
670 11 -1
1169 93 46 94 48 1341 1513 1344 1516
671 12 -1
1170 58 74 58 76 1342 1514 1345 1517
672 14 -1
1171 83 46 85 53 1343 1515 1352 1524
673 11 -1
1172 86 19 87 19 1344 1516 1345 1517
674 4 -1
1174 51 25 53 26 1346 1518 1353 1525
675 11 -1
1175 38 2 38 2 1347 1519 1350 1522
676 6 -1
1176 17 92 17 93 1348 1520 1350 1522
677 0 -1
1177 34 7 34 8 1349 1521 1351 1523
678 5 -1
1179 66 60 66 61 1351 1523 1352 1524
679 15 -1
1186 54 46 55 47 1358 1530 1360 1532
680 15 -1
1187 3 4 4 5 1359 1531 1361 1533
681 12 -1
1188 73 38 73 38 1360 1532 1361 1533
682 13 -1
1190 74 43 74 44 1362 1534 1363 1535
683 12 -1
1191 64 0 65 0 1363 1535 1365 1537
684 7 -1
1194 16 46 17 47 1366 1538 1368 1540
685 6 -1
1195 27 50 30 50 1367 1539 1370 1542
686 13 -1
1197 44 54 47 54 1369 1541 1372 1544
687 6 -1
1198 64 16 64 18 1370 1542 1374 1546
688 15 -1
1201 61 51 65 51 1373 1545 1378 1550
689 9 -1
1202 30 39 30 39 1374 1546 1375 1547
690 6 -1
1203 48 46 49 46 1375 1547 1376 1548
691 0 -1
1205 26 31 26 34 1377 1549 1380 1552
692 14 -1
1207 12 78 13 78 1379 1551 1383 1555
693 6 -1
1208 43 77 43 79 1380 1552 1382 1554
694 7 -1
1209 78 9 79 9 1381 1553 1382 1554
695 8 -1
1211 18 90 21 91 1383 1555 1387 1559
696 15 -1
1214 15 58 20 58 1386 1558 1392 1564
697 0 -1
1217 7 65 9 65 1389 1561 1391 1563
698 0 -1
1218 21 21 21 21 1390 1562 1391 1563
699 1 -1
1219 42 90 49 90 1391 1563 1398 1570
700 1 -1
1220 48 67 49 67 1392 1564 1393 1565
701 10 -1
1222 0 37 0 38 1394 1566 1397 1569
702 12 -1
1223 97 78 97 81 1395 1567 1399 1571
703 4 -1
1226 82 29 84 30 1398 1570 1401 1573
704 3 -1
1227 10 23 11 23 1399 1571 1400 1572
705 2 -1
1229 28 19 28 19 1401 1573 1402 1574
706 0 -1
1230 92 13 93 16 1402 1574 1407 1579
707 1 -1
1231 26 93 26 93 1403 1575 1404 1576
708 2 -1
1233 66 9 67 9 1405 1577 1407 1579
709 9 -1
1235 65 35 66 35 1407 1579 1408 1580
710 11 -1
1236 46 23 51 23 1408 1580 1413 1585
711 2 -1
1237 89 59 89 61 1409 1581 1414 1586
712 3 -1
1238 77 52 81 53 1410 1582 1415 1587
713 3 -1
1240 75 42 77 42 1412 1584 1416 1588
714 9 -1
1241 99 97 99 98 1413 1585 1414 1586
715 3 -1
1242 74 92 77 97 1414 1586 1427 1599
716 9 -1
1243 72 77 72 79 1415 1587 1417 1589
717 15 -1
1244 43 20 50 20 1416 1588 1423 1595
718 9 -1
1246 74 16 76 23 1418 1590 1427 1599
719 11 -1
1250 5 88 5 88 1422 1594 1423 1595
720 11 -1
1254 17 57 19 61 1426 1598 1433 1605
721 4 -1
1255 56 34 58 36 1427 1599 1431 1603
722 4 -1
1258 18 8 32 8 1430 1602 1446 1618
723 6 -1
1259 9 24 12 24 1431 1603 1449 1621
724 3 -1
1260 3 38 8 39 1432 1604 1438 1610
725 3 -1
1261 82 59 89 59 1433 1605 1440 1612
726 15 -1
1263 62 70 68 71 1435 1607 1442 1614
727 5 -1
1264 79 66 81 68 1436 1608 1440 1612
728 3 -1
1265 32 65 32 66 1437 1609 1439 1611
729 5 -1
1266 11 13 12 13 1438 1610 1439 1611
730 2 -1
1268 86 27 86 30 1440 1612 1443 1615
731 6 -1
1276 78 49 79 49 1448 1620 1449 1621
732 7 -1
1277 44 15 47 16 1449 1621 1454 1626
733 10 -1
1281 4 66 5 66 1453 1625 1455 1627
734 8 -1
1284 63 34 65 34 1456 1628 1458 1630
735 13 -1
1287 25 97 29 97 1459 1631 1463 1635
736 13 -1
1290 51 4 51 7 1462 1634 1469 1641
737 3 -1
1291 9 75 10 76 1463 1635 1466 1638
738 12 -1
1292 55 32 75 34 1464 1636 1490 1662
739 9 -1
1297 44 74 45 76 1469 1641 1472 1644
740 15 -1
1298 2 54 3 54 1470 1642 1471 1643
741 13 -1
1299 65 67 68 67 1471 1643 1474 1646
742 13 -1
1300 37 62 37 64 1472 1644 1474 1646
743 12 -1
1307 4 35 4 36 1479 1651 1480 1652
744 10 -1
1309 53 89 55 89 1481 1653 1483 1655
745 13 -1
1312 67 20 67 22 1484 1656 1486 1658
746 14 -1
1313 21 36 21 36 1485 1657 1486 1658
747 13 -1
1314 67 30 71 30 1486 1658 1490 1662
748 10 -1
1315 89 39 92 41 1487 1659 1492 1664
749 15 -1
1316 53 86 55 86 1488 1660 1490 1662
750 11 -1
1317 25 0 27 0 1489 1661 1491 1663
751 7 -1
1318 55 35 58 35 1490 1662 1493 1665
752 1 -1
1319 40 12 40 14 1491 1663 1493 1665
753 7 -1
1320 47 47 47 47 1492 1664 1493 1665
754 12 -1
1321 62 74 64 74 1493 1665 1495 1667
755 6 -1
1323 55 94 55 95 1495 1667 1497 1669
756 9 -1
1324 87 42 89 44 1496 1668 1501 1673
757 10 -1
1325 19 66 24 66 1497 1669 1503 1675
758 1 -1
1326 91 30 92 30 1498 1670 1499 1671
759 10 -1
1327 35 11 45 11 1499 1671 1509 1681
760 11 -1
1329 17 36 19 36 1501 1673 1503 1675
761 10 -1
1332 23 97 24 97 1504 1676 1506 1678
762 6 -1
1333 12 41 13 41 1505 1677 1506 1678
763 11 -1
1335 29 64 40 64 1507 1679 1523 1695
764 14 -1
1336 81 45 82 45 1508 1680 1509 1681
765 10 -1
1338 50 15 53 15 1510 1682 1513 1685
766 7 -1
1340 1 12 7 13 1512 1684 1519 1691
767 3 -1
1342 71 42 73 42 1514 1686 1517 1689
768 2 -1
1344 42 26 43 27 1516 1688 1518 1690
769 1 -1
1345 59 60 59 61 1517 1689 1518 1690
770 6 -1
1347 39 8 40 8 1519 1691 1522 1694
771 3 -1
1348 32 68 35 70 1520 1692 1525 1697
772 0 -1
1349 18 48 21 50 1521 1693 1527 1699
773 11 -1
1354 10 38 11 38 1526 1698 1529 1701
774 14 -1
1355 51 46 51 48 1527 1699 1532 1704
775 6 -1
1359 53 3 55 6 1531 1703 1536 1708
776 10 -1
1362 77 83 78 83 1534 1706 1536 1708
777 8 -1
1365 52 75 53 75 1537 1709 1538 1710
778 3 -1
1368 75 29 76 29 1540 1712 1542 1714
779 1 -1
1369 15 78 42 83 1541 1713 1576 1748
780 3 -1
1370 94 69 96 69 1542 1714 1544 1716
781 0 -1
1372 99 37 99 37 1544 1716 1549 1721
782 4 -1
1374 73 57 75 57 1546 1718 1548 1720
783 7 -1
1375 81 49 87 50 1547 1719 1554 1726
784 12 -1
1376 16 89 17 89 1548 1720 1549 1721
785 14 -1
1377 44 85 46 85 1549 1721 1552 1724
786 7 -1
1378 69 53 69 53 1550 1722 1551 1723
787 13 -1
1379 63 33 67 33 1551 1723 1555 1727
788 10 -1
1381 67 50 68 52 1553 1725 1556 1728
789 4 -1
1382 93 1 96 1 1554 1726 1557 1729
790 12 -1
1383 78 11 80 11 1555 1727 1557 1729
791 1 -1
1385 91 52 96 53 1557 1729 1563 1735
792 13 -1
1386 84 35 87 35 1558 1730 1561 1733
793 11 -1
1387 50 58 56 62 1559 1731 1570 1742
794 8 -1
1388 60 17 61 17 1560 1732 1563 1735
795 14 -1
1389 1 71 2 72 1561 1733 1563 1735
796 8 -1
1390 3 45 4 45 1562 1734 1564 1736
797 6 -1
1391 96 80 96 82 1563 1735 1565 1737
798 15 -1
1393 95 3 95 3 1565 1737 1567 1739
799 13 -1
1395 11 9 15 13 1567 1739 1575 1747
800 11 -1
1396 18 47 18 48 1568 1740 1569 1741
801 2 -1
1400 69 45 72 45 1572 1744 1575 1747
802 1 -1
1401 26 78 29 78 1573 1745 1576 1748
803 1 -1
1402 48 28 52 31 1574 1746 1581 1753
804 8 -1
1403 84 65 86 65 1575 1747 1577 1749
805 0 -1
1406 86 74 87 74 1578 1750 1579 1751
806 13 -1
1411 95 25 97 25 1583 1755 1585 1757
807 8 -1
1412 63 88 65 91 1584 1756 1590 1762
808 6 -1
1413 36 66 36 67 1585 1757 1586 1758
809 3 -1
1414 31 49 33 49 1586 1758 1588 1760
810 10 -1
1415 1 57 1 58 1587 1759 1589 1761
811 3 -1
1417 97 99 98 99 1589 1761 1590 1762
812 3 -1
1418 14 31 16 32 1590 1762 1595 1767
813 3 -1
1419 78 36 78 36 1591 1763 1598 1770
814 11 -1
1420 17 57 24 57 1592 1764 1600 1772
815 11 -1
1423 57 42 57 43 1595 1767 1596 1768
816 13 -1
1426 58 65 58 65 1598 1770 1600 1772
817 9 -1
1428 39 32 42 32 1600 1772 1603 1775
818 2 -1
1429 20 67 21 67 1601 1773 1603 1775
819 11 -1
1430 62 24 62 24 1602 1774 1603 1775
820 1 -1
1431 73 90 74 92 1603 1775 1606 1778
821 3 -1
1432 68 58 69 58 1604 1776 1605 1777
822 14 -1
1434 9 46 9 46 1606 1778 1607 1779
823 13 -1
1435 28 95 32 96 1607 1779 1614 1786
824 8 -1
1436 95 39 95 41 1608 1780 1610 1782
825 3 -1
1438 17 95 19 95 1610 1782 1614 1786
826 7 -1
1439 8 2 8 3 1611 1783 1612 1784
827 14 -1
1440 44 67 46 68 1612 1784 1615 1787
828 9 -1
1441 28 8 35 8 1613 1785 1620 1792
829 15 -1
1442 68 43 68 43 1614 1786 1616 1788
830 10 -1
1443 65 17 68 17 1615 1787 1620 1792
831 5 -1
1444 64 50 66 50 1616 1788 1618 1790
832 11 -1
1446 22 17 27 17 1618 1790 1624 1796
833 14 -1
1447 96 57 96 57 1619 1791 1621 1793
834 11 -1
1448 83 36 83 37 1620 1792 1622 1794
835 5 -1
1452 48 79 48 79 1624 1796 1625 1797
836 13 -1
1454 67 72 67 75 1626 1798 1630 1802
837 11 -1
1455 66 53 68 53 1627 1799 1629 1801
838 1 -1
1456 50 30 51 30 1628 1800 1629 1801
839 12 -1
1457 40 88 46 88 1629 1801 1635 1807
840 8 -1
1458 25 19 27 21 1630 1802 1640 1812
841 11 -1
1461 29 37 31 38 1633 1805 1636 1808
842 10 -1
1462 54 11 55 12 1634 1806 1638 1810
843 14 -1
1463 72 27 73 28 1635 1807 1637 1809
844 8 -1
1465 23 48 23 48 1637 1809 1639 1811
845 14 -1
1466 49 51 51 51 1638 1810 1640 1812
846 9 -1
1468 68 19 68 20 1640 1812 1641 1813
847 1 -1
1469 89 43 91 43 1641 1813 1646 1818
848 10 -1
1470 69 4 69 4 1642 1814 1643 1815
849 13 -1
1472 22 72 27 72 1644 1816 1649 1821
850 13 -1
1473 61 3 64 3 1645 1817 1650 1822
851 4 -1
1474 39 79 43 86 1646 1818 1657 1829
852 9 -1
1475 68 84 70 84 1647 1819 1649 1821
853 2 -1
1478 54 47 55 47 1650 1822 1656 1828
854 7 -1
1479 93 51 94 51 1651 1823 1653 1825
855 9 -1
1481 23 32 24 32 1653 1825 1655 1827
856 7 -1
1483 10 93 11 97 1655 1827 1666 1838
857 14 -1
1486 61 62 61 63 1658 1830 1663 1835
858 0 -1
1487 74 19 75 22 1659 1831 1663 1835
859 14 -1
1493 52 20 53 21 1665 1837 1667 1839
860 9 -1
1495 74 76 74 77 1667 1839 1668 1840
861 12 -1
1496 37 6 41 6 1668 1840 1672 1844
862 9 -1
1497 8 73 12 73 1669 1841 1673 1845
863 4 -1
1499 35 36 37 36 1671 1843 1673 1845
864 7 -1
1500 98 3 99 3 1672 1844 1674 1846
865 2 -1
1501 69 13 75 13 1673 1845 1681 1853
866 5 -1
1502 99 63 95 63 1674 1846 1678 1850
867 12 -1
1504 88 9 94 14 1676 1848 1689 1861
868 3 -1
1505 89 96 93 100 1677 1849 1687 1859
869 4 -1
1506 63 24 65 24 1678 1850 1680 1852
870 7 -1
1507 44 75 46 75 1679 1851 1682 1854
871 10 -1
1508 84 90 90 90 1680 1852 1686 1858
872 7 -1
1509 97 38 98 38 1681 1853 1682 1854
873 15 -1
1511 76 72 78 72 1683 1855 1685 1857
874 9 -1
1513 18 23 22 24 1685 1857 1690 1862
875 9 -1
1515 3 50 3 51 1687 1859 1688 1860
876 10 -1
1516 51 81 54 81 1688 1860 1691 1863
877 13 -1
1517 16 61 17 63 1689 1861 1692 1864
878 1 -1
1518 84 8 84 10 1690 1862 1693 1865
879 13 -1
1519 48 62 48 63 1691 1863 1692 1864
880 10 -1
1521 24 73 26 75 1693 1865 1697 1869
881 10 -1
1522 60 97 61 97 1694 1866 1696 1868
882 13 -1
1523 73 30 75 30 1695 1867 1697 1869
883 2 -1
1527 99 83 97 84 1699 1871 1703 1875
884 12 -1
1528 39 15 39 15 1700 1872 1701 1873
885 13 -1
1533 18 93 18 93 1705 1877 1706 1878
886 7 -1
1534 80 15 86 18 1706 1878 1715 1887
887 5 -1
1535 11 82 13 82 1707 1879 1710 1882
888 1 -1
1536 16 68 16 70 1708 1880 1710 1882
889 12 -1
1538 6 27 7 29 1710 1882 1714 1886
890 7 -1
1540 36 56 36 56 1712 1884 1713 1885
891 12 -1
1543 51 57 52 59 1715 1887 1718 1890
892 8 -1
1544 64 75 64 75 1716 1888 1718 1890
893 12 -1
1545 38 26 40 26 1717 1889 1719 1891
894 15 -1
1547 71 99 72 96 1719 1891 1724 1896
895 9 -1
1550 70 90 72 90 1722 1894 1724 1896
896 5 -1
1551 37 98 37 100 1723 1895 1725 1897
897 8 -1
1552 13 22 13 25 1724 1896 1729 1901
898 13 -1
1554 16 2 18 4 1726 1898 1730 1902
899 3 -1
1555 42 17 44 17 1727 1899 1729 1901
900 5 -1
1556 70 55 70 55 1728 1900 1730 1902
901 7 -1
1559 37 62 39 65 1731 1903 1737 1909
902 1 -1
1560 36 99 42 99 1732 1904 1738 1910
903 5 -1
1562 9 45 11 45 1734 1906 1736 1908
904 9 -1
1563 99 99 91 100 1735 1907 1745 1917
905 8 -1
1564 58 71 60 71 1736 1908 1738 1910
906 4 -1
1566 15 89 15 91 1738 1910 1740 1912
907 5 -1
1567 80 12 81 14 1739 1911 1743 1915
908 6 -1
1573 76 9 82 10 1745 1917 1753 1925
909 5 -1
1575 87 25 88 25 1747 1919 1748 1920
910 7 -1
1576 75 94 75 96 1748 1920 1750 1922
911 15 -1
1577 20 67 22 67 1749 1921 1751 1923
912 0 -1
1579 31 18 31 19 1751 1923 1754 1926
913 7 -1
1580 2 49 3 49 1752 1924 1754 1926
914 10 -1
1582 38 1 38 2 1754 1926 1755 1927
915 14 -1
1584 5 51 6 51 1756 1928 1757 1929
916 12 -1
1587 51 12 62 12 1759 1931 1771 1943
917 13 -1
1588 57 74 57 76 1760 1932 1764 1936
918 7 -1
1589 49 63 49 63 1761 1933 1763 1935
919 13 -1
1590 19 97 20 98 1762 1934 1765 1937
920 11 -1
1591 44 20 49 20 1763 1935 1768 1940
921 13 -1
1593 26 34 28 36 1765 1937 1769 1941
922 4 -1
1594 6 16 7 16 1766 1938 1768 1940
923 10 -1
1596 3 86 5 86 1768 1940 1770 1942
924 14 -1
1598 74 17 75 17 1770 1942 1771 1943
925 15 -1
1599 21 8 22 10 1771 1943 1775 1947
926 15 -1
1600 0 97 0 98 1772 1944 1773 1945
927 1 -1
1603 99 33 98 33 1775 1947 1776 1948
928 1 -1
1606 1 83 3 83 1778 1950 1780 1952
929 3 -1
1608 99 73 99 74 1780 1952 1781 1953
930 10 -1
1609 62 18 64 18 1781 1953 1783 1955
931 7 -1
1610 70 73 70 73 1782 1954 1783 1955
932 15 -1
1611 59 19 61 19 1783 1955 1785 1957
933 1 -1
1613 23 19 25 19 1785 1957 1787 1959
934 2 -1
1615 10 96 11 96 1787 1959 1788 1960
935 13 -1
1618 72 25 74 25 1790 1962 1793 1965
936 9 -1
1620 35 17 40 17 1792 1964 1797 1969
937 11 -1
1621 69 35 75 35 1793 1965 1800 1972
938 4 -1
1623 92 4 95 5 1795 1967 1800 1972
939 2 -1
1624 41 73 41 73 1796 1968 1797 1969
940 10 -1
1625 68 56 68 56 1797 1969 1800 1972
941 4 -1
1626 86 43 86 45 1798 1970 1800 1972
942 6 -1
1627 7 45 12 53 1799 1971 1812 1984
943 10 -1
1629 29 79 29 80 1801 1973 1802 1974
944 3 -1
1631 34 32 36 32 1803 1975 1805 1977
945 14 -1
1633 19 41 22 48 1805 1977 1815 1987
946 6 -1
1634 26 50 26 51 1806 1978 1808 1980
947 13 -1
1637 37 18 38 18 1809 1981 1810 1982
948 9 -1
1638 30 15 33 15 1810 1982 1813 1985
949 6 -1
1640 28 65 29 74 1812 1984 1822 1994
950 10 -1
1641 8 82 8 82 1813 1985 1816 1988
951 12 -1
1642 20 7 24 7 1814 1986 1818 1990
952 9 -1
1645 5 25 6 25 1817 1989 1818 1990
953 3 -1
1648 65 56 66 57 1820 1992 1822 1994
954 12 -1
1649 40 53 40 53 1821 1993 1823 1995
955 3 -1
1650 92 10 92 10 1822 1994 1823 1995
956 5 -1
1656 80 53 80 56 1828 2000 1832 2004
957 10 -1
1657 29 20 29 20 1829 2001 1832 2004
958 8 -1
1659 53 31 57 31 1831 2003 1835 2007
959 6 -1
1660 78 16 79 19 1832 2004 1836 2008
960 10 -1
1661 11 42 18 42 1833 2005 1840 2012
961 8 -1
1662 91 93 93 98 1834 2006 1841 2013
962 1 -1
1663 61 30 63 32 1835 2007 1842 2014
963 8 -1
1664 48 3 50 3 1836 2008 1838 2010
964 10 -1
1665 39 88 39 88 1837 2009 1838 2010
965 15 -1
1668 36 40 39 40 1840 2012 1843 2015
966 11 -1
1671 73 25 76 28 1843 2015 1851 2023
967 8 -1
1672 52 84 53 84 1844 2016 1845 2017
968 13 -1
1673 65 60 69 60 1845 2017 1850 2022
969 9 -1
1675 62 87 63 87 1847 2019 1848 2020
970 0 -1
1676 16 83 17 85 1848 2020 1851 2023
971 10 -1
1678 25 7 25 9 1850 2022 1853 2025
972 3 -1
1679 5 8 11 9 1851 2023 1858 2030
973 0 -1
1680 61 19 65 19 1852 2024 1856 2028
974 14 -1
1683 83 88 86 91 1855 2027 1862 2034
975 3 -1
1685 16 94 16 97 1857 2029 1860 2032
976 1 -1
1686 87 90 96 90 1858 2030 1868 2040
977 4 -1
1687 66 68 67 70 1859 2031 1863 2035
978 7 -1
1688 60 13 63 14 1860 2032 1866 2038
979 11 -1
1690 43 10 44 11 1862 2034 1866 2038
980 1 -1
1691 62 66 64 66 1863 2035 1865 2037
981 2 -1
1692 90 92 90 92 1864 2036 1867 2039
982 14 -1
1694 18 46 19 46 1866 2038 1867 2039
983 11 -1
1695 31 9 31 9 1867 2039 1871 2043
984 14 -1
1696 9 69 11 69 1868 2040 1871 2043
985 0 -1
1697 93 84 95 84 1869 2041 1871 2043
986 6 -1
1698 42 85 43 86 1870 2042 1872 2044
987 10 -1
1700 42 63 42 64 1872 2044 1874 2046
988 2 -1
1702 71 9 84 9 1874 2046 1888 2060
989 5 -1
1703 2 15 3 15 1875 2047 1876 2048
990 2 -1
1704 94 66 97 66 1876 2048 1879 2051
991 2 -1
1709 52 75 52 78 1881 2053 1884 2056
992 8 -1
1712 8 57 8 60 1884 2056 1887 2059
993 9 -1
1714 31 14 32 14 1886 2058 1887 2059
994 13 -1
1717 73 97 77 97 1889 2061 1893 2065
995 12 -1
1718 71 99 73 99 1890 2062 1892 2064
996 8 -1
1720 90 25 95 25 1892 2064 1898 2070
997 7 -1
1722 78 87 78 88 1894 2066 1895 2067
998 5 -1
1723 86 86 88 86 1895 2067 1897 2069
999 2 -1
1725 10 11 10 13 1897 2069 1899 2071
1000 10 -1
1726 73 45 76 45 1898 2070 1901 2073
