100 100 2073
4
0 12 21
1 49 72
2 49 76
3 28 98
36
0 0 195 100 6
0
1 0 394 100 6
0
2 0 587 100 6
0
3 0 783 100 6
0
4 0 963 100 6
0
5 0 1149 100 6
0
6 0 1351 100 6
0
7 0 1533 100 6
0
8 0 -1 100 6
0
9 1 225 100 6
0
10 1 394 100 6
0
11 1 576 100 6
0
12 1 755 100 6
0
13 1 942 100 6
0
14 1 1136 100 6
0
15 1 1338 100 6
0
16 1 1538 100 6
0
17 1 -1 100 6
0
18 2 207 100 6
0
19 2 381 100 6
0
20 2 540 100 6
0
21 2 763 100 6
0
22 2 967 100 6
0
23 2 1149 100 6
0
24 2 1347 100 6
0
25 2 1534 100 6
0
26 2 -1 100 6
0
27 3 186 100 6
0
28 3 398 100 6
0
29 3 582 100 6
0
30 3 778 100 6
0
31 3 972 100 6
0
32 3 1168 100 6
0
33 3 1354 100 6
0
34 3 1542 100 6
0
35 3 -1 100 6
0
1000
1 0 -1
2 65 3 68 3 174 346 177 349
2 3 -1
5 16 64 21 64 177 349 182 354
3 0 -1
7 55 11 59 11 179 351 183 355
4 1 -1
8 3 29 11 29 180 352 189 361
5 2 -1
9 95 79 90 79 181 353 187 359
6 2 -1
10 77 27 77 29 182 354 186 358
7 0 -1
11 63 77 63 78 183 355 189 361
8 3 -1
12 98 90 99 91 184 356 186 358
9 2 -1
13 2 48 3 49 185 357 187 359
10 2 -1
14 92 4 92 5 186 358 189 361
11 2 -1
15 80 4 80 7 187 359 193 365
12 3 -1
17 86 3 89 4 189 361 193 365
13 1 -1
18 69 46 75 46 190 362 196 368
14 3 -1
19 43 85 44 85 191 363 192 364
15 1 -1
20 99 63 98 63 192 364 194 366
16 0 -1
21 8 84 8 84 193 365 195 367
17 1 -1
22 59 31 59 35 194 366 198 370
18 0 -1
24 5 76 5 78 196 368 198 370
19 1 -1
29 37 41 41 42 201 373 207 379
20 0 -1
30 46 40 48 40 202 374 204 376
21 1 -1
31 28 0 30 0 203 375 205 377
22 0 -1
33 49 13 50 13 205 377 211 383
23 2 -1
35 57 15 58 15 207 379 208 380
24 2 -1
36 23 37 25 37 208 380 210 382
25 0 -1
39 15 3 16 3 211 383 212 384
26 0 -1
40 72 56 72 57 212 384 213 385
27 3 -1
41 37 82 39 82 213 385 215 387
28 3 -1
42 64 48 64 49 214 386 215 387
29 2 -1
43 45 80 46 80 215 387 216 388
30 1 -1
45 52 63 53 64 217 389 219 391
31 1 -1
49 93 30 95 30 221 393 224 396
32 1 -1
52 5 75 5 77 224 396 231 403
33 2 -1
53 78 49 82 49 225 397 230 402
34 2 -1
54 8 19 8 19 226 398 227 399
35 3 -1
56 52 2 64 4 228 400 245 417
36 0 -1
57 34 49 34 51 229 401 231 403
37 2 -1
59 9 99 9 100 231 403 232 404
38 0 -1
61 34 59 36 59 233 405 235 407
39 0 -1
62 67 71 71 71 234 406 242 414
40 3 -1
64 59 19 67 25 236 408 255 427
41 0 -1
69 97 83 97 84 241 413 243 415
42 3 -1
71 52 9 55 14 243 415 251 423
43 3 -1
73 54 90 56 93 245 417 250 422
44 0 -1
76 36 91 39 91 248 420 251 423
45 0 -1
78 74 44 76 44 250 422 252 424
46 2 -1
80 60 31 62 32 252 424 255 427
47 2 -1
81 80 58 82 58 253 425 255 427
48 3 -1
82 32 80 37 80 254 426 260 432
49 1 -1
83 21 38 24 38 255 427 260 432
50 1 -1
84 17 20 18 20 256 428 257 429
51 2 -1
86 22 69 25 72 258 430 268 440
52 3 -1
87 35 23 35 24 259 431 260 432
53 3 -1
90 94 53 95 53 262 434 263 435
54 0 -1
91 8 39 9 42 263 435 267 439
55 0 -1
92 62 52 62 53 264 436 265 437
56 3 -1
93 91 2 91 2 265 437 268 440
57 1 -1
94 92 85 96 87 266 438 272 444
58 0 -1
96 91 13 93 13 268 440 270 442
59 2 -1
103 64 96 64 99 275 447 278 450
60 1 -1
105 53 14 55 14 277 449 279 451
61 3 -1
106 85 75 95 75 278 450 288 460
62 1 -1
107 75 72 78 72 279 451 282 454
63 0 -1
108 78 9 85 9 280 452 288 460
64 2 -1
110 23 77 29 79 282 454 290 462
65 2 -1
111 26 64 27 64 283 455 284 456
66 0 -1
114 41 25 43 25 286 458 292 464
67 3 -1
115 66 20 66 22 287 459 292 464
68 1 -1
116 10 33 17 36 288 460 300 472
69 0 -1
119 26 42 29 42 291 463 294 466
70 0 -1
120 91 93 92 93 292 464 293 465
71 2 -1
122 2 78 5 79 294 466 298 470
72 1 -1
123 23 84 23 84 295 467 298 470
73 0 -1
124 89 55 93 55 296 468 300 472
74 1 -1
127 61 32 62 32 299 471 300 472
75 1 -1
128 50 83 53 91 300 472 319 491
76 0 -1
130 39 44 40 44 302 474 303 475
77 2 -1
132 90 39 95 40 304 476 319 491
78 1 -1
134 85 23 86 23 306 478 307 479
79 3 -1
135 67 67 68 68 307 479 318 490
80 3 -1
136 17 46 19 46 308 480 310 482
81 3 -1
139 97 69 98 69 311 483 312 484
82 0 -1
140 91 68 91 72 312 484 316 488
83 3 -1
141 53 95 54 98 313 485 318 490
84 3 -1
144 29 83 31 85 316 488 321 493
85 3 -1
145 58 64 58 66 317 489 319 491
86 1 -1
146 30 44 30 45 318 490 319 491
87 3 -1
147 95 45 95 45 319 491 320 492
88 0 -1
148 11 0 11 1 320 492 321 493
89 0 -1
149 48 8 49 8 321 493 323 495
90 2 -1
150 45 96 48 97 322 494 328 500
91 0 -1
153 64 3 64 3 325 497 326 498
92 1 -1
154 46 54 47 56 326 498 330 502
93 0 -1
155 44 74 45 76 327 499 331 503
94 3 -1
156 79 51 80 53 328 500 333 505
95 1 -1
157 23 85 26 85 329 501 334 506
96 3 -1
160 85 88 85 91 332 504 338 510
97 1 -1
162 79 2 80 2 334 506 335 507
98 2 -1
163 16 68 17 68 335 507 336 508
99 0 -1
166 53 18 53 20 338 510 340 512
100 2 -1
167 75 14 78 16 339 511 344 516
101 3 -1
168 65 72 65 73 340 512 342 514
102 0 -1
169 94 91 94 95 341 513 346 518
103 2 -1
170 33 35 36 36 342 514 347 519
104 2 -1
172 92 1 95 3 344 516 349 521
105 2 -1
173 68 51 69 53 345 517 350 522
106 0 -1
174 85 39 85 40 346 518 348 520
107 1 -1
179 92 8 92 8 351 523 352 524
108 0 -1
183 86 41 90 42 355 527 360 532
109 3 -1
184 89 7 90 8 356 528 358 530
110 1 -1
185 11 54 11 55 357 529 359 531
111 1 -1
186 25 65 27 69 358 530 367 539
112 2 -1
187 21 90 27 90 359 531 365 537
113 0 -1
189 38 82 43 82 361 533 366 538
114 2 -1
190 14 36 15 40 362 534 367 539
115 2 -1
193 79 40 80 40 365 537 366 538
116 0 -1
196 3 39 4 39 368 540 370 542
117 1 -1
197 87 66 87 67 369 541 370 542
118 2 -1
198 49 55 64 57 370 542 388 560
119 2 -1
199 62 3 63 3 371 543 372 544
120 0 -1
200 93 52 93 54 372 544 374 546
121 1 -1
201 30 96 31 96 373 545 374 546
122 0 -1
204 63 40 63 41 376 548 377 549
123 3 -1
208 96 21 96 21 380 552 381 553
124 1 -1
209 37 1 37 2 381 553 382 554
125 1 -1
211 64 87 64 89 383 555 386 558
126 2 -1
212 42 47 44 47 384 556 386 558
127 2 -1
213 13 35 15 35 385 557 393 565
128 2 -1
214 35 97 38 97 386 558 391 563
129 3 -1
218 64 18 68 21 390 562 397 569
130 0 -1
219 65 18 67 18 391 563 393 565
131 1 -1
224 69 48 71 49 396 568 399 571
132 0 -1
225 9 99 10 100 397 569 399 571
133 0 -1
229 13 14 15 16 401 573 407 579
134 0 -1
230 95 89 95 90 402 574 403 575
135 0 -1
231 74 71 77 71 403 575 406 578
136 3 -1
236 73 65 75 65 408 580 410 582
137 3 -1
237 68 47 70 47 409 581 411 583
138 0 -1
240 69 48 70 52 412 584 423 595
139 2 -1
242 21 31 22 31 414 586 416 588
140 0 -1
244 13 6 13 6 416 588 421 593
141 1 -1
245 37 61 39 63 417 589 423 595
142 1 -1
246 72 47 73 49 418 590 421 593
143 3 -1
247 60 95 61 95 419 591 422 594
144 3 -1
248 20 70 21 72 420 592 423 595
145 2 -1
250 26 87 26 88 422 594 424 596
146 3 -1
251 22 47 22 49 423 595 426 598
147 1 -1
253 8 25 9 25 425 597 426 598
148 3 -1
255 41 30 42 31 427 599 429 601
149 1 -1
256 43 7 46 7 428 600 432 604
150 1 -1
257 72 95 76 95 429 601 433 605
151 0 -1
258 92 68 92 68 430 602 431 603
152 3 -1
260 55 9 55 9 432 604 434 606
153 3 -1
261 94 42 83 43 433 605 445 617
154 1 -1
266 88 98 89 95 438 610 442 614
155 0 -1
267 9 53 12 53 439 611 442 614
156 1 -1
268 64 85 66 85 440 612 442 614
157 3 -1
269 99 94 99 95 441 613 442 614
158 0 -1
271 50 53 52 56 443 615 449 621
159 1 -1
272 88 4 89 4 444 616 445 617
160 3 -1
274 69 29 69 40 446 618 459 631
161 1 -1
277 90 60 92 60 449 621 451 623
162 0 -1
278 61 73 64 75 450 622 456 628
163 3 -1
279 95 96 97 96 451 623 455 627
164 2 -1
280 65 93 67 93 452 624 455 627
165 3 -1
283 75 10 76 10 455 627 456 628
166 0 -1
285 36 22 39 22 457 629 460 632
167 0 -1
286 53 98 54 100 458 630 461 633
168 3 -1
289 33 49 34 51 461 633 464 636
169 0 -1
293 56 80 60 80 465 637 469 641
170 0 -1
294 62 65 66 65 466 638 470 642
171 0 -1
295 96 99 97 100 467 639 469 641
172 2 -1
296 44 47 48 47 468 640 472 644
173 2 -1
303 57 46 63 47 475 647 484 656
174 1 -1
305 75 49 80 49 477 649 482 654
175 0 -1
306 27 83 28 83 478 650 479 651
176 3 -1
307 49 39 49 41 479 651 481 653
177 2 -1
310 97 31 98 31 482 654 486 658
178 1 -1
311 15 75 19 75 483 655 487 659
179 0 -1
312 31 27 37 28 484 656 493 665
180 3 -1
313 60 1 60 1 485 657 486 658
181 3 -1
315 72 5 74 5 487 659 489 661
182 2 -1
320 46 48 46 56 492 664 508 680
183 0 -1
321 34 62 35 63 493 665 496 668
184 2 -1
323 84 0 84 0 495 667 508 680
185 1 -1
325 60 3 66 3 497 669 505 677
186 2 -1
326 81 38 82 38 498 670 499 671
187 1 -1
327 63 67 63 69 499 671 502 674
188 2 -1
328 77 18 81 18 500 672 505 677
189 2 -1
329 20 98 23 98 501 673 504 676
190 3 -1
330 96 29 91 29 502 674 507 679
191 2 -1
337 24 86 37 86 509 681 522 694
192 1 -1
340 70 84 70 87 512 684 515 687
193 3 -1
342 19 48 19 48 514 686 515 687
194 2 -1
343 83 76 83 78 515 687 518 690
195 0 -1
345 2 7 3 18 517 689 529 701
196 2 -1
349 7 18 8 18 521 693 522 694
197 0 -1
351 79 25 79 25 523 695 524 696
198 0 -1
354 17 89 22 90 526 698 532 704
199 0 -1
356 29 90 29 90 528 700 529 701
200 3 -1
357 86 16 88 16 529 701 533 705
201 1 -1
358 39 68 42 72 530 702 537 709
202 0 -1
359 90 71 92 72 531 703 534 706
203 2 -1
360 4 86 4 86 532 704 534 706
204 0 -1
361 93 36 96 37 533 705 539 711
205 3 -1
363 14 52 15 52 535 707 536 708
206 2 -1
364 78 91 79 91 536 708 537 709
207 0 -1
365 58 54 59 55 537 709 539 711
208 0 -1
367 49 41 53 43 539 711 545 717
209 3 -1
371 97 98 98 98 543 715 544 716
210 3 -1
372 83 55 89 56 544 716 552 724
211 0 -1
373 83 4 85 4 545 717 548 720
212 1 -1
374 65 75 65 76 546 718 547 719
213 2 -1
375 73 88 74 88 547 719 548 720
214 3 -1
377 78 15 78 16 549 721 550 722
215 2 -1
379 56 13 57 13 551 723 552 724
216 1 -1
380 54 42 55 42 552 724 553 725
217 3 -1
381 62 96 63 97 553 725 558 730
218 1 -1
382 55 38 57 38 554 726 556 728
219 2 -1
383 57 12 57 13 555 727 556 728
220 1 -1
388 35 74 36 74 560 732 561 733
221 2 -1
391 20 2 20 2 563 735 565 737
222 2 -1
392 78 17 80 17 564 736 566 738
223 1 -1
394 22 41 25 41 566 738 569 741
224 3 -1
396 68 95 71 97 568 740 573 745
225 1 -1
397 63 6 63 6 569 741 570 742
226 3 -1
400 67 67 69 67 572 744 574 746
227 2 -1
401 87 63 87 63 573 745 575 747
228 3 -1
403 16 31 20 32 575 747 580 752
229 2 -1
404 65 13 67 13 576 748 578 750
230 1 -1
407 93 62 93 63 579 751 580 752
231 0 -1
408 22 79 25 79 580 752 583 755
232 3 -1
411 15 92 15 94 583 755 585 757
233 2 -1
412 83 91 84 91 584 756 585 757
234 3 -1
414 17 80 17 81 586 758 587 759
235 2 -1
418 10 75 10 76 590 762 591 763
236 2 -1
420 62 31 63 31 592 764 593 765
237 1 -1
421 56 46 56 46 593 765 595 767
238 2 -1
423 57 10 57 10 595 767 596 768
239 2 -1
426 12 15 12 18 598 770 603 775
240 1 -1
428 13 12 14 13 600 772 602 774
241 0 -1
433 23 78 23 80 605 777 607 779
242 2 -1
437 97 60 97 61 609 781 610 782
243 1 -1
439 28 85 30 85 611 783 613 785
244 2 -1
441 26 39 28 45 613 785 621 793
245 3 -1
446 76 44 78 45 618 790 622 794
246 0 -1
448 36 22 38 23 620 792 623 795
247 0 -1
450 72 82 80 82 622 794 630 802
248 1 -1
452 53 84 55 84 624 796 627 799
249 2 -1
455 54 59 57 59 627 799 630 802
250 1 -1
460 83 89 85 91 632 804 638 810
251 2 -1
461 14 31 16 31 633 805 635 807
252 0 -1
462 40 52 42 53 634 806 637 809
253 3 -1
464 0 28 2 28 636 808 638 810
254 2 -1
469 0 26 1 27 641 813 643 815
255 2 -1
471 19 58 21 67 643 815 654 826
256 3 -1
475 53 91 54 91 647 819 649 821
257 2 -1
478 18 3 21 3 650 822 654 826
258 3 -1
479 55 54 56 55 651 823 653 825
259 3 -1
480 45 44 51 44 652 824 660 832
260 1 -1
481 10 38 12 38 653 825 659 831
261 1 -1
482 31 86 31 87 654 826 655 827
262 1 -1
484 80 35 84 35 656 828 660 832
263 3 -1
486 77 63 78 63 658 830 661 833
264 1 -1
488 90 42 90 45 660 832 663 835
265 2 -1
489 27 54 36 56 661 833 674 846
266 3 -1
491 93 41 94 41 663 835 665 837
267 1 -1
493 96 95 96 96 665 837 666 838
268 0 -1
496 90 5 90 6 668 840 669 841
269 2 -1
501 94 6 94 7 673 845 675 847
270 2 -1
502 41 22 45 22 674 846 678 850
271 2 -1
505 34 46 36 46 677 849 679 851
272 0 -1
506 98 70 99 73 678 850 683 855
273 0 -1
507 98 6 94 6 679 851 683 855
274 0 -1
509 24 70 25 70 681 853 682 854
275 1 -1
511 29 44 30 45 683 855 685 857
276 1 -1
512 48 98 48 98 684 856 685 857
277 0 -1
515 0 57 1 58 687 859 690 862
278 2 -1
516 35 61 36 63 688 860 701 873
279 2 -1
517 84 77 86 77 689 861 693 865
280 2 -1
518 19 45 21 45 690 862 692 864
281 1 -1
520 95 19 96 19 692 864 693 865
282 3 -1
522 53 71 53 73 694 866 703 875
283 2 -1
523 91 55 91 55 695 867 696 868
284 2 -1
525 45 0 45 0 697 869 699 871
285 2 -1
526 2 79 3 80 698 870 700 872
286 3 -1
528 95 89 96 92 700 872 705 877
287 1 -1
530 38 81 38 82 702 874 706 878
288 2 -1
533 43 6 44 6 705 877 707 879
289 3 -1
535 25 79 26 80 707 879 710 882
290 1 -1
536 36 66 38 66 708 880 710 882
291 3 -1
537 84 17 85 17 709 881 710 882
292 1 -1
538 87 98 89 99 710 882 713 885
293 3 -1
540 11 4 15 4 712 884 716 888
294 1 -1
541 28 53 28 55 713 885 716 888
295 2 -1
542 25 58 30 60 714 886 722 894
296 2 -1
543 37 92 39 92 715 887 717 889
297 2 -1
546 59 77 60 77 718 890 720 892
298 1 -1
547 80 32 80 33 719 891 721 893
299 0 -1
550 16 63 16 63 722 894 723 895
300 0 -1
552 59 81 60 83 724 896 727 899
301 2 -1
553 25 90 26 90 725 897 727 899
302 3 -1
555 24 23 29 23 727 899 732 904
303 1 -1
556 53 48 54 48 728 900 730 902
304 2 -1
558 71 63 72 63 730 902 731 903
305 2 -1
559 88 25 89 25 731 903 736 908
306 0 -1
560 37 53 39 53 732 904 734 906
307 1 -1
562 84 63 85 63 734 906 735 907
308 0 -1
565 89 29 89 32 737 909 741 913
309 2 -1
566 61 51 62 51 738 910 742 914
310 3 -1
567 39 26 40 26 739 911 740 912
311 2 -1
570 15 69 16 69 742 914 746 918
312 1 -1
572 78 86 78 89 744 916 747 919
313 0 -1
573 66 1 66 2 745 917 748 920
314 2 -1
575 42 15 43 15 747 919 749 921
315 1 -1
577 95 19 96 19 749 921 750 922
316 1 -1
578 10 69 12 69 750 922 752 924
317 1 -1
579 59 36 62 38 751 923 756 928
318 1 -1
580 6 85 6 85 752 924 753 925
319 2 -1
585 17 32 17 32 757 929 760 932
320 3 -1
588 65 65 70 65 760 932 765 937
321 1 -1
589 36 3 51 3 761 933 776 948
322 0 -1
592 84 22 85 22 764 936 765 937
323 1 -1
594 80 59 80 61 766 938 768 940
324 3 -1
595 74 67 88 68 767 939 782 954
325 0 -1
596 14 56 15 59 768 940 772 944
326 1 -1
597 43 64 44 64 769 941 777 949
327 0 -1
599 82 16 87 19 771 943 779 951
328 0 -1
600 38 5 38 8 772 944 775 947
329 1 -1
601 62 80 62 80 773 945 775 947
330 3 -1
603 92 12 93 12 775 947 777 949
331 0 -1
608 62 44 62 47 780 952 783 955
332 1 -1
609 50 9 50 10 781 953 782 954
333 2 -1
610 49 89 51 89 782 954 787 959
334 3 -1
611 90 26 93 26 783 955 787 959
335 0 -1
613 50 27 53 27 785 957 793 965
336 1 -1
614 26 88 29 89 786 958 792 964
337 3 -1
615 52 85 52 85 787 959 788 960
338 3 -1
616 58 82 60 82 788 960 790 962
339 3 -1
619 11 28 15 28 791 963 796 968
340 2 -1
620 32 14 33 15 792 964 794 966
341 0 -1
621 49 46 51 46 793 965 798 970
342 0 -1
622 83 74 83 77 794 966 797 969
343 0 -1
623 37 90 39 90 795 967 797 969
344 1 -1
624 99 5 98 5 796 968 797 969
345 0 -1
625 1 8 3 8 797 969 799 971
346 3 -1
628 11 23 11 23 800 972 801 973
347 0 -1
629 15 91 17 92 801 973 806 978
348 0 -1
630 87 36 87 37 802 974 803 975
349 2 -1
634 82 36 83 36 806 978 807 979
350 1 -1
635 45 54 45 55 807 979 809 981
351 0 -1
636 18 47 20 47 808 980 810 982
352 1 -1
637 60 81 60 83 809 981 811 983
353 2 -1
639 44 36 44 37 811 983 812 984
354 1 -1
640 65 37 65 39 812 984 814 986
355 0 -1
641 96 8 97 8 813 985 815 987
356 1 -1
643 89 31 93 32 815 987 821 993
357 1 -1
645 91 66 93 66 817 989 819 991
358 0 -1
646 7 74 8 74 818 990 820 992
359 1 -1
648 41 65 41 65 820 992 821 993
360 3 -1
649 52 65 59 68 821 993 831 1003
361 1 -1
650 16 5 16 5 822 994 823 995
362 0 -1
651 65 6 66 8 823 995 827 999
363 0 -1
652 76 10 81 19 824 996 839 1011
364 0 -1
653 10 26 11 26 825 997 826 998
365 2 -1
656 31 66 32 66 828 1000 829 1001
366 2 -1
662 52 48 52 48 834 1006 836 1008
367 0 -1
663 35 44 43 44 835 1007 843 1015
368 3 -1
664 62 90 62 92 836 1008 838 1010
369 3 -1
665 89 9 90 9 837 1009 838 1010
370 3 -1
666 6 34 7 35 838 1010 840 1012
371 1 -1
667 24 6 27 6 839 1011 842 1014
372 2 -1
669 7 43 7 44 841 1013 842 1014
373 3 -1
672 2 7 5 7 844 1016 848 1020
374 1 -1
673 97 21 99 21 845 1017 847 1019
375 3 -1
674 88 90 90 92 846 1018 850 1022
376 0 -1
675 62 62 65 64 847 1019 852 1024
377 0 -1
678 51 95 52 98 850 1022 854 1026
378 0 -1
679 2 5 4 6 851 1023 854 1026
379 2 -1
680 60 29 60 34 852 1024 858 1030
380 0 -1
681 53 23 55 23 853 1025 855 1027
381 0 -1
682 55 64 57 64 854 1026 856 1028
382 3 -1
684 57 69 59 69 856 1028 858 1030
383 3 -1
685 85 67 88 69 857 1029 862 1034
384 2 -1
687 72 11 75 13 859 1031 864 1036
385 0 -1
688 10 89 10 90 860 1032 862 1034
386 0 -1
689 11 43 12 44 861 1033 863 1035
387 1 -1
690 6 68 8 68 862 1034 864 1036
388 3 -1
691 5 72 5 73 863 1035 865 1037
389 2 -1
692 77 57 78 57 864 1036 866 1038
390 0 -1
694 13 66 13 69 866 1038 869 1041
391 1 -1
696 36 97 36 97 868 1040 870 1042
392 2 -1
698 0 80 3 82 870 1042 875 1047
393 3 -1
700 5 37 5 38 872 1044 873 1045
394 3 -1
701 38 58 38 58 873 1045 874 1046
395 0 -1
702 21 75 25 78 874 1046 881 1053
396 0 -1
703 98 7 98 7 875 1047 877 1049
397 2 -1
704 27 93 27 95 876 1048 878 1050
398 2 -1
705 97 62 97 65 877 1049 881 1053
399 1 -1
706 21 52 21 53 878 1050 880 1052
400 2 -1
707 14 52 16 53 879 1051 883 1055
401 2 -1
708 43 43 44 47 880 1052 887 1059
402 0 -1
710 68 99 71 99 882 1054 885 1057
403 0 -1
712 15 69 16 69 884 1056 885 1057
404 2 -1
714 98 27 99 27 886 1058 887 1059
405 3 -1
716 14 50 15 50 888 1060 889 1061
406 0 -1
718 86 94 86 94 890 1062 898 1070
407 1 -1
719 16 61 16 61 891 1063 892 1064
408 0 -1
720 68 72 68 74 892 1064 894 1066
409 1 -1
722 19 95 20 95 894 1066 896 1068
410 1 -1
724 76 89 77 89 896 1068 898 1070
411 1 -1
725 50 6 57 7 897 1069 908 1080
412 3 -1
726 2 35 5 35 898 1070 902 1074
413 2 -1
727 20 71 23 71 899 1071 902 1074
414 1 -1
728 12 47 17 47 900 1072 905 1077
415 2 -1
729 14 8 14 9 901 1073 902 1074
416 2 -1
731 38 17 39 17 903 1075 904 1076
417 0 -1
733 73 88 73 89 905 1077 907 1079
418 1 -1
734 31 47 33 47 906 1078 908 1080
419 1 -1
735 0 17 2 17 907 1079 910 1082
420 1 -1
736 63 22 63 22 908 1080 910 1082
421 2 -1
737 29 7 29 10 909 1081 912 1084
422 0 -1
742 87 53 89 55 914 1086 919 1091
423 1 -1
744 52 13 54 13 916 1088 918 1090
424 3 -1
745 19 82 20 84 917 1089 922 1094
425 1 -1
748 56 23 58 23 920 1092 922 1094
426 0 -1
750 10 25 10 26 922 1094 923 1095
427 3 -1
751 49 36 49 37 923 1095 924 1096
428 0 -1
752 19 91 21 91 924 1096 927 1099
429 3 -1
753 91 74 92 74 925 1097 926 1098
430 1 -1
754 86 11 91 11 926 1098 932 1104
431 3 -1
755 0 98 2 98 927 1099 929 1101
432 2 -1
757 93 13 95 13 929 1101 931 1103
433 0 -1
758 92 75 98 77 930 1102 938 1110
434 2 -1
759 20 6 22 6 931 1103 933 1105
435 1 -1
760 70 96 71 96 932 1104 933 1105
436 0 -1
766 3 83 4 83 938 1110 940 1112
437 3 -1
767 82 58 82 58 939 1111 941 1113
438 0 -1
768 32 47 34 47 940 1112 943 1115
439 1 -1
771 96 67 96 67 943 1115 944 1116
440 1 -1
772 32 13 32 14 944 1116 946 1118
441 3 -1
773 80 7 81 7 945 1117 948 1120
442 2 -1
775 88 43 93 43 947 1119 952 1124
443 3 -1
777 38 32 40 32 949 1121 951 1123
444 3 -1
778 56 99 58 99 950 1122 952 1124
445 0 -1
779 24 72 27 72 951 1123 954 1126
446 2 -1
781 80 32 81 32 953 1125 954 1126
447 2 -1
782 74 47 76 49 954 1126 958 1130
448 2 -1
784 80 19 80 19 956 1128 958 1130
449 0 -1
787 35 12 35 13 959 1131 961 1133
450 1 -1
788 92 7 93 7 960 1132 961 1133
451 1 -1
789 32 53 35 54 961 1133 965 1137
452 1 -1
790 3 46 4 46 962 1134 964 1136
453 1 -1
791 59 61 63 62 963 1135 968 1140
454 3 -1
793 10 22 13 22 965 1137 968 1140
455 3 -1
794 23 83 25 84 966 1138 970 1142
456 0 -1
795 63 48 63 48 967 1139 969 1141
457 0 -1
796 74 42 78 42 968 1140 972 1144
458 3 -1
797 18 84 18 84 969 1141 970 1142
459 1 -1
798 17 33 19 33 970 1142 973 1145
460 3 -1
799 23 51 25 51 971 1143 973 1145
461 0 -1
800 15 14 18 15 972 1144 977 1149
462 1 -1
802 32 1 33 3 974 1146 978 1150
463 1 -1
803 3 96 4 97 975 1147 977 1149
464 3 -1
805 82 39 84 40 977 1149 982 1154
465 3 -1
806 26 41 35 41 978 1150 987 1159
466 0 -1
807 97 23 98 24 979 1151 981 1153
467 2 -1
810 29 23 29 23 982 1154 983 1155
468 3 -1
813 43 69 43 70 985 1157 986 1158
469 1 -1
818 44 87 44 89 990 1162 992 1164
470 0 -1
820 9 27 10 28 992 1164 995 1167
471 2 -1
824 93 39 93 40 996 1168 998 1170
472 3 -1
825 63 20 63 20 997 1169 1000 1172
473 0 -1
827 48 64 48 64 999 1171 1000 1172
474 2 -1
828 64 51 71 51 1000 1172 1010 1182
475 0 -1
830 37 37 37 38 1002 1174 1005 1177
476 3 -1
831 80 25 81 25 1003 1175 1004 1176
477 1 -1
833 18 31 20 31 1005 1177 1007 1179
478 2 -1
834 52 4 54 4 1006 1178 1008 1180
479 3 -1
835 56 97 64 98 1007 1179 1017 1189
480 1 -1
839 11 70 13 70 1011 1183 1013 1185
481 3 -1
841 84 93 87 94 1013 1185 1017 1189
482 2 -1
842 44 67 46 67 1014 1186 1016 1188
483 0 -1
844 10 86 11 89 1016 1188 1021 1193
484 1 -1
845 80 66 80 68 1017 1189 1019 1191
485 0 -1
846 75 63 77 67 1018 1190 1024 1196
486 3 -1
847 25 32 26 32 1019 1191 1020 1192
487 3 -1
850 36 12 39 12 1022 1194 1025 1197
488 3 -1
851 58 97 59 99 1023 1195 1027 1199
489 2 -1
854 32 90 33 90 1026 1198 1027 1199
490 2 -1
856 40 2 42 3 1028 1200 1031 1203
491 0 -1
859 69 66 72 66 1031 1203 1036 1208
492 2 -1
860 54 9 54 10 1032 1204 1033 1205
493 2 -1
861 63 77 63 77 1033 1205 1035 1207
494 1 -1
864 9 8 11 8 1036 1208 1039 1211
495 3 -1
867 10 35 11 35 1039 1211 1040 1212
496 3 -1
868 7 30 8 30 1040 1212 1042 1214
497 3 -1
871 33 65 44 66 1043 1215 1059 1231
498 2 -1
873 85 66 85 66 1045 1217 1047 1219
499 3 -1
874 77 9 81 10 1046 1218 1051 1223
500 3 -1
875 46 43 46 44 1047 1219 1050 1222
501 2 -1
877 5 78 8 78 1049 1221 1052 1224
502 0 -1
878 16 97 18 97 1050 1222 1052 1224
503 1 -1
879 90 82 92 82 1051 1223 1053 1225
504 1 -1
880 71 19 71 22 1052 1224 1056 1228
505 3 -1
881 95 42 99 43 1053 1225 1059 1231
506 0 -1
882 61 8 61 8 1054 1226 1056 1228
507 1 -1
885 67 99 67 100 1057 1229 1058 1230
508 2 -1
887 5 57 7 58 1059 1231 1062 1234
509 0 -1
889 48 43 49 43 1061 1233 1064 1236
510 3 -1
891 72 7 72 9 1063 1235 1065 1237
511 3 -1
893 6 82 7 83 1065 1237 1067 1239
512 2 -1
894 87 21 88 23 1066 1238 1069 1241
513 0 -1
895 50 83 52 83 1067 1239 1070 1242
514 0 -1
896 12 7 14 7 1068 1240 1070 1242
515 2 -1
897 57 14 58 14 1069 1241 1070 1242
516 3 -1
898 12 70 14 70 1070 1242 1072 1244
517 1 -1
899 43 85 44 85 1071 1243 1073 1245
518 0 -1
900 10 36 16 36 1072 1244 1078 1250
519 2 -1
901 7 41 9 41 1073 1245 1075 1247
520 1 -1
902 49 52 49 52 1074 1246 1075 1247
521 1 -1
905 42 34 42 35 1077 1249 1078 1250
522 0 -1
910 38 71 38 72 1082 1254 1083 1255
523 0 -1
912 25 32 32 35 1084 1256 1094 1266
524 2 -1
914 10 71 15 71 1086 1258 1093 1265
525 2 -1
917 85 5 85 9 1089 1261 1093 1265
526 0 -1
919 1 36 1 36 1091 1263 1093 1265
527 1 -1
920 31 40 31 42 1092 1264 1095 1267
528 3 -1
921 53 9 54 9 1093 1265 1094 1266
529 3 -1
923 66 0 67 0 1095 1267 1096 1268
530 0 -1
925 15 36 15 37 1097 1269 1100 1272
531 3 -1
926 71 51 73 55 1098 1270 1107 1279
532 0 -1
927 47 1 50 1 1099 1271 1102 1274
533 3 -1
928 21 25 24 25 1100 1272 1104 1276
534 2 -1
929 3 91 4 91 1101 1273 1102 1274
535 1 -1
931 89 91 90 91 1103 1275 1105 1277
536 1 -1
933 47 15 54 15 1105 1277 1112 1284
537 3 -1
935 39 31 40 31 1107 1279 1109 1281
538 2 -1
936 89 57 90 57 1108 1280 1109 1281
539 3 -1
937 41 52 42 52 1109 1281 1113 1285
540 0 -1
938 91 14 92 17 1110 1282 1114 1286
541 3 -1
940 75 28 75 28 1112 1284 1114 1286
542 1 -1
942 45 91 46 91 1114 1286 1115 1287
543 0 -1
943 58 31 65 31 1115 1287 1122 1294
544 3 -1
944 31 12 31 13 1116 1288 1117 1289
545 0 -1
945 10 69 12 70 1117 1289 1120 1292
546 0 -1
947 90 43 98 48 1119 1291 1132 1304
547 3 -1
948 90 79 93 79 1120 1292 1123 1295
548 0 -1
950 49 29 49 29 1122 1294 1124 1296
549 2 -1
951 0 85 2 85 1123 1295 1125 1297
550 1 -1
954 34 46 36 46 1126 1298 1128 1300
551 0 -1
955 39 68 40 68 1127 1299 1128 1300
552 0 -1
957 64 90 67 90 1129 1301 1132 1304
553 0 -1
958 58 96 59 96 1130 1302 1131 1303
554 0 -1
963 41 32 42 34 1135 1307 1138 1310
555 3 -1
964 86 70 86 70 1136 1308 1138 1310
556 3 -1
966 40 88 42 88 1138 1310 1140 1312
557 1 -1
969 4 70 5 70 1141 1313 1143 1315
558 1 -1
972 62 1 67 2 1144 1316 1150 1322
559 1 -1
973 89 93 89 94 1145 1317 1149 1321
560 2 -1
974 95 54 86 54 1146 1318 1156 1328
561 1 -1
976 7 62 10 64 1148 1320 1153 1325
562 0 -1
979 98 86 95 86 1151 1323 1155 1327
563 0 -1
981 37 16 38 16 1153 1325 1154 1326
564 2 -1
983 92 89 95 89 1155 1327 1158 1330
565 1 -1
984 11 79 16 80 1156 1328 1162 1334
566 3 -1
987 65 76 66 79 1159 1331 1163 1335
567 0 -1
989 47 9 47 10 1161 1333 1164 1336
568 3 -1
990 4 31 8 31 1162 1334 1166 1338
569 3 -1
992 44 87 44 91 1164 1336 1168 1340
570 2 -1
993 93 31 93 32 1165 1337 1167 1339
571 2 -1
994 43 57 46 57 1166 1338 1170 1342
572 2 -1
996 8 76 8 78 1168 1340 1170 1342
573 2 -1
997 71 6 71 6 1169 1341 1171 1343
574 2 -1
998 86 38 87 38 1170 1342 1171 1343
575 1 -1
999 40 28 42 28 1171 1343 1173 1345
576 2 -1
1001 92 93 99 74 1173 1345 1222 1394
577 2 -1
1004 81 70 83 70 1176 1348 1178 1350
578 1 -1
1008 49 84 49 85 1180 1352 1181 1353
579 3 -1
1010 29 27 29 27 1182 1354 1184 1356
580 2 -1
1012 42 98 43 98 1184 1356 1185 1357
581 1 -1
1015 58 81 58 82 1187 1359 1188 1360
582 1 -1
1016 66 6 66 7 1188 1360 1189 1361
583 2 -1
1017 5 26 6 28 1189 1361 1192 1364
584 2 -1
1018 81 20 88 25 1190 1362 1204 1376
585 2 -1
1019 35 76 36 83 1191 1363 1201 1373
586 1 -1
1020 0 93 1 93 1192 1364 1195 1367
587 3 -1
1021 85 8 85 8 1193 1365 1194 1366
588 2 -1
1022 2 84 7 85 1194 1366 1208 1380
589 3 -1
1025 41 79 46 79 1197 1369 1202 1374
590 2 -1
1027 54 36 55 36 1199 1371 1200 1372
591 3 -1
1028 84 26 84 27 1200 1372 1201 1373
592 0 -1
1031 60 45 69 45 1203 1375 1212 1384
593 3 -1
1032 42 9 49 9 1204 1376 1211 1383
594 1 -1
1033 63 37 64 38 1205 1377 1209 1381
595 0 -1
1035 91 76 91 76 1207 1379 1209 1381
596 0 -1
1036 46 96 47 96 1208 1380 1210 1382
597 2 -1
1037 87 81 88 81 1209 1381 1210 1382
598 2 -1
1039 57 25 57 25 1211 1383 1212 1384
599 1 -1
1040 12 40 12 40 1212 1384 1213 1385
600 1 -1
1042 52 56 61 56 1214 1386 1225 1397
601 3 -1
1044 40 72 41 75 1216 1388 1220 1392
602 0 -1
1045 33 64 34 66 1217 1389 1220 1392
603 0 -1
1051 9 36 9 37 1223 1395 1224 1396
604 0 -1
1053 47 47 47 48 1225 1397 1226 1398
605 1 -1
1056 31 68 31 69 1228 1400 1230 1402
606 3 -1
1057 69 24 71 24 1229 1401 1231 1403
607 1 -1
1059 92 95 93 98 1231 1403 1235 1407
608 3 -1
1060 18 46 19 48 1232 1404 1237 1409
609 2 -1
1063 67 91 67 91 1235 1407 1238 1410
610 1 -1
1065 7 20 9 20 1237 1409 1240 1412
611 2 -1
1066 4 4 5 4 1238 1410 1240 1412
612 0 -1
1067 97 97 97 97 1239 1411 1240 1412
613 2 -1
1070 60 85 71 86 1242 1414 1254 1426
614 0 -1
1071 93 11 94 14 1243 1415 1248 1420
615 0 -1
1073 0 6 2 18 1245 1417 1260 1432
616 3 -1
1074 17 11 18 11 1246 1418 1247 1419
617 0 -1
1075 20 17 22 17 1247 1419 1250 1422
618 0 -1
1078 64 89 65 89 1250 1422 1254 1426
619 3 -1
1082 28 68 28 69 1254 1426 1255 1427
620 2 -1
1083 90 46 91 46 1255 1427 1257 1429
621 0 -1
1084 89 30 92 32 1256 1428 1262 1434
622 0 -1
1085 16 74 16 76 1257 1429 1260 1432
623 3 -1
1086 54 47 57 48 1258 1430 1262 1434
624 0 -1
1090 79 77 80 77 1262 1434 1263 1435
625 2 -1
1091 56 71 58 73 1263 1435 1267 1439
626 2 -1
1092 22 41 23 41 1264 1436 1265 1437
627 2 -1
1095 71 0 73 1 1267 1439 1270 1442
628 3 -1
1097 95 77 98 77 1269 1441 1272 1444
629 0 -1
1098 62 70 66 70 1270 1442 1274 1446
630 3 -1
1099 89 25 93 25 1271 1443 1276 1448
631 3 -1
1100 30 26 34 26 1272 1444 1277 1449
632 2 -1
1102 17 46 18 48 1274 1446 1277 1449
633 1 -1
1103 6 18 11 19 1275 1447 1282 1454
634 3 -1
1104 53 28 54 28 1276 1448 1277 1449
635 1 -1
1105 61 14 61 15 1277 1449 1278 1450
636 3 -1
1107 60 65 67 67 1279 1451 1289 1461
637 1 -1
1109 32 59 35 59 1281 1453 1284 1456
638 0 -1
1111 21 87 23 87 1283 1455 1285 1457
639 1 -1
1113 6 28 6 29 1285 1457 1286 1458
640 1 -1
1114 95 57 96 57 1286 1458 1287 1459
641 2 -1
1115 69 0 72 0 1287 1459 1290 1462
642 2 -1
1116 18 40 25 41 1288 1460 1299 1471
643 0 -1
1118 33 7 34 7 1290 1462 1292 1464
644 2 -1
1120 57 44 58 45 1292 1464 1294 1466
645 1 -1
1121 86 81 86 82 1293 1465 1294 1466
646 3 -1
1122 9 19 9 19 1294 1466 1297 1469
647 2 -1
1124 29 61 36 61 1296 1468 1303 1475
648 0 -1
1125 25 42 26 42 1297 1469 1299 1471
649 3 -1
1126 58 74 65 74 1298 1470 1310 1482
650 1 -1
1129 33 49 34 49 1301 1473 1302 1474
651 2 -1
1130 3 66 4 66 1302 1474 1303 1475
652 1 -1
1132 75 1 77 1 1304 1476 1306 1478
653 1 -1
1133 3 25 6 25 1305 1477 1308 1480
654 1 -1
1137 8 2 10 3 1309 1481 1313 1485
655 0 -1
1138 20 71 21 71 1310 1482 1311 1483
656 2 -1
1139 70 77 70 78 1311 1483 1312 1484
657 0 -1
1141 20 63 20 64 1313 1485 1315 1487
658 0 -1
1142 66 98 67 100 1314 1486 1317 1489
659 3 -1
1144 96 92 99 92 1316 1488 1319 1491
660 3 -1
1147 99 3 95 3 1319 1491 1323 1495
661 3 -1
1150 75 21 76 21 1322 1494 1323 1495
662 2 -1
1151 82 12 82 14 1323 1495 1325 1497
663 1 -1
1154 71 36 71 37 1326 1498 1327 1499
664 3 -1
1156 13 17 14 18 1328 1500 1330 1502
665 2 -1
1157 31 20 35 20 1329 1501 1334 1506
666 2 -1
1158 56 78 58 79 1330 1502 1334 1506
667 3 -1
1159 80 62 80 63 1331 1503 1333 1505
668 1 -1
1164 14 27 14 28 1336 1508 1339 1511
669 3 -1
1166 69 76 70 76 1338 1510 1341 1513
670 0 -1
1169 13 55 13 55 1341 1513 1344 1516
671 0 -1
1170 43 44 45 45 1342 1514 1345 1517
672 3 -1
1171 46 10 46 16 1343 1515 1352 1524
673 2 -1
1172 2 78 3 78 1344 1516 1345 1517
674 3 -1
1174 94 20 95 25 1346 1518 1353 1525
675 1 -1
1175 17 19 18 21 1347 1519 1350 1522
676 2 -1
1176 37 17 39 17 1348 1520 1350 1522
677 1 -1
1177 20 9 21 9 1349 1521 1351 1523
678 3 -1
1179 90 34 91 34 1351 1523 1352 1524
679 2 -1
1186 50 50 50 50 1358 1530 1360 1532
680 3 -1
1187 46 35 46 35 1359 1531 1361 1533
681 0 -1
1188 35 50 35 50 1360 1532 1361 1533
682 2 -1
1190 10 44 11 44 1362 1534 1363 1535
683 1 -1
1191 15 4 15 6 1363 1535 1365 1537
684 3 -1
1194 31 65 33 65 1366 1538 1368 1540
685 0 -1
1195 94 29 97 29 1367 1539 1370 1542
686 3 -1
1197 5 1 5 3 1369 1541 1372 1544
687 3 -1
1198 44 84 44 85 1370 1542 1374 1546
688 0 -1
1201 10 31 12 33 1373 1545 1378 1550
689 1 -1
1202 44 27 45 27 1374 1546 1375 1547
690 1 -1
1203 17 87 17 88 1375 1547 1376 1548
691 0 -1
1205 86 98 89 98 1377 1549 1380 1552
692 2 -1
1207 78 10 81 11 1379 1551 1383 1555
693 3 -1
1208 21 62 23 62 1380 1552 1382 1554
694 0 -1
1209 84 44 85 44 1381 1553 1382 1554
695 0 -1
1211 2 14 3 17 1383 1555 1387 1559
696 0 -1
1214 39 88 40 93 1386 1558 1392 1564
697 1 -1
1217 82 25 83 26 1389 1561 1391 1563
698 2 -1
1218 76 35 76 35 1390 1562 1391 1563
699 3 -1
1219 97 67 98 72 1391 1563 1398 1570
700 2 -1
1220 1 96 2 96 1392 1564 1393 1565
701 0 -1
1222 17 37 19 37 1394 1566 1397 1569
702 0 -1
1223 95 60 96 63 1395 1567 1399 1571
703 0 -1
1226 14 94 17 94 1398 1570 1401 1573
704 3 -1
1227 49 5 50 5 1399 1571 1400 1572
705 2 -1
1229 82 88 83 88 1401 1573 1402 1574
706 3 -1
1230 82 25 86 25 1402 1574 1407 1579
707 1 -1
1231 21 98 22 98 1403 1575 1404 1576
708 0 -1
1233 93 92 94 93 1405 1577 1407 1579
709 0 -1
1235 62 86 64 88 1407 1579 1411 1583
710 2 -1
1236 10 52 11 56 1408 1580 1413 1585
711 2 -1
1237 56 8 59 10 1409 1581 1414 1586
712 0 -1
1238 45 5 45 10 1410 1582 1415 1587
713 3 -1
1240 97 20 93 20 1412 1584 1416 1588
714 0 -1
1241 13 47 14 47 1413 1585 1414 1586
715 0 -1
1242 59 77 66 78 1414 1586 1427 1599
716 3 -1
1243 63 30 63 32 1415 1587 1417 1589
717 1 -1
1244 95 26 98 26 1416 1588 1423 1595
718 3 -1
1246 9 98 9 91 1418 1590 1427 1599
719 0 -1
1250 67 67 68 67 1422 1594 1423 1595
720 0 -1
1254 20 59 26 59 1426 1598 1433 1605
721 2 -1
1255 35 49 37 49 1427 1599 1431 1603
722 1 -1
1258 59 79 62 81 1430 1602 1446 1618
723 3 -1
1259 73 56 73 66 1431 1603 1449 1621
724 1 -1
1260 93 18 93 24 1432 1604 1438 1610
725 2 -1
1261 13 31 20 31 1433 1605 1440 1612
726 3 -1
1263 62 23 63 29 1435 1607 1442 1614
727 3 -1
1264 77 26 78 27 1436 1608 1440 1612
728 3 -1
1265 40 78 40 79 1437 1609 1439 1611
729 2 -1
1266 2 48 3 48 1438 1610 1439 1611
730 0 -1
1268 78 14 81 14 1440 1612 1443 1615
731 3 -1
1276 83 38 84 38 1448 1620 1449 1621
732 1 -1
1277 2 31 4 31 1449 1621 1454 1626
733 3 -1
1281 19 64 21 64 1453 1625 1455 1627
734 0 -1
1284 53 20 53 22 1456 1628 1458 1630
735 1 -1
1287 90 24 90 28 1459 1631 1463 1635
736 3 -1
1290 1 28 5 29 1462 1634 1469 1641
737 0 -1
1291 59 26 59 27 1463 1635 1466 1638
738 0 -1
1292 77 29 94 34 1464 1636 1490 1662
739 3 -1
1297 50 3 51 3 1469 1641 1472 1644
740 2 -1
1298 51 25 52 25 1470 1642 1471 1643
741 2 -1
1299 72 19 75 19 1471 1643 1474 1646
742 0 -1
1300 58 67 59 68 1472 1644 1474 1646
743 3 -1
1307 90 40 90 41 1479 1651 1480 1652
744 1 -1
1309 31 13 32 13 1481 1653 1483 1655
745 2 -1
1312 82 84 83 85 1484 1656 1486 1658
746 3 -1
1313 1 62 2 62 1485 1657 1486 1658
747 2 -1
1314 23 39 27 39 1486 1658 1490 1662
748 1 -1
1315 72 39 75 39 1487 1659 1492 1664
749 0 -1
1316 86 22 88 22 1488 1660 1490 1662
750 3 -1
1317 36 85 38 85 1489 1661 1491 1663
751 1 -1
1318 16 55 18 55 1490 1662 1493 1665
752 2 -1
1319 28 55 28 57 1491 1663 1493 1665
753 2 -1
1320 68 65 68 66 1492 1664 1493 1665
754 1 -1
1321 5 11 7 11 1493 1665 1495 1667
755 2 -1
1323 75 21 77 21 1495 1667 1497 1669
756 3 -1
1324 34 61 38 61 1496 1668 1501 1673
757 1 -1
1325 46 63 48 66 1497 1669 1503 1675
758 0 -1
1326 93 49 93 50 1498 1670 1499 1671
759 0 -1
1327 93 4 97 6 1499 1671 1509 1681
760 1 -1
1329 19 36 19 37 1501 1673 1503 1675
761 2 -1
1332 4 65 4 67 1504 1676 1506 1678
762 1 -1
1333 47 98 47 99 1505 1677 1506 1678
763 3 -1
1335 63 15 63 23 1507 1679 1523 1695
764 1 -1
1336 72 9 72 10 1508 1680 1509 1681
765 2 -1
1338 10 26 12 27 1510 1682 1513 1685
766 0 -1
1340 28 72 32 75 1512 1684 1519 1691
767 1 -1
1342 40 92 40 93 1514 1686 1517 1689
768 3 -1
1344 4 24 6 24 1516 1688 1518 1690
769 0 -1
1345 66 95 67 95 1517 1689 1518 1690
770 0 -1
1347 27 53 29 53 1519 1691 1522 1694
771 3 -1
1348 76 86 78 89 1520 1692 1525 1697
772 0 -1
1349 43 1 45 3 1521 1693 1527 1699
773 1 -1
1354 87 45 88 47 1526 1698 1529 1701
774 3 -1
1355 24 87 29 87 1527 1699 1532 1704
775 0 -1
1359 14 5 17 5 1531 1703 1536 1708
776 3 -1
1362 67 78 67 80 1534 1706 1536 1708
777 3 -1
1365 25 85 26 85 1537 1709 1538 1710
778 2 -1
1368 56 62 58 62 1540 1712 1542 1714
779 1 -1
1369 76 5 83 26 1541 1713 1576 1748
780 0 -1
1370 22 73 23 74 1542 1714 1544 1716
781 1 -1
1372 30 23 31 24 1544 1716 1549 1721
782 3 -1
1374 20 28 21 28 1546 1718 1548 1720
783 1 -1
1375 61 58 65 58 1547 1719 1554 1726
784 3 -1
1376 56 58 56 58 1548 1720 1549 1721
785 1 -1
1377 9 68 11 69 1549 1721 1552 1724
786 0 -1
1378 16 50 17 50 1550 1722 1551 1723
787 0 -1
1379 0 91 3 92 1551 1723 1555 1727
788 0 -1
1381 53 65 53 65 1553 1725 1556 1728
789 3 -1
1382 74 1 77 1 1554 1726 1557 1729
790 2 -1
1383 76 54 76 55 1555 1727 1557 1729
791 0 -1
1385 57 61 63 61 1557 1729 1563 1735
792 0 -1
1386 44 88 45 88 1558 1730 1561 1733
793 1 -1
1387 97 9 97 13 1559 1731 1570 1742
794 0 -1
1388 48 30 49 31 1560 1732 1563 1735
795 3 -1
1389 67 59 68 60 1561 1733 1563 1735
796 0 -1
1390 73 71 73 71 1562 1734 1564 1736
797 1 -1
1391 44 84 44 85 1563 1735 1565 1737
798 0 -1
1393 93 0 95 0 1565 1737 1567 1739
799 2 -1
1395 32 9 39 10 1567 1739 1575 1747
800 3 -1
1396 9 22 10 22 1568 1740 1569 1741
801 2 -1
1400 96 1 98 1 1572 1744 1575 1747
802 3 -1
1401 73 97 75 97 1573 1745 1576 1748
803 3 -1
1402 93 31 94 32 1574 1746 1581 1753
804 1 -1
1403 71 8 71 8 1575 1747 1577 1749
805 2 -1
1406 24 7 24 7 1578 1750 1579 1751
806 2 -1
1411 19 56 19 58 1583 1755 1585 1757
807 2 -1
1412 42 20 46 21 1584 1756 1590 1762
808 3 -1
1413 80 66 80 67 1585 1757 1586 1758
809 3 -1
1414 62 58 63 58 1586 1758 1588 1760
810 2 -1
1415 30 70 32 70 1587 1759 1589 1761
811 2 -1
1417 76 65 77 65 1589 1761 1590 1762
812 3 -1
1418 89 21 90 21 1590 1762 1595 1767
813 2 -1
1419 31 74 31 76 1591 1763 1598 1770
814 1 -1
1420 64 7 70 9 1592 1764 1600 1772
815 0 -1
1423 8 91 8 92 1595 1767 1596 1768
816 0 -1
1426 75 29 77 29 1598 1770 1600 1772
817 1 -1
1428 47 65 49 66 1600 1772 1603 1775
818 0 -1
1429 32 84 33 85 1601 1773 1603 1775
819 1 -1
1430 68 85 68 86 1602 1774 1603 1775
820 0 -1
1431 19 11 22 11 1603 1775 1606 1778
821 2 -1
1432 1 23 2 23 1604 1776 1605 1777
822 3 -1
1434 11 31 11 32 1606 1778 1607 1779
823 3 -1
1435 35 68 38 72 1607 1779 1614 1786
824 2 -1
1436 35 41 36 41 1608 1780 1610 1782
825 2 -1
1438 2 88 2 89 1610 1782 1614 1786
826 1 -1
1439 13 75 13 75 1611 1783 1612 1784
827 3 -1
1440 42 52 43 53 1612 1784 1615 1787
828 2 -1
1441 35 64 36 65 1613 1785 1620 1792
829 3 -1
1442 82 90 83 90 1614 1786 1616 1788
830 2 -1
1443 90 19 90 24 1615 1787 1620 1792
831 2 -1
1444 27 45 29 45 1616 1788 1618 1790
832 1 -1
1446 47 3 50 4 1618 1790 1624 1796
833 3 -1
1447 8 92 9 93 1619 1791 1621 1793
834 0 -1
1448 85 48 86 49 1620 1792 1622 1794
835 3 -1
1452 81 24 82 24 1624 1796 1625 1797
836 0 -1
1454 15 33 16 36 1626 1798 1630 1802
837 1 -1
1455 14 11 16 11 1627 1799 1629 1801
838 3 -1
1456 60 16 61 16 1628 1800 1629 1801
839 0 -1
1457 63 88 64 90 1629 1801 1635 1807
840 3 -1
1458 40 77 46 79 1630 1802 1640 1812
841 2 -1
1461 25 7 27 8 1633 1805 1636 1808
842 3 -1
1462 80 66 84 66 1634 1806 1638 1810
843 2 -1
1463 38 52 40 52 1635 1807 1637 1809
844 3 -1
1465 20 96 20 96 1637 1809 1639 1811
845 1 -1
1466 36 69 38 69 1638 1810 1640 1812
846 1 -1
1468 40 72 40 72 1640 1812 1641 1813
847 2 -1
1469 89 1 89 1 1641 1813 1646 1818
848 0 -1
1470 61 48 62 48 1642 1814 1643 1815
849 1 -1
1472 33 4 37 5 1644 1816 1649 1821
850 3 -1
1473 73 18 77 18 1645 1817 1650 1822
851 1 -1
1474 55 90 66 90 1646 1818 1657 1829
852 1 -1
1475 8 1 9 2 1647 1819 1649 1821
853 2 -1
1478 96 69 99 72 1650 1822 1656 1828
854 1 -1
1479 55 45 55 46 1651 1823 1653 1825
855 0 -1
1481 38 73 38 75 1653 1825 1655 1827
856 2 -1
1483 44 61 51 62 1655 1827 1666 1838
857 2 -1
1486 69 85 70 86 1658 1830 1663 1835
858 2 -1
1487 62 46 65 47 1659 1831 1663 1835
859 0 -1
1493 81 56 81 56 1665 1837 1667 1839
860 1 -1
1495 85 88 86 88 1667 1839 1668 1840
861 1 -1
1496 8 61 9 63 1668 1840 1672 1844
862 3 -1
1497 98 16 94 16 1669 1841 1673 1845
863 0 -1
1499 44 10 46 10 1671 1843 1673 1845
864 0 -1
1500 45 35 47 35 1672 1844 1674 1846
865 0 -1
1501 42 2 42 6 1673 1845 1681 1853
866 0 -1
1502 80 26 83 27 1674 1846 1678 1850
867 1 -1
1504 26 19 31 24 1676 1848 1689 1861
868 1 -1
1505 60 0 67 1 1677 1849 1687 1859
869 0 -1
1506 86 94 86 95 1678 1850 1680 1852
870 1 -1
1507 14 36 16 36 1679 1851 1682 1854
871 3 -1
1508 4 61 8 61 1680 1852 1686 1858
872 1 -1
1509 38 41 39 41 1681 1853 1682 1854
873 0 -1
1511 90 45 90 47 1683 1855 1685 1857
874 0 -1
1513 65 94 70 94 1685 1857 1690 1862
875 1 -1
1515 15 79 15 80 1687 1859 1688 1860
876 2 -1
1516 83 98 85 99 1688 1860 1691 1863
877 2 -1
1517 11 44 11 47 1689 1861 1692 1864
878 1 -1
1518 7 13 7 14 1690 1862 1693 1865
879 2 -1
1519 5 43 9 43 1691 1863 1695 1867
880 0 -1
1521 33 54 37 54 1693 1865 1697 1869
881 0 -1
1522 48 52 48 52 1694 1866 1696 1868
882 2 -1
1523 46 22 46 23 1695 1867 1697 1869
883 3 -1
1527 90 38 91 41 1699 1871 1703 1875
884 1 -1
1528 40 53 41 53 1700 1872 1701 1873
885 1 -1
1533 83 65 83 66 1705 1877 1706 1878
886 1 -1
1534 22 52 30 52 1706 1878 1715 1887
887 3 -1
1535 53 75 53 78 1707 1879 1710 1882
888 2 -1
1536 34 23 36 23 1708 1880 1710 1882
889 2 -1
1538 62 62 66 62 1710 1882 1714 1886
890 3 -1
1540 98 64 98 64 1712 1884 1713 1885
891 1 -1
1543 58 42 59 43 1715 1887 1718 1890
892 3 -1
1544 71 95 71 97 1716 1888 1718 1890
893 2 -1
1545 63 82 64 82 1717 1889 1719 1891
894 0 -1
1547 30 21 32 23 1719 1891 1724 1896
895 0 -1
1550 41 55 42 56 1722 1894 1724 1896
896 2 -1
1551 14 7 14 7 1723 1895 1725 1897
897 1 -1
1552 69 29 72 29 1724 1896 1729 1901
898 3 -1
1554 41 89 44 89 1726 1898 1730 1902
899 0 -1
1555 63 75 65 75 1727 1899 1729 1901
900 0 -1
1556 1 16 2 17 1728 1900 1730 1902
901 0 -1
1559 15 64 18 67 1731 1903 1737 1909
902 0 -1
1560 61 80 67 80 1732 1904 1738 1910
903 2 -1
1562 47 37 48 38 1734 1906 1736 1908
904 1 -1
1563 37 84 42 84 1735 1907 1745 1917
905 1 -1
1564 94 6 95 6 1736 1908 1738 1910
906 1 -1
1566 45 34 47 34 1738 1910 1740 1912
907 3 -1
1567 2 30 3 30 1739 1911 1743 1915
908 1 -1
1573 38 40 38 40 1745 1917 1753 1925
909 1 -1
1575 43 18 43 18 1747 1919 1748 1920
910 1 -1
1576 94 9 94 10 1748 1920 1750 1922
911 0 -1
1577 13 46 15 46 1749 1921 1751 1923
912 1 -1
1579 20 45 20 46 1751 1923 1754 1926
913 0 -1
1580 27 63 29 63 1752 1924 1754 1926
914 0 -1
1582 4 64 4 64 1754 1926 1755 1927
915 0 -1
1584 95 38 95 39 1756 1928 1757 1929
916 1 -1
1587 69 92 77 96 1759 1931 1771 1943
917 3 -1
1588 0 85 3 86 1760 1932 1764 1936
918 2 -1
1589 55 14 57 14 1761 1933 1763 1935
919 3 -1
1590 32 15 35 15 1762 1934 1765 1937
920 2 -1
1591 27 85 28 88 1763 1935 1768 1940
921 2 -1
1593 30 73 33 74 1765 1937 1769 1941
922 1 -1
1594 32 2 34 2 1766 1938 1768 1940
923 2 -1
1596 3 30 3 31 1768 1940 1770 1942
924 0 -1
1598 76 9 76 10 1770 1942 1771 1943
925 3 -1
1599 87 42 87 44 1771 1943 1775 1947
926 3 -1
1600 20 92 20 93 1772 1944 1773 1945
927 2 -1
1603 69 47 70 47 1775 1947 1776 1948
928 0 -1
1606 53 91 53 92 1778 1950 1780 1952
929 0 -1
1608 80 72 80 73 1780 1952 1781 1953
930 3 -1
1609 48 81 50 81 1781 1953 1783 1955
931 2 -1
1610 99 87 99 87 1782 1954 1783 1955
932 1 -1
1611 72 25 73 26 1783 1955 1785 1957
933 3 -1
1613 25 68 26 68 1785 1957 1787 1959
934 1 -1
1615 93 25 93 25 1787 1959 1788 1960
935 1 -1
1618 33 14 36 14 1790 1962 1793 1965
936 3 -1
1620 6 77 6 78 1792 1964 1797 1969
937 0 -1
1621 99 86 99 92 1793 1965 1800 1972
938 3 -1
1623 77 40 78 41 1795 1967 1800 1972
939 2 -1
1624 67 86 67 87 1796 1968 1797 1969
940 3 -1
1625 6 0 7 1 1797 1969 1800 1972
941 3 -1
1626 18 67 20 67 1798 1970 1800 1972
942 2 -1
1627 68 81 68 92 1799 1971 1812 1984
943 3 -1
1629 60 93 60 94 1801 1973 1802 1974
944 0 -1
1631 99 41 97 41 1803 1975 1805 1977
945 1 -1
1633 29 32 34 34 1805 1977 1815 1987
946 1 -1
1634 6 93 8 93 1806 1978 1808 1980
947 0 -1
1637 74 20 75 20 1809 1981 1810 1982
948 3 -1
1638 3 96 4 96 1810 1982 1813 1985
949 2 -1
1640 32 40 35 42 1812 1984 1822 1994
950 2 -1
1641 68 55 69 55 1813 1985 1816 1988
951 3 -1
1642 44 78 45 78 1814 1986 1818 1990
952 3 -1
1645 52 97 53 97 1817 1989 1818 1990
953 2 -1
1648 56 0 58 0 1820 1992 1822 1994
954 3 -1
1649 32 4 33 4 1821 1993 1823 1995
955 2 -1
1650 26 86 27 86 1822 1994 1823 1995
956 2 -1
1656 74 79 74 82 1828 2000 1832 2004
957 3 -1
1657 29 93 30 94 1829 2001 1832 2004
958 0 -1
1659 21 93 23 94 1831 2003 1835 2007
959 2 -1
1660 95 81 97 82 1832 2004 1836 2008
960 1 -1
1661 60 49 65 49 1833 2005 1840 2012
961 1 -1
1662 18 73 22 74 1834 2006 1841 2013
962 2 -1
1663 81 40 84 43 1835 2007 1842 2014
963 1 -1
1664 91 25 92 25 1836 2008 1838 2010
964 3 -1
1665 28 73 28 73 1837 2009 1838 2010
965 2 -1
1668 88 51 88 51 1840 2012 1843 2015
966 0 -1
1671 35 44 35 50 1843 2015 1851 2023
967 0 -1
1672 99 17 97 17 1844 2016 1848 2020
968 3 -1
1673 51 70 56 70 1845 2017 1850 2022
969 3 -1
1675 31 47 32 47 1847 2019 1848 2020
970 3 -1
1676 82 10 84 10 1848 2020 1851 2023
971 1 -1
1678 66 49 67 49 1850 2022 1853 2025
972 2 -1
1679 8 56 8 56 1851 2023 1858 2030
973 0 -1
1680 40 43 42 43 1852 2024 1856 2028
974 0 -1
1683 76 95 80 97 1855 2027 1862 2034
975 0 -1
1685 94 83 97 83 1857 2029 1860 2032
976 3 -1
1686 80 2 88 2 1858 2030 1868 2040
977 3 -1
1687 90 71 90 73 1859 2031 1863 2035
978 2 -1
1688 54 78 54 81 1860 2032 1866 2038
979 3 -1
1690 22 2 22 2 1862 2034 1866 2038
980 0 -1
1691 83 58 84 58 1863 2035 1865 2037
981 2 -1
1692 47 88 48 89 1864 2036 1867 2039
982 1 -1
1694 30 28 31 28 1866 2038 1867 2039
983 2 -1
1695 34 77 37 78 1867 2039 1871 2043
984 3 -1
1696 81 88 84 88 1868 2040 1871 2043
985 2 -1
1697 2 58 3 58 1869 2041 1871 2043
986 3 -1
1698 88 65 89 66 1870 2042 1872 2044
987 1 -1
1700 65 33 66 33 1872 2044 1874 2046
988 1 -1
1702 35 0 38 0 1874 2046 1888 2060
989 0 -1
1703 37 7 37 8 1875 2047 1876 2048
990 1 -1
1704 39 87 42 87 1876 2048 1879 2051
991 1 -1
1709 65 52 67 53 1881 2053 1884 2056
992 1 -1
1712 5 16 5 19 1884 2056 1887 2059
993 0 -1
1714 42 45 45 45 1886 2058 1890 2062
994 0 -1
1717 86 43 87 46 1889 2061 1893 2065
995 3 -1
1718 0 5 1 6 1890 2062 1892 2064
996 1 -1
1720 34 34 39 34 1892 2064 1898 2070
997 1 -1
1722 16 45 17 45 1894 2066 1895 2067
998 1 -1
1723 61 89 62 90 1895 2067 1897 2069
999 1 -1
1725 73 84 75 84 1897 2069 1899 2071
1000 1 -1
1726 94 89 94 89 1898 2070 1901 2073
