100 100 2073
16
0 88 43
1 52 45
2 90 88
3 73 33
4 11 8
5 21 70
6 17 96
7 86 42
8 69 26
9 92 74
10 27 83
11 33 95
12 35 45
13 22 50
14 22 74
15 41 44
64
0 0 123 100 6
0
1 0 248 100 6
0
2 0 368 100 6
0
3 0 504 100 6
0
4 1 125 100 6
0
5 1 255 100 6
0
6 1 375 100 6
0
7 1 510 100 6
0
8 2 134 100 6
0
9 2 246 100 6
0
10 2 377 100 6
0
11 2 501 100 6
0
12 3 127 100 6
0
13 3 262 100 6
0
14 3 388 100 6
0
15 3 516 100 6
0
16 4 127 100 6
0
17 4 245 100 6
0
18 4 380 100 6
0
19 4 508 100 6
0
20 5 120 100 6
0
21 5 249 100 6
0
22 5 372 100 6
0
23 5 488 100 6
0
24 6 119 100 6
0
25 6 244 100 6
0
26 6 385 100 6
0
27 6 509 100 6
0
28 7 132 100 6
0
29 7 256 100 6
0
30 7 384 100 6
0
31 7 513 100 6
0
32 8 113 100 6
0
33 8 243 100 6
0
34 8 374 100 6
0
35 8 500 100 6
0
36 9 143 100 6
0
37 9 264 100 6
0
38 9 383 100 6
0
39 9 500 100 6
0
40 10 123 100 6
0
41 10 235 100 6
0
42 10 354 100 6
0
43 10 481 100 6
0
44 11 127 100 6
0
45 11 246 100 6
0
46 11 395 100 6
0
47 11 521 100 6
0
48 12 132 100 6
0
49 12 256 100 6
0
50 12 374 100 6
0
51 12 517 100 6
0
52 13 141 100 6
0
53 13 268 100 6
0
54 13 389 100 6
0
55 13 516 100 6
0
56 14 130 100 6
0
57 14 246 100 6
0
58 14 373 100 6
0
59 14 494 100 6
0
60 15 129 100 6
0
61 15 262 100 6
0
62 15 407 100 6
0
63 15 525 100 6
0
1000
1 13 -1
2 41 6 42 8 174 346 177 349
2 10 -1
5 97 5 98 8 177 349 182 354
3 1 -1
7 1 19 1 21 179 351 183 355
4 12 -1
8 13 20 16 23 180 352 189 361
5 13 -1
9 48 77 49 80 181 353 187 359
6 3 -1
10 92 37 93 39 182 354 186 358
7 5 -1
11 10 50 12 51 183 355 189 361
8 4 -1
12 40 82 40 82 184 356 186 358
9 11 -1
13 35 72 36 72 185 357 187 359
10 13 -1
14 26 37 29 37 186 358 189 361
11 15 -1
15 11 29 14 32 187 359 193 365
12 0 -1
17 94 33 98 33 189 361 193 365
13 5 -1
18 86 70 87 75 190 362 196 368
14 9 -1
19 34 85 35 85 191 363 192 364
15 6 -1
20 16 67 17 67 192 364 194 366
16 0 -1
21 52 78 52 79 193 365 195 367
17 12 -1
22 6 22 6 26 194 366 198 370
18 12 -1
24 13 0 14 1 196 368 198 370
19 9 -1
29 38 52 44 52 201 373 207 379
20 2 -1
30 45 12 47 12 202 374 204 376
21 3 -1
31 6 89 8 89 203 375 205 377
22 5 -1
33 56 92 57 94 205 377 211 383
23 10 -1
35 24 54 25 54 207 379 208 380
24 2 -1
36 83 71 85 71 208 380 210 382
25 8 -1
39 84 7 84 7 211 383 212 384
26 11 -1
40 33 94 34 94 212 384 213 385
27 7 -1
41 1 85 1 86 213 385 215 387
28 3 -1
42 18 27 19 27 214 386 215 387
29 2 -1
43 94 6 95 6 215 387 216 388
30 0 -1
45 76 90 76 91 217 389 219 391
31 14 -1
49 22 36 22 36 221 393 224 396
32 9 -1
52 93 76 98 78 224 396 231 403
33 13 -1
53 4 56 7 56 225 397 230 402
34 11 -1
54 44 48 44 49 226 398 227 399
35 7 -1
56 48 53 65 53 228 400 245 417
36 2 -1
57 65 83 66 83 229 401 231 403
37 0 -1
59 23 78 24 78 231 403 232 404
38 15 -1
61 34 87 34 88 233 405 235 407
39 13 -1
62 42 42 50 42 234 406 242 414
40 4 -1
64 34 28 49 29 236 408 255 427
41 6 -1
69 10 26 11 27 241 413 243 415
42 15 -1
71 49 55 55 55 243 415 251 423
43 7 -1
73 30 16 34 16 245 417 250 422
44 1 -1
76 48 61 48 62 248 420 251 423
45 12 -1
78 49 20 50 20 250 422 252 424
46 11 -1
80 14 20 15 21 252 424 255 427
47 9 -1
81 41 60 41 62 253 425 255 427
48 5 -1
82 19 73 24 73 254 426 260 432
49 1 -1
83 74 16 78 17 255 427 260 432
50 14 -1
84 92 25 93 25 256 428 257 429
51 9 -1
86 26 72 27 72 258 430 268 440
52 7 -1
87 74 99 74 99 259 431 260 432
53 8 -1
90 10 32 10 33 262 434 263 435
54 13 -1
91 67 91 70 92 263 435 267 439
55 2 -1
92 12 65 13 65 264 436 265 437
56 4 -1
93 82 59 83 60 265 437 268 440
57 12 -1
94 52 58 55 58 266 438 272 444
58 11 -1
96 80 60 82 60 268 440 270 442
59 3 -1
103 8 39 11 39 275 447 278 450
60 4 -1
105 9 96 9 96 277 449 279 451
61 14 -1
106 37 20 47 20 278 450 288 460
62 9 -1
107 18 70 21 70 279 451 282 454
63 9 -1
108 83 13 83 20 280 452 288 460
64 6 -1
110 21 61 21 67 282 454 290 462
65 12 -1
111 53 6 53 7 283 455 284 456
66 10 -1
114 98 55 92 55 286 458 292 464
67 4 -1
115 76 39 80 40 287 459 292 464
68 7 -1
116 98 22 99 27 288 460 300 472
69 11 -1
119 75 2 76 3 291 463 294 466
70 6 -1
120 55 23 56 23 292 464 293 465
71 1 -1
122 82 98 83 98 294 466 298 470
72 14 -1
123 47 8 48 9 295 467 298 470
73 5 -1
124 97 37 94 38 296 468 300 472
74 4 -1
127 1 18 2 18 299 471 300 472
75 1 -1
128 99 79 84 80 300 472 319 491
76 7 -1
130 75 2 76 2 302 474 303 475
77 12 -1
132 77 48 78 62 304 476 319 491
78 13 -1
134 11 27 12 27 306 478 307 479
79 12 -1
135 65 81 73 82 307 479 318 490
80 0 -1
136 11 79 12 79 308 480 310 482
81 14 -1
139 82 44 83 44 311 483 312 484
82 10 -1
140 95 99 98 100 312 484 316 488
83 9 -1
141 0 78 0 83 313 485 318 490
84 12 -1
144 23 68 27 68 316 488 321 493
85 0 -1
145 32 50 33 50 317 489 319 491
86 0 -1
146 50 46 51 46 318 490 319 491
87 14 -1
147 81 76 81 76 319 491 320 492
88 15 -1
148 92 34 93 34 320 492 321 493
89 7 -1
149 21 65 23 65 321 493 323 495
90 14 -1
150 44 21 46 23 322 494 328 500
91 4 -1
153 73 12 74 12 325 497 326 498
92 10 -1
154 85 74 86 75 326 498 330 502
93 0 -1
155 40 61 43 61 327 499 331 503
94 10 -1
156 5 42 7 45 328 500 333 505
95 7 -1
157 56 74 56 76 329 501 334 506
96 8 -1
160 47 76 48 76 332 504 338 510
97 11 -1
162 29 42 30 42 334 506 335 507
98 10 -1
163 26 99 26 99 335 507 336 508
99 15 -1
166 59 7 59 8 338 510 340 512
100 12 -1
167 88 22 88 25 339 511 344 516
101 11 -1
168 61 80 63 80 340 512 342 514
102 13 -1
169 12 70 17 70 341 513 346 518
103 0 -1
170 31 8 36 8 342 514 347 519
104 5 -1
172 93 60 97 60 344 516 349 521
105 11 -1
173 5 65 8 67 345 517 350 522
106 0 -1
174 15 2 17 2 346 518 348 520
107 10 -1
179 52 82 53 82 351 523 352 524
108 2 -1
183 50 81 51 84 355 527 360 532
109 10 -1
184 40 97 42 97 356 528 358 530
110 15 -1
185 4 37 5 37 357 529 359 531
111 15 -1
186 83 93 86 98 358 530 367 539
112 4 -1
187 92 38 98 38 359 531 365 537
113 12 -1
189 94 39 95 39 361 533 366 538
114 2 -1
190 70 9 72 9 362 534 367 539
115 3 -1
193 42 35 42 35 365 537 366 538
116 7 -1
196 25 23 25 23 368 540 370 542
117 5 -1
197 16 43 16 44 369 541 370 542
118 5 -1
198 75 16 76 25 370 542 388 560
119 14 -1
199 77 24 78 24 371 543 372 544
120 6 -1
200 62 3 63 4 372 544 374 546
121 14 -1
201 34 70 34 70 373 545 374 546
122 0 -1
204 7 96 8 96 376 548 377 549
123 15 -1
208 99 44 98 44 380 552 381 553
124 14 -1
209 97 99 98 99 381 553 382 554
125 8 -1
211 92 2 94 2 383 555 386 558
126 7 -1
212 72 50 72 50 384 556 386 558
127 14 -1
213 56 16 61 17 385 557 393 565
128 10 -1
214 98 3 95 3 386 558 391 563
129 14 -1
218 92 17 97 18 390 562 397 569
130 5 -1
219 15 58 16 59 391 563 393 565
131 12 -1
224 27 14 29 15 396 568 399 571
132 14 -1
225 2 63 2 65 397 569 399 571
133 13 -1
229 81 95 85 95 401 573 407 579
134 4 -1
230 78 0 79 0 402 574 403 575
135 6 -1
231 13 45 16 45 403 575 406 578
136 0 -1
236 91 11 93 11 408 580 410 582
137 11 -1
237 38 47 39 47 409 581 411 583
138 13 -1
240 5 65 14 66 412 584 423 595
139 2 -1
242 37 72 39 72 414 586 416 588
140 9 -1
244 9 82 10 84 416 588 421 593
141 15 -1
245 27 91 28 92 417 589 423 595
142 7 -1
246 12 11 14 11 418 590 421 593
143 11 -1
247 5 28 5 29 419 591 422 594
144 14 -1
248 23 91 23 91 420 592 423 595
145 10 -1
250 53 38 54 38 422 594 424 596
146 10 -1
251 36 87 38 87 423 595 426 598
147 8 -1
253 22 52 23 52 425 597 426 598
148 6 -1
255 58 66 59 67 427 599 429 601
149 9 -1
256 36 42 40 42 428 600 432 604
150 14 -1
257 48 63 52 63 429 601 433 605
151 15 -1
258 86 41 86 42 430 602 431 603
152 3 -1
260 39 90 40 91 432 604 434 606
153 8 -1
261 84 85 90 89 433 605 445 617
154 0 -1
266 98 93 96 94 438 610 442 614
155 8 -1
267 48 37 48 39 439 611 442 614
156 12 -1
268 36 85 36 86 440 612 442 614
157 4 -1
269 43 69 44 69 441 613 442 614
158 0 -1
271 23 13 26 13 443 615 449 621
159 4 -1
272 68 35 69 35 444 616 445 617
160 7 -1
274 33 91 40 93 446 618 459 631
161 13 -1
277 69 92 69 92 449 621 451 623
162 2 -1
278 88 61 92 62 450 622 456 628
163 6 -1
279 74 45 77 46 451 623 455 627
164 8 -1
280 67 33 69 33 452 624 455 627
165 7 -1
283 28 38 28 39 455 627 456 628
166 5 -1
285 69 64 69 65 457 629 460 632
167 5 -1
286 92 68 95 68 458 630 461 633
168 15 -1
289 50 87 53 87 461 633 464 636
169 11 -1
293 85 49 89 49 465 637 469 641
170 9 -1
294 89 65 92 65 466 638 470 642
171 1 -1
295 27 29 27 30 467 639 469 641
172 8 -1
296 75 41 79 41 468 640 472 644
173 4 -1
303 17 50 18 58 475 647 484 656
174 11 -1
305 9 45 10 46 477 649 482 654
175 6 -1
306 65 54 65 54 478 650 479 651
176 5 -1
307 8 39 8 40 479 651 481 653
177 14 -1
310 5 27 5 27 482 654 486 658
178 14 -1
311 61 29 61 30 483 655 487 659
179 14 -1
312 85 69 87 76 484 656 493 665
180 14 -1
313 47 96 48 96 485 657 486 658
181 13 -1
315 89 99 90 100 487 659 489 661
182 6 -1
320 0 38 15 39 492 664 508 680
183 6 -1
321 61 3 64 3 493 665 496 668
184 8 -1
323 9 54 11 61 495 667 508 680
185 15 -1
325 40 24 48 24 497 669 505 677
186 0 -1
326 87 78 88 78 498 670 499 671
187 7 -1
327 35 43 37 44 499 671 502 674
188 4 -1
328 59 28 62 30 500 672 505 677
189 15 -1
329 29 77 32 77 501 673 504 676
190 3 -1
330 74 95 74 99 502 674 507 679
191 5 -1
337 5 74 18 74 509 681 522 694
192 13 -1
340 33 28 34 30 512 684 515 687
193 9 -1
342 63 16 63 16 514 686 515 687
194 0 -1
343 90 28 93 28 515 687 518 690
195 5 -1
345 73 95 73 86 517 689 529 701
196 3 -1
349 91 81 92 81 521 693 522 694
197 0 -1
351 28 42 28 43 523 695 524 696
198 13 -1
354 56 29 59 30 526 698 532 704
199 15 -1
356 75 34 76 34 528 700 529 701
200 8 -1
357 25 34 27 36 529 701 533 705
201 5 -1
358 28 77 32 78 530 702 537 709
202 2 -1
359 55 45 57 45 531 703 534 706
203 5 -1
360 93 87 93 89 532 704 534 706
204 13 -1
361 6 46 10 47 533 705 539 711
205 8 -1
363 20 12 20 13 535 707 536 708
206 9 -1
364 64 53 64 54 536 708 537 709
207 7 -1
365 77 84 78 85 537 709 539 711
208 9 -1
367 95 25 95 31 539 711 545 717
209 5 -1
371 60 72 61 72 543 715 544 716
210 5 -1
372 24 13 31 13 544 716 552 724
211 2 -1
373 70 80 71 81 545 717 548 720
212 11 -1
374 82 37 83 37 546 718 547 719
213 12 -1
375 84 6 85 6 547 719 548 720
214 7 -1
377 87 5 88 5 549 721 550 722
215 14 -1
379 4 17 4 18 551 723 552 724
216 8 -1
380 4 42 5 42 552 724 553 725
217 14 -1
381 23 58 23 59 553 725 558 730
218 12 -1
382 16 14 18 14 554 726 556 728
219 0 -1
383 34 88 34 89 555 727 556 728
220 0 -1
388 26 60 26 60 560 732 561 733
221 0 -1
391 86 63 88 63 563 735 565 737
222 9 -1
392 24 23 25 23 564 736 566 738
223 9 -1
394 42 21 42 21 566 738 569 741
224 5 -1
396 68 9 71 9 568 740 573 745
225 15 -1
397 68 57 68 58 569 741 570 742
226 7 -1
400 52 65 52 65 572 744 574 746
227 14 -1
401 42 31 44 31 573 745 575 747
228 9 -1
403 18 15 19 16 575 747 580 752
229 3 -1
404 74 17 74 18 576 748 578 750
230 4 -1
407 97 1 98 1 579 751 580 752
231 3 -1
408 8 36 9 38 580 752 583 755
232 9 -1
411 71 14 71 16 583 755 585 757
233 0 -1
412 79 11 80 11 584 756 585 757
234 9 -1
414 74 0 74 1 586 758 587 759
235 12 -1
418 30 31 31 31 590 762 591 763
236 14 -1
420 27 83 27 83 592 764 593 765
237 9 -1
421 17 18 18 18 593 765 595 767
238 2 -1
423 40 91 40 91 595 767 596 768
239 4 -1
426 71 75 74 76 598 770 603 775
240 12 -1
428 91 43 93 43 600 772 602 774
241 3 -1
433 6 79 8 79 605 777 607 779
242 5 -1
437 84 64 84 64 609 781 610 782
243 6 -1
439 67 33 68 33 611 783 613 785
244 6 -1
441 49 5 50 8 613 785 621 793
245 14 -1
446 57 5 61 5 618 790 622 794
246 5 -1
448 79 93 81 94 620 792 623 795
247 1 -1
450 22 68 22 69 622 794 630 802
248 4 -1
452 80 43 83 43 624 796 627 799
249 8 -1
455 18 98 18 95 627 799 630 802
250 7 -1
460 91 92 94 92 632 804 638 810
251 5 -1
461 72 32 74 32 633 805 635 807
252 13 -1
462 91 57 92 59 634 806 637 809
253 5 -1
464 3 70 4 70 636 808 638 810
254 14 -1
469 42 17 42 19 641 813 643 815
255 11 -1
471 48 53 48 54 643 815 654 826
256 2 -1
475 89 35 91 35 647 819 649 821
257 1 -1
478 51 66 54 67 650 822 654 826
258 11 -1
479 20 98 20 99 651 823 653 825
259 3 -1
480 16 25 22 25 652 824 660 832
260 3 -1
481 66 67 69 67 653 825 659 831
261 12 -1
482 12 80 12 80 654 826 655 827
262 13 -1
484 30 64 30 66 656 828 660 832
263 11 -1
486 73 67 74 68 658 830 661 833
264 15 -1
488 30 14 32 15 660 832 663 835
265 15 -1
489 50 76 59 76 661 833 674 846
266 6 -1
491 61 24 62 25 663 835 665 837
267 14 -1
493 93 87 93 87 665 837 666 838
268 12 -1
496 4 41 5 41 668 840 669 841
269 13 -1
501 93 39 95 39 673 845 675 847
270 13 -1
502 30 57 31 59 674 846 678 850
271 8 -1
505 98 7 98 9 677 849 679 851
272 1 -1
506 57 79 59 80 678 850 683 855
273 14 -1
507 6 41 10 41 679 851 683 855
274 1 -1
509 1 50 2 50 681 853 682 854
275 12 -1
511 65 72 67 72 683 855 685 857
276 10 -1
512 24 71 25 71 684 856 685 857
277 5 -1
515 2 50 3 51 687 859 690 862
278 15 -1
516 69 77 76 77 688 860 701 873
279 7 -1
517 3 78 7 78 689 861 693 865
280 7 -1
518 83 41 83 42 690 862 692 864
281 3 -1
520 74 87 74 88 692 864 693 865
282 0 -1
522 79 69 82 72 694 866 703 875
283 8 -1
523 33 54 33 54 695 867 696 868
284 6 -1
525 16 74 18 74 697 869 699 871
285 4 -1
526 66 64 66 66 698 870 700 872
286 10 -1
528 93 52 95 55 700 872 705 877
287 12 -1
530 23 67 24 68 702 874 706 878
288 8 -1
533 43 88 44 89 705 877 707 879
289 12 -1
535 93 64 94 66 707 879 710 882
290 1 -1
536 32 79 33 79 708 880 710 882
291 7 -1
537 44 93 44 93 709 881 710 882
292 14 -1
538 48 19 50 20 710 882 713 885
293 15 -1
540 25 38 26 38 712 884 716 888
294 2 -1
541 55 15 57 16 713 885 716 888
295 6 -1
542 4 28 9 31 714 886 722 894
296 8 -1
543 96 5 98 5 715 887 717 889
297 8 -1
546 58 44 59 44 718 890 720 892
298 10 -1
547 77 2 79 2 719 891 721 893
299 5 -1
550 88 2 88 3 722 894 723 895
300 3 -1
552 55 35 55 37 724 896 727 899
301 15 -1
553 80 16 80 16 725 897 727 899
302 15 -1
555 68 92 69 92 727 899 732 904
303 5 -1
556 98 79 98 80 728 900 730 902
304 14 -1
558 61 37 62 37 730 902 731 903
305 6 -1
559 97 62 94 64 731 903 736 908
306 4 -1
560 28 89 30 89 732 904 734 906
307 1 -1
562 93 16 94 16 734 906 735 907
308 11 -1
565 69 52 71 54 737 909 741 913
309 11 -1
566 11 23 13 23 738 910 742 914
310 6 -1
567 43 23 43 24 739 911 740 912
311 5 -1
570 61 8 65 8 742 914 746 918
312 5 -1
572 56 65 59 65 744 916 747 919
313 9 -1
573 48 20 50 21 745 917 748 920
314 4 -1
575 21 79 21 79 747 919 749 921
315 15 -1
577 64 57 64 57 749 921 750 922
316 14 -1
578 93 47 94 47 750 922 752 924
317 14 -1
579 68 2 71 3 751 923 756 928
318 2 -1
580 55 55 55 56 752 924 753 925
319 5 -1
585 28 92 31 92 757 929 760 932
320 5 -1
588 34 23 38 23 760 932 765 937
321 15 -1
589 44 62 57 64 761 933 776 948
322 9 -1
592 63 73 63 73 764 936 765 937
323 13 -1
594 83 75 84 75 766 938 768 940
324 2 -1
595 12 2 25 3 767 939 782 954
325 7 -1
596 77 98 81 98 768 940 772 944
326 11 -1
597 8 78 11 78 769 941 777 949
327 5 -1
599 74 52 80 54 771 943 779 951
328 11 -1
600 14 46 16 47 772 944 775 947
329 4 -1
601 46 8 47 9 773 945 775 947
330 11 -1
603 47 89 49 89 775 947 777 949
331 13 -1
608 61 10 63 10 780 952 783 955
332 6 -1
609 64 32 65 32 781 953 782 954
333 1 -1
610 51 34 54 34 782 954 787 959
334 6 -1
611 2 7 2 8 783 955 787 959
335 7 -1
613 78 30 83 30 785 957 793 965
336 4 -1
614 71 19 74 22 786 958 792 964
337 6 -1
615 78 87 78 87 787 959 788 960
338 10 -1
616 36 6 37 7 788 960 790 962
339 12 -1
619 66 34 71 34 791 963 796 968
340 4 -1
620 48 55 50 55 792 964 794 966
341 8 -1
621 51 34 51 35 793 965 798 970
342 9 -1
622 52 77 55 77 794 966 797 969
343 7 -1
623 33 79 33 80 795 967 797 969
344 1 -1
624 98 53 99 53 796 968 797 969
345 15 -1
625 54 81 54 82 797 969 799 971
346 3 -1
628 90 6 90 6 800 972 801 973
347 15 -1
629 80 95 85 95 801 973 806 978
348 3 -1
630 14 51 15 51 802 974 803 975
349 4 -1
634 28 70 28 71 806 978 807 979
350 12 -1
635 89 69 89 69 807 979 809 981
351 4 -1
636 55 53 57 53 808 980 810 982
352 13 -1
637 26 93 26 94 809 981 811 983
353 10 -1
639 44 42 45 42 811 983 812 984
354 1 -1
640 20 53 21 53 812 984 814 986
355 3 -1
641 66 20 67 20 813 985 815 987
356 4 -1
643 4 98 5 100 815 987 821 993
357 15 -1
645 73 51 74 51 817 989 819 991
358 11 -1
646 49 10 49 11 818 990 820 992
359 15 -1
648 73 2 73 3 820 992 821 993
360 11 -1
649 95 92 87 93 821 993 831 1003
361 10 -1
650 36 14 36 14 822 994 823 995
362 7 -1
651 56 78 60 78 823 995 827 999
363 11 -1
652 50 41 63 42 824 996 839 1011
364 2 -1
653 3 33 3 33 825 997 826 998
365 13 -1
656 15 40 15 41 828 1000 829 1001
366 3 -1
662 19 57 20 57 834 1006 836 1008
367 12 -1
663 33 56 37 58 835 1007 843 1015
368 7 -1
664 74 61 75 62 836 1008 838 1010
369 2 -1
665 80 49 81 49 837 1009 838 1010
370 10 -1
666 92 95 93 95 838 1010 840 1012
371 0 -1
667 10 40 10 42 839 1011 842 1014
372 8 -1
669 96 62 97 62 841 1013 842 1014
373 7 -1
672 86 25 88 27 844 1016 848 1020
374 11 -1
673 7 78 8 78 845 1017 847 1019
375 7 -1
674 76 49 76 53 846 1018 850 1022
376 3 -1
675 76 19 80 19 847 1019 852 1024
377 14 -1
678 93 11 93 11 850 1022 854 1026
378 8 -1
679 83 20 86 20 851 1023 854 1026
379 8 -1
680 54 79 60 79 852 1024 858 1030
380 7 -1
681 43 21 44 21 853 1025 855 1027
381 12 -1
682 69 58 71 58 854 1026 856 1028
382 1 -1
684 57 5 57 6 856 1028 858 1030
383 7 -1
685 86 71 88 73 857 1029 862 1034
384 12 -1
687 54 7 58 8 859 1031 864 1036
385 0 -1
688 76 4 76 6 860 1032 862 1034
386 10 -1
689 62 24 64 24 861 1033 863 1035
387 12 -1
690 27 44 29 44 862 1034 864 1036
388 12 -1
691 9 91 11 91 863 1035 865 1037
389 13 -1
692 21 43 23 43 864 1036 866 1038
390 13 -1
694 92 72 95 72 866 1038 869 1041
391 5 -1
696 32 98 34 98 868 1040 870 1042
392 7 -1
698 41 77 45 77 870 1042 875 1047
393 10 -1
700 79 91 80 91 872 1044 873 1045
394 9 -1
701 98 91 99 91 873 1045 874 1046
395 6 -1
702 22 95 29 95 874 1046 881 1053
396 9 -1
703 59 13 59 14 875 1047 877 1049
397 10 -1
704 52 76 54 76 876 1048 878 1050
398 13 -1
705 42 85 43 86 877 1049 881 1053
399 4 -1
706 31 70 31 72 878 1050 880 1052
400 13 -1
707 31 38 33 40 879 1051 883 1055
401 9 -1
708 33 32 33 38 880 1052 887 1059
402 9 -1
710 55 35 57 36 882 1054 885 1057
403 2 -1
712 78 51 79 51 884 1056 885 1057
404 7 -1
714 54 60 55 60 886 1058 887 1059
405 4 -1
716 94 16 95 16 888 1060 889 1061
406 4 -1
718 18 18 25 19 890 1062 898 1070
407 13 -1
719 14 82 15 82 891 1063 892 1064
408 8 -1
720 68 15 70 15 892 1064 894 1066
409 2 -1
722 58 16 60 16 894 1066 896 1068
410 14 -1
724 9 75 11 75 896 1068 898 1070
411 4 -1
725 70 68 77 72 897 1069 908 1080
412 2 -1
726 67 54 67 56 898 1070 902 1074
413 12 -1
727 10 34 13 34 899 1071 902 1074
414 10 -1
728 77 46 80 47 900 1072 905 1077
415 11 -1
729 73 34 73 34 901 1073 902 1074
416 3 -1
731 85 37 86 37 903 1075 904 1076
417 0 -1
733 87 83 87 85 905 1077 907 1079
418 11 -1
734 42 8 44 8 906 1078 908 1080
419 7 -1
735 59 20 59 20 907 1079 910 1082
420 10 -1
736 1 56 3 56 908 1080 910 1082
421 10 -1
737 28 71 31 71 909 1081 912 1084
422 1 -1
742 40 45 42 48 914 1086 919 1091
423 9 -1
744 1 0 3 0 916 1088 918 1090
424 7 -1
745 1 40 3 40 917 1089 922 1094
425 11 -1
748 42 17 43 17 920 1092 922 1094
426 14 -1
750 50 36 51 36 922 1094 923 1095
427 2 -1
751 26 14 27 14 923 1095 924 1096
428 6 -1
752 80 9 83 9 924 1096 927 1099
429 4 -1
753 76 49 77 49 925 1097 926 1098
430 2 -1
754 80 14 83 16 926 1098 932 1104
431 15 -1
755 25 53 27 53 927 1099 929 1101
432 3 -1
757 62 43 62 43 929 1101 931 1103
433 15 -1
758 38 72 43 73 930 1102 938 1110
434 11 -1
759 52 43 53 43 931 1103 933 1105
435 8 -1
760 67 93 67 93 932 1104 933 1105
436 15 -1
766 81 98 83 98 938 1110 940 1112
437 2 -1
767 96 88 96 89 939 1111 941 1113
438 5 -1
768 89 75 91 76 940 1112 943 1115
439 9 -1
771 53 61 53 62 943 1115 944 1116
440 3 -1
772 76 94 77 94 944 1116 946 1118
441 5 -1
773 64 33 65 35 945 1117 948 1120
442 11 -1
775 18 0 21 2 947 1119 952 1124
443 7 -1
777 19 2 19 2 949 1121 951 1123
444 7 -1
778 33 34 35 34 950 1122 952 1124
445 13 -1
779 21 89 22 90 951 1123 954 1126
446 5 -1
781 10 95 10 95 953 1125 954 1126
447 10 -1
782 54 66 57 67 954 1126 958 1130
448 9 -1
784 80 56 80 57 956 1128 958 1130
449 8 -1
787 45 31 46 31 959 1131 961 1133
450 11 -1
788 3 38 3 39 960 1132 961 1133
451 5 -1
789 88 53 90 53 961 1133 965 1137
452 15 -1
790 78 44 80 44 962 1134 964 1136
453 0 -1
791 87 55 87 59 963 1135 968 1140
454 3 -1
793 86 58 89 58 965 1137 968 1140
455 1 -1
794 4 85 8 85 966 1138 970 1142
456 7 -1
795 96 73 96 74 967 1139 969 1141
457 11 -1
796 40 8 41 11 968 1140 972 1144
458 13 -1
797 95 46 95 46 969 1141 970 1142
459 3 -1
798 17 92 19 92 970 1142 973 1145
460 4 -1
799 26 31 27 32 971 1143 973 1145
461 1 -1
800 27 43 27 46 972 1144 977 1149
462 15 -1
802 36 60 36 60 974 1146 978 1150
463 5 -1
803 87 75 89 75 975 1147 977 1149
464 3 -1
805 78 33 80 36 977 1149 982 1154
465 3 -1
806 87 66 92 67 978 1150 987 1159
466 9 -1
807 46 72 47 72 979 1151 981 1153
467 0 -1
810 75 49 76 49 982 1154 983 1155
468 2 -1
813 48 55 49 55 985 1157 986 1158
469 12 -1
818 54 28 55 28 990 1162 992 1164
470 14 -1
820 81 17 81 18 992 1164 995 1167
471 5 -1
824 31 46 31 47 996 1168 998 1170
472 11 -1
825 45 57 47 58 997 1169 1000 1172
473 15 -1
827 66 13 67 13 999 1171 1000 1172
474 10 -1
828 5 24 7 25 1000 1172 1010 1182
475 5 -1
830 68 17 68 19 1002 1174 1005 1177
476 7 -1
831 64 10 64 10 1003 1175 1004 1176
477 1 -1
833 14 50 16 50 1005 1177 1007 1179
478 10 -1
834 85 71 87 71 1006 1178 1008 1180
479 15 -1
835 4 87 5 94 1007 1179 1017 1189
480 11 -1
839 6 98 6 98 1011 1183 1013 1185
481 8 -1
841 46 74 48 76 1013 1185 1017 1189
482 14 -1
842 20 39 21 39 1014 1186 1016 1188
483 14 -1
844 68 84 72 85 1016 1188 1021 1193
484 15 -1
845 55 77 55 77 1017 1189 1019 1191
485 2 -1
846 2 34 6 36 1018 1190 1024 1196
486 13 -1
847 15 83 15 84 1019 1191 1020 1192
487 11 -1
850 90 37 90 38 1022 1194 1025 1197
488 15 -1
851 64 60 68 60 1023 1195 1027 1199
489 3 -1
854 35 38 35 39 1026 1198 1027 1199
490 5 -1
856 67 1 68 3 1028 1200 1031 1203
491 6 -1
859 36 52 41 52 1031 1203 1036 1208
492 7 -1
860 24 9 24 10 1032 1204 1033 1205
493 2 -1
861 33 79 33 79 1033 1205 1035 1207
494 1 -1
864 44 90 46 91 1036 1208 1039 1211
495 15 -1
867 18 23 18 23 1039 1211 1040 1212
496 2 -1
868 94 56 95 56 1040 1212 1042 1214
497 9 -1
871 89 57 94 66 1043 1215 1059 1231
498 5 -1
873 9 88 9 90 1045 1217 1047 1219
499 12 -1
874 63 43 65 44 1046 1218 1051 1223
500 8 -1
875 97 22 97 22 1047 1219 1050 1222
501 14 -1
877 22 90 23 92 1049 1221 1052 1224
502 9 -1
878 14 16 16 16 1050 1222 1052 1224
503 7 -1
879 48 81 49 82 1051 1223 1053 1225
504 4 -1
880 62 37 64 37 1052 1224 1056 1228
505 4 -1
881 2 82 6 83 1053 1225 1059 1231
506 11 -1
882 35 52 35 54 1054 1226 1056 1228
507 13 -1
885 67 26 67 27 1057 1229 1058 1230
508 14 -1
887 64 90 66 90 1059 1231 1062 1234
509 1 -1
889 49 88 50 90 1061 1233 1064 1236
510 6 -1
891 55 68 55 68 1063 1235 1065 1237
511 4 -1
893 21 23 22 24 1065 1237 1067 1239
512 9 -1
894 38 92 39 93 1066 1238 1069 1241
513 5 -1
895 6 18 6 19 1067 1239 1070 1242
514 12 -1
896 85 30 86 30 1068 1240 1070 1242
515 13 -1
897 73 12 74 12 1069 1241 1070 1242
516 5 -1
898 80 63 80 64 1070 1242 1072 1244
517 3 -1
899 80 34 82 34 1071 1243 1073 1245
518 7 -1
900 16 95 19 98 1072 1244 1078 1250
519 13 -1
901 52 71 53 71 1073 1245 1075 1247
520 5 -1
902 97 42 98 42 1074 1246 1075 1247
521 1 -1
905 26 59 26 60 1077 1249 1078 1250
522 1 -1
910 28 42 28 43 1082 1254 1083 1255
523 9 -1
912 0 53 6 54 1084 1256 1094 1266
524 9 -1
914 85 26 90 27 1086 1258 1093 1265
525 15 -1
917 87 60 88 62 1089 1261 1093 1265
526 10 -1
919 98 25 96 25 1091 1263 1093 1265
527 6 -1
920 16 73 16 76 1092 1264 1095 1267
528 7 -1
921 21 52 21 53 1093 1265 1094 1266
529 5 -1
923 79 11 79 12 1095 1267 1096 1268
530 3 -1
925 6 10 6 13 1097 1269 1100 1272
531 3 -1
926 25 98 26 95 1098 1270 1107 1279
532 8 -1
927 22 27 22 29 1099 1271 1102 1274
533 13 -1
928 39 12 42 13 1100 1272 1104 1276
534 4 -1
929 84 42 85 42 1101 1273 1102 1274
535 3 -1
931 6 91 7 92 1103 1275 1105 1277
536 14 -1
933 40 29 47 29 1105 1277 1112 1284
537 7 -1
935 34 81 35 81 1107 1279 1109 1281
538 11 -1
936 24 70 24 71 1108 1280 1109 1281
539 12 -1
937 95 51 98 51 1109 1281 1113 1285
540 8 -1
938 5 99 9 99 1110 1282 1114 1286
541 11 -1
940 34 30 34 31 1112 1284 1114 1286
542 10 -1
942 82 34 82 35 1114 1286 1115 1287
543 7 -1
943 66 95 73 95 1115 1287 1122 1294
544 10 -1
944 35 54 36 54 1116 1288 1117 1289
545 0 -1
945 7 90 9 91 1117 1289 1120 1292
546 12 -1
947 65 63 77 64 1119 1291 1132 1304
547 3 -1
948 45 75 46 77 1120 1292 1123 1295
548 15 -1
950 79 39 80 40 1122 1294 1124 1296
549 8 -1
951 23 28 25 28 1123 1295 1125 1297
550 13 -1
954 37 55 37 55 1126 1298 1128 1300
551 0 -1
955 64 4 65 4 1127 1299 1128 1300
552 3 -1
957 31 28 34 28 1129 1301 1132 1304
553 6 -1
958 92 84 92 85 1130 1302 1131 1303
554 14 -1
963 95 25 95 25 1135 1307 1138 1310
555 9 -1
964 7 77 7 78 1136 1308 1138 1310
556 9 -1
966 18 94 18 95 1138 1310 1140 1312
557 9 -1
969 81 14 81 15 1141 1313 1143 1315
558 8 -1
972 24 7 24 7 1144 1316 1150 1322
559 0 -1
973 25 5 27 7 1145 1317 1149 1321
560 11 -1
974 26 66 32 69 1146 1318 1156 1328
561 1 -1
976 86 2 86 3 1148 1320 1153 1325
562 0 -1
979 78 65 80 66 1151 1323 1155 1327
563 5 -1
981 65 0 65 1 1153 1325 1154 1326
564 7 -1
983 26 61 29 61 1155 1327 1158 1330
565 9 -1
984 31 96 33 100 1156 1328 1162 1334
566 5 -1
987 86 19 86 19 1159 1331 1163 1335
567 1 -1
989 48 35 49 37 1161 1333 1164 1336
568 14 -1
990 52 34 52 38 1162 1334 1166 1338
569 6 -1
992 54 52 56 54 1164 1336 1168 1340
570 14 -1
993 76 71 78 71 1165 1337 1167 1339
571 2 -1
994 68 75 70 77 1166 1338 1170 1342
572 10 -1
996 40 4 42 4 1168 1340 1170 1342
573 12 -1
997 15 77 17 77 1169 1341 1171 1343
574 0 -1
998 47 6 48 6 1170 1342 1171 1343
575 7 -1
999 44 98 44 100 1171 1343 1173 1345
576 5 -1
1001 32 32 41 66 1173 1345 1222 1394
577 9 -1
1004 69 28 70 28 1176 1348 1178 1350
578 8 -1
1008 75 89 76 89 1180 1352 1181 1353
579 0 -1
1010 24 61 26 61 1182 1354 1184 1356
580 4 -1
1012 69 89 70 89 1184 1356 1185 1357
581 10 -1
1015 63 34 63 35 1187 1359 1188 1360
582 1 -1
1016 90 52 91 52 1188 1360 1189 1361
583 12 -1
1017 21 8 22 8 1189 1361 1192 1364
584 14 -1
1018 86 80 99 80 1190 1362 1204 1376
585 13 -1
1019 16 13 18 16 1191 1363 1201 1373
586 11 -1
1020 29 60 29 62 1192 1364 1195 1367
587 4 -1
1021 15 16 16 16 1193 1365 1194 1366
588 8 -1
1022 54 20 61 21 1194 1366 1208 1380
589 4 -1
1025 69 68 72 68 1197 1369 1202 1374
590 6 -1
1027 64 32 64 32 1199 1371 1200 1372
591 8 -1
1028 82 46 82 47 1200 1372 1201 1373
592 6 -1
1031 29 2 31 4 1203 1375 1212 1384
593 9 -1
1032 79 87 81 92 1204 1376 1211 1383
594 1 -1
1033 33 32 36 32 1205 1377 1209 1381
595 7 -1
1035 11 44 11 46 1207 1379 1209 1381
596 9 -1
1036 17 63 19 63 1208 1380 1210 1382
597 2 -1
1037 64 44 65 44 1209 1381 1210 1382
598 0 -1
1039 96 98 96 98 1211 1383 1212 1384
599 1 -1
1040 50 72 50 72 1212 1384 1213 1385
600 11 -1
1042 49 12 49 22 1214 1386 1225 1397
601 15 -1
1044 47 48 51 48 1216 1388 1220 1392
602 6 -1
1045 74 26 74 28 1217 1389 1220 1392
603 11 -1
1051 6 72 7 72 1223 1395 1224 1396
604 10 -1
1053 8 58 8 58 1225 1397 1226 1398
605 7 -1
1056 29 35 29 35 1228 1400 1230 1402
606 2 -1
1057 12 17 13 18 1229 1401 1231 1403
607 4 -1
1059 93 10 93 12 1231 1403 1235 1407
608 13 -1
1060 18 89 22 89 1232 1404 1237 1409
609 5 -1
1063 48 80 51 80 1235 1407 1238 1410
610 13 -1
1065 76 55 78 55 1237 1409 1240 1412
611 3 -1
1066 16 48 18 48 1238 1410 1240 1412
612 15 -1
1067 51 0 52 0 1239 1411 1240 1412
613 4 -1
1070 60 92 72 92 1242 1414 1254 1426
614 10 -1
1071 7 31 8 32 1243 1415 1248 1420
615 4 -1
1073 11 97 14 88 1245 1417 1260 1432
616 10 -1
1074 28 93 29 93 1246 1418 1247 1419
617 4 -1
1075 53 78 56 78 1247 1419 1250 1422
618 6 -1
1078 29 93 33 93 1250 1422 1254 1426
619 8 -1
1082 29 69 30 69 1254 1426 1255 1427
620 0 -1
1083 42 23 44 23 1255 1427 1257 1429
621 1 -1
1084 6 83 8 85 1256 1428 1262 1434
622 1 -1
1085 6 62 8 63 1257 1429 1260 1432
623 1 -1
1086 80 10 81 13 1258 1430 1262 1434
624 15 -1
1090 73 8 74 8 1262 1434 1263 1435
625 5 -1
1091 45 12 47 14 1263 1435 1267 1439
626 14 -1
1092 14 44 14 44 1264 1436 1265 1437
627 3 -1
1095 24 60 25 60 1267 1439 1270 1442
628 5 -1
1097 9 45 9 48 1269 1441 1272 1444
629 5 -1
1098 25 39 26 42 1270 1442 1274 1446
630 9 -1
1099 51 93 54 93 1271 1443 1276 1448
631 15 -1
1100 19 84 22 85 1272 1444 1277 1449
632 8 -1
1102 1 22 1 22 1274 1446 1277 1449
633 1 -1
1103 21 99 26 99 1275 1447 1282 1454
634 5 -1
1104 88 42 89 42 1276 1448 1277 1449
635 3 -1
1105 91 34 91 34 1277 1449 1278 1450
636 14 -1
1107 14 7 15 12 1279 1451 1289 1461
637 10 -1
1109 74 61 77 61 1281 1453 1284 1456
638 8 -1
1111 34 44 35 44 1283 1455 1285 1457
639 1 -1
1113 21 75 21 75 1285 1457 1286 1458
640 14 -1
1114 33 3 33 4 1286 1458 1287 1459
641 9 -1
1115 39 58 42 58 1287 1459 1290 1462
642 11 -1
1116 0 93 7 96 1288 1460 1299 1471
643 9 -1
1118 42 75 43 75 1290 1462 1292 1464
644 5 -1
1120 5 83 6 83 1292 1464 1294 1466
645 4 -1
1121 94 16 94 16 1293 1465 1294 1466
646 6 -1
1122 11 17 11 17 1294 1466 1297 1469
647 12 -1
1124 6 55 9 59 1296 1468 1303 1475
648 12 -1
1125 88 19 88 21 1297 1469 1299 1471
649 9 -1
1126 68 12 71 18 1298 1470 1310 1482
650 13 -1
1129 74 37 75 37 1301 1473 1302 1474
651 11 -1
1130 34 66 34 66 1302 1474 1303 1475
652 13 -1
1132 11 71 11 71 1304 1476 1306 1478
653 15 -1
1133 78 2 78 4 1305 1477 1308 1480
654 1 -1
1137 4 20 8 20 1309 1481 1313 1485
655 1 -1
1138 44 52 45 52 1310 1482 1311 1483
656 7 -1
1139 35 89 35 89 1311 1483 1312 1484
657 8 -1
1141 83 40 85 40 1313 1485 1315 1487
658 15 -1
1142 33 48 35 48 1314 1486 1317 1489
659 7 -1
1144 44 84 46 84 1316 1488 1319 1491
660 4 -1
1147 40 75 43 76 1319 1491 1323 1495
661 6 -1
1150 92 53 92 54 1322 1494 1323 1495
662 6 -1
1151 70 52 71 52 1323 1495 1325 1497
663 11 -1
1154 81 95 81 96 1326 1498 1327 1499
664 4 -1
1156 68 18 69 18 1328 1500 1330 1502
665 7 -1
1157 51 92 53 93 1329 1501 1334 1506
666 3 -1
1158 98 64 96 66 1330 1502 1334 1506
667 4 -1
1159 23 97 24 98 1331 1503 1333 1505
668 9 -1
1164 70 38 70 38 1336 1508 1339 1511
669 11 -1
1166 31 42 31 42 1338 1510 1341 1513
670 7 -1
1169 67 59 70 59 1341 1513 1344 1516
671 1 -1
1170 1 59 1 60 1342 1514 1345 1517
672 8 -1
1171 16 30 23 30 1343 1515 1352 1524
673 7 -1
1172 19 18 20 18 1344 1516 1345 1517
674 15 -1
1174 67 92 70 96 1346 1518 1353 1525
675 3 -1
1175 83 64 83 65 1347 1519 1350 1522
676 14 -1
1176 91 38 91 40 1348 1520 1350 1522
677 13 -1
1177 2 8 4 8 1349 1521 1351 1523
678 5 -1
1179 57 4 58 4 1351 1523 1352 1524
679 8 -1
1186 72 54 72 56 1358 1530 1360 1532
680 7 -1
1187 18 66 18 67 1359 1531 1361 1533
681 2 -1
1188 80 40 80 40 1360 1532 1361 1533
682 11 -1
1190 2 83 2 84 1362 1534 1363 1535
683 15 -1
1191 13 84 13 86 1363 1535 1365 1537
684 0 -1
1194 27 81 28 81 1366 1538 1368 1540
685 2 -1
1195 79 5 81 6 1367 1539 1370 1542
686 7 -1
1197 29 2 30 4 1369 1541 1372 1544
687 2 -1
1198 10 79 13 79 1370 1542 1374 1546
688 4 -1
1201 25 43 30 43 1373 1545 1378 1550
689 4 -1
1202 88 27 88 27 1374 1546 1375 1547
690 12 -1
1203 27 23 27 23 1375 1547 1376 1548
691 6 -1
1205 61 21 62 22 1377 1549 1380 1552
692 14 -1
1207 49 66 53 66 1379 1551 1383 1555
693 2 -1
1208 37 17 38 18 1380 1552 1382 1554
694 6 -1
1209 48 40 48 41 1381 1553 1382 1554
695 12 -1
1211 7 30 8 33 1383 1555 1387 1559
696 9 -1
1214 33 23 35 27 1386 1558 1392 1564
697 0 -1
1217 8 40 8 40 1389 1561 1391 1563
698 4 -1
1218 1 93 2 93 1390 1562 1391 1563
699 13 -1
1219 74 73 80 74 1391 1563 1398 1570
700 10 -1
1220 78 54 79 54 1392 1564 1393 1565
701 6 -1
1222 49 21 49 21 1394 1566 1397 1569
702 2 -1
1223 23 79 26 79 1395 1567 1399 1571
703 14 -1
1226 52 38 53 40 1398 1570 1401 1573
704 15 -1
1227 20 82 20 82 1399 1571 1400 1572
705 1 -1
1229 3 19 4 19 1401 1573 1402 1574
706 2 -1
1230 85 66 88 66 1402 1574 1407 1579
707 13 -1
1231 87 37 87 37 1403 1575 1404 1576
708 5 -1
1233 19 42 20 42 1405 1577 1407 1579
709 5 -1
1235 41 91 43 92 1407 1579 1411 1583
710 3 -1
1236 32 68 33 71 1408 1580 1413 1585
711 13 -1
1237 44 75 47 75 1409 1581 1414 1586
712 3 -1
1238 40 44 45 44 1410 1582 1415 1587
713 15 -1
1240 60 34 62 35 1412 1584 1416 1588
714 10 -1
1241 56 0 57 0 1413 1585 1414 1586
715 2 -1
1242 34 42 36 52 1414 1586 1427 1599
716 2 -1
1243 48 21 50 21 1415 1587 1417 1589
717 10 -1
1244 69 20 69 21 1416 1588 1423 1595
718 10 -1
1246 30 91 36 92 1418 1590 1427 1599
719 4 -1
1250 13 0 13 0 1422 1594 1423 1595
720 2 -1
1254 47 9 48 12 1426 1598 1433 1605
721 7 -1
1255 85 70 85 72 1427 1599 1431 1603
722 7 -1
1258 67 14 67 23 1430 1602 1446 1618
723 10 -1
1259 33 55 40 58 1431 1603 1449 1621
724 11 -1
1260 54 26 57 29 1432 1604 1438 1610
725 4 -1
1261 23 90 24 93 1433 1605 1440 1612
726 5 -1
1263 25 26 29 28 1435 1607 1442 1614
727 2 -1
1264 92 88 96 88 1436 1608 1440 1612
728 12 -1
1265 76 30 76 30 1437 1609 1439 1611
729 2 -1
1266 41 24 42 24 1438 1610 1439 1611
730 2 -1
1268 94 61 97 61 1440 1612 1443 1615
731 5 -1
1276 6 83 6 83 1448 1620 1449 1621
732 8 -1
1277 92 79 93 82 1449 1621 1454 1626
733 11 -1
1281 28 33 29 34 1453 1625 1455 1627
734 11 -1
1284 42 24 42 26 1456 1628 1458 1630
735 8 -1
1287 10 38 10 42 1459 1631 1463 1635
736 4 -1
1290 18 97 22 100 1462 1634 1469 1641
737 4 -1
1291 78 89 78 90 1463 1635 1466 1638
738 6 -1
1292 37 56 49 67 1464 1636 1490 1662
739 6 -1
1297 5 16 6 18 1469 1641 1472 1644
740 13 -1
1298 25 20 26 20 1470 1642 1471 1643
741 0 -1
1299 40 80 41 81 1471 1643 1474 1646
742 6 -1
1300 70 60 72 60 1472 1644 1474 1646
743 14 -1
1307 19 11 19 12 1479 1651 1480 1652
744 9 -1
1309 59 20 59 22 1481 1653 1483 1655
745 8 -1
1312 7 9 8 10 1484 1656 1486 1658
746 4 -1
1313 92 28 93 28 1485 1657 1486 1658
747 12 -1
1314 85 16 89 16 1486 1658 1490 1662
748 2 -1
1315 37 82 37 84 1487 1659 1492 1664
749 12 -1
1316 87 42 89 42 1488 1660 1490 1662
750 7 -1
1317 48 34 50 34 1489 1661 1491 1663
751 12 -1
1318 26 48 29 48 1490 1662 1493 1665
752 5 -1
1319 33 3 34 4 1491 1663 1493 1665
753 1 -1
1320 34 38 34 39 1492 1664 1493 1665
754 9 -1
1321 61 4 62 5 1493 1665 1495 1667
755 13 -1
1323 24 65 25 66 1495 1667 1497 1669
756 4 -1
1324 61 18 64 20 1496 1668 1501 1673
757 6 -1
1325 26 34 27 34 1497 1669 1503 1675
758 6 -1
1326 45 97 46 97 1498 1670 1499 1671
759 1 -1
1327 17 51 18 53 1499 1671 1509 1681
760 15 -1
1329 41 78 41 80 1501 1673 1503 1675
761 14 -1
1332 40 41 40 42 1504 1676 1506 1678
762 0 -1
1333 0 79 0 80 1505 1677 1506 1678
763 15 -1
1335 91 92 93 93 1507 1679 1523 1695
764 14 -1
1336 18 56 18 56 1508 1680 1509 1681
765 15 -1
1338 69 39 69 41 1510 1682 1513 1685
766 0 -1
1340 68 92 74 93 1512 1684 1519 1691
767 14 -1
1342 35 54 38 54 1514 1686 1517 1689
768 4 -1
1344 62 65 63 66 1516 1688 1518 1690
769 12 -1
1345 61 8 61 9 1517 1689 1518 1690
770 2 -1
1347 26 94 26 97 1519 1691 1522 1694
771 14 -1
1348 17 4 22 4 1520 1692 1525 1697
772 12 -1
1349 96 16 91 16 1521 1693 1527 1699
773 2 -1
1354 8 63 9 65 1526 1698 1529 1701
774 2 -1
1355 0 31 0 36 1527 1699 1532 1704
775 13 -1
1359 30 90 35 90 1531 1703 1536 1708
776 10 -1
1362 42 23 42 23 1534 1706 1536 1708
777 0 -1
1365 13 47 14 47 1537 1709 1538 1710
778 8 -1
1368 70 93 71 94 1540 1712 1542 1714
779 14 -1
1369 73 26 87 29 1541 1713 1576 1748
780 15 -1
1370 49 38 49 38 1542 1714 1544 1716
781 0 -1
1372 96 95 98 95 1544 1716 1549 1721
782 15 -1
1374 41 22 42 23 1546 1718 1548 1720
783 8 -1
1375 42 52 45 53 1547 1719 1554 1726
784 7 -1
1376 78 44 78 45 1548 1720 1549 1721
785 9 -1
1377 95 1 98 1 1549 1721 1552 1724
786 13 -1
1378 50 78 51 78 1550 1722 1551 1723
787 13 -1
1379 83 55 83 55 1551 1723 1555 1727
788 15 -1
1381 78 50 78 50 1553 1725 1556 1728
789 9 -1
1382 11 72 11 74 1554 1726 1557 1729
790 10 -1
1383 57 32 57 32 1555 1727 1557 1729
791 8 -1
1385 90 36 92 36 1557 1729 1563 1735
792 7 -1
1386 57 96 60 96 1558 1730 1561 1733
793 13 -1
1387 87 49 94 52 1559 1731 1570 1742
794 5 -1
1388 60 60 62 60 1560 1732 1563 1735
795 12 -1
1389 88 88 90 88 1561 1733 1563 1735
796 10 -1
1390 30 58 32 58 1562 1734 1564 1736
797 2 -1
1391 9 74 11 74 1563 1735 1565 1737
798 3 -1
1393 20 67 22 67 1565 1737 1567 1739
799 15 -1
1395 85 57 88 61 1567 1739 1575 1747
800 8 -1
1396 40 46 41 46 1568 1740 1569 1741
801 11 -1
1400 31 97 32 98 1572 1744 1575 1747
802 5 -1
1401 50 94 50 96 1573 1745 1576 1748
803 5 -1
1402 8 29 13 29 1574 1746 1581 1753
804 0 -1
1403 53 46 53 47 1575 1747 1577 1749
805 10 -1
1406 69 99 70 99 1578 1750 1579 1751
806 8 -1
1411 86 65 87 65 1583 1755 1585 1757
807 14 -1
1412 72 83 76 84 1584 1756 1590 1762
808 13 -1
1413 81 50 81 50 1585 1757 1586 1758
809 10 -1
1414 71 72 73 72 1586 1758 1588 1760
810 2 -1
1415 52 89 52 91 1587 1759 1589 1761
811 0 -1
1417 70 95 71 95 1589 1761 1590 1762
812 7 -1
1418 85 23 86 23 1590 1762 1595 1767
813 2 -1
1419 38 1 38 4 1591 1763 1598 1770
814 6 -1
1420 49 50 56 50 1592 1764 1600 1772
815 5 -1
1423 11 41 11 42 1595 1767 1596 1768
816 6 -1
1426 46 42 46 42 1598 1770 1600 1772
817 3 -1
1428 94 5 94 8 1600 1772 1603 1775
818 13 -1
1429 81 79 81 81 1601 1773 1603 1775
819 13 -1
1430 61 34 61 34 1602 1774 1603 1775
820 10 -1
1431 81 60 81 62 1603 1775 1606 1778
821 13 -1
1432 0 0 0 0 1604 1776 1605 1777
822 7 -1
1434 45 70 45 71 1606 1778 1607 1779
823 4 -1
1435 75 13 80 14 1607 1779 1614 1786
824 9 -1
1436 61 63 62 63 1608 1780 1610 1782
825 14 -1
1438 23 42 26 42 1610 1782 1614 1786
826 8 -1
1439 93 39 94 39 1611 1783 1612 1784
827 11 -1
1440 76 12 78 13 1612 1784 1615 1787
828 10 -1
1441 75 4 78 5 1613 1785 1620 1792
829 2 -1
1442 55 72 56 72 1614 1786 1616 1788
830 6 -1
1443 30 79 33 81 1615 1787 1620 1792
831 1 -1
1444 15 97 15 99 1616 1788 1618 1790
832 4 -1
1446 46 1 49 1 1618 1790 1624 1796
833 9 -1
1447 63 75 63 77 1619 1791 1621 1793
834 14 -1
1448 96 72 97 73 1620 1792 1622 1794
835 8 -1
1452 87 84 87 85 1624 1796 1625 1797
836 8 -1
1454 44 84 46 84 1626 1798 1630 1802
837 5 -1
1455 12 13 13 13 1627 1799 1629 1801
838 14 -1
1456 16 83 17 83 1628 1800 1629 1801
839 15 -1
1457 98 56 92 56 1629 1801 1635 1807
840 12 -1
1458 14 5 17 8 1630 1802 1640 1812
841 0 -1
1461 99 94 97 94 1633 1805 1636 1808
842 3 -1
1462 38 35 42 35 1634 1806 1638 1810
843 1 -1
1463 53 2 55 2 1635 1807 1637 1809
844 3 -1
1465 2 43 4 43 1637 1809 1639 1811
845 6 -1
1466 8 83 10 83 1638 1810 1640 1812
846 4 -1
1468 69 95 70 95 1640 1812 1641 1813
847 15 -1
1469 48 73 50 74 1641 1813 1646 1818
848 8 -1
1470 90 34 90 34 1642 1814 1643 1815
849 2 -1
1472 91 75 93 76 1644 1816 1649 1821
850 1 -1
1473 91 96 92 97 1645 1817 1650 1822
851 11 -1
1474 55 63 65 64 1646 1818 1657 1829
852 3 -1
1475 22 58 22 58 1647 1819 1649 1821
853 7 -1
1478 93 5 93 11 1650 1822 1656 1828
854 14 -1
1479 41 98 41 98 1651 1823 1653 1825
855 7 -1
1481 9 94 11 94 1653 1825 1655 1827
856 8 -1
1483 52 83 52 83 1655 1827 1666 1838
857 8 -1
1486 88 62 92 62 1658 1830 1663 1835
858 1 -1
1487 57 22 60 22 1659 1831 1663 1835
859 0 -1
1493 81 84 82 84 1665 1837 1667 1839
860 1 -1
1495 39 1 39 1 1667 1839 1668 1840
861 10 -1
1496 9 93 12 93 1668 1840 1672 1844
862 9 -1
1497 2 96 2 99 1669 1841 1673 1845
863 14 -1
1499 28 4 28 6 1671 1843 1673 1845
864 3 -1
1500 18 82 18 84 1672 1844 1674 1846
865 9 -1
1501 1 87 7 88 1673 1845 1681 1853
866 9 -1
1502 77 42 77 46 1674 1846 1678 1850
867 5 -1
1504 41 65 45 71 1676 1848 1689 1861
868 2 -1
1505 43 98 49 99 1677 1849 1687 1859
869 0 -1
1506 97 73 99 73 1678 1850 1680 1852
870 7 -1
1507 1 74 4 74 1679 1851 1682 1854
871 7 -1
1508 58 39 59 40 1680 1852 1686 1858
872 0 -1
1509 38 50 39 50 1681 1853 1682 1854
873 6 -1
1511 68 25 70 25 1683 1855 1685 1857
874 8 -1
1513 85 80 87 83 1685 1857 1690 1862
875 5 -1
1515 43 15 44 15 1687 1859 1688 1860
876 2 -1
1516 99 73 99 73 1688 1860 1691 1863
877 6 -1
1517 18 53 21 53 1689 1861 1692 1864
878 4 -1
1518 88 13 90 13 1690 1862 1693 1865
879 4 -1
1519 35 56 38 56 1691 1863 1695 1867
880 1 -1
1521 23 73 24 74 1693 1865 1697 1869
881 7 -1
1522 83 94 84 94 1694 1866 1696 1868
882 9 -1
1523 63 2 63 2 1695 1867 1697 1869
883 2 -1
1527 66 64 66 65 1699 1871 1703 1875
884 1 -1
1528 53 93 54 93 1700 1872 1701 1873
885 12 -1
1533 68 36 68 37 1705 1877 1706 1878
886 1 -1
1534 44 87 48 90 1706 1878 1715 1887
887 5 -1
1535 97 11 98 13 1707 1879 1710 1882
888 2 -1
1536 8 82 9 82 1708 1880 1710 1882
889 0 -1
1538 37 98 40 99 1710 1882 1714 1886
890 0 -1
1540 7 85 8 85 1712 1884 1713 1885
891 5 -1
1543 7 46 10 46 1715 1887 1718 1890
892 6 -1
1544 70 72 72 72 1716 1888 1718 1890
893 4 -1
1545 83 36 84 36 1717 1889 1719 1891
894 4 -1
1547 42 11 44 12 1719 1891 1724 1896
895 5 -1
1550 85 52 85 54 1722 1894 1724 1896
896 4 -1
1551 67 43 68 44 1723 1895 1725 1897
897 8 -1
1552 50 58 54 58 1724 1896 1729 1901
898 0 -1
1554 69 31 72 32 1726 1898 1730 1902
899 7 -1
1555 10 26 10 28 1727 1899 1729 1901
900 7 -1
1556 44 95 45 95 1728 1900 1730 1902
901 9 -1
1559 72 11 76 13 1731 1903 1737 1909
902 11 -1
1560 1 85 7 85 1732 1904 1738 1910
903 3 -1
1562 67 33 68 34 1734 1906 1736 1908
904 14 -1
1563 36 34 41 39 1735 1907 1745 1917
905 7 -1
1564 14 22 16 22 1736 1908 1738 1910
906 1 -1
1566 5 43 5 44 1738 1910 1740 1912
907 7 -1
1567 24 20 28 20 1739 1911 1743 1915
908 9 -1
1573 61 85 68 85 1745 1917 1753 1925
909 15 -1
1575 9 7 10 7 1747 1919 1748 1920
910 13 -1
1576 81 47 82 47 1748 1920 1750 1922
911 15 -1
1577 37 43 39 43 1749 1921 1751 1923
912 4 -1
1579 78 71 80 72 1751 1923 1754 1926
913 0 -1
1580 14 28 16 28 1752 1924 1754 1926
914 12 -1
1582 8 30 8 30 1754 1926 1755 1927
915 11 -1
1584 26 12 26 13 1756 1928 1757 1929
916 15 -1
1587 49 2 55 7 1759 1931 1771 1943
917 7 -1
1588 2 33 4 35 1760 1932 1764 1936
918 11 -1
1589 68 67 68 68 1761 1933 1763 1935
919 5 -1
1590 52 4 55 4 1762 1934 1765 1937
920 2 -1
1591 3 98 3 100 1763 1935 1768 1940
921 12 -1
1593 71 34 75 34 1765 1937 1769 1941
922 1 -1
1594 87 11 89 11 1766 1938 1768 1940
923 6 -1
1596 29 44 29 44 1768 1940 1770 1942
924 5 -1
1598 27 11 27 11 1770 1942 1771 1943
925 8 -1
1599 43 98 44 100 1771 1943 1775 1947
926 2 -1
1600 59 67 60 67 1772 1944 1773 1945
927 13 -1
1603 93 96 94 96 1775 1947 1776 1948
928 1 -1
1606 75 59 77 59 1778 1950 1780 1952
929 15 -1
1608 75 61 75 61 1780 1952 1781 1953
930 13 -1
1609 40 86 41 87 1781 1953 1783 1955
931 5 -1
1610 88 88 88 89 1782 1954 1783 1955
932 2 -1
1611 99 92 97 92 1783 1955 1785 1957
933 10 -1
1613 13 70 13 70 1785 1957 1787 1959
934 0 -1
1615 22 85 23 85 1787 1959 1788 1960
935 14 -1
1618 89 34 92 34 1790 1962 1793 1965
936 9 -1
1620 42 73 42 77 1792 1964 1797 1969
937 7 -1
1621 10 18 12 20 1793 1965 1800 1972
938 10 -1
1623 19 75 21 76 1795 1967 1800 1972
939 0 -1
1624 25 92 26 92 1796 1968 1797 1969
940 13 -1
1625 20 63 21 64 1797 1969 1800 1972
941 7 -1
1626 49 75 49 77 1798 1970 1800 1972
942 13 -1
1627 56 98 66 100 1799 1971 1812 1984
943 4 -1
1629 90 31 91 31 1801 1973 1802 1974
944 2 -1
1631 79 42 80 42 1803 1975 1805 1977
945 8 -1
1633 80 50 90 50 1805 1977 1815 1987
946 10 -1
1634 44 66 44 68 1806 1978 1808 1980
947 3 -1
1637 55 76 55 76 1809 1981 1810 1982
948 9 -1
1638 36 54 36 57 1810 1982 1813 1985
949 8 -1
1640 77 73 78 77 1812 1984 1822 1994
950 12 -1
1641 8 90 9 92 1813 1985 1816 1988
951 5 -1
1642 65 26 69 26 1814 1986 1818 1990
952 15 -1
1645 28 8 28 8 1817 1989 1818 1990
953 4 -1
1648 12 20 14 20 1820 1992 1822 1994
954 11 -1
1649 80 18 82 18 1821 1993 1823 1995
955 6 -1
1650 64 72 65 72 1822 1994 1823 1995
956 0 -1
1656 28 54 29 54 1828 2000 1832 2004
957 0 -1
1657 98 8 99 9 1829 2001 1832 2004
958 9 -1
1659 4 72 6 72 1831 2003 1835 2007
959 11 -1
1660 41 33 42 35 1832 2004 1836 2008
960 13 -1
1661 96 69 89 69 1833 2005 1840 2012
961 13 -1
1662 29 14 36 14 1834 2006 1841 2013
962 13 -1
1663 84 81 90 82 1835 2007 1842 2014
963 0 -1
1664 91 66 91 67 1836 2008 1838 2010
964 11 -1
1665 44 15 45 15 1837 2009 1838 2010
965 4 -1
1668 34 80 37 80 1840 2012 1843 2015
966 8 -1
1671 73 33 75 33 1843 2015 1851 2023
967 2 -1
1672 93 86 93 87 1844 2016 1848 2020
968 4 -1
1673 4 22 8 23 1845 2017 1850 2022
969 9 -1
1675 70 70 70 71 1847 2019 1848 2020
970 15 -1
1676 57 89 57 92 1848 2020 1851 2023
971 6 -1
1678 37 66 37 66 1850 2022 1853 2025
972 5 -1
1679 18 5 21 8 1851 2023 1858 2030
973 10 -1
1680 14 46 14 46 1852 2024 1856 2028
974 9 -1
1683 53 77 60 77 1855 2027 1862 2034
975 8 -1
1685 31 43 34 43 1857 2029 1860 2032
976 11 -1
1686 83 63 91 65 1858 2030 1868 2040
977 10 -1
1687 36 32 36 32 1859 2031 1863 2035
978 14 -1
1688 24 82 29 83 1860 2032 1866 2038
979 15 -1
1690 51 77 51 79 1862 2034 1866 2038
980 0 -1
1691 4 63 5 63 1863 2035 1865 2037
981 13 -1
1692 40 12 40 12 1864 2036 1867 2039
982 8 -1
1694 24 41 25 41 1866 2038 1867 2039
983 2 -1
1695 71 37 71 38 1867 2039 1871 2043
984 14 -1
1696 57 69 60 69 1868 2040 1871 2043
985 10 -1
1697 49 79 51 79 1869 2041 1871 2043
986 9 -1
1698 11 31 11 32 1870 2042 1872 2044
987 15 -1
1700 62 67 63 68 1872 2044 1874 2046
988 15 -1
1702 72 25 81 27 1874 2046 1888 2060
989 5 -1
1703 64 55 65 55 1875 2047 1876 2048
990 13 -1
1704 47 88 50 88 1876 2048 1879 2051
991 11 -1
1709 85 14 85 16 1881 2053 1884 2056
992 14 -1
1712 11 25 14 25 1884 2056 1887 2059
993 15 -1
1714 24 13 27 13 1886 2058 1890 2062
994 7 -1
1717 19 86 19 88 1889 2061 1893 2065
995 10 -1
1718 94 0 94 0 1890 2062 1892 2064
996 1 -1
1720 20 80 20 85 1892 2064 1898 2070
997 14 -1
1722 73 12 73 13 1894 2066 1895 2067
998 9 -1
1723 7 54 8 55 1895 2067 1897 2069
999 4 -1
1725 41 60 41 61 1897 2069 1899 2071
1000 14 -1
1726 26 81 29 81 1898 2070 1901 2073
