100 100 577
1
0 17 59
16
0 0 106 100 6
0
1 0 191 100 6
0
2 0 301 100 6
0
3 0 395 100 6
0
4 0 496 100 6
0
5 0 -1 100 6
0
6 0 -1 100 6
0
7 0 -1 100 6
0
8 0 -1 100 6
0
9 0 -1 100 6
0
10 0 -1 100 6
0
11 0 -1 100 6
0
12 0 -1 100 6
0
13 0 -1 100 6
0
14 0 -1 100 6
0
15 0 -1 100 6
0
300
1 0 -1
2 87 10 88 10 13 24 16 27
2 0 -1
5 26 51 28 51 16 27 21 32
3 0 -1
7 39 62 42 63 18 29 22 33
4 0 -1
8 67 65 76 65 19 30 28 39
5 0 -1
9 6 72 11 73 20 31 26 37
6 0 -1
10 46 99 48 100 21 32 25 36
7 0 -1
11 10 6 16 6 22 33 28 39
8 0 -1
12 49 6 50 6 23 34 25 36
9 0 -1
13 38 39 40 39 24 35 26 37
10 0 -1
14 97 59 97 60 25 36 28 39
11 0 -1
15 6 56 12 56 26 37 32 43
12 0 -1
17 43 86 45 88 28 39 32 43
13 0 -1
18 0 80 3 80 29 40 35 46
14 0 -1
19 54 53 55 53 30 41 31 42
15 0 -1
20 90 23 91 23 31 42 33 44
16 0 -1
21 11 92 11 93 32 43 34 45
17 0 -1
22 96 54 99 54 33 44 37 48
18 0 -1
24 13 27 14 28 35 46 37 48
19 0 -1
29 90 77 92 79 40 51 46 57
20 0 -1
30 33 37 33 39 41 52 43 54
21 0 -1
31 4 73 6 73 42 53 44 55
22 0 -1
33 74 3 76 6 44 55 50 61
23 0 -1
35 28 0 29 0 46 57 47 58
24 0 -1
36 86 29 86 29 47 58 49 60
25 0 -1
39 39 90 39 91 50 61 51 62
26 0 -1
40 0 99 0 99 51 62 52 63
27 0 -1
41 89 76 89 76 52 63 54 65
28 0 -1
42 68 65 68 65 53 64 54 65
29 0 -1
43 83 74 83 74 54 65 55 66
30 0 -1
45 33 62 34 63 56 67 58 69
31 0 -1
49 40 80 42 81 60 71 63 74
32 0 -1
52 49 2 53 3 63 74 70 81
33 0 -1
53 53 72 56 73 64 75 69 80
34 0 -1
54 60 50 60 51 65 76 66 77
35 0 -1
56 79 23 95 23 67 78 84 95
36 0 -1
57 55 82 55 84 68 79 70 81
37 0 -1
59 8 78 9 78 70 81 71 82
38 0 -1
61 47 5 48 5 72 83 74 85
39 0 -1
62 43 38 51 38 73 84 81 92
40 0 -1
64 7 91 12 96 75 86 94 105
41 0 -1
69 92 50 92 51 80 91 82 93
42 0 -1
71 22 79 28 79 82 93 90 101
43 0 -1
73 82 40 87 40 84 95 89 100
44 0 -1
76 80 46 80 48 87 98 90 101
45 0 -1
78 47 58 49 58 89 100 91 102
46 0 -1
80 33 66 35 67 91 102 94 105
47 0 -1
81 49 85 49 86 92 103 94 105
48 0 -1
82 23 2 28 3 93 104 99 110
49 0 -1
83 85 70 88 72 94 105 99 110
50 0 -1
84 47 46 47 46 95 106 96 107
51 0 -1
86 16 35 24 37 97 108 107 118
52 0 -1
87 70 31 71 31 98 109 99 110
53 0 -1
90 49 50 49 50 101 112 102 113
54 0 -1
91 6 58 7 59 102 113 106 117
55 0 -1
92 3 67 3 68 103 114 104 115
56 0 -1
93 75 50 78 50 104 115 107 118
57 0 -1
94 55 61 55 67 105 116 111 122
58 0 -1
96 15 43 17 43 107 118 109 120
59 0 -1
103 54 77 55 77 114 125 117 128
60 0 -1
105 14 64 15 65 116 127 118 129
61 0 -1
106 9 71 14 72 117 128 127 138
62 0 -1
107 69 46 71 46 118 129 121 132
63 0 -1
108 94 51 98 51 119 130 127 138
64 0 -1
110 2 47 3 49 121 132 129 140
65 0 -1
111 59 9 59 10 122 133 123 134
66 0 -1
114 91 30 97 30 125 136 131 142
67 0 -1
115 33 45 34 46 126 137 131 142
68 0 -1
116 69 10 73 16 127 138 139 150
69 0 -1
119 65 83 66 84 130 141 133 144
70 0 -1
120 57 10 57 11 131 142 132 143
71 0 -1
122 26 5 26 9 133 144 137 148
72 0 -1
123 1 66 4 66 134 145 137 148
73 0 -1
124 34 24 38 24 135 146 139 150
74 0 -1
127 77 60 77 60 138 149 139 150
75 0 -1
128 57 96 76 96 139 150 158 169
76 0 -1
130 56 9 56 10 141 152 142 153
77 0 -1
132 56 11 62 14 143 154 158 169
78 0 -1
134 93 28 94 28 145 156 146 157
79 0 -1
135 55 89 62 89 146 157 157 168
80 0 -1
136 45 12 45 13 147 158 149 160
81 0 -1
139 44 24 44 24 150 161 151 162
82 0 -1
140 40 3 43 3 151 162 155 166
83 0 -1
141 66 14 70 14 152 163 157 168
84 0 -1
144 43 98 46 100 155 166 160 171
85 0 -1
145 45 31 47 31 156 167 158 169
86 0 -1
146 52 5 52 5 157 168 158 169
87 0 -1
147 37 36 38 36 158 169 159 170
88 0 -1
148 61 92 62 92 159 170 160 171
89 0 -1
149 43 1 45 1 160 171 162 173
90 0 -1
150 38 44 44 44 161 172 167 178
91 0 -1
153 86 8 87 8 164 175 165 176
92 0 -1
154 44 92 45 92 165 176 169 180
93 0 -1
155 24 36 25 36 166 177 167 178
94 0 -1
156 68 37 73 37 167 178 172 183
95 0 -1
157 69 66 70 69 168 179 173 184
96 0 -1
160 82 78 82 84 171 182 177 188
97 0 -1
162 23 94 24 94 173 184 174 185
98 0 -1
163 58 87 58 88 174 185 175 186
99 0 -1
166 93 34 94 35 177 188 179 190
100 0 -1
167 71 96 76 96 178 189 183 194
101 0 -1
168 63 79 64 80 179 190 181 192
102 0 -1
169 31 32 32 33 180 191 185 196
103 0 -1
170 5 96 10 96 181 192 186 197
104 0 -1
172 17 92 20 94 183 194 188 199
105 0 -1
173 98 40 98 42 184 195 189 200
106 0 -1
174 33 15 35 15 185 196 187 198
107 0 -1
179 44 45 45 45 190 201 191 202
108 0 -1
183 35 38 37 41 194 205 199 210
109 0 -1
184 26 74 26 75 195 206 197 208
110 0 -1
185 28 11 28 13 196 207 198 209
111 0 -1
186 63 6 65 13 197 208 206 217
112 0 -1
187 10 57 15 58 198 209 204 215
113 0 -1
189 55 18 58 19 200 211 205 216
114 0 -1
190 59 78 62 80 201 212 206 217
115 0 -1
193 42 94 42 94 204 215 205 216
116 0 -1
196 78 60 78 61 207 218 209 220
117 0 -1
197 29 84 30 84 208 219 209 220
118 0 -1
198 14 36 23 36 209 220 227 238
119 0 -1
199 88 69 88 69 210 221 211 222
120 0 -1
200 85 23 87 23 211 222 213 224
121 0 -1
201 23 25 24 25 212 223 213 224
122 0 -1
204 54 38 54 38 215 226 216 227
123 0 -1
208 50 97 51 97 219 230 220 231
124 0 -1
209 92 38 92 38 220 231 221 232
125 0 -1
211 94 32 95 33 222 233 225 236
126 0 -1
212 5 77 5 78 223 234 225 236
127 0 -1
213 90 36 94 36 224 235 232 243
128 0 -1
214 30 27 34 27 225 236 230 241
129 0 -1
218 27 23 32 25 229 240 236 247
130 0 -1
219 69 22 69 24 230 241 232 243
131 0 -1
224 91 79 92 80 235 246 238 249
132 0 -1
225 69 49 69 50 236 247 238 249
133 0 -1
229 53 95 54 95 240 251 246 257
134 0 -1
230 76 53 77 53 241 252 242 253
135 0 -1
231 67 69 70 69 242 253 245 256
136 0 -1
236 79 24 80 24 247 258 249 260
137 0 -1
237 7 65 7 66 248 259 250 261
138 0 -1
240 46 16 47 22 251 262 262 273
139 0 -1
242 72 64 73 64 253 264 255 266
140 0 -1
244 21 77 22 80 255 266 260 271
141 0 -1
245 64 87 70 87 256 267 262 273
142 0 -1
246 71 87 72 87 257 268 260 271
143 0 -1
247 88 88 90 89 258 269 261 272
144 0 -1
248 64 66 64 69 259 270 262 273
145 0 -1
250 69 67 69 67 261 272 263 274
146 0 -1
251 28 45 30 45 262 273 265 276
147 0 -1
253 50 80 50 80 264 275 265 276
148 0 -1
255 25 92 25 92 266 277 268 279
149 0 -1
256 10 84 14 84 267 278 271 282
150 0 -1
257 73 32 73 33 268 279 272 283
151 0 -1
258 28 77 29 77 269 280 270 281
152 0 -1
260 79 22 79 22 271 282 273 284
153 0 -1
261 47 84 55 88 272 283 284 295
154 0 -1
266 63 93 64 95 277 288 281 292
155 0 -1
267 86 21 88 21 278 289 281 292
156 0 -1
268 84 29 85 29 279 290 281 292
157 0 -1
269 0 30 1 30 280 291 281 292
158 0 -1
271 86 21 90 22 282 293 288 299
159 0 -1
272 7 82 8 82 283 294 284 295
160 0 -1
274 53 20 53 23 285 296 298 309
161 0 -1
277 58 72 59 72 288 299 290 301
162 0 -1
278 51 16 51 22 289 300 295 306
163 0 -1
279 24 4 27 5 290 301 294 305
164 0 -1
280 72 86 73 86 291 302 294 305
165 0 -1
283 94 94 95 94 294 305 295 306
166 0 -1
285 55 80 55 81 296 307 299 310
167 0 -1
286 19 20 22 20 297 308 300 311
168 0 -1
289 29 34 30 35 300 311 303 314
169 0 -1
293 27 42 28 42 304 315 308 319
170 0 -1
294 92 62 93 62 305 316 306 317
171 0 -1
295 91 45 91 45 306 317 308 319
172 0 -1
296 17 49 20 50 307 318 311 322
173 0 -1
303 86 81 92 81 314 325 323 334
174 0 -1
305 69 64 74 64 316 327 321 332
175 0 -1
306 3 8 4 8 317 328 318 329
176 0 -1
307 22 87 24 87 318 329 320 331
177 0 -1
310 24 11 26 13 321 332 325 336
178 0 -1
311 30 18 34 18 322 333 326 337
179 0 -1
312 7 94 7 97 323 334 332 343
180 0 -1
313 24 14 25 14 324 335 325 336
181 0 -1
315 22 21 24 21 326 337 328 339
182 0 -1
320 35 14 35 19 331 342 347 358
183 0 -1
321 80 16 81 16 332 343 335 346
184 0 -1
323 16 18 20 20 334 345 347 358
185 0 -1
325 44 33 50 34 336 347 344 355
186 0 -1
326 36 39 37 39 337 348 338 349
187 0 -1
327 60 28 60 30 338 349 341 352
188 0 -1
328 15 76 18 78 339 350 344 355
189 0 -1
329 0 32 0 34 340 351 343 354
190 0 -1
330 91 80 93 82 341 352 346 357
191 0 -1
337 82 67 89 68 348 359 361 372
192 0 -1
340 82 0 85 0 351 362 354 365
193 0 -1
342 78 99 79 99 353 364 354 365
194 0 -1
343 27 50 30 50 354 365 357 368
195 0 -1
345 22 29 31 31 356 367 368 379
196 0 -1
349 90 34 91 34 360 371 361 372
197 0 -1
351 31 26 31 27 362 373 363 374
198 0 -1
354 66 26 71 27 365 376 371 382
199 0 -1
356 11 98 11 98 367 378 368 379
200 0 -1
357 19 21 20 23 368 379 372 383
201 0 -1
358 83 58 84 64 369 380 376 387
202 0 -1
359 42 97 45 97 370 381 373 384
203 0 -1
360 71 68 72 68 371 382 373 384
204 0 -1
361 5 8 5 14 372 383 378 389
205 0 -1
363 64 41 65 41 374 385 375 386
206 0 -1
364 64 61 64 62 375 386 376 387
207 0 -1
365 4 35 6 35 376 387 378 389
208 0 -1
367 7 24 10 24 378 389 384 395
209 0 -1
371 22 21 22 22 382 393 383 394
210 0 -1
372 79 53 82 57 383 394 391 402
211 0 -1
373 95 59 95 62 384 395 387 398
212 0 -1
374 21 28 21 29 385 396 386 397
213 0 -1
375 90 87 91 87 386 397 387 398
214 0 -1
377 68 75 68 76 388 399 389 400
215 0 -1
379 49 63 49 63 390 401 391 402
216 0 -1
380 71 25 72 25 391 402 392 403
217 0 -1
381 13 5 14 9 392 403 397 408
218 0 -1
382 33 34 35 34 393 404 395 406
219 0 -1
383 23 92 24 92 394 405 395 406
220 0 -1
388 22 50 22 50 399 410 400 411
221 0 -1
391 8 14 10 14 402 413 404 415
222 0 -1
392 77 6 77 8 403 414 405 416
223 0 -1
394 96 27 97 27 405 416 408 419
224 0 -1
396 75 83 77 85 407 418 412 423
225 0 -1
397 13 99 14 99 408 419 409 420
226 0 -1
400 91 34 91 36 411 422 413 424
227 0 -1
401 13 19 15 19 412 423 414 425
228 0 -1
403 32 3 37 3 414 425 419 430
229 0 -1
404 27 44 28 45 415 426 417 428
230 0 -1
407 79 87 80 87 418 429 419 430
231 0 -1
408 96 8 96 9 419 430 422 433
232 0 -1
411 43 33 44 33 422 433 424 435
233 0 -1
412 20 46 21 46 423 434 424 435
234 0 -1
414 61 73 61 73 425 436 426 437
235 0 -1
418 82 66 82 66 429 440 430 441
236 0 -1
420 59 38 60 38 431 442 432 443
237 0 -1
421 32 88 34 88 432 443 434 445
238 0 -1
423 81 75 81 76 434 445 435 446
239 0 -1
426 92 39 92 43 437 448 442 453
240 0 -1
428 17 81 18 82 439 450 441 452
241 0 -1
433 98 17 98 17 444 455 446 457
242 0 -1
437 20 41 20 42 448 459 449 460
243 0 -1
439 94 90 96 90 450 461 452 463
244 0 -1
441 90 85 92 88 452 463 460 471
245 0 -1
446 93 63 95 64 457 468 461 472
246 0 -1
448 51 97 54 97 459 470 462 473
247 0 -1
450 48 90 49 91 461 472 469 480
248 0 -1
452 40 86 43 86 463 474 466 477
249 0 -1
455 51 42 54 42 466 477 469 480
250 0 -1
460 8 76 12 78 471 482 477 488
251 0 -1
461 94 47 95 47 472 483 474 485
252 0 -1
462 40 17 42 17 473 484 476 487
253 0 -1
464 62 29 64 29 475 486 477 488
254 0 -1
469 11 68 11 69 480 491 482 493
255 0 -1
471 61 34 69 37 482 493 493 504
256 0 -1
475 76 85 78 85 486 497 488 499
257 0 -1
478 80 31 81 34 489 500 493 504
258 0 -1
479 9 66 9 68 490 501 492 503
259 0 -1
480 20 99 28 99 491 502 499 510
260 0 -1
481 7 6 12 7 492 503 498 509
261 0 -1
482 57 51 57 51 493 504 494 505
262 0 -1
484 4 41 8 41 495 506 499 510
263 0 -1
486 71 66 72 67 497 508 500 511
264 0 -1
488 53 17 55 17 499 510 502 513
265 0 -1
489 51 91 63 91 500 511 513 524
266 0 -1
491 93 50 94 50 502 513 504 515
267 0 -1
493 98 97 98 97 504 515 505 516
268 0 -1
496 22 0 22 1 507 518 508 519
269 0 -1
501 9 20 10 20 512 523 514 525
270 0 -1
502 10 6 11 6 513 524 517 528
271 0 -1
505 6 84 8 84 516 527 518 529
272 0 -1
506 47 93 51 93 517 528 522 533
273 0 -1
507 57 83 57 83 518 529 519 530
274 0 -1
509 72 29 72 29 520 531 521 532
275 0 -1
511 25 95 25 97 522 533 524 535
276 0 -1
512 91 56 91 57 523 534 524 535
277 0 -1
515 12 86 12 86 526 537 529 540
278 0 -1
516 77 96 83 89 527 538 540 551
279 0 -1
517 74 38 78 38 528 539 532 543
280 0 -1
518 34 82 36 82 529 540 531 542
281 0 -1
520 44 76 44 76 531 542 532 543
282 0 -1
522 15 0 18 6 533 544 542 553
283 0 -1
523 37 81 38 81 534 545 535 546
284 0 -1
525 26 37 26 38 536 547 538 549
285 0 -1
526 72 56 73 57 537 548 539 550
286 0 -1
528 55 4 57 7 539 550 544 555
287 0 -1
530 38 83 38 87 541 552 545 556
288 0 -1
533 79 97 80 97 544 555 546 557
289 0 -1
535 78 4 80 5 546 557 549 560
290 0 -1
536 93 28 93 28 547 558 549 560
291 0 -1
537 46 8 47 8 548 559 549 560
292 0 -1
538 40 34 43 34 549 560 552 563
293 0 -1
540 20 13 24 13 551 562 555 566
294 0 -1
541 84 55 84 58 552 563 555 566
295 0 -1
542 22 92 24 96 553 564 561 572
296 0 -1
543 16 20 17 21 554 565 556 567
297 0 -1
546 4 52 5 52 557 568 559 570
298 0 -1
547 46 68 47 68 558 569 560 571
299 0 -1
550 53 54 53 55 561 572 562 573
300 0 -1
552 1 79 3 80 563 574 566 577
