100 100 2591
16
0 68 39
1 12 1
2 59 48
3 45 87
4 87 23
5 80 2
6 7 35
7 9 6
8 21 77
9 5 53
10 23 13
11 94 16
12 74 51
13 31 15
14 9 81
15 20 82
32
0 0 733 100 6
0
1 0 1490 100 6
0
2 1 914 100 6
0
3 1 1563 100 6
0
4 2 732 100 6
0
5 2 1566 100 6
0
6 3 680 100 6
0
7 3 1550 100 6
0
8 4 809 100 6
0
9 4 1517 100 6
0
10 5 712 100 6
0
11 5 1503 100 6
0
12 6 794 100 6
0
13 6 1571 100 6
0
14 7 800 100 6
0
15 7 1510 100 6
0
16 8 803 100 6
0
17 8 1501 100 6
0
18 9 812 100 6
0
19 9 1535 100 6
0
20 10 762 100 6
0
21 10 1550 100 6
0
22 11 815 100 6
0
23 11 1548 100 6
0
24 12 738 100 6
0
25 12 1488 100 6
0
26 13 715 100 6
0
27 13 1489 100 6
0
28 14 863 100 6
0
29 14 1591 100 6
0
30 15 771 100 6
0
31 15 1488 100 6
0
1000
1 8 -1
2 61 55 64 55 433 864 436 867
2 9 -1
5 91 0 92 2 436 867 441 872
3 7 -1
7 89 52 93 52 438 869 442 873
4 9 -1
8 88 85 91 85 439 870 448 879
5 6 -1
9 51 2 51 8 440 871 446 877
6 8 -1
10 82 28 82 30 441 872 445 876
7 9 -1
11 45 86 47 87 442 873 448 879
8 9 -1
12 34 32 34 33 443 874 445 876
9 9 -1
13 64 29 64 31 444 875 446 877
10 2 -1
14 24 16 27 16 445 876 448 879
11 7 -1
15 49 15 49 19 446 877 452 883
12 6 -1
17 55 9 57 10 448 879 452 883
13 2 -1
18 75 5 76 10 449 880 455 886
14 6 -1
19 49 79 49 79 450 881 451 882
15 12 -1
20 61 54 62 55 451 882 453 884
16 15 -1
21 61 98 63 98 452 883 454 885
17 11 -1
22 39 89 43 89 453 884 457 888
18 13 -1
24 13 96 15 96 455 886 457 888
19 9 -1
29 37 84 42 85 460 891 466 897
20 13 -1
30 33 90 34 90 461 892 463 894
21 1 -1
31 36 34 38 34 462 893 464 895
22 5 -1
33 29 32 34 33 464 895 470 901
23 6 -1
35 5 75 5 76 466 897 467 898
24 11 -1
36 60 35 60 37 467 898 469 900
25 12 -1
39 93 56 94 56 470 901 471 902
26 15 -1
40 81 12 81 13 471 902 472 903
27 10 -1
41 84 9 84 9 472 903 474 905
28 12 -1
42 41 71 41 72 473 904 474 905
29 7 -1
43 60 62 61 62 474 905 475 906
30 12 -1
45 52 6 54 6 476 907 478 909
31 7 -1
49 86 85 89 85 480 911 483 914
32 7 -1
52 56 44 62 45 483 914 490 921
33 2 -1
53 80 93 81 97 484 915 489 920
34 4 -1
54 35 65 35 65 485 916 486 917
35 7 -1
56 75 0 79 11 487 918 504 935
36 1 -1
57 44 98 46 98 488 919 490 921
37 4 -1
59 45 18 45 19 490 921 491 922
38 15 -1
61 30 67 32 67 492 923 494 925
39 0 -1
62 21 67 28 67 493 924 501 932
40 3 -1
64 47 16 56 19 495 926 514 945
41 13 -1
69 67 92 69 92 500 931 502 933
42 13 -1
71 33 23 36 28 502 933 510 941
43 13 -1
73 56 77 58 80 504 935 509 940
44 2 -1
76 67 57 69 58 507 938 510 941
45 9 -1
78 73 0 74 1 509 940 511 942
46 15 -1
80 40 4 43 4 511 942 514 945
47 13 -1
81 88 88 90 88 512 943 514 945
48 14 -1
82 12 55 12 61 513 944 519 950
49 9 -1
83 60 18 61 19 514 945 519 950
50 9 -1
84 70 0 71 0 515 946 516 947
51 11 -1
86 41 50 43 53 517 948 527 958
52 12 -1
87 6 32 7 32 518 949 519 950
53 8 -1
90 93 24 94 24 521 952 522 953
54 15 -1
91 63 63 64 64 522 953 526 957
55 9 -1
92 9 91 9 92 523 954 524 955
56 0 -1
93 56 38 59 38 524 955 527 958
57 7 -1
94 44 22 47 24 525 956 531 962
58 7 -1
96 78 85 78 87 527 958 529 960
59 11 -1
103 93 69 93 70 534 965 537 968
60 14 -1
105 34 75 34 76 536 967 538 969
61 2 -1
106 4 51 12 53 537 968 547 978
62 13 -1
107 5 67 8 67 538 969 541 972
63 1 -1
108 7 85 12 87 539 970 547 978
64 15 -1
110 45 55 51 56 541 972 549 980
65 7 -1
111 89 37 89 38 542 973 543 974
66 2 -1
114 18 67 18 73 545 976 551 982
67 12 -1
115 76 3 81 3 546 977 551 982
68 2 -1
116 76 14 85 16 547 978 559 990
69 3 -1
119 55 41 58 41 550 981 553 984
70 14 -1
120 49 16 50 16 551 982 552 983
71 6 -1
122 4 42 6 42 553 984 557 988
72 9 -1
123 2 94 3 96 554 985 557 988
73 13 -1
124 41 11 45 11 555 986 559 990
74 11 -1
127 2 1 2 2 558 989 559 990
75 4 -1
128 81 50 97 52 559 990 578 1009
76 13 -1
130 20 80 21 80 561 992 562 993
77 9 -1
132 38 59 45 60 563 994 578 1009
78 10 -1
134 97 70 98 70 565 996 566 997
79 2 -1
135 65 87 76 87 566 997 577 1008
80 10 -1
136 69 74 70 74 567 998 569 1000
81 15 -1
139 87 97 87 98 570 1001 571 1002
82 6 -1
140 11 55 13 57 571 1002 575 1006
83 3 -1
141 12 96 14 97 572 1003 577 1008
84 1 -1
144 17 7 22 7 575 1006 580 1011
85 3 -1
145 33 82 35 82 576 1007 578 1009
86 7 -1
146 59 79 59 80 577 1008 578 1009
87 9 -1
147 44 13 44 14 578 1009 579 1010
88 1 -1
148 29 79 29 80 579 1010 580 1011
89 5 -1
149 18 56 18 57 580 1011 582 1013
90 14 -1
150 36 85 42 85 581 1012 587 1018
91 1 -1
153 59 35 60 35 584 1015 585 1016
92 6 -1
154 45 61 46 63 585 1016 589 1020
93 6 -1
155 97 14 97 18 586 1017 590 1021
94 12 -1
156 14 92 19 92 587 1018 592 1023
95 3 -1
157 85 37 89 38 588 1019 593 1024
96 10 -1
160 89 99 95 99 591 1022 597 1028
97 5 -1
162 11 16 12 16 593 1024 594 1025
98 5 -1
163 33 29 33 30 594 1025 595 1026
99 2 -1
166 87 17 89 17 597 1028 599 1030
100 2 -1
167 81 93 82 96 598 1029 603 1034
101 11 -1
168 52 3 53 3 599 1030 601 1032
102 3 -1
169 75 74 80 74 600 1031 605 1036
103 0 -1
170 81 12 85 12 601 1032 606 1037
104 10 -1
172 11 65 11 69 603 1034 608 1039
105 8 -1
173 75 79 80 79 604 1035 609 1040
106 9 -1
174 82 36 82 36 605 1036 607 1038
107 8 -1
179 46 52 47 52 610 1041 611 1042
108 0 -1
183 3 46 8 46 614 1045 619 1050
109 3 -1
184 89 48 90 49 615 1046 617 1048
110 9 -1
185 13 15 13 15 616 1047 618 1049
111 8 -1
186 23 4 27 7 617 1048 626 1057
112 7 -1
187 45 80 51 80 618 1049 624 1055
113 13 -1
189 43 17 47 17 620 1051 625 1056
114 7 -1
190 71 29 74 30 621 1052 626 1057
115 15 -1
193 48 46 49 46 624 1055 625 1056
116 9 -1
196 69 38 70 39 627 1058 629 1060
117 15 -1
197 71 57 71 57 628 1059 629 1060
118 12 -1
198 31 89 36 76 629 1060 647 1078
119 7 -1
199 51 57 51 57 630 1061 631 1062
120 13 -1
200 73 81 73 81 631 1062 633 1064
121 7 -1
201 42 28 43 28 632 1063 633 1064
122 5 -1
204 79 93 80 93 635 1066 636 1067
123 2 -1
208 87 96 88 96 639 1070 640 1071
124 6 -1
209 31 86 32 86 640 1071 641 1072
125 4 -1
211 60 99 63 99 642 1073 645 1076
126 10 -1
212 41 10 41 12 643 1074 645 1076
127 12 -1
213 1 95 2 100 644 1075 652 1083
128 4 -1
214 59 27 59 28 645 1076 650 1081
129 8 -1
218 17 83 21 85 649 1080 656 1087
130 9 -1
219 64 0 64 2 650 1081 652 1083
131 7 -1
224 33 78 34 80 655 1086 658 1089
132 4 -1
225 25 7 27 7 656 1087 658 1089
133 3 -1
229 20 57 25 57 660 1091 666 1097
134 7 -1
230 62 76 62 76 661 1092 662 1093
135 3 -1
231 33 23 33 25 662 1093 665 1096
136 9 -1
236 1 89 2 89 667 1098 669 1100
137 3 -1
237 89 96 90 97 668 1099 670 1101
138 4 -1
240 22 33 30 33 671 1102 682 1113
139 5 -1
242 37 3 39 3 673 1104 675 1106
140 7 -1
244 38 24 42 24 675 1106 680 1111
141 2 -1
245 10 37 11 42 676 1107 682 1113
142 15 -1
246 14 46 15 47 677 1108 680 1111
143 10 -1
247 33 86 34 86 678 1109 681 1112
144 11 -1
248 51 77 52 79 679 1110 682 1113
145 13 -1
250 73 86 75 86 681 1112 683 1114
146 0 -1
251 15 14 15 17 682 1113 685 1116
147 7 -1
253 56 44 57 44 684 1115 685 1116
148 14 -1
255 96 46 96 47 686 1117 688 1119
149 1 -1
256 61 20 62 20 687 1118 691 1122
150 8 -1
257 92 30 93 32 688 1119 692 1123
151 4 -1
258 69 70 69 71 689 1120 690 1121
152 1 -1
260 81 37 82 38 691 1122 693 1124
153 8 -1
261 57 73 63 73 692 1123 704 1135
154 14 -1
266 19 84 21 84 697 1128 701 1132
155 14 -1
267 44 33 46 34 698 1129 701 1132
156 1 -1
268 82 13 82 14 699 1130 701 1132
157 6 -1
269 16 91 16 92 700 1131 701 1132
158 6 -1
271 69 94 72 94 702 1133 708 1139
159 6 -1
272 69 46 70 46 703 1134 704 1135
160 9 -1
274 33 74 45 74 705 1136 718 1149
161 6 -1
277 56 54 56 56 708 1139 710 1141
162 10 -1
278 16 13 18 13 709 1140 715 1146
163 13 -1
279 63 63 65 65 710 1141 714 1145
164 1 -1
280 43 53 46 53 711 1142 714 1145
165 12 -1
283 60 45 60 45 714 1145 715 1146
166 1 -1
285 95 60 97 61 716 1147 719 1150
167 0 -1
286 28 58 30 59 717 1148 720 1151
168 9 -1
289 83 41 83 44 720 1151 723 1154
169 13 -1
293 33 40 34 41 724 1155 728 1159
170 9 -1
294 31 47 35 47 725 1156 729 1160
171 2 -1
295 96 40 96 40 726 1157 728 1159
172 4 -1
296 10 47 14 47 727 1158 731 1162
173 3 -1
303 75 55 75 64 734 1165 743 1174
174 1 -1
305 11 5 16 5 736 1167 741 1172
175 9 -1
306 48 98 49 98 737 1168 738 1169
176 11 -1
307 81 7 83 7 738 1169 740 1171
177 11 -1
310 4 80 6 82 741 1172 745 1176
178 9 -1
311 19 57 20 58 742 1173 746 1177
179 10 -1
312 52 32 57 33 743 1174 752 1183
180 7 -1
313 50 52 51 52 744 1175 745 1176
181 1 -1
315 39 86 41 86 746 1177 748 1179
182 1 -1
320 38 33 47 35 751 1182 767 1198
183 15 -1
321 65 97 68 97 752 1183 755 1186
184 8 -1
323 15 15 28 15 754 1185 767 1198
185 4 -1
325 88 69 93 71 756 1187 764 1195
186 1 -1
326 70 66 71 66 757 1188 758 1189
187 4 -1
327 6 70 9 70 758 1189 761 1192
188 10 -1
328 10 37 12 38 759 1190 764 1195
189 13 -1
329 18 55 21 55 760 1191 763 1194
190 8 -1
330 53 95 56 97 761 1192 766 1197
191 7 -1
337 95 5 99 12 768 1199 781 1212
192 13 -1
340 62 65 62 66 771 1202 774 1205
193 7 -1
342 95 53 96 53 773 1204 774 1205
194 6 -1
343 52 78 54 79 774 1205 777 1208
195 3 -1
345 83 38 94 38 776 1207 788 1219
196 5 -1
349 28 9 28 9 780 1211 781 1212
197 7 -1
351 35 73 36 73 782 1213 783 1214
198 6 -1
354 13 87 17 89 785 1216 791 1222
199 2 -1
356 57 13 58 13 787 1218 788 1219
200 14 -1
357 98 27 99 27 788 1219 792 1223
201 3 -1
358 29 29 30 34 789 1220 796 1227
202 3 -1
359 13 68 14 70 790 1221 793 1224
203 13 -1
360 45 46 45 46 791 1222 793 1224
204 8 -1
361 63 82 64 83 792 1223 798 1229
205 2 -1
363 0 51 1 51 794 1225 795 1226
206 0 -1
364 27 84 28 84 795 1226 796 1227
207 9 -1
365 88 68 88 69 796 1227 798 1229
208 8 -1
367 79 72 85 72 798 1229 804 1235
209 5 -1
371 23 12 24 12 802 1233 803 1234
210 11 -1
372 67 22 67 25 803 1234 811 1242
211 9 -1
373 15 20 15 23 804 1235 807 1238
212 12 -1
374 11 82 11 82 805 1236 806 1237
213 14 -1
375 43 29 44 29 806 1237 807 1238
214 9 -1
377 25 46 26 46 808 1239 809 1240
215 7 -1
379 35 74 36 74 810 1241 811 1242
216 8 -1
380 61 96 62 96 811 1242 812 1243
217 3 -1
381 36 85 39 85 812 1243 817 1248
218 2 -1
382 64 50 66 50 813 1244 815 1246
219 12 -1
383 16 81 17 81 814 1245 815 1246
220 2 -1
388 74 68 75 68 819 1250 820 1251
221 12 -1
391 90 35 91 35 822 1253 824 1255
222 4 -1
392 52 98 52 100 823 1254 825 1256
223 1 -1
394 49 10 52 10 825 1256 828 1259
224 2 -1
396 53 84 56 84 827 1258 832 1263
225 13 -1
397 29 20 29 20 828 1259 829 1260
226 11 -1
400 24 60 25 60 831 1262 833 1264
227 6 -1
401 12 40 13 41 832 1263 834 1265
228 5 -1
403 11 57 11 59 834 1265 839 1270
229 6 -1
404 2 92 4 92 835 1266 837 1268
230 1 -1
407 68 83 68 84 838 1269 839 1270
231 5 -1
408 41 60 44 60 839 1270 842 1273
232 13 -1
411 24 94 25 95 842 1273 844 1275
233 15 -1
412 5 94 6 94 843 1274 844 1275
234 15 -1
414 38 17 38 18 845 1276 846 1277
235 1 -1
418 73 86 73 86 849 1280 850 1281
236 14 -1
420 7 90 8 90 851 1282 852 1283
237 13 -1
421 87 24 88 25 852 1283 854 1285
238 2 -1
423 85 34 86 34 854 1285 855 1286
239 11 -1
426 51 89 51 93 857 1288 862 1293
240 2 -1
428 55 57 57 57 859 1290 861 1292
241 15 -1
433 88 81 90 81 864 1295 866 1297
242 6 -1
437 33 74 34 74 868 1299 869 1300
243 3 -1
439 0 77 0 77 870 1301 872 1303
244 12 -1
441 52 66 58 67 872 1303 880 1311
245 15 -1
446 63 91 63 91 877 1308 881 1312
246 13 -1
448 23 78 24 78 879 1310 882 1313
247 15 -1
450 27 1 29 1 881 1312 889 1320
248 9 -1
452 80 17 82 18 883 1314 886 1317
249 11 -1
455 23 90 26 90 886 1317 889 1320
250 6 -1
460 61 57 61 61 891 1322 897 1328
251 3 -1
461 89 7 89 7 892 1323 894 1325
252 15 -1
462 90 75 90 78 893 1324 896 1327
253 1 -1
464 91 56 93 56 895 1326 897 1328
254 0 -1
469 70 17 72 17 900 1331 902 1333
255 11 -1
471 36 63 45 64 902 1333 913 1344
256 4 -1
475 8 86 10 86 906 1337 908 1339
257 1 -1
478 43 14 47 14 909 1340 913 1344
258 7 -1
479 12 12 13 13 910 1341 912 1343
259 9 -1
480 99 67 98 74 911 1342 919 1350
260 4 -1
481 9 91 15 91 912 1343 918 1349
261 1 -1
482 91 94 92 94 913 1344 914 1345
262 9 -1
484 1 79 4 79 915 1346 919 1350
263 8 -1
486 48 5 50 5 917 1348 920 1351
264 5 -1
488 75 19 76 20 919 1350 922 1353
265 12 -1
489 9 20 14 27 920 1351 933 1364
266 10 -1
491 41 82 42 82 922 1353 924 1355
267 5 -1
493 64 88 65 88 924 1355 925 1356
268 15 -1
496 29 48 30 48 927 1358 928 1359
269 12 -1
501 14 92 15 92 932 1363 934 1365
270 10 -1
502 48 95 52 95 933 1364 937 1368
271 7 -1
505 73 59 73 61 936 1367 938 1369
272 7 -1
506 22 60 26 60 937 1368 942 1373
273 12 -1
507 95 47 95 49 938 1369 942 1373
274 14 -1
509 31 42 31 42 940 1371 941 1372
275 5 -1
511 62 62 64 62 942 1373 944 1375
276 13 -1
512 63 13 64 13 943 1374 944 1375
277 13 -1
515 88 69 90 70 946 1377 949 1380
278 6 -1
516 81 36 92 36 947 1378 960 1391
279 9 -1
517 93 22 93 25 948 1379 952 1383
280 7 -1
518 51 60 51 61 949 1380 951 1382
281 14 -1
520 40 0 40 1 951 1382 952 1383
282 4 -1
522 17 44 26 44 953 1384 962 1393
283 3 -1
523 25 16 26 16 954 1385 955 1386
284 10 -1
525 87 60 87 62 956 1387 958 1389
285 10 -1
526 42 3 43 4 957 1388 959 1390
286 3 -1
528 19 73 20 76 959 1390 964 1395
287 14 -1
530 79 3 82 3 961 1392 965 1396
288 12 -1
533 63 61 65 61 964 1395 966 1397
289 8 -1
535 44 58 47 58 966 1397 969 1400
290 6 -1
536 31 76 31 77 967 1398 969 1400
291 3 -1
537 7 84 8 84 968 1399 969 1400
292 6 -1
538 84 67 84 69 969 1400 972 1403
293 10 -1
540 24 94 27 95 971 1402 975 1406
294 2 -1
541 36 20 39 20 972 1403 975 1406
295 4 -1
542 49 33 51 36 973 1404 981 1412
296 12 -1
543 44 4 45 4 974 1405 976 1407
297 14 -1
546 36 98 37 99 977 1408 979 1410
298 1 -1
547 76 2 76 3 978 1409 980 1411
299 12 -1
550 60 14 61 14 981 1412 982 1413
300 2 -1
552 28 35 28 36 983 1414 986 1417
301 9 -1
553 63 10 65 10 984 1415 986 1417
302 11 -1
555 45 49 48 50 986 1417 991 1422
303 2 -1
556 27 2 27 2 987 1418 989 1420
304 5 -1
558 55 61 55 62 989 1420 990 1421
305 13 -1
559 78 19 81 20 990 1421 995 1426
306 0 -1
560 80 36 82 36 991 1422 993 1424
307 8 -1
562 27 99 28 99 993 1424 994 1425
308 10 -1
565 49 20 53 20 996 1427 1000 1431
309 5 -1
566 76 88 78 90 997 1428 1001 1432
310 7 -1
567 16 70 17 70 998 1429 999 1430
311 9 -1
570 59 56 63 56 1001 1432 1005 1436
312 12 -1
572 76 95 79 95 1003 1434 1006 1437
313 11 -1
573 33 26 35 27 1004 1435 1007 1438
314 11 -1
575 28 3 28 3 1006 1437 1008 1439
315 14 -1
577 98 10 98 10 1008 1439 1009 1440
316 7 -1
578 62 46 62 47 1009 1440 1011 1442
317 1 -1
579 48 12 48 12 1010 1441 1015 1446
318 6 -1
580 91 52 92 52 1011 1442 1012 1443
319 8 -1
585 45 5 46 7 1016 1447 1019 1450
320 0 -1
588 67 66 67 66 1019 1450 1024 1455
321 11 -1
589 47 6 47 15 1020 1451 1035 1466
322 9 -1
592 22 50 22 51 1023 1454 1024 1455
323 9 -1
594 7 91 8 91 1025 1456 1027 1458
324 8 -1
595 96 19 86 24 1026 1457 1041 1472
325 2 -1
596 62 51 64 51 1027 1458 1031 1462
326 0 -1
597 56 82 61 85 1028 1459 1036 1467
327 4 -1
599 26 3 34 3 1030 1461 1038 1469
328 6 -1
600 90 2 92 2 1031 1462 1034 1465
329 15 -1
601 46 39 46 40 1032 1463 1034 1465
330 14 -1
603 33 29 33 30 1034 1465 1036 1467
331 12 -1
608 30 87 31 89 1039 1470 1042 1473
332 6 -1
609 85 35 85 36 1040 1471 1041 1472
333 14 -1
610 46 92 47 96 1041 1472 1046 1477
334 0 -1
611 46 76 47 76 1042 1473 1046 1477
335 13 -1
613 87 6 92 7 1044 1475 1052 1483
336 3 -1
614 81 3 82 4 1045 1476 1051 1482
337 6 -1
615 4 86 4 86 1046 1477 1047 1478
338 15 -1
616 92 93 92 93 1047 1478 1049 1480
339 5 -1
619 51 16 56 16 1050 1481 1055 1486
340 6 -1
620 90 28 90 28 1051 1482 1053 1484
341 1 -1
621 30 86 31 88 1052 1483 1057 1488
342 15 -1
622 30 37 33 37 1053 1484 1056 1487
343 1 -1
623 68 98 69 98 1054 1485 1056 1487
344 4 -1
624 78 54 79 54 1055 1486 1056 1487
345 1 -1
625 63 77 65 77 1056 1487 1058 1489
346 3 -1
628 30 74 30 75 1059 1490 1060 1491
347 15 -1
629 43 21 48 21 1060 1491 1065 1496
348 6 -1
630 1 26 1 27 1061 1492 1062 1493
349 4 -1
634 64 82 64 82 1065 1496 1066 1497
350 3 -1
635 16 84 18 84 1066 1497 1068 1499
351 7 -1
636 45 44 45 46 1067 1498 1069 1500
352 8 -1
637 90 57 91 57 1068 1499 1070 1501
353 9 -1
639 70 77 70 77 1070 1501 1071 1502
354 9 -1
640 18 29 18 31 1071 1502 1073 1504
355 1 -1
641 81 50 81 51 1072 1503 1074 1505
356 8 -1
643 97 18 97 22 1074 1505 1080 1511
357 11 -1
645 79 85 81 85 1076 1507 1078 1509
358 15 -1
646 31 48 31 49 1077 1508 1079 1510
359 2 -1
648 57 82 57 82 1079 1510 1080 1511
360 9 -1
649 88 13 95 13 1080 1511 1090 1521
361 9 -1
650 73 33 74 33 1081 1512 1082 1513
362 4 -1
651 25 31 25 32 1082 1513 1086 1517
363 13 -1
652 46 96 47 97 1083 1514 1098 1529
364 10 -1
653 56 19 57 19 1084 1515 1085 1516
365 2 -1
656 9 6 10 6 1087 1518 1088 1519
366 3 -1
662 0 2 2 2 1093 1524 1095 1526
367 8 -1
663 15 61 21 62 1094 1525 1102 1533
368 4 -1
664 54 39 55 39 1095 1526 1097 1528
369 11 -1
665 57 24 58 24 1096 1527 1097 1528
370 11 -1
666 4 37 4 39 1097 1528 1099 1530
371 11 -1
667 32 18 34 19 1098 1529 1101 1532
372 2 -1
669 52 99 52 99 1100 1531 1101 1532
373 10 -1
672 88 81 89 84 1103 1534 1107 1538
374 0 -1
673 81 20 81 22 1104 1535 1106 1537
375 5 -1
674 13 47 14 48 1105 1536 1109 1540
376 13 -1
675 75 62 76 65 1106 1537 1111 1542
377 8 -1
678 44 52 45 54 1109 1540 1113 1544
378 4 -1
679 26 61 29 61 1110 1541 1113 1544
379 4 -1
680 95 2 99 2 1111 1542 1117 1548
380 14 -1
681 87 39 87 40 1112 1543 1114 1545
381 6 -1
682 19 54 20 55 1113 1544 1115 1546
382 10 -1
684 87 13 89 13 1115 1546 1117 1548
383 7 -1
685 46 59 49 59 1116 1547 1121 1552
384 2 -1
687 41 62 44 64 1118 1549 1123 1554
385 2 -1
688 60 97 60 97 1119 1550 1121 1552
386 4 -1
689 0 20 0 20 1120 1551 1122 1553
387 12 -1
690 56 85 56 85 1121 1552 1123 1554
388 8 -1
691 18 90 18 91 1122 1553 1124 1555
389 10 -1
692 60 10 61 11 1123 1554 1125 1556
390 7 -1
694 28 22 29 23 1125 1556 1128 1559
391 15 -1
696 75 60 76 60 1127 1558 1129 1560
392 8 -1
698 60 86 64 87 1129 1560 1134 1565
393 9 -1
700 27 26 27 26 1131 1562 1132 1563
394 3 -1
701 66 39 66 39 1132 1563 1133 1564
395 4 -1
702 83 24 87 26 1133 1564 1140 1571
396 1 -1
703 27 94 29 94 1134 1565 1136 1567
397 9 -1
704 27 35 28 35 1135 1566 1137 1568
398 12 -1
705 0 34 0 37 1136 1567 1140 1571
399 0 -1
706 97 44 97 45 1137 1568 1139 1570
400 11 -1
707 76 60 77 62 1138 1569 1142 1573
401 6 -1
708 31 91 37 92 1139 1570 1146 1577
402 12 -1
710 74 81 76 81 1141 1572 1144 1575
403 6 -1
712 7 17 7 18 1143 1574 1144 1575
404 2 -1
714 98 31 99 31 1145 1576 1146 1577
405 10 -1
716 72 37 72 37 1147 1578 1148 1579
406 10 -1
718 6 11 7 18 1149 1580 1157 1588
407 8 -1
719 52 15 53 15 1150 1581 1151 1582
408 1 -1
720 75 43 77 43 1151 1582 1153 1584
409 8 -1
722 81 73 81 73 1153 1584 1155 1586
410 11 -1
724 27 80 29 80 1155 1586 1157 1588
411 3 -1
725 51 60 60 60 1156 1587 1167 1598
412 14 -1
726 50 68 54 68 1157 1588 1161 1592
413 0 -1
727 21 68 24 68 1158 1589 1161 1592
414 6 -1
728 43 80 44 80 1159 1590 1164 1595
415 0 -1
729 36 50 36 50 1160 1591 1161 1592
416 5 -1
731 93 85 93 86 1162 1593 1163 1594
417 14 -1
733 38 21 39 22 1164 1595 1166 1597
418 11 -1
734 7 59 8 59 1165 1596 1167 1598
419 5 -1
735 4 10 6 10 1166 1597 1169 1600
420 12 -1
736 96 1 97 2 1167 1598 1169 1600
421 11 -1
737 37 55 38 56 1168 1599 1171 1602
422 4 -1
742 31 28 36 28 1173 1604 1178 1609
423 11 -1
744 11 72 13 72 1175 1606 1177 1608
424 12 -1
745 47 53 48 56 1176 1607 1181 1612
425 8 -1
748 77 59 78 59 1179 1610 1181 1612
426 8 -1
750 19 24 19 24 1181 1612 1182 1613
427 2 -1
751 87 35 87 36 1182 1613 1183 1614
428 11 -1
752 49 21 52 21 1183 1614 1186 1617
429 14 -1
753 63 91 63 92 1184 1615 1185 1616
430 12 -1
754 87 82 91 82 1185 1616 1191 1622
431 14 -1
755 60 15 62 15 1186 1617 1188 1619
432 4 -1
757 52 41 54 41 1188 1619 1190 1621
433 1 -1
758 1 89 9 89 1189 1620 1197 1628
434 6 -1
759 42 43 43 43 1190 1621 1192 1623
435 13 -1
760 37 49 38 49 1191 1622 1192 1623
436 9 -1
766 52 72 53 72 1197 1628 1199 1630
437 10 -1
767 19 68 21 68 1198 1629 1200 1631
438 12 -1
768 5 85 7 85 1199 1630 1202 1633
439 11 -1
771 25 54 26 54 1202 1633 1203 1634
440 2 -1
772 73 83 74 83 1203 1634 1205 1636
441 8 -1
773 79 64 79 67 1204 1635 1207 1638
442 1 -1
775 56 31 57 32 1206 1637 1211 1642
443 4 -1
777 78 27 80 27 1208 1639 1210 1641
444 4 -1
778 89 44 89 45 1209 1640 1211 1642
445 0 -1
779 70 65 73 65 1210 1641 1213 1644
446 10 -1
781 72 68 72 69 1212 1643 1213 1644
447 9 -1
782 61 61 64 61 1213 1644 1217 1648
448 3 -1
784 77 79 78 80 1215 1646 1217 1648
449 8 -1
787 2 62 3 62 1218 1649 1220 1651
450 14 -1
788 99 39 99 39 1219 1650 1220 1651
451 13 -1
789 95 91 98 91 1220 1651 1224 1655
452 8 -1
790 6 36 6 36 1221 1652 1223 1654
453 6 -1
791 68 66 70 69 1222 1653 1227 1658
454 11 -1
793 28 95 30 96 1224 1655 1227 1658
455 4 -1
794 13 30 15 31 1225 1656 1229 1660
456 10 -1
795 29 53 30 53 1226 1657 1228 1659
457 5 -1
796 14 2 18 2 1227 1658 1231 1662
458 11 -1
797 92 0 93 0 1228 1659 1229 1660
459 14 -1
798 72 48 75 48 1229 1660 1232 1663
460 13 -1
799 39 73 39 75 1230 1661 1232 1663
461 9 -1
800 16 33 17 33 1231 1662 1236 1667
462 10 -1
802 63 20 67 20 1233 1664 1237 1668
463 11 -1
803 48 37 49 38 1234 1665 1236 1667
464 6 -1
805 88 83 91 85 1236 1667 1241 1672
465 5 -1
806 6 20 13 20 1237 1668 1246 1677
466 7 -1
807 84 50 86 50 1238 1669 1240 1671
467 15 -1
810 72 40 73 40 1241 1672 1242 1673
468 7 -1
813 61 19 62 19 1244 1675 1245 1676
469 11 -1
818 12 95 14 95 1249 1680 1251 1682
470 11 -1
820 81 49 83 50 1251 1682 1254 1685
471 12 -1
824 64 73 66 73 1255 1686 1257 1688
472 11 -1
825 27 45 30 45 1256 1687 1259 1690
473 2 -1
827 21 57 21 58 1258 1689 1259 1690
474 6 -1
828 36 55 44 56 1259 1690 1269 1700
475 5 -1
830 72 46 72 48 1261 1692 1264 1695
476 15 -1
831 93 59 93 59 1262 1693 1263 1694
477 0 -1
833 61 92 63 92 1264 1695 1266 1697
478 5 -1
834 45 50 47 50 1265 1696 1267 1698
479 4 -1
835 37 90 41 94 1266 1697 1276 1707
480 2 -1
839 25 23 25 23 1270 1701 1272 1703
481 8 -1
841 44 11 47 12 1272 1703 1276 1707
482 9 -1
842 42 35 42 35 1273 1704 1275 1706
483 15 -1
844 35 66 35 66 1275 1706 1280 1711
484 2 -1
845 51 28 52 29 1276 1707 1278 1709
485 9 -1
846 21 47 25 48 1277 1708 1283 1714
486 10 -1
847 82 3 83 3 1278 1709 1279 1710
487 12 -1
850 80 12 83 12 1281 1712 1284 1715
488 7 -1
851 55 78 58 78 1282 1713 1286 1717
489 0 -1
854 64 63 65 63 1285 1716 1286 1717
490 2 -1
856 76 36 76 36 1287 1718 1290 1721
491 7 -1
859 38 7 39 8 1290 1721 1295 1726
492 10 -1
860 10 25 11 25 1291 1722 1292 1723
493 15 -1
861 91 9 93 9 1292 1723 1294 1725
494 7 -1
864 17 42 18 42 1295 1726 1298 1729
495 5 -1
867 83 1 84 1 1298 1729 1299 1730
496 10 -1
868 39 25 39 27 1299 1730 1301 1732
497 9 -1
871 59 56 60 62 1302 1733 1318 1749
498 15 -1
873 10 15 11 16 1304 1735 1306 1737
499 14 -1
874 50 4 51 4 1305 1736 1310 1741
500 12 -1
875 93 62 95 63 1306 1737 1309 1740
501 6 -1
877 60 52 62 52 1308 1739 1311 1742
502 5 -1
878 0 79 1 79 1309 1740 1311 1742
503 4 -1
879 6 50 7 51 1310 1741 1312 1743
504 15 -1
880 18 77 18 81 1311 1742 1315 1746
505 14 -1
881 46 16 46 18 1312 1743 1318 1749
506 11 -1
882 15 26 17 26 1313 1744 1315 1746
507 10 -1
885 42 74 42 74 1316 1747 1317 1748
508 2 -1
887 74 48 76 48 1318 1749 1321 1752
509 6 -1
889 10 70 12 71 1320 1751 1323 1754
510 10 -1
891 15 17 16 18 1322 1753 1324 1755
511 14 -1
893 35 18 35 18 1324 1755 1326 1757
512 14 -1
894 55 2 55 2 1325 1756 1328 1759
513 5 -1
895 67 24 68 26 1326 1757 1329 1760
514 5 -1
896 73 44 74 44 1327 1758 1329 1760
515 0 -1
897 76 49 77 49 1328 1759 1329 1760
516 1 -1
898 63 78 63 80 1329 1760 1331 1762
517 7 -1
899 77 79 78 80 1330 1761 1332 1763
518 12 -1
900 52 10 55 12 1331 1762 1337 1768
519 3 -1
901 31 92 33 92 1332 1763 1334 1765
520 3 -1
902 61 31 61 32 1333 1764 1334 1765
521 15 -1
905 43 9 44 9 1336 1767 1337 1768
522 10 -1
910 52 62 53 62 1341 1772 1342 1773
523 14 -1
912 25 94 34 94 1343 1774 1353 1784
524 13 -1
914 38 0 43 1 1345 1776 1352 1783
525 5 -1
917 6 80 10 80 1348 1779 1352 1783
526 1 -1
919 26 52 27 53 1350 1781 1352 1783
527 4 -1
920 14 90 17 90 1351 1782 1354 1785
528 6 -1
921 76 36 77 36 1352 1783 1353 1784
529 9 -1
923 97 39 98 39 1354 1785 1355 1786
530 6 -1
925 35 47 38 47 1356 1787 1359 1790
531 5 -1
926 56 52 60 54 1357 1788 1366 1797
532 1 -1
927 8 3 9 5 1358 1789 1361 1792
533 3 -1
928 78 82 78 82 1359 1790 1363 1794
534 12 -1
929 99 48 99 48 1360 1791 1361 1792
535 8 -1
931 46 55 46 55 1362 1793 1364 1795
536 13 -1
933 93 55 95 59 1364 1795 1371 1802
537 12 -1
935 31 47 31 48 1366 1797 1368 1799
538 14 -1
936 59 18 60 18 1367 1798 1368 1799
539 8 -1
937 63 70 65 72 1368 1799 1372 1803
540 0 -1
938 60 48 60 52 1369 1800 1373 1804
541 3 -1
940 68 3 69 4 1371 1802 1373 1804
542 4 -1
942 78 18 78 19 1373 1804 1374 1805
543 9 -1
943 44 12 47 13 1374 1805 1381 1812
544 13 -1
944 79 85 79 85 1375 1806 1376 1807
545 8 -1
945 81 56 81 56 1376 1807 1379 1810
546 6 -1
947 84 37 90 38 1378 1809 1391 1822
547 15 -1
948 26 24 27 24 1379 1810 1382 1813
548 8 -1
950 46 38 48 38 1381 1812 1383 1814
549 14 -1
951 12 35 12 35 1382 1813 1384 1815
550 9 -1
954 10 32 11 32 1385 1816 1387 1818
551 11 -1
955 82 31 82 32 1386 1817 1387 1818
552 10 -1
957 57 12 58 14 1388 1819 1391 1822
553 12 -1
958 69 17 70 17 1389 1820 1390 1821
554 12 -1
963 46 33 47 35 1394 1825 1397 1828
555 0 -1
964 86 41 87 42 1395 1826 1397 1828
556 1 -1
966 3 87 5 87 1397 1828 1399 1830
557 6 -1
969 18 12 18 14 1400 1831 1402 1833
558 2 -1
972 68 50 72 52 1403 1834 1409 1840
559 7 -1
973 64 0 65 2 1404 1835 1408 1839
560 2 -1
974 35 4 42 5 1405 1836 1415 1846
561 10 -1
976 58 2 58 3 1407 1838 1412 1843
562 5 -1
979 38 31 39 34 1410 1841 1414 1845
563 3 -1
981 46 38 46 38 1412 1843 1413 1844
564 9 -1
983 8 80 8 81 1414 1845 1417 1848
565 4 -1
984 68 8 70 9 1415 1846 1421 1852
566 10 -1
987 91 57 93 58 1418 1849 1422 1853
567 6 -1
989 25 46 25 49 1420 1851 1423 1854
568 15 -1
990 63 82 66 82 1421 1852 1425 1856
569 4 -1
992 48 77 50 77 1423 1854 1427 1858
570 13 -1
993 71 52 73 52 1424 1855 1426 1857
571 4 -1
994 37 28 41 28 1425 1856 1429 1860
572 5 -1
996 72 17 72 19 1427 1858 1429 1860
573 13 -1
997 29 99 30 99 1428 1859 1430 1861
574 2 -1
998 36 55 36 56 1429 1860 1430 1861
575 2 -1
999 99 33 99 35 1430 1861 1432 1863
576 4 -1
1001 96 58 51 62 1432 1863 1481 1912
577 6 -1
1004 13 78 13 80 1435 1866 1437 1868
578 15 -1
1008 17 36 17 37 1439 1870 1440 1871
579 8 -1
1010 95 17 96 18 1441 1872 1443 1874
580 1 -1
1012 49 62 49 62 1443 1874 1444 1875
581 3 -1
1015 30 11 30 12 1446 1877 1447 1878
582 14 -1
1016 62 45 63 45 1447 1878 1448 1879
583 1 -1
1017 34 59 37 59 1448 1879 1451 1882
584 12 -1
1018 89 10 78 11 1449 1880 1463 1894
585 0 -1
1019 16 99 22 100 1450 1881 1460 1891
586 5 -1
1020 13 3 14 3 1451 1882 1454 1885
587 11 -1
1021 71 14 72 14 1452 1883 1453 1884
588 15 -1
1022 46 84 46 90 1453 1884 1467 1898
589 4 -1
1025 69 81 73 81 1456 1887 1461 1892
590 7 -1
1027 32 7 33 7 1458 1889 1459 1890
591 9 -1
1028 65 69 65 70 1459 1890 1460 1891
592 14 -1
1031 1 89 9 89 1462 1893 1471 1902
593 15 -1
1032 36 2 36 7 1463 1894 1470 1901
594 13 -1
1033 65 73 68 74 1464 1895 1468 1899
595 4 -1
1035 95 28 96 28 1466 1897 1468 1899
596 12 -1
1036 4 51 5 51 1467 1898 1469 1900
597 8 -1
1037 46 48 46 49 1468 1899 1469 1900
598 6 -1
1039 65 60 66 60 1470 1901 1471 1902
599 4 -1
1040 37 72 37 73 1471 1902 1472 1903
600 9 -1
1042 3 1 11 1 1473 1904 1484 1915
601 2 -1
1044 16 33 16 33 1475 1906 1479 1910
602 1 -1
1045 36 30 37 30 1476 1907 1479 1910
603 1 -1
1051 38 71 38 71 1482 1913 1483 1914
604 12 -1
1053 60 74 61 74 1484 1915 1485 1916
605 14 -1
1056 18 21 18 23 1487 1918 1489 1920
606 11 -1
1057 26 35 27 35 1488 1919 1490 1921
607 14 -1
1059 42 26 43 28 1490 1921 1494 1925
608 6 -1
1060 5 28 5 33 1491 1922 1496 1927
609 0 -1
1063 81 25 81 28 1494 1925 1497 1928
610 6 -1
1065 25 0 26 1 1496 1927 1499 1930
611 4 -1
1066 88 76 89 77 1497 1928 1499 1930
612 13 -1
1067 13 8 14 8 1498 1929 1499 1930
613 4 -1
1070 9 88 9 94 1501 1932 1513 1944
614 6 -1
1071 86 81 91 81 1502 1933 1507 1938
615 12 -1
1073 13 67 20 69 1504 1935 1519 1950
616 3 -1
1074 35 46 35 46 1505 1936 1506 1937
617 13 -1
1075 39 52 39 54 1506 1937 1509 1940
618 14 -1
1078 4 51 8 51 1509 1940 1513 1944
619 15 -1
1082 34 40 35 40 1513 1944 1514 1945
620 0 -1
1083 44 13 45 14 1514 1945 1516 1947
621 3 -1
1084 23 74 23 77 1515 1946 1521 1952
622 11 -1
1085 14 5 16 6 1516 1947 1519 1950
623 2 -1
1086 97 8 93 8 1517 1948 1521 1952
624 8 -1
1090 79 38 80 38 1521 1952 1522 1953
625 7 -1
1091 99 53 98 56 1522 1953 1526 1957
626 4 -1
1092 45 35 46 35 1523 1954 1524 1955
627 2 -1
1095 5 62 7 62 1526 1957 1529 1960
628 15 -1
1097 96 48 99 48 1528 1959 1531 1962
629 12 -1
1098 67 38 70 38 1529 1960 1533 1964
630 9 -1
1099 3 79 4 82 1530 1961 1535 1966
631 2 -1
1100 63 6 68 6 1531 1962 1536 1967
632 3 -1
1102 8 9 10 10 1533 1964 1536 1967
633 5 -1
1103 49 84 56 84 1534 1965 1541 1972
634 8 -1
1104 21 28 22 28 1535 1966 1536 1967
635 1 -1
1105 53 31 54 31 1536 1967 1537 1968
636 11 -1
1107 96 34 90 38 1538 1969 1548 1979
637 3 -1
1109 85 82 87 82 1540 1971 1543 1974
638 6 -1
1111 74 64 76 64 1542 1973 1544 1975
639 5 -1
1113 18 15 19 15 1544 1975 1545 1976
640 10 -1
1114 22 86 22 87 1545 1976 1546 1977
641 5 -1
1115 69 0 69 3 1546 1977 1549 1980
642 2 -1
1116 85 64 95 64 1547 1978 1558 1989
643 11 -1
1118 84 70 86 70 1549 1980 1551 1982
644 10 -1
1120 0 61 2 61 1551 1982 1553 1984
645 14 -1
1121 37 44 38 44 1552 1983 1553 1984
646 11 -1
1122 49 27 51 27 1553 1984 1556 1987
647 15 -1
1124 95 29 95 35 1555 1986 1562 1993
648 4 -1
1125 75 14 76 14 1556 1987 1558 1989
649 9 -1
1126 20 23 28 26 1557 1988 1569 2000
650 11 -1
1129 59 95 59 96 1560 1991 1561 1992
651 13 -1
1130 66 85 66 85 1561 1992 1562 1993
652 12 -1
1132 35 10 37 10 1563 1994 1565 1996
653 5 -1
1133 79 83 80 84 1564 1995 1567 1998
654 9 -1
1137 74 29 74 30 1568 1999 1572 2003
655 3 -1
1138 17 56 17 56 1569 2000 1570 2001
656 14 -1
1139 9 94 10 94 1570 2001 1571 2002
657 12 -1
1141 46 88 46 88 1572 2003 1574 2005
658 8 -1
1142 12 51 12 53 1573 2004 1576 2007
659 9 -1
1144 43 65 45 65 1575 2006 1578 2009
660 1 -1
1147 7 14 9 14 1578 2009 1582 2013
661 4 -1
1150 52 41 53 41 1581 2012 1582 2013
662 11 -1
1151 80 6 82 6 1582 2013 1584 2015
663 12 -1
1154 37 52 37 53 1585 2016 1586 2017
664 11 -1
1156 60 58 61 58 1587 2018 1589 2020
665 15 -1
1157 45 8 45 12 1588 2019 1593 2024
666 13 -1
1158 25 93 26 95 1589 2020 1593 2024
667 5 -1
1159 21 25 21 25 1590 2021 1592 2023
668 12 -1
1164 89 59 92 59 1595 2026 1598 2029
669 3 -1
1166 73 50 73 52 1597 2028 1600 2031
670 0 -1
1169 3 0 6 0 1600 2031 1603 2034
671 1 -1
1170 14 99 17 99 1601 2032 1604 2035
672 1 -1
1171 71 89 75 89 1602 2033 1611 2042
673 8 -1
1172 52 33 53 33 1603 2034 1604 2035
674 5 -1
1174 49 86 55 86 1605 2036 1612 2043
675 6 -1
1175 55 89 56 90 1606 2037 1609 2040
676 11 -1
1176 17 99 19 99 1607 2038 1609 2040
677 5 -1
1177 80 57 81 57 1608 2039 1610 2041
678 8 -1
1179 25 79 25 79 1610 2041 1611 2042
679 4 -1
1186 35 62 36 63 1617 2048 1619 2050
680 4 -1
1187 68 0 70 0 1618 2049 1620 2051
681 0 -1
1188 82 27 83 27 1619 2050 1620 2051
682 2 -1
1190 25 11 25 11 1621 2052 1622 2053
683 10 -1
1191 27 75 28 75 1622 2053 1624 2055
684 9 -1
1194 49 10 49 10 1625 2056 1627 2058
685 11 -1
1195 54 34 55 36 1626 2057 1629 2060
686 8 -1
1197 53 2 55 2 1628 2059 1631 2062
687 0 -1
1198 93 64 96 64 1629 2060 1633 2064
688 8 -1
1201 36 14 36 16 1632 2063 1637 2068
689 8 -1
1202 33 40 34 40 1633 2064 1634 2065
690 5 -1
1203 80 82 80 82 1634 2065 1635 2066
691 7 -1
1205 36 48 39 48 1636 2067 1639 2070
692 1 -1
1207 15 15 15 19 1638 2069 1642 2073
693 3 -1
1208 31 94 33 94 1639 2070 1641 2072
694 4 -1
1209 60 77 60 77 1640 2071 1641 2072
695 15 -1
1211 96 29 98 31 1642 2073 1646 2077
696 10 -1
1214 63 50 68 50 1645 2076 1651 2082
697 11 -1
1217 98 60 99 61 1648 2079 1650 2081
698 11 -1
1218 83 0 83 0 1649 2080 1650 2081
699 1 -1
1219 81 83 83 85 1650 2081 1657 2088
700 2 -1
1220 80 52 81 52 1651 2082 1652 2083
701 3 -1
1222 80 37 83 37 1653 2084 1656 2087
702 5 -1
1223 14 46 17 47 1654 2085 1658 2089
703 13 -1
1226 21 21 24 21 1657 2088 1660 2091
704 2 -1
1227 79 61 80 61 1658 2089 1659 2090
705 1 -1
1229 1 72 1 73 1660 2091 1661 2092
706 6 -1
1230 69 66 71 68 1661 2092 1666 2097
707 14 -1
1231 16 46 16 47 1662 2093 1663 2094
708 12 -1
1233 15 32 16 33 1664 2095 1666 2097
709 10 -1
1235 62 49 65 49 1666 2097 1670 2101
710 8 -1
1236 36 69 40 69 1667 2098 1672 2103
711 6 -1
1237 72 22 76 22 1668 2099 1673 2104
712 7 -1
1238 91 80 94 80 1669 2100 1674 2105
713 12 -1
1240 98 50 94 50 1671 2102 1675 2106
714 7 -1
1241 74 6 75 6 1672 2103 1673 2104
715 13 -1
1242 59 29 63 29 1673 2104 1686 2117
716 10 -1
1243 71 88 72 88 1674 2105 1676 2107
717 15 -1
1244 98 83 92 84 1675 2106 1682 2113
718 11 -1
1246 95 11 96 15 1677 2108 1686 2117
719 9 -1
1250 20 20 20 21 1681 2112 1682 2113
720 1 -1
1254 41 18 47 19 1685 2116 1692 2123
721 6 -1
1255 24 77 27 78 1686 2117 1690 2121
722 5 -1
1258 3 47 15 50 1689 2120 1705 2136
723 8 -1
1259 7 26 16 33 1690 2121 1708 2139
724 13 -1
1260 84 31 87 31 1691 2122 1697 2128
725 4 -1
1261 17 70 20 71 1692 2123 1699 2130
726 6 -1
1263 19 43 22 47 1694 2125 1701 2132
727 2 -1
1264 28 45 31 45 1695 2126 1699 2130
728 7 -1
1265 53 11 55 11 1696 2127 1698 2129
729 2 -1
1266 24 36 24 37 1697 2128 1698 2129
730 2 -1
1268 23 62 24 63 1699 2130 1702 2133
731 2 -1
1276 81 82 81 82 1707 2138 1708 2139
732 7 -1
1277 28 77 28 77 1708 2139 1713 2144
733 5 -1
1281 80 6 82 6 1712 2143 1714 2145
734 3 -1
1284 27 42 28 42 1715 2146 1717 2148
735 15 -1
1287 9 85 11 87 1718 2149 1722 2153
736 3 -1
1290 97 0 93 3 1721 2152 1728 2159
737 12 -1
1291 78 71 80 72 1722 2153 1725 2156
738 2 -1
1292 81 41 85 41 1723 2154 1749 2180
739 5 -1
1297 53 24 56 24 1728 2159 1731 2162
740 5 -1
1298 58 3 58 4 1729 2160 1730 2161
741 0 -1
1299 72 54 74 54 1730 2161 1733 2164
742 9 -1
1300 84 89 85 89 1731 2162 1733 2164
743 12 -1
1307 24 87 25 87 1738 2169 1739 2170
744 7 -1
1309 67 17 69 17 1740 2171 1742 2173
745 7 -1
1312 73 26 74 26 1743 2174 1745 2176
746 4 -1
1313 43 8 43 9 1744 2175 1745 2176
747 10 -1
1314 9 26 10 26 1745 2176 1749 2180
748 15 -1
1315 17 41 20 41 1746 2177 1751 2182
749 14 -1
1316 57 3 58 3 1747 2178 1749 2180
750 0 -1
1317 42 42 43 42 1748 2179 1750 2181
751 14 -1
1318 16 9 19 9 1749 2180 1752 2183
752 14 -1
1319 35 51 35 52 1750 2181 1752 2183
753 10 -1
1320 15 99 15 99 1751 2182 1752 2183
754 2 -1
1321 53 17 54 17 1752 2183 1754 2185
755 0 -1
1323 23 52 25 52 1754 2185 1756 2187
756 8 -1
1324 36 37 38 39 1755 2186 1760 2191
757 5 -1
1325 8 80 10 83 1756 2187 1762 2193
758 1 -1
1326 69 84 70 84 1757 2188 1758 2189
759 12 -1
1327 92 29 83 30 1758 2189 1768 2199
760 5 -1
1329 58 38 60 38 1760 2191 1762 2193
761 0 -1
1332 43 26 43 26 1763 2194 1765 2196
762 2 -1
1333 8 89 8 90 1764 2195 1765 2196
763 10 -1
1335 60 73 69 78 1766 2197 1782 2213
764 1 -1
1336 96 6 97 6 1767 2198 1768 2199
765 9 -1
1338 10 13 11 13 1769 2200 1772 2203
766 10 -1
1340 36 9 42 9 1771 2202 1778 2209
767 0 -1
1342 84 18 87 18 1773 2204 1776 2207
768 1 -1
1344 47 37 47 37 1775 2206 1777 2208
769 0 -1
1345 90 37 91 37 1776 2207 1777 2208
770 4 -1
1347 93 53 93 53 1778 2209 1781 2212
771 9 -1
1348 50 5 55 5 1779 2210 1784 2215
772 12 -1
1349 72 19 76 20 1780 2211 1786 2217
773 2 -1
1354 81 57 84 57 1785 2216 1788 2219
774 7 -1
1355 12 16 13 18 1786 2217 1791 2222
775 12 -1
1359 67 82 70 82 1790 2221 1795 2226
776 9 -1
1362 81 62 83 62 1793 2224 1795 2226
777 12 -1
1365 18 0 19 0 1796 2227 1797 2228
778 13 -1
1368 62 41 64 41 1799 2230 1801 2232
779 5 -1
1369 58 82 90 82 1800 2231 1835 2266
780 15 -1
1370 75 94 77 94 1801 2232 1803 2234
781 14 -1
1372 56 80 56 85 1803 2234 1808 2239
782 4 -1
1374 39 30 41 30 1805 2236 1807 2238
783 8 -1
1375 13 51 15 52 1806 2237 1813 2244
784 14 -1
1376 28 93 29 93 1807 2238 1808 2239
785 6 -1
1377 79 40 79 43 1808 2239 1811 2242
786 12 -1
1378 55 79 55 79 1809 2240 1810 2241
787 8 -1
1379 94 57 94 57 1810 2241 1814 2245
788 13 -1
1381 89 86 92 86 1812 2243 1815 2246
789 11 -1
1382 92 10 92 11 1813 2244 1816 2247
790 6 -1
1383 19 7 19 9 1814 2245 1816 2247
791 5 -1
1385 54 18 56 20 1816 2247 1822 2253
792 2 -1
1386 6 42 6 42 1817 2248 1820 2251
793 4 -1
1387 0 46 5 46 1818 2249 1829 2260
794 3 -1
1388 52 56 54 57 1819 2250 1822 2253
795 13 -1
1389 77 75 77 77 1820 2251 1822 2253
796 0 -1
1390 57 12 57 14 1821 2252 1823 2254
797 5 -1
1391 44 37 46 37 1822 2253 1824 2255
798 2 -1
1393 37 69 39 69 1824 2255 1826 2257
799 1 -1
1395 59 89 61 91 1826 2257 1834 2265
800 14 -1
1396 77 69 77 69 1827 2258 1828 2259
801 14 -1
1400 7 66 9 67 1831 2262 1834 2265
802 7 -1
1401 8 48 8 48 1832 2263 1835 2266
803 13 -1
1402 5 70 5 72 1833 2264 1840 2271
804 0 -1
1403 3 54 4 55 1834 2265 1836 2267
805 6 -1
1406 5 40 5 41 1837 2268 1838 2269
806 7 -1
1411 47 37 48 38 1842 2273 1844 2275
807 5 -1
1412 51 52 51 57 1843 2274 1849 2280
808 12 -1
1413 16 8 16 8 1844 2275 1845 2276
809 8 -1
1414 61 36 63 36 1845 2276 1847 2278
810 11 -1
1415 54 1 54 2 1846 2277 1848 2279
811 11 -1
1417 15 60 16 60 1848 2279 1849 2280
812 9 -1
1418 91 27 91 29 1849 2280 1854 2285
813 7 -1
1419 39 69 39 74 1850 2281 1857 2288
814 1 -1
1420 17 28 25 28 1851 2282 1859 2290
815 5 -1
1423 73 94 74 94 1854 2285 1855 2286
816 8 -1
1426 16 28 17 28 1857 2288 1859 2290
817 1 -1
1428 12 42 15 42 1859 2290 1862 2293
818 10 -1
1429 23 20 25 20 1860 2291 1862 2293
819 13 -1
1430 62 55 63 55 1861 2292 1862 2293
820 10 -1
1431 5 33 7 34 1862 2293 1865 2296
821 1 -1
1432 72 80 72 81 1863 2294 1864 2295
822 14 -1
1434 38 31 38 32 1865 2296 1866 2297
823 6 -1
1435 57 33 61 36 1866 2297 1873 2304
824 12 -1
1436 90 8 92 8 1867 2298 1869 2300
825 0 -1
1438 75 44 76 44 1869 2300 1873 2304
826 9 -1
1439 12 64 13 64 1870 2301 1871 2302
827 15 -1
1440 50 68 50 69 1871 2302 1874 2305
828 10 -1
1441 22 27 22 28 1872 2303 1879 2310
829 1 -1
1442 22 85 24 85 1873 2304 1875 2306
830 10 -1
1443 13 66 14 68 1874 2305 1879 2310
831 14 -1
1444 67 3 68 4 1875 2306 1877 2308
832 11 -1
1446 86 57 86 61 1877 2308 1883 2314
833 13 -1
1447 71 66 71 66 1878 2309 1880 2311
834 8 -1
1448 65 4 65 4 1879 2310 1881 2312
835 6 -1
1452 40 55 41 55 1883 2314 1884 2315
836 1 -1
1454 50 50 51 51 1885 2316 1889 2320
837 8 -1
1455 94 97 96 97 1886 2317 1888 2319
838 1 -1
1456 80 97 81 97 1887 2318 1888 2319
839 5 -1
1457 15 9 17 11 1888 2319 1894 2325
840 14 -1
1458 29 91 30 100 1889 2320 1899 2330
841 6 -1
1461 9 22 11 22 1892 2323 1895 2326
842 9 -1
1462 91 25 94 25 1893 2324 1897 2328
843 5 -1
1463 76 25 78 25 1894 2325 1896 2327
844 6 -1
1465 8 13 10 13 1896 2327 1898 2329
845 15 -1
1466 23 89 23 89 1897 2328 1899 2330
846 0 -1
1468 57 80 58 80 1899 2330 1900 2331
847 2 -1
1469 73 90 77 90 1900 2331 1905 2336
848 8 -1
1470 53 94 53 95 1901 2332 1902 2333
849 3 -1
1472 83 98 87 99 1903 2334 1908 2339
850 8 -1
1473 54 76 55 79 1904 2335 1909 2340
851 14 -1
1474 2 3 7 5 1905 2336 1916 2347
852 15 -1
1475 61 94 63 94 1906 2337 1908 2339
853 15 -1
1478 67 33 71 33 1909 2340 1915 2346
854 13 -1
1479 65 65 65 66 1910 2341 1912 2343
855 5 -1
1481 28 64 28 64 1912 2343 1914 2345
856 1 -1
1483 13 44 17 51 1914 2345 1925 2356
857 7 -1
1486 25 60 29 60 1917 2348 1922 2353
858 7 -1
1487 24 37 25 38 1918 2349 1922 2353
859 8 -1
1493 1 82 3 82 1924 2355 1926 2357
860 11 -1
1495 35 53 36 53 1926 2357 1927 2358
861 13 -1
1496 90 11 91 12 1927 2358 1931 2362
862 9 -1
1497 29 34 29 36 1928 2359 1932 2363
863 3 -1
1499 73 0 75 0 1930 2361 1932 2363
864 0 -1
1500 88 38 89 39 1931 2362 1933 2364
865 1 -1
1501 29 21 30 27 1932 2363 1940 2371
866 0 -1
1502 3 48 7 48 1933 2364 1937 2368
867 15 -1
1504 1 15 3 25 1935 2366 1948 2379
868 11 -1
1505 69 23 72 30 1936 2367 1946 2377
869 1 -1
1506 64 93 64 95 1937 2368 1939 2370
870 5 -1
1507 6 20 7 22 1938 2369 1941 2372
871 7 -1
1508 59 66 59 71 1939 2370 1945 2376
872 2 -1
1509 82 74 82 74 1940 2371 1941 2372
873 1 -1
1511 86 86 86 88 1942 2373 1944 2375
874 7 -1
1513 15 26 19 26 1944 2375 1949 2380
875 8 -1
1515 25 88 26 88 1946 2377 1947 2378
876 7 -1
1516 29 22 31 23 1947 2378 1950 2381
877 0 -1
1517 11 80 11 83 1948 2379 1951 2382
878 3 -1
1518 49 29 52 29 1949 2380 1952 2383
879 10 -1
1519 75 51 75 54 1950 2381 1954 2385
880 6 -1
1521 77 33 78 36 1952 2383 1956 2387
881 9 -1
1522 92 67 92 67 1953 2384 1955 2386
882 14 -1
1523 93 41 95 41 1954 2385 1956 2387
883 9 -1
1527 60 89 61 90 1958 2389 1962 2393
884 3 -1
1528 36 18 36 18 1959 2390 1960 2391
885 7 -1
1533 4 97 5 97 1964 2395 1965 2396
886 10 -1
1534 48 79 55 80 1965 2396 1974 2405
887 4 -1
1535 10 61 11 63 1966 2397 1969 2400
888 4 -1
1536 73 48 74 48 1967 2398 1969 2400
889 1 -1
1538 85 97 88 98 1969 2400 1973 2404
890 0 -1
1540 92 70 92 70 1971 2402 1972 2403
891 10 -1
1543 93 1 95 2 1974 2405 1977 2408
892 7 -1
1544 35 36 36 37 1975 2406 1977 2408
893 1 -1
1545 91 81 93 81 1976 2407 1978 2409
894 3 -1
1547 89 39 94 39 1978 2409 1983 2414
895 3 -1
1550 36 39 38 39 1981 2412 1983 2414
896 12 -1
1551 8 9 10 9 1982 2413 1984 2415
897 10 -1
1552 60 70 64 71 1983 2414 1988 2419
898 13 -1
1554 90 50 91 50 1985 2416 1989 2420
899 3 -1
1555 35 72 36 73 1986 2417 1988 2419
900 5 -1
1556 74 35 75 36 1987 2418 1989 2420
901 14 -1
1559 43 94 48 94 1990 2421 1996 2427
902 11 -1
1560 56 20 56 20 1991 2422 1997 2428
903 1 -1
1562 36 51 36 51 1993 2424 1995 2426
904 6 -1
1563 86 78 96 78 1994 2425 2004 2435
905 14 -1
1564 44 45 46 45 1995 2426 1997 2428
906 2 -1
1566 32 98 34 98 1997 2428 1999 2430
907 5 -1
1567 34 39 37 39 1998 2429 2002 2433
908 11 -1
1573 9 85 17 85 2004 2435 2012 2443
909 9 -1
1575 4 22 4 23 2006 2437 2007 2438
910 4 -1
1576 58 73 58 73 2007 2438 2009 2440
911 2 -1
1577 46 14 46 15 2008 2439 2010 2441
912 11 -1
1579 64 29 66 29 2010 2441 2013 2444
913 4 -1
1580 74 75 74 75 2011 2442 2013 2444
914 3 -1
1582 24 3 25 3 2013 2444 2014 2445
915 14 -1
1584 43 88 43 88 2015 2446 2016 2447
916 0 -1
1587 38 59 39 70 2018 2449 2030 2461
917 6 -1
1588 21 66 25 66 2019 2450 2023 2454
918 4 -1
1589 84 74 86 74 2020 2451 2022 2453
919 10 -1
1590 83 23 84 25 2021 2452 2024 2455
920 4 -1
1591 69 40 74 40 2022 2453 2027 2458
921 9 -1
1593 38 10 39 10 2024 2455 2028 2459
922 13 -1
1594 70 14 70 15 2025 2456 2027 2458
923 10 -1
1596 11 9 11 11 2027 2458 2029 2460
924 3 -1
1598 8 60 8 61 2029 2460 2030 2461
925 2 -1
1599 44 70 47 70 2030 2461 2034 2465
926 11 -1
1600 70 3 71 3 2031 2462 2032 2463
927 15 -1
1603 35 23 36 23 2034 2465 2035 2466
928 12 -1
1606 19 74 21 74 2037 2468 2039 2470
929 0 -1
1608 89 36 90 36 2039 2470 2040 2471
930 0 -1
1609 53 33 54 34 2040 2471 2042 2473
931 7 -1
1610 80 55 81 55 2041 2472 2042 2473
932 14 -1
1611 31 49 31 49 2042 2473 2044 2475
933 13 -1
1613 6 10 8 10 2044 2475 2046 2477
934 1 -1
1615 79 16 80 16 2046 2477 2047 2478
935 2 -1
1618 80 13 80 15 2049 2480 2052 2483
936 13 -1
1620 25 99 29 99 2051 2482 2056 2487
937 3 -1
1621 9 48 12 52 2052 2483 2059 2490
938 11 -1
1623 9 22 14 22 2054 2485 2059 2490
939 7 -1
1624 62 86 63 86 2055 2486 2056 2487
940 15 -1
1625 73 59 76 59 2056 2487 2059 2490
941 3 -1
1626 61 55 61 57 2057 2488 2059 2490
942 1 -1
1627 40 0 47 0 2058 2489 2071 2502
943 2 -1
1629 27 44 28 44 2060 2491 2061 2492
944 0 -1
1631 43 49 43 50 2062 2493 2064 2495
945 14 -1
1633 5 40 11 43 2064 2495 2074 2505
946 15 -1
1634 52 59 53 60 2065 2496 2067 2498
947 0 -1
1637 19 76 19 77 2068 2499 2069 2500
948 9 -1
1638 34 47 37 47 2069 2500 2072 2503
949 4 -1
1640 9 14 17 14 2071 2502 2081 2512
950 4 -1
1641 14 19 16 20 2072 2503 2075 2506
951 2 -1
1642 51 83 55 83 2073 2504 2077 2508
952 1 -1
1645 0 15 0 15 2076 2507 2077 2508
953 13 -1
1648 13 6 14 7 2079 2510 2081 2512
954 2 -1
1649 22 12 22 13 2080 2511 2082 2513
955 14 -1
1650 57 29 58 29 2081 2512 2082 2513
956 14 -1
1656 48 21 52 21 2087 2518 2091 2522
957 15 -1
1657 23 29 23 29 2088 2519 2091 2522
958 13 -1
1659 91 19 91 23 2090 2521 2094 2525
959 10 -1
1660 6 50 6 54 2091 2522 2095 2526
960 3 -1
1661 82 48 83 49 2092 2523 2099 2530
961 0 -1
1662 18 75 25 75 2093 2524 2100 2531
962 11 -1
1663 63 85 68 87 2094 2525 2101 2532
963 14 -1
1664 31 71 32 71 2095 2526 2097 2528
964 2 -1
1665 76 83 76 84 2096 2527 2097 2528
965 7 -1
1668 20 68 20 70 2099 2530 2102 2533
966 13 -1
1671 19 90 26 91 2102 2533 2110 2541
967 12 -1
1672 38 50 40 51 2103 2534 2107 2538
968 6 -1
1673 23 73 24 74 2104 2535 2109 2540
969 0 -1
1675 77 57 77 58 2106 2537 2107 2538
970 7 -1
1676 99 85 99 85 2107 2538 2110 2541
971 11 -1
1678 19 91 19 92 2109 2540 2112 2543
972 10 -1
1679 25 57 29 58 2110 2541 2117 2548
973 9 -1
1680 95 53 97 54 2111 2542 2115 2546
974 5 -1
1683 59 92 59 94 2114 2545 2121 2552
975 2 -1
1685 2 83 2 83 2116 2547 2119 2550
976 15 -1
1686 86 2 89 2 2117 2548 2127 2558
977 10 -1
1687 59 83 60 85 2118 2549 2122 2553
978 8 -1
1688 59 48 65 48 2119 2550 2125 2556
979 0 -1
1690 30 98 32 98 2121 2552 2125 2556
980 1 -1
1691 41 54 43 54 2122 2553 2124 2555
981 9 -1
1692 85 58 85 59 2123 2554 2126 2557
982 7 -1
1694 25 79 26 79 2125 2556 2126 2557
983 4 -1
1695 93 16 96 17 2126 2557 2130 2561
984 0 -1
1696 44 83 45 84 2127 2558 2130 2561
985 10 -1
1697 53 83 53 84 2128 2559 2130 2561
986 11 -1
1698 30 56 32 56 2129 2560 2131 2562
987 14 -1
1700 39 23 41 23 2131 2562 2133 2564
988 4 -1
1702 72 55 78 60 2133 2564 2147 2578
989 0 -1
1703 87 53 87 54 2134 2565 2135 2566
990 5 -1
1704 94 12 95 13 2135 2566 2138 2569
991 14 -1
1709 24 20 25 21 2140 2571 2143 2574
992 11 -1
1712 66 63 68 63 2143 2574 2146 2577
993 2 -1
1714 61 40 62 43 2145 2576 2149 2580
994 6 -1
1717 53 9 55 9 2148 2579 2152 2583
995 4 -1
1718 55 35 56 36 2149 2580 2151 2582
996 3 -1
1720 32 55 32 61 2151 2582 2157 2588
997 2 -1
1722 46 73 47 73 2153 2584 2154 2585
998 2 -1
1723 59 36 61 36 2154 2585 2156 2587
999 13 -1
1725 12 85 13 86 2156 2587 2158 2589
1000 11 -1
1726 59 80 61 81 2157 2588 2160 2591
