100 100 577
1
0 37 6
11
0 0 29 100 6
0
1 0 55 100 6
0
2 0 73 100 6
0
3 0 100 100 6
0
4 0 128 100 6
0
5 0 155 100 6
0
6 0 177 100 6
0
7 0 200 100 6
0
8 0 226 100 6
0
9 0 255 100 6
0
10 0 278 100 6
0
300
1 0 -1
2 89 0 89 2 13 24 16 27
2 0 -1
5 10 72 15 72 16 27 21 32
3 0 -1
7 7 43 10 43 18 29 22 33
4 0 -1
8 99 45 99 48 19 30 28 39
5 0 -1
9 75 87 75 92 20 31 26 37
6 0 -1
10 34 53 38 53 21 32 25 36
7 0 -1
11 51 27 52 29 22 33 28 39
8 0 -1
12 64 92 66 92 23 34 25 36
9 0 -1
13 90 45 91 45 24 35 26 37
10 0 -1
14 95 40 97 41 25 36 28 39
11 0 -1
15 76 53 80 55 26 37 32 43
12 0 -1
17 44 2 46 4 28 39 32 43
13 0 -1
18 80 49 80 51 29 40 35 46
14 0 -1
19 54 67 54 68 30 41 31 42
15 0 -1
20 82 15 83 16 31 42 33 44
16 0 -1
21 6 84 8 84 32 43 34 45
17 0 -1
22 34 26 38 26 33 44 37 48
18 0 -1
24 3 99 4 100 35 46 37 48
19 0 -1
29 93 39 94 40 40 51 46 57
20 0 -1
30 21 84 23 84 41 52 43 54
21 0 -1
31 57 92 57 92 42 53 44 55
22 0 -1
33 79 88 85 88 44 55 50 61
23 0 -1
35 49 7 49 7 46 57 47 58
24 0 -1
36 34 52 35 53 47 58 49 60
25 0 -1
39 79 91 79 91 50 61 51 62
26 0 -1
40 30 64 31 64 51 62 52 63
27 0 -1
41 19 38 21 38 52 63 54 65
28 0 -1
42 29 5 29 5 53 64 54 65
29 0 -1
43 32 46 32 47 54 65 55 66
30 0 -1
45 68 57 69 57 56 67 58 69
31 0 -1
49 54 97 57 97 60 71 63 74
32 0 -1
52 54 35 59 37 63 74 70 81
33 0 -1
53 3 51 5 53 64 75 69 80
34 0 -1
54 75 77 75 77 65 76 66 77
35 0 -1
56 32 12 34 26 67 78 84 95
36 0 -1
57 95 55 96 55 68 79 70 81
37 0 -1
59 96 73 96 74 70 81 71 82
38 0 -1
61 40 57 42 57 72 83 74 85
39 0 -1
62 83 83 85 89 73 84 81 92
40 0 -1
64 28 83 43 87 75 86 94 105
41 0 -1
69 45 70 45 70 80 91 82 93
42 0 -1
71 76 54 82 56 82 93 90 101
43 0 -1
73 84 0 88 0 84 95 89 100
44 0 -1
76 22 4 24 4 87 98 90 101
45 0 -1
78 39 88 41 88 89 100 91 102
46 0 -1
80 67 38 70 38 91 102 94 105
47 0 -1
81 44 48 46 48 92 103 94 105
48 0 -1
82 47 70 50 72 93 104 99 110
49 0 -1
83 80 59 80 64 94 105 99 110
50 0 -1
84 59 77 60 77 95 106 96 107
51 0 -1
86 97 9 87 9 97 108 107 118
52 0 -1
87 99 56 98 56 98 109 99 110
53 0 -1
90 91 62 92 62 101 112 102 113
54 0 -1
91 88 42 91 43 102 113 106 117
55 0 -1
92 34 91 35 91 103 114 104 115
56 0 -1
93 86 98 89 98 104 115 107 118
57 0 -1
94 83 28 89 28 105 116 111 122
58 0 -1
96 18 85 19 86 107 118 109 120
59 0 -1
103 8 45 10 45 114 125 117 128
60 0 -1
105 63 11 63 12 116 127 118 129
61 0 -1
106 47 42 51 45 117 128 127 138
62 0 -1
107 92 39 92 40 118 129 121 132
63 0 -1
108 28 40 34 40 119 130 127 138
64 0 -1
110 68 75 68 75 121 132 129 140
65 0 -1
111 46 36 47 36 122 133 123 134
66 0 -1
114 58 40 58 43 125 136 131 142
67 0 -1
115 29 87 33 88 126 137 131 142
68 0 -1
116 54 64 59 64 127 138 139 150
69 0 -1
119 35 65 36 67 130 141 133 144
70 0 -1
120 56 35 56 36 131 142 132 143
71 0 -1
122 12 47 15 48 133 144 137 148
72 0 -1
123 10 40 10 40 134 145 137 148
73 0 -1
124 92 9 92 10 135 146 139 150
74 0 -1
127 22 64 23 64 138 149 139 150
75 0 -1
128 39 35 57 35 139 150 158 169
76 0 -1
130 97 62 98 62 141 152 142 153
77 0 -1
132 96 19 88 24 143 154 158 169
78 0 -1
134 23 89 24 89 145 156 146 157
79 0 -1
135 86 68 86 71 146 157 157 168
80 0 -1
136 96 42 97 42 147 158 149 160
81 0 -1
139 26 25 27 25 150 161 151 162
82 0 -1
140 82 40 86 40 151 162 155 166
83 0 -1
141 53 43 57 43 152 163 157 168
84 0 -1
144 30 72 31 73 155 166 160 171
85 0 -1
145 17 67 19 67 156 167 158 169
86 0 -1
146 98 88 98 88 157 168 158 169
87 0 -1
147 39 22 39 22 158 169 159 170
88 0 -1
148 85 81 85 81 159 170 160 171
89 0 -1
149 58 19 59 19 160 171 162 173
90 0 -1
150 15 52 20 53 161 172 167 178
91 0 -1
153 36 39 36 40 164 175 165 176
92 0 -1
154 49 49 53 49 165 176 169 180
93 0 -1
155 90 69 93 69 166 177 170 181
94 0 -1
156 64 64 69 64 167 178 172 183
95 0 -1
157 80 44 80 45 168 179 173 184
96 0 -1
160 6 23 12 23 171 182 177 188
97 0 -1
162 40 40 41 40 173 184 174 185
98 0 -1
163 34 50 34 50 174 185 175 186
99 0 -1
166 9 68 11 68 177 188 179 190
100 0 -1
167 9 60 10 62 178 189 183 194
101 0 -1
168 42 37 42 39 179 190 181 192
102 0 -1
169 8 50 9 53 180 191 185 196
103 0 -1
170 0 17 4 18 181 192 186 197
104 0 -1
172 41 23 46 23 183 194 188 199
105 0 -1
173 55 72 56 72 184 195 189 200
106 0 -1
174 59 22 59 24 185 196 187 198
107 0 -1
179 37 2 37 3 190 201 191 202
108 0 -1
183 82 65 83 69 194 205 199 210
109 0 -1
184 12 33 12 34 195 206 197 208
110 0 -1
185 93 95 93 96 196 207 198 209
111 0 -1
186 34 79 43 79 197 208 206 217
112 0 -1
187 16 31 22 31 198 209 204 215
113 0 -1
189 36 46 40 46 200 211 205 216
114 0 -1
190 21 69 21 73 201 212 206 217
115 0 -1
193 57 86 57 87 204 215 205 216
116 0 -1
196 56 46 56 48 207 218 209 220
117 0 -1
197 95 76 96 76 208 219 209 220
118 0 -1
198 58 52 75 53 209 220 227 238
119 0 -1
199 96 47 97 47 210 221 211 222
120 0 -1
200 17 79 18 80 211 222 213 224
121 0 -1
201 94 26 94 27 212 223 213 224
122 0 -1
204 23 45 23 45 215 226 216 227
123 0 -1
208 5 22 5 22 219 230 220 231
124 0 -1
209 92 60 92 61 220 231 221 232
125 0 -1
211 20 56 22 57 222 233 225 236
126 0 -1
212 89 29 91 29 223 234 225 236
127 0 -1
213 89 26 92 27 224 235 232 243
128 0 -1
214 2 7 6 7 225 236 230 241
129 0 -1
218 61 98 63 94 229 240 236 247
130 0 -1
219 28 42 28 44 230 241 232 243
131 0 -1
224 80 64 83 64 235 246 238 249
132 0 -1
225 52 45 54 45 236 247 238 249
133 0 -1
229 15 96 20 97 240 251 246 257
134 0 -1
230 18 4 18 4 241 252 242 253
135 0 -1
231 54 9 56 9 242 253 245 256
136 0 -1
236 10 55 11 56 247 258 249 260
137 0 -1
237 83 61 83 62 248 259 250 261
138 0 -1
240 7 5 14 8 251 262 262 273
139 0 -1
242 79 92 79 92 253 264 255 266
140 0 -1
244 18 2 21 3 255 266 260 271
141 0 -1
245 9 45 11 48 256 267 262 273
142 0 -1
246 42 95 42 98 257 268 260 271
143 0 -1
247 3 74 5 75 258 269 261 272
144 0 -1
248 73 96 74 98 259 270 262 273
145 0 -1
250 29 86 30 86 261 272 263 274
146 0 -1
251 72 67 73 69 262 273 265 276
147 0 -1
253 78 81 79 81 264 275 265 276
148 0 -1
255 0 3 2 3 266 277 268 279
149 0 -1
256 39 70 42 71 267 278 271 282
150 0 -1
257 69 59 70 61 268 279 272 283
151 0 -1
258 21 19 22 19 269 280 270 281
152 0 -1
260 98 88 96 88 271 282 273 284
153 0 -1
261 27 43 30 46 272 283 284 295
154 0 -1
266 63 74 67 74 277 288 281 292
155 0 -1
267 99 1 97 1 278 289 281 292
156 0 -1
268 61 36 63 36 279 290 281 292
157 0 -1
269 15 42 15 43 280 291 281 292
158 0 -1
271 73 45 78 46 282 293 288 299
159 0 -1
272 11 61 11 62 283 294 284 295
160 0 -1
274 91 96 98 100 285 296 298 309
161 0 -1
277 86 98 87 99 288 299 290 301
162 0 -1
278 99 20 94 21 289 300 295 306
163 0 -1
279 11 1 11 3 290 301 294 305
164 0 -1
280 75 28 75 28 291 302 294 305
165 0 -1
283 21 75 22 75 294 305 295 306
166 0 -1
285 90 94 91 94 296 307 299 310
167 0 -1
286 37 70 38 72 297 308 300 311
168 0 -1
289 22 86 22 86 300 311 303 314
169 0 -1
293 96 62 96 63 304 315 308 319
170 0 -1
294 38 69 41 70 305 316 309 320
171 0 -1
295 70 98 72 98 306 317 308 319
172 0 -1
296 30 13 30 15 307 318 311 322
173 0 -1
303 49 86 56 88 314 325 323 334
174 0 -1
305 73 54 78 54 316 327 321 332
175 0 -1
306 97 70 97 70 317 328 318 329
176 0 -1
307 83 96 83 98 318 329 320 331
177 0 -1
310 66 76 70 76 321 332 325 336
178 0 -1
311 43 9 45 10 322 333 326 337
179 0 -1
312 27 19 29 26 323 334 332 343
180 0 -1
313 16 17 17 17 324 335 325 336
181 0 -1
315 61 75 63 75 326 337 328 339
182 0 -1
320 62 17 70 17 331 342 347 358
183 0 -1
321 79 59 79 61 332 343 335 346
184 0 -1
323 48 36 52 37 334 345 347 358
185 0 -1
325 86 90 89 92 336 347 344 355
186 0 -1
326 3 64 4 64 337 348 338 349
187 0 -1
327 20 80 20 81 338 349 341 352
188 0 -1
328 35 0 37 3 339 350 344 355
189 0 -1
329 35 11 38 11 340 351 343 354
190 0 -1
330 17 65 22 65 341 352 346 357
191 0 -1
337 66 0 77 1 348 359 361 372
192 0 -1
340 45 57 46 59 351 362 354 365
193 0 -1
342 16 74 16 75 353 364 354 365
194 0 -1
343 68 41 70 42 354 365 357 368
195 0 -1
345 25 47 37 47 356 367 368 379
196 0 -1
349 10 59 10 60 360 371 361 372
197 0 -1
351 51 87 52 87 362 373 363 374
198 0 -1
354 78 38 83 38 365 376 371 382
199 0 -1
356 65 93 66 93 367 378 368 379
200 0 -1
357 70 58 72 58 368 379 372 383
201 0 -1
358 54 88 58 89 369 380 376 387
202 0 -1
359 53 29 56 29 370 381 373 384
203 0 -1
360 61 38 63 38 371 382 373 384
204 0 -1
361 28 18 33 19 372 383 378 389
205 0 -1
363 87 98 87 98 374 385 375 386
206 0 -1
364 28 93 29 93 375 386 376 387
207 0 -1
365 45 59 45 59 376 387 378 389
208 0 -1
367 43 65 49 65 378 389 384 395
209 0 -1
371 62 23 62 23 382 393 383 394
210 0 -1
372 21 93 21 98 383 394 391 402
211 0 -1
373 76 37 79 37 384 395 387 398
212 0 -1
374 85 22 86 22 385 396 386 397
213 0 -1
375 48 4 48 4 386 397 387 398
214 0 -1
377 32 88 33 88 388 399 389 400
215 0 -1
379 71 55 71 55 390 401 391 402
216 0 -1
380 90 77 91 77 391 402 392 403
217 0 -1
381 11 63 11 68 392 403 397 408
218 0 -1
382 83 50 84 51 393 404 395 406
219 0 -1
383 59 88 59 88 394 405 395 406
220 0 -1
388 74 61 74 61 399 410 400 411
221 0 -1
391 71 46 71 48 402 413 404 415
222 0 -1
392 5 19 6 20 403 414 405 416
223 0 -1
394 97 67 99 68 405 416 408 419
224 0 -1
396 76 21 80 21 407 418 412 423
225 0 -1
397 63 1 63 2 408 419 409 420
226 0 -1
400 33 89 35 89 411 422 413 424
227 0 -1
401 97 55 99 55 412 423 414 425
228 0 -1
403 60 97 62 98 414 425 419 430
229 0 -1
404 28 37 29 38 415 426 417 428
230 0 -1
407 32 8 32 8 418 429 419 430
231 0 -1
408 69 84 70 86 419 430 422 433
232 0 -1
411 36 3 38 3 422 433 424 435
233 0 -1
412 23 37 23 38 423 434 424 435
234 0 -1
414 71 93 72 93 425 436 426 437
235 0 -1
418 98 87 98 88 429 440 430 441
236 0 -1
420 52 87 53 87 431 442 432 443
237 0 -1
421 86 7 86 7 432 443 434 445
238 0 -1
423 37 71 37 71 434 445 435 446
239 0 -1
426 23 13 27 13 437 448 442 453
240 0 -1
428 83 22 83 23 439 450 441 452
241 0 -1
433 30 64 31 64 444 455 446 457
242 0 -1
437 39 27 40 27 448 459 449 460
243 0 -1
439 53 75 53 77 450 461 452 463
244 0 -1
441 83 41 91 41 452 463 460 471
245 0 -1
446 12 17 13 20 457 468 461 472
246 0 -1
448 61 25 64 25 459 470 462 473
247 0 -1
450 69 85 72 85 461 472 469 480
248 0 -1
452 49 42 51 43 463 474 466 477
249 0 -1
455 59 42 59 43 466 477 469 480
250 0 -1
460 26 3 31 3 471 482 477 488
251 0 -1
461 24 97 26 97 472 483 474 485
252 0 -1
462 20 67 20 69 473 484 476 487
253 0 -1
464 16 23 16 24 475 486 477 488
254 0 -1
469 66 2 66 3 480 491 482 493
255 0 -1
471 16 84 20 89 482 493 493 504
256 0 -1
475 62 64 64 64 486 497 488 499
257 0 -1
478 52 23 52 23 489 500 493 504
258 0 -1
479 67 23 68 24 490 501 492 503
259 0 -1
480 44 2 50 3 491 502 499 510
260 0 -1
481 59 49 60 54 492 503 498 509
261 0 -1
482 37 66 38 66 493 504 494 505
262 0 -1
484 89 33 90 34 495 506 499 510
263 0 -1
486 99 79 98 79 497 508 500 511
264 0 -1
488 55 25 56 25 499 510 502 513
265 0 -1
489 74 20 75 26 500 511 513 524
266 0 -1
491 4 67 4 68 502 513 504 515
267 0 -1
493 76 49 77 49 504 515 505 516
268 0 -1
496 95 53 95 54 507 518 508 519
269 0 -1
501 24 35 26 35 512 523 514 525
270 0 -1
502 70 53 73 54 513 524 517 528
271 0 -1
505 92 67 94 67 516 527 518 529
272 0 -1
506 83 64 84 65 517 528 522 533
273 0 -1
507 94 84 97 84 518 529 522 533
274 0 -1
509 53 51 53 52 520 531 521 532
275 0 -1
511 38 87 38 88 522 533 524 535
276 0 -1
512 88 20 89 20 523 534 524 535
277 0 -1
515 95 42 96 43 526 537 529 540
278 0 -1
516 12 10 20 11 527 538 540 551
279 0 -1
517 29 53 29 57 528 539 532 543
280 0 -1
518 33 66 35 66 529 540 531 542
281 0 -1
520 44 66 44 66 531 542 532 543
282 0 -1
522 31 1 40 1 533 544 542 553
283 0 -1
523 93 83 94 83 534 545 535 546
284 0 -1
525 32 73 32 74 536 547 538 549
285 0 -1
526 9 65 10 66 537 548 539 550
286 0 -1
528 14 58 18 58 539 550 544 555
287 0 -1
530 85 28 86 28 541 552 545 556
288 0 -1
533 5 21 7 21 544 555 546 557
289 0 -1
535 68 23 68 23 546 557 549 560
290 0 -1
536 26 42 26 43 547 558 549 560
291 0 -1
537 97 8 98 8 548 559 549 560
292 0 -1
538 32 34 32 37 549 560 552 563
293 0 -1
540 75 12 75 15 551 562 555 566
294 0 -1
541 33 98 34 100 552 563 555 566
295 0 -1
542 78 43 83 45 553 564 561 572
296 0 -1
543 47 73 49 73 554 565 556 567
297 0 -1
546 63 81 64 81 557 568 559 570
298 0 -1
547 19 53 20 54 558 569 560 571
299 0 -1
550 10 40 11 40 561 572 562 573
300 0 -1
552 44 96 47 96 563 574 566 577
