100 100 3455
1
0 52 0
53
0 0 24 100 6
0
1 0 49 100 6
0
2 0 70 100 6
0
3 0 94 100 6
0
4 0 120 100 6
0
5 0 150 100 6
0
6 0 176 100 6
0
7 0 200 100 6
0
8 0 222 100 6
0
9 0 246 100 6
0
10 0 274 100 6
0
11 0 297 100 6
0
12 0 322 100 6
0
13 0 346 100 6
0
14 0 370 100 6
0
15 0 395 100 6
0
16 0 417 100 6
0
17 0 446 100 6
0
18 0 473 100 6
0
19 0 497 100 6
0
20 0 520 100 6
0
21 0 545 100 6
0
22 0 569 100 6
0
23 0 593 100 6
0
24 0 619 100 6
0
25 0 646 100 6
0
26 0 666 100 6
0
27 0 693 100 6
0
28 0 717 100 6
0
29 0 737 100 6
0
30 0 763 100 6
0
31 0 793 100 6
0
32 0 821 100 6
0
33 0 846 100 6
0
34 0 873 100 6
0
35 0 902 100 6
0
36 0 925 100 6
0
37 0 947 100 6
0
38 0 972 100 6
0
39 0 992 100 6
0
40 0 1023 100 6
0
41 0 1052 100 6
0
42 0 1077 100 6
0
43 0 1101 100 6
0
44 0 1131 100 6
0
45 0 1156 100 6
0
46 0 1185 100 6
0
47 0 1205 100 6
0
48 0 1228 100 6
0
49 0 1253 100 6
0
50 0 1275 100 6
0
51 0 1304 100 6
0
52 0 1326 100 6
0
1000
1 0 -1
2 46 31 48 31 865 1728 868 1731
2 0 -1
5 44 80 44 80 868 1731 873 1736
3 0 -1
7 21 50 21 50 870 1733 874 1737
4 0 -1
8 96 69 88 69 871 1734 880 1743
5 0 -1
9 96 6 99 9 872 1735 878 1741
6 0 -1
10 83 38 85 40 873 1736 877 1740
7 0 -1
11 69 53 72 56 874 1737 880 1743
8 0 -1
12 43 1 43 1 875 1738 877 1740
9 0 -1
13 97 44 98 45 876 1739 878 1741
10 0 -1
14 87 53 89 53 877 1740 880 1743
11 0 -1
15 69 68 74 68 878 1741 884 1747
12 0 -1
17 31 12 34 13 880 1743 884 1747
13 0 -1
18 42 46 45 46 881 1744 887 1750
14 0 -1
19 7 73 8 73 882 1745 883 1746
15 0 -1
20 64 47 66 47 883 1746 885 1748
16 0 -1
21 25 26 27 26 884 1747 886 1749
17 0 -1
22 27 2 30 3 885 1748 889 1752
18 0 -1
24 31 68 33 68 887 1750 889 1752
19 0 -1
29 8 32 13 32 892 1755 898 1761
20 0 -1
30 71 77 73 77 893 1756 895 1758
21 0 -1
31 31 47 32 48 894 1757 896 1759
22 0 -1
33 22 55 22 60 896 1759 902 1765
23 0 -1
35 13 6 13 7 898 1761 899 1762
24 0 -1
36 49 34 49 36 899 1762 901 1764
25 0 -1
39 1 19 1 20 902 1765 903 1766
26 0 -1
40 88 33 89 33 903 1766 904 1767
27 0 -1
41 10 32 10 32 904 1767 906 1769
28 0 -1
42 38 46 39 46 905 1768 906 1769
29 0 -1
43 74 65 75 65 906 1769 907 1770
30 0 -1
45 98 38 98 40 908 1771 910 1773
31 0 -1
49 65 71 66 73 912 1775 915 1778
32 0 -1
52 10 84 12 88 915 1778 922 1785
33 0 -1
53 84 54 86 56 916 1779 921 1784
34 0 -1
54 49 42 50 42 917 1780 918 1781
35 0 -1
56 35 59 37 62 919 1782 936 1799
36 0 -1
57 91 69 91 70 920 1783 922 1785
37 0 -1
59 16 99 17 99 922 1785 923 1786
38 0 -1
61 11 54 12 55 924 1787 926 1789
39 0 -1
62 91 22 94 27 925 1788 933 1796
40 0 -1
64 22 93 22 99 927 1790 946 1809
41 0 -1
69 51 79 51 80 932 1795 934 1797
42 0 -1
71 27 59 27 63 934 1797 942 1805
43 0 -1
73 70 59 74 59 936 1799 941 1804
44 0 -1
76 78 15 80 16 939 1802 942 1805
45 0 -1
78 17 55 17 57 941 1804 943 1806
46 0 -1
80 8 9 11 9 943 1806 946 1809
47 0 -1
81 4 20 5 21 944 1807 946 1809
48 0 -1
82 65 60 65 63 945 1808 951 1814
49 0 -1
83 12 95 14 98 946 1809 951 1814
50 0 -1
84 11 95 11 95 947 1810 948 1811
51 0 -1
86 74 93 77 98 949 1812 959 1822
52 0 -1
87 47 49 47 50 950 1813 951 1814
53 0 -1
90 51 79 52 79 953 1816 954 1817
54 0 -1
91 18 27 20 28 954 1817 958 1821
55 0 -1
92 42 89 43 89 955 1818 956 1819
56 0 -1
93 0 38 0 41 956 1819 959 1822
57 0 -1
94 2 10 7 11 957 1820 963 1826
58 0 -1
96 47 11 47 11 959 1822 961 1824
59 0 -1
103 91 73 93 74 966 1829 969 1832
60 0 -1
105 54 64 54 64 968 1831 970 1833
61 0 -1
106 73 44 82 44 969 1832 979 1842
62 0 -1
107 66 62 67 64 970 1833 973 1836
63 0 -1
108 74 25 75 30 971 1834 979 1842
64 0 -1
110 20 76 26 77 973 1836 981 1844
65 0 -1
111 13 72 13 73 974 1837 975 1838
66 0 -1
114 64 61 65 64 977 1840 983 1846
67 0 -1
115 74 69 79 69 978 1841 983 1846
68 0 -1
116 3 22 10 23 979 1842 991 1854
69 0 -1
119 26 69 29 69 982 1845 985 1848
70 0 -1
120 9 67 10 67 983 1846 984 1847
71 0 -1
122 74 0 75 3 985 1848 989 1852
72 0 -1
123 71 84 73 84 986 1849 989 1852
73 0 -1
124 34 24 37 25 987 1850 991 1854
74 0 -1
127 60 11 61 11 990 1853 991 1854
75 0 -1
128 38 86 44 92 991 1854 1010 1873
76 0 -1
130 89 64 89 64 993 1856 994 1857
77 0 -1
132 48 51 48 62 995 1858 1010 1873
78 0 -1
134 55 40 55 40 997 1860 998 1861
79 0 -1
135 39 84 47 86 998 1861 1009 1872
80 0 -1
136 70 56 72 56 999 1862 1001 1864
81 0 -1
139 26 26 26 26 1002 1865 1003 1866
82 0 -1
140 53 17 53 17 1003 1866 1007 1870
83 0 -1
141 4 10 7 11 1004 1867 1009 1872
84 0 -1
144 6 89 8 91 1007 1870 1012 1875
85 0 -1
145 60 18 60 20 1008 1871 1010 1873
86 0 -1
146 74 20 74 21 1009 1872 1010 1873
87 0 -1
147 79 89 79 90 1010 1873 1011 1874
88 0 -1
148 79 63 79 64 1011 1874 1012 1875
89 0 -1
149 23 70 24 71 1012 1875 1014 1877
90 0 -1
150 18 66 21 68 1013 1876 1019 1882
91 0 -1
153 3 85 4 85 1016 1879 1017 1880
92 0 -1
154 96 43 96 46 1017 1880 1021 1884
93 0 -1
155 78 20 79 20 1018 1881 1019 1882
94 0 -1
156 27 75 29 75 1019 1882 1024 1887
95 0 -1
157 83 51 85 51 1020 1883 1025 1888
96 0 -1
160 92 22 94 26 1023 1886 1029 1892
97 0 -1
162 92 8 92 9 1025 1888 1026 1889
98 0 -1
163 30 59 30 59 1026 1889 1027 1890
99 0 -1
166 78 82 79 83 1029 1892 1031 1894
100 0 -1
167 54 0 59 0 1030 1893 1035 1898
101 0 -1
168 84 10 84 10 1031 1894 1033 1896
102 0 -1
169 78 58 79 59 1032 1895 1037 1900
103 0 -1
170 48 26 49 26 1033 1896 1038 1901
104 0 -1
172 45 98 47 98 1035 1898 1040 1903
105 0 -1
173 25 71 27 72 1036 1899 1041 1904
106 0 -1
174 30 64 31 64 1037 1900 1039 1902
107 0 -1
179 65 40 65 40 1042 1905 1043 1906
108 0 -1
183 14 74 14 74 1046 1909 1051 1914
109 0 -1
184 47 29 47 30 1047 1910 1049 1912
110 0 -1
185 78 50 79 50 1048 1911 1050 1913
111 0 -1
186 48 22 51 23 1049 1912 1058 1921
112 0 -1
187 98 46 94 48 1050 1913 1056 1919
113 0 -1
189 68 84 73 84 1052 1915 1057 1920
114 0 -1
190 94 68 94 68 1053 1916 1058 1921
115 0 -1
193 74 17 74 18 1056 1919 1057 1920
116 0 -1
196 48 71 50 71 1059 1922 1061 1924
117 0 -1
197 5 32 5 32 1060 1923 1061 1924
118 0 -1
198 11 69 18 75 1061 1924 1079 1942
119 0 -1
199 68 94 69 94 1062 1925 1063 1926
120 0 -1
200 72 60 74 60 1063 1926 1065 1928
121 0 -1
201 64 51 65 51 1064 1927 1065 1928
122 0 -1
204 7 17 7 17 1067 1930 1068 1931
123 0 -1
208 88 80 88 80 1071 1934 1072 1935
124 0 -1
209 5 30 5 31 1072 1935 1073 1936
125 0 -1
211 16 29 19 29 1074 1937 1077 1940
126 0 -1
212 44 45 44 46 1075 1938 1077 1940
127 0 -1
213 84 51 90 53 1076 1939 1084 1947
128 0 -1
214 29 17 34 17 1077 1940 1082 1945
129 0 -1
218 0 2 3 3 1081 1944 1088 1951
130 0 -1
219 54 8 55 9 1082 1945 1084 1947
131 0 -1
224 36 31 39 31 1087 1950 1090 1953
132 0 -1
225 77 16 79 16 1088 1951 1090 1953
133 0 -1
229 49 53 49 55 1092 1955 1098 1961
134 0 -1
230 33 34 33 34 1093 1956 1094 1957
135 0 -1
231 74 47 76 48 1094 1957 1097 1960
136 0 -1
236 57 75 57 77 1099 1962 1101 1964
137 0 -1
237 28 32 30 32 1100 1963 1102 1965
138 0 -1
240 72 31 75 32 1103 1966 1114 1977
139 0 -1
242 1 0 1 1 1105 1968 1107 1970
140 0 -1
244 17 13 17 18 1107 1970 1112 1975
141 0 -1
245 19 60 24 61 1108 1971 1114 1977
142 0 -1
246 92 1 92 4 1109 1972 1112 1975
143 0 -1
247 46 1 49 1 1110 1973 1113 1976
144 0 -1
248 80 40 83 40 1111 1974 1114 1977
145 0 -1
250 83 42 85 42 1113 1976 1115 1978
146 0 -1
251 62 5 63 5 1114 1977 1117 1980
147 0 -1
253 29 54 30 54 1116 1979 1117 1980
148 0 -1
255 4 2 5 2 1118 1981 1120 1983
149 0 -1
256 28 76 30 76 1119 1982 1123 1986
150 0 -1
257 21 51 21 51 1120 1983 1124 1987
151 0 -1
258 0 70 0 71 1121 1984 1122 1985
152 0 -1
260 59 41 61 41 1123 1986 1125 1988
153 0 -1
261 50 28 53 32 1124 1987 1136 1999
154 0 -1
266 11 23 12 23 1129 1992 1133 1996
155 0 -1
267 24 16 26 17 1130 1993 1133 1996
156 0 -1
268 43 80 43 80 1131 1994 1133 1996
157 0 -1
269 76 1 77 1 1132 1995 1133 1996
158 0 -1
271 50 97 52 98 1134 1997 1140 2003
159 0 -1
272 26 20 26 21 1135 1998 1136 1999
160 0 -1
274 8 10 9 17 1137 2000 1150 2013
161 0 -1
277 97 95 99 95 1140 2003 1142 2005
162 0 -1
278 63 0 69 0 1141 2004 1147 2010
163 0 -1
279 52 91 56 91 1142 2005 1146 2009
164 0 -1
280 86 37 88 37 1143 2006 1146 2009
165 0 -1
283 30 11 30 11 1146 2009 1147 2010
166 0 -1
285 42 95 43 97 1148 2011 1151 2014
167 0 -1
286 39 75 39 77 1149 2012 1152 2015
168 0 -1
289 62 76 63 76 1152 2015 1155 2018
169 0 -1
293 15 31 17 32 1156 2019 1160 2023
170 0 -1
294 25 8 25 8 1157 2020 1158 2021
171 0 -1
295 67 47 67 48 1158 2021 1160 2023
172 0 -1
296 38 42 38 43 1159 2022 1163 2026
173 0 -1
303 14 40 22 40 1166 2029 1175 2038
174 0 -1
305 5 71 10 71 1168 2031 1173 2036
175 0 -1
306 4 98 5 98 1169 2032 1170 2033
176 0 -1
307 98 83 98 85 1170 2033 1172 2035
177 0 -1
310 11 58 15 58 1173 2036 1177 2040
178 0 -1
311 22 56 23 59 1174 2037 1178 2041
179 0 -1
312 59 29 66 30 1175 2038 1184 2047
180 0 -1
313 59 1 59 1 1176 2039 1177 2040
181 0 -1
315 36 62 38 62 1178 2041 1180 2043
182 0 -1
320 5 61 17 63 1183 2046 1199 2062
183 0 -1
321 43 17 46 17 1184 2047 1187 2050
184 0 -1
323 2 58 7 63 1186 2049 1199 2062
185 0 -1
325 49 85 54 87 1188 2051 1196 2059
186 0 -1
326 89 78 90 78 1189 2052 1190 2053
187 0 -1
327 41 49 42 49 1190 2053 1193 2056
188 0 -1
328 41 22 42 26 1191 2054 1196 2059
189 0 -1
329 28 48 30 48 1192 2055 1195 2058
190 0 -1
330 34 26 38 26 1193 2056 1198 2061
191 0 -1
337 68 76 71 85 1200 2063 1213 2076
192 0 -1
340 22 45 24 45 1203 2066 1206 2069
193 0 -1
342 8 31 9 31 1205 2068 1206 2069
194 0 -1
343 69 36 72 36 1206 2069 1209 2072
195 0 -1
345 14 91 14 96 1208 2071 1220 2083
196 0 -1
349 3 16 4 16 1212 2075 1213 2076
197 0 -1
351 77 22 78 22 1214 2077 1215 2078
198 0 -1
354 4 88 4 90 1217 2080 1223 2086
199 0 -1
356 8 70 9 70 1219 2082 1220 2083
200 0 -1
357 29 55 30 57 1220 2083 1224 2087
201 0 -1
358 4 77 6 80 1221 2084 1228 2091
202 0 -1
359 99 61 97 61 1222 2085 1225 2088
203 0 -1
360 56 85 57 86 1223 2086 1225 2088
204 0 -1
361 77 91 81 91 1224 2087 1230 2093
205 0 -1
363 4 38 4 39 1226 2089 1227 2090
206 0 -1
364 85 14 85 15 1227 2090 1228 2091
207 0 -1
365 86 97 88 97 1228 2091 1230 2093
208 0 -1
367 75 39 76 43 1230 2093 1236 2099
209 0 -1
371 42 48 43 48 1234 2097 1235 2098
210 0 -1
372 93 13 86 14 1235 2098 1243 2106
211 0 -1
373 80 20 82 21 1236 2099 1239 2102
212 0 -1
374 87 61 88 61 1237 2100 1238 2101
213 0 -1
375 36 6 36 7 1238 2101 1239 2102
214 0 -1
377 7 40 7 41 1240 2103 1241 2104
215 0 -1
379 37 82 38 82 1242 2105 1243 2106
216 0 -1
380 47 55 48 55 1243 2106 1244 2107
217 0 -1
381 43 33 45 33 1244 2107 1249 2112
218 0 -1
382 1 53 3 53 1245 2108 1247 2110
219 0 -1
383 98 97 99 97 1246 2109 1247 2110
220 0 -1
388 49 86 50 86 1251 2114 1252 2115
221 0 -1
391 21 53 21 54 1254 2117 1256 2119
222 0 -1
392 76 31 77 31 1255 2118 1257 2120
223 0 -1
394 47 90 47 90 1257 2120 1260 2123
224 0 -1
396 57 70 61 70 1259 2122 1264 2127
225 0 -1
397 95 30 96 30 1260 2123 1261 2124
226 0 -1
400 48 68 48 70 1263 2126 1265 2128
227 0 -1
401 18 9 18 9 1264 2127 1266 2129
228 0 -1
403 47 0 52 0 1266 2129 1271 2134
229 0 -1
404 95 81 95 82 1267 2130 1269 2132
230 0 -1
407 71 95 71 95 1270 2133 1271 2134
231 0 -1
408 92 12 94 13 1271 2134 1274 2137
232 0 -1
411 16 48 16 49 1274 2137 1276 2139
233 0 -1
412 5 59 5 59 1275 2138 1276 2139
234 0 -1
414 76 70 76 70 1277 2140 1278 2141
235 0 -1
418 2 65 3 65 1281 2144 1282 2145
236 0 -1
420 14 85 15 85 1283 2146 1284 2147
237 0 -1
421 35 10 36 10 1284 2147 1286 2149
238 0 -1
423 84 92 84 93 1286 2149 1287 2150
239 0 -1
426 21 34 22 37 1289 2152 1294 2157
240 0 -1
428 15 78 16 78 1291 2154 1293 2156
241 0 -1
433 46 7 47 7 1296 2159 1298 2161
242 0 -1
437 82 22 82 22 1300 2163 1301 2164
243 0 -1
439 17 17 18 18 1302 2165 1304 2167
244 0 -1
441 46 68 48 68 1304 2167 1312 2175
245 0 -1
446 90 77 90 77 1309 2172 1313 2176
246 0 -1
448 20 50 21 50 1311 2174 1314 2177
247 0 -1
450 95 15 89 17 1313 2176 1321 2184
248 0 -1
452 66 47 66 50 1315 2178 1318 2181
249 0 -1
455 44 85 47 85 1318 2181 1321 2184
250 0 -1
460 46 50 48 54 1323 2186 1329 2192
251 0 -1
461 23 88 25 88 1324 2187 1326 2189
252 0 -1
462 37 90 40 90 1325 2188 1328 2191
253 0 -1
464 27 9 27 9 1327 2190 1329 2192
254 0 -1
469 89 36 89 37 1332 2195 1334 2197
255 0 -1
471 22 42 26 44 1334 2197 1345 2208
256 0 -1
475 35 9 37 9 1338 2201 1340 2203
257 0 -1
478 56 53 60 53 1341 2204 1345 2208
258 0 -1
479 22 13 23 14 1342 2205 1344 2207
259 0 -1
480 40 87 45 90 1343 2206 1351 2214
260 0 -1
481 11 24 15 24 1344 2207 1350 2213
261 0 -1
482 75 62 76 62 1345 2208 1346 2209
262 0 -1
484 6 7 7 10 1347 2210 1351 2214
263 0 -1
486 22 22 23 23 1349 2212 1352 2215
264 0 -1
488 19 12 21 13 1351 2214 1354 2217
265 0 -1
489 66 47 79 47 1352 2215 1365 2228
266 0 -1
491 24 53 26 53 1354 2217 1356 2219
267 0 -1
493 63 63 63 64 1356 2219 1357 2220
268 0 -1
496 23 46 24 46 1359 2222 1360 2223
269 0 -1
501 92 72 93 73 1364 2227 1366 2229
270 0 -1
502 31 53 34 53 1365 2228 1369 2232
271 0 -1
505 75 52 76 53 1368 2231 1370 2233
272 0 -1
506 56 96 58 98 1369 2232 1374 2237
273 0 -1
507 86 28 86 28 1370 2233 1371 2234
274 0 -1
509 88 26 88 26 1372 2235 1373 2236
275 0 -1
511 12 2 12 4 1374 2237 1376 2239
276 0 -1
512 51 63 52 63 1375 2238 1376 2239
277 0 -1
515 35 22 36 23 1378 2241 1381 2244
278 0 -1
516 96 3 87 4 1379 2242 1392 2255
279 0 -1
517 49 69 49 69 1380 2243 1384 2247
280 0 -1
518 81 80 81 81 1381 2244 1383 2246
281 0 -1
520 1 9 1 10 1383 2246 1384 2247
282 0 -1
522 59 58 61 58 1385 2248 1394 2257
283 0 -1
523 64 8 65 8 1386 2249 1387 2250
284 0 -1
525 28 74 30 74 1388 2251 1390 2253
285 0 -1
526 86 64 86 64 1389 2252 1391 2254
286 0 -1
528 1 98 1 93 1391 2254 1396 2259
287 0 -1
530 14 17 16 17 1393 2256 1397 2260
288 0 -1
533 74 58 74 58 1396 2259 1398 2261
289 0 -1
535 95 8 97 8 1398 2261 1401 2264
290 0 -1
536 71 88 71 90 1399 2262 1401 2264
291 0 -1
537 10 92 10 93 1400 2263 1401 2264
292 0 -1
538 69 19 72 19 1401 2264 1404 2267
293 0 -1
540 52 68 52 70 1403 2266 1407 2270
294 0 -1
541 63 87 64 89 1404 2267 1407 2270
295 0 -1
542 91 78 95 79 1405 2268 1413 2276
296 0 -1
543 40 50 41 51 1406 2269 1408 2271
297 0 -1
546 92 76 94 76 1409 2272 1411 2274
298 0 -1
547 12 28 14 28 1410 2273 1412 2275
299 0 -1
550 84 81 85 81 1413 2276 1414 2277
300 0 -1
552 12 22 12 23 1415 2278 1418 2281
301 0 -1
553 58 65 59 66 1416 2279 1418 2281
302 0 -1
555 41 32 41 36 1418 2281 1423 2286
303 0 -1
556 33 99 34 99 1419 2282 1421 2284
304 0 -1
558 56 1 57 1 1421 2284 1422 2285
305 0 -1
559 99 15 96 17 1422 2285 1427 2290
306 0 -1
560 86 24 88 24 1423 2286 1425 2288
307 0 -1
562 73 68 74 68 1425 2288 1426 2289
308 0 -1
565 13 90 15 91 1428 2291 1432 2295
309 0 -1
566 4 91 6 93 1429 2292 1433 2296
310 0 -1
567 80 46 80 46 1430 2293 1431 2294
311 0 -1
570 63 65 67 65 1433 2296 1437 2300
312 0 -1
572 31 32 34 32 1435 2298 1438 2301
313 0 -1
573 62 60 64 60 1436 2299 1439 2302
314 0 -1
575 70 16 72 16 1438 2301 1440 2303
315 0 -1
577 46 87 47 87 1440 2303 1441 2304
316 0 -1
578 98 0 96 0 1441 2304 1443 2306
317 0 -1
579 57 42 58 43 1442 2305 1447 2310
318 0 -1
580 17 37 18 37 1443 2306 1444 2307
319 0 -1
585 15 66 15 69 1448 2311 1451 2314
320 0 -1
588 1 18 2 22 1451 2314 1456 2319
321 0 -1
589 74 17 76 28 1452 2315 1467 2330
322 0 -1
592 6 18 6 19 1455 2318 1456 2319
323 0 -1
594 30 65 32 65 1457 2320 1459 2322
324 0 -1
595 93 63 96 64 1458 2321 1473 2336
325 0 -1
596 38 35 40 37 1459 2322 1463 2326
326 0 -1
597 34 74 35 74 1460 2323 1468 2331
327 0 -1
599 79 13 87 13 1462 2325 1470 2333
328 0 -1
600 6 39 8 40 1463 2326 1466 2329
329 0 -1
601 36 27 37 27 1464 2327 1466 2329
330 0 -1
603 38 67 39 68 1466 2329 1468 2331
331 0 -1
608 18 52 19 54 1471 2334 1474 2337
332 0 -1
609 28 91 29 91 1472 2335 1473 2336
333 0 -1
610 90 34 90 34 1473 2336 1478 2341
334 0 -1
611 3 27 6 28 1474 2337 1478 2341
335 0 -1
613 56 45 61 45 1476 2339 1484 2347
336 0 -1
614 88 35 90 38 1477 2340 1483 2346
337 0 -1
615 68 71 68 71 1478 2341 1479 2342
338 0 -1
616 59 5 59 7 1479 2342 1481 2344
339 0 -1
619 39 53 41 54 1482 2345 1487 2350
340 0 -1
620 69 65 70 65 1483 2346 1485 2348
341 0 -1
621 0 60 3 60 1484 2347 1489 2352
342 0 -1
622 2 38 3 38 1485 2348 1488 2351
343 0 -1
623 4 78 6 78 1486 2349 1488 2351
344 0 -1
624 26 1 27 1 1487 2350 1488 2351
345 0 -1
625 48 67 49 67 1488 2351 1490 2353
346 0 -1
628 45 94 46 94 1491 2354 1492 2355
347 0 -1
629 15 49 16 53 1492 2355 1497 2360
348 0 -1
630 31 96 32 96 1493 2356 1494 2357
349 0 -1
634 38 77 38 77 1497 2360 1498 2361
350 0 -1
635 43 18 44 19 1498 2361 1500 2363
351 0 -1
636 11 64 12 64 1499 2362 1501 2364
352 0 -1
637 21 63 21 63 1500 2363 1502 2365
353 0 -1
639 22 63 23 63 1502 2365 1503 2366
354 0 -1
640 32 61 33 61 1503 2366 1505 2368
355 0 -1
641 21 65 21 65 1504 2367 1506 2369
356 0 -1
643 34 5 39 5 1506 2369 1512 2375
357 0 -1
645 17 88 19 88 1508 2371 1510 2373
358 0 -1
646 56 27 57 27 1509 2372 1511 2374
359 0 -1
648 2 11 2 12 1511 2374 1512 2375
360 0 -1
649 12 41 14 46 1512 2375 1522 2385
361 0 -1
650 44 78 44 78 1513 2376 1514 2377
362 0 -1
651 73 25 76 25 1514 2377 1518 2381
363 0 -1
652 93 81 95 84 1515 2378 1530 2393
364 0 -1
653 93 77 93 78 1516 2379 1517 2380
365 0 -1
656 44 30 44 30 1519 2382 1520 2383
366 0 -1
662 98 62 98 62 1525 2388 1527 2390
367 0 -1
663 43 12 43 20 1526 2389 1534 2397
368 0 -1
664 46 99 47 99 1527 2390 1529 2392
369 0 -1
665 31 76 31 76 1528 2391 1529 2392
370 0 -1
666 29 56 31 56 1529 2392 1531 2394
371 0 -1
667 35 92 38 92 1530 2393 1533 2396
372 0 -1
669 77 36 78 36 1532 2395 1533 2396
373 0 -1
672 71 66 71 70 1535 2398 1539 2402
374 0 -1
673 63 99 65 99 1536 2399 1538 2401
375 0 -1
674 53 97 57 97 1537 2400 1541 2404
376 0 -1
675 34 82 38 83 1538 2401 1543 2406
377 0 -1
678 65 16 66 16 1541 2404 1542 2405
378 0 -1
679 11 37 12 39 1542 2405 1545 2408
379 0 -1
680 9 0 11 2 1543 2406 1549 2412
380 0 -1
681 13 0 14 0 1544 2407 1546 2409
381 0 -1
682 14 94 14 94 1545 2408 1547 2410
382 0 -1
684 77 4 78 5 1547 2410 1549 2412
383 0 -1
685 15 75 18 75 1548 2411 1553 2416
384 0 -1
687 87 62 88 65 1550 2413 1555 2418
385 0 -1
688 80 30 82 30 1551 2414 1553 2416
386 0 -1
689 77 37 79 37 1552 2415 1554 2417
387 0 -1
690 27 83 29 83 1553 2416 1555 2418
388 0 -1
691 90 53 91 54 1554 2417 1556 2419
389 0 -1
692 23 11 25 11 1555 2418 1557 2420
390 0 -1
694 40 89 43 89 1557 2420 1560 2423
391 0 -1
696 74 54 74 55 1559 2422 1561 2424
392 0 -1
698 87 57 91 57 1561 2424 1566 2429
393 0 -1
700 9 43 10 43 1563 2426 1564 2427
394 0 -1
701 64 38 65 38 1564 2427 1565 2428
395 0 -1
702 46 69 48 74 1565 2428 1572 2435
396 0 -1
703 32 91 34 91 1566 2429 1568 2431
397 0 -1
704 38 97 38 97 1567 2430 1569 2432
398 0 -1
705 85 95 88 96 1568 2431 1572 2435
399 0 -1
706 40 15 42 15 1569 2432 1571 2434
400 0 -1
707 53 23 54 25 1570 2433 1574 2437
401 0 -1
708 67 96 69 99 1571 2434 1578 2441
402 0 -1
710 34 70 37 70 1573 2436 1576 2439
403 0 -1
712 41 4 41 4 1575 2438 1576 2439
404 0 -1
714 52 1 52 1 1577 2440 1578 2441
405 0 -1
716 86 29 87 29 1579 2442 1580 2443
406 0 -1
718 42 61 43 62 1581 2444 1589 2452
407 0 -1
719 13 99 14 99 1582 2445 1583 2446
408 0 -1
720 4 18 5 19 1583 2446 1585 2448
409 0 -1
722 93 85 94 86 1585 2448 1587 2450
410 0 -1
724 80 63 80 65 1587 2450 1589 2452
411 0 -1
725 70 18 77 19 1588 2451 1599 2462
412 0 -1
726 74 50 78 50 1589 2452 1593 2456
413 0 -1
727 50 1 52 2 1590 2453 1593 2456
414 0 -1
728 28 37 33 37 1591 2454 1596 2459
415 0 -1
729 35 77 36 77 1592 2455 1593 2456
416 0 -1
731 8 54 9 54 1594 2457 1595 2458
417 0 -1
733 11 6 13 6 1596 2459 1598 2461
418 0 -1
734 19 22 20 22 1597 2460 1599 2462
419 0 -1
735 21 22 21 22 1598 2461 1601 2464
420 0 -1
736 47 1 47 2 1599 2462 1601 2464
421 0 -1
737 48 40 49 40 1600 2463 1603 2466
422 0 -1
742 58 21 62 22 1605 2468 1610 2473
423 0 -1
744 60 27 61 27 1607 2470 1609 2472
424 0 -1
745 83 96 85 99 1608 2471 1613 2476
425 0 -1
748 89 37 90 38 1611 2474 1613 2476
426 0 -1
750 12 32 13 32 1613 2476 1614 2477
427 0 -1
751 37 97 38 97 1614 2477 1615 2478
428 0 -1
752 18 15 20 15 1615 2478 1618 2481
429 0 -1
753 21 29 22 29 1616 2479 1617 2480
430 0 -1
754 4 8 8 10 1617 2480 1623 2486
431 0 -1
755 20 78 21 78 1618 2481 1620 2483
432 0 -1
757 97 90 98 90 1620 2483 1622 2485
433 0 -1
758 21 47 29 47 1621 2484 1629 2492
434 0 -1
759 28 13 30 13 1622 2485 1624 2487
435 0 -1
760 41 23 42 23 1623 2486 1624 2487
436 0 -1
766 7 54 8 55 1629 2492 1631 2494
437 0 -1
767 69 17 71 17 1630 2493 1632 2495
438 0 -1
768 44 61 45 63 1631 2494 1634 2497
439 0 -1
771 49 0 49 0 1634 2497 1635 2498
440 0 -1
772 10 9 10 9 1635 2498 1637 2500
441 0 -1
773 8 83 10 84 1636 2499 1639 2502
442 0 -1
775 25 37 30 37 1638 2501 1643 2506
443 0 -1
777 72 69 72 71 1640 2503 1642 2505
444 0 -1
778 77 29 78 30 1641 2504 1643 2506
445 0 -1
779 0 72 3 72 1642 2505 1645 2508
446 0 -1
781 24 25 25 25 1644 2507 1645 2508
447 0 -1
782 12 58 15 58 1645 2508 1649 2512
448 0 -1
784 46 32 47 33 1647 2510 1649 2512
449 0 -1
787 19 94 21 94 1650 2513 1652 2515
450 0 -1
788 91 26 91 26 1651 2514 1652 2515
451 0 -1
789 67 90 69 90 1652 2515 1656 2519
452 0 -1
790 28 55 29 55 1653 2516 1655 2518
453 0 -1
791 28 67 33 67 1654 2517 1659 2522
454 0 -1
793 40 89 42 89 1656 2519 1659 2522
455 0 -1
794 86 16 87 18 1657 2520 1661 2524
456 0 -1
795 60 20 62 20 1658 2521 1660 2523
457 0 -1
796 68 61 69 64 1659 2522 1663 2526
458 0 -1
797 19 86 19 87 1660 2523 1661 2524
459 0 -1
798 62 89 65 89 1661 2524 1664 2527
460 0 -1
799 41 45 42 46 1662 2525 1664 2527
461 0 -1
800 97 77 94 78 1663 2526 1668 2531
462 0 -1
802 34 78 37 79 1665 2528 1669 2532
463 0 -1
803 53 36 54 37 1666 2529 1668 2531
464 0 -1
805 97 35 99 36 1668 2531 1673 2536
465 0 -1
806 36 8 40 13 1669 2532 1678 2541
466 0 -1
807 29 32 31 32 1670 2533 1672 2535
467 0 -1
810 22 78 23 78 1673 2536 1674 2537
468 0 -1
813 3 33 3 34 1676 2539 1677 2540
469 0 -1
818 74 93 76 93 1681 2544 1683 2546
470 0 -1
820 26 88 29 88 1683 2546 1686 2549
471 0 -1
824 15 36 17 36 1687 2550 1689 2552
472 0 -1
825 75 78 77 79 1688 2551 1691 2554
473 0 -1
827 41 83 41 84 1690 2553 1691 2554
474 0 -1
828 68 69 74 69 1691 2554 1701 2564
475 0 -1
830 13 44 16 44 1693 2556 1696 2559
476 0 -1
831 17 22 18 22 1694 2557 1695 2558
477 0 -1
833 67 63 68 63 1696 2559 1698 2561
478 0 -1
834 94 51 95 51 1697 2560 1699 2562
479 0 -1
835 11 31 21 31 1698 2561 1708 2571
480 0 -1
839 55 15 57 15 1702 2565 1704 2567
481 0 -1
841 69 51 70 51 1704 2567 1708 2571
482 0 -1
842 93 54 95 54 1705 2568 1707 2570
483 0 -1
844 10 13 10 18 1707 2570 1712 2575
484 0 -1
845 82 39 82 40 1708 2571 1710 2573
485 0 -1
846 25 15 26 15 1709 2572 1715 2578
486 0 -1
847 39 85 39 86 1710 2573 1711 2574
487 0 -1
850 26 33 28 34 1713 2576 1716 2579
488 0 -1
851 77 51 79 52 1714 2577 1718 2581
489 0 -1
854 86 88 86 89 1717 2580 1718 2581
490 0 -1
856 85 97 85 98 1719 2582 1722 2585
491 0 -1
859 27 88 32 88 1722 2585 1727 2590
492 0 -1
860 86 72 87 72 1723 2586 1724 2587
493 0 -1
861 35 97 35 99 1724 2587 1726 2589
494 0 -1
864 76 16 78 16 1727 2590 1730 2593
495 0 -1
867 65 80 66 80 1730 2593 1731 2594
496 0 -1
868 16 72 16 73 1731 2594 1733 2596
497 0 -1
871 3 38 15 38 1734 2597 1750 2613
498 0 -1
873 27 97 27 97 1736 2599 1738 2601
499 0 -1
874 45 31 50 31 1737 2600 1742 2605
500 0 -1
875 33 28 34 30 1738 2601 1741 2604
501 0 -1
877 59 27 59 30 1740 2603 1743 2606
502 0 -1
878 17 34 17 36 1741 2604 1743 2606
503 0 -1
879 15 68 16 69 1742 2605 1744 2607
504 0 -1
880 48 17 49 20 1743 2606 1747 2610
505 0 -1
881 29 46 30 48 1744 2607 1750 2613
506 0 -1
882 51 47 53 47 1745 2608 1747 2610
507 0 -1
885 51 38 51 38 1748 2611 1749 2612
508 0 -1
887 86 91 86 94 1750 2613 1753 2616
509 0 -1
889 6 82 9 82 1752 2615 1755 2618
510 0 -1
891 42 29 44 29 1754 2617 1756 2619
511 0 -1
893 39 58 41 58 1756 2619 1758 2621
512 0 -1
894 97 91 98 92 1757 2620 1760 2623
513 0 -1
895 87 66 89 67 1758 2621 1761 2624
514 0 -1
896 25 96 27 96 1759 2622 1761 2624
515 0 -1
897 25 94 25 95 1760 2623 1761 2624
516 0 -1
898 45 91 47 91 1761 2624 1763 2626
517 0 -1
899 79 99 81 99 1762 2625 1764 2627
518 0 -1
900 52 11 52 13 1763 2626 1769 2632
519 0 -1
901 60 3 60 5 1764 2627 1766 2629
520 0 -1
902 23 81 24 81 1765 2628 1766 2629
521 0 -1
905 41 12 42 12 1768 2631 1769 2632
522 0 -1
910 94 71 95 71 1773 2636 1774 2637
523 0 -1
912 43 11 44 12 1775 2638 1785 2648
524 0 -1
914 11 55 13 60 1777 2640 1784 2647
525 0 -1
917 72 6 72 10 1780 2643 1784 2647
526 0 -1
919 20 21 21 22 1782 2645 1784 2647
527 0 -1
920 18 84 21 84 1783 2646 1786 2649
528 0 -1
921 91 32 92 32 1784 2647 1785 2648
529 0 -1
923 42 56 43 56 1786 2649 1787 2650
530 0 -1
925 55 41 57 42 1788 2651 1791 2654
531 0 -1
926 30 59 33 63 1789 2652 1798 2661
532 0 -1
927 88 85 88 86 1790 2653 1793 2656
533 0 -1
928 58 1 59 1 1791 2654 1792 2655
534 0 -1
929 68 84 68 85 1792 2655 1793 2656
535 0 -1
931 55 20 56 21 1794 2657 1796 2659
536 0 -1
933 91 38 95 41 1796 2659 1803 2666
537 0 -1
935 88 89 88 89 1798 2661 1800 2663
538 0 -1
936 91 91 92 91 1799 2662 1800 2663
539 0 -1
937 78 25 81 26 1800 2663 1804 2667
540 0 -1
938 75 3 75 4 1801 2664 1805 2668
541 0 -1
940 84 94 84 94 1803 2666 1805 2668
542 0 -1
942 19 86 19 87 1805 2668 1806 2669
543 0 -1
943 47 23 50 23 1806 2669 1813 2676
544 0 -1
944 50 33 51 33 1807 2670 1808 2671
545 0 -1
945 4 80 7 80 1808 2671 1811 2674
546 0 -1
947 71 18 79 20 1810 2673 1823 2686
547 0 -1
948 25 74 28 74 1811 2674 1814 2677
548 0 -1
950 71 86 72 87 1813 2676 1815 2678
549 0 -1
951 50 12 50 13 1814 2677 1816 2679
550 0 -1
954 69 11 69 13 1817 2680 1819 2682
551 0 -1
955 62 79 63 79 1818 2681 1819 2682
552 0 -1
957 33 46 34 48 1820 2683 1823 2686
553 0 -1
958 49 39 50 39 1821 2684 1822 2685
554 0 -1
963 52 42 55 42 1826 2689 1829 2692
555 0 -1
964 80 79 81 79 1827 2690 1829 2692
556 0 -1
966 8 19 9 19 1829 2692 1831 2694
557 0 -1
969 87 57 87 58 1832 2695 1834 2697
558 0 -1
972 69 29 74 30 1835 2698 1841 2704
559 0 -1
973 55 70 56 72 1836 2699 1840 2703
560 0 -1
974 95 80 88 83 1837 2700 1847 2710
561 0 -1
976 2 31 3 35 1839 2702 1844 2707
562 0 -1
979 48 46 51 47 1842 2705 1846 2709
563 0 -1
981 61 96 61 97 1844 2707 1845 2708
564 0 -1
983 22 96 24 96 1846 2709 1849 2712
565 0 -1
984 62 21 65 24 1847 2710 1853 2716
566 0 -1
987 84 82 86 83 1850 2713 1854 2717
567 0 -1
989 68 0 71 0 1852 2715 1855 2718
568 0 -1
990 28 68 30 70 1853 2716 1857 2720
569 0 -1
992 26 92 29 92 1855 2718 1859 2722
570 0 -1
993 39 25 41 25 1856 2719 1858 2721
571 0 -1
994 48 42 48 43 1857 2720 1861 2724
572 0 -1
996 89 37 90 37 1859 2722 1861 2724
573 0 -1
997 84 18 84 19 1860 2723 1862 2725
574 0 -1
998 5 58 6 58 1861 2724 1862 2725
575 0 -1
999 73 5 74 6 1862 2725 1864 2727
576 0 -1
1001 98 0 74 14 1864 2727 1913 2776
577 0 -1
1004 50 62 52 62 1867 2730 1869 2732
578 0 -1
1008 16 77 16 77 1871 2734 1872 2735
579 0 -1
1010 72 3 74 3 1873 2736 1875 2738
580 0 -1
1012 73 99 73 99 1875 2738 1876 2739
581 0 -1
1015 46 55 46 56 1878 2741 1879 2742
582 0 -1
1016 49 59 49 60 1879 2742 1880 2743
583 0 -1
1017 24 4 25 4 1880 2743 1883 2746
584 0 -1
1018 31 26 45 26 1881 2744 1895 2758
585 0 -1
1019 89 61 95 65 1882 2745 1892 2755
586 0 -1
1020 61 94 62 94 1883 2746 1886 2749
587 0 -1
1021 85 91 85 92 1884 2747 1885 2748
588 0 -1
1022 2 30 16 30 1885 2748 1899 2762
589 0 -1
1025 86 53 88 56 1888 2751 1893 2756
590 0 -1
1027 4 28 5 28 1890 2753 1891 2754
591 0 -1
1028 10 63 11 63 1891 2754 1892 2755
592 0 -1
1031 41 57 41 64 1894 2757 1903 2766
593 0 -1
1032 56 77 62 78 1895 2758 1902 2765
594 0 -1
1033 66 7 66 10 1896 2759 1900 2763
595 0 -1
1035 96 99 98 99 1898 2761 1900 2763
596 0 -1
1036 27 93 28 94 1899 2762 1901 2764
597 0 -1
1037 65 32 66 32 1900 2763 1901 2764
598 0 -1
1039 37 10 37 10 1902 2765 1903 2766
599 0 -1
1040 36 88 37 88 1903 2766 1904 2767
600 0 -1
1042 12 34 22 34 1905 2768 1916 2779
601 0 -1
1044 7 73 8 73 1907 2770 1908 2771
602 0 -1
1045 9 34 10 34 1908 2771 1911 2774
603 0 -1
1051 70 15 70 15 1914 2777 1915 2778
604 0 -1
1053 5 12 5 13 1916 2779 1917 2780
605 0 -1
1056 73 15 75 15 1919 2782 1921 2784
606 0 -1
1057 87 33 88 33 1920 2783 1922 2785
607 0 -1
1059 99 60 96 61 1922 2785 1926 2789
608 0 -1
1060 54 25 59 25 1923 2786 1928 2791
609 0 -1
1063 83 12 85 12 1926 2789 1929 2792
610 0 -1
1065 97 89 94 89 1928 2791 1931 2794
611 0 -1
1066 51 7 53 7 1929 2792 1931 2794
612 0 -1
1067 78 64 78 65 1930 2793 1931 2794
613 0 -1
1070 66 69 75 71 1933 2796 1945 2808
614 0 -1
1071 65 90 65 95 1934 2797 1939 2802
615 0 -1
1073 52 50 56 55 1936 2799 1951 2814
616 0 -1
1074 11 77 11 77 1937 2800 1938 2801
617 0 -1
1075 41 22 43 23 1938 2801 1941 2804
618 0 -1
1078 34 62 36 63 1941 2804 1945 2808
619 0 -1
1082 61 92 62 92 1945 2808 1946 2809
620 0 -1
1083 90 65 92 65 1946 2809 1948 2811
621 0 -1
1084 97 15 98 15 1947 2810 1953 2816
622 0 -1
1085 43 13 44 15 1948 2811 1951 2814
623 0 -1
1086 77 46 80 46 1949 2812 1953 2816
624 0 -1
1090 90 45 91 45 1953 2816 1954 2817
625 0 -1
1091 74 13 75 13 1954 2817 1955 2818
626 0 -1
1092 85 81 86 81 1955 2818 1956 2819
627 0 -1
1095 30 58 32 58 1958 2821 1961 2824
628 0 -1
1097 43 23 44 25 1960 2823 1963 2826
629 0 -1
1098 23 33 26 33 1961 2824 1965 2828
630 0 -1
1099 87 42 89 44 1962 2825 1967 2830
631 0 -1
1100 26 39 27 42 1963 2826 1968 2831
632 0 -1
1102 37 37 38 39 1965 2828 1968 2831
633 0 -1
1103 92 21 99 21 1966 2829 1973 2836
634 0 -1
1104 7 2 8 2 1967 2830 1968 2831
635 0 -1
1105 20 72 21 72 1968 2831 1969 2832
636 0 -1
1107 90 98 94 99 1970 2833 1980 2843
637 0 -1
1109 63 35 65 35 1972 2835 1975 2838
638 0 -1
1111 71 88 71 88 1974 2837 1976 2839
639 0 -1
1113 66 31 67 31 1976 2839 1977 2840
640 0 -1
1114 9 63 9 63 1977 2840 1978 2841
641 0 -1
1115 89 69 90 71 1978 2841 1981 2844
642 0 -1
1116 67 25 78 25 1979 2842 1990 2853
643 0 -1
1118 85 51 85 51 1981 2844 1983 2846
644 0 -1
1120 74 5 75 5 1983 2846 1985 2848
645 0 -1
1121 37 59 38 59 1984 2847 1985 2848
646 0 -1
1122 39 43 41 43 1985 2848 1988 2851
647 0 -1
1124 14 98 14 98 1987 2850 1994 2857
648 0 -1
1125 56 35 57 36 1988 2851 1990 2853
649 0 -1
1126 39 61 50 62 1989 2852 2001 2864
650 0 -1
1129 6 63 7 63 1992 2855 1993 2856
651 0 -1
1130 96 57 96 58 1993 2856 1994 2857
652 0 -1
1132 61 78 62 78 1995 2858 1997 2860
653 0 -1
1133 65 8 65 10 1996 2859 1999 2862
654 0 -1
1137 56 3 60 3 2000 2863 2004 2867
655 0 -1
1138 54 85 55 85 2001 2864 2002 2865
656 0 -1
1139 10 51 10 51 2002 2865 2003 2866
657 0 -1
1141 93 4 94 5 2004 2867 2006 2869
658 0 -1
1142 59 84 61 84 2005 2868 2008 2871
659 0 -1
1144 31 22 33 23 2007 2870 2010 2873
660 0 -1
1147 59 70 59 70 2010 2873 2011 2874
661 0 -1
1150 72 46 72 47 2013 2876 2014 2877
662 0 -1
1151 86 41 88 41 2014 2877 2016 2879
663 0 -1
1154 64 7 65 7 2017 2880 2018 2881
664 0 -1
1156 97 43 98 43 2019 2882 2021 2884
665 0 -1
1157 46 7 47 10 2020 2883 2025 2888
666 0 -1
1158 94 0 98 0 2021 2884 2025 2888
667 0 -1
1159 8 68 8 68 2022 2885 2024 2887
668 0 -1
1164 33 62 35 62 2027 2890 2030 2893
669 0 -1
1166 23 73 23 75 2029 2892 2032 2895
670 0 -1
1169 96 28 99 28 2032 2895 2035 2898
671 0 -1
1170 19 60 22 60 2033 2896 2036 2899
672 0 -1
1171 64 47 71 49 2034 2897 2043 2906
673 0 -1
1172 75 30 75 30 2035 2898 2036 2899
674 0 -1
1174 51 79 52 79 2037 2900 2044 2907
675 0 -1
1175 83 4 83 7 2038 2901 2041 2904
676 0 -1
1176 48 22 50 22 2039 2902 2041 2904
677 0 -1
1177 93 93 93 94 2040 2903 2042 2905
678 0 -1
1179 53 87 54 87 2042 2905 2043 2906
679 0 -1
1186 74 17 75 18 2049 2912 2051 2914
680 0 -1
1187 58 63 59 64 2050 2913 2052 2915
681 0 -1
1188 41 98 41 99 2051 2914 2052 2915
682 0 -1
1190 31 21 32 21 2053 2916 2054 2917
683 0 -1
1191 45 54 46 54 2054 2917 2056 2919
684 0 -1
1194 67 46 69 46 2057 2920 2059 2922
685 0 -1
1195 53 60 56 60 2058 2921 2061 2924
686 0 -1
1197 64 36 65 38 2060 2923 2063 2926
687 0 -1
1198 86 42 89 42 2061 2924 2065 2928
688 0 -1
1201 92 37 95 39 2064 2927 2069 2932
689 0 -1
1202 65 70 65 71 2065 2928 2066 2929
690 0 -1
1203 33 25 34 25 2066 2929 2067 2930
691 0 -1
1205 69 7 72 7 2068 2931 2071 2934
692 0 -1
1207 88 66 88 67 2070 2933 2074 2937
693 0 -1
1208 24 58 25 59 2071 2934 2073 2936
694 0 -1
1209 47 11 47 11 2072 2935 2073 2936
695 0 -1
1211 49 5 50 6 2074 2937 2078 2941
696 0 -1
1214 30 42 33 44 2077 2940 2083 2946
697 0 -1
1217 62 91 63 91 2080 2943 2082 2945
698 0 -1
1218 42 47 42 47 2081 2944 2082 2945
699 0 -1
1219 44 6 51 6 2082 2945 2089 2952
700 0 -1
1220 20 85 21 85 2083 2946 2084 2947
701 0 -1
1222 92 23 92 26 2085 2948 2088 2951
702 0 -1
1223 42 29 42 30 2086 2949 2090 2953
703 0 -1
1226 27 56 27 56 2089 2952 2092 2955
704 0 -1
1227 0 45 0 45 2090 2953 2091 2954
705 0 -1
1229 79 56 79 56 2092 2955 2093 2956
706 0 -1
1230 95 67 90 67 2093 2956 2098 2961
707 0 -1
1231 58 81 59 81 2094 2957 2095 2958
708 0 -1
1233 64 49 65 49 2096 2959 2098 2961
709 0 -1
1235 30 14 31 14 2098 2961 2099 2962
710 0 -1
1236 29 89 29 91 2099 2962 2104 2967
711 0 -1
1237 18 97 23 97 2100 2963 2105 2968
712 0 -1
1238 74 40 77 41 2101 2964 2106 2969
713 0 -1
1240 83 54 84 56 2103 2966 2107 2970
714 0 -1
1241 66 63 66 64 2104 2967 2105 2968
715 0 -1
1242 31 38 33 39 2105 2968 2118 2981
716 0 -1
1243 31 38 31 38 2106 2969 2108 2971
717 0 -1
1244 78 5 84 5 2107 2970 2114 2977
718 0 -1
1246 77 62 81 65 2109 2972 2118 2981
719 0 -1
1250 65 47 65 47 2113 2976 2114 2977
720 0 -1
1254 97 93 99 96 2117 2980 2124 2987
721 0 -1
1255 98 29 96 30 2118 2981 2122 2985
722 0 -1
1258 50 14 64 14 2121 2984 2137 3000
723 0 -1
1259 43 3 43 12 2122 2985 2140 3003
724 0 -1
1260 69 20 74 20 2123 2986 2129 2992
725 0 -1
1261 79 92 82 96 2124 2987 2131 2994
726 0 -1
1263 17 82 24 82 2126 2989 2133 2996
727 0 -1
1264 95 62 97 64 2127 2990 2131 2994
728 0 -1
1265 78 24 78 25 2128 2991 2130 2993
729 0 -1
1266 76 44 77 44 2129 2992 2130 2993
730 0 -1
1268 73 4 76 4 2131 2994 2134 2997
731 0 -1
1276 74 3 75 3 2139 3002 2140 3003
732 0 -1
1277 92 86 92 91 2140 3003 2145 3008
733 0 -1
1281 70 7 71 7 2144 3007 2146 3009
734 0 -1
1284 41 73 41 75 2147 3010 2149 3012
735 0 -1
1287 96 37 92 37 2150 3013 2154 3017
736 0 -1
1290 42 45 42 46 2153 3016 2160 3023
737 0 -1
1291 70 55 73 55 2154 3017 2157 3020
738 0 -1
1292 15 2 37 3 2155 3018 2181 3044
739 0 -1
1297 77 7 77 10 2160 3023 2163 3026
740 0 -1
1298 39 12 39 13 2161 3024 2162 3025
741 0 -1
1299 42 55 44 56 2162 3025 2165 3028
742 0 -1
1300 44 25 46 25 2163 3026 2165 3028
743 0 -1
1307 49 8 50 8 2170 3033 2171 3034
744 0 -1
1309 8 79 8 79 2172 3035 2174 3037
745 0 -1
1312 25 70 27 70 2175 3038 2177 3040
746 0 -1
1313 27 96 28 96 2176 3039 2177 3040
747 0 -1
1314 69 88 73 88 2177 3040 2181 3044
748 0 -1
1315 9 53 10 56 2178 3041 2183 3046
749 0 -1
1316 78 72 78 73 2179 3042 2181 3044
750 0 -1
1317 41 28 41 30 2180 3043 2182 3045
751 0 -1
1318 65 89 65 89 2181 3044 2184 3047
752 0 -1
1319 67 48 67 50 2182 3045 2184 3047
753 0 -1
1320 50 79 51 79 2183 3046 2184 3047
754 0 -1
1321 12 48 13 48 2184 3047 2186 3049
755 0 -1
1323 66 57 67 57 2186 3049 2188 3051
756 0 -1
1324 57 80 61 80 2187 3050 2192 3055
757 0 -1
1325 47 14 50 14 2188 3051 2194 3057
758 0 -1
1326 63 90 64 90 2189 3052 2190 3053
759 0 -1
1327 71 34 74 39 2190 3053 2200 3063
760 0 -1
1329 39 31 40 31 2192 3055 2194 3057
761 0 -1
1332 84 1 85 2 2195 3058 2197 3060
762 0 -1
1333 55 67 55 67 2196 3059 2197 3060
763 0 -1
1335 96 7 96 19 2198 3061 2214 3077
764 0 -1
1336 15 60 16 60 2199 3062 2200 3063
765 0 -1
1338 88 94 88 95 2201 3064 2204 3067
766 0 -1
1340 54 31 55 32 2203 3066 2210 3073
767 0 -1
1342 25 42 26 44 2205 3068 2208 3071
768 0 -1
1344 34 52 35 53 2207 3070 2209 3072
769 0 -1
1345 42 72 43 72 2208 3071 2209 3072
770 0 -1
1347 49 91 52 91 2210 3073 2213 3076
771 0 -1
1348 30 45 32 47 2211 3074 2216 3079
772 0 -1
1349 51 40 56 41 2212 3075 2218 3081
773 0 -1
1354 15 10 15 12 2217 3080 2220 3083
774 0 -1
1355 17 81 17 86 2218 3081 2223 3086
775 0 -1
1359 16 73 17 75 2222 3085 2227 3090
776 0 -1
1362 63 40 65 40 2225 3088 2227 3090
777 0 -1
1365 95 64 95 64 2228 3091 2229 3092
778 0 -1
1368 84 58 86 58 2231 3094 2233 3096
779 0 -1
1369 79 12 95 23 2232 3095 2267 3130
780 0 -1
1370 34 22 35 23 2233 3096 2235 3098
781 0 -1
1372 23 23 24 24 2235 3098 2240 3103
782 0 -1
1374 73 36 75 36 2237 3100 2239 3102
783 0 -1
1375 74 99 81 99 2238 3101 2245 3108
784 0 -1
1376 38 15 38 16 2239 3102 2240 3103
785 0 -1
1377 85 40 88 40 2240 3103 2243 3106
786 0 -1
1378 62 64 62 65 2241 3104 2242 3105
787 0 -1
1379 63 56 64 57 2242 3105 2246 3109
788 0 -1
1381 24 42 27 42 2244 3107 2247 3110
789 0 -1
1382 43 95 45 95 2245 3108 2248 3111
790 0 -1
1383 35 18 36 18 2246 3109 2248 3111
791 0 -1
1385 89 42 92 45 2248 3111 2254 3117
792 0 -1
1386 49 69 50 69 2249 3112 2252 3115
793 0 -1
1387 78 58 87 60 2250 3113 2261 3124
794 0 -1
1388 54 28 54 28 2251 3114 2254 3117
795 0 -1
1389 59 34 59 36 2252 3115 2254 3117
796 0 -1
1390 17 97 17 99 2253 3116 2255 3118
797 0 -1
1391 45 27 45 28 2254 3117 2256 3119
798 0 -1
1393 15 73 15 73 2256 3119 2258 3121
799 0 -1
1395 12 97 12 89 2258 3121 2266 3129
800 0 -1
1396 30 51 30 52 2259 3122 2260 3123
801 0 -1
1400 41 68 44 68 2263 3126 2266 3129
802 0 -1
1401 72 50 75 50 2264 3127 2267 3130
803 0 -1
1402 86 25 90 27 2265 3128 2272 3135
804 0 -1
1403 64 46 64 46 2266 3129 2268 3131
805 0 -1
1406 6 83 6 83 2269 3132 2270 3133
806 0 -1
1411 6 58 8 58 2274 3137 2276 3139
807 0 -1
1412 66 98 68 99 2275 3138 2281 3144
808 0 -1
1413 21 74 22 74 2276 3139 2277 3140
809 0 -1
1414 37 98 38 98 2277 3140 2279 3142
810 0 -1
1415 75 97 76 97 2278 3141 2280 3143
811 0 -1
1417 98 91 98 91 2280 3143 2281 3144
812 0 -1
1418 16 14 20 14 2281 3144 2286 3149
813 0 -1
1419 46 3 53 3 2282 3145 2289 3152
814 0 -1
1420 77 15 85 15 2283 3146 2291 3154
815 0 -1
1423 95 25 95 26 2286 3149 2287 3150
816 0 -1
1426 67 69 67 70 2289 3152 2291 3154
817 0 -1
1428 50 15 52 15 2291 3154 2294 3157
818 0 -1
1429 81 95 81 96 2292 3155 2294 3157
819 0 -1
1430 13 51 13 51 2293 3156 2294 3157
820 0 -1
1431 59 41 62 41 2294 3157 2297 3160
821 0 -1
1432 35 53 35 53 2295 3158 2296 3159
822 0 -1
1434 95 47 95 47 2297 3160 2298 3161
823 0 -1
1435 64 95 71 95 2298 3161 2305 3168
824 0 -1
1436 91 53 91 53 2299 3162 2301 3164
825 0 -1
1438 19 94 23 94 2301 3164 2305 3168
826 0 -1
1439 70 86 71 86 2302 3165 2303 3166
827 0 -1
1440 51 8 51 8 2303 3166 2306 3169
828 0 -1
1441 44 75 48 77 2304 3167 2311 3174
829 0 -1
1442 83 43 83 43 2305 3168 2307 3170
830 0 -1
1443 41 65 46 65 2306 3169 2311 3174
831 0 -1
1444 84 65 85 65 2307 3170 2309 3172
832 0 -1
1446 14 27 20 27 2309 3172 2315 3178
833 0 -1
1447 71 15 72 16 2310 3173 2312 3175
834 0 -1
1448 68 36 69 37 2311 3174 2313 3176
835 0 -1
1452 93 29 93 30 2315 3178 2316 3179
836 0 -1
1454 56 42 57 45 2317 3180 2321 3184
837 0 -1
1455 85 80 85 81 2318 3181 2320 3183
838 0 -1
1456 38 45 38 46 2319 3182 2320 3183
839 0 -1
1457 91 31 91 34 2320 3183 2326 3189
840 0 -1
1458 90 54 80 54 2321 3184 2331 3194
841 0 -1
1461 14 93 14 93 2324 3187 2327 3190
842 0 -1
1462 63 47 67 47 2325 3188 2329 3192
843 0 -1
1463 61 38 61 38 2326 3189 2328 3191
844 0 -1
1465 62 7 63 7 2328 3191 2330 3193
845 0 -1
1466 29 7 30 7 2329 3192 2331 3194
846 0 -1
1468 54 56 55 56 2331 3194 2332 3195
847 0 -1
1469 62 93 67 93 2332 3195 2337 3200
848 0 -1
1470 36 75 37 75 2333 3196 2334 3197
849 0 -1
1472 28 46 29 50 2335 3198 2340 3203
850 0 -1
1473 86 91 86 94 2336 3199 2341 3204
851 0 -1
1474 53 40 60 40 2337 3200 2348 3211
852 0 -1
1475 80 54 81 55 2338 3201 2340 3203
853 0 -1
1478 76 2 82 2 2341 3204 2347 3210
854 0 -1
1479 2 37 4 37 2342 3205 2344 3207
855 0 -1
1481 30 20 30 22 2344 3207 2346 3209
856 0 -1
1483 86 96 86 96 2346 3209 2357 3220
857 0 -1
1486 65 96 70 96 2349 3212 2354 3217
858 0 -1
1487 9 83 13 83 2350 3213 2354 3217
859 0 -1
1493 16 61 16 61 2356 3219 2358 3221
860 0 -1
1495 13 92 14 92 2358 3221 2359 3222
861 0 -1
1496 1 44 5 44 2359 3222 2363 3226
862 0 -1
1497 88 79 89 81 2360 3223 2364 3227
863 0 -1
1499 52 95 52 96 2362 3225 2364 3227
864 0 -1
1500 6 77 8 77 2363 3226 2365 3228
865 0 -1
1501 16 96 20 97 2364 3227 2372 3235
866 0 -1
1502 22 66 26 66 2365 3228 2369 3232
867 0 -1
1504 36 10 40 13 2367 3230 2380 3243
868 0 -1
1505 35 80 45 80 2368 3231 2378 3241
869 0 -1
1506 85 35 85 35 2369 3232 2371 3234
870 0 -1
1507 88 48 91 48 2370 3233 2373 3236
871 0 -1
1508 62 3 66 5 2371 3234 2377 3240
872 0 -1
1509 19 47 19 48 2372 3235 2373 3236
873 0 -1
1511 63 47 64 48 2374 3237 2376 3239
874 0 -1
1513 83 94 87 94 2376 3239 2381 3244
875 0 -1
1515 13 41 13 42 2378 3241 2379 3242
876 0 -1
1516 34 36 36 36 2379 3242 2382 3245
877 0 -1
1517 22 28 23 30 2380 3243 2383 3246
878 0 -1
1518 18 46 21 46 2381 3244 2384 3247
879 0 -1
1519 37 54 37 54 2382 3245 2383 3246
880 0 -1
1521 16 8 20 8 2384 3247 2388 3251
881 0 -1
1522 89 68 90 69 2385 3248 2387 3250
882 0 -1
1523 28 77 29 78 2386 3249 2388 3251
883 0 -1
1527 98 53 98 57 2390 3253 2394 3257
884 0 -1
1528 42 14 42 14 2391 3254 2392 3255
885 0 -1
1533 48 21 48 21 2396 3259 2397 3260
886 0 -1
1534 57 89 58 93 2397 3260 2406 3269
887 0 -1
1535 34 18 37 18 2398 3261 2401 3264
888 0 -1
1536 3 62 5 62 2399 3262 2401 3264
889 0 -1
1538 19 68 20 71 2401 3264 2405 3268
890 0 -1
1540 6 80 6 81 2403 3266 2404 3267
891 0 -1
1543 70 73 71 74 2406 3269 2409 3272
892 0 -1
1544 39 63 41 63 2407 3270 2409 3272
893 0 -1
1545 34 70 36 70 2408 3271 2410 3273
894 0 -1
1547 61 47 63 50 2410 3273 2415 3278
895 0 -1
1550 70 26 70 27 2413 3276 2415 3278
896 0 -1
1551 75 3 76 4 2414 3277 2416 3279
897 0 -1
1552 71 97 71 98 2415 3278 2420 3283
898 0 -1
1554 13 78 14 81 2417 3280 2421 3284
899 0 -1
1555 79 70 80 70 2418 3281 2420 3283
900 0 -1
1556 75 74 77 74 2419 3282 2421 3284
901 0 -1
1559 55 25 57 27 2422 3285 2428 3291
902 0 -1
1560 77 44 83 44 2423 3286 2429 3292
903 0 -1
1562 97 17 98 17 2425 3288 2427 3290
904 0 -1
1563 30 46 36 49 2426 3289 2436 3299
905 0 -1
1564 51 19 51 20 2427 3290 2429 3292
906 0 -1
1566 49 13 50 14 2429 3292 2431 3294
907 0 -1
1567 67 24 71 24 2430 3293 2434 3297
908 0 -1
1573 86 97 87 92 2436 3299 2444 3307
909 0 -1
1575 70 19 71 19 2438 3301 2439 3302
910 0 -1
1576 94 53 96 53 2439 3302 2441 3304
911 0 -1
1577 5 44 6 45 2440 3303 2442 3305
912 0 -1
1579 60 25 61 27 2442 3305 2445 3308
913 0 -1
1580 13 47 14 47 2443 3306 2445 3308
914 0 -1
1582 17 93 18 93 2445 3308 2446 3309
915 0 -1
1584 21 45 22 45 2447 3310 2448 3311
916 0 -1
1587 59 11 62 18 2450 3313 2462 3325
917 0 -1
1588 76 90 76 93 2451 3314 2455 3318
918 0 -1
1589 56 82 57 83 2452 3315 2454 3317
919 0 -1
1590 61 73 64 73 2453 3316 2456 3319
920 0 -1
1591 78 80 81 82 2454 3317 2459 3322
921 0 -1
1593 80 44 81 47 2456 3319 2460 3323
922 0 -1
1594 34 17 34 17 2457 3320 2459 3322
923 0 -1
1596 55 85 55 86 2459 3322 2461 3324
924 0 -1
1598 93 77 93 77 2461 3324 2462 3325
925 0 -1
1599 17 6 19 7 2462 3325 2466 3329
926 0 -1
1600 79 21 79 21 2463 3326 2464 3327
927 0 -1
1603 41 78 41 79 2466 3329 2467 3330
928 0 -1
1606 9 27 9 28 2469 3332 2471 3334
929 0 -1
1608 62 47 62 48 2471 3334 2472 3335
930 0 -1
1609 67 98 67 99 2472 3335 2474 3337
931 0 -1
1610 59 78 60 78 2473 3336 2474 3337
932 0 -1
1611 52 4 54 4 2474 3337 2476 3339
933 0 -1
1613 62 73 64 73 2476 3339 2478 3341
934 0 -1
1615 81 10 81 10 2478 3341 2479 3342
935 0 -1
1618 45 30 46 31 2481 3344 2484 3347
936 0 -1
1620 83 57 83 58 2483 3346 2488 3351
937 0 -1
1621 15 6 19 8 2484 3347 2491 3354
938 0 -1
1623 58 16 63 16 2486 3349 2491 3354
939 0 -1
1624 3 50 4 50 2487 3350 2488 3351
940 0 -1
1625 84 31 85 33 2488 3351 2491 3354
941 0 -1
1626 23 55 24 55 2489 3352 2491 3354
942 0 -1
1627 89 33 97 38 2490 3353 2503 3366
943 0 -1
1629 57 88 58 88 2492 3355 2493 3356
944 0 -1
1631 1 10 1 12 2494 3357 2496 3359
945 0 -1
1633 7 8 12 10 2496 3359 2506 3369
946 0 -1
1634 96 57 97 57 2497 3360 2499 3362
947 0 -1
1637 15 96 16 96 2500 3363 2501 3364
948 0 -1
1638 96 62 99 62 2501 3364 2504 3367
949 0 -1
1640 54 61 58 67 2503 3366 2513 3376
950 0 -1
1641 11 64 11 66 2504 3367 2507 3370
951 0 -1
1642 78 90 81 91 2505 3368 2509 3372
952 0 -1
1645 76 44 76 44 2508 3371 2509 3372
953 0 -1
1648 88 39 88 40 2511 3374 2513 3376
954 0 -1
1649 8 85 9 86 2512 3375 2514 3377
955 0 -1
1650 19 82 20 82 2513 3376 2514 3377
956 0 -1
1656 28 75 30 75 2519 3382 2523 3386
957 0 -1
1657 39 87 41 88 2520 3383 2523 3386
958 0 -1
1659 72 3 73 5 2522 3385 2526 3389
959 0 -1
1660 24 32 26 34 2523 3386 2527 3390
960 0 -1
1661 54 47 56 49 2524 3387 2531 3394
961 0 -1
1662 24 16 24 17 2525 3388 2532 3395
962 0 -1
1663 7 40 10 40 2526 3389 2533 3396
963 0 -1
1664 84 99 85 99 2527 3390 2529 3392
964 0 -1
1665 43 45 43 45 2528 3391 2529 3392
965 0 -1
1668 65 6 65 9 2531 3394 2534 3397
966 0 -1
1671 66 65 72 65 2534 3397 2542 3405
967 0 -1
1672 99 4 98 4 2535 3398 2536 3399
968 0 -1
1673 7 29 12 29 2536 3399 2541 3404
969 0 -1
1675 71 62 72 62 2538 3401 2539 3402
970 0 -1
1676 66 69 69 69 2539 3402 2542 3405
971 0 -1
1678 75 54 75 57 2541 3404 2544 3407
972 0 -1
1679 93 31 99 31 2542 3405 2549 3412
973 0 -1
1680 68 65 68 67 2543 3406 2547 3410
974 0 -1
1683 74 81 75 82 2546 3409 2553 3416
975 0 -1
1685 55 62 55 64 2548 3411 2551 3414
976 0 -1
1686 21 45 28 45 2549 3412 2559 3422
977 0 -1
1687 91 9 94 10 2550 3413 2554 3417
978 0 -1
1688 80 99 81 96 2551 3414 2557 3420
979 0 -1
1690 15 61 18 62 2553 3416 2557 3420
980 0 -1
1691 88 70 89 71 2554 3417 2556 3419
981 0 -1
1692 0 47 0 47 2555 3418 2558 3421
982 0 -1
1694 20 22 20 22 2557 3420 2558 3421
983 0 -1
1695 1 24 5 24 2558 3421 2562 3425
984 0 -1
1696 74 75 75 76 2559 3422 2562 3425
985 0 -1
1697 44 49 44 51 2560 3423 2562 3425
986 0 -1
1698 5 57 6 57 2561 3424 2563 3426
987 0 -1
1700 3 67 4 67 2563 3426 2565 3428
988 0 -1
1702 81 10 95 10 2565 3428 2579 3442
989 0 -1
1703 27 4 28 4 2566 3429 2567 3430
990 0 -1
1704 94 16 96 16 2567 3430 2570 3433
991 0 -1
1709 68 69 71 69 2572 3435 2575 3438
992 0 -1
1712 79 46 81 46 2575 3438 2578 3441
993 0 -1
1714 74 35 75 35 2577 3440 2578 3441
994 0 -1
1717 34 18 37 18 2580 3443 2584 3447
995 0 -1
1718 42 86 42 87 2581 3444 2583 3446
996 0 -1
1720 70 16 73 16 2583 3446 2589 3452
997 0 -1
1722 11 50 12 50 2585 3448 2586 3449
998 0 -1
1723 95 52 95 54 2586 3449 2588 3451
999 0 -1
1725 83 56 84 57 2588 3451 2590 3453
1000 0 -1
1726 21 14 21 15 2589 3452 2592 3455
