100 100 1797
1
0 59 68
54
0 0 25 100 6
0
1 0 49 100 6
0
2 0 75 100 6
0
3 0 95 100 6
0
4 0 116 100 6
0
5 0 142 100 6
0
6 0 167 100 6
0
7 0 191 100 6
0
8 0 220 100 6
0
9 0 246 100 6
0
10 0 271 100 6
0
11 0 298 100 6
0
12 0 321 100 6
0
13 0 344 100 6
0
14 0 375 100 6
0
15 0 398 100 6
0
16 0 430 100 6
0
17 0 455 100 6
0
18 0 480 100 6
0
19 0 507 100 6
0
20 0 533 100 6
0
21 0 558 100 6
0
22 0 579 100 6
0
23 0 601 100 6
0
24 0 628 100 6
0
25 0 653 100 6
0
26 0 677 100 6
0
27 0 698 100 6
0
28 0 726 100 6
0
29 0 751 100 6
0
30 0 771 100 6
0
31 0 798 100 6
0
32 0 824 100 6
0
33 0 851 100 6
0
34 0 874 100 6
0
35 0 902 100 6
0
36 0 929 100 6
0
37 0 953 100 6
0
38 0 974 100 6
0
39 0 997 100 6
0
40 0 1025 100 6
0
41 0 1051 100 6
0
42 0 1072 100 6
0
43 0 1093 100 6
0
44 0 1124 100 6
0
45 0 1151 100 6
0
46 0 1176 100 6
0
47 0 1197 100 6
0
48 0 1218 100 6
0
49 0 1248 100 6
0
50 0 1276 100 6
0
51 0 1303 100 6
0
52 0 1330 100 6
0
53 0 1351 100 6
0
1000
1 0 -1
2 30 58 32 59 36 70 39 73
2 0 -1
5 93 48 93 50 39 73 44 78
3 0 -1
7 32 94 32 96 41 75 45 79
4 0 -1
8 77 4 86 4 42 76 51 85
5 0 -1
9 51 11 54 11 43 77 49 83
6 0 -1
10 33 82 35 83 44 78 48 82
7 0 -1
11 88 80 88 80 45 79 51 85
8 0 -1
12 89 83 90 83 46 80 48 82
9 0 -1
13 4 24 6 24 47 81 49 83
10 0 -1
14 20 30 21 32 48 82 51 85
11 0 -1
15 99 97 94 98 49 83 55 89
12 0 -1
17 67 39 69 39 51 85 55 89
13 0 -1
18 63 39 63 42 52 86 58 92
14 0 -1
19 72 77 72 78 53 87 54 88
15 0 -1
20 75 68 77 68 54 88 56 90
16 0 -1
21 48 29 48 31 55 89 57 91
17 0 -1
22 57 65 58 67 56 90 60 94
18 0 -1
24 62 74 62 74 58 92 60 94
19 0 -1
29 12 53 18 53 63 97 69 103
20 0 -1
30 98 30 99 31 64 98 66 100
21 0 -1
31 91 95 91 96 65 99 67 101
22 0 -1
33 57 62 59 65 67 101 73 107
23 0 -1
35 19 60 20 60 69 103 70 104
24 0 -1
36 98 28 99 28 70 104 72 106
25 0 -1
39 83 64 83 65 73 107 74 108
26 0 -1
40 62 35 63 35 74 108 75 109
27 0 -1
41 92 57 92 57 75 109 77 111
28 0 -1
42 54 52 54 53 76 110 77 111
29 0 -1
43 50 77 51 77 77 111 78 112
30 0 -1
45 23 77 23 77 79 113 81 115
31 0 -1
49 45 1 48 1 83 117 86 120
32 0 -1
52 49 6 51 7 86 120 93 127
33 0 -1
53 2 4 4 7 87 121 92 126
34 0 -1
54 47 43 47 44 88 122 89 123
35 0 -1
56 48 13 58 18 90 124 107 141
36 0 -1
57 87 9 88 9 91 125 93 127
37 0 -1
59 74 61 74 61 93 127 94 128
38 0 -1
61 98 81 99 82 95 129 97 131
39 0 -1
62 40 6 40 7 96 130 104 138
40 0 -1
64 89 48 73 48 98 132 117 151
41 0 -1
69 69 10 71 10 103 137 105 139
42 0 -1
71 16 34 21 36 105 139 113 147
43 0 -1
73 43 31 48 31 107 141 112 146
44 0 -1
76 15 23 18 23 110 144 113 147
45 0 -1
78 91 11 92 12 112 146 114 148
46 0 -1
80 9 69 9 72 114 148 117 151
47 0 -1
81 78 51 80 51 115 149 117 151
48 0 -1
82 77 37 79 40 116 150 122 156
49 0 -1
83 1 60 3 63 117 151 122 156
50 0 -1
84 45 94 45 94 118 152 119 153
51 0 -1
86 30 32 35 33 120 154 130 164
52 0 -1
87 38 38 38 38 121 155 122 156
53 0 -1
90 48 85 48 86 124 158 125 159
54 0 -1
91 11 52 11 54 125 159 129 163
55 0 -1
92 90 55 91 55 126 160 127 161
56 0 -1
93 50 72 53 72 127 161 130 164
57 0 -1
94 52 59 56 60 128 162 134 168
58 0 -1
96 52 31 54 31 130 164 132 166
59 0 -1
103 67 73 69 73 137 171 140 174
60 0 -1
105 29 88 31 88 139 173 141 175
61 0 -1
106 73 17 81 19 140 174 150 184
62 0 -1
107 9 95 10 97 141 175 144 178
63 0 -1
108 83 29 90 29 142 176 150 184
64 0 -1
110 45 77 47 80 144 178 152 186
65 0 -1
111 98 57 98 57 145 179 146 180
66 0 -1
114 9 64 13 65 148 182 154 188
67 0 -1
115 22 6 27 6 149 183 154 188
68 0 -1
116 50 14 60 16 150 184 162 196
69 0 -1
119 79 74 79 76 153 187 156 190
70 0 -1
120 78 1 79 1 154 188 155 189
71 0 -1
122 66 64 68 66 156 190 160 194
72 0 -1
123 63 5 66 5 157 191 160 194
73 0 -1
124 81 10 82 12 158 192 162 196
74 0 -1
127 37 43 37 44 161 195 162 196
75 0 -1
128 73 42 85 49 162 196 181 215
76 0 -1
130 97 43 98 43 164 198 165 199
77 0 -1
132 45 17 60 17 166 200 181 215
78 0 -1
134 17 60 18 60 168 202 169 203
79 0 -1
135 63 17 65 22 169 203 180 214
80 0 -1
136 5 81 5 83 170 204 172 206
81 0 -1
139 12 85 13 85 173 207 174 208
82 0 -1
140 8 3 9 3 174 208 178 212
83 0 -1
141 1 69 2 72 175 209 180 214
84 0 -1
144 46 70 50 70 178 212 183 217
85 0 -1
145 6 45 7 46 179 213 181 215
86 0 -1
146 53 23 53 24 180 214 181 215
87 0 -1
147 84 87 85 87 181 215 182 216
88 0 -1
148 15 26 15 26 182 216 183 217
89 0 -1
149 15 16 15 16 183 217 185 219
90 0 -1
150 60 85 65 85 184 218 190 224
91 0 -1
153 29 81 30 81 187 221 188 222
92 0 -1
154 65 95 67 95 188 222 192 226
93 0 -1
155 23 14 25 15 189 223 193 227
94 0 -1
156 33 63 38 63 190 224 195 229
95 0 -1
157 7 33 10 33 191 225 196 230
96 0 -1
160 24 6 30 6 194 228 200 234
97 0 -1
162 28 86 28 86 196 230 197 231
98 0 -1
163 92 84 92 85 197 231 198 232
99 0 -1
166 53 82 53 84 200 234 202 236
100 0 -1
167 27 66 30 66 201 235 206 240
101 0 -1
168 19 48 21 48 202 236 204 238
102 0 -1
169 7 93 12 93 203 237 208 242
103 0 -1
170 82 79 87 79 204 238 209 243
104 0 -1
172 51 76 54 77 206 240 211 245
105 0 -1
173 7 36 10 37 207 241 212 246
106 0 -1
174 53 34 53 35 208 242 210 244
107 0 -1
179 15 0 16 0 213 247 214 248
108 0 -1
183 17 9 19 11 217 251 222 256
109 0 -1
184 31 47 31 48 218 252 220 254
110 0 -1
185 11 61 13 61 219 253 221 255
111 0 -1
186 12 34 17 38 220 254 229 263
112 0 -1
187 20 79 24 79 221 255 227 261
113 0 -1
189 10 65 12 67 223 257 228 262
114 0 -1
190 7 59 10 59 224 258 229 263
115 0 -1
193 38 8 38 9 227 261 228 262
116 0 -1
196 67 14 69 14 230 264 232 266
117 0 -1
197 41 30 41 31 231 265 232 266
118 0 -1
198 43 80 48 84 232 266 250 284
119 0 -1
199 93 49 93 50 233 267 234 268
120 0 -1
200 96 15 97 16 234 268 236 270
121 0 -1
201 19 9 19 9 235 269 236 270
122 0 -1
204 43 8 43 8 238 272 239 273
123 0 -1
208 94 13 94 13 242 276 243 277
124 0 -1
209 49 67 50 67 243 277 244 278
125 0 -1
211 22 38 25 38 245 279 248 282
126 0 -1
212 66 76 66 76 246 280 248 282
127 0 -1
213 84 30 92 30 247 281 255 289
128 0 -1
214 81 38 81 39 248 282 253 287
129 0 -1
218 33 11 36 13 252 286 259 293
130 0 -1
219 54 98 55 98 253 287 255 289
131 0 -1
224 91 40 92 41 258 292 261 295
132 0 -1
225 43 93 44 94 259 293 261 295
133 0 -1
229 10 32 12 32 263 297 269 303
134 0 -1
230 1 40 1 41 264 298 265 299
135 0 -1
231 11 5 12 6 265 299 268 302
136 0 -1
236 45 67 45 67 270 304 272 306
137 0 -1
237 76 32 78 32 271 305 273 307
138 0 -1
240 9 45 18 46 274 308 285 319
139 0 -1
242 41 75 42 75 276 310 278 312
140 0 -1
244 76 77 77 77 278 312 283 317
141 0 -1
245 46 51 47 51 279 313 285 319
142 0 -1
246 56 8 59 8 280 314 283 317
143 0 -1
247 79 85 82 85 281 315 284 318
144 0 -1
248 39 48 41 48 282 316 285 319
145 0 -1
250 25 31 26 31 284 318 286 320
146 0 -1
251 8 58 8 58 285 319 288 322
147 0 -1
253 20 75 20 75 287 321 288 322
148 0 -1
255 5 72 6 73 289 323 291 325
149 0 -1
256 27 15 29 16 290 324 294 328
150 0 -1
257 86 73 90 73 291 325 295 329
151 0 -1
258 33 23 33 23 292 326 293 327
152 0 -1
260 31 35 32 36 294 328 296 330
153 0 -1
261 61 33 64 40 295 329 307 341
154 0 -1
266 80 39 81 41 300 334 304 338
155 0 -1
267 56 54 56 54 301 335 304 338
156 0 -1
268 24 98 26 98 302 336 304 338
157 0 -1
269 80 38 81 38 303 337 304 338
158 0 -1
271 87 64 90 64 305 339 311 345
159 0 -1
272 1 60 2 60 306 340 307 341
160 0 -1
274 1 44 1 51 308 342 321 355
161 0 -1
277 8 88 8 88 311 345 313 347
162 0 -1
278 57 2 63 2 312 346 318 352
163 0 -1
279 73 93 76 94 313 347 317 351
164 0 -1
280 7 48 10 48 314 348 317 351
165 0 -1
283 82 20 83 20 317 351 318 352
166 0 -1
285 76 80 78 81 319 353 322 356
167 0 -1
286 84 23 85 23 320 354 323 357
168 0 -1
289 5 29 8 29 323 357 326 360
169 0 -1
293 79 0 82 0 327 361 331 365
170 0 -1
294 87 71 88 71 328 362 332 366
171 0 -1
295 28 61 28 62 329 363 331 365
172 0 -1
296 77 81 77 81 330 364 334 368
173 0 -1
303 71 73 78 73 337 371 346 380
174 0 -1
305 62 93 62 96 339 373 344 378
175 0 -1
306 94 26 95 26 340 374 341 375
176 0 -1
307 19 85 21 85 341 375 343 377
177 0 -1
310 78 22 82 22 344 378 348 382
178 0 -1
311 82 5 83 7 345 379 349 383
179 0 -1
312 2 41 9 41 346 380 355 389
180 0 -1
313 53 25 53 25 347 381 348 382
181 0 -1
315 13 87 15 87 349 383 351 385
182 0 -1
320 75 3 85 9 354 388 370 404
183 0 -1
321 33 87 35 88 355 389 358 392
184 0 -1
323 25 95 36 95 357 391 370 404
185 0 -1
325 32 18 35 19 359 393 367 401
186 0 -1
326 39 14 39 14 360 394 361 395
187 0 -1
327 29 54 31 54 361 395 364 398
188 0 -1
328 43 34 45 35 362 396 367 401
189 0 -1
329 44 98 44 95 363 397 366 400
190 0 -1
330 51 36 51 41 364 398 369 403
191 0 -1
337 56 8 59 16 371 405 384 418
192 0 -1
340 75 94 75 97 374 408 377 411
193 0 -1
342 95 64 96 64 376 410 377 411
194 0 -1
343 32 88 34 89 377 411 380 414
195 0 -1
345 62 13 69 16 379 413 391 425
196 0 -1
349 64 68 64 69 383 417 384 418
197 0 -1
351 6 3 6 3 385 419 386 420
198 0 -1
354 86 48 91 49 388 422 394 428
199 0 -1
356 38 59 38 59 390 424 391 425
200 0 -1
357 7 11 7 15 391 425 395 429
201 0 -1
358 20 84 20 91 392 426 399 433
202 0 -1
359 74 30 77 30 393 427 396 430
203 0 -1
360 14 62 16 62 394 428 396 430
204 0 -1
361 85 22 91 22 395 429 401 435
205 0 -1
363 97 23 97 24 397 431 398 432
206 0 -1
364 51 52 52 52 398 432 399 433
207 0 -1
365 98 24 99 25 399 433 401 435
208 0 -1
367 54 80 59 80 401 435 407 441
209 0 -1
371 15 36 15 37 405 439 406 440
210 0 -1
372 97 21 92 23 406 440 414 448
211 0 -1
373 69 9 69 11 407 441 410 444
212 0 -1
374 31 30 31 31 408 442 409 443
213 0 -1
375 22 75 23 75 409 443 410 444
214 0 -1
377 82 56 82 57 411 445 412 446
215 0 -1
379 29 12 30 12 413 447 414 448
216 0 -1
380 4 6 4 7 414 448 415 449
217 0 -1
381 22 75 26 75 415 449 420 454
218 0 -1
382 16 65 16 67 416 450 418 452
219 0 -1
383 44 41 45 41 417 451 418 452
220 0 -1
388 25 97 26 97 422 456 423 457
221 0 -1
391 11 45 11 46 425 459 427 461
222 0 -1
392 86 81 87 81 426 460 428 462
223 0 -1
394 7 16 9 17 428 462 431 465
224 0 -1
396 7 63 11 63 430 464 435 469
225 0 -1
397 12 42 13 42 431 465 432 466
226 0 -1
400 64 23 64 23 434 468 436 470
227 0 -1
401 89 69 90 69 435 469 437 471
228 0 -1
403 59 52 63 53 437 471 442 476
229 0 -1
404 57 98 59 98 438 472 440 474
230 0 -1
407 98 1 99 1 441 475 442 476
231 0 -1
408 69 0 72 0 442 476 445 479
232 0 -1
411 33 98 33 99 445 479 447 481
233 0 -1
412 44 13 45 13 446 480 447 481
234 0 -1
414 5 12 6 12 448 482 449 483
235 0 -1
418 44 64 45 64 452 486 453 487
236 0 -1
420 50 65 50 66 454 488 455 489
237 0 -1
421 82 56 84 56 455 489 457 491
238 0 -1
423 39 65 39 65 457 491 458 492
239 0 -1
426 4 51 6 51 460 494 465 499
240 0 -1
428 74 33 75 34 462 496 464 498
241 0 -1
433 97 21 97 23 467 501 469 503
242 0 -1
437 9 23 9 24 471 505 472 506
243 0 -1
439 27 67 27 69 473 507 475 509
244 0 -1
441 35 58 38 60 475 509 483 517
245 0 -1
446 65 24 66 25 480 514 484 518
246 0 -1
448 93 77 96 77 482 516 485 519
247 0 -1
450 95 95 98 95 484 518 492 526
248 0 -1
452 69 74 71 74 486 520 489 523
249 0 -1
455 75 55 76 56 489 523 492 526
250 0 -1
460 44 84 47 84 494 528 500 534
251 0 -1
461 35 12 37 12 495 529 497 531
252 0 -1
462 6 80 6 80 496 530 499 533
253 0 -1
464 96 35 98 35 498 532 500 534
254 0 -1
469 30 95 30 96 503 537 505 539
255 0 -1
471 67 98 67 94 505 539 516 550
256 0 -1
475 4 87 4 88 509 543 511 545
257 0 -1
478 42 19 46 19 512 546 516 550
258 0 -1
479 53 10 55 10 513 547 515 549
259 0 -1
480 90 71 93 74 514 548 522 556
260 0 -1
481 11 70 17 70 515 549 521 555
261 0 -1
482 31 6 31 7 516 550 517 551
262 0 -1
484 73 19 75 21 518 552 522 556
263 0 -1
486 46 63 48 63 520 554 523 557
264 0 -1
488 18 13 21 13 522 556 525 559
265 0 -1
489 7 85 12 89 523 557 536 570
266 0 -1
491 22 52 23 53 525 559 527 561
267 0 -1
493 69 35 69 35 527 561 528 562
268 0 -1
496 96 35 97 35 530 564 531 565
269 0 -1
501 54 35 54 35 535 569 537 571
270 0 -1
502 52 35 56 35 536 570 540 574
271 0 -1
505 0 25 1 25 539 573 541 575
272 0 -1
506 88 34 90 35 540 574 545 579
273 0 -1
507 46 42 46 42 541 575 545 579
274 0 -1
509 10 28 10 28 543 577 544 578
275 0 -1
511 71 25 71 25 545 579 547 581
276 0 -1
512 94 78 94 78 546 580 547 581
277 0 -1
515 77 15 77 17 549 583 552 586
278 0 -1
516 68 24 79 25 550 584 563 597
279 0 -1
517 34 66 35 68 551 585 555 589
280 0 -1
518 83 88 84 88 552 586 554 588
281 0 -1
520 67 77 67 77 554 588 555 589
282 0 -1
522 72 66 78 66 556 590 565 599
283 0 -1
523 97 70 97 70 557 591 558 592
284 0 -1
525 78 5 78 5 559 593 561 595
285 0 -1
526 50 11 51 12 560 594 562 596
286 0 -1
528 34 36 38 36 562 596 567 601
287 0 -1
530 47 16 50 17 564 598 568 602
288 0 -1
533 65 96 66 97 567 601 569 603
289 0 -1
535 72 45 74 46 569 603 572 606
290 0 -1
536 95 56 96 56 570 604 572 606
291 0 -1
537 23 59 24 59 571 605 572 606
292 0 -1
538 48 98 51 98 572 606 575 609
293 0 -1
540 52 50 55 51 574 608 578 612
294 0 -1
541 49 80 50 80 575 609 578 612
295 0 -1
542 94 40 98 42 576 610 584 618
296 0 -1
543 40 27 41 28 577 611 579 613
297 0 -1
546 32 62 34 62 580 614 582 616
298 0 -1
547 55 32 56 33 581 615 583 617
299 0 -1
550 24 46 24 47 584 618 585 619
300 0 -1
552 39 21 39 23 586 620 589 623
301 0 -1
553 62 54 63 55 587 621 589 623
302 0 -1
555 94 6 97 7 589 623 594 628
303 0 -1
556 87 92 88 93 590 624 592 626
304 0 -1
558 1 60 1 60 592 626 593 627
305 0 -1
559 58 15 59 18 593 627 598 632
306 0 -1
560 96 71 98 71 594 628 596 630
307 0 -1
562 70 96 71 96 596 630 597 631
308 0 -1
565 87 70 87 74 599 633 603 637
309 0 -1
566 7 85 8 88 600 634 604 638
310 0 -1
567 78 31 78 31 601 635 602 636
311 0 -1
570 0 65 1 66 604 638 608 642
312 0 -1
572 89 56 92 56 606 640 609 643
313 0 -1
573 62 17 64 18 607 641 610 644
314 0 -1
575 30 16 30 16 609 643 611 645
315 0 -1
577 35 35 36 35 611 645 612 646
316 0 -1
578 36 16 37 17 612 646 614 648
317 0 -1
579 64 88 68 89 613 647 618 652
318 0 -1
580 94 62 95 62 614 648 615 649
319 0 -1
585 97 18 99 18 619 653 622 656
320 0 -1
588 1 34 2 36 622 656 627 661
321 0 -1
589 14 38 17 47 623 657 638 672
322 0 -1
592 96 74 97 74 626 660 627 661
323 0 -1
594 35 66 36 66 628 662 630 664
324 0 -1
595 22 82 36 83 629 663 644 678
325 0 -1
596 14 0 17 0 630 664 634 668
326 0 -1
597 7 80 13 81 631 665 639 673
327 0 -1
599 71 59 77 60 633 667 641 675
328 0 -1
600 53 7 55 8 634 668 637 671
329 0 -1
601 16 11 18 11 635 669 637 671
330 0 -1
603 81 46 83 46 637 671 639 673
331 0 -1
608 29 19 29 19 642 676 645 679
332 0 -1
609 10 23 11 23 643 677 644 678
333 0 -1
610 84 77 88 77 644 678 649 683
334 0 -1
611 47 77 48 77 645 679 649 683
335 0 -1
613 43 52 50 53 647 681 655 689
336 0 -1
614 21 16 22 21 648 682 654 688
337 0 -1
615 19 65 20 65 649 683 650 684
338 0 -1
616 39 4 40 5 650 684 652 686
339 0 -1
619 99 75 99 78 653 687 658 692
340 0 -1
620 79 24 79 24 654 688 656 690
341 0 -1
621 35 94 39 94 655 689 660 694
342 0 -1
622 81 69 84 69 656 690 659 693
343 0 -1
623 77 4 79 4 657 691 659 693
344 0 -1
624 89 54 89 55 658 692 659 693
345 0 -1
625 97 5 99 5 659 693 661 695
346 0 -1
628 26 29 27 29 662 696 663 697
347 0 -1
629 50 85 53 86 663 697 668 702
348 0 -1
630 22 72 23 72 664 698 665 699
349 0 -1
634 60 16 60 17 668 702 669 703
350 0 -1
635 24 59 25 60 669 703 671 705
351 0 -1
636 65 3 67 3 670 704 672 706
352 0 -1
637 77 79 78 80 671 705 673 707
353 0 -1
639 34 31 34 32 673 707 674 708
354 0 -1
640 69 47 71 47 674 708 676 710
355 0 -1
641 8 79 9 79 675 709 677 711
356 0 -1
643 67 35 67 38 677 711 683 717
357 0 -1
645 68 62 69 63 679 713 681 715
358 0 -1
646 20 47 21 48 680 714 682 716
359 0 -1
648 57 55 57 56 682 716 683 717
360 0 -1
649 59 41 62 46 683 717 693 727
361 0 -1
650 14 40 15 40 684 718 685 719
362 0 -1
651 52 2 52 6 685 719 689 723
363 0 -1
652 34 21 49 21 686 720 701 735
364 0 -1
653 40 45 40 46 687 721 688 722
365 0 -1
656 41 51 41 52 690 724 691 725
366 0 -1
662 72 24 73 25 696 730 698 732
367 0 -1
663 12 68 16 71 697 731 705 739
368 0 -1
664 39 34 39 34 698 732 700 734
369 0 -1
665 80 12 80 12 699 733 700 734
370 0 -1
666 91 41 92 41 700 734 702 736
371 0 -1
667 48 92 51 92 701 735 704 738
372 0 -1
669 14 34 14 34 703 737 704 738
373 0 -1
672 63 18 67 18 706 740 710 744
374 0 -1
673 19 8 20 8 707 741 709 743
375 0 -1
674 65 29 67 30 708 742 712 746
376 0 -1
675 40 69 44 69 709 743 714 748
377 0 -1
678 26 95 30 95 712 746 716 750
378 0 -1
679 33 95 36 95 713 747 716 750
379 0 -1
680 74 43 74 45 714 748 720 754
380 0 -1
681 55 38 56 39 715 749 717 751
381 0 -1
682 49 5 50 5 716 750 718 752
382 0 -1
684 97 4 99 4 718 752 720 754
383 0 -1
685 16 61 18 64 719 753 724 758
384 0 -1
687 59 13 61 13 721 755 726 760
385 0 -1
688 49 12 50 13 722 756 724 758
386 0 -1
689 25 42 27 42 723 757 725 759
387 0 -1
690 9 77 9 78 724 758 726 760
388 0 -1
691 79 67 80 68 725 759 727 761
389 0 -1
692 26 44 28 44 726 760 728 762
390 0 -1
694 77 34 78 35 728 762 731 765
391 0 -1
696 15 67 15 68 730 764 732 766
392 0 -1
698 45 57 50 57 732 766 737 771
393 0 -1
700 24 4 24 5 734 768 735 769
394 0 -1
701 6 32 6 32 735 769 736 770
395 0 -1
702 23 90 25 92 736 770 743 777
396 0 -1
703 5 51 7 51 737 771 739 773
397 0 -1
704 74 93 75 94 738 772 740 774
398 0 -1
705 57 84 57 84 739 773 743 777
399 0 -1
706 12 27 14 27 740 774 742 776
400 0 -1
707 96 64 96 68 741 775 745 779
401 0 -1
708 24 19 27 23 742 776 749 783
402 0 -1
710 55 10 55 12 744 778 747 781
403 0 -1
712 41 96 42 96 746 780 747 781
404 0 -1
714 1 36 2 36 748 782 749 783
405 0 -1
716 2 64 2 65 750 784 751 785
406 0 -1
718 8 14 12 16 752 786 760 794
407 0 -1
719 90 49 90 49 753 787 754 788
408 0 -1
720 69 62 71 62 754 788 756 790
409 0 -1
722 30 63 30 64 756 790 758 792
410 0 -1
724 86 69 87 70 758 792 760 794
411 0 -1
725 24 79 34 80 759 793 770 804
412 0 -1
726 29 50 30 51 760 794 764 798
413 0 -1
727 34 87 36 88 761 795 764 798
414 0 -1
728 59 51 64 51 762 796 767 801
415 0 -1
729 30 53 31 53 763 797 764 798
416 0 -1
731 75 21 75 21 765 799 766 800
417 0 -1
733 40 66 41 66 767 801 769 803
418 0 -1
734 44 28 46 28 768 802 770 804
419 0 -1
735 89 52 91 53 769 803 772 806
420 0 -1
736 4 8 5 9 770 804 772 806
421 0 -1
737 96 43 96 43 771 805 774 808
422 0 -1
742 16 91 20 91 776 810 781 815
423 0 -1
744 96 45 96 47 778 812 780 814
424 0 -1
745 38 73 38 74 779 813 784 818
425 0 -1
748 79 53 80 54 782 816 784 818
426 0 -1
750 81 29 82 29 784 818 785 819
427 0 -1
751 60 20 61 20 785 819 786 820
428 0 -1
752 50 28 52 29 786 820 789 823
429 0 -1
753 5 86 5 87 787 821 788 822
430 0 -1
754 47 55 52 55 788 822 794 828
431 0 -1
755 22 14 23 15 789 823 791 825
432 0 -1
757 50 28 50 30 791 825 793 827
433 0 -1
758 18 21 23 23 792 826 800 834
434 0 -1
759 73 54 74 55 793 827 795 829
435 0 -1
760 9 88 10 88 794 828 795 829
436 0 -1
766 99 16 97 16 800 834 802 836
437 0 -1
767 11 53 13 53 801 835 803 837
438 0 -1
768 74 23 75 25 802 836 805 839
439 0 -1
771 98 52 98 52 805 839 806 840
440 0 -1
772 97 74 99 74 806 840 808 842
441 0 -1
773 11 43 12 45 807 841 810 844
442 0 -1
775 52 33 56 34 809 843 814 848
443 0 -1
777 91 6 92 6 811 845 813 847
444 0 -1
778 83 51 84 51 812 846 814 848
445 0 -1
779 97 93 99 94 813 847 816 850
446 0 -1
781 64 88 64 88 815 849 816 850
447 0 -1
782 71 77 71 77 816 850 820 854
448 0 -1
784 93 51 94 51 818 852 820 854
449 0 -1
787 96 17 96 19 821 855 823 857
450 0 -1
788 81 23 82 23 822 856 823 857
451 0 -1
789 33 73 37 73 823 857 827 861
452 0 -1
790 50 10 52 10 824 858 826 860
453 0 -1
791 77 97 78 97 825 859 830 864
454 0 -1
793 22 91 25 91 827 861 830 864
455 0 -1
794 59 14 59 18 828 862 832 866
456 0 -1
795 68 21 69 22 829 863 831 865
457 0 -1
796 75 6 77 8 830 864 834 868
458 0 -1
797 68 16 68 16 831 865 832 866
459 0 -1
798 83 53 86 53 832 866 835 869
460 0 -1
799 71 78 71 80 833 867 835 869
461 0 -1
800 46 78 49 79 834 868 839 873
462 0 -1
802 53 87 55 89 836 870 840 874
463 0 -1
803 26 39 26 41 837 871 839 873
464 0 -1
805 26 36 30 37 839 873 844 878
465 0 -1
806 95 57 90 57 840 874 849 883
466 0 -1
807 66 69 66 69 841 875 843 877
467 0 -1
810 47 92 47 92 844 878 845 879
468 0 -1
813 93 21 94 21 847 881 848 882
469 0 -1
818 44 56 44 58 852 886 854 888
470 0 -1
820 92 31 93 33 854 888 857 891
471 0 -1
824 52 10 54 10 858 892 860 894
472 0 -1
825 33 82 33 84 859 893 862 896
473 0 -1
827 74 62 74 63 861 895 862 896
474 0 -1
828 61 38 62 45 862 896 872 906
475 0 -1
830 83 84 85 85 864 898 867 901
476 0 -1
831 77 0 78 0 865 899 866 900
477 0 -1
833 31 29 32 29 867 901 869 903
478 0 -1
834 59 94 61 94 868 902 870 904
479 0 -1
835 5 88 10 88 869 903 879 913
480 0 -1
839 18 46 18 47 873 907 875 909
481 0 -1
841 83 20 84 20 875 909 879 913
482 0 -1
842 37 76 38 77 876 910 878 912
483 0 -1
844 60 85 63 87 878 912 883 917
484 0 -1
845 39 57 41 57 879 913 881 915
485 0 -1
846 3 41 3 46 880 914 886 920
486 0 -1
847 78 97 79 97 881 915 882 916
487 0 -1
850 4 15 7 15 884 918 887 921
488 0 -1
851 82 58 85 59 885 919 889 923
489 0 -1
854 55 80 55 80 888 922 889 923
490 0 -1
856 14 78 16 79 890 924 893 927
491 0 -1
859 43 10 45 11 893 927 898 932
492 0 -1
860 99 8 98 8 894 928 895 929
493 0 -1
861 68 0 68 0 895 929 897 931
494 0 -1
864 25 22 27 23 898 932 901 935
495 0 -1
867 97 8 97 8 901 935 902 936
496 0 -1
868 34 38 34 39 902 936 904 938
497 0 -1
871 2 82 14 82 905 939 921 955
498 0 -1
873 26 67 27 68 907 941 909 943
499 0 -1
874 17 45 21 45 908 942 913 947
500 0 -1
875 26 85 26 86 909 943 912 946
501 0 -1
877 78 87 81 87 911 945 914 948
502 0 -1
878 45 80 46 80 912 946 914 948
503 0 -1
879 46 61 48 61 913 947 915 949
504 0 -1
880 63 14 66 14 914 948 918 952
505 0 -1
881 2 92 5 93 915 949 921 955
506 0 -1
882 86 28 87 28 916 950 918 952
507 0 -1
885 61 63 61 64 919 953 920 954
508 0 -1
887 4 25 7 25 921 955 924 958
509 0 -1
889 61 16 62 18 923 957 926 960
510 0 -1
891 92 21 92 22 925 959 927 961
511 0 -1
893 93 12 94 12 927 961 929 963
512 0 -1
894 86 17 88 18 928 962 931 965
513 0 -1
895 25 35 27 36 929 963 932 966
514 0 -1
896 26 98 26 99 930 964 932 966
515 0 -1
897 25 97 26 97 931 965 932 966
516 0 -1
898 31 41 33 41 932 966 934 968
517 0 -1
899 88 15 88 16 933 967 935 969
518 0 -1
900 99 49 95 51 934 968 940 974
519 0 -1
901 82 14 83 15 935 969 937 971
520 0 -1
902 5 27 6 27 936 970 937 971
521 0 -1
905 64 79 64 79 939 973 940 974
522 0 -1
910 71 65 71 66 944 978 945 979
523 0 -1
912 88 96 90 97 946 980 956 990
524 0 -1
914 77 9 78 14 948 982 955 989
525 0 -1
917 63 15 64 18 951 985 955 989
526 0 -1
919 62 70 63 71 953 987 955 989
527 0 -1
920 66 57 69 57 954 988 957 991
528 0 -1
921 29 73 30 73 955 989 956 990
529 0 -1
923 80 7 81 7 957 991 958 992
530 0 -1
925 14 36 15 38 959 993 962 996
531 0 -1
926 72 5 78 8 960 994 969 1003
532 0 -1
927 31 15 31 18 961 995 964 998
533 0 -1
928 7 29 9 31 962 996 966 1000
534 0 -1
929 96 87 97 87 963 997 964 998
535 0 -1
931 17 5 19 5 965 999 967 1001
536 0 -1
933 65 68 69 69 967 1001 974 1008
537 0 -1
935 15 92 17 92 969 1003 971 1005
538 0 -1
936 92 46 93 46 970 1004 971 1005
539 0 -1
937 72 7 75 7 971 1005 975 1009
540 0 -1
938 57 56 57 60 972 1006 976 1010
541 0 -1
940 73 50 75 50 974 1008 976 1010
542 0 -1
942 24 71 25 71 976 1010 977 1011
543 0 -1
943 9 97 16 97 977 1011 984 1018
544 0 -1
944 26 19 27 19 978 1012 979 1013
545 0 -1
945 49 62 49 65 979 1013 982 1016
546 0 -1
947 46 32 53 34 981 1015 994 1028
547 0 -1
948 93 13 95 14 982 1016 985 1019
548 0 -1
950 82 20 82 20 984 1018 986 1020
549 0 -1
951 58 77 60 77 985 1019 987 1021
550 0 -1
954 62 30 62 31 988 1022 990 1024
551 0 -1
955 62 29 62 30 989 1023 990 1024
552 0 -1
957 26 89 29 89 991 1025 994 1028
553 0 -1
958 81 74 82 74 992 1026 993 1027
554 0 -1
963 74 10 75 12 997 1031 1000 1034
555 0 -1
964 13 19 15 19 998 1032 1000 1034
556 0 -1
966 43 4 44 4 1000 1034 1002 1036
557 0 -1
969 19 37 20 38 1003 1037 1005 1039
558 0 -1
972 36 48 42 48 1006 1040 1012 1046
559 0 -1
973 22 15 22 17 1007 1041 1011 1045
560 0 -1
974 48 11 53 11 1008 1042 1018 1052
561 0 -1
976 44 69 45 69 1010 1044 1015 1049
562 0 -1
979 25 57 27 57 1013 1047 1017 1051
563 0 -1
981 12 70 13 70 1015 1049 1016 1050
564 0 -1
983 17 22 20 22 1017 1051 1020 1054
565 0 -1
984 45 99 50 100 1018 1052 1024 1058
566 0 -1
987 26 40 30 40 1021 1055 1025 1059
567 0 -1
989 26 76 27 78 1023 1057 1026 1060
568 0 -1
990 5 51 7 53 1024 1058 1028 1062
569 0 -1
992 63 10 66 10 1026 1060 1030 1064
570 0 -1
993 36 33 36 33 1027 1061 1029 1063
571 0 -1
994 79 61 83 61 1028 1062 1032 1066
572 0 -1
996 92 41 94 41 1030 1064 1032 1066
573 0 -1
997 47 58 49 58 1031 1065 1033 1067
574 0 -1
998 29 17 30 17 1032 1066 1033 1067
575 0 -1
999 29 23 31 23 1033 1067 1035 1069
576 0 -1
1001 84 29 60 41 1035 1069 1084 1118
577 0 -1
1004 27 38 28 38 1038 1072 1040 1074
578 0 -1
1008 40 71 40 72 1042 1076 1043 1077
579 0 -1
1010 22 57 24 57 1044 1078 1046 1080
580 0 -1
1012 19 66 19 67 1046 1080 1047 1081
581 0 -1
1015 21 96 21 96 1049 1083 1050 1084
582 0 -1
1016 55 61 55 62 1050 1084 1051 1085
583 0 -1
1017 93 91 96 91 1051 1085 1054 1088
584 0 -1
1018 10 63 23 64 1052 1086 1066 1100
585 0 -1
1019 11 77 14 80 1053 1087 1063 1097
586 0 -1
1020 73 10 74 11 1054 1088 1057 1091
587 0 -1
1021 1 81 1 82 1055 1089 1056 1090
588 0 -1
1022 55 48 59 49 1056 1090 1070 1104
589 0 -1
1025 95 28 97 31 1059 1093 1064 1098
590 0 -1
1027 91 5 91 5 1061 1095 1062 1096
591 0 -1
1028 49 29 49 30 1062 1096 1063 1097
592 0 -1
1031 19 15 25 18 1065 1099 1074 1108
593 0 -1
1032 25 19 32 19 1066 1100 1073 1107
594 0 -1
1033 53 61 54 63 1067 1101 1071 1105
595 0 -1
1035 77 27 77 29 1069 1103 1071 1105
596 0 -1
1036 96 68 97 69 1070 1104 1072 1106
597 0 -1
1037 75 79 76 79 1071 1105 1072 1106
598 0 -1
1039 23 64 23 65 1073 1107 1074 1108
599 0 -1
1040 64 69 64 69 1074 1108 1075 1109
600 0 -1
1042 71 70 74 72 1076 1110 1087 1121
601 0 -1
1044 97 90 99 92 1078 1112 1082 1116
602 0 -1
1045 33 96 34 97 1079 1113 1082 1116
603 0 -1
1051 87 91 88 91 1085 1119 1086 1120
604 0 -1
1053 58 76 58 77 1087 1121 1088 1122
605 0 -1
1056 73 59 75 59 1090 1124 1092 1126
606 0 -1
1057 44 43 46 43 1091 1125 1093 1127
607 0 -1
1059 31 76 31 79 1093 1127 1097 1131
608 0 -1
1060 65 80 70 80 1094 1128 1099 1133
609 0 -1
1063 36 72 37 73 1097 1131 1100 1134
610 0 -1
1065 27 30 30 30 1099 1133 1102 1136
611 0 -1
1066 41 45 42 45 1100 1134 1102 1136
612 0 -1
1067 54 48 55 48 1101 1135 1102 1136
613 0 -1
1070 82 71 84 71 1104 1138 1116 1150
614 0 -1
1071 53 88 53 93 1105 1139 1110 1144
615 0 -1
1073 87 80 72 80 1107 1141 1122 1156
616 0 -1
1074 80 27 81 27 1108 1142 1109 1143
617 0 -1
1075 22 46 22 48 1109 1143 1112 1146
618 0 -1
1078 32 74 34 75 1112 1146 1116 1150
619 0 -1
1082 36 45 37 45 1116 1150 1117 1151
620 0 -1
1083 23 23 23 24 1117 1151 1119 1153
621 0 -1
1084 94 15 94 17 1118 1152 1124 1158
622 0 -1
1085 91 89 94 89 1119 1153 1122 1156
623 0 -1
1086 47 85 50 86 1120 1154 1124 1158
624 0 -1
1090 91 28 92 28 1124 1158 1125 1159
625 0 -1
1091 55 53 57 55 1125 1159 1129 1163
626 0 -1
1092 62 47 62 47 1126 1160 1127 1161
627 0 -1
1095 79 76 81 77 1129 1163 1132 1166
628 0 -1
1097 10 67 12 68 1131 1165 1134 1168
629 0 -1
1098 83 19 86 19 1132 1166 1136 1170
630 0 -1
1099 6 24 6 24 1133 1167 1138 1172
631 0 -1
1100 85 61 89 62 1134 1168 1139 1173
632 0 -1
1102 24 26 25 27 1136 1170 1139 1173
633 0 -1
1103 92 35 95 35 1137 1171 1144 1178
634 0 -1
1104 34 82 34 83 1138 1172 1139 1173
635 0 -1
1105 34 22 35 22 1139 1173 1140 1174
636 0 -1
1107 7 5 9 8 1141 1175 1151 1185
637 0 -1
1109 38 34 40 34 1143 1177 1146 1180
638 0 -1
1111 99 50 99 52 1145 1179 1147 1181
639 0 -1
1113 25 86 25 86 1147 1181 1148 1182
640 0 -1
1114 73 92 73 92 1148 1182 1149 1183
641 0 -1
1115 19 51 21 52 1149 1183 1152 1186
642 0 -1
1116 57 80 66 82 1150 1184 1161 1195
643 0 -1
1118 46 30 47 30 1152 1186 1154 1188
644 0 -1
1120 51 4 52 5 1154 1188 1156 1190
645 0 -1
1121 86 28 86 29 1155 1189 1156 1190
646 0 -1
1122 17 63 18 64 1156 1190 1159 1193
647 0 -1
1124 77 39 84 39 1158 1192 1165 1199
648 0 -1
1125 75 97 75 99 1159 1193 1161 1195
649 0 -1
1126 81 57 88 57 1160 1194 1172 1206
650 0 -1
1129 16 82 16 83 1163 1197 1164 1198
651 0 -1
1130 46 33 46 34 1164 1198 1165 1199
652 0 -1
1132 83 31 84 32 1166 1200 1168 1202
653 0 -1
1133 99 11 97 11 1167 1201 1170 1204
654 0 -1
1137 46 21 47 22 1171 1205 1175 1209
655 0 -1
1138 16 33 17 33 1172 1206 1173 1207
656 0 -1
1139 66 52 66 53 1173 1207 1174 1208
657 0 -1
1141 46 57 48 57 1175 1209 1177 1211
658 0 -1
1142 39 43 39 44 1176 1210 1179 1213
659 0 -1
1144 6 1 7 2 1178 1212 1181 1215
660 0 -1
1147 6 5 9 6 1181 1215 1185 1219
661 0 -1
1150 99 73 99 73 1184 1218 1185 1219
662 0 -1
1151 49 71 50 72 1185 1219 1187 1221
663 0 -1
1154 18 5 18 6 1188 1222 1189 1223
664 0 -1
1156 7 21 8 22 1190 1224 1192 1226
665 0 -1
1157 62 53 63 56 1191 1225 1196 1230
666 0 -1
1158 87 10 90 10 1192 1226 1196 1230
667 0 -1
1159 68 52 70 52 1193 1227 1195 1229
668 0 -1
1164 94 27 96 27 1198 1232 1201 1235
669 0 -1
1166 42 31 43 31 1200 1234 1203 1237
670 0 -1
1169 56 67 59 67 1203 1237 1206 1240
671 0 -1
1170 72 61 72 61 1204 1238 1207 1241
672 0 -1
1171 24 50 30 51 1205 1239 1214 1248
673 0 -1
1172 65 95 65 95 1206 1240 1207 1241
674 0 -1
1174 21 96 21 89 1208 1242 1215 1249
675 0 -1
1175 23 29 26 29 1209 1243 1212 1246
676 0 -1
1176 55 63 57 63 1210 1244 1212 1246
677 0 -1
1177 90 60 90 62 1211 1245 1213 1247
678 0 -1
1179 5 72 6 72 1213 1247 1214 1248
679 0 -1
1186 72 96 73 97 1220 1254 1222 1256
680 0 -1
1187 39 4 40 5 1221 1255 1223 1257
681 0 -1
1188 5 28 5 29 1222 1256 1223 1257
682 0 -1
1190 75 40 76 40 1224 1258 1225 1259
683 0 -1
1191 26 11 26 12 1225 1259 1227 1261
684 0 -1
1194 82 18 83 19 1228 1262 1230 1264
685 0 -1
1195 23 97 24 97 1229 1263 1232 1266
686 0 -1
1197 35 31 37 32 1231 1265 1234 1268
687 0 -1
1198 14 96 16 98 1232 1266 1236 1270
688 0 -1
1201 69 72 71 74 1235 1269 1240 1274
689 0 -1
1202 80 10 81 10 1236 1270 1237 1271
690 0 -1
1203 66 52 66 52 1237 1271 1238 1272
691 0 -1
1205 57 87 60 87 1239 1273 1242 1276
692 0 -1
1207 15 22 15 22 1241 1275 1245 1279
693 0 -1
1208 61 90 63 90 1242 1276 1244 1278
694 0 -1
1209 46 29 46 29 1243 1277 1244 1278
695 0 -1
1211 82 77 83 77 1245 1279 1249 1283
696 0 -1
1214 24 43 24 43 1248 1282 1254 1288
697 0 -1
1217 44 94 46 94 1251 1285 1253 1287
698 0 -1
1218 20 75 20 75 1252 1286 1253 1287
699 0 -1
1219 14 62 20 63 1253 1287 1260 1294
700 0 -1
1220 79 7 79 8 1254 1288 1255 1289
701 0 -1
1222 25 91 28 91 1256 1290 1259 1293
702 0 -1
1223 39 31 39 33 1257 1291 1261 1295
703 0 -1
1226 81 8 84 8 1260 1294 1263 1297
704 0 -1
1227 45 48 45 48 1261 1295 1262 1296
705 0 -1
1229 96 17 96 17 1263 1297 1264 1298
706 0 -1
1230 8 30 12 31 1264 1298 1269 1303
707 0 -1
1231 45 92 46 92 1265 1299 1266 1300
708 0 -1
1233 77 48 79 48 1267 1301 1269 1303
709 0 -1
1235 59 7 60 7 1269 1303 1273 1307
710 0 -1
1236 92 96 95 97 1270 1304 1275 1309
711 0 -1
1237 99 9 99 14 1271 1305 1276 1310
712 0 -1
1238 76 97 80 97 1272 1306 1277 1311
713 0 -1
1240 25 96 26 97 1274 1308 1278 1312
714 0 -1
1241 6 11 6 12 1275 1309 1276 1310
715 0 -1
1242 76 73 80 81 1276 1310 1289 1323
716 0 -1
1243 64 10 66 10 1277 1311 1279 1313
717 0 -1
1244 92 7 98 8 1278 1312 1285 1319
718 0 -1
1246 24 71 29 73 1280 1314 1289 1323
719 0 -1
1250 68 47 68 47 1284 1318 1285 1319
720 0 -1
1254 68 90 73 92 1288 1322 1295 1329
721 0 -1
1255 14 8 18 8 1289 1323 1293 1327
722 0 -1
1258 35 5 38 5 1292 1326 1308 1342
723 0 -1
1259 36 17 39 29 1293 1327 1311 1345
724 0 -1
1260 30 37 36 37 1294 1328 1300 1334
725 0 -1
1261 97 61 94 61 1295 1329 1302 1336
726 0 -1
1263 31 68 34 71 1297 1331 1304 1338
727 0 -1
1264 23 39 26 40 1298 1332 1302 1336
728 0 -1
1265 68 36 70 36 1299 1333 1301 1335
729 0 -1
1266 79 4 79 5 1300 1334 1301 1335
730 0 -1
1268 23 60 25 61 1302 1336 1305 1339
731 0 -1
1276 74 2 74 3 1310 1344 1311 1345
732 0 -1
1277 30 63 33 65 1311 1345 1316 1350
733 0 -1
1281 21 31 22 31 1315 1349 1317 1351
734 0 -1
1284 30 31 31 32 1318 1352 1320 1354
735 0 -1
1287 32 66 33 68 1321 1355 1325 1359
736 0 -1
1290 92 66 99 66 1324 1358 1331 1365
737 0 -1
1291 57 22 60 22 1325 1359 1328 1362
738 0 -1
1292 12 8 22 16 1326 1360 1352 1386
739 0 -1
1297 91 7 92 7 1331 1365 1334 1368
740 0 -1
1298 66 38 66 38 1332 1366 1333 1367
741 0 -1
1299 54 43 56 44 1333 1367 1336 1370
742 0 -1
1300 34 75 36 75 1334 1368 1336 1370
743 0 -1
1307 0 64 1 64 1341 1375 1342 1376
744 0 -1
1309 42 68 42 68 1343 1377 1345 1379
745 0 -1
1312 72 36 72 37 1346 1380 1348 1382
746 0 -1
1313 80 73 81 73 1347 1381 1348 1382
747 0 -1
1314 0 91 2 91 1348 1382 1352 1386
748 0 -1
1315 65 6 65 8 1349 1383 1354 1388
749 0 -1
1316 91 31 92 32 1350 1384 1352 1386
750 0 -1
1317 59 43 59 43 1351 1385 1353 1387
751 0 -1
1318 79 30 79 32 1352 1386 1355 1389
752 0 -1
1319 93 37 94 37 1353 1387 1355 1389
753 0 -1
1320 9 0 10 0 1354 1388 1355 1389
754 0 -1
1321 48 2 50 2 1355 1389 1357 1391
755 0 -1
1323 71 36 73 36 1357 1391 1359 1393
756 0 -1
1324 51 62 55 63 1358 1392 1363 1397
757 0 -1
1325 35 69 40 70 1359 1393 1365 1399
758 0 -1
1326 85 75 85 75 1360 1394 1361 1395
759 0 -1
1327 67 17 72 17 1361 1395 1371 1405
760 0 -1
1329 30 94 30 95 1363 1397 1365 1399
761 0 -1
1332 37 38 39 38 1366 1400 1368 1402
762 0 -1
1333 68 35 68 36 1367 1401 1368 1402
763 0 -1
1335 11 94 14 83 1369 1403 1385 1419
764 0 -1
1336 12 63 12 63 1370 1404 1371 1405
765 0 -1
1338 36 53 36 56 1372 1406 1375 1409
766 0 -1
1340 42 27 46 29 1374 1408 1381 1415
767 0 -1
1342 0 26 3 26 1376 1410 1379 1413
768 0 -1
1344 82 49 84 49 1378 1412 1380 1414
769 0 -1
1345 61 62 62 62 1379 1413 1380 1414
770 0 -1
1347 47 87 47 89 1381 1415 1384 1418
771 0 -1
1348 52 71 53 72 1382 1416 1387 1421
772 0 -1
1349 14 63 14 66 1383 1417 1389 1423
773 0 -1
1354 57 66 60 66 1388 1422 1391 1425
774 0 -1
1355 38 13 39 16 1389 1423 1394 1428
775 0 -1
1359 89 83 93 83 1393 1427 1398 1432
776 0 -1
1362 38 10 40 10 1396 1430 1398 1432
777 0 -1
1365 5 35 6 35 1399 1433 1400 1434
778 0 -1
1368 91 58 91 58 1402 1436 1404 1438
779 0 -1
1369 65 7 72 16 1403 1437 1438 1472
780 0 -1
1370 31 73 32 73 1404 1438 1406 1440
781 0 -1
1372 51 38 56 38 1406 1440 1411 1445
782 0 -1
1374 9 44 11 44 1408 1442 1410 1444
783 0 -1
1375 6 14 12 15 1409 1443 1416 1450
784 0 -1
1376 39 88 40 88 1410 1444 1411 1445
785 0 -1
1377 52 23 53 24 1411 1445 1414 1448
786 0 -1
1378 71 93 72 93 1412 1446 1413 1447
787 0 -1
1379 81 85 85 85 1413 1447 1417 1451
788 0 -1
1381 87 56 87 58 1415 1449 1418 1452
789 0 -1
1382 65 73 65 75 1416 1450 1419 1453
790 0 -1
1383 55 51 55 53 1417 1451 1419 1453
791 0 -1
1385 34 75 36 76 1419 1453 1425 1459
792 0 -1
1386 18 5 20 5 1420 1454 1423 1457
793 0 -1
1387 40 32 41 39 1421 1455 1432 1466
794 0 -1
1388 43 0 44 2 1422 1456 1425 1459
795 0 -1
1389 63 36 63 37 1423 1457 1425 1459
796 0 -1
1390 79 3 79 3 1424 1458 1426 1460
797 0 -1
1391 21 45 21 47 1425 1459 1427 1461
798 0 -1
1393 98 77 98 79 1427 1461 1429 1463
799 0 -1
1395 35 35 36 36 1429 1463 1437 1471
800 0 -1
1396 39 14 40 14 1430 1464 1431 1465
801 0 -1
1400 58 7 60 7 1434 1468 1437 1471
802 0 -1
1401 62 2 63 4 1435 1469 1438 1472
803 0 -1
1402 89 13 90 15 1436 1470 1443 1477
804 0 -1
1403 50 34 51 34 1437 1471 1439 1473
805 0 -1
1406 10 79 11 79 1440 1474 1441 1475
806 0 -1
1411 75 74 75 75 1445 1479 1447 1481
807 0 -1
1412 33 54 39 54 1446 1480 1452 1486
808 0 -1
1413 55 2 56 2 1447 1481 1448 1482
809 0 -1
1414 0 52 0 54 1448 1482 1450 1484
810 0 -1
1415 88 46 89 47 1449 1483 1451 1485
811 0 -1
1417 49 11 49 12 1451 1485 1452 1486
812 0 -1
1418 69 20 72 21 1452 1486 1457 1491
813 0 -1
1419 32 97 38 97 1453 1487 1460 1494
814 0 -1
1420 13 32 19 33 1454 1488 1462 1496
815 0 -1
1423 71 62 71 63 1457 1491 1458 1492
816 0 -1
1426 95 68 97 68 1460 1494 1462 1496
817 0 -1
1428 57 93 57 93 1462 1496 1465 1499
818 0 -1
1429 40 95 41 95 1463 1497 1465 1499
819 0 -1
1430 55 9 55 9 1464 1498 1465 1499
820 0 -1
1431 77 41 77 41 1465 1499 1468 1502
821 0 -1
1432 87 94 87 94 1466 1500 1467 1501
822 0 -1
1434 34 87 34 87 1468 1502 1469 1503
823 0 -1
1435 94 99 96 96 1469 1503 1476 1510
824 0 -1
1436 53 89 55 89 1470 1504 1472 1506
825 0 -1
1438 18 41 20 42 1472 1506 1476 1510
826 0 -1
1439 38 24 38 25 1473 1507 1474 1508
827 0 -1
1440 15 22 17 23 1474 1508 1477 1511
828 0 -1
1441 24 23 25 28 1475 1509 1482 1516
829 0 -1
1442 94 5 94 7 1476 1510 1478 1512
830 0 -1
1443 65 10 65 13 1477 1511 1482 1516
831 0 -1
1444 79 64 80 64 1478 1512 1480 1514
832 0 -1
1446 22 15 25 16 1480 1514 1486 1520
833 0 -1
1447 49 84 49 84 1481 1515 1483 1517
834 0 -1
1448 56 49 58 49 1482 1516 1484 1518
835 0 -1
1452 30 84 31 84 1486 1520 1487 1521
836 0 -1
1454 21 39 25 39 1488 1522 1492 1526
837 0 -1
1455 53 32 54 33 1489 1523 1491 1525
838 0 -1
1456 35 35 36 35 1490 1524 1491 1525
839 0 -1
1457 56 22 57 22 1491 1525 1497 1531
840 0 -1
1458 30 98 40 98 1492 1526 1502 1536
841 0 -1
1461 55 34 58 34 1495 1529 1498 1532
842 0 -1
1462 13 13 13 15 1496 1530 1500 1534
843 0 -1
1463 64 19 65 20 1497 1531 1499 1533
844 0 -1
1465 91 26 93 26 1499 1533 1501 1535
845 0 -1
1466 81 63 83 63 1500 1534 1502 1536
846 0 -1
1468 84 58 85 58 1502 1536 1503 1537
847 0 -1
1469 24 57 29 57 1503 1537 1508 1542
848 0 -1
1470 42 28 42 28 1504 1538 1505 1539
849 0 -1
1472 91 15 91 20 1506 1540 1511 1545
850 0 -1
1473 53 19 57 19 1507 1541 1512 1546
851 0 -1
1474 30 15 36 20 1508 1542 1519 1553
852 0 -1
1475 49 71 51 71 1509 1543 1511 1545
853 0 -1
1478 35 96 37 97 1512 1546 1518 1552
854 0 -1
1479 64 33 66 33 1513 1547 1515 1549
855 0 -1
1481 35 80 37 80 1515 1549 1517 1551
856 0 -1
1483 2 92 10 95 1517 1551 1528 1562
857 0 -1
1486 58 28 60 30 1520 1554 1525 1559
858 0 -1
1487 79 43 81 44 1521 1555 1525 1559
859 0 -1
1493 55 82 55 82 1527 1561 1529 1563
860 0 -1
1495 93 19 93 19 1529 1563 1530 1564
861 0 -1
1496 36 48 40 48 1530 1564 1534 1568
862 0 -1
1497 62 26 66 26 1531 1565 1535 1569
863 0 -1
1499 82 50 84 50 1533 1567 1535 1569
864 0 -1
1500 0 85 2 85 1534 1568 1536 1570
865 0 -1
1501 60 0 62 0 1535 1569 1543 1577
866 0 -1
1502 60 26 62 27 1536 1570 1540 1574
867 0 -1
1504 34 84 41 85 1538 1572 1551 1585
868 0 -1
1505 98 29 92 30 1539 1573 1549 1583
869 0 -1
1506 77 30 79 30 1540 1574 1542 1576
870 0 -1
1507 26 26 29 26 1541 1575 1544 1578
871 0 -1
1508 24 62 27 63 1542 1576 1548 1582
872 0 -1
1509 73 51 73 52 1543 1577 1544 1578
873 0 -1
1511 65 72 65 74 1545 1579 1547 1581
874 0 -1
1513 15 93 17 94 1547 1581 1552 1586
875 0 -1
1515 67 93 68 93 1549 1583 1550 1584
876 0 -1
1516 46 39 46 40 1550 1584 1553 1587
877 0 -1
1517 93 56 93 58 1551 1585 1554 1588
878 0 -1
1518 30 52 31 52 1552 1586 1555 1589
879 0 -1
1519 9 22 11 22 1553 1587 1557 1591
880 0 -1
1521 32 11 32 14 1555 1589 1559 1593
881 0 -1
1522 97 27 98 27 1556 1590 1558 1592
882 0 -1
1523 77 81 79 81 1557 1591 1559 1593
883 0 -1
1527 2 81 3 83 1561 1595 1565 1599
884 0 -1
1528 56 42 56 42 1562 1596 1563 1597
885 0 -1
1533 68 48 69 48 1567 1601 1568 1602
886 0 -1
1534 23 81 29 84 1568 1602 1577 1611
887 0 -1
1535 23 28 25 29 1569 1603 1572 1606
888 0 -1
1536 20 11 21 12 1570 1604 1572 1606
889 0 -1
1538 35 87 38 88 1572 1606 1576 1610
890 0 -1
1540 94 30 95 30 1574 1608 1575 1609
891 0 -1
1543 14 3 17 3 1577 1611 1580 1614
892 0 -1
1544 77 45 79 45 1578 1612 1580 1614
893 0 -1
1545 97 72 97 74 1579 1613 1581 1615
894 0 -1
1547 71 91 71 94 1581 1615 1586 1620
895 0 -1
1550 23 13 24 14 1584 1618 1586 1620
896 0 -1
1551 77 60 78 60 1585 1619 1587 1621
897 0 -1
1552 21 95 22 99 1586 1620 1591 1625
898 0 -1
1554 24 22 24 23 1588 1622 1592 1626
899 0 -1
1555 62 50 63 51 1589 1623 1591 1625
900 0 -1
1556 47 39 49 39 1590 1624 1592 1626
901 0 -1
1559 91 48 95 50 1593 1627 1599 1633
902 0 -1
1560 64 93 69 93 1594 1628 1600 1634
903 0 -1
1562 63 33 65 33 1596 1630 1598 1632
904 0 -1
1563 62 31 66 35 1597 1631 1607 1641
905 0 -1
1564 69 62 70 62 1598 1632 1600 1634
906 0 -1
1566 23 57 23 58 1600 1634 1602 1636
907 0 -1
1567 37 19 40 19 1601 1635 1605 1639
908 0 -1
1573 97 65 92 68 1607 1641 1615 1649
909 0 -1
1575 98 55 98 56 1609 1643 1610 1644
910 0 -1
1576 91 60 91 62 1610 1644 1612 1646
911 0 -1
1577 49 11 49 12 1611 1645 1613 1647
912 0 -1
1579 88 70 90 70 1613 1647 1616 1650
913 0 -1
1580 83 25 83 25 1614 1648 1616 1650
914 0 -1
1582 42 27 42 28 1616 1650 1617 1651
915 0 -1
1584 76 57 76 58 1618 1652 1619 1653
916 0 -1
1587 20 40 23 41 1621 1655 1633 1667
917 0 -1
1588 54 24 56 26 1622 1656 1626 1660
918 0 -1
1589 92 73 94 73 1623 1657 1625 1659
919 0 -1
1590 96 16 97 18 1624 1658 1627 1661
920 0 -1
1591 89 79 89 83 1625 1659 1630 1664
921 0 -1
1593 32 11 36 11 1627 1661 1631 1665
922 0 -1
1594 79 58 79 58 1628 1662 1630 1664
923 0 -1
1596 87 7 89 7 1630 1664 1632 1666
924 0 -1
1598 45 47 45 48 1632 1666 1633 1667
925 0 -1
1599 54 60 57 60 1633 1667 1637 1671
926 0 -1
1600 91 32 91 33 1634 1668 1635 1669
927 0 -1
1603 68 14 68 15 1637 1671 1638 1672
928 0 -1
1606 56 87 58 87 1640 1674 1642 1676
929 0 -1
1608 19 70 20 70 1642 1676 1643 1677
930 0 -1
1609 59 40 60 41 1643 1677 1645 1679
931 0 -1
1610 88 69 88 69 1644 1678 1645 1679
932 0 -1
1611 82 17 83 17 1645 1679 1647 1681
933 0 -1
1613 1 59 2 60 1647 1681 1649 1683
934 0 -1
1615 58 2 58 2 1649 1683 1650 1684
935 0 -1
1618 90 39 91 39 1652 1686 1655 1689
936 0 -1
1620 50 92 53 92 1654 1688 1659 1693
937 0 -1
1621 90 95 91 89 1655 1689 1662 1696
938 0 -1
1623 2 45 4 47 1657 1691 1662 1696
939 0 -1
1624 32 32 32 33 1658 1692 1659 1693
940 0 -1
1625 95 37 98 37 1659 1693 1662 1696
941 0 -1
1626 65 76 65 78 1660 1694 1662 1696
942 0 -1
1627 10 32 18 36 1661 1695 1674 1708
943 0 -1
1629 72 22 72 22 1663 1697 1664 1698
944 0 -1
1631 52 52 52 53 1665 1699 1667 1701
945 0 -1
1633 65 37 73 37 1667 1701 1677 1711
946 0 -1
1634 96 26 97 26 1668 1702 1670 1704
947 0 -1
1637 83 32 83 33 1671 1705 1672 1706
948 0 -1
1638 90 85 91 87 1672 1706 1675 1709
949 0 -1
1640 94 35 86 36 1674 1708 1684 1718
950 0 -1
1641 83 53 84 55 1675 1709 1678 1712
951 0 -1
1642 85 25 87 27 1676 1710 1680 1714
952 0 -1
1645 81 84 82 84 1679 1713 1680 1714
953 0 -1
1648 7 92 7 94 1682 1716 1684 1718
954 0 -1
1649 63 32 65 32 1683 1717 1685 1719
955 0 -1
1650 97 13 97 13 1684 1718 1685 1719
956 0 -1
1656 9 59 13 59 1690 1724 1694 1728
957 0 -1
1657 6 13 7 13 1691 1725 1694 1728
958 0 -1
1659 47 93 51 93 1693 1727 1697 1731
959 0 -1
1660 69 23 73 23 1694 1728 1698 1732
960 0 -1
1661 18 47 19 53 1695 1729 1702 1736
961 0 -1
1662 50 67 52 68 1696 1730 1703 1737
962 0 -1
1663 26 57 29 58 1697 1731 1704 1738
963 0 -1
1664 44 33 45 33 1698 1732 1700 1734
964 0 -1
1665 32 1 33 1 1699 1733 1700 1734
965 0 -1
1668 54 68 57 68 1702 1736 1705 1739
966 0 -1
1671 30 18 34 22 1705 1739 1713 1747
967 0 -1
1672 52 72 54 73 1706 1740 1710 1744
968 0 -1
1673 30 65 33 66 1707 1741 1712 1746
969 0 -1
1675 46 56 47 56 1709 1743 1710 1744
970 0 -1
1676 81 81 81 82 1710 1744 1713 1747
971 0 -1
1678 96 1 98 1 1712 1746 1715 1749
972 0 -1
1679 34 74 34 79 1713 1747 1720 1754
973 0 -1
1680 58 58 61 58 1714 1748 1718 1752
974 0 -1
1683 61 16 62 20 1717 1751 1724 1758
975 0 -1
1685 36 35 39 35 1719 1753 1722 1756
976 0 -1
1686 39 16 49 16 1720 1754 1730 1764
977 0 -1
1687 43 63 45 64 1721 1755 1725 1759
978 0 -1
1688 27 94 30 97 1722 1756 1728 1762
979 0 -1
1690 16 30 17 30 1724 1758 1728 1762
980 0 -1
1691 55 36 57 36 1725 1759 1727 1761
981 0 -1
1692 56 71 58 71 1726 1760 1729 1763
982 0 -1
1694 93 88 94 88 1728 1762 1729 1763
983 0 -1
1695 23 89 26 90 1729 1763 1733 1767
984 0 -1
1696 75 90 76 91 1730 1764 1733 1767
985 0 -1
1697 8 45 9 45 1731 1765 1733 1767
986 0 -1
1698 11 68 13 68 1732 1766 1734 1768
987 0 -1
1700 71 4 73 4 1734 1768 1736 1770
988 0 -1
1702 66 73 80 73 1736 1770 1750 1784
989 0 -1
1703 49 20 50 20 1737 1771 1738 1772
990 0 -1
1704 21 61 24 61 1738 1772 1741 1775
991 0 -1
1709 72 42 73 43 1743 1777 1746 1780
992 0 -1
1712 5 17 5 17 1746 1780 1749 1783
993 0 -1
1714 2 4 5 4 1748 1782 1752 1786
994 0 -1
1717 87 5 87 8 1751 1785 1755 1789
995 0 -1
1718 54 91 56 91 1752 1786 1754 1788
996 0 -1
1720 64 16 66 20 1754 1788 1760 1794
997 0 -1
1722 85 68 85 68 1756 1790 1757 1791
998 0 -1
1723 84 57 85 58 1757 1791 1759 1793
999 0 -1
1725 42 93 44 93 1759 1793 1761 1795
1000 0 -1
1726 45 5 47 5 1760 1794 1763 1797
