100 100 1107
16
0 29 92
1 70 64
2 96 82
3 94 57
4 85 20
5 10 94
6 99 69
7 59 6
8 78 5
9 71 78
10 72 50
11 5 99
12 67 58
13 25 11
14 32 9
15 2 34
16
0 0 159 100 6
0
1 1 160 100 6
0
2 2 152 100 6
0
3 3 158 100 6
0
4 4 149 100 6
0
5 5 165 100 6
0
6 6 163 100 6
0
7 7 168 100 6
0
8 8 158 100 6
0
9 9 169 100 6
0
10 10 171 100 6
0
11 11 146 100 6
0
12 12 165 100 6
0
13 13 152 100 6
0
14 14 158 100 6
0
15 15 166 100 6
0
300
1 2 -1
2 37 19 39 19 278 554 281 557
2 8 -1
5 85 24 90 24 281 557 286 562
3 6 -1
7 32 0 33 0 283 559 287 563
4 14 -1
8 58 46 64 46 284 560 293 569
5 13 -1
9 73 49 77 50 285 561 291 567
6 11 -1
10 6 84 7 84 286 562 290 566
7 12 -1
11 83 4 85 7 287 563 293 569
8 8 -1
12 58 28 60 28 288 564 290 566
9 11 -1
13 49 88 50 88 289 565 291 567
10 7 -1
14 54 13 55 15 290 566 293 569
11 13 -1
15 21 62 23 65 291 567 297 573
12 10 -1
17 57 76 59 78 293 569 297 573
13 11 -1
18 46 85 52 85 294 570 300 576
14 9 -1
19 93 65 93 65 295 571 296 572
15 1 -1
20 72 58 74 58 296 572 298 574
16 8 -1
21 48 47 49 47 297 573 299 575
17 11 -1
22 78 63 80 63 298 574 302 578
18 6 -1
24 90 42 92 42 300 576 302 578
19 3 -1
29 19 42 20 43 305 581 311 587
20 10 -1
30 48 48 49 48 306 582 308 584
21 3 -1
31 18 17 18 17 307 583 309 585
22 7 -1
33 65 29 71 29 309 585 315 591
23 4 -1
35 88 25 88 26 311 587 312 588
24 14 -1
36 35 74 37 74 312 588 314 590
25 15 -1
39 37 11 37 11 315 591 316 592
26 8 -1
40 80 1 81 1 316 592 317 593
27 7 -1
41 38 59 38 60 317 593 319 595
28 3 -1
42 77 87 77 87 318 594 319 595
29 2 -1
43 21 60 22 60 319 595 320 596
30 6 -1
45 40 26 40 26 321 597 323 599
31 10 -1
49 34 91 37 91 325 601 328 604
32 1 -1
52 2 14 9 14 328 604 335 611
33 14 -1
53 75 68 78 70 329 605 334 610
34 14 -1
54 64 96 65 96 330 606 331 607
35 15 -1
56 76 70 87 76 332 608 349 625
36 1 -1
57 0 1 2 1 333 609 335 611
37 9 -1
59 0 12 0 12 335 611 336 612
38 3 -1
61 28 58 29 59 337 613 339 615
39 15 -1
62 14 41 15 44 338 614 346 622
40 4 -1
64 74 24 75 25 340 616 359 635
41 3 -1
69 20 49 21 50 345 621 347 623
42 8 -1
71 30 22 36 22 347 623 355 631
43 1 -1
73 1 78 1 81 349 625 354 630
44 8 -1
76 63 34 66 34 352 628 355 631
45 2 -1
78 37 61 37 62 354 630 356 632
46 3 -1
80 73 94 74 95 356 632 359 635
47 1 -1
81 11 58 13 58 357 633 359 635
48 11 -1
82 88 44 90 44 358 634 364 640
49 0 -1
83 9 76 12 76 359 635 364 640
50 5 -1
84 40 52 41 52 360 636 361 637
51 10 -1
86 90 36 93 41 362 638 372 648
52 7 -1
87 9 78 9 78 363 639 364 640
53 14 -1
90 34 57 35 57 366 642 367 643
54 5 -1
91 42 9 43 11 367 643 371 647
55 9 -1
92 65 7 65 8 368 644 369 645
56 0 -1
93 13 36 14 37 369 645 372 648
57 13 -1
94 40 77 46 77 370 646 376 652
58 3 -1
96 13 11 14 11 372 648 374 650
59 6 -1
103 55 71 55 73 379 655 382 658
60 4 -1
105 70 59 71 59 381 657 383 659
61 3 -1
106 65 22 70 27 382 658 392 668
62 8 -1
107 46 32 47 33 383 659 386 662
63 9 -1
108 11 21 18 21 384 660 392 668
64 11 -1
110 29 60 32 65 386 662 394 670
65 2 -1
111 26 78 27 78 387 663 388 664
66 8 -1
114 81 71 81 76 390 666 396 672
67 10 -1
115 92 8 92 12 391 667 396 672
68 13 -1
116 7 72 15 74 392 668 404 680
69 10 -1
119 29 34 31 34 395 671 398 674
70 15 -1
120 66 85 66 85 396 672 397 673
71 3 -1
122 65 84 66 85 398 674 402 678
72 3 -1
123 81 97 83 98 399 675 402 678
73 5 -1
124 37 56 38 59 400 676 404 680
74 11 -1
127 95 83 96 83 403 679 404 680
75 12 -1
128 95 15 84 17 404 680 423 699
76 9 -1
130 55 86 56 86 406 682 407 683
77 14 -1
132 48 49 62 50 408 684 423 699
78 13 -1
134 28 22 28 22 410 686 411 687
79 5 -1
135 36 5 42 8 411 687 422 698
80 9 -1
136 0 54 1 55 412 688 414 690
81 11 -1
139 46 22 46 22 415 691 416 692
82 15 -1
140 11 42 14 42 416 692 420 696
83 3 -1
141 32 31 34 32 417 693 422 698
84 1 -1
144 48 55 52 56 420 696 425 701
85 8 -1
145 84 51 86 51 421 697 423 699
86 14 -1
146 9 43 9 44 422 698 423 699
87 14 -1
147 67 39 68 39 423 699 424 700
88 2 -1
148 62 5 62 5 424 700 425 701
89 10 -1
149 42 39 44 39 425 701 427 703
90 1 -1
150 67 62 71 62 426 702 432 708
91 6 -1
153 78 56 79 56 429 705 430 706
92 2 -1
154 89 99 93 99 430 706 434 710
93 9 -1
155 39 0 39 0 431 707 432 708
94 6 -1
156 7 80 10 82 432 708 437 713
95 2 -1
157 52 91 55 91 433 709 438 714
96 9 -1
160 25 16 30 17 436 712 442 718
97 0 -1
162 17 63 18 63 438 714 439 715
98 9 -1
163 38 76 39 76 439 715 440 716
99 4 -1
166 10 54 12 54 442 718 444 720
100 12 -1
167 52 45 52 50 443 719 448 724
101 9 -1
168 40 65 42 65 444 720 446 722
102 9 -1
169 81 77 85 77 445 721 450 726
103 5 -1
170 75 5 79 5 446 722 451 727
104 8 -1
172 0 27 3 29 448 724 453 729
105 6 -1
173 40 17 42 20 449 725 454 730
106 8 -1
174 72 67 74 67 450 726 452 728
107 7 -1
179 64 22 64 22 455 731 456 732
108 9 -1
183 69 29 72 29 459 735 464 740
109 8 -1
184 85 48 87 48 460 736 462 738
110 12 -1
185 17 15 17 16 461 737 463 739
111 1 -1
186 77 62 86 62 462 738 471 747
112 4 -1
187 46 50 47 54 463 739 469 745
113 13 -1
189 21 87 26 87 465 741 470 746
114 10 -1
190 3 53 4 55 466 742 471 747
115 14 -1
193 59 40 60 40 469 745 470 746
116 10 -1
196 98 65 99 66 472 748 474 750
117 0 -1
197 27 28 28 28 473 749 474 750
118 7 -1
198 87 91 72 93 474 750 492 768
119 5 -1
199 58 43 59 43 475 751 476 752
120 6 -1
200 58 64 59 65 476 752 478 754
121 11 -1
201 81 32 82 32 477 753 478 754
122 11 -1
204 81 35 81 35 480 756 481 757
123 11 -1
208 92 92 92 93 484 760 485 761
124 6 -1
209 7 4 7 4 485 761 486 762
125 4 -1
211 93 73 96 73 487 763 490 766
126 12 -1
212 80 68 82 68 488 764 490 766
127 1 -1
213 71 35 71 42 489 765 497 773
128 12 -1
214 72 47 72 49 490 766 495 771
129 5 -1
218 97 11 91 12 494 770 501 777
130 8 -1
219 20 8 22 8 495 771 497 773
131 10 -1
224 77 38 79 39 500 776 503 779
132 7 -1
225 57 17 59 17 501 777 503 779
133 7 -1
229 18 33 23 34 505 781 511 787
134 13 -1
230 38 94 39 94 506 782 507 783
135 2 -1
231 35 94 37 95 507 783 510 786
136 4 -1
236 38 43 40 43 512 788 514 790
137 2 -1
237 45 8 45 9 513 789 515 791
138 11 -1
240 48 80 52 84 516 792 527 803
139 7 -1
242 25 23 25 25 518 794 520 796
140 9 -1
244 70 99 73 97 520 796 525 801
141 11 -1
245 76 68 80 68 521 797 527 803
142 13 -1
246 45 53 47 53 522 798 525 801
143 2 -1
247 37 76 40 76 523 799 526 802
144 12 -1
248 63 82 64 84 524 800 527 803
145 13 -1
250 33 96 35 96 526 802 528 804
146 1 -1
251 67 13 67 13 527 803 530 806
147 2 -1
253 53 92 53 92 529 805 530 806
148 2 -1
255 39 45 40 45 531 807 533 809
149 5 -1
256 60 18 62 20 532 808 536 812
150 5 -1
257 50 98 51 100 533 809 537 813
151 3 -1
258 79 67 79 67 534 810 535 811
152 11 -1
260 46 69 47 70 536 812 538 814
153 9 -1
261 83 70 93 70 537 813 549 825
154 2 -1
266 38 77 39 78 542 818 546 822
155 10 -1
267 66 94 66 97 543 819 546 822
156 10 -1
268 63 19 65 19 544 820 546 822
157 2 -1
269 38 58 38 58 545 821 546 822
158 6 -1
271 94 28 97 29 547 823 553 829
159 9 -1
272 88 96 89 96 548 824 549 825
160 8 -1
274 29 67 41 68 550 826 563 839
161 2 -1
277 80 9 82 9 553 829 555 831
162 4 -1
278 53 92 59 92 554 830 560 836
163 11 -1
279 45 97 47 99 555 831 559 835
164 7 -1
280 22 60 22 63 556 832 559 835
165 0 -1
283 62 36 62 37 559 835 560 836
166 8 -1
285 67 45 69 45 561 837 564 840
167 5 -1
286 86 57 87 57 562 838 565 841
168 3 -1
289 29 20 31 20 565 841 568 844
169 11 -1
293 79 54 80 57 569 845 573 849
170 1 -1
294 60 35 60 36 570 846 571 847
171 14 -1
295 86 11 87 11 571 847 573 849
172 9 -1
296 83 92 84 93 572 848 576 852
173 4 -1
303 96 59 91 61 579 855 588 864
174 5 -1
305 94 86 99 86 581 857 586 862
175 10 -1
306 65 51 65 52 582 858 583 859
176 13 -1
307 70 26 72 26 583 859 585 861
177 13 -1
310 4 15 6 16 586 862 590 866
178 7 -1
311 42 48 45 49 587 863 591 867
179 1 -1
312 90 9 91 13 588 864 597 873
180 13 -1
313 4 68 4 68 589 865 590 866
181 3 -1
315 48 81 48 83 591 867 593 869
182 9 -1
320 45 0 51 8 596 872 612 888
183 15 -1
321 17 14 19 15 597 873 600 876
184 3 -1
323 66 30 73 33 599 875 612 888
185 13 -1
325 19 32 24 34 601 877 609 885
186 7 -1
326 80 89 80 89 602 878 603 879
187 12 -1
327 28 14 29 16 603 879 606 882
188 3 -1
328 36 78 39 78 604 880 609 885
189 13 -1
329 51 14 54 14 605 881 608 884
190 3 -1
330 30 97 31 98 606 882 611 887
191 1 -1
337 95 87 84 89 613 889 626 902
192 12 -1
340 31 23 33 23 616 892 619 895
193 10 -1
342 98 33 98 34 618 894 619 895
194 13 -1
343 45 44 45 46 619 895 622 898
195 8 -1
345 41 9 47 15 621 897 633 909
196 8 -1
349 66 65 66 66 625 901 626 902
197 10 -1
351 35 50 36 50 627 903 628 904
198 3 -1
354 99 1 96 2 630 906 636 912
199 8 -1
356 46 5 47 5 632 908 633 909
200 7 -1
357 66 23 69 24 633 909 637 913
201 6 -1
358 8 69 9 69 634 910 641 917
202 14 -1
359 44 1 46 1 635 911 638 914
203 4 -1
360 82 13 83 13 636 912 638 914
204 4 -1
361 0 33 4 34 637 913 643 919
205 13 -1
363 85 11 86 11 639 915 640 916
206 2 -1
364 48 19 49 19 640 916 641 917
207 9 -1
365 85 22 85 22 641 917 643 919
208 10 -1
367 62 80 64 83 643 919 649 925
209 8 -1
371 48 52 48 52 647 923 648 924
210 15 -1
372 55 28 60 29 648 924 656 932
211 3 -1
373 5 48 6 50 649 925 652 928
212 9 -1
374 19 35 19 36 650 926 651 927
213 1 -1
375 38 39 38 40 651 927 652 928
214 0 -1
377 15 85 15 85 653 929 654 930
215 2 -1
379 26 87 27 87 655 931 656 932
216 3 -1
380 69 87 70 87 656 932 657 933
217 13 -1
381 51 69 52 71 657 933 662 938
218 11 -1
382 52 37 52 39 658 934 660 936
219 7 -1
383 68 52 69 52 659 935 660 936
220 10 -1
388 36 25 37 25 664 940 665 941
221 9 -1
391 41 25 42 25 667 943 669 945
222 0 -1
392 51 9 53 9 668 944 670 946
223 0 -1
394 85 76 85 78 670 946 673 949
224 2 -1
396 66 99 68 99 672 948 677 953
225 7 -1
397 39 28 39 28 673 949 674 950
226 13 -1
400 48 46 49 47 676 952 678 954
227 2 -1
401 36 83 38 83 677 953 679 955
228 4 -1
403 54 38 56 39 679 955 684 960
229 2 -1
404 63 94 63 95 680 956 682 958
230 6 -1
407 43 66 44 66 683 959 684 960
231 11 -1
408 47 19 48 20 684 960 687 963
232 3 -1
411 68 30 69 31 687 963 689 965
233 2 -1
412 64 5 65 5 688 964 689 965
234 10 -1
414 36 14 37 14 690 966 691 967
235 7 -1
418 36 59 36 60 694 970 695 971
236 14 -1
420 35 4 35 5 696 972 697 973
237 10 -1
421 13 6 14 7 697 973 699 975
238 7 -1
423 8 81 9 81 699 975 700 976
239 12 -1
426 53 1 53 1 702 978 707 983
240 12 -1
428 32 72 33 73 704 980 706 982
241 12 -1
433 54 62 56 62 709 985 711 987
242 11 -1
437 33 70 33 71 713 989 714 990
243 14 -1
439 40 15 42 15 715 991 717 993
244 5 -1
441 35 96 41 97 717 993 725 1001
245 11 -1
446 0 79 4 79 722 998 726 1002
246 12 -1
448 68 92 70 93 724 1000 727 1003
247 0 -1
450 2 61 8 63 726 1002 734 1010
248 7 -1
452 20 75 23 75 728 1004 731 1007
249 8 -1
455 13 94 13 97 731 1007 734 1010
250 0 -1
460 17 16 17 16 736 1012 742 1018
251 7 -1
461 54 75 56 75 737 1013 739 1015
252 0 -1
462 80 89 80 90 738 1014 741 1017
253 10 -1
464 67 61 68 62 740 1016 742 1018
254 11 -1
469 36 78 36 78 745 1021 747 1023
255 3 -1
471 48 81 55 82 747 1023 758 1034
256 7 -1
475 64 48 64 49 751 1027 753 1029
257 1 -1
478 74 85 75 85 754 1030 758 1034
258 14 -1
479 18 7 18 9 755 1031 757 1033
259 2 -1
480 31 37 34 39 756 1032 764 1040
260 8 -1
481 99 97 95 97 757 1033 763 1039
261 15 -1
482 7 61 7 61 758 1034 759 1035
262 6 -1
484 76 73 80 73 760 1036 764 1040
263 6 -1
486 7 87 7 89 762 1038 765 1041
264 3 -1
488 53 37 56 37 764 1040 767 1043
265 10 -1
489 58 63 69 65 765 1041 778 1054
266 9 -1
491 26 1 28 1 767 1043 769 1045
267 6 -1
493 88 20 88 20 769 1045 770 1046
268 15 -1
496 65 22 66 22 772 1048 773 1049
269 14 -1
501 8 14 8 16 777 1053 779 1055
270 13 -1
502 10 51 14 51 778 1054 782 1058
271 5 -1
505 63 50 63 51 781 1057 783 1059
272 1 -1
506 63 27 67 27 782 1058 787 1063
273 14 -1
507 91 4 92 4 783 1059 784 1060
274 0 -1
509 28 2 29 2 785 1061 786 1062
275 14 -1
511 65 46 65 48 787 1063 789 1065
276 6 -1
512 28 76 29 76 788 1064 789 1065
277 7 -1
515 61 74 62 75 791 1067 794 1070
278 6 -1
516 94 78 97 83 792 1068 805 1081
279 3 -1
517 85 42 86 45 793 1069 797 1073
280 2 -1
518 82 53 82 54 794 1070 796 1072
281 3 -1
520 70 79 70 79 796 1072 797 1073
282 13 -1
522 33 70 37 74 798 1074 807 1083
283 7 -1
523 16 55 16 56 799 1075 800 1076
284 11 -1
525 84 0 84 2 801 1077 803 1079
285 3 -1
526 21 4 21 5 802 1078 804 1080
286 8 -1
528 2 56 6 56 804 1080 809 1085
287 5 -1
530 14 29 16 30 806 1082 810 1086
288 1 -1
533 12 84 13 85 809 1085 811 1087
289 7 -1
535 88 35 89 36 811 1087 814 1090
290 1 -1
536 23 39 24 40 812 1088 814 1090
291 13 -1
537 16 19 16 19 813 1089 814 1090
292 14 -1
538 78 30 79 31 814 1090 817 1093
293 8 -1
540 52 9 52 10 816 1092 820 1096
294 7 -1
541 51 94 54 94 817 1093 820 1096
295 9 -1
542 71 13 77 13 818 1094 826 1102
296 14 -1
543 41 0 41 2 819 1095 821 1097
297 15 -1
546 95 17 96 18 822 1098 824 1100
298 6 -1
547 54 22 56 22 823 1099 825 1101
299 7 -1
550 59 2 60 2 826 1102 827 1103
300 4 -1
552 74 42 77 42 828 1104 831 1107
