100 100 831
4
0 84 79
1 34 17
2 72 45
3 27 2
20
0 0 203 100 6
0
1 0 398 100 6
0
2 0 -1 100 6
0
3 0 -1 100 6
0
4 0 -1 100 6
0
5 1 209 100 6
0
6 1 391 100 6
0
7 1 -1 100 6
0
8 1 -1 100 6
0
9 1 -1 100 6
0
10 2 201 100 6
0
11 2 417 100 6
0
12 2 -1 100 6
0
13 2 -1 100 6
0
14 2 -1 100 6
0
15 3 179 100 6
0
16 3 399 100 6
0
17 3 -1 100 6
0
18 3 -1 100 6
0
19 3 -1 100 6
0
300
1 1 -1
2 14 84 17 84 140 278 143 281
2 1 -1
5 36 51 36 52 143 281 148 286
3 3 -1
7 91 89 93 89 145 283 149 287
4 2 -1
8 98 39 92 42 146 284 155 293
5 0 -1
9 81 73 84 73 147 285 153 291
6 3 -1
10 53 31 53 32 148 286 152 290
7 1 -1
11 31 23 33 25 149 287 155 293
8 3 -1
12 4 46 5 46 150 288 152 290
9 3 -1
13 74 66 74 68 151 289 153 291
10 3 -1
14 65 83 67 84 152 290 155 293
11 3 -1
15 97 66 98 71 153 291 159 297
12 2 -1
17 60 59 64 59 155 293 159 297
13 1 -1
18 35 91 41 91 156 294 162 300
14 3 -1
19 15 96 16 96 157 295 158 296
15 0 -1
20 57 1 59 1 158 296 160 298
16 1 -1
21 84 44 86 44 159 297 161 299
17 2 -1
22 49 7 49 9 160 298 164 302
18 1 -1
24 59 35 59 36 162 300 164 302
19 0 -1
29 47 50 51 51 167 305 173 311
20 1 -1
30 81 74 81 75 168 306 170 308
21 3 -1
31 97 69 98 70 169 307 171 309
22 0 -1
33 54 32 55 35 171 309 177 315
23 1 -1
35 21 35 22 35 173 311 174 312
24 3 -1
36 5 9 7 9 174 312 176 314
25 3 -1
39 49 44 49 44 177 315 178 316
26 2 -1
40 37 76 37 76 178 316 179 317
27 2 -1
41 55 25 55 25 179 317 181 319
28 0 -1
42 6 77 6 77 180 318 181 319
29 2 -1
43 16 49 17 49 181 319 182 320
30 1 -1
45 69 55 69 56 183 321 185 323
31 1 -1
49 77 48 77 51 187 325 190 328
32 1 -1
52 47 29 54 29 190 328 197 335
33 0 -1
53 97 97 98 100 191 329 196 334
34 2 -1
54 95 8 95 8 192 330 193 331
35 3 -1
56 75 82 82 83 194 332 211 349
36 3 -1
57 67 76 67 78 195 333 197 335
37 1 -1
59 42 53 43 53 197 335 198 336
38 2 -1
61 52 69 54 69 199 337 201 339
39 2 -1
62 52 5 60 5 200 338 208 346
40 1 -1
64 46 48 56 51 202 340 221 359
41 3 -1
69 8 91 9 91 207 345 209 347
42 3 -1
71 42 38 44 44 209 347 217 355
43 3 -1
73 86 63 86 67 211 349 216 354
44 1 -1
76 92 15 93 16 214 352 217 355
45 0 -1
78 11 91 13 91 216 354 218 356
46 2 -1
80 18 19 19 19 218 356 221 359
47 1 -1
81 22 66 24 66 219 357 221 359
48 3 -1
82 75 51 81 51 220 358 226 364
49 0 -1
83 99 89 99 89 221 359 226 364
50 2 -1
84 7 70 7 71 222 360 223 361
51 3 -1
86 93 35 97 39 224 362 234 372
52 3 -1
87 17 67 17 67 225 363 226 364
53 2 -1
90 60 36 61 36 228 366 229 367
54 0 -1
91 69 69 73 69 229 367 233 371
55 2 -1
92 41 21 41 22 230 368 231 369
56 1 -1
93 9 67 11 67 231 369 234 372
57 3 -1
94 76 8 76 8 232 370 238 376
58 1 -1
96 81 34 81 34 234 372 236 374
59 2 -1
103 13 65 13 65 241 379 244 382
60 2 -1
105 5 2 7 2 243 381 245 383
61 2 -1
106 63 87 69 89 244 382 254 392
62 1 -1
107 13 74 14 75 245 383 248 386
63 1 -1
108 19 65 21 69 246 384 254 392
64 0 -1
110 55 35 62 35 248 386 256 394
65 2 -1
111 81 48 81 48 249 387 250 388
66 0 -1
114 71 30 74 32 252 390 258 396
67 1 -1
115 81 83 86 83 253 391 258 396
68 1 -1
116 66 58 67 69 254 392 266 404
69 0 -1
119 91 22 93 22 257 395 260 398
70 0 -1
120 15 89 15 90 258 396 259 397
71 1 -1
122 11 8 13 9 260 398 264 402
72 1 -1
123 64 20 65 20 261 399 264 402
73 0 -1
124 12 92 12 93 262 400 266 404
74 1 -1
127 95 32 96 32 265 403 266 404
75 3 -1
128 31 39 42 40 266 404 285 423
76 3 -1
130 15 92 16 92 268 406 269 407
77 3 -1
132 64 83 74 84 270 408 285 423
78 2 -1
134 7 29 7 30 272 410 273 411
79 0 -1
135 13 29 15 30 273 411 284 422
80 2 -1
136 57 39 59 39 274 412 276 414
81 0 -1
139 42 66 42 66 277 415 278 416
82 2 -1
140 92 24 96 24 278 416 282 420
83 2 -1
141 21 73 25 73 279 417 284 422
84 3 -1
144 63 38 63 42 282 420 287 425
85 1 -1
145 61 46 63 46 283 421 285 423
86 1 -1
146 5 52 6 52 284 422 285 423
87 2 -1
147 91 48 91 48 285 423 286 424
88 1 -1
148 30 97 31 97 286 424 287 425
89 2 -1
149 36 30 38 30 287 425 289 427
90 1 -1
150 99 34 97 34 288 426 294 432
91 2 -1
153 73 46 73 47 291 429 292 430
92 3 -1
154 25 66 27 68 292 430 296 434
93 2 -1
155 4 78 4 79 293 431 294 432
94 0 -1
156 15 66 15 66 294 432 299 437
95 0 -1
157 7 40 11 41 295 433 300 438
96 3 -1
160 1 79 2 83 298 436 304 442
97 2 -1
162 88 18 89 18 300 438 301 439
98 1 -1
163 89 66 89 66 301 439 302 440
99 0 -1
166 86 54 86 56 304 442 306 444
100 1 -1
167 20 3 25 3 305 443 310 448
101 3 -1
168 94 15 94 17 306 444 308 446
102 1 -1
169 51 63 52 63 307 445 312 450
103 3 -1
170 62 93 67 93 308 446 313 451
104 2 -1
172 28 49 29 51 310 448 315 453
105 1 -1
173 53 50 53 53 311 449 316 454
106 2 -1
174 57 28 58 29 312 450 314 452
107 0 -1
179 9 79 10 79 317 455 318 456
108 0 -1
183 13 51 18 51 321 459 326 464
109 2 -1
184 25 72 25 74 322 460 324 462
110 2 -1
185 26 16 26 17 323 461 325 463
111 2 -1
186 59 5 64 9 324 462 333 471
112 2 -1
187 98 51 99 53 325 463 331 469
113 3 -1
189 10 91 13 91 327 465 332 470
114 3 -1
190 57 66 57 67 328 466 333 471
115 3 -1
193 34 62 35 62 331 469 332 470
116 0 -1
196 92 53 94 53 334 472 336 474
117 2 -1
197 85 79 86 79 335 473 336 474
118 1 -1
198 73 85 76 93 336 474 354 492
119 0 -1
199 8 42 9 42 337 475 338 476
120 3 -1
200 24 65 25 65 338 476 340 478
121 3 -1
201 34 81 35 81 339 477 340 478
122 3 -1
204 93 97 93 97 342 480 343 481
123 0 -1
208 16 0 16 0 346 484 347 485
124 3 -1
209 78 20 79 20 347 485 348 486
125 0 -1
211 59 6 59 6 349 487 352 490
126 1 -1
212 11 1 11 2 350 488 352 490
127 0 -1
213 60 2 62 4 351 489 359 497
128 2 -1
214 17 77 22 77 352 490 357 495
129 1 -1
218 30 30 33 34 356 494 363 501
130 0 -1
219 10 23 10 23 357 495 359 497
131 0 -1
224 54 80 55 81 362 500 365 503
132 2 -1
225 27 37 28 38 363 501 365 503
133 2 -1
229 99 93 97 94 367 505 373 511
134 1 -1
230 49 74 50 74 368 506 369 507
135 1 -1
231 10 75 11 76 369 507 372 510
136 0 -1
236 18 3 19 4 374 512 376 514
137 1 -1
237 36 18 38 18 375 513 377 515
138 1 -1
240 67 30 76 32 378 516 389 527
139 1 -1
242 17 78 17 80 380 518 382 520
140 2 -1
244 85 73 89 74 382 520 387 525
141 0 -1
245 50 84 53 86 383 521 389 527
142 3 -1
246 22 11 22 11 384 522 387 525
143 0 -1
247 38 94 40 94 385 523 388 526
144 3 -1
248 59 79 60 80 386 524 389 527
145 3 -1
250 7 94 7 94 388 526 390 528
146 0 -1
251 86 30 88 30 389 527 392 530
147 3 -1
253 42 52 43 52 391 529 392 530
148 0 -1
255 66 85 67 86 393 531 395 533
149 1 -1
256 63 15 65 16 394 532 398 536
150 2 -1
257 39 71 40 74 395 533 399 537
151 0 -1
258 44 12 45 12 396 534 397 535
152 1 -1
260 22 86 24 86 398 536 400 538
153 2 -1
261 95 72 89 74 399 537 411 549
154 0 -1
266 33 47 35 48 404 542 408 546
155 2 -1
267 29 78 31 79 405 543 408 546
156 2 -1
268 5 48 6 49 406 544 408 546
157 3 -1
269 58 9 58 10 407 545 408 546
158 3 -1
271 45 34 47 34 409 547 415 553
159 0 -1
272 66 67 67 67 410 548 411 549
160 3 -1
274 8 71 19 73 412 550 425 563
161 1 -1
277 54 75 56 75 415 553 417 555
162 3 -1
278 85 15 88 16 416 554 422 560
163 2 -1
279 44 80 48 80 417 555 421 559
164 3 -1
280 24 17 26 17 418 556 421 559
165 2 -1
283 94 27 95 27 421 559 422 560
166 3 -1
285 72 95 75 95 423 561 426 564
167 3 -1
286 32 92 32 94 424 562 427 565
168 0 -1
289 73 56 74 57 427 565 430 568
169 3 -1
293 66 23 67 23 431 569 435 573
170 0 -1
294 90 98 90 99 432 570 433 571
171 3 -1
295 59 14 59 16 433 571 435 573
172 3 -1
296 26 69 28 69 434 572 438 576
173 2 -1
303 79 88 81 92 441 579 450 588
174 2 -1
305 20 73 22 75 443 581 448 586
175 3 -1
306 38 9 39 9 444 582 445 583
176 1 -1
307 24 88 25 88 445 583 447 585
177 0 -1
310 58 81 60 81 448 586 452 590
178 2 -1
311 6 67 6 70 449 587 453 591
179 3 -1
312 46 52 47 56 450 588 459 597
180 1 -1
313 92 93 92 93 451 589 452 590
181 1 -1
315 35 39 36 40 453 591 455 593
182 3 -1
320 51 89 63 90 458 596 474 612
183 1 -1
321 42 28 45 28 459 597 462 600
184 0 -1
323 40 77 48 80 461 599 474 612
185 2 -1
325 92 8 97 11 463 601 471 609
186 3 -1
326 63 30 64 30 464 602 465 603
187 3 -1
327 38 24 40 24 465 603 468 606
188 2 -1
328 86 92 90 92 466 604 471 609
189 3 -1
329 3 36 4 36 467 605 470 608
190 3 -1
330 57 84 61 84 468 606 473 611
191 1 -1
337 0 71 7 71 475 613 488 626
192 1 -1
340 54 80 55 81 478 616 481 619
193 0 -1
342 58 76 59 76 480 618 481 619
194 3 -1
343 41 10 44 10 481 619 484 622
195 2 -1
345 62 84 69 88 483 621 495 633
196 3 -1
349 82 28 83 28 487 625 488 626
197 0 -1
351 76 58 76 59 489 627 490 628
198 3 -1
354 30 33 35 34 492 630 498 636
199 3 -1
356 8 80 8 80 494 632 495 633
200 1 -1
357 92 69 92 70 495 633 499 637
201 1 -1
358 21 39 28 39 496 634 503 641
202 0 -1
359 62 74 63 74 497 635 500 638
203 2 -1
360 32 0 33 0 498 636 500 638
204 0 -1
361 35 94 37 95 499 637 505 643
205 3 -1
363 41 91 41 91 501 639 502 640
206 0 -1
364 55 45 55 46 502 640 503 641
207 1 -1
365 97 66 97 66 503 641 505 643
208 2 -1
367 93 76 94 78 505 643 511 649
209 3 -1
371 42 15 42 16 509 647 510 648
210 2 -1
372 24 13 31 13 510 648 518 656
211 3 -1
373 53 53 56 53 511 649 514 652
212 1 -1
374 49 29 49 29 512 650 513 651
213 3 -1
375 55 49 55 49 513 651 514 652
214 3 -1
377 91 11 92 11 515 653 516 654
215 2 -1
379 3 62 3 63 517 655 518 656
216 0 -1
380 86 93 86 94 518 656 519 657
217 2 -1
381 80 13 83 15 519 657 524 662
218 1 -1
382 65 19 67 19 520 658 522 660
219 2 -1
383 66 20 67 20 521 659 522 660
220 0 -1
388 7 23 7 24 526 664 527 665
221 1 -1
391 35 80 35 81 529 667 531 669
222 1 -1
392 65 8 66 9 530 668 532 670
223 2 -1
394 93 20 93 21 532 670 535 673
224 1 -1
396 69 29 74 29 534 672 539 677
225 1 -1
397 54 61 55 61 535 673 536 674
226 3 -1
400 79 24 80 25 538 676 540 678
227 2 -1
401 61 8 61 10 539 677 541 679
228 3 -1
403 26 41 27 43 541 679 546 684
229 2 -1
404 30 84 30 85 542 680 544 682
230 0 -1
407 78 28 78 29 545 683 546 684
231 3 -1
408 39 74 40 76 546 684 549 687
232 2 -1
411 34 71 35 71 549 687 551 689
233 2 -1
412 27 71 28 71 550 688 551 689
234 2 -1
414 76 3 77 3 552 690 553 691
235 2 -1
418 91 36 91 37 556 694 557 695
236 0 -1
420 17 40 17 40 558 696 559 697
237 0 -1
421 26 47 28 47 559 697 561 699
238 2 -1
423 20 94 21 94 561 699 562 700
239 1 -1
426 14 2 15 3 564 702 569 707
240 1 -1
428 24 1 26 1 566 704 568 706
241 0 -1
433 68 31 68 31 571 709 573 711
242 2 -1
437 40 43 41 43 575 713 576 714
243 0 -1
439 76 99 78 99 577 715 579 717
244 3 -1
441 98 26 92 28 579 717 587 725
245 0 -1
446 17 40 21 40 584 722 588 726
246 0 -1
448 50 73 51 75 586 724 589 727
247 2 -1
450 43 0 50 1 588 726 596 734
248 3 -1
452 36 36 36 37 590 728 593 731
249 0 -1
455 53 94 55 95 593 731 596 734
250 0 -1
460 16 96 21 97 598 736 604 742
251 2 -1
461 9 87 9 89 599 737 601 739
252 2 -1
462 64 93 66 93 600 738 603 741
253 1 -1
464 65 20 65 21 602 740 604 742
254 2 -1
469 83 27 83 27 607 745 609 747
255 0 -1
471 73 68 81 68 609 747 620 758
256 3 -1
475 90 49 92 49 613 751 615 753
257 2 -1
478 37 67 37 70 616 754 620 758
258 3 -1
479 94 18 95 19 617 755 619 757
259 1 -1
480 34 63 37 68 618 756 626 764
260 1 -1
481 45 88 49 90 619 757 625 763
261 1 -1
482 75 46 75 46 620 758 621 759
262 2 -1
484 74 29 78 29 622 760 626 764
263 2 -1
486 28 82 31 82 624 762 627 765
264 2 -1
488 33 16 35 16 626 764 629 767
265 1 -1
489 66 87 79 87 627 765 640 778
266 0 -1
491 22 82 24 82 629 767 631 769
267 3 -1
493 62 45 62 45 631 769 632 770
268 0 -1
496 4 36 5 36 634 772 635 773
269 1 -1
501 14 67 14 68 639 777 641 779
270 2 -1
502 45 98 47 98 640 778 644 782
271 1 -1
505 58 26 59 27 643 781 645 783
272 1 -1
506 78 85 78 90 644 782 649 787
273 0 -1
507 32 90 32 91 645 783 646 784
274 3 -1
509 65 37 65 37 647 785 648 786
275 1 -1
511 81 72 81 72 649 787 651 789
276 1 -1
512 41 93 42 93 650 788 651 789
277 2 -1
515 21 69 24 69 653 791 656 794
278 3 -1
516 17 15 22 17 654 792 667 805
279 2 -1
517 44 66 44 66 655 793 659 797
280 0 -1
518 16 85 17 86 656 794 658 796
281 3 -1
520 54 41 55 41 658 796 659 797
282 1 -1
522 57 87 66 87 660 798 669 807
283 3 -1
523 36 62 37 62 661 799 662 800
284 3 -1
525 92 75 94 75 663 801 665 803
285 0 -1
526 1 55 3 55 664 802 666 804
286 0 -1
528 93 77 98 77 666 804 671 809
287 2 -1
530 8 81 8 83 668 806 672 810
288 3 -1
533 19 18 21 18 671 809 673 811
289 0 -1
535 2 4 4 4 673 811 676 814
290 1 -1
536 16 69 17 70 674 812 676 814
291 3 -1
537 68 5 68 5 675 813 676 814
292 2 -1
538 91 94 92 94 676 814 679 817
293 0 -1
540 26 83 28 83 678 816 682 820
294 1 -1
541 25 62 28 62 679 817 682 820
295 2 -1
542 10 64 12 67 680 818 688 826
296 1 -1
543 60 73 61 74 681 819 683 821
297 0 -1
546 15 73 16 74 684 822 686 824
298 2 -1
547 62 39 63 39 685 823 687 825
299 3 -1
550 17 25 17 26 688 826 689 827
300 2 -1
552 79 58 79 60 690 828 693 831
