100 100 2073
4
0 62 89
1 0 6
2 15 23
3 22 85
72
0 0 406 100 6
0
1 0 776 100 6
0
2 0 1138 100 6
0
3 0 1551 100 6
0
4 0 -1 100 6
0
5 0 -1 100 6
0
6 0 -1 100 6
0
7 0 -1 100 6
0
8 0 -1 100 6
0
9 0 -1 100 6
0
10 0 -1 100 6
0
11 0 -1 100 6
0
12 0 -1 100 6
0
13 0 -1 100 6
0
14 0 -1 100 6
0
15 0 -1 100 6
0
16 0 -1 100 6
0
17 0 -1 100 6
0
18 1 393 100 6
0
19 1 769 100 6
0
20 1 1126 100 6
0
21 1 1503 100 6
0
22 1 -1 100 6
0
23 1 -1 100 6
0
24 1 -1 100 6
0
25 1 -1 100 6
0
26 1 -1 100 6
0
27 1 -1 100 6
0
28 1 -1 100 6
0
29 1 -1 100 6
0
30 1 -1 100 6
0
31 1 -1 100 6
0
32 1 -1 100 6
0
33 1 -1 100 6
0
34 1 -1 100 6
0
35 1 -1 100 6
0
36 2 361 100 6
0
37 2 771 100 6
0
38 2 1172 100 6
0
39 2 1548 100 6
0
40 2 -1 100 6
0
41 2 -1 100 6
0
42 2 -1 100 6
0
43 2 -1 100 6
0
44 2 -1 100 6
0
45 2 -1 100 6
0
46 2 -1 100 6
0
47 2 -1 100 6
0
48 2 -1 100 6
0
49 2 -1 100 6
0
50 2 -1 100 6
0
51 2 -1 100 6
0
52 2 -1 100 6
0
53 2 -1 100 6
0
54 3 413 100 6
0
55 3 758 100 6
0
56 3 1134 100 6
0
57 3 1535 100 6
0
58 3 -1 100 6
0
59 3 -1 100 6
0
60 3 -1 100 6
0
61 3 -1 100 6
0
62 3 -1 100 6
0
63 3 -1 100 6
0
64 3 -1 100 6
0
65 3 -1 100 6
0
66 3 -1 100 6
0
67 3 -1 100 6
0
68 3 -1 100 6
0
69 3 -1 100 6
0
70 3 -1 100 6
0
71 3 -1 100 6
0
1000
1 2 -1
2 24 60 24 61 174 346 177 349
2 2 -1
5 86 97 89 98 177 349 182 354
3 2 -1
7 51 92 53 92 179 351 183 355
4 2 -1
8 86 42 94 42 180 352 189 361
5 1 -1
9 28 29 32 30 181 353 187 359
6 2 -1
10 50 17 51 20 182 354 186 358
7 2 -1
11 71 99 72 94 183 355 189 361
8 0 -1
12 16 46 17 46 184 356 186 358
9 0 -1
13 33 13 33 14 185 357 187 359
10 0 -1
14 63 12 66 12 186 358 189 361
11 2 -1
15 61 94 61 94 187 359 193 365
12 0 -1
17 61 51 64 52 189 361 193 365
13 3 -1
18 45 48 45 48 190 362 196 368
14 3 -1
19 54 47 54 48 191 363 192 364
15 0 -1
20 32 88 34 88 192 364 194 366
16 2 -1
21 53 64 53 64 193 365 195 367
17 0 -1
22 15 11 15 11 194 366 198 370
18 2 -1
24 9 55 10 56 196 368 198 370
19 1 -1
29 23 88 25 89 201 373 207 379
20 0 -1
30 95 80 97 80 202 374 204 376
21 0 -1
31 32 67 34 67 203 375 205 377
22 1 -1
33 68 13 68 19 205 377 211 383
23 2 -1
35 74 33 74 33 207 379 208 380
24 3 -1
36 36 78 37 78 208 380 210 382
25 3 -1
39 33 21 33 22 211 383 212 384
26 0 -1
40 4 69 4 70 212 384 213 385
27 0 -1
41 1 84 1 85 213 385 215 387
28 3 -1
42 64 84 65 84 214 386 215 387
29 0 -1
43 33 62 33 63 215 387 216 388
30 2 -1
45 37 54 37 55 217 389 219 391
31 0 -1
49 99 48 98 48 221 393 224 396
32 2 -1
52 72 19 75 23 224 396 231 403
33 3 -1
53 32 88 36 88 225 397 230 402
34 3 -1
54 57 80 58 80 226 398 227 399
35 2 -1
56 91 2 75 2 228 400 245 417
36 0 -1
57 17 16 17 18 229 401 231 403
37 2 -1
59 75 19 76 19 231 403 232 404
38 2 -1
61 25 44 26 44 233 405 235 407
39 0 -1
62 81 59 85 61 234 406 242 414
40 3 -1
64 35 7 48 9 236 408 255 427
41 3 -1
69 78 99 80 99 241 413 243 415
42 1 -1
71 48 95 49 99 243 415 251 423
43 2 -1
73 44 74 45 74 245 417 250 422
44 0 -1
76 91 62 91 64 248 420 251 423
45 0 -1
78 38 17 38 17 250 422 252 424
46 1 -1
80 86 0 86 1 252 424 255 427
47 0 -1
81 2 13 3 14 253 425 255 427
48 2 -1
82 27 44 32 45 254 426 260 432
49 2 -1
83 38 6 43 6 255 427 260 432
50 2 -1
84 5 27 5 27 256 428 257 429
51 0 -1
86 82 55 83 61 258 430 268 440
52 2 -1
87 44 62 44 62 259 431 260 432
53 0 -1
90 61 42 62 42 262 434 263 435
54 3 -1
91 98 34 95 35 263 435 267 439
55 2 -1
92 94 57 94 57 264 436 265 437
56 0 -1
93 59 10 61 11 265 437 268 440
57 0 -1
94 10 49 13 52 266 438 272 444
58 1 -1
96 61 39 61 40 268 440 270 442
59 1 -1
103 67 45 68 45 275 447 278 450
60 2 -1
105 17 25 18 25 277 449 279 451
61 2 -1
106 56 45 62 45 278 450 288 460
62 3 -1
107 4 47 4 48 279 451 282 454
63 1 -1
108 45 54 53 54 280 452 288 460
64 2 -1
110 60 53 61 58 282 454 290 462
65 3 -1
111 80 87 80 88 283 455 284 456
66 2 -1
114 54 67 56 71 286 458 292 464
67 0 -1
115 1 22 3 24 287 459 292 464
68 3 -1
116 71 3 71 7 288 460 300 472
69 1 -1
119 73 64 75 64 291 463 294 466
70 3 -1
120 5 60 6 60 292 464 293 465
71 0 -1
122 61 96 61 96 294 466 298 470
72 2 -1
123 80 35 80 38 295 467 298 470
73 2 -1
124 60 97 62 97 296 468 300 472
74 2 -1
127 19 76 20 76 299 471 300 472
75 0 -1
128 18 52 35 53 300 472 319 491
76 1 -1
130 65 70 66 70 302 474 303 475
77 3 -1
132 96 3 87 3 304 476 319 491
78 2 -1
134 68 13 68 13 306 478 307 479
79 0 -1
135 1 55 2 60 307 479 318 490
80 2 -1
136 20 36 20 36 308 480 310 482
81 0 -1
139 61 20 62 20 311 483 312 484
82 1 -1
140 72 52 75 52 312 484 316 488
83 2 -1
141 24 48 28 48 313 485 318 490
84 3 -1
144 42 28 47 28 316 488 321 493
85 0 -1
145 81 57 82 58 317 489 319 491
86 1 -1
146 87 20 88 20 318 490 319 491
87 0 -1
147 22 71 23 71 319 491 320 492
88 0 -1
148 55 3 56 3 320 492 321 493
89 2 -1
149 48 75 48 76 321 493 323 495
90 0 -1
150 70 51 70 52 322 494 328 500
91 3 -1
153 48 24 48 25 325 497 326 498
92 0 -1
154 51 51 54 52 326 498 330 502
93 3 -1
155 67 7 69 9 327 499 331 503
94 2 -1
156 28 79 32 80 328 500 333 505
95 1 -1
157 72 0 77 0 329 501 334 506
96 0 -1
160 38 11 38 15 332 504 338 510
97 2 -1
162 36 80 37 80 334 506 335 507
98 0 -1
163 92 85 92 85 335 507 336 508
99 3 -1
166 84 95 86 95 338 510 340 512
100 1 -1
167 34 62 36 63 339 511 344 516
101 3 -1
168 35 28 35 30 340 512 342 514
102 2 -1
169 56 46 59 47 341 513 346 518
103 3 -1
170 95 62 95 65 342 514 347 519
104 0 -1
172 44 29 44 30 344 516 349 521
105 0 -1
173 52 34 52 35 345 517 350 522
106 0 -1
174 99 76 99 78 346 518 348 520
107 1 -1
179 10 9 10 9 351 523 352 524
108 1 -1
183 46 6 48 9 355 527 360 532
109 1 -1
184 48 35 49 35 356 528 358 530
110 0 -1
185 82 66 83 67 357 529 359 531
111 3 -1
186 58 65 59 71 358 530 367 539
112 2 -1
187 90 90 96 90 359 531 365 537
113 0 -1
189 21 34 26 34 361 533 366 538
114 0 -1
190 26 62 30 63 362 534 367 539
115 1 -1
193 67 18 68 18 365 537 366 538
116 2 -1
196 13 99 13 97 368 540 370 542
117 3 -1
197 67 64 67 64 369 541 370 542
118 1 -1
198 33 82 44 83 370 542 388 560
119 0 -1
199 49 83 49 83 371 543 372 544
120 3 -1
200 0 96 0 98 372 544 374 546
121 2 -1
201 32 8 32 9 373 545 374 546
122 2 -1
204 75 8 76 8 376 548 377 549
123 2 -1
208 4 69 4 70 380 552 381 553
124 1 -1
209 93 32 93 33 381 553 382 554
125 3 -1
211 80 6 81 6 383 555 386 558
126 0 -1
212 43 70 43 72 384 556 386 558
127 2 -1
213 25 13 30 14 385 557 393 565
128 0 -1
214 74 93 79 93 386 558 391 563
129 1 -1
218 57 22 64 22 390 562 397 569
130 0 -1
219 95 62 95 64 391 563 393 565
131 3 -1
224 80 52 80 54 396 568 399 571
132 3 -1
225 7 52 8 52 397 569 399 571
133 2 -1
229 59 19 60 24 401 573 407 579
134 3 -1
230 71 11 71 11 402 574 403 575
135 1 -1
231 92 35 95 35 403 575 406 578
136 3 -1
236 41 70 41 72 408 580 410 582
137 0 -1
237 30 42 30 44 409 581 411 583
138 3 -1
240 48 37 52 39 412 584 423 595
139 0 -1
242 67 16 68 17 414 586 416 588
140 2 -1
244 41 12 45 13 416 588 421 593
141 2 -1
245 64 85 69 86 417 589 423 595
142 2 -1
246 20 43 21 43 418 590 421 593
143 2 -1
247 42 29 42 30 419 591 422 594
144 3 -1
248 71 64 73 64 420 592 423 595
145 3 -1
250 86 15 87 16 422 594 424 596
146 1 -1
251 0 73 1 73 423 595 426 598
147 3 -1
253 91 93 92 93 425 597 426 598
148 1 -1
255 89 88 89 89 427 599 429 601
149 3 -1
256 78 25 79 25 428 600 432 604
150 1 -1
257 89 59 92 60 429 601 433 605
151 0 -1
258 58 94 59 94 430 602 431 603
152 3 -1
260 37 5 38 6 432 604 434 606
153 1 -1
261 72 0 74 7 433 605 445 617
154 0 -1
266 62 52 64 52 438 610 442 614
155 3 -1
267 36 47 38 47 439 611 442 614
156 1 -1
268 39 58 41 58 440 612 442 614
157 3 -1
269 46 50 46 51 441 613 442 614
158 2 -1
271 96 92 99 94 443 615 449 621
159 3 -1
272 30 33 31 33 444 616 445 617
160 0 -1
274 99 22 98 28 446 618 459 631
161 3 -1
277 42 14 44 14 449 621 451 623
162 2 -1
278 92 0 98 0 450 622 456 628
163 2 -1
279 7 24 11 24 451 623 455 627
164 3 -1
280 83 60 86 60 452 624 455 627
165 0 -1
283 73 5 74 5 455 627 456 628
166 2 -1
285 54 28 57 28 457 629 460 632
167 2 -1
286 75 54 75 56 458 630 461 633
168 0 -1
289 68 47 69 48 461 633 464 636
169 1 -1
293 68 14 71 15 465 637 469 641
170 1 -1
294 57 41 60 41 466 638 470 642
171 2 -1
295 47 16 48 16 467 639 469 641
172 0 -1
296 72 32 73 32 468 640 472 644
173 1 -1
303 55 63 61 66 475 647 484 656
174 1 -1
305 79 41 79 43 477 649 482 654
175 0 -1
306 13 94 14 94 478 650 479 651
176 0 -1
307 62 20 62 22 479 651 481 653
177 3 -1
310 75 1 79 1 482 654 486 658
178 2 -1
311 73 63 76 63 483 655 487 659
179 3 -1
312 3 94 5 87 484 656 493 665
180 0 -1
313 91 85 91 86 485 657 486 658
181 3 -1
315 7 7 8 8 487 659 489 661
182 2 -1
320 36 74 41 85 492 664 508 680
183 1 -1
321 74 89 77 89 493 665 496 668
184 3 -1
323 3 43 6 48 495 667 508 680
185 0 -1
325 97 26 91 27 497 669 505 677
186 0 -1
326 99 71 98 71 498 670 499 671
187 1 -1
327 80 63 83 63 499 671 502 674
188 0 -1
328 52 87 54 89 500 672 505 677
189 0 -1
329 78 54 80 54 501 673 504 676
190 2 -1
330 84 59 84 62 502 674 507 679
191 2 -1
337 95 46 82 46 509 681 522 694
192 0 -1
340 63 67 65 67 512 684 515 687
193 3 -1
342 83 69 83 70 514 686 515 687
194 2 -1
343 62 9 65 9 515 687 518 690
195 1 -1
345 31 4 35 12 517 689 529 701
196 3 -1
349 24 19 25 19 521 693 522 694
197 0 -1
351 86 39 86 39 523 695 524 696
198 3 -1
354 23 85 27 87 526 698 532 704
199 3 -1
356 78 67 79 67 528 700 529 701
200 3 -1
357 66 84 70 84 529 701 533 705
201 2 -1
358 88 90 88 91 530 702 537 709
202 1 -1
359 49 45 52 45 531 703 534 706
203 1 -1
360 55 25 55 26 532 704 534 706
204 3 -1
361 3 30 9 30 533 705 539 711
205 3 -1
363 69 23 70 23 535 707 536 708
206 0 -1
364 76 27 76 27 536 708 537 709
207 1 -1
365 93 77 94 78 537 709 539 711
208 3 -1
367 96 55 99 58 539 711 545 717
209 1 -1
371 31 71 32 71 543 715 544 716
210 0 -1
372 68 25 72 29 544 716 552 724
211 2 -1
373 3 15 4 15 545 717 548 720
212 0 -1
374 43 81 44 81 546 718 547 719
213 1 -1
375 31 49 31 49 547 719 548 720
214 1 -1
377 48 84 48 84 549 721 550 722
215 3 -1
379 93 12 93 13 551 723 552 724
216 1 -1
380 91 41 92 41 552 724 553 725
217 0 -1
381 51 67 53 68 553 725 558 730
218 0 -1
382 18 41 20 41 554 726 556 728
219 3 -1
383 63 11 63 11 555 727 556 728
220 1 -1
388 41 45 41 45 560 732 561 733
221 2 -1
391 86 34 87 34 563 735 565 737
222 3 -1
392 67 42 68 43 564 736 566 738
223 2 -1
394 36 0 38 1 566 738 569 741
224 0 -1
396 63 31 68 31 568 740 573 745
225 0 -1
397 61 30 61 31 569 741 570 742
226 3 -1
400 20 45 21 45 572 744 574 746
227 0 -1
401 59 30 61 30 573 745 575 747
228 2 -1
403 19 77 21 79 575 747 580 752
229 3 -1
404 46 95 47 95 576 748 578 750
230 3 -1
407 74 85 74 85 579 751 580 752
231 0 -1
408 24 96 26 97 580 752 583 755
232 2 -1
411 26 57 27 58 583 755 585 757
233 0 -1
412 43 9 43 10 584 756 585 757
234 2 -1
414 16 2 17 2 586 758 587 759
235 1 -1
418 98 10 99 10 590 762 591 763
236 3 -1
420 29 39 29 39 592 764 593 765
237 2 -1
421 13 81 15 81 593 765 595 767
238 3 -1
423 19 94 19 94 595 767 596 768
239 3 -1
426 84 48 89 48 598 770 603 775
240 1 -1
428 74 61 75 61 600 772 602 774
241 0 -1
433 44 71 45 72 605 777 607 779
242 2 -1
437 57 21 58 21 609 781 610 782
243 0 -1
439 20 8 21 8 611 783 613 785
244 3 -1
441 35 64 36 69 613 785 621 793
245 2 -1
446 10 99 12 100 618 790 622 794
246 0 -1
448 20 53 23 53 620 792 623 795
247 2 -1
450 71 45 75 47 622 794 630 802
248 3 -1
452 18 76 20 76 624 796 627 799
249 2 -1
455 50 46 53 46 627 799 630 802
250 1 -1
460 55 5 55 8 632 804 638 810
251 3 -1
461 63 38 65 38 633 805 635 807
252 2 -1
462 69 86 72 86 634 806 637 809
253 0 -1
464 54 89 54 91 636 808 638 810
254 0 -1
469 99 68 97 68 641 813 643 815
255 1 -1
471 3 46 10 47 643 815 654 826
256 1 -1
475 61 85 63 85 647 819 649 821
257 3 -1
478 95 23 97 23 650 822 654 826
258 3 -1
479 71 81 73 81 651 823 653 825
259 3 -1
480 75 3 76 4 652 824 660 832
260 3 -1
481 69 92 71 96 653 825 659 831
261 1 -1
482 79 17 79 17 654 826 655 827
262 2 -1
484 21 34 23 35 656 828 660 832
263 0 -1
486 13 39 13 41 658 830 661 833
264 1 -1
488 40 48 43 48 660 832 663 835
265 3 -1
489 70 73 83 73 661 833 674 846
266 1 -1
491 34 99 36 99 663 835 665 837
267 0 -1
493 15 67 15 67 665 837 666 838
268 3 -1
496 15 88 16 88 668 840 669 841
269 2 -1
501 70 69 72 69 673 845 675 847
270 2 -1
502 59 70 62 70 674 846 678 850
271 2 -1
505 28 61 28 61 677 849 679 851
272 0 -1
506 7 96 11 97 678 850 683 855
273 3 -1
507 93 87 95 88 679 851 683 855
274 3 -1
509 68 96 68 96 681 853 682 854
275 3 -1
511 42 99 44 99 683 855 685 857
276 0 -1
512 57 59 58 59 684 856 685 857
277 3 -1
515 77 58 79 58 687 859 690 862
278 3 -1
516 75 27 76 27 688 860 701 873
279 0 -1
517 43 3 45 3 689 861 693 865
280 1 -1
518 48 63 50 63 690 862 692 864
281 3 -1
520 14 53 14 53 692 864 693 865
282 2 -1
522 95 28 86 28 694 866 703 875
283 0 -1
523 88 59 88 60 695 867 696 868
284 1 -1
525 87 20 88 20 697 869 699 871
285 1 -1
526 69 30 71 30 698 870 700 872
286 1 -1
528 29 28 33 28 700 872 705 877
287 1 -1
530 91 19 93 19 702 874 706 878
288 1 -1
533 96 94 98 94 705 877 707 879
289 2 -1
535 5 39 6 39 707 879 710 882
290 3 -1
536 31 65 31 67 708 880 710 882
291 2 -1
537 19 85 20 85 709 881 710 882
292 0 -1
538 79 70 79 73 710 882 713 885
293 0 -1
540 75 12 79 12 712 884 716 888
294 0 -1
541 92 53 94 54 713 885 716 888
295 3 -1
542 64 18 71 18 714 886 722 894
296 1 -1
543 85 93 85 93 715 887 717 889
297 2 -1
546 77 55 79 55 718 890 720 892
298 2 -1
547 15 20 17 20 719 891 721 893
299 0 -1
550 56 58 57 58 722 894 723 895
300 3 -1
552 16 28 17 30 724 896 727 899
301 1 -1
553 15 55 17 55 725 897 727 899
302 1 -1
555 87 7 88 10 727 899 732 904
303 0 -1
556 47 61 49 61 728 900 730 902
304 1 -1
558 30 43 30 43 730 902 731 903
305 1 -1
559 29 92 34 92 731 903 736 908
306 3 -1
560 50 35 51 35 732 904 734 906
307 0 -1
562 27 64 27 64 734 906 735 907
308 2 -1
565 68 29 69 30 737 909 741 913
309 2 -1
566 85 95 88 95 738 910 742 914
310 2 -1
567 6 47 6 47 739 911 740 912
311 2 -1
570 3 90 7 90 742 914 746 918
312 0 -1
572 4 3 4 5 744 916 747 919
313 3 -1
573 64 78 67 78 745 917 748 920
314 0 -1
575 90 82 92 82 747 919 749 921
315 0 -1
577 1 75 1 76 749 921 750 922
316 2 -1
578 67 8 67 9 750 922 752 924
317 1 -1
579 63 10 64 11 751 923 756 928
318 1 -1
580 23 19 24 19 752 924 753 925
319 0 -1
585 79 4 81 5 757 929 760 932
320 3 -1
588 5 97 5 98 760 932 765 937
321 0 -1
589 74 41 83 43 761 933 776 948
322 1 -1
592 63 44 63 45 764 936 765 937
323 3 -1
594 38 25 38 25 766 938 768 940
324 3 -1
595 4 89 5 96 767 939 782 954
325 2 -1
596 12 58 12 59 768 940 772 944
326 3 -1
597 61 69 64 74 769 941 777 949
327 2 -1
599 46 47 48 53 771 943 779 951
328 0 -1
600 91 11 93 11 772 944 775 947
329 2 -1
601 36 81 37 82 773 945 775 947
330 0 -1
603 96 53 97 54 775 947 777 949
331 2 -1
608 71 94 74 94 780 952 783 955
332 3 -1
609 4 27 5 27 781 953 782 954
333 1 -1
610 65 84 68 84 782 954 787 959
334 2 -1
611 42 13 44 15 783 955 787 959
335 0 -1
613 28 18 34 18 785 957 793 965
336 2 -1
614 95 85 89 85 786 958 792 964
337 2 -1
615 24 40 24 41 787 959 788 960
338 2 -1
616 47 28 48 29 788 960 790 962
339 2 -1
619 44 19 46 19 791 963 796 968
340 3 -1
620 25 55 27 55 792 964 794 966
341 2 -1
621 34 62 35 64 793 965 798 970
342 3 -1
622 63 70 63 73 794 966 797 969
343 1 -1
623 29 19 29 21 795 967 797 969
344 1 -1
624 42 64 42 64 796 968 797 969
345 2 -1
625 74 25 75 26 797 969 799 971
346 2 -1
628 57 84 58 84 800 972 801 973
347 0 -1
629 92 55 94 55 801 973 806 978
348 0 -1
630 94 64 94 64 802 974 803 975
349 3 -1
634 83 40 83 40 806 978 807 979
350 3 -1
635 58 64 59 64 807 979 809 981
351 3 -1
636 15 80 15 82 808 980 810 982
352 1 -1
637 13 90 13 91 809 981 811 983
353 2 -1
639 62 98 63 98 811 983 812 984
354 3 -1
640 38 23 39 24 812 984 814 986
355 2 -1
641 57 41 58 42 813 985 815 987
356 0 -1
643 40 91 40 94 815 987 821 993
357 3 -1
645 10 74 12 74 817 989 819 991
358 0 -1
646 58 60 58 61 818 990 820 992
359 0 -1
648 7 91 7 91 820 992 821 993
360 3 -1
649 44 36 48 38 821 993 831 1003
361 1 -1
650 47 59 47 59 822 994 823 995
362 1 -1
651 4 13 8 13 823 995 827 999
363 2 -1
652 59 80 73 80 824 996 839 1011
364 3 -1
653 21 5 22 5 825 997 826 998
365 0 -1
656 32 5 32 6 828 1000 829 1001
366 0 -1
662 64 64 64 64 834 1006 836 1008
367 1 -1
663 79 84 85 84 835 1007 843 1015
368 3 -1
664 15 74 17 74 836 1008 838 1010
369 3 -1
665 89 71 90 71 837 1009 838 1010
370 3 -1
666 61 66 63 66 838 1010 840 1012
371 3 -1
667 26 19 26 19 839 1011 842 1014
372 2 -1
669 82 2 82 2 841 1013 842 1014
373 2 -1
672 49 62 52 63 844 1016 848 1020
374 2 -1
673 17 6 18 7 845 1017 847 1019
375 0 -1
674 4 34 7 35 846 1018 850 1022
376 3 -1
675 50 9 55 9 847 1019 852 1024
377 1 -1
678 27 17 31 17 850 1022 854 1026
378 1 -1
679 84 39 85 39 851 1023 854 1026
379 0 -1
680 86 36 92 36 852 1024 858 1030
380 3 -1
681 84 84 85 85 853 1025 855 1027
381 1 -1
682 47 83 49 83 854 1026 856 1028
382 1 -1
684 46 17 46 19 856 1028 858 1030
383 2 -1
685 50 24 52 24 857 1029 862 1034
384 3 -1
687 67 8 72 8 859 1031 864 1036
385 1 -1
688 91 14 93 14 860 1032 862 1034
386 2 -1
689 87 52 89 52 861 1033 863 1035
387 2 -1
690 90 54 91 55 862 1034 864 1036
388 1 -1
691 40 29 41 30 863 1035 865 1037
389 1 -1
692 13 94 14 95 864 1036 866 1038
390 1 -1
694 20 31 22 32 866 1038 869 1041
391 3 -1
696 88 44 90 44 868 1040 870 1042
392 1 -1
698 11 9 11 14 870 1042 875 1047
393 1 -1
700 57 32 58 32 872 1044 873 1045
394 2 -1
701 47 76 48 76 873 1045 874 1046
395 2 -1
702 56 52 56 58 874 1046 881 1053
396 0 -1
703 85 98 87 98 875 1047 877 1049
397 2 -1
704 13 25 13 25 876 1048 878 1050
398 1 -1
705 72 96 73 98 877 1049 881 1053
399 3 -1
706 73 6 73 8 878 1050 880 1052
400 3 -1
707 22 38 22 40 879 1051 883 1055
401 0 -1
708 49 20 56 20 880 1052 887 1059
402 2 -1
710 4 19 5 21 882 1054 885 1057
403 0 -1
712 39 31 40 31 884 1056 885 1057
404 1 -1
714 88 75 89 75 886 1058 887 1059
405 3 -1
716 35 80 35 80 888 1060 889 1061
406 3 -1
718 90 94 95 94 890 1062 898 1070
407 0 -1
719 44 73 44 74 891 1063 892 1064
408 1 -1
720 47 99 48 99 892 1064 894 1066
409 1 -1
722 99 60 99 61 894 1066 896 1068
410 1 -1
724 72 6 73 7 896 1068 898 1070
411 2 -1
725 38 23 39 23 897 1069 908 1080
412 2 -1
726 36 80 40 80 898 1070 902 1074
413 2 -1
727 97 82 97 85 899 1071 902 1074
414 2 -1
728 81 88 82 89 900 1072 905 1077
415 2 -1
729 85 26 86 26 901 1073 902 1074
416 1 -1
731 24 67 25 67 903 1075 904 1076
417 2 -1
733 15 68 16 69 905 1077 907 1079
418 0 -1
734 57 78 57 78 906 1078 908 1080
419 2 -1
735 84 44 85 44 907 1079 910 1082
420 3 -1
736 23 43 24 43 908 1080 910 1082
421 1 -1
737 54 58 57 58 909 1081 912 1084
422 3 -1
742 12 33 13 37 914 1086 919 1091
423 3 -1
744 42 54 42 56 916 1088 918 1090
424 2 -1
745 26 26 28 28 917 1089 922 1094
425 0 -1
748 87 18 89 18 920 1092 922 1094
426 2 -1
750 17 10 18 10 922 1094 923 1095
427 3 -1
751 42 54 42 55 923 1095 924 1096
428 0 -1
752 42 77 43 79 924 1096 927 1099
429 0 -1
753 9 36 9 37 925 1097 926 1098
430 0 -1
754 65 58 65 58 926 1098 932 1104
431 0 -1
755 65 60 67 60 927 1099 929 1101
432 1 -1
757 88 95 89 95 929 1101 931 1103
433 1 -1
758 43 98 49 98 930 1102 938 1110
434 2 -1
759 58 16 60 16 931 1103 933 1105
435 3 -1
760 22 85 22 85 932 1104 933 1105
436 3 -1
766 68 23 70 23 938 1110 940 1112
437 1 -1
767 29 11 30 11 939 1111 941 1113
438 2 -1
768 19 43 20 43 940 1112 943 1115
439 2 -1
771 15 65 15 66 943 1115 944 1116
440 2 -1
772 39 60 39 62 944 1116 946 1118
441 3 -1
773 98 71 98 72 945 1117 948 1120
442 1 -1
775 64 57 68 58 947 1119 952 1124
443 1 -1
777 34 4 34 6 949 1121 951 1123
444 3 -1
778 75 14 77 14 950 1122 952 1124
445 3 -1
779 91 60 93 61 951 1123 954 1126
446 1 -1
781 55 13 56 13 953 1125 954 1126
447 3 -1
782 81 20 82 23 954 1126 958 1130
448 1 -1
784 86 63 87 63 956 1128 958 1130
449 2 -1
787 73 38 73 39 959 1131 961 1133
450 2 -1
788 42 49 43 49 960 1132 961 1133
451 0 -1
789 85 57 88 58 961 1133 965 1137
452 3 -1
790 33 2 34 3 962 1134 964 1136
453 2 -1
791 44 53 45 53 963 1135 968 1140
454 3 -1
793 42 6 42 8 965 1137 968 1140
455 3 -1
794 18 33 21 34 966 1138 970 1142
456 3 -1
795 96 69 96 69 967 1139 969 1141
457 1 -1
796 27 39 30 40 968 1140 972 1144
458 1 -1
797 52 41 53 41 969 1141 970 1142
459 0 -1
798 72 44 74 45 970 1142 973 1145
460 0 -1
799 36 23 37 23 971 1143 973 1145
461 3 -1
800 18 30 18 34 972 1144 977 1149
462 1 -1
802 47 39 49 39 974 1146 978 1150
463 1 -1
803 57 72 59 72 975 1147 977 1149
464 1 -1
805 37 49 42 49 977 1149 982 1154
465 0 -1
806 66 28 71 30 978 1150 987 1159
466 1 -1
807 18 98 19 98 979 1151 981 1153
467 3 -1
810 41 50 42 50 982 1154 983 1155
468 0 -1
813 65 68 66 68 985 1157 986 1158
469 3 -1
818 31 15 31 17 990 1162 992 1164
470 0 -1
820 84 79 86 80 992 1164 995 1167
471 0 -1
824 61 53 63 53 996 1168 998 1170
472 3 -1
825 27 5 27 8 997 1169 1000 1172
473 3 -1
827 50 44 50 44 999 1171 1000 1172
474 0 -1
828 78 72 79 81 1000 1172 1010 1182
475 3 -1
830 59 71 60 73 1002 1174 1005 1177
476 2 -1
831 47 58 48 58 1003 1175 1004 1176
477 2 -1
833 77 68 79 68 1005 1177 1007 1179
478 2 -1
834 38 84 39 84 1006 1178 1008 1180
479 3 -1
835 70 23 75 27 1007 1179 1017 1189
480 3 -1
839 79 52 79 54 1011 1183 1013 1185
481 1 -1
841 74 23 74 25 1013 1185 1017 1189
482 1 -1
842 39 82 41 82 1014 1186 1016 1188
483 1 -1
844 46 20 47 23 1016 1188 1021 1193
484 1 -1
845 28 22 28 23 1017 1189 1019 1191
485 1 -1
846 69 71 71 72 1018 1190 1024 1196
486 1 -1
847 29 73 30 73 1019 1191 1020 1192
487 0 -1
850 67 13 68 14 1022 1194 1025 1197
488 3 -1
851 48 92 50 93 1023 1195 1027 1199
489 2 -1
854 65 19 65 20 1026 1198 1027 1199
490 1 -1
856 8 63 10 64 1028 1200 1031 1203
491 1 -1
859 76 54 80 54 1031 1203 1036 1208
492 2 -1
860 64 42 64 43 1032 1204 1033 1205
493 3 -1
861 29 13 30 14 1033 1205 1035 1207
494 0 -1
864 18 5 21 5 1036 1208 1039 1211
495 0 -1
867 50 49 50 49 1039 1211 1040 1212
496 2 -1
868 46 34 48 34 1040 1212 1042 1214
497 0 -1
871 27 32 32 42 1043 1215 1059 1231
498 0 -1
873 77 63 79 63 1045 1217 1047 1219
499 2 -1
874 64 13 65 16 1046 1218 1051 1223
500 0 -1
875 29 47 31 48 1047 1219 1050 1222
501 0 -1
877 99 59 96 59 1049 1221 1052 1224
502 0 -1
878 21 33 23 33 1050 1222 1052 1224
503 2 -1
879 83 36 85 36 1051 1223 1053 1225
504 2 -1
880 91 74 93 76 1052 1224 1056 1228
505 1 -1
881 22 17 27 18 1053 1225 1059 1231
506 2 -1
882 50 80 50 82 1054 1226 1056 1228
507 1 -1
885 28 81 28 81 1057 1229 1058 1230
508 2 -1
887 51 84 53 85 1059 1231 1062 1234
509 2 -1
889 82 0 85 0 1061 1233 1064 1236
510 3 -1
891 12 63 12 63 1063 1235 1065 1237
511 2 -1
893 20 78 20 80 1065 1237 1067 1239
512 1 -1
894 37 30 40 30 1066 1238 1069 1241
513 2 -1
895 74 44 76 45 1067 1239 1070 1242
514 2 -1
896 47 54 49 54 1068 1240 1070 1242
515 1 -1
897 47 80 48 80 1069 1241 1070 1242
516 0 -1
898 65 15 67 15 1070 1242 1072 1244
517 3 -1
899 80 68 81 69 1071 1243 1073 1245
518 1 -1
900 66 36 70 36 1072 1244 1078 1250
519 3 -1
901 86 65 86 65 1073 1245 1075 1247
520 2 -1
902 81 20 82 20 1074 1246 1075 1247
521 2 -1
905 33 22 33 22 1077 1249 1078 1250
522 3 -1
910 44 5 45 5 1082 1254 1083 1255
523 2 -1
912 88 69 92 70 1084 1256 1094 1266
524 0 -1
914 27 57 32 59 1086 1258 1093 1265
525 0 -1
917 47 5 51 5 1089 1261 1093 1265
526 0 -1
919 98 62 98 64 1091 1263 1093 1265
527 0 -1
920 98 16 98 16 1092 1264 1095 1267
528 3 -1
921 92 53 92 53 1093 1265 1094 1266
529 1 -1
923 37 57 37 58 1095 1267 1096 1268
530 1 -1
925 36 47 37 48 1097 1269 1100 1272
531 0 -1
926 41 95 41 97 1098 1270 1107 1279
532 2 -1
927 34 41 34 42 1099 1271 1102 1274
533 0 -1
928 64 24 68 24 1100 1272 1104 1276
534 0 -1
929 36 70 37 70 1101 1273 1102 1274
535 1 -1
931 36 66 38 66 1103 1275 1105 1277
536 0 -1
933 24 54 29 56 1105 1277 1112 1284
537 0 -1
935 10 81 10 83 1107 1279 1109 1281
538 1 -1
936 11 0 11 0 1108 1280 1109 1281
539 0 -1
937 77 43 79 44 1109 1281 1113 1285
540 0 -1
938 57 95 61 95 1110 1282 1114 1286
541 3 -1
940 57 22 58 23 1112 1284 1114 1286
542 2 -1
942 39 17 40 17 1114 1286 1115 1287
543 0 -1
943 71 5 77 6 1115 1287 1122 1294
544 1 -1
944 25 77 25 77 1116 1288 1117 1289
545 3 -1
945 67 98 67 98 1117 1289 1120 1292
546 3 -1
947 57 87 59 94 1119 1291 1132 1304
547 3 -1
948 2 93 5 93 1120 1292 1123 1295
548 2 -1
950 79 52 81 52 1122 1294 1124 1296
549 0 -1
951 35 53 35 55 1123 1295 1125 1297
550 1 -1
954 17 58 17 60 1126 1298 1128 1300
551 2 -1
955 16 72 16 73 1127 1299 1128 1300
552 0 -1
957 82 49 84 50 1129 1301 1132 1304
553 3 -1
958 3 91 4 91 1130 1302 1131 1303
554 2 -1
963 69 20 71 20 1135 1307 1138 1310
555 2 -1
964 76 74 76 76 1136 1308 1138 1310
556 3 -1
966 65 65 66 65 1138 1310 1140 1312
557 3 -1
969 73 35 75 35 1141 1313 1143 1315
558 0 -1
972 21 5 24 5 1144 1316 1150 1322
559 0 -1
973 36 41 40 41 1145 1317 1149 1321
560 1 -1
974 5 38 12 39 1146 1318 1156 1328
561 1 -1
976 29 56 33 57 1148 1320 1153 1325
562 1 -1
979 80 50 83 50 1151 1323 1155 1327
563 1 -1
981 15 0 16 0 1153 1325 1154 1326
564 1 -1
983 48 45 49 46 1155 1327 1158 1330
565 0 -1
984 27 95 30 95 1156 1328 1162 1334
566 1 -1
987 77 77 80 78 1159 1331 1163 1335
567 0 -1
989 80 64 80 67 1161 1333 1164 1336
568 3 -1
990 54 74 56 76 1162 1334 1166 1338
569 0 -1
992 52 6 55 6 1164 1336 1168 1340
570 2 -1
993 41 0 43 0 1165 1337 1167 1339
571 3 -1
994 68 24 69 24 1166 1338 1170 1342
572 3 -1
996 22 75 22 77 1168 1340 1170 1342
573 3 -1
997 27 63 27 64 1169 1341 1171 1343
574 3 -1
998 87 69 88 69 1170 1342 1171 1343
575 1 -1
999 88 86 89 87 1171 1343 1173 1345
576 3 -1
1001 5 14 25 33 1173 1345 1222 1394
577 1 -1
1004 18 16 18 17 1176 1348 1178 1350
578 2 -1
1008 50 36 51 36 1180 1352 1181 1353
579 2 -1
1010 88 34 90 34 1182 1354 1184 1356
580 2 -1
1012 34 19 34 19 1184 1356 1185 1357
581 3 -1
1015 35 78 36 78 1187 1359 1188 1360
582 2 -1
1016 83 28 83 28 1188 1360 1189 1361
583 3 -1
1017 99 16 99 17 1189 1361 1192 1364
584 1 -1
1018 87 63 92 63 1190 1362 1204 1376
585 3 -1
1019 82 74 82 83 1191 1363 1201 1373
586 2 -1
1020 13 67 15 67 1192 1364 1195 1367
587 3 -1
1021 14 23 14 24 1193 1365 1194 1366
588 3 -1
1022 34 71 43 75 1194 1366 1208 1380
589 3 -1
1025 69 75 73 76 1197 1369 1202 1374
590 1 -1
1027 53 40 53 41 1199 1371 1200 1372
591 3 -1
1028 29 19 29 19 1200 1372 1201 1373
592 2 -1
1031 34 4 39 5 1203 1375 1212 1384
593 3 -1
1032 30 54 33 54 1204 1376 1211 1383
594 0 -1
1033 42 58 43 60 1205 1377 1209 1381
595 0 -1
1035 74 95 74 96 1207 1379 1209 1381
596 0 -1
1036 66 76 68 76 1208 1380 1210 1382
597 2 -1
1037 7 99 8 99 1209 1381 1210 1382
598 3 -1
1039 65 83 66 83 1211 1383 1212 1384
599 2 -1
1040 38 87 38 88 1212 1384 1213 1385
600 0 -1
1042 20 16 23 21 1214 1386 1225 1397
601 3 -1
1044 6 58 6 59 1216 1388 1220 1392
602 1 -1
1045 60 32 61 34 1217 1389 1220 1392
603 3 -1
1051 35 20 36 20 1223 1395 1224 1396
604 0 -1
1053 16 38 16 39 1225 1397 1226 1398
605 0 -1
1056 22 95 24 95 1228 1400 1230 1402
606 0 -1
1057 13 64 15 64 1229 1401 1231 1403
607 3 -1
1059 96 9 92 9 1231 1403 1235 1407
608 2 -1
1060 48 79 49 81 1232 1404 1237 1409
609 3 -1
1063 0 28 0 28 1235 1407 1238 1410
610 1 -1
1065 68 5 71 5 1237 1409 1240 1412
611 2 -1
1066 7 96 9 96 1238 1410 1240 1412
612 1 -1
1067 72 54 73 54 1239 1411 1240 1412
613 0 -1
1070 3 52 6 53 1242 1414 1254 1426
614 0 -1
1071 38 51 39 52 1243 1415 1248 1420
615 3 -1
1073 16 0 19 6 1245 1417 1260 1432
616 0 -1
1074 17 2 17 2 1246 1418 1247 1419
617 0 -1
1075 14 82 16 83 1247 1419 1250 1422
618 3 -1
1078 43 76 43 79 1250 1422 1254 1426
619 2 -1
1082 94 45 94 45 1254 1426 1255 1427
620 3 -1
1083 12 51 14 51 1255 1427 1257 1429
621 0 -1
1084 83 8 83 10 1256 1428 1262 1434
622 2 -1
1085 80 79 80 82 1257 1429 1260 1432
623 0 -1
1086 37 82 39 83 1258 1430 1262 1434
624 0 -1
1090 92 80 93 80 1262 1434 1263 1435
625 0 -1
1091 1 50 4 50 1263 1435 1267 1439
626 2 -1
1092 56 28 57 28 1264 1436 1265 1437
627 2 -1
1095 34 23 36 23 1267 1439 1270 1442
628 0 -1
1097 52 36 53 36 1269 1441 1272 1444
629 3 -1
1098 47 35 47 36 1270 1442 1274 1446
630 0 -1
1099 19 12 21 14 1271 1443 1276 1448
631 0 -1
1100 97 10 97 15 1272 1444 1277 1449
632 2 -1
1102 7 19 9 20 1274 1446 1277 1449
633 3 -1
1103 49 90 56 90 1275 1447 1282 1454
634 3 -1
1104 74 74 75 74 1276 1448 1277 1449
635 0 -1
1105 81 53 81 54 1277 1449 1278 1450
636 1 -1
1107 40 93 43 99 1279 1451 1289 1461
637 3 -1
1109 6 1 7 3 1281 1453 1284 1456
638 1 -1
1111 40 60 41 60 1283 1455 1285 1457
639 1 -1
1113 91 13 91 13 1285 1457 1286 1458
640 0 -1
1114 18 66 18 67 1286 1458 1287 1459
641 1 -1
1115 91 65 93 65 1287 1459 1290 1462
642 2 -1
1116 78 12 79 12 1288 1460 1299 1471
643 1 -1
1118 93 77 94 78 1290 1462 1292 1464
644 2 -1
1120 16 92 18 92 1292 1464 1294 1466
645 0 -1
1121 71 95 71 95 1293 1465 1294 1466
646 3 -1
1122 84 40 86 41 1294 1466 1297 1469
647 0 -1
1124 94 83 98 85 1296 1468 1303 1475
648 0 -1
1125 93 85 95 85 1297 1469 1299 1471
649 2 -1
1126 98 30 90 34 1298 1470 1310 1482
650 0 -1
1129 38 76 38 76 1301 1473 1302 1474
651 1 -1
1130 31 98 32 98 1302 1474 1303 1475
652 3 -1
1132 31 56 31 57 1304 1476 1306 1478
653 2 -1
1133 62 80 62 83 1305 1477 1308 1480
654 1 -1
1137 72 59 73 62 1309 1481 1313 1485
655 3 -1
1138 75 98 76 98 1310 1482 1311 1483
656 1 -1
1139 36 34 37 34 1311 1483 1312 1484
657 1 -1
1141 9 50 10 51 1313 1485 1315 1487
658 2 -1
1142 67 63 68 64 1314 1486 1317 1489
659 1 -1
1144 19 72 21 72 1316 1488 1319 1491
660 2 -1
1147 22 63 26 63 1319 1491 1323 1495
661 2 -1
1150 50 14 51 14 1322 1494 1323 1495
662 0 -1
1151 10 25 11 26 1323 1495 1325 1497
663 3 -1
1154 44 88 44 88 1326 1498 1327 1499
664 3 -1
1156 61 21 62 22 1328 1500 1330 1502
665 3 -1
1157 31 33 31 37 1329 1501 1334 1506
666 2 -1
1158 51 49 54 49 1330 1502 1334 1506
667 2 -1
1159 79 70 80 71 1331 1503 1333 1505
668 1 -1
1164 19 1 20 2 1336 1508 1339 1511
669 2 -1
1166 45 86 45 86 1338 1510 1341 1513
670 0 -1
1169 88 27 90 27 1341 1513 1344 1516
671 2 -1
1170 70 8 70 10 1342 1514 1345 1517
672 1 -1
1171 64 29 73 29 1343 1515 1352 1524
673 0 -1
1172 59 73 59 73 1344 1516 1345 1517
674 3 -1
1174 82 77 87 79 1346 1518 1353 1525
675 0 -1
1175 93 54 94 55 1347 1519 1350 1522
676 2 -1
1176 62 83 64 83 1348 1520 1350 1522
677 1 -1
1177 76 70 78 70 1349 1521 1351 1523
678 3 -1
1179 36 37 36 38 1351 1523 1352 1524
679 1 -1
1186 68 38 68 40 1358 1530 1360 1532
680 3 -1
1187 2 17 2 17 1359 1531 1361 1533
681 0 -1
1188 2 35 3 35 1360 1532 1361 1533
682 0 -1
1190 88 47 88 47 1362 1534 1363 1535
683 3 -1
1191 40 59 40 61 1363 1535 1365 1537
684 3 -1
1194 63 76 64 76 1366 1538 1368 1540
685 3 -1
1195 49 14 50 15 1367 1539 1370 1542
686 3 -1
1197 7 37 8 38 1369 1541 1372 1544
687 0 -1
1198 39 1 39 2 1370 1542 1374 1546
688 1 -1
1201 88 55 92 56 1373 1545 1378 1550
689 1 -1
1202 4 27 5 27 1374 1546 1375 1547
690 0 -1
1203 55 54 56 54 1375 1547 1376 1548
691 2 -1
1205 58 11 60 11 1377 1549 1380 1552
692 2 -1
1207 9 5 11 6 1379 1551 1383 1555
693 3 -1
1208 81 26 81 27 1380 1552 1382 1554
694 0 -1
1209 16 73 17 73 1381 1553 1382 1554
695 3 -1
1211 1 88 2 88 1383 1555 1387 1559
696 2 -1
1214 86 28 89 30 1386 1558 1392 1564
697 0 -1
1217 54 12 56 12 1389 1561 1391 1563
698 2 -1
1218 9 98 10 98 1390 1562 1391 1563
699 2 -1
1219 32 90 35 94 1391 1563 1398 1570
700 3 -1
1220 36 59 36 60 1392 1564 1393 1565
701 1 -1
1222 5 44 8 44 1394 1566 1397 1569
702 1 -1
1223 60 76 63 76 1395 1567 1399 1571
703 1 -1
1226 56 96 56 98 1398 1570 1401 1573
704 2 -1
1227 14 64 15 64 1399 1571 1400 1572
705 0 -1
1229 21 33 21 33 1401 1573 1402 1574
706 0 -1
1230 95 31 99 32 1402 1574 1407 1579
707 3 -1
1231 69 5 69 6 1403 1575 1404 1576
708 0 -1
1233 17 34 18 35 1405 1577 1407 1579
709 2 -1
1235 77 9 77 13 1407 1579 1411 1583
710 2 -1
1236 30 63 34 63 1408 1580 1413 1585
711 0 -1
1237 47 95 51 95 1409 1581 1414 1586
712 1 -1
1238 89 66 92 68 1410 1582 1415 1587
713 3 -1
1240 68 53 72 53 1412 1584 1416 1588
714 3 -1
1241 73 64 74 64 1413 1585 1414 1586
715 2 -1
1242 93 72 85 77 1414 1586 1427 1599
716 0 -1
1243 60 74 62 74 1415 1587 1417 1589
717 0 -1
1244 1 89 7 89 1416 1588 1423 1595
718 0 -1
1246 54 12 58 13 1418 1590 1427 1599
719 1 -1
1250 70 15 70 15 1422 1594 1423 1595
720 2 -1
1254 63 77 67 77 1426 1598 1433 1605
721 3 -1
1255 30 26 32 28 1427 1599 1431 1603
722 1 -1
1258 95 68 87 75 1430 1602 1446 1618
723 0 -1
1259 64 1 65 12 1431 1603 1449 1621
724 3 -1
1260 23 17 25 21 1432 1604 1438 1610
725 3 -1
1261 57 88 57 95 1433 1605 1440 1612
726 1 -1
1263 54 50 54 56 1435 1607 1442 1614
727 0 -1
1264 8 6 10 8 1436 1608 1440 1612
728 1 -1
1265 16 79 17 80 1437 1609 1439 1611
729 3 -1
1266 26 54 26 55 1438 1610 1439 1611
730 1 -1
1268 37 98 38 98 1440 1612 1443 1615
731 2 -1
1276 89 58 90 58 1448 1620 1449 1621
732 0 -1
1277 9 87 10 88 1449 1621 1454 1626
733 2 -1
1281 8 25 8 25 1453 1625 1455 1627
734 3 -1
1284 84 17 85 17 1456 1628 1458 1630
735 1 -1
1287 5 99 9 99 1459 1631 1463 1635
736 0 -1
1290 19 80 26 80 1462 1634 1469 1641
737 0 -1
1291 9 78 12 78 1463 1635 1466 1638
738 2 -1
1292 80 79 80 87 1464 1636 1490 1662
739 1 -1
1297 5 25 6 25 1469 1641 1472 1644
740 2 -1
1298 96 12 96 13 1470 1642 1471 1643
741 1 -1
1299 81 0 84 0 1471 1643 1474 1646
742 1 -1
1300 63 64 63 65 1472 1644 1474 1646
743 2 -1
1307 53 78 53 78 1479 1651 1480 1652
744 1 -1
1309 24 84 26 84 1481 1653 1483 1655
745 3 -1
1312 86 74 87 74 1484 1656 1486 1658
746 0 -1
1313 66 78 67 78 1485 1657 1486 1658
747 3 -1
1314 14 83 18 83 1486 1658 1490 1662
748 1 -1
1315 63 6 68 6 1487 1659 1492 1664
749 2 -1
1316 88 6 89 7 1488 1660 1490 1662
750 2 -1
1317 96 49 96 51 1489 1661 1491 1663
751 0 -1
1318 58 57 60 58 1490 1662 1493 1665
752 0 -1
1319 37 86 37 87 1491 1663 1493 1665
753 1 -1
1320 8 9 9 9 1492 1664 1493 1665
754 0 -1
1321 35 96 37 96 1493 1665 1495 1667
755 3 -1
1323 51 83 51 83 1495 1667 1497 1669
756 3 -1
1324 1 3 4 4 1496 1668 1501 1673
757 2 -1
1325 23 68 23 71 1497 1669 1503 1675
758 3 -1
1326 79 35 80 35 1498 1670 1499 1671
759 1 -1
1327 42 6 43 11 1499 1671 1509 1681
760 1 -1
1329 63 88 64 88 1501 1673 1503 1675
761 1 -1
1332 90 16 90 16 1504 1676 1506 1678
762 2 -1
1333 21 36 22 36 1505 1677 1506 1678
763 1 -1
1335 71 99 77 92 1507 1679 1523 1695
764 3 -1
1336 83 94 84 94 1508 1680 1509 1681
765 1 -1
1338 99 22 97 23 1510 1682 1513 1685
766 3 -1
1340 39 60 44 60 1512 1684 1519 1691
767 0 -1
1342 82 15 85 15 1514 1686 1517 1689
768 2 -1
1344 46 65 48 65 1516 1688 1518 1690
769 1 -1
1345 79 59 79 60 1517 1689 1518 1690
770 0 -1
1347 23 13 24 14 1519 1691 1522 1694
771 2 -1
1348 93 85 94 88 1520 1692 1525 1697
772 0 -1
1349 99 31 94 31 1521 1693 1527 1699
773 3 -1
1354 65 22 67 23 1526 1698 1529 1701
774 2 -1
1355 29 83 32 83 1527 1699 1532 1704
775 2 -1
1359 93 76 98 76 1531 1703 1536 1708
776 1 -1
1362 42 27 44 27 1534 1706 1536 1708
777 3 -1
1365 55 44 55 44 1537 1709 1538 1710
778 1 -1
1368 72 45 72 46 1540 1712 1542 1714
779 2 -1
1369 24 2 56 3 1541 1713 1576 1748
780 3 -1
1370 40 35 40 36 1542 1714 1544 1716
781 0 -1
1372 16 87 20 88 1544 1716 1549 1721
782 3 -1
1374 54 67 54 69 1546 1718 1548 1720
783 2 -1
1375 34 17 41 17 1547 1719 1554 1726
784 2 -1
1376 84 43 85 43 1548 1720 1549 1721
785 0 -1
1377 20 48 21 50 1549 1721 1552 1724
786 3 -1
1378 49 81 50 81 1550 1722 1551 1723
787 2 -1
1379 38 83 41 83 1551 1723 1555 1727
788 1 -1
1381 23 45 26 45 1553 1725 1556 1728
789 3 -1
1382 19 7 21 7 1554 1726 1557 1729
790 2 -1
1383 74 81 75 82 1555 1727 1557 1729
791 3 -1
1385 74 14 78 16 1557 1729 1563 1735
792 3 -1
1386 54 42 55 44 1558 1730 1561 1733
793 1 -1
1387 58 2 66 3 1559 1731 1570 1742
794 1 -1
1388 67 15 70 15 1560 1732 1563 1735
795 2 -1
1389 41 85 41 87 1561 1733 1563 1735
796 0 -1
1390 77 22 77 22 1562 1734 1564 1736
797 1 -1
1391 52 89 54 89 1563 1735 1565 1737
798 1 -1
1393 41 89 41 90 1565 1737 1567 1739
799 2 -1
1395 43 89 50 89 1567 1739 1575 1747
800 2 -1
1396 79 17 79 18 1568 1740 1569 1741
801 0 -1
1400 32 5 33 7 1572 1744 1575 1747
802 2 -1
1401 74 19 74 19 1573 1745 1576 1748
803 0 -1
1402 95 59 90 60 1574 1746 1581 1753
804 0 -1
1403 57 28 57 28 1575 1747 1577 1749
805 2 -1
1406 60 75 61 75 1578 1750 1579 1751
806 3 -1
1411 50 71 51 71 1583 1755 1585 1757
807 0 -1
1412 90 33 92 35 1584 1756 1590 1762
808 2 -1
1413 23 7 24 7 1585 1757 1586 1758
809 2 -1
1414 83 56 84 57 1586 1758 1588 1760
810 2 -1
1415 63 0 65 0 1587 1759 1589 1761
811 0 -1
1417 48 52 48 53 1589 1761 1590 1762
812 3 -1
1418 84 18 86 20 1590 1762 1595 1767
813 0 -1
1419 51 97 58 97 1591 1763 1598 1770
814 0 -1
1420 59 3 60 3 1592 1764 1600 1772
815 0 -1
1423 15 23 16 23 1595 1767 1596 1768
816 3 -1
1426 96 98 98 98 1598 1770 1600 1772
817 3 -1
1428 87 85 90 85 1600 1772 1603 1775
818 0 -1
1429 70 91 72 91 1601 1773 1603 1775
819 1 -1
1430 62 31 63 31 1602 1774 1603 1775
820 3 -1
1431 81 94 81 97 1603 1775 1606 1778
821 2 -1
1432 20 63 21 63 1604 1776 1605 1777
822 1 -1
1434 58 78 59 78 1606 1778 1607 1779
823 0 -1
1435 73 68 78 69 1607 1779 1614 1786
824 0 -1
1436 20 18 21 19 1608 1780 1610 1782
825 3 -1
1438 69 70 73 70 1610 1782 1614 1786
826 0 -1
1439 83 65 84 65 1611 1783 1612 1784
827 1 -1
1440 2 77 4 78 1612 1784 1615 1787
828 0 -1
1441 73 74 78 74 1613 1785 1620 1792
829 0 -1
1442 20 16 20 18 1614 1786 1616 1788
830 3 -1
1443 80 81 83 82 1615 1787 1620 1792
831 2 -1
1444 92 95 94 95 1616 1788 1618 1790
832 2 -1
1446 14 19 19 19 1618 1790 1624 1796
833 2 -1
1447 55 20 55 20 1619 1791 1621 1793
834 0 -1
1448 23 13 25 13 1620 1792 1622 1794
835 3 -1
1452 53 72 54 72 1624 1796 1625 1797
836 3 -1
1454 47 52 48 55 1626 1798 1630 1802
837 0 -1
1455 92 86 92 88 1627 1799 1629 1801
838 3 -1
1456 23 96 24 96 1628 1800 1629 1801
839 0 -1
1457 26 86 30 87 1629 1801 1635 1807
840 2 -1
1458 31 32 34 35 1630 1802 1640 1812
841 0 -1
1461 73 22 73 24 1633 1805 1636 1808
842 3 -1
1462 59 82 60 82 1634 1806 1638 1810
843 2 -1
1463 42 84 42 86 1635 1807 1637 1809
844 3 -1
1465 98 88 99 88 1637 1809 1639 1811
845 3 -1
1466 57 68 59 68 1638 1810 1640 1812
846 1 -1
1468 52 71 53 71 1640 1812 1641 1813
847 1 -1
1469 3 28 6 29 1641 1813 1646 1818
848 2 -1
1470 95 76 96 76 1642 1814 1643 1815
849 0 -1
1472 93 52 98 52 1644 1816 1649 1821
850 1 -1
1473 76 9 76 11 1645 1817 1650 1822
851 0 -1
1474 52 1 60 3 1646 1818 1657 1829
852 1 -1
1475 26 95 26 97 1647 1819 1649 1821
853 0 -1
1478 70 36 72 38 1650 1822 1656 1828
854 3 -1
1479 77 85 79 85 1651 1823 1653 1825
855 3 -1
1481 56 79 58 79 1653 1825 1655 1827
856 0 -1
1483 15 45 20 50 1655 1827 1666 1838
857 2 -1
1486 62 73 66 74 1658 1830 1663 1835
858 0 -1
1487 21 6 21 9 1659 1831 1663 1835
859 2 -1
1493 72 42 74 42 1665 1837 1667 1839
860 0 -1
1495 53 44 54 44 1667 1839 1668 1840
861 1 -1
1496 70 78 70 82 1668 1840 1672 1844
862 0 -1
1497 46 82 50 82 1669 1841 1673 1845
863 3 -1
1499 81 67 82 68 1671 1843 1673 1845
864 3 -1
1500 42 84 44 84 1672 1844 1674 1846
865 2 -1
1501 55 97 58 100 1673 1845 1681 1853
866 0 -1
1502 68 90 72 90 1674 1846 1678 1850
867 3 -1
1504 99 78 86 78 1676 1848 1689 1861
868 0 -1
1505 59 11 68 12 1677 1849 1687 1859
869 3 -1
1506 69 18 71 18 1678 1850 1680 1852
870 2 -1
1507 94 54 94 54 1679 1851 1682 1854
871 3 -1
1508 83 5 87 6 1680 1852 1686 1858
872 0 -1
1509 88 20 89 20 1681 1853 1682 1854
873 1 -1
1511 70 66 72 66 1683 1855 1685 1857
874 3 -1
1513 25 29 26 33 1685 1857 1690 1862
875 0 -1
1515 16 18 17 18 1687 1859 1688 1860
876 0 -1
1516 24 41 27 41 1688 1860 1691 1863
877 0 -1
1517 2 61 2 63 1689 1861 1692 1864
878 0 -1
1518 88 36 88 37 1690 1862 1693 1865
879 0 -1
1519 75 50 76 53 1691 1863 1695 1867
880 0 -1
1521 55 22 58 22 1693 1865 1697 1869
881 1 -1
1522 78 8 79 8 1694 1866 1696 1868
882 0 -1
1523 76 18 76 18 1695 1867 1697 1869
883 3 -1
1527 67 29 68 30 1699 1871 1703 1875
884 1 -1
1528 93 84 94 84 1700 1872 1701 1873
885 0 -1
1533 41 71 41 72 1705 1877 1706 1878
886 2 -1
1534 42 15 48 17 1706 1878 1715 1887
887 1 -1
1535 13 47 16 47 1707 1879 1710 1882
888 3 -1
1536 9 27 9 27 1708 1880 1710 1882
889 3 -1
1538 67 19 71 19 1710 1882 1714 1886
890 0 -1
1540 39 34 40 34 1712 1884 1713 1885
891 1 -1
1543 54 27 54 28 1715 1887 1718 1890
892 1 -1
1544 92 67 93 68 1716 1888 1718 1890
893 2 -1
1545 18 50 19 51 1717 1889 1719 1891
894 1 -1
1547 40 32 43 32 1719 1891 1724 1896
895 3 -1
1550 47 84 47 85 1722 1894 1724 1896
896 1 -1
1551 80 7 82 7 1723 1895 1725 1897
897 2 -1
1552 31 18 34 18 1724 1896 1729 1901
898 1 -1
1554 94 80 97 81 1726 1898 1730 1902
899 2 -1
1555 69 72 70 72 1727 1899 1729 1901
900 3 -1
1556 46 13 47 14 1728 1900 1730 1902
901 1 -1
1559 92 11 96 12 1731 1903 1737 1909
902 2 -1
1560 75 71 77 71 1732 1904 1738 1910
903 3 -1
1562 15 1 15 2 1734 1906 1736 1908
904 2 -1
1563 42 49 42 54 1735 1907 1745 1917
905 0 -1
1564 77 15 79 15 1736 1908 1738 1910
906 2 -1
1566 80 43 82 43 1738 1910 1740 1912
907 1 -1
1567 4 78 7 79 1739 1911 1743 1915
908 0 -1
1573 22 54 26 58 1745 1917 1753 1925
909 1 -1
1575 21 89 22 89 1747 1919 1748 1920
910 0 -1
1576 26 4 28 4 1748 1920 1750 1922
911 2 -1
1577 68 58 68 58 1749 1921 1751 1923
912 2 -1
1579 53 35 56 35 1751 1923 1754 1926
913 0 -1
1580 44 85 45 86 1752 1924 1754 1926
914 1 -1
1582 91 2 91 2 1754 1926 1755 1927
915 3 -1
1584 23 67 24 67 1756 1928 1757 1929
916 1 -1
1587 72 88 73 96 1759 1931 1771 1943
917 0 -1
1588 83 26 83 27 1760 1932 1764 1936
918 2 -1
1589 23 0 24 1 1761 1933 1763 1935
919 0 -1
1590 63 37 66 37 1762 1934 1765 1937
920 0 -1
1591 87 61 89 62 1763 1935 1768 1940
921 2 -1
1593 9 51 9 53 1765 1937 1769 1941
922 1 -1
1594 24 82 25 82 1766 1938 1768 1940
923 2 -1
1596 82 65 82 67 1768 1940 1770 1942
924 0 -1
1598 62 94 62 95 1770 1942 1771 1943
925 0 -1
1599 44 72 44 74 1771 1943 1775 1947
926 2 -1
1600 60 97 60 97 1772 1944 1773 1945
927 1 -1
1603 93 4 94 4 1775 1947 1776 1948
928 3 -1
1606 95 83 95 84 1778 1950 1780 1952
929 1 -1
1608 69 94 69 94 1780 1952 1781 1953
930 2 -1
1609 23 58 25 58 1781 1953 1783 1955
931 0 -1
1610 63 55 63 56 1782 1954 1783 1955
932 3 -1
1611 39 57 39 57 1783 1955 1785 1957
933 1 -1
1613 27 52 27 53 1785 1957 1787 1959
934 1 -1
1615 95 52 95 53 1787 1959 1788 1960
935 2 -1
1618 74 94 74 94 1790 1962 1793 1965
936 1 -1
1620 7 32 7 33 1792 1964 1797 1969
937 3 -1
1621 29 67 32 70 1793 1965 1800 1972
938 0 -1
1623 38 27 42 28 1795 1967 1800 1972
939 2 -1
1624 23 89 24 89 1796 1968 1797 1969
940 2 -1
1625 73 71 75 72 1797 1969 1800 1972
941 1 -1
1626 5 49 5 50 1798 1970 1800 1972
942 0 -1
1627 34 79 34 83 1799 1971 1812 1984
943 3 -1
1629 12 74 12 74 1801 1973 1802 1974
944 3 -1
1631 60 44 60 44 1803 1975 1805 1977
945 1 -1
1633 42 37 46 38 1805 1977 1815 1987
946 0 -1
1634 30 42 32 42 1806 1978 1808 1980
947 0 -1
1637 99 56 98 56 1809 1981 1810 1982
948 2 -1
1638 45 38 47 39 1810 1982 1813 1985
949 1 -1
1640 44 44 48 48 1812 1984 1822 1994
950 1 -1
1641 90 33 90 36 1813 1985 1816 1988
951 3 -1
1642 80 28 82 28 1814 1986 1818 1990
952 0 -1
1645 57 97 57 98 1817 1989 1818 1990
953 0 -1
1648 44 51 46 51 1820 1992 1822 1994
954 0 -1
1649 54 5 54 6 1821 1993 1823 1995
955 1 -1
1650 25 16 26 16 1822 1994 1823 1995
956 2 -1
1656 55 41 57 43 1828 2000 1832 2004
957 3 -1
1657 50 11 53 11 1829 2001 1832 2004
958 2 -1
1659 31 28 34 28 1831 2003 1835 2007
959 1 -1
1660 80 81 81 84 1832 2004 1836 2008
960 1 -1
1661 18 87 19 91 1833 2005 1840 2012
961 2 -1
1662 12 4 12 9 1834 2006 1841 2013
962 2 -1
1663 55 97 58 99 1835 2007 1842 2014
963 2 -1
1664 77 4 77 4 1836 2008 1838 2010
964 0 -1
1665 30 43 31 43 1837 2009 1838 2010
965 1 -1
1668 67 9 67 12 1840 2012 1843 2015
966 2 -1
1671 93 91 97 93 1843 2015 1851 2023
967 2 -1
1672 54 52 56 53 1844 2016 1848 2020
968 3 -1
1673 92 26 93 26 1845 2017 1850 2022
969 2 -1
1675 70 92 71 92 1847 2019 1848 2020
970 2 -1
1676 34 18 37 18 1848 2020 1851 2023
971 1 -1
1678 81 9 84 9 1850 2022 1853 2025
972 2 -1
1679 8 58 12 59 1851 2023 1858 2030
973 3 -1
1680 49 44 53 44 1852 2024 1856 2028
974 3 -1
1683 77 37 83 38 1855 2027 1862 2034
975 3 -1
1685 13 92 13 95 1857 2029 1860 2032
976 1 -1
1686 4 6 12 7 1858 2030 1868 2040
977 2 -1
1687 22 34 22 34 1859 2031 1863 2035
978 0 -1
1688 97 43 99 43 1860 2032 1866 2038
979 2 -1
1690 66 32 67 32 1862 2034 1866 2038
980 0 -1
1691 73 60 75 60 1863 2035 1865 2037
981 2 -1
1692 47 48 50 48 1864 2036 1867 2039
982 1 -1
1694 90 73 91 73 1866 2038 1867 2039
983 0 -1
1695 22 14 23 16 1867 2039 1871 2043
984 2 -1
1696 44 46 46 46 1868 2040 1871 2043
985 0 -1
1697 82 83 83 84 1869 2041 1871 2043
986 1 -1
1698 52 75 54 75 1870 2042 1872 2044
987 0 -1
1700 88 29 90 29 1872 2044 1874 2046
988 2 -1
1702 95 65 81 65 1874 2046 1888 2060
989 2 -1
1703 98 90 99 90 1875 2047 1876 2048
990 2 -1
1704 85 13 85 14 1876 2048 1879 2051
991 3 -1
1709 93 3 93 5 1881 2053 1884 2056
992 3 -1
1712 17 7 18 7 1884 2056 1887 2059
993 3 -1
1714 72 33 74 34 1886 2058 1890 2062
994 1 -1
1717 57 10 59 12 1889 2061 1893 2065
995 3 -1
1718 20 68 21 69 1890 2062 1892 2064
996 3 -1
1720 23 1 23 4 1892 2064 1898 2070
997 3 -1
1722 10 43 10 44 1894 2066 1895 2067
998 0 -1
1723 29 88 30 88 1895 2067 1897 2069
999 3 -1
1725 16 36 18 36 1897 2069 1899 2071
1000 3 -1
1726 19 86 21 87 1898 2070 1901 2073
