100 100 1107
4
0 37 70
1 71 27
2 11 8
3 76 67
16
0 0 43 100 6
0
1 0 85 100 6
0
2 0 127 100 6
0
3 0 174 100 6
0
4 1 39 100 6
0
5 1 81 100 6
0
6 1 117 100 6
0
7 1 165 100 6
0
8 2 34 100 6
0
9 2 66 100 6
0
10 2 109 100 6
0
11 2 147 100 6
0
12 3 33 100 6
0
13 3 75 100 6
0
14 3 118 100 6
0
15 3 155 100 6
0
300
1 0 -1
2 52 72 52 73 278 554 281 557
2 1 -1
5 0 44 3 45 281 557 286 562
3 3 -1
7 25 3 27 5 283 559 287 563
4 0 -1
8 72 46 74 49 284 560 293 569
5 1 -1
9 73 89 75 93 285 561 291 567
6 3 -1
10 5 0 9 0 286 562 290 566
7 2 -1
11 20 34 21 36 287 563 293 569
8 2 -1
12 49 65 50 65 288 564 290 566
9 1 -1
13 87 98 89 98 289 565 291 567
10 3 -1
14 27 17 29 18 290 566 293 569
11 3 -1
15 8 41 10 43 291 567 297 573
12 2 -1
17 79 68 79 71 293 569 297 573
13 1 -1
18 84 10 86 14 294 570 300 576
14 0 -1
19 38 62 39 62 295 571 296 572
15 1 -1
20 85 85 85 86 296 572 298 574
16 1 -1
21 8 84 10 84 297 573 299 575
17 1 -1
22 78 81 78 83 298 574 302 578
18 2 -1
24 99 19 97 19 300 576 302 578
19 2 -1
29 69 68 75 68 305 581 311 587
20 0 -1
30 42 49 42 51 306 582 308 584
21 0 -1
31 33 99 35 99 307 583 309 585
22 0 -1
33 46 47 49 49 309 585 315 591
23 2 -1
35 2 17 2 18 311 587 312 588
24 0 -1
36 20 92 21 93 312 588 314 590
25 3 -1
39 28 61 28 61 315 591 316 592
26 2 -1
40 84 44 84 44 316 592 317 593
27 2 -1
41 72 52 73 53 317 593 319 595
28 0 -1
42 68 8 68 8 318 594 319 595
29 0 -1
43 11 5 12 5 319 595 320 596
30 2 -1
45 5 39 7 39 321 597 323 599
31 3 -1
49 85 32 87 32 325 601 328 604
32 3 -1
52 88 37 94 37 328 604 335 611
33 0 -1
53 36 66 39 68 329 605 334 610
34 2 -1
54 25 99 25 99 330 606 331 607
35 3 -1
56 53 20 69 21 332 608 349 625
36 2 -1
57 64 32 65 32 333 609 335 611
37 2 -1
59 98 53 98 54 335 611 336 612
38 0 -1
61 37 77 38 78 337 613 339 615
39 0 -1
62 73 95 81 95 338 614 346 622
40 0 -1
64 44 23 45 40 340 616 359 635
41 2 -1
69 47 21 49 21 345 621 347 623
42 1 -1
71 74 71 82 71 347 623 355 631
43 0 -1
73 59 98 61 98 349 625 354 630
44 2 -1
76 32 97 32 99 352 628 355 631
45 1 -1
78 60 46 62 46 354 630 356 632
46 0 -1
80 1 80 4 80 356 632 359 635
47 0 -1
81 13 59 14 59 357 633 359 635
48 2 -1
82 43 3 48 3 358 634 364 640
49 2 -1
83 17 94 17 98 359 635 364 640
50 2 -1
84 43 10 43 10 360 636 361 637
51 2 -1
86 68 48 77 48 362 638 372 648
52 0 -1
87 28 5 28 6 363 639 364 640
53 1 -1
90 87 4 88 4 366 642 367 643
54 3 -1
91 14 34 15 35 367 643 371 647
55 0 -1
92 62 46 63 46 368 644 369 645
56 3 -1
93 69 8 72 8 369 645 372 648
57 1 -1
94 0 91 0 92 370 646 376 652
58 2 -1
96 2 71 3 71 372 648 374 650
59 0 -1
103 45 10 47 10 379 655 382 658
60 1 -1
105 84 84 86 84 381 657 383 659
61 3 -1
106 73 7 78 9 382 658 392 668
62 1 -1
107 11 51 13 52 383 659 386 662
63 3 -1
108 45 53 48 53 384 660 392 668
64 3 -1
110 58 76 63 78 386 662 394 670
65 0 -1
111 44 83 45 83 387 663 388 664
66 2 -1
114 35 2 40 3 390 666 396 672
67 0 -1
115 32 59 34 59 391 667 396 672
68 3 -1
116 2 47 3 48 392 668 404 680
69 0 -1
119 47 35 48 35 395 671 398 674
70 3 -1
120 35 34 35 34 396 672 397 673
71 0 -1
122 59 44 60 45 398 674 402 678
72 1 -1
123 23 37 26 37 399 675 402 678
73 3 -1
124 29 21 30 22 400 676 404 680
74 1 -1
127 81 53 82 53 403 679 404 680
75 0 -1
128 94 75 83 78 404 680 423 699
76 3 -1
130 19 7 19 8 406 682 407 683
77 0 -1
132 42 50 57 50 408 684 423 699
78 3 -1
134 10 74 11 74 410 686 411 687
79 2 -1
135 16 7 18 15 411 687 422 698
80 0 -1
136 7 34 8 34 412 688 414 690
81 1 -1
139 52 20 53 20 415 691 416 692
82 1 -1
140 42 24 42 26 416 692 420 696
83 0 -1
141 51 35 52 38 417 693 422 698
84 0 -1
144 7 1 9 3 420 696 425 701
85 1 -1
145 4 74 4 74 421 697 423 699
86 3 -1
146 36 17 36 18 422 698 423 699
87 3 -1
147 67 6 68 6 423 699 424 700
88 0 -1
148 35 49 35 49 424 700 425 701
89 0 -1
149 29 39 29 40 425 701 427 703
90 1 -1
150 2 31 7 31 426 702 432 708
91 0 -1
153 0 80 0 81 429 705 430 706
92 1 -1
154 74 1 77 1 430 706 434 710
93 3 -1
155 52 56 54 58 431 707 435 711
94 3 -1
156 56 53 61 53 432 708 437 713
95 0 -1
157 23 85 27 86 433 709 438 714
96 2 -1
160 67 91 72 92 436 712 442 718
97 1 -1
162 49 67 50 67 438 714 439 715
98 0 -1
163 41 70 41 70 439 715 440 716
99 1 -1
166 29 50 30 51 442 718 444 720
100 1 -1
167 94 68 95 72 443 719 448 724
101 2 -1
168 30 45 31 45 444 720 446 722
102 2 -1
169 99 30 94 30 445 721 450 726
103 2 -1
170 94 15 94 15 446 722 451 727
104 1 -1
172 77 52 81 52 448 724 453 729
105 0 -1
173 79 60 81 61 449 725 454 730
106 3 -1
174 84 38 85 39 450 726 452 728
107 2 -1
179 54 70 55 70 455 731 456 732
108 3 -1
183 12 38 14 38 459 735 464 740
109 3 -1
184 79 85 79 86 460 736 462 738
110 0 -1
185 63 98 65 98 461 737 463 739
111 2 -1
186 16 8 18 13 462 738 471 747
112 2 -1
187 78 84 78 85 463 739 469 745
113 3 -1
189 17 84 19 87 465 741 470 746
114 3 -1
190 68 33 71 34 466 742 471 747
115 0 -1
193 5 0 6 0 469 745 470 746
116 1 -1
196 29 57 29 59 472 748 474 750
117 3 -1
197 98 46 99 46 473 749 474 750
118 0 -1
198 26 57 44 57 474 750 492 768
119 0 -1
199 46 42 46 42 475 751 476 752
120 2 -1
200 9 8 10 8 476 752 478 754
121 2 -1
201 40 89 40 89 477 753 478 754
122 0 -1
204 48 60 49 60 480 756 481 757
123 1 -1
208 24 79 24 80 484 760 485 761
124 0 -1
209 54 66 54 67 485 761 486 762
125 1 -1
211 88 19 91 19 487 763 490 766
126 2 -1
212 79 33 79 34 488 764 490 766
127 1 -1
213 20 79 24 82 489 765 497 773
128 2 -1
214 33 0 37 1 490 766 495 771
129 0 -1
218 79 0 83 0 494 770 501 777
130 3 -1
219 41 67 42 68 495 771 497 773
131 3 -1
224 60 67 62 68 500 776 503 779
132 1 -1
225 58 7 60 7 501 777 503 779
133 1 -1
229 12 93 13 96 505 781 511 787
134 3 -1
230 82 95 82 95 506 782 507 783
135 0 -1
231 75 39 78 39 507 783 510 786
136 2 -1
236 1 92 3 92 512 788 514 790
137 1 -1
237 13 64 15 64 513 789 515 791
138 3 -1
240 86 94 94 95 516 792 527 803
139 0 -1
242 73 77 73 79 518 794 520 796
140 0 -1
244 17 8 18 11 520 796 525 801
141 0 -1
245 19 79 19 80 521 797 527 803
142 1 -1
246 2 16 5 16 522 798 525 801
143 2 -1
247 28 93 29 93 523 799 526 802
144 2 -1
248 60 89 60 91 524 800 527 803
145 1 -1
250 20 69 21 69 526 802 528 804
146 3 -1
251 64 37 66 38 527 803 530 806
147 2 -1
253 91 24 92 24 529 805 530 806
148 2 -1
255 17 25 18 26 531 807 533 809
149 3 -1
256 57 21 58 24 532 808 536 812
150 3 -1
257 72 93 72 96 533 809 537 813
151 2 -1
258 4 66 5 66 534 810 535 811
152 2 -1
260 16 85 17 85 536 812 538 814
153 0 -1
261 53 72 59 75 537 813 549 825
154 0 -1
266 52 12 53 12 542 818 546 822
155 3 -1
267 7 3 8 3 543 819 546 822
156 2 -1
268 86 74 86 75 544 820 546 822
157 0 -1
269 44 80 45 80 545 821 546 822
158 1 -1
271 40 28 40 28 547 823 553 829
159 3 -1
272 74 16 75 16 548 824 549 825
160 3 -1
274 79 38 91 39 550 826 563 839
161 0 -1
277 65 19 66 20 553 829 555 831
162 1 -1
278 56 72 57 74 554 830 560 836
163 3 -1
279 35 37 36 37 555 831 559 835
164 2 -1
280 11 58 14 58 556 832 559 835
165 2 -1
283 10 96 10 97 559 835 560 836
166 0 -1
285 99 0 97 0 561 837 564 840
167 0 -1
286 67 20 68 22 562 838 565 841
168 2 -1
289 69 40 69 41 565 841 568 844
169 0 -1
293 99 42 96 42 569 845 573 849
170 1 -1
294 36 21 36 25 570 846 574 850
171 0 -1
295 8 1 8 3 571 847 573 849
172 0 -1
296 98 63 94 63 572 848 576 852
173 1 -1
303 38 46 42 50 579 855 588 864
174 3 -1
305 9 26 13 27 581 857 586 862
175 2 -1
306 29 83 29 84 582 858 583 859
176 3 -1
307 48 60 50 60 583 859 585 861
177 2 -1
310 66 67 68 68 586 862 590 866
178 2 -1
311 18 60 19 63 587 863 591 867
179 0 -1
312 52 72 56 72 588 864 597 873
180 3 -1
313 14 3 14 4 589 865 590 866
181 3 -1
315 69 75 71 75 591 867 593 869
182 1 -1
320 84 31 92 37 596 872 612 888
183 1 -1
321 42 40 45 40 597 873 600 876
184 2 -1
323 12 39 13 44 599 875 612 888
185 1 -1
325 3 91 6 96 601 877 609 885
186 1 -1
326 80 71 81 71 602 878 603 879
187 1 -1
327 91 54 93 54 603 879 606 882
188 0 -1
328 11 69 11 72 604 880 609 885
189 3 -1
329 6 15 9 15 605 881 608 884
190 2 -1
330 72 48 76 49 606 882 611 887
191 1 -1
337 14 43 22 48 613 889 626 902
192 2 -1
340 13 66 16 66 616 892 619 895
193 1 -1
342 72 36 72 37 618 894 619 895
194 3 -1
343 87 45 89 46 619 895 622 898
195 1 -1
345 84 33 89 39 621 897 633 909
196 2 -1
349 76 8 77 8 625 901 626 902
197 3 -1
351 28 98 29 98 627 903 628 904
198 0 -1
354 28 67 33 67 630 906 636 912
199 1 -1
356 32 27 33 27 632 908 633 909
200 2 -1
357 38 30 38 34 633 909 637 913
201 0 -1
358 33 41 36 43 634 910 641 917
202 3 -1
359 95 31 97 31 635 911 638 914
203 2 -1
360 7 80 7 81 636 912 638 914
204 2 -1
361 77 66 78 70 637 913 643 919
205 3 -1
363 91 62 92 62 639 915 640 916
206 1 -1
364 96 22 96 22 640 916 641 917
207 1 -1
365 53 52 53 53 641 917 643 919
208 1 -1
367 61 90 63 93 643 919 649 925
209 2 -1
371 15 85 15 86 647 923 648 924
210 3 -1
372 48 10 51 12 648 924 656 932
211 0 -1
373 8 53 8 56 649 925 652 928
212 0 -1
374 24 98 24 99 650 926 651 927
213 1 -1
375 33 13 34 13 651 927 652 928
214 1 -1
377 83 87 84 87 653 929 654 930
215 3 -1
379 51 64 52 64 655 931 656 932
216 3 -1
380 94 87 95 87 656 932 657 933
217 2 -1
381 45 80 45 84 657 933 662 938
218 1 -1
382 45 79 45 81 658 934 660 936
219 0 -1
383 88 87 88 87 659 935 660 936
220 0 -1
388 7 25 7 25 664 940 665 941
221 0 -1
391 91 60 93 60 667 943 669 945
222 0 -1
392 53 87 53 89 668 944 670 946
223 0 -1
394 56 36 59 36 670 946 673 949
224 3 -1
396 31 91 35 92 672 948 677 953
225 3 -1
397 25 41 25 42 673 949 674 950
226 1 -1
400 6 21 8 21 676 952 678 954
227 0 -1
401 33 31 35 31 677 953 679 955
228 3 -1
403 41 87 42 87 679 955 684 960
229 2 -1
404 54 56 56 56 680 956 682 958
230 0 -1
407 23 15 24 15 683 959 684 960
231 2 -1
408 51 35 54 35 684 960 687 963
232 1 -1
411 67 5 68 6 687 963 689 965
233 3 -1
412 25 79 26 79 688 964 689 965
234 0 -1
414 10 84 11 84 690 966 691 967
235 0 -1
418 77 22 77 22 694 970 695 971
236 0 -1
420 17 83 18 83 696 972 697 973
237 0 -1
421 52 91 52 93 697 973 699 975
238 0 -1
423 66 76 66 76 699 975 700 976
239 3 -1
426 19 75 23 76 702 978 707 983
240 2 -1
428 18 71 20 71 704 980 706 982
241 2 -1
433 39 29 41 29 709 985 711 987
242 1 -1
437 95 17 95 18 713 989 714 990
243 0 -1
439 74 99 74 97 715 991 717 993
244 1 -1
441 13 55 19 56 717 993 725 1001
245 3 -1
446 18 23 22 23 722 998 726 1002
246 0 -1
448 88 34 91 34 724 1000 727 1003
247 3 -1
450 74 73 76 79 726 1002 734 1010
248 1 -1
452 56 69 59 69 728 1004 731 1007
249 3 -1
455 99 96 98 97 731 1007 734 1010
250 0 -1
460 61 25 63 26 736 1012 742 1018
251 0 -1
461 94 59 96 59 737 1013 739 1015
252 3 -1
462 66 15 66 15 738 1014 741 1017
253 2 -1
464 58 21 60 21 740 1016 742 1018
254 2 -1
469 10 79 12 79 745 1021 747 1023
255 1 -1
471 14 5 21 5 747 1023 758 1034
256 0 -1
475 13 64 13 66 751 1027 753 1029
257 1 -1
478 45 84 48 84 754 1030 758 1034
258 0 -1
479 28 26 28 26 755 1031 757 1033
259 0 -1
480 1 0 1 0 756 1032 764 1040
260 1 -1
481 80 73 85 73 757 1033 763 1039
261 1 -1
482 37 46 38 46 758 1034 759 1035
262 3 -1
484 51 63 55 63 760 1036 764 1040
263 1 -1
486 72 10 72 10 762 1038 765 1041
264 0 -1
488 50 45 51 47 764 1040 767 1043
265 1 -1
489 57 33 62 39 765 1041 778 1054
266 3 -1
491 10 10 12 10 767 1043 769 1045
267 2 -1
493 76 36 76 36 769 1045 770 1046
268 3 -1
496 3 29 4 29 772 1048 773 1049
269 2 -1
501 39 41 41 41 777 1053 779 1055
270 2 -1
502 49 16 51 18 778 1054 782 1058
271 3 -1
505 99 57 99 57 781 1057 783 1059
272 1 -1
506 50 91 53 92 782 1058 787 1063
273 3 -1
507 6 27 10 27 783 1059 787 1063
274 0 -1
509 72 0 72 1 785 1061 786 1062
275 1 -1
511 81 23 83 23 787 1063 789 1065
276 2 -1
512 84 64 84 64 788 1064 789 1065
277 1 -1
515 21 29 24 29 791 1067 794 1070
278 2 -1
516 28 11 30 13 792 1068 805 1081
279 1 -1
517 39 46 43 46 793 1069 797 1073
280 1 -1
518 89 24 90 25 794 1070 796 1072
281 2 -1
520 32 65 32 66 796 1072 797 1073
282 2 -1
522 28 15 33 19 798 1074 807 1083
283 3 -1
523 89 72 89 72 799 1075 800 1076
284 3 -1
525 17 98 17 99 801 1077 803 1079
285 2 -1
526 59 51 59 51 802 1078 804 1080
286 2 -1
528 86 55 86 59 804 1080 809 1085
287 2 -1
530 61 59 65 59 806 1082 810 1086
288 3 -1
533 4 34 5 34 809 1085 811 1087
289 1 -1
535 78 16 80 17 811 1087 814 1090
290 0 -1
536 90 29 92 29 812 1088 814 1090
291 1 -1
537 33 79 33 80 813 1089 814 1090
292 3 -1
538 31 64 34 64 814 1090 817 1093
293 1 -1
540 87 82 89 82 816 1092 820 1096
294 0 -1
541 62 12 65 12 817 1093 820 1096
295 3 -1
542 56 55 59 56 818 1094 826 1102
296 2 -1
543 91 37 92 38 819 1095 821 1097
297 3 -1
546 8 42 10 42 822 1098 824 1100
298 0 -1
547 96 51 97 51 823 1099 825 1101
299 2 -1
550 68 34 68 35 826 1102 827 1103
300 2 -1
552 33 35 33 38 828 1104 831 1107
