100 100 577
1
0 84 41
11
0 0 0 100 6
0
1 0 0 100 6
0
2 0 0 100 6
0
3 0 0 100 6
0
4 0 0 100 6
0
5 0 0 100 6
0
6 0 0 100 6
0
7 0 0 100 6
0
8 0 0 100 6
0
9 0 0 100 6
0
10 0 0 100 6
0
300
1 0 -1
2 99 85 96 85 13 24 16 27
2 0 -1
5 51 21 55 22 16 27 21 32
3 0 -1
7 6 2 6 2 18 29 22 33
4 0 -1
8 55 80 64 80 19 30 28 39
5 0 -1
9 8 38 9 43 20 31 26 37
6 0 -1
10 27 46 31 46 21 32 25 36
7 0 -1
11 3 50 6 50 22 33 28 39
8 0 -1
12 31 66 32 66 23 34 25 36
9 0 -1
13 84 39 85 39 24 35 26 37
10 0 -1
14 56 75 56 78 25 36 28 39
11 0 -1
15 4 67 5 70 26 37 32 43
12 0 -1
17 38 54 40 55 28 39 32 43
13 0 -1
18 18 10 22 11 29 40 35 46
14 0 -1
19 22 5 23 5 30 41 31 42
15 0 -1
20 78 61 78 61 31 42 33 44
16 0 -1
21 92 98 93 98 32 43 34 45
17 0 -1
22 64 71 65 72 33 44 37 48
18 0 -1
24 98 82 98 84 35 46 37 48
19 0 -1
29 16 98 21 99 40 51 46 57
20 0 -1
30 73 13 74 13 41 52 43 54
21 0 -1
31 64 19 64 20 42 53 44 55
22 0 -1
33 45 67 50 68 44 55 50 61
23 0 -1
35 43 82 44 82 46 57 47 58
24 0 -1
36 18 38 19 38 47 58 49 60
25 0 -1
39 79 78 80 78 50 61 51 62
26 0 -1
40 21 38 22 38 51 62 52 63
27 0 -1
41 37 65 39 65 52 63 54 65
28 0 -1
42 84 46 85 46 53 64 54 65
29 0 -1
43 93 46 94 46 54 65 55 66
30 0 -1
45 87 4 89 4 56 67 58 69
31 0 -1
49 5 5 7 5 60 71 63 74
32 0 -1
52 85 15 89 17 63 74 70 81
33 0 -1
53 87 72 89 75 64 75 69 80
34 0 -1
54 33 53 34 53 65 76 66 77
35 0 -1
56 63 59 79 60 67 78 84 95
36 0 -1
57 0 75 0 75 68 79 70 81
37 0 -1
59 82 31 83 31 70 81 71 82
38 0 -1
61 25 53 27 53 72 83 74 85
39 0 -1
62 63 30 69 31 73 84 81 92
40 0 -1
64 77 23 93 26 75 86 94 105
41 0 -1
69 91 53 93 53 80 91 82 93
42 0 -1
71 10 35 14 35 82 93 90 101
43 0 -1
73 77 81 78 85 84 95 89 100
44 0 -1
76 38 53 40 53 87 98 90 101
45 0 -1
78 65 92 66 93 89 100 91 102
46 0 -1
80 67 62 69 62 91 102 94 105
47 0 -1
81 45 28 45 30 92 103 94 105
48 0 -1
82 55 62 58 65 93 104 99 110
49 0 -1
83 23 71 26 72 94 105 99 110
50 0 -1
84 5 6 6 6 95 106 96 107
51 0 -1
86 54 3 56 3 97 108 107 118
52 0 -1
87 6 84 7 84 98 109 99 110
53 0 -1
90 91 7 92 7 101 112 102 113
54 0 -1
91 76 95 78 97 102 113 106 117
55 0 -1
92 17 36 18 36 103 114 104 115
56 0 -1
93 92 86 95 86 104 115 107 118
57 0 -1
94 58 46 61 47 105 116 111 122
58 0 -1
96 71 5 73 5 107 118 109 120
59 0 -1
103 60 25 61 27 114 125 117 128
60 0 -1
105 0 71 1 71 116 127 118 129
61 0 -1
106 34 74 41 74 117 128 127 138
62 0 -1
107 76 16 77 17 118 129 121 132
63 0 -1
108 51 16 58 16 119 130 127 138
64 0 -1
110 44 11 49 14 121 132 129 140
65 0 -1
111 31 92 31 93 122 133 123 134
66 0 -1
114 33 69 35 71 125 136 131 142
67 0 -1
115 6 44 9 45 126 137 131 142
68 0 -1
116 22 88 30 89 127 138 139 150
69 0 -1
119 48 86 51 86 130 141 133 144
70 0 -1
120 8 61 9 61 131 142 132 143
71 0 -1
122 82 42 86 42 133 144 137 148
72 0 -1
123 56 65 56 68 134 145 137 148
73 0 -1
124 61 55 62 56 135 146 139 150
74 0 -1
127 54 5 54 6 138 149 139 150
75 0 -1
128 10 21 15 24 139 150 158 169
76 0 -1
130 66 23 66 24 141 152 142 153
77 0 -1
132 23 79 28 85 143 154 158 169
78 0 -1
134 33 38 33 38 145 156 146 157
79 0 -1
135 54 56 55 64 146 157 157 168
80 0 -1
136 85 88 86 89 147 158 149 160
81 0 -1
139 32 42 32 42 150 161 151 162
82 0 -1
140 24 25 26 26 151 162 155 166
83 0 -1
141 76 30 77 33 152 163 157 168
84 0 -1
144 52 10 53 13 155 166 160 171
85 0 -1
145 43 39 45 39 156 167 158 169
86 0 -1
146 54 33 55 33 157 168 158 169
87 0 -1
147 47 34 48 34 158 169 159 170
88 0 -1
148 4 23 4 24 159 170 160 171
89 0 -1
149 99 46 97 46 160 171 162 173
90 0 -1
150 80 77 82 78 161 172 167 178
91 0 -1
153 10 56 10 56 164 175 165 176
92 0 -1
154 56 76 58 77 165 176 169 180
93 0 -1
155 49 24 49 24 166 177 167 178
94 0 -1
156 6 69 8 72 167 178 172 183
95 0 -1
157 62 35 67 35 168 179 173 184
96 0 -1
160 5 74 11 74 171 182 177 188
97 0 -1
162 65 32 66 32 173 184 174 185
98 0 -1
163 97 0 98 0 174 185 175 186
99 0 -1
166 40 63 40 65 177 188 179 190
100 0 -1
167 47 65 50 67 178 189 183 194
101 0 -1
168 81 68 81 70 179 190 181 192
102 0 -1
169 68 94 68 99 180 191 185 196
103 0 -1
170 48 94 52 94 181 192 186 197
104 0 -1
172 53 60 58 60 183 194 188 199
105 0 -1
173 22 92 26 92 184 195 189 200
106 0 -1
174 5 18 6 19 185 196 187 198
107 0 -1
179 80 93 80 94 190 201 191 202
108 0 -1
183 28 44 33 44 194 205 199 210
109 0 -1
184 29 56 30 57 195 206 197 208
110 0 -1
185 28 11 28 12 196 207 198 209
111 0 -1
186 62 45 64 52 197 208 206 217
112 0 -1
187 43 16 45 18 198 209 204 215
113 0 -1
189 97 48 99 49 200 211 205 216
114 0 -1
190 82 78 84 78 201 212 206 217
115 0 -1
193 77 56 78 56 204 215 205 216
116 0 -1
196 66 99 68 99 207 218 209 220
117 0 -1
197 97 3 98 3 208 219 209 220
118 0 -1
198 50 89 64 93 209 220 227 238
119 0 -1
199 24 95 25 95 210 221 211 222
120 0 -1
200 63 67 65 67 211 222 213 224
121 0 -1
201 87 40 87 40 212 223 213 224
122 0 -1
204 57 18 57 19 215 226 216 227
123 0 -1
208 84 76 85 76 219 230 220 231
124 0 -1
209 40 3 41 3 220 231 221 232
125 0 -1
211 40 96 42 97 222 233 225 236
126 0 -1
212 92 82 92 84 223 234 225 236
127 0 -1
213 83 12 90 12 224 235 232 243
128 0 -1
214 88 58 88 60 225 236 230 241
129 0 -1
218 53 95 57 97 229 240 236 247
130 0 -1
219 21 24 21 26 230 241 232 243
131 0 -1
224 71 19 72 20 235 246 238 249
132 0 -1
225 61 66 63 66 236 247 238 249
133 0 -1
229 83 59 83 65 240 251 246 257
134 0 -1
230 1 98 2 98 241 252 242 253
135 0 -1
231 29 38 29 39 242 253 245 256
136 0 -1
236 29 65 30 66 247 258 249 260
137 0 -1
237 14 29 16 29 248 259 250 261
138 0 -1
240 76 27 84 30 251 262 262 273
139 0 -1
242 57 5 59 5 253 264 255 266
140 0 -1
244 59 35 63 36 255 266 260 271
141 0 -1
245 44 3 47 3 256 267 262 273
142 0 -1
246 81 60 84 60 257 268 260 271
143 0 -1
247 90 84 91 84 258 269 261 272
144 0 -1
248 56 7 56 7 259 270 262 273
145 0 -1
250 15 64 17 64 261 272 263 274
146 0 -1
251 12 53 14 53 262 273 265 276
147 0 -1
253 8 92 8 92 264 275 265 276
148 0 -1
255 86 24 86 24 266 277 268 279
149 0 -1
256 30 35 31 36 267 278 271 282
150 0 -1
257 10 27 12 27 268 279 272 283
151 0 -1
258 49 98 49 99 269 280 270 281
152 0 -1
260 64 81 66 81 271 282 273 284
153 0 -1
261 84 21 86 29 272 283 284 295
154 0 -1
266 30 2 31 5 277 288 281 292
155 0 -1
267 47 79 49 79 278 289 281 292
156 0 -1
268 18 78 20 78 279 290 281 292
157 0 -1
269 29 69 30 69 280 291 281 292
158 0 -1
271 3 78 7 80 282 293 288 299
159 0 -1
272 20 60 21 60 283 294 284 295
160 0 -1
274 16 17 18 18 285 296 298 309
161 0 -1
277 59 67 59 67 288 299 290 301
162 0 -1
278 56 38 62 38 289 300 295 306
163 0 -1
279 29 73 33 73 290 301 294 305
164 0 -1
280 53 43 55 44 291 302 294 305
165 0 -1
283 41 93 42 93 294 305 295 306
166 0 -1
285 30 95 32 96 296 307 299 310
167 0 -1
286 98 98 96 99 297 308 300 311
168 0 -1
289 68 86 71 86 300 311 303 314
169 0 -1
293 95 80 98 81 304 315 308 319
170 0 -1
294 35 62 36 62 305 316 306 317
171 0 -1
295 59 62 60 63 306 317 308 319
172 0 -1
296 23 94 24 94 307 318 311 322
173 0 -1
303 27 71 28 71 314 325 323 334
174 0 -1
305 59 15 62 15 316 327 321 332
175 0 -1
306 36 95 37 95 317 328 318 329
176 0 -1
307 70 68 71 69 318 329 320 331
177 0 -1
310 89 80 89 80 321 332 325 336
178 0 -1
311 43 38 45 39 322 333 326 337
179 0 -1
312 25 88 27 93 323 334 332 343
180 0 -1
313 79 34 79 34 324 335 325 336
181 0 -1
315 20 30 22 30 326 337 328 339
182 0 -1
320 7 3 7 8 331 342 347 358
183 0 -1
321 43 31 45 32 332 343 335 346
184 0 -1
323 75 75 86 77 334 345 347 358
185 0 -1
325 97 73 99 78 336 347 344 355
186 0 -1
326 66 81 67 81 337 348 338 349
187 0 -1
327 89 9 92 9 338 349 341 352
188 0 -1
328 64 59 68 59 339 350 344 355
189 0 -1
329 55 53 57 53 340 351 343 354
190 0 -1
330 20 76 24 77 341 352 346 357
191 0 -1
337 20 0 22 6 348 359 361 372
192 0 -1
340 33 86 35 86 351 362 354 365
193 0 -1
342 95 69 96 69 353 364 354 365
194 0 -1
343 22 54 23 54 354 365 357 368
195 0 -1
345 42 58 48 63 356 367 368 379
196 0 -1
349 16 24 16 24 360 371 361 372
197 0 -1
351 39 91 40 91 362 373 363 374
198 0 -1
354 41 84 45 84 365 376 371 382
199 0 -1
356 19 58 20 58 367 378 368 379
200 0 -1
357 69 85 70 86 368 379 372 383
201 0 -1
358 52 66 57 68 369 380 376 387
202 0 -1
359 26 37 28 37 370 381 373 384
203 0 -1
360 17 19 19 19 371 382 373 384
204 0 -1
361 15 93 18 96 372 383 378 389
205 0 -1
363 30 96 30 96 374 385 375 386
206 0 -1
364 38 30 38 30 375 386 376 387
207 0 -1
365 37 46 39 46 376 387 378 389
208 0 -1
367 64 26 64 28 378 389 384 395
209 0 -1
371 82 64 82 64 382 393 383 394
210 0 -1
372 19 51 26 52 383 394 391 402
211 0 -1
373 94 8 96 9 384 395 387 398
212 0 -1
374 17 35 18 35 385 396 386 397
213 0 -1
375 82 15 83 15 386 397 387 398
214 0 -1
377 75 78 76 78 388 399 389 400
215 0 -1
379 11 0 11 0 390 401 391 402
216 0 -1
380 78 15 78 15 391 402 392 403
217 0 -1
381 7 11 7 11 392 403 397 408
218 0 -1
382 95 77 96 77 393 404 395 406
219 0 -1
383 70 6 71 6 394 405 395 406
220 0 -1
388 67 3 67 4 399 410 400 411
221 0 -1
391 94 4 95 5 402 413 404 415
222 0 -1
392 22 94 23 94 403 414 405 416
223 0 -1
394 65 34 66 36 405 416 408 419
224 0 -1
396 56 93 58 95 407 418 412 423
225 0 -1
397 0 54 0 54 408 419 409 420
226 0 -1
400 64 19 66 19 411 422 413 424
227 0 -1
401 78 76 80 76 412 423 414 425
228 0 -1
403 36 30 37 31 414 425 419 430
229 0 -1
404 63 27 64 27 415 426 417 428
230 0 -1
407 93 73 94 73 418 429 419 430
231 0 -1
408 89 77 92 77 419 430 422 433
232 0 -1
411 41 71 42 72 422 433 424 435
233 0 -1
412 94 22 95 22 423 434 424 435
234 0 -1
414 33 53 33 54 425 436 426 437
235 0 -1
418 30 2 31 2 429 440 430 441
236 0 -1
420 7 70 7 71 431 442 432 443
237 0 -1
421 88 8 88 10 432 443 434 445
238 0 -1
423 26 52 27 52 434 445 435 446
239 0 -1
426 65 74 70 74 437 448 442 453
240 0 -1
428 40 34 41 34 439 450 441 452
241 0 -1
433 59 58 60 58 444 455 446 457
242 0 -1
437 8 38 8 39 448 459 449 460
243 0 -1
439 31 90 32 90 450 461 452 463
244 0 -1
441 57 62 64 63 452 463 460 471
245 0 -1
446 12 81 13 82 457 468 461 472
246 0 -1
448 5 10 5 12 459 470 462 473
247 0 -1
450 50 96 51 98 461 472 469 480
248 0 -1
452 79 46 81 46 463 474 466 477
249 0 -1
455 97 43 99 43 466 477 469 480
250 0 -1
460 80 7 85 8 471 482 477 488
251 0 -1
461 43 54 44 54 472 483 474 485
252 0 -1
462 55 27 58 27 473 484 476 487
253 0 -1
464 3 52 3 53 475 486 477 488
254 0 -1
469 49 46 50 46 480 491 482 493
255 0 -1
471 14 4 16 5 482 493 493 504
256 0 -1
475 19 29 21 29 486 497 488 499
257 0 -1
478 99 68 97 69 489 500 493 504
258 0 -1
479 67 97 68 97 490 501 492 503
259 0 -1
480 11 77 12 80 491 502 499 510
260 0 -1
481 35 0 41 0 492 503 498 509
261 0 -1
482 53 65 54 65 493 504 494 505
262 0 -1
484 37 70 39 70 495 506 499 510
263 0 -1
486 80 4 82 4 497 508 500 511
264 0 -1
488 65 99 68 99 499 510 502 513
265 0 -1
489 42 86 54 87 500 511 513 524
266 0 -1
491 55 94 55 95 502 513 504 515
267 0 -1
493 53 71 53 71 504 515 505 516
268 0 -1
496 39 3 40 3 507 518 508 519
269 0 -1
501 37 24 39 24 512 523 514 525
270 0 -1
502 83 29 86 29 513 524 517 528
271 0 -1
505 63 68 65 68 516 527 518 529
272 0 -1
506 99 18 99 22 517 528 522 533
273 0 -1
507 97 10 98 10 518 529 519 530
274 0 -1
509 26 35 27 35 520 531 521 532
275 0 -1
511 92 48 94 48 522 533 524 535
276 0 -1
512 50 59 51 59 523 534 524 535
277 0 -1
515 17 78 17 80 526 537 529 540
278 0 -1
516 5 63 12 69 527 538 540 551
279 0 -1
517 37 68 37 71 528 539 532 543
280 0 -1
518 39 60 40 60 529 540 531 542
281 0 -1
520 52 91 53 91 531 542 532 543
282 0 -1
522 73 94 79 94 533 544 542 553
283 0 -1
523 57 46 58 46 534 545 535 546
284 0 -1
525 6 14 7 14 536 547 538 549
285 0 -1
526 14 93 16 93 537 548 539 550
286 0 -1
528 72 58 77 58 539 550 544 555
287 0 -1
530 34 77 34 77 541 552 545 556
288 0 -1
533 9 35 11 35 544 555 546 557
289 0 -1
535 46 13 48 14 546 557 549 560
290 0 -1
536 13 7 14 7 547 558 549 560
291 0 -1
537 4 35 5 35 548 559 549 560
292 0 -1
538 73 34 74 36 549 560 552 563
293 0 -1
540 30 32 32 34 551 562 555 566
294 0 -1
541 39 58 39 60 552 563 555 566
295 0 -1
542 35 16 41 16 553 564 561 572
296 0 -1
543 78 44 79 45 554 565 556 567
297 0 -1
546 77 39 77 40 557 568 559 570
298 0 -1
547 24 86 25 87 558 569 560 571
299 0 -1
550 35 33 35 33 561 572 562 573
300 0 -1
552 22 49 24 49 563 574 566 577
