100 100 1797
16
0 94 13
1 24 32
2 93 11
3 75 15
4 75 47
5 67 96
6 20 60
7 20 70
8 87 17
9 55 81
10 9 87
11 96 79
12 28 14
13 36 26
14 72 27
15 34 78
32
0 0 0 100 6
0
1 0 0 100 6
0
2 1 0 100 6
0
3 1 0 100 6
0
4 2 0 100 6
0
5 2 0 100 6
0
6 3 0 100 6
0
7 3 0 100 6
0
8 4 0 100 6
0
9 4 0 100 6
0
10 5 0 100 6
0
11 5 0 100 6
0
12 6 0 100 6
0
13 6 0 100 6
0
14 7 0 100 6
0
15 7 0 100 6
0
16 8 0 100 6
0
17 8 0 100 6
0
18 9 0 100 6
0
19 9 0 100 6
0
20 10 0 100 6
0
21 10 0 100 6
0
22 11 0 100 6
0
23 11 0 100 6
0
24 12 0 100 6
0
25 12 0 100 6
0
26 13 0 100 6
0
27 13 0 100 6
0
28 14 0 100 6
0
29 14 0 100 6
0
30 15 0 100 6
0
31 15 0 100 6
0
1000
1 9 -1
2 41 29 43 30 36 70 39 73
2 3 -1
5 41 8 44 9 39 73 44 78
3 10 -1
7 83 45 84 45 41 75 45 79
4 1 -1
8 47 80 51 84 42 76 51 85
5 3 -1
9 84 45 85 48 43 77 49 83
6 15 -1
10 77 72 81 72 44 78 48 82
7 4 -1
11 78 28 81 30 45 79 51 85
8 0 -1
12 8 64 8 65 46 80 48 82
9 6 -1
13 49 42 50 42 47 81 49 83
10 12 -1
14 39 89 40 89 48 82 51 85
11 7 -1
15 43 97 46 97 49 83 55 89
12 14 -1
17 97 45 93 45 51 85 55 89
13 5 -1
18 13 19 14 20 52 86 58 92
14 3 -1
19 23 33 23 34 53 87 54 88
15 13 -1
20 59 9 60 9 54 88 56 90
16 11 -1
21 7 66 9 66 55 89 57 91
17 15 -1
22 28 32 29 32 56 90 60 94
18 1 -1
24 18 37 20 37 58 92 60 94
19 11 -1
29 52 35 56 35 63 97 69 103
20 13 -1
30 99 60 97 60 64 98 66 100
21 7 -1
31 22 73 22 73 65 99 67 101
22 7 -1
33 46 2 46 7 67 101 73 107
23 7 -1
35 12 26 13 26 69 103 70 104
24 10 -1
36 75 80 75 80 70 104 72 106
25 15 -1
39 21 95 22 95 73 107 74 108
26 12 -1
40 73 59 74 59 74 108 75 109
27 4 -1
41 50 96 50 97 75 109 77 111
28 5 -1
42 99 59 99 59 76 110 77 111
29 5 -1
43 22 26 23 26 77 111 78 112
30 13 -1
45 5 59 6 60 79 113 81 115
31 0 -1
49 71 47 73 47 83 117 86 120
32 12 -1
52 66 36 70 37 86 120 93 127
33 6 -1
53 88 9 90 10 87 121 92 126
34 3 -1
54 92 11 92 11 88 122 89 123
35 1 -1
56 72 16 85 19 90 124 107 141
36 14 -1
57 24 50 26 50 91 125 93 127
37 11 -1
59 34 64 35 64 93 127 94 128
38 0 -1
61 6 21 6 22 95 129 97 131
39 7 -1
62 13 12 20 13 96 130 104 138
40 0 -1
64 34 29 53 29 98 132 117 151
41 7 -1
69 80 48 80 49 103 137 105 139
42 7 -1
71 51 69 58 70 105 139 113 147
43 1 -1
73 40 66 42 66 107 141 112 146
44 4 -1
76 24 71 24 73 110 144 113 147
45 14 -1
78 58 60 60 60 112 146 114 148
46 1 -1
80 76 2 76 3 114 148 117 151
47 1 -1
81 53 95 53 97 115 149 117 151
48 6 -1
82 92 97 98 97 116 150 122 156
49 11 -1
83 15 97 18 97 117 151 122 156
50 7 -1
84 22 25 23 25 118 152 119 153
51 9 -1
86 39 48 39 50 120 154 130 164
52 9 -1
87 51 69 51 70 121 155 122 156
53 5 -1
90 41 24 41 24 124 158 125 159
54 10 -1
91 78 34 80 36 125 159 129 163
55 9 -1
92 64 72 64 72 126 160 127 161
56 15 -1
93 56 70 56 72 127 161 130 164
57 1 -1
94 92 52 97 53 128 162 134 168
58 0 -1
96 47 44 48 44 130 164 132 166
59 3 -1
103 84 17 85 17 137 171 140 174
60 1 -1
105 46 61 48 61 139 173 141 175
61 10 -1
106 99 58 96 65 140 174 150 184
62 8 -1
107 53 99 55 99 141 175 144 178
63 5 -1
108 94 67 88 68 142 176 150 184
64 0 -1
110 46 91 51 91 144 178 152 186
65 1 -1
111 87 59 88 59 145 179 146 180
66 1 -1
114 84 2 85 7 148 182 154 188
67 9 -1
115 65 31 66 31 149 183 154 188
68 14 -1
116 97 62 99 71 150 184 162 196
69 8 -1
119 1 18 3 18 153 187 156 190
70 7 -1
120 47 75 48 75 154 188 155 189
71 15 -1
122 1 68 4 69 156 190 160 194
72 0 -1
123 28 15 29 17 157 191 160 194
73 6 -1
124 74 48 78 48 158 192 162 196
74 1 -1
127 26 96 27 96 161 195 162 196
75 9 -1
128 93 4 75 4 162 196 181 215
76 9 -1
130 30 3 30 3 164 198 165 199
77 13 -1
132 73 18 84 19 166 200 181 215
78 13 -1
134 30 51 30 52 168 202 169 203
79 2 -1
135 27 10 35 12 169 203 180 214
80 10 -1
136 56 23 56 25 170 204 172 206
81 2 -1
139 25 97 25 97 173 207 174 208
82 15 -1
140 24 6 26 6 174 208 178 212
83 9 -1
141 56 40 56 45 175 209 180 214
84 5 -1
144 92 74 95 75 178 212 183 217
85 6 -1
145 42 52 44 52 179 213 181 215
86 12 -1
146 86 97 87 97 180 214 181 215
87 13 -1
147 71 19 72 19 181 215 182 216
88 1 -1
148 24 82 24 83 182 216 183 217
89 9 -1
149 20 77 20 79 183 217 185 219
90 3 -1
150 59 86 61 88 184 218 190 224
91 2 -1
153 61 44 62 44 187 221 188 222
92 5 -1
154 42 87 46 87 188 222 192 226
93 11 -1
155 59 37 59 37 189 223 190 224
94 9 -1
156 34 26 37 26 190 224 195 229
95 7 -1
157 26 55 26 60 191 225 196 230
96 3 -1
160 33 83 37 85 194 228 200 234
97 12 -1
162 94 83 95 83 196 230 197 231
98 14 -1
163 37 8 37 9 197 231 198 232
99 11 -1
166 2 35 3 36 200 234 202 236
100 9 -1
167 69 22 71 25 201 235 206 240
101 3 -1
168 28 35 29 35 202 236 204 238
102 2 -1
169 82 82 82 86 203 237 208 242
103 9 -1
170 72 52 77 52 204 238 209 243
104 12 -1
172 7 39 10 40 206 240 211 245
105 3 -1
173 60 40 60 43 207 241 212 246
106 10 -1
174 3 33 5 33 208 242 210 244
107 0 -1
179 48 42 48 42 213 247 214 248
108 4 -1
183 69 73 71 75 217 251 222 256
109 1 -1
184 36 75 38 75 218 252 220 254
110 14 -1
185 61 47 61 48 219 253 221 255
111 7 -1
186 60 24 69 24 220 254 229 263
112 11 -1
187 17 58 21 58 221 255 227 261
113 7 -1
189 36 12 41 12 223 257 228 262
114 12 -1
190 10 33 12 35 224 258 229 263
115 11 -1
193 22 56 23 56 227 261 228 262
116 14 -1
196 19 83 19 85 230 264 232 266
117 6 -1
197 88 4 88 5 231 265 232 266
118 5 -1
198 1 32 15 36 232 266 250 284
119 6 -1
199 80 25 80 26 233 267 234 268
120 8 -1
200 26 0 28 0 234 268 236 270
121 0 -1
201 98 39 99 39 235 269 236 270
122 15 -1
204 6 3 6 3 238 272 239 273
123 0 -1
208 78 49 78 49 242 276 243 277
124 14 -1
209 69 43 69 43 243 277 244 278
125 6 -1
211 34 29 34 31 245 279 248 282
126 12 -1
212 34 2 35 3 246 280 248 282
127 2 -1
213 57 46 59 49 247 281 255 289
128 0 -1
214 11 43 12 46 248 282 253 287
129 13 -1
218 76 14 76 21 252 286 259 293
130 13 -1
219 72 44 74 44 253 287 255 289
131 1 -1
224 87 55 90 55 258 292 261 295
132 4 -1
225 69 14 70 15 259 293 261 295
133 8 -1
229 43 74 47 76 263 297 269 303
134 9 -1
230 51 91 51 91 264 298 265 299
135 1 -1
231 87 64 90 64 265 299 268 302
136 0 -1
236 79 88 81 88 270 304 272 306
137 11 -1
237 90 79 90 81 271 305 273 307
138 0 -1
240 6 95 10 89 274 308 285 319
139 3 -1
242 75 33 75 33 276 310 278 312
140 5 -1
244 70 81 71 85 278 312 283 317
141 10 -1
245 79 51 80 51 279 313 285 319
142 7 -1
246 86 43 87 44 280 314 283 317
143 1 -1
247 7 23 7 25 281 315 284 318
144 10 -1
248 26 37 28 37 282 316 285 319
145 2 -1
250 32 62 34 62 284 318 286 320
146 15 -1
251 78 36 80 37 285 319 288 322
147 13 -1
253 13 80 14 80 287 321 288 322
148 14 -1
255 59 6 60 7 289 323 291 325
149 13 -1
256 9 20 11 20 290 324 294 328
150 11 -1
257 95 78 97 79 291 325 295 329
151 12 -1
258 20 53 21 53 292 326 293 327
152 9 -1
260 50 93 52 93 294 328 296 330
153 6 -1
261 66 46 66 51 295 329 307 341
154 11 -1
266 34 9 37 9 300 334 304 338
155 5 -1
267 91 83 93 83 301 335 304 338
156 14 -1
268 30 87 30 89 302 336 304 338
157 8 -1
269 69 96 69 97 303 337 304 338
158 12 -1
271 85 6 87 8 305 339 311 345
159 2 -1
272 34 88 35 88 306 340 307 341
160 7 -1
274 18 66 25 68 308 342 321 355
161 0 -1
277 2 40 3 40 311 345 313 347
162 5 -1
278 47 55 47 58 312 346 318 352
163 12 -1
279 48 24 52 24 313 347 317 351
164 3 -1
280 33 11 35 12 314 348 317 351
165 10 -1
283 7 83 8 83 317 351 318 352
166 6 -1
285 16 72 19 72 319 353 322 356
167 5 -1
286 91 83 91 86 320 354 323 357
168 8 -1
289 93 1 94 3 323 357 326 360
169 7 -1
293 13 83 16 83 327 361 331 365
170 6 -1
294 14 62 15 62 328 362 329 363
171 3 -1
295 36 38 38 38 329 363 331 365
172 7 -1
296 66 5 69 6 330 364 334 368
173 4 -1
303 59 29 67 30 337 371 346 380
174 3 -1
305 19 44 22 45 339 373 344 378
175 2 -1
306 87 55 87 55 340 374 341 375
176 6 -1
307 97 60 99 60 341 375 343 377
177 3 -1
310 78 7 79 10 344 378 348 382
178 13 -1
311 43 76 43 78 345 379 349 383
179 13 -1
312 3 8 8 9 346 380 355 389
180 9 -1
313 29 81 30 81 347 381 348 382
181 15 -1
315 83 62 85 62 349 383 351 385
182 4 -1
320 3 20 14 21 354 388 370 404
183 2 -1
321 31 72 32 73 355 389 358 392
184 13 -1
323 96 13 83 13 357 391 370 404
185 1 -1
325 99 9 99 12 359 393 367 401
186 8 -1
326 0 90 0 91 360 394 361 395
187 9 -1
327 58 85 58 86 361 395 364 398
188 2 -1
328 80 41 80 46 362 396 367 401
189 4 -1
329 2 90 3 92 363 397 366 400
190 6 -1
330 84 5 87 7 364 398 369 403
191 6 -1
337 97 7 86 9 371 405 384 418
192 9 -1
340 25 59 28 59 374 408 377 411
193 13 -1
342 25 46 26 46 376 410 377 411
194 14 -1
343 79 62 80 62 377 411 380 414
195 5 -1
345 68 94 76 96 379 413 391 425
196 8 -1
349 28 11 28 12 383 417 384 418
197 2 -1
351 65 28 65 28 385 419 386 420
198 9 -1
354 74 93 79 94 388 422 394 428
199 15 -1
356 36 22 36 22 390 424 391 425
200 4 -1
357 62 26 62 27 391 425 395 429
201 15 -1
358 85 0 87 5 392 426 399 433
202 2 -1
359 5 39 5 40 393 427 396 430
203 2 -1
360 51 9 51 9 394 428 396 430
204 10 -1
361 95 26 90 26 395 429 401 435
205 5 -1
363 99 68 99 69 397 431 398 432
206 1 -1
364 22 81 23 81 398 432 399 433
207 13 -1
365 72 68 74 68 399 433 401 435
208 14 -1
367 75 4 80 4 401 435 407 441
209 5 -1
371 95 75 96 75 405 439 406 440
210 8 -1
372 30 93 30 85 406 440 414 448
211 6 -1
373 41 47 42 49 407 441 410 444
212 15 -1
374 89 66 89 66 408 442 409 443
213 11 -1
375 21 44 21 45 409 443 410 444
214 7 -1
377 44 23 44 24 411 445 412 446
215 14 -1
379 37 52 37 52 413 447 414 448
216 14 -1
380 29 89 30 89 414 448 415 449
217 7 -1
381 62 58 66 58 415 449 420 454
218 11 -1
382 39 97 41 97 416 450 418 452
219 13 -1
383 70 28 71 28 417 451 418 452
220 4 -1
388 63 65 64 65 422 456 423 457
221 4 -1
391 48 63 50 63 425 459 427 461
222 0 -1
392 87 8 89 8 426 460 428 462
223 9 -1
394 73 49 73 52 428 462 431 465
224 6 -1
396 37 30 38 31 430 464 435 469
225 1 -1
397 48 78 48 79 431 465 432 466
226 7 -1
400 25 47 27 47 434 468 436 470
227 2 -1
401 60 44 62 44 435 469 437 471
228 8 -1
403 98 60 99 60 437 471 442 476
229 0 -1
404 20 70 22 70 438 472 440 474
230 2 -1
407 69 59 69 59 441 475 442 476
231 5 -1
408 25 43 25 46 442 476 445 479
232 13 -1
411 49 75 50 75 445 479 447 481
233 5 -1
412 26 75 27 75 446 480 447 481
234 6 -1
414 71 52 72 52 448 482 449 483
235 9 -1
418 81 61 82 61 452 486 453 487
236 4 -1
420 43 55 43 56 454 488 455 489
237 2 -1
421 68 76 68 78 455 489 457 491
238 14 -1
423 77 70 77 71 457 491 458 492
239 14 -1
426 85 98 88 99 460 494 465 499
240 8 -1
428 6 51 6 52 462 496 464 498
241 6 -1
433 61 0 63 0 467 501 469 503
242 1 -1
437 33 77 34 77 471 505 472 506
243 1 -1
439 46 2 48 2 473 507 475 509
244 10 -1
441 10 29 14 33 475 509 483 517
245 2 -1
446 45 13 46 13 480 514 484 518
246 1 -1
448 58 64 58 66 482 516 485 519
247 11 -1
450 17 46 20 50 484 518 492 526
248 6 -1
452 53 58 54 60 486 520 489 523
249 5 -1
455 61 18 63 19 489 523 492 526
250 1 -1
460 7 41 11 42 494 528 500 534
251 3 -1
461 48 79 49 79 495 529 497 531
252 12 -1
462 48 82 50 83 496 530 499 533
253 11 -1
464 93 20 93 21 498 532 500 534
254 5 -1
469 66 55 68 55 503 537 505 539
255 6 -1
471 95 73 99 78 505 539 516 550
256 1 -1
475 98 12 96 12 509 543 511 545
257 10 -1
478 16 15 19 16 512 546 516 550
258 6 -1
479 99 89 99 90 513 547 515 549
259 5 -1
480 32 54 33 56 514 548 522 556
260 12 -1
481 59 72 62 74 515 549 521 555
261 8 -1
482 12 25 12 26 516 550 517 551
262 13 -1
484 95 10 96 11 518 552 522 556
263 13 -1
486 38 87 38 88 520 554 523 557
264 10 -1
488 3 72 3 73 522 556 525 559
265 6 -1
489 94 44 87 47 523 557 536 570
266 1 -1
491 91 38 92 38 525 559 527 561
267 9 -1
493 59 43 59 43 527 561 528 562
268 3 -1
496 29 29 30 29 530 564 531 565
269 14 -1
501 83 31 84 31 535 569 537 571
270 15 -1
502 49 95 50 97 536 570 540 574
271 6 -1
505 31 84 32 84 539 573 541 575
272 0 -1
506 51 31 55 32 540 574 545 579
273 3 -1
507 43 7 43 7 541 575 542 576
274 6 -1
509 40 58 41 58 543 577 544 578
275 6 -1
511 11 85 12 85 545 579 547 581
276 6 -1
512 83 57 83 57 546 580 547 581
277 11 -1
515 76 18 76 19 549 583 552 586
278 12 -1
516 94 39 98 44 550 584 563 597
279 15 -1
517 45 4 45 6 551 585 555 589
280 15 -1
518 83 22 83 22 552 586 554 588
281 7 -1
520 91 22 92 22 554 588 555 589
282 10 -1
522 95 49 98 50 556 590 565 599
283 7 -1
523 60 35 61 35 557 591 558 592
284 1 -1
525 52 84 54 84 559 593 561 595
285 1 -1
526 84 15 84 16 560 594 562 596
286 1 -1
528 54 58 55 60 562 596 567 601
287 14 -1
530 33 21 35 22 564 598 568 602
288 7 -1
533 0 6 2 6 567 601 569 603
289 12 -1
535 27 70 30 70 569 603 572 606
290 14 -1
536 68 83 68 85 570 604 572 606
291 13 -1
537 92 52 93 52 571 605 572 606
292 4 -1
538 58 17 61 17 572 606 575 609
293 2 -1
540 61 49 62 51 574 608 578 612
294 2 -1
541 54 25 54 25 575 609 578 612
295 7 -1
542 10 14 15 15 576 610 584 618
296 1 -1
543 68 3 70 3 577 611 579 613
297 5 -1
546 2 27 4 27 580 614 582 616
298 8 -1
547 24 9 24 9 581 615 583 617
299 12 -1
550 32 32 33 32 584 618 585 619
300 15 -1
552 18 79 20 80 586 620 589 623
301 0 -1
553 56 92 56 94 587 621 589 623
302 4 -1
555 99 74 95 74 589 623 594 628
303 3 -1
556 60 37 61 37 590 624 592 626
304 12 -1
558 31 14 32 14 592 626 593 627
305 4 -1
559 76 46 76 46 593 627 598 632
306 3 -1
560 94 92 94 93 594 628 596 630
307 6 -1
562 76 63 77 63 596 630 597 631
308 14 -1
565 93 94 94 97 599 633 603 637
309 1 -1
566 71 58 73 59 600 634 604 638
310 8 -1
567 43 37 43 38 601 635 602 636
311 9 -1
570 50 21 51 24 604 638 608 642
312 9 -1
572 73 51 76 51 606 640 609 643
313 3 -1
573 76 26 76 29 607 641 610 644
314 12 -1
575 61 75 62 76 609 643 611 645
315 13 -1
577 74 96 74 97 611 645 612 646
316 14 -1
578 6 49 8 49 612 646 614 648
317 13 -1
579 26 97 27 93 613 647 618 652
318 11 -1
580 45 60 46 60 614 648 615 649
319 5 -1
585 55 12 56 12 619 653 622 656
320 2 -1
588 29 12 32 14 622 656 627 661
321 11 -1
589 57 62 68 66 623 657 638 672
322 13 -1
592 73 44 74 44 626 660 627 661
323 11 -1
594 96 73 97 73 628 662 630 664
324 13 -1
595 74 93 88 94 629 663 644 678
325 1 -1
596 93 82 95 83 630 664 634 668
326 15 -1
597 14 70 22 70 631 665 639 673
327 14 -1
599 23 74 29 75 633 667 641 675
328 4 -1
600 66 89 69 89 634 668 637 671
329 3 -1
601 14 61 16 61 635 669 637 671
330 7 -1
603 66 70 67 70 637 671 639 673
331 10 -1
608 3 21 5 21 642 676 645 679
332 15 -1
609 29 31 30 31 643 677 644 678
333 10 -1
610 12 57 14 59 644 678 649 683
334 13 -1
611 91 69 91 71 645 679 649 683
335 15 -1
613 20 79 21 80 647 681 655 689
336 0 -1
614 65 34 68 34 648 682 654 688
337 9 -1
615 86 56 86 57 649 683 650 684
338 14 -1
616 59 56 59 56 650 684 652 686
339 7 -1
619 24 66 26 68 653 687 658 692
340 3 -1
620 75 49 76 49 654 688 656 690
341 0 -1
621 79 82 84 82 655 689 660 694
342 14 -1
622 55 35 57 36 656 690 659 693
343 7 -1
623 24 83 25 83 657 691 659 693
344 13 -1
624 59 96 59 97 658 692 659 693
345 1 -1
625 46 67 46 67 659 693 661 695
346 0 -1
628 42 66 42 67 662 696 663 697
347 9 -1
629 89 45 89 45 663 697 668 702
348 7 -1
630 1 17 2 17 664 698 665 699
349 2 -1
634 0 79 0 80 668 702 669 703
350 3 -1
635 29 10 29 12 669 703 671 705
351 3 -1
636 82 30 84 30 670 704 672 706
352 7 -1
637 60 7 60 7 671 705 673 707
353 2 -1
639 25 28 25 29 673 707 674 708
354 11 -1
640 59 56 59 58 674 708 676 710
355 10 -1
641 29 97 31 97 675 709 677 711
356 0 -1
643 12 61 12 63 677 711 683 717
357 5 -1
645 92 87 93 88 679 713 681 715
358 9 -1
646 0 39 1 40 680 714 682 716
359 1 -1
648 41 72 42 72 682 716 683 717
360 3 -1
649 37 49 39 54 683 717 693 727
361 14 -1
650 99 13 98 13 684 718 685 719
362 7 -1
651 44 45 48 45 685 719 689 723
363 15 -1
652 56 54 65 59 686 720 701 735
364 5 -1
653 89 86 90 86 687 721 688 722
365 10 -1
656 28 48 28 48 690 724 691 725
366 9 -1
662 26 57 27 58 696 730 698 732
367 1 -1
663 91 85 95 88 697 731 705 739
368 11 -1
664 58 82 60 82 698 732 700 734
369 1 -1
665 33 92 33 92 699 733 700 734
370 11 -1
666 6 48 7 48 700 734 702 736
371 5 -1
667 21 76 23 76 701 735 704 738
372 1 -1
669 7 27 8 27 703 737 704 738
373 0 -1
672 49 5 49 9 706 740 710 744
374 4 -1
673 17 37 19 37 707 741 709 743
375 7 -1
674 44 97 46 97 708 742 712 746
376 10 -1
675 87 21 89 22 709 743 714 748
377 14 -1
678 70 3 70 3 712 746 713 747
378 2 -1
679 17 33 18 34 713 747 716 750
379 10 -1
680 54 85 60 85 714 748 720 754
380 6 -1
681 35 17 35 19 715 749 717 751
381 8 -1
682 1 38 2 38 716 750 718 752
382 5 -1
684 66 85 68 85 718 752 720 754
383 14 -1
685 78 50 83 50 719 753 724 758
384 3 -1
687 60 0 63 1 721 755 726 760
385 7 -1
688 94 10 96 10 722 756 724 758
386 8 -1
689 11 32 11 32 723 757 725 759
387 14 -1
690 17 11 18 12 724 758 726 760
388 1 -1
691 74 80 75 80 725 759 727 761
389 9 -1
692 61 57 61 59 726 760 728 762
390 13 -1
694 92 16 92 19 728 762 731 765
391 8 -1
696 59 62 60 62 730 764 732 766
392 2 -1
698 50 3 55 3 732 766 737 771
393 13 -1
700 44 20 45 20 734 768 735 769
394 5 -1
701 26 99 26 100 735 769 736 770
395 12 -1
702 4 46 9 48 736 770 743 777
396 12 -1
703 92 90 92 91 737 771 739 773
397 3 -1
704 90 50 90 52 738 772 740 774
398 4 -1
705 11 70 15 70 739 773 743 777
399 2 -1
706 19 95 21 95 740 774 742 776
400 7 -1
707 2 69 3 70 741 775 745 779
401 6 -1
708 36 96 40 99 742 776 749 783
402 13 -1
710 42 10 45 10 744 778 747 781
403 4 -1
712 4 55 5 55 746 780 747 781
404 11 -1
714 18 57 19 57 748 782 749 783
405 0 -1
716 53 99 53 99 750 784 751 785
406 15 -1
718 46 62 50 62 752 786 760 794
407 2 -1
719 56 45 57 45 753 787 754 788
408 4 -1
720 93 16 93 18 754 788 756 790
409 0 -1
722 6 17 6 19 756 790 758 792
410 7 -1
724 84 96 85 96 758 792 760 794
411 11 -1
725 24 99 26 99 759 793 770 804
412 9 -1
726 52 93 55 94 760 794 764 798
413 8 -1
727 30 20 32 20 761 795 764 798
414 2 -1
728 30 64 32 66 762 796 767 801
415 8 -1
729 25 15 25 15 763 797 764 798
416 0 -1
731 85 16 86 16 765 799 766 800
417 11 -1
733 71 63 71 65 767 801 769 803
418 8 -1
734 39 0 40 0 768 802 770 804
419 14 -1
735 72 67 74 67 769 803 772 806
420 14 -1
736 98 95 98 96 770 804 772 806
421 8 -1
737 88 88 90 88 771 805 774 808
422 11 -1
742 38 86 39 89 776 810 781 815
423 5 -1
744 60 70 60 70 778 812 780 814
424 1 -1
745 23 55 25 56 779 813 784 818
425 9 -1
748 29 96 30 97 782 816 784 818
426 11 -1
750 72 40 73 40 784 818 785 819
427 4 -1
751 51 43 52 43 785 819 786 820
428 14 -1
752 56 60 59 60 786 820 789 823
429 11 -1
753 14 28 15 28 787 821 788 822
430 14 -1
754 15 19 15 24 788 822 794 828
431 1 -1
755 87 83 89 83 789 823 791 825
432 3 -1
757 78 43 78 45 791 825 793 827
433 1 -1
758 68 11 70 11 792 826 800 834
434 2 -1
759 46 78 48 78 793 827 795 829
435 14 -1
760 5 76 5 77 794 828 795 829
436 11 -1
766 31 86 31 88 800 834 802 836
437 13 -1
767 69 90 71 90 801 835 803 837
438 12 -1
768 82 46 84 47 802 836 805 839
439 12 -1
771 92 11 92 11 805 839 806 840
440 14 -1
772 56 99 56 99 806 840 808 842
441 11 -1
773 3 4 5 4 807 841 810 844
442 14 -1
775 26 19 30 20 809 843 814 848
443 8 -1
777 84 64 84 64 811 845 813 847
444 1 -1
778 39 89 39 90 812 846 814 848
445 1 -1
779 39 68 39 70 813 847 816 850
446 1 -1
781 97 65 97 65 815 849 816 850
447 13 -1
782 13 84 14 85 816 850 820 854
448 4 -1
784 65 94 67 94 818 852 820 854
449 9 -1
787 45 20 45 21 821 855 823 857
450 11 -1
788 55 1 56 1 822 856 823 857
451 11 -1
789 26 69 30 69 823 857 827 861
452 14 -1
790 5 68 6 68 824 858 826 860
453 7 -1
791 93 91 97 92 825 859 830 864
454 4 -1
793 83 69 84 70 827 861 830 864
455 5 -1
794 30 24 34 24 828 862 832 866
456 15 -1
795 76 42 77 43 829 863 831 865
457 1 -1
796 41 35 42 36 830 864 834 868
458 6 -1
797 33 68 33 68 831 865 832 866
459 0 -1
798 90 46 91 47 832 866 835 869
460 8 -1
799 9 23 11 23 833 867 835 869
461 13 -1
800 13 28 15 28 834 868 839 873
462 1 -1
802 5 99 8 100 836 870 840 874
463 0 -1
803 82 37 84 37 837 871 839 873
464 13 -1
805 83 20 84 21 839 873 844 878
465 1 -1
806 81 7 90 7 840 874 849 883
466 6 -1
807 82 13 82 14 841 875 843 877
467 4 -1
810 10 13 11 13 844 878 845 879
468 6 -1
813 99 63 99 63 847 881 848 882
469 6 -1
818 64 12 66 12 852 886 854 888
470 5 -1
820 77 64 80 64 854 888 857 891
471 9 -1
824 34 65 35 65 858 892 860 894
472 0 -1
825 67 12 70 12 859 893 862 896
473 15 -1
827 32 84 32 84 861 895 862 896
474 5 -1
828 3 48 5 53 862 896 872 906
475 15 -1
830 29 82 30 82 864 898 867 901
476 2 -1
831 43 65 44 65 865 899 866 900
477 10 -1
833 26 1 28 1 867 901 869 903
478 0 -1
834 29 65 30 65 868 902 870 904
479 2 -1
835 83 90 86 92 869 903 879 913
480 12 -1
839 11 92 11 94 873 907 875 909
481 3 -1
841 32 98 32 95 875 909 879 913
482 0 -1
842 5 77 6 77 876 910 878 912
483 10 -1
844 28 76 28 76 878 912 883 917
484 12 -1
845 93 56 94 57 879 913 881 915
485 11 -1
846 36 17 42 17 880 914 886 920
486 12 -1
847 86 66 87 66 881 915 882 916
487 6 -1
850 38 56 39 58 884 918 887 921
488 7 -1
851 3 64 6 65 885 919 889 923
489 7 -1
854 87 11 88 11 888 922 889 923
490 11 -1
856 52 56 55 56 890 924 893 927
491 10 -1
859 14 76 15 79 893 927 898 932
492 5 -1
860 57 84 58 84 894 928 895 929
493 6 -1
861 17 80 18 81 895 929 897 931
494 4 -1
864 87 13 88 14 898 932 901 935
495 4 -1
867 39 28 40 28 901 935 902 936
496 14 -1
868 34 60 35 60 902 936 904 938
497 7 -1
871 50 69 51 83 905 939 921 955
498 4 -1
873 11 80 11 80 907 941 909 943
499 11 -1
874 18 30 20 33 908 942 913 947
500 6 -1
875 44 76 44 78 909 943 912 946
501 3 -1
877 74 9 74 9 911 945 914 948
502 14 -1
878 63 42 65 42 912 946 914 948
503 1 -1
879 36 64 38 64 913 947 915 949
504 9 -1
880 47 16 51 16 914 948 918 952
505 7 -1
881 97 64 99 68 915 949 921 955
506 5 -1
882 30 74 32 74 916 950 918 952
507 1 -1
885 1 93 2 93 919 953 920 954
508 10 -1
887 66 7 68 8 921 955 924 958
509 2 -1
889 99 33 96 33 923 957 926 960
510 1 -1
891 94 21 94 23 925 959 927 961
511 13 -1
893 42 62 43 62 927 961 929 963
512 0 -1
894 66 7 69 7 928 962 931 965
513 1 -1
895 33 50 34 51 929 963 932 966
514 10 -1
896 50 31 50 33 930 964 932 966
515 14 -1
897 46 56 46 57 931 965 932 966
516 6 -1
898 59 37 60 37 932 966 934 968
517 2 -1
899 87 35 88 35 933 967 935 969
518 14 -1
900 23 1 27 3 934 968 940 974
519 10 -1
901 35 15 37 15 935 969 937 971
520 4 -1
902 60 36 61 36 936 970 937 971
521 1 -1
905 15 31 15 32 939 973 940 974
522 6 -1
910 28 25 29 25 944 978 945 979
523 13 -1
912 36 96 40 91 946 980 956 990
524 13 -1
914 43 22 46 26 948 982 955 989
525 8 -1
917 91 67 95 67 951 985 955 989
526 7 -1
919 38 34 39 35 953 987 955 989
527 2 -1
920 4 63 6 63 954 988 957 991
528 13 -1
921 41 78 41 79 955 989 956 990
529 1 -1
923 35 67 36 67 957 991 958 992
530 14 -1
925 48 6 49 8 959 993 962 996
531 15 -1
926 13 23 14 30 960 994 969 1003
532 15 -1
927 50 53 51 54 961 995 964 998
533 7 -1
928 73 38 73 39 962 996 963 997
534 3 -1
929 91 97 92 97 963 997 964 998
535 12 -1
931 33 41 33 42 965 999 967 1001
536 0 -1
933 92 59 99 59 967 1001 974 1008
537 2 -1
935 10 90 10 90 969 1003 971 1005
538 6 -1
936 56 67 57 67 970 1004 971 1005
539 2 -1
937 61 73 61 74 971 1005 975 1009
540 14 -1
938 44 43 48 43 972 1006 976 1010
541 11 -1
940 77 64 77 66 974 1008 976 1010
542 5 -1
942 66 11 67 11 976 1010 977 1011
543 11 -1
943 74 45 75 46 977 1011 984 1018
544 9 -1
944 92 8 93 8 978 1012 979 1013
545 11 -1
945 44 95 44 98 979 1013 982 1016
546 15 -1
947 71 38 75 45 981 1015 994 1028
547 13 -1
948 46 66 46 69 982 1016 985 1019
548 10 -1
950 87 99 87 97 984 1018 986 1020
549 10 -1
951 19 27 21 27 985 1019 987 1021
550 12 -1
954 6 16 7 17 988 1022 990 1024
551 10 -1
955 46 93 47 93 989 1023 990 1024
552 15 -1
957 63 6 64 7 991 1025 994 1028
553 7 -1
958 48 46 49 46 992 1026 993 1027
554 9 -1
963 18 62 18 62 997 1031 1000 1034
555 15 -1
964 17 53 18 53 998 1032 1000 1034
556 3 -1
966 46 89 48 89 1000 1034 1002 1036
557 6 -1
969 57 42 59 42 1003 1037 1005 1039
558 12 -1
972 64 66 67 66 1006 1040 1012 1046
559 2 -1
973 67 22 70 23 1007 1041 1011 1045
560 6 -1
974 87 52 97 52 1008 1042 1018 1052
561 8 -1
976 23 47 27 47 1010 1044 1015 1049
562 14 -1
979 67 97 69 99 1013 1047 1017 1051
563 15 -1
981 52 59 52 60 1015 1049 1016 1050
564 2 -1
983 71 1 74 1 1017 1051 1020 1054
565 11 -1
984 43 60 48 60 1018 1052 1024 1058
566 4 -1
987 0 49 2 49 1021 1055 1025 1059
567 0 -1
989 27 79 30 79 1023 1057 1026 1060
568 5 -1
990 41 32 45 32 1024 1058 1028 1062
569 9 -1
992 93 96 93 98 1026 1060 1030 1064
570 13 -1
993 42 38 44 38 1027 1061 1029 1063
571 1 -1
994 97 26 99 26 1028 1062 1032 1066
572 11 -1
996 55 43 57 43 1030 1064 1032 1066
573 8 -1
997 54 97 56 97 1031 1065 1033 1067
574 3 -1
998 77 5 77 5 1032 1066 1033 1067
575 12 -1
999 35 13 35 13 1033 1067 1035 1069
576 7 -1
1001 72 20 98 25 1035 1069 1084 1118
577 3 -1
1004 43 17 44 18 1038 1072 1040 1074
578 2 -1
1008 83 59 84 59 1042 1076 1043 1077
579 13 -1
1010 23 32 23 34 1044 1078 1046 1080
580 7 -1
1012 36 75 36 75 1046 1080 1047 1081
581 14 -1
1015 40 11 40 12 1049 1083 1050 1084
582 7 -1
1016 89 66 89 67 1050 1084 1051 1085
583 9 -1
1017 14 35 15 36 1051 1085 1054 1088
584 9 -1
1018 21 61 28 66 1052 1086 1066 1100
585 6 -1
1019 73 16 79 19 1053 1087 1063 1097
586 0 -1
1020 89 22 90 22 1054 1088 1057 1091
587 9 -1
1021 28 34 28 35 1055 1089 1056 1090
588 9 -1
1022 68 93 77 96 1056 1090 1070 1104
589 6 -1
1025 70 9 73 10 1059 1093 1064 1098
590 3 -1
1027 1 17 1 17 1061 1095 1062 1096
591 15 -1
1028 54 58 55 58 1062 1096 1063 1097
592 3 -1
1031 0 61 5 62 1065 1099 1074 1108
593 4 -1
1032 59 13 60 16 1066 1100 1073 1107
594 10 -1
1033 77 31 78 33 1067 1101 1071 1105
595 9 -1
1035 77 60 79 60 1069 1103 1071 1105
596 8 -1
1036 87 52 88 53 1070 1104 1072 1106
597 3 -1
1037 75 18 75 19 1071 1105 1072 1106
598 4 -1
1039 82 29 83 29 1073 1107 1074 1108
599 4 -1
1040 93 91 94 91 1074 1108 1075 1109
600 3 -1
1042 60 16 64 23 1076 1110 1087 1121
601 3 -1
1044 69 92 69 92 1078 1112 1079 1113
602 5 -1
1045 1 3 2 4 1079 1113 1082 1116
603 9 -1
1051 18 53 18 54 1085 1119 1086 1120
604 2 -1
1053 74 54 75 54 1087 1121 1088 1122
605 6 -1
1056 34 87 35 88 1090 1124 1092 1126
606 0 -1
1057 56 48 56 48 1091 1125 1093 1127
607 13 -1
1059 31 73 34 73 1093 1127 1097 1131
608 12 -1
1060 1 80 1 83 1094 1128 1099 1133
609 7 -1
1063 48 46 50 46 1097 1131 1100 1134
610 11 -1
1065 67 13 69 13 1099 1133 1102 1136
611 9 -1
1066 71 28 73 28 1100 1134 1102 1136
612 2 -1
1067 14 26 14 26 1101 1135 1102 1136
613 0 -1
1070 69 31 72 39 1104 1138 1116 1150
614 3 -1
1071 43 73 47 74 1105 1139 1110 1144
615 11 -1
1073 65 20 72 26 1107 1141 1122 1156
616 11 -1
1074 53 26 53 27 1108 1142 1109 1143
617 10 -1
1075 87 63 89 63 1109 1143 1112 1146
618 10 -1
1078 3 16 4 16 1112 1146 1116 1150
619 5 -1
1082 26 49 26 49 1116 1150 1117 1151
620 13 -1
1083 3 22 3 22 1117 1151 1119 1153
621 2 -1
1084 13 32 14 35 1118 1152 1124 1158
622 7 -1
1085 64 65 67 65 1119 1153 1122 1156
623 9 -1
1086 79 12 79 15 1120 1154 1124 1158
624 13 -1
1090 0 70 1 70 1124 1158 1125 1159
625 5 -1
1091 23 11 24 11 1125 1159 1126 1160
626 12 -1
1092 2 69 2 69 1126 1160 1127 1161
627 7 -1
1095 16 37 19 37 1129 1163 1132 1166
628 8 -1
1097 1 89 1 89 1131 1165 1134 1168
629 11 -1
1098 66 88 66 91 1132 1166 1136 1170
630 4 -1
1099 10 34 12 36 1133 1167 1138 1172
631 15 -1
1100 88 24 91 26 1134 1168 1139 1173
632 10 -1
1102 3 16 5 16 1136 1170 1139 1173
633 12 -1
1103 72 98 74 95 1137 1171 1144 1178
634 8 -1
1104 87 81 88 81 1138 1172 1139 1173
635 6 -1
1105 77 37 78 37 1139 1173 1140 1174
636 10 -1
1107 71 47 75 47 1141 1175 1151 1185
637 4 -1
1109 44 30 45 31 1143 1177 1146 1180
638 4 -1
1111 6 31 6 33 1145 1179 1147 1181
639 1 -1
1113 68 83 69 83 1147 1181 1148 1182
640 0 -1
1114 9 0 9 0 1148 1182 1149 1183
641 0 -1
1115 45 78 45 79 1149 1183 1152 1186
642 12 -1
1116 86 96 90 97 1150 1184 1161 1195
643 2 -1
1118 27 31 29 31 1152 1186 1154 1188
644 10 -1
1120 99 21 98 22 1154 1188 1156 1190
645 10 -1
1121 39 58 39 59 1155 1189 1156 1190
646 8 -1
1122 55 58 55 58 1156 1190 1159 1193
647 8 -1
1124 67 84 71 85 1158 1192 1165 1199
648 10 -1
1125 0 11 0 13 1159 1193 1161 1195
649 13 -1
1126 95 54 89 58 1160 1194 1172 1206
650 12 -1
1129 79 50 80 50 1163 1197 1164 1198
651 9 -1
1130 22 37 23 37 1164 1198 1165 1199
652 7 -1
1132 93 22 93 22 1166 1200 1168 1202
653 9 -1
1133 31 52 31 55 1167 1201 1170 1204
654 8 -1
1137 40 62 41 63 1171 1205 1175 1209
655 15 -1
1138 36 90 36 90 1172 1206 1173 1207
656 3 -1
1139 36 58 37 58 1173 1207 1174 1208
657 3 -1
1141 3 71 3 72 1175 1209 1177 1211
658 1 -1
1142 94 15 95 16 1176 1210 1179 1213
659 2 -1
1144 68 14 68 14 1178 1212 1181 1215
660 6 -1
1147 39 5 40 5 1181 1215 1182 1216
661 12 -1
1150 11 73 11 74 1184 1218 1185 1219
662 2 -1
1151 48 17 49 18 1185 1219 1187 1221
663 7 -1
1154 35 93 35 93 1188 1222 1189 1223
664 7 -1
1156 54 91 54 92 1190 1224 1192 1226
665 6 -1
1157 28 81 33 81 1191 1225 1196 1230
666 9 -1
1158 45 18 48 18 1192 1226 1196 1230
667 10 -1
1159 76 66 78 66 1193 1227 1195 1229
668 14 -1
1164 46 13 48 14 1198 1232 1201 1235
669 15 -1
1166 95 44 97 44 1200 1234 1203 1237
670 13 -1
1169 34 48 36 49 1203 1237 1206 1240
671 15 -1
1170 98 58 96 59 1204 1238 1207 1241
672 9 -1
1171 90 4 96 4 1205 1239 1214 1248
673 0 -1
1172 15 92 15 93 1206 1240 1207 1241
674 12 -1
1174 26 44 32 45 1208 1242 1215 1249
675 5 -1
1175 98 4 99 6 1209 1243 1212 1246
676 6 -1
1176 35 72 35 73 1210 1244 1212 1246
677 1 -1
1177 28 66 28 66 1211 1245 1213 1247
678 10 -1
1179 95 21 96 21 1213 1247 1214 1248
679 5 -1
1186 92 79 92 81 1220 1254 1222 1256
680 5 -1
1187 78 78 78 80 1221 1255 1223 1257
681 11 -1
1188 11 0 11 1 1222 1256 1223 1257
682 0 -1
1190 19 98 19 99 1224 1258 1225 1259
683 10 -1
1191 27 26 29 26 1225 1259 1227 1261
684 2 -1
1194 34 91 35 91 1228 1262 1230 1264
685 3 -1
1195 72 24 75 24 1229 1263 1232 1266
686 12 -1
1197 96 40 99 40 1231 1265 1234 1268
687 5 -1
1198 88 20 88 20 1232 1266 1236 1270
688 1 -1
1201 50 77 51 81 1235 1269 1240 1274
689 13 -1
1202 48 20 48 21 1236 1270 1237 1271
690 9 -1
1203 86 6 86 7 1237 1271 1238 1272
691 10 -1
1205 85 22 85 22 1239 1273 1242 1276
692 15 -1
1207 15 75 19 75 1241 1275 1245 1279
693 8 -1
1208 84 56 84 56 1242 1276 1244 1278
694 7 -1
1209 60 43 61 43 1243 1277 1244 1278
695 0 -1
1211 69 55 73 55 1245 1279 1249 1283
696 11 -1
1214 60 62 62 62 1248 1282 1254 1288
697 2 -1
1217 48 16 48 18 1251 1285 1253 1287
698 3 -1
1218 70 73 71 73 1252 1286 1253 1287
699 8 -1
1219 83 85 83 87 1253 1287 1260 1294
700 13 -1
1220 20 58 20 59 1254 1288 1255 1289
701 7 -1
1222 22 65 25 65 1256 1290 1259 1293
702 1 -1
1223 7 87 9 87 1257 1291 1261 1295
703 11 -1
1226 71 82 72 84 1260 1294 1263 1297
704 4 -1
1227 33 17 34 17 1261 1295 1262 1296
705 1 -1
1229 16 41 16 41 1263 1297 1264 1298
706 15 -1
1230 28 75 32 76 1264 1298 1269 1303
707 0 -1
1231 19 9 20 9 1265 1299 1266 1300
708 8 -1
1233 44 83 45 84 1267 1301 1269 1303
709 2 -1
1235 17 38 18 38 1269 1303 1270 1304
710 8 -1
1236 55 29 60 29 1270 1304 1275 1309
711 4 -1
1237 91 51 94 53 1271 1305 1276 1310
712 15 -1
1238 40 43 45 43 1272 1306 1277 1311
713 10 -1
1240 89 42 92 42 1274 1308 1278 1312
714 11 -1
1241 5 7 5 7 1275 1309 1276 1310
715 5 -1
1242 69 78 72 86 1276 1310 1289 1323
716 5 -1
1243 63 39 64 40 1277 1311 1279 1313
717 0 -1
1244 60 78 61 82 1278 1312 1285 1319
718 15 -1
1246 35 73 43 74 1280 1314 1289 1323
719 1 -1
1250 91 47 92 47 1284 1318 1285 1319
720 13 -1
1254 75 57 80 58 1288 1322 1295 1329
721 5 -1
1255 41 97 43 98 1289 1323 1293 1327
722 8 -1
1258 24 26 26 34 1292 1326 1308 1342
723 4 -1
1259 53 17 61 27 1293 1327 1311 1345
724 4 -1
1260 58 63 60 64 1294 1328 1300 1334
725 10 -1
1261 66 21 69 24 1295 1329 1302 1336
726 10 -1
1263 67 33 73 34 1297 1331 1304 1338
727 6 -1
1264 33 83 34 85 1298 1332 1302 1336
728 5 -1
1265 10 42 11 43 1299 1333 1301 1335
729 2 -1
1266 24 31 24 32 1300 1334 1301 1335
730 10 -1
1268 87 42 90 42 1302 1336 1305 1339
731 14 -1
1276 73 64 73 64 1310 1344 1311 1345
732 12 -1
1277 16 31 20 32 1311 1345 1316 1350
733 13 -1
1281 98 66 99 66 1315 1349 1317 1351
734 11 -1
1284 23 87 25 87 1318 1352 1320 1354
735 3 -1
1287 81 43 81 46 1321 1355 1325 1359
736 7 -1
1290 98 6 93 8 1324 1358 1331 1365
737 9 -1
1291 54 4 56 5 1325 1359 1328 1362
738 6 -1
1292 70 3 88 6 1326 1360 1352 1386
739 10 -1
1297 9 73 9 73 1331 1365 1334 1368
740 7 -1
1298 34 95 34 96 1332 1366 1333 1367
741 0 -1
1299 91 97 91 100 1333 1367 1336 1370
742 7 -1
1300 59 89 60 90 1334 1368 1336 1370
743 13 -1
1307 0 18 1 18 1341 1375 1342 1376
744 5 -1
1309 44 94 44 95 1343 1377 1345 1379
745 8 -1
1312 76 98 78 98 1346 1380 1348 1382
746 10 -1
1313 13 5 13 5 1347 1381 1348 1382
747 6 -1
1314 13 49 15 49 1348 1382 1352 1386
748 5 -1
1315 56 94 58 96 1349 1383 1354 1388
749 2 -1
1316 54 72 55 72 1350 1384 1352 1386
750 5 -1
1317 51 76 53 76 1351 1385 1353 1387
751 0 -1
1318 59 3 59 5 1352 1386 1355 1389
752 6 -1
1319 16 84 16 86 1353 1387 1355 1389
753 15 -1
1320 72 94 73 94 1354 1388 1355 1389
754 0 -1
1321 85 4 86 5 1355 1389 1357 1391
755 8 -1
1323 51 4 53 4 1357 1391 1359 1393
756 13 -1
1324 16 77 16 77 1358 1392 1363 1397
757 0 -1
1325 59 65 63 65 1359 1393 1365 1399
758 4 -1
1326 42 26 42 26 1360 1394 1361 1395
759 6 -1
1327 68 8 69 13 1361 1395 1371 1405
760 10 -1
1329 6 2 7 3 1363 1397 1365 1399
761 14 -1
1332 9 6 10 7 1366 1400 1368 1402
762 1 -1
1333 69 98 70 98 1367 1401 1368 1402
763 4 -1
1335 64 75 67 78 1369 1403 1385 1419
764 13 -1
1336 66 16 66 17 1370 1404 1371 1405
765 2 -1
1338 11 56 12 57 1372 1406 1375 1409
766 4 -1
1340 11 58 16 59 1374 1408 1381 1415
767 2 -1
1342 35 56 37 56 1376 1410 1379 1413
768 0 -1
1344 36 40 38 40 1378 1412 1380 1414
769 0 -1
1345 86 53 86 53 1379 1413 1380 1414
770 6 -1
1347 2 85 5 85 1381 1415 1384 1418
771 8 -1
1348 69 17 69 21 1382 1416 1387 1421
772 0 -1
1349 49 78 54 79 1383 1417 1389 1423
773 6 -1
1354 54 61 55 63 1388 1422 1391 1425
774 8 -1
1355 73 92 74 93 1389 1423 1394 1428
775 13 -1
1359 58 78 59 82 1393 1427 1398 1432
776 10 -1
1362 67 45 68 46 1396 1430 1398 1432
777 0 -1
1365 72 35 72 35 1399 1433 1400 1434
778 15 -1
1368 47 74 48 75 1402 1436 1404 1438
779 15 -1
1369 96 30 81 41 1403 1437 1438 1472
780 11 -1
1370 94 17 95 18 1404 1438 1406 1440
781 15 -1
1372 84 91 87 93 1406 1440 1411 1445
782 7 -1
1374 63 12 63 12 1408 1442 1410 1444
783 12 -1
1375 1 55 1 60 1409 1443 1416 1450
784 9 -1
1376 41 67 41 67 1410 1444 1411 1445
785 5 -1
1377 97 83 99 84 1411 1445 1414 1448
786 13 -1
1378 21 40 21 40 1412 1446 1413 1447
787 5 -1
1379 39 3 42 3 1413 1447 1417 1451
788 14 -1
1381 63 31 64 31 1415 1449 1418 1452
789 1 -1
1382 70 16 70 16 1416 1450 1419 1453
790 11 -1
1383 53 38 53 40 1417 1451 1419 1453
791 7 -1
1385 89 78 89 84 1419 1453 1425 1459
792 4 -1
1386 69 93 70 93 1420 1454 1423 1457
793 7 -1
1387 96 41 88 44 1421 1455 1432 1466
794 8 -1
1388 36 86 38 87 1422 1456 1425 1459
795 2 -1
1389 47 14 49 14 1423 1457 1425 1459
796 7 -1
1390 44 55 44 55 1424 1458 1426 1460
797 3 -1
1391 60 78 61 79 1425 1459 1427 1461
798 1 -1
1393 78 54 78 56 1427 1461 1429 1463
799 3 -1
1395 35 17 38 20 1429 1463 1437 1471
800 2 -1
1396 22 66 22 67 1430 1464 1431 1465
801 15 -1
1400 63 68 63 68 1434 1468 1437 1471
802 3 -1
1401 96 42 98 43 1435 1469 1438 1472
803 3 -1
1402 87 68 87 72 1436 1470 1443 1477
804 6 -1
1403 43 15 44 16 1437 1471 1439 1473
805 2 -1
1406 74 73 75 73 1440 1474 1441 1475
806 2 -1
1411 24 92 24 92 1445 1479 1447 1481
807 4 -1
1412 20 9 21 9 1446 1480 1452 1486
808 1 -1
1413 28 31 29 31 1447 1481 1448 1482
809 11 -1
1414 45 41 47 41 1448 1482 1450 1484
810 13 -1
1415 97 57 97 59 1449 1483 1451 1485
811 15 -1
1417 31 57 31 58 1451 1485 1452 1486
812 13 -1
1418 90 54 91 56 1452 1486 1457 1491
813 15 -1
1419 16 67 21 67 1453 1487 1460 1494
814 10 -1
1420 2 2 5 6 1454 1488 1462 1496
815 7 -1
1423 62 26 62 26 1457 1491 1458 1492
816 9 -1
1426 78 22 79 23 1460 1494 1462 1496
817 6 -1
1428 91 42 93 42 1462 1496 1465 1499
818 12 -1
1429 48 97 50 97 1463 1497 1465 1499
819 3 -1
1430 54 27 54 27 1464 1498 1465 1499
820 3 -1
1431 21 79 21 79 1465 1499 1468 1502
821 6 -1
1432 84 53 84 53 1466 1500 1467 1501
822 3 -1
1434 78 21 79 21 1468 1502 1469 1503
823 13 -1
1435 67 76 69 77 1469 1503 1476 1510
824 6 -1
1436 22 89 22 91 1470 1504 1472 1506
825 10 -1
1438 36 8 39 8 1472 1506 1476 1510
826 9 -1
1439 40 72 41 72 1473 1507 1474 1508
827 1 -1
1440 90 37 90 39 1474 1508 1477 1511
828 4 -1
1441 5 39 11 39 1475 1509 1482 1516
829 11 -1
1442 43 28 45 28 1476 1510 1478 1512
830 3 -1
1443 40 23 43 24 1477 1511 1482 1516
831 12 -1
1444 77 67 78 67 1478 1512 1480 1514
832 6 -1
1446 89 24 94 25 1480 1514 1486 1520
833 7 -1
1447 87 19 88 19 1481 1515 1483 1517
834 6 -1
1448 86 52 88 52 1482 1516 1484 1518
835 5 -1
1452 52 11 52 12 1486 1520 1487 1521
836 7 -1
1454 6 12 8 13 1488 1522 1492 1526
837 15 -1
1455 80 96 80 98 1489 1523 1491 1525
838 15 -1
1456 0 71 1 71 1490 1524 1491 1525
839 7 -1
1457 10 67 16 67 1491 1525 1497 1531
840 3 -1
1458 35 79 38 82 1492 1526 1502 1536
841 9 -1
1461 24 88 24 89 1495 1529 1498 1532
842 4 -1
1462 55 79 57 80 1496 1530 1500 1534
843 15 -1
1463 29 55 31 55 1497 1531 1499 1533
844 13 -1
1465 59 98 60 99 1499 1533 1501 1535
845 15 -1
1466 86 33 88 33 1500 1534 1502 1536
846 6 -1
1468 13 19 13 20 1502 1536 1503 1537
847 14 -1
1469 87 31 87 36 1503 1537 1508 1542
848 4 -1
1470 93 42 94 42 1504 1538 1505 1539
849 9 -1
1472 58 2 58 2 1506 1540 1511 1545
850 7 -1
1473 33 41 33 45 1507 1541 1512 1546
851 3 -1
1474 25 96 29 99 1508 1542 1519 1553
852 8 -1
1475 9 14 11 14 1509 1543 1511 1545
853 4 -1
1478 17 32 22 33 1512 1546 1518 1552
854 2 -1
1479 24 77 24 77 1513 1547 1515 1549
855 11 -1
1481 31 37 32 37 1515 1549 1517 1551
856 1 -1
1483 20 34 26 34 1517 1551 1528 1562
857 15 -1
1486 60 90 62 93 1520 1554 1525 1559
858 9 -1
1487 36 33 39 33 1521 1555 1525 1559
859 5 -1
1493 67 16 68 17 1527 1561 1529 1563
860 14 -1
1495 98 19 98 20 1529 1563 1530 1564
861 8 -1
1496 24 24 25 24 1530 1564 1534 1568
862 6 -1
1497 27 77 30 77 1531 1565 1535 1569
863 4 -1
1499 47 34 48 35 1533 1567 1535 1569
864 12 -1
1500 44 84 46 84 1534 1568 1536 1570
865 7 -1
1501 5 80 13 80 1535 1569 1543 1577
866 2 -1
1502 57 57 57 60 1536 1570 1540 1574
867 1 -1
1504 48 53 54 53 1538 1572 1551 1585
868 0 -1
1505 34 4 43 5 1539 1573 1549 1583
869 10 -1
1506 26 5 28 5 1540 1574 1542 1576
870 4 -1
1507 64 25 67 25 1541 1575 1544 1578
871 1 -1
1508 74 67 77 67 1542 1576 1548 1582
872 13 -1
1509 61 67 62 67 1543 1577 1544 1578
873 14 -1
1511 3 34 5 34 1545 1579 1547 1581
874 7 -1
1513 36 70 40 71 1547 1581 1552 1586
875 8 -1
1515 70 33 70 33 1549 1583 1550 1584
876 4 -1
1516 83 7 85 8 1550 1584 1553 1587
877 12 -1
1517 90 27 90 30 1551 1585 1554 1588
878 11 -1
1518 57 27 60 27 1552 1586 1555 1589
879 6 -1
1519 14 26 14 26 1553 1587 1554 1588
880 9 -1
1521 49 52 50 52 1555 1589 1559 1593
881 9 -1
1522 65 49 66 49 1556 1590 1558 1592
882 2 -1
1523 68 21 70 21 1557 1591 1559 1593
883 2 -1
1527 37 54 40 54 1561 1595 1565 1599
884 1 -1
1528 20 7 21 7 1562 1596 1563 1597
885 12 -1
1533 28 4 29 4 1567 1601 1568 1602
886 8 -1
1534 20 20 21 25 1568 1602 1577 1611
887 0 -1
1535 85 42 87 42 1569 1603 1572 1606
888 5 -1
1536 16 3 16 4 1570 1604 1572 1606
889 9 -1
1538 43 69 46 70 1572 1606 1576 1610
890 11 -1
1540 45 9 46 9 1574 1608 1575 1609
891 3 -1
1543 22 50 25 50 1577 1611 1580 1614
892 5 -1
1544 76 91 77 91 1578 1612 1580 1614
893 4 -1
1545 62 58 62 58 1579 1613 1581 1615
894 4 -1
1547 23 73 24 75 1581 1615 1586 1620
895 5 -1
1550 2 58 2 59 1584 1618 1586 1620
896 1 -1
1551 1 50 2 51 1585 1619 1587 1621
897 8 -1
1552 81 86 82 90 1586 1620 1591 1625
898 0 -1
1554 18 51 18 55 1588 1622 1592 1626
899 15 -1
1555 59 5 59 6 1589 1623 1591 1625
900 6 -1
1556 38 13 40 13 1590 1624 1592 1626
901 9 -1
1559 96 62 92 62 1593 1627 1599 1633
902 15 -1
1560 82 30 82 36 1594 1628 1600 1634
903 4 -1
1562 59 47 61 47 1596 1630 1598 1632
904 12 -1
1563 78 49 81 52 1597 1631 1607 1641
905 4 -1
1564 96 42 96 42 1598 1632 1600 1634
906 11 -1
1566 97 95 99 95 1600 1634 1602 1636
907 6 -1
1567 3 39 5 39 1601 1635 1605 1639
908 0 -1
1573 44 30 46 35 1607 1641 1615 1649
909 6 -1
1575 3 20 3 21 1609 1643 1610 1644
910 8 -1
1576 74 77 74 77 1610 1644 1612 1646
911 6 -1
1577 23 37 25 37 1611 1645 1613 1647
912 2 -1
1579 82 86 83 86 1613 1647 1616 1650
913 6 -1
1580 25 39 25 40 1614 1648 1616 1650
914 12 -1
1582 72 53 73 53 1616 1650 1617 1651
915 8 -1
1584 67 15 68 15 1618 1652 1619 1653
916 8 -1
1587 11 31 15 33 1621 1655 1633 1667
917 15 -1
1588 42 3 46 3 1622 1656 1626 1660
918 2 -1
1589 6 80 8 80 1623 1657 1625 1659
919 2 -1
1590 2 40 2 43 1624 1658 1627 1661
920 2 -1
1591 4 26 5 26 1625 1659 1630 1664
921 13 -1
1593 19 19 19 20 1627 1661 1631 1665
922 6 -1
1594 41 5 42 6 1628 1662 1630 1664
923 10 -1
1596 95 56 96 56 1630 1664 1632 1666
924 8 -1
1598 83 86 83 86 1632 1666 1633 1667
925 0 -1
1599 84 81 85 82 1633 1667 1637 1671
926 12 -1
1600 52 18 52 19 1634 1668 1635 1669
927 5 -1
1603 54 97 54 98 1637 1671 1638 1672
928 9 -1
1606 68 59 68 59 1640 1674 1642 1676
929 0 -1
1608 2 23 3 23 1642 1676 1643 1677
930 6 -1
1609 54 45 55 45 1643 1677 1645 1679
931 1 -1
1610 69 1 70 1 1644 1678 1645 1679
932 11 -1
1611 39 55 40 55 1645 1679 1647 1681
933 13 -1
1613 59 80 61 80 1647 1681 1649 1683
934 7 -1
1615 93 9 93 10 1649 1683 1650 1684
935 5 -1
1618 21 34 23 35 1652 1686 1655 1689
936 1 -1
1620 72 17 77 17 1654 1688 1659 1693
937 2 -1
1621 8 59 14 60 1655 1689 1662 1696
938 5 -1
1623 19 60 24 60 1657 1691 1662 1696
939 4 -1
1624 68 63 69 63 1658 1692 1659 1693
940 11 -1
1625 28 15 28 17 1659 1693 1662 1696
941 9 -1
1626 11 94 11 94 1660 1694 1662 1696
942 11 -1
1627 70 18 80 20 1661 1695 1674 1708
943 9 -1
1629 52 87 53 87 1663 1697 1664 1698
944 13 -1
1631 41 90 43 90 1665 1699 1667 1701
945 14 -1
1633 5 55 10 55 1667 1701 1677 1711
946 9 -1
1634 1 76 1 78 1668 1702 1670 1704
947 2 -1
1637 51 21 51 21 1671 1705 1672 1706
948 12 -1
1638 49 21 52 21 1672 1706 1675 1709
949 3 -1
1640 82 87 86 93 1674 1708 1684 1718
950 1 -1
1641 84 41 84 44 1675 1709 1678 1712
951 11 -1
1642 96 71 97 73 1676 1710 1680 1714
952 3 -1
1645 30 65 30 65 1679 1713 1680 1714
953 15 -1
1648 25 36 26 36 1682 1716 1684 1718
954 11 -1
1649 70 21 70 23 1683 1717 1685 1719
955 5 -1
1650 54 35 54 36 1684 1718 1685 1719
956 6 -1
1656 21 22 24 23 1690 1724 1694 1728
957 9 -1
1657 11 64 11 67 1691 1725 1694 1728
958 5 -1
1659 57 71 60 72 1693 1727 1697 1731
959 9 -1
1660 19 28 23 28 1694 1728 1698 1732
960 15 -1
1661 67 28 71 30 1695 1729 1702 1736
961 6 -1
1662 67 22 69 27 1696 1730 1703 1737
962 3 -1
1663 46 4 46 8 1697 1731 1704 1738
963 9 -1
1664 74 50 76 50 1698 1732 1700 1734
964 9 -1
1665 66 73 66 74 1699 1733 1700 1734
965 2 -1
1668 65 40 67 40 1702 1736 1705 1739
966 1 -1
1671 44 67 45 71 1705 1739 1713 1747
967 4 -1
1672 87 48 88 48 1706 1740 1707 1741
968 2 -1
1673 44 2 47 4 1707 1741 1712 1746
969 10 -1
1675 57 1 57 1 1709 1743 1710 1744
970 14 -1
1676 73 6 76 6 1710 1744 1713 1747
971 2 -1
1678 91 17 93 18 1712 1746 1715 1749
972 4 -1
1679 69 39 71 42 1713 1747 1720 1754
973 7 -1
1680 73 40 76 40 1714 1748 1718 1752
974 8 -1
1683 47 43 49 43 1717 1751 1724 1758
975 11 -1
1685 81 89 82 89 1719 1753 1722 1756
976 6 -1
1686 33 29 38 34 1720 1754 1730 1764
977 0 -1
1687 9 53 13 53 1721 1755 1725 1759
978 13 -1
1688 32 95 37 95 1722 1756 1728 1762
979 3 -1
1690 6 48 6 51 1724 1758 1728 1762
980 9 -1
1691 37 45 39 45 1725 1759 1727 1761
981 6 -1
1692 73 4 76 4 1726 1760 1729 1763
982 11 -1
1694 57 70 57 71 1728 1762 1729 1763
983 11 -1
1695 88 88 92 88 1729 1763 1733 1767
984 12 -1
1696 82 49 83 50 1730 1764 1733 1767
985 15 -1
1697 40 82 42 82 1731 1765 1733 1767
986 9 -1
1698 5 59 6 60 1732 1766 1734 1768
987 13 -1
1700 3 23 4 23 1734 1768 1736 1770
988 2 -1
1702 5 35 12 37 1736 1770 1750 1784
989 6 -1
1703 8 94 8 95 1737 1771 1738 1772
990 10 -1
1704 53 86 55 87 1738 1772 1741 1775
991 11 -1
1709 53 34 56 34 1743 1777 1746 1780
992 4 -1
1712 79 10 79 10 1746 1780 1749 1783
993 6 -1
1714 18 75 18 76 1748 1782 1749 1783
994 0 -1
1717 3 63 7 63 1751 1785 1755 1789
995 15 -1
1718 6 19 7 19 1752 1786 1754 1788
996 14 -1
1720 59 78 63 78 1754 1788 1760 1794
997 2 -1
1722 29 86 29 87 1756 1790 1757 1791
998 3 -1
1723 2 62 3 63 1757 1791 1759 1793
999 9 -1
1725 53 29 54 29 1759 1793 1761 1795
1000 3 -1
1726 41 37 41 39 1760 1794 1763 1797
