100 100 3455
16
0 45 99
1 17 20
2 48 92
3 61 98
4 54 38
5 49 13
6 15 50
7 40 3
8 28 99
9 69 9
10 90 9
11 76 95
12 43 85
13 75 65
14 91 9
15 84 49
32
0 0 0 100 6
0
1 0 0 100 6
0
2 1 0 100 6
0
3 1 0 100 6
0
4 2 0 100 6
0
5 2 0 100 6
0
6 3 0 100 6
0
7 3 0 100 6
0
8 4 0 100 6
0
9 4 0 100 6
0
10 5 0 100 6
0
11 5 0 100 6
0
12 6 0 100 6
0
13 6 0 100 6
0
14 7 0 100 6
0
15 7 0 100 6
0
16 8 0 100 6
0
17 8 0 100 6
0
18 9 0 100 6
0
19 9 0 100 6
0
20 10 0 100 6
0
21 10 0 100 6
0
22 11 0 100 6
0
23 11 0 100 6
0
24 12 0 100 6
0
25 12 0 100 6
0
26 13 0 100 6
0
27 13 0 100 6
0
28 14 0 100 6
0
29 14 0 100 6
0
30 15 0 100 6
0
31 15 0 100 6
0
1000
1 12 -1
2 20 38 21 40 865 1728 868 1731
2 2 -1
5 39 42 40 44 868 1731 873 1736
3 7 -1
7 16 97 17 98 870 1733 874 1737
4 5 -1
8 41 63 50 63 871 1734 880 1743
5 14 -1
9 92 33 95 35 872 1735 878 1741
6 5 -1
10 28 11 28 15 873 1736 877 1740
7 6 -1
11 25 20 31 20 874 1737 880 1743
8 9 -1
12 86 16 88 16 875 1738 877 1740
9 7 -1
13 44 28 44 28 876 1739 878 1741
10 1 -1
14 7 53 9 53 877 1740 880 1743
11 2 -1
15 44 80 44 85 878 1741 884 1747
12 8 -1
17 21 83 25 83 880 1743 884 1747
13 8 -1
18 24 41 25 42 881 1744 887 1750
14 10 -1
19 86 39 86 39 882 1745 883 1746
15 4 -1
20 79 40 79 42 883 1746 885 1748
16 2 -1
21 59 7 59 9 884 1747 886 1749
17 10 -1
22 80 48 81 49 885 1748 889 1752
18 6 -1
24 45 44 45 45 887 1750 889 1752
19 12 -1
29 3 81 6 81 892 1755 898 1761
20 7 -1
30 29 6 29 8 893 1756 895 1758
21 4 -1
31 98 34 96 34 894 1757 896 1759
22 14 -1
33 59 44 64 45 896 1759 902 1765
23 12 -1
35 82 90 82 90 898 1761 899 1762
24 14 -1
36 66 56 68 56 899 1762 901 1764
25 5 -1
39 87 72 87 72 902 1765 903 1766
26 1 -1
40 78 20 79 20 903 1766 904 1767
27 14 -1
41 64 52 64 52 904 1767 906 1769
28 1 -1
42 25 37 26 37 905 1768 906 1769
29 7 -1
43 26 94 27 94 906 1769 907 1770
30 8 -1
45 52 43 54 43 908 1771 910 1773
31 1 -1
49 14 22 15 23 912 1775 915 1778
32 11 -1
52 11 58 11 62 915 1778 922 1785
33 10 -1
53 62 34 62 35 916 1779 921 1784
34 6 -1
54 42 98 43 98 917 1780 918 1781
35 5 -1
56 29 48 46 48 919 1782 936 1799
36 15 -1
57 13 97 13 98 920 1783 922 1785
37 4 -1
59 7 58 8 58 922 1785 923 1786
38 10 -1
61 44 77 45 78 924 1787 926 1789
39 4 -1
62 70 31 70 35 925 1788 933 1796
40 14 -1
64 64 82 77 83 927 1790 946 1809
41 4 -1
69 14 57 16 57 932 1795 934 1797
42 9 -1
71 54 65 61 66 934 1797 942 1805
43 4 -1
73 46 63 47 64 936 1799 941 1804
44 14 -1
76 0 80 2 80 939 1802 942 1805
45 13 -1
78 68 47 69 48 941 1804 943 1806
46 1 -1
80 24 93 24 93 943 1806 946 1809
47 3 -1
81 1 83 1 84 944 1807 946 1809
48 2 -1
82 26 5 31 6 945 1808 951 1814
49 2 -1
83 31 41 36 41 946 1809 951 1814
50 1 -1
84 96 41 97 41 947 1810 948 1811
51 2 -1
86 99 95 94 96 949 1812 959 1822
52 2 -1
87 16 46 16 47 950 1813 951 1814
53 15 -1
90 91 33 91 33 953 1816 954 1817
54 15 -1
91 17 50 20 50 954 1817 958 1821
55 13 -1
92 46 75 47 75 955 1818 956 1819
56 3 -1
93 82 91 84 92 956 1819 959 1822
57 11 -1
94 77 88 77 93 957 1820 963 1826
58 5 -1
96 56 49 58 49 959 1822 961 1824
59 4 -1
103 50 94 51 95 966 1829 969 1832
60 14 -1
105 76 62 78 62 968 1831 970 1833
61 12 -1
106 57 26 59 29 969 1832 979 1842
62 14 -1
107 92 29 94 29 970 1833 973 1836
63 15 -1
108 16 42 16 45 971 1834 979 1842
64 8 -1
110 1 35 3 37 973 1836 981 1844
65 5 -1
111 39 48 39 49 974 1837 975 1838
66 1 -1
114 91 14 93 18 977 1840 983 1846
67 3 -1
115 61 82 62 86 978 1841 983 1846
68 11 -1
116 43 25 45 34 979 1842 991 1854
69 15 -1
119 76 85 78 86 982 1845 985 1848
70 3 -1
120 40 56 41 56 983 1846 984 1847
71 6 -1
122 70 35 70 36 985 1848 989 1852
72 12 -1
123 53 5 56 5 986 1849 989 1852
73 15 -1
124 93 6 95 6 987 1850 991 1854
74 1 -1
127 18 35 19 35 990 1853 991 1854
75 12 -1
128 41 12 54 15 991 1854 1010 1873
76 11 -1
130 62 21 63 21 993 1856 994 1857
77 0 -1
132 16 83 21 83 995 1858 1010 1873
78 1 -1
134 32 33 33 33 997 1860 998 1861
79 5 -1
135 90 44 97 46 998 1861 1009 1872
80 7 -1
136 67 19 69 19 999 1862 1001 1864
81 3 -1
139 59 91 60 91 1002 1865 1003 1866
82 9 -1
140 93 87 97 87 1003 1866 1007 1870
83 2 -1
141 20 96 21 100 1004 1867 1009 1872
84 10 -1
144 82 72 83 76 1007 1870 1012 1875
85 9 -1
145 95 21 95 21 1008 1871 1010 1873
86 0 -1
146 56 8 57 8 1009 1872 1010 1873
87 3 -1
147 23 93 24 93 1010 1873 1011 1874
88 14 -1
148 44 97 44 98 1011 1874 1012 1875
89 7 -1
149 37 67 37 69 1012 1875 1014 1877
90 12 -1
150 90 43 96 43 1013 1876 1019 1882
91 0 -1
153 84 49 85 49 1016 1879 1017 1880
92 12 -1
154 55 90 57 92 1017 1880 1021 1884
93 5 -1
155 62 76 62 77 1018 1881 1019 1882
94 14 -1
156 53 56 57 56 1019 1882 1024 1887
95 7 -1
157 5 45 5 45 1020 1883 1025 1888
96 1 -1
160 59 72 59 72 1023 1886 1029 1892
97 13 -1
162 8 60 8 61 1025 1888 1026 1889
98 14 -1
163 9 94 10 94 1026 1889 1027 1890
99 13 -1
166 37 22 39 22 1029 1892 1031 1894
100 5 -1
167 60 77 62 78 1030 1893 1035 1898
101 10 -1
168 84 76 86 76 1031 1894 1033 1896
102 11 -1
169 3 90 8 90 1032 1895 1037 1900
103 5 -1
170 34 65 35 68 1033 1896 1038 1901
104 2 -1
172 1 29 4 31 1035 1898 1040 1903
105 7 -1
173 61 92 63 92 1036 1899 1041 1904
106 12 -1
174 63 79 65 79 1037 1900 1039 1902
107 2 -1
179 34 71 34 71 1042 1905 1043 1906
108 11 -1
183 78 58 81 58 1046 1909 1051 1914
109 14 -1
184 30 63 32 63 1047 1910 1049 1912
110 15 -1
185 65 53 65 54 1048 1911 1050 1913
111 4 -1
186 22 24 24 30 1049 1912 1058 1921
112 10 -1
187 82 44 84 45 1050 1913 1056 1919
113 0 -1
189 30 70 30 72 1052 1915 1057 1920
114 5 -1
190 23 0 27 0 1053 1916 1058 1921
115 6 -1
193 26 91 26 92 1056 1919 1057 1920
116 4 -1
196 92 16 94 16 1059 1922 1061 1924
117 14 -1
197 52 3 52 4 1060 1923 1061 1924
118 3 -1
198 39 71 49 72 1061 1924 1079 1942
119 12 -1
199 28 37 29 37 1062 1925 1063 1926
120 0 -1
200 48 11 48 13 1063 1926 1065 1928
121 7 -1
201 44 75 44 76 1064 1927 1065 1928
122 0 -1
204 17 30 18 30 1067 1930 1068 1931
123 11 -1
208 99 35 99 35 1071 1934 1072 1935
124 3 -1
209 68 95 69 95 1072 1935 1073 1936
125 2 -1
211 73 27 76 27 1074 1937 1077 1940
126 15 -1
212 65 31 67 31 1075 1938 1077 1940
127 14 -1
213 57 80 65 80 1076 1939 1084 1947
128 0 -1
214 22 94 25 95 1077 1940 1082 1945
129 7 -1
218 88 78 88 84 1081 1944 1088 1951
130 15 -1
219 46 88 48 88 1082 1945 1084 1947
131 0 -1
224 25 83 27 83 1087 1950 1090 1953
132 2 -1
225 39 55 41 55 1088 1951 1090 1953
133 9 -1
229 6 40 8 41 1092 1955 1098 1961
134 10 -1
230 55 90 55 90 1093 1956 1094 1957
135 10 -1
231 52 5 53 5 1094 1957 1097 1960
136 11 -1
236 88 94 89 95 1099 1962 1101 1964
137 5 -1
237 32 76 34 76 1100 1963 1102 1965
138 12 -1
240 83 36 85 40 1103 1966 1114 1977
139 1 -1
242 48 46 50 46 1105 1968 1107 1970
140 8 -1
244 7 69 12 69 1107 1970 1112 1975
141 13 -1
245 9 66 15 66 1108 1971 1114 1977
142 14 -1
246 78 97 80 98 1109 1972 1112 1975
143 1 -1
247 95 37 96 39 1110 1973 1113 1976
144 10 -1
248 15 21 18 21 1111 1974 1114 1977
145 1 -1
250 40 64 40 66 1113 1976 1115 1978
146 6 -1
251 72 53 72 53 1114 1977 1117 1980
147 5 -1
253 48 35 49 35 1116 1979 1117 1980
148 2 -1
255 77 92 77 94 1118 1981 1120 1983
149 0 -1
256 93 32 97 32 1119 1982 1123 1986
150 10 -1
257 11 17 13 19 1120 1983 1124 1987
151 0 -1
258 32 56 33 56 1121 1984 1122 1985
152 12 -1
260 27 38 29 38 1123 1986 1125 1988
153 5 -1
261 63 88 72 88 1124 1987 1136 1999
154 5 -1
266 1 49 1 52 1129 1992 1133 1996
155 10 -1
267 41 98 41 100 1130 1993 1133 1996
156 0 -1
268 58 17 59 17 1131 1994 1133 1996
157 10 -1
269 57 43 57 44 1132 1995 1133 1996
158 14 -1
271 12 62 17 63 1134 1997 1140 2003
159 3 -1
272 53 3 53 3 1135 1998 1136 1999
160 8 -1
274 64 76 74 79 1137 2000 1150 2013
161 4 -1
277 24 40 24 41 1140 2003 1142 2005
162 0 -1
278 98 18 92 18 1141 2004 1147 2010
163 5 -1
279 9 17 12 18 1142 2005 1146 2009
164 0 -1
280 59 56 60 56 1143 2006 1146 2009
165 11 -1
283 17 94 18 94 1146 2009 1147 2010
166 2 -1
285 67 7 67 10 1148 2011 1151 2014
167 2 -1
286 89 67 91 67 1149 2012 1152 2015
168 7 -1
289 39 70 39 70 1152 2015 1155 2018
169 15 -1
293 9 33 9 37 1156 2019 1160 2023
170 0 -1
294 63 69 64 69 1157 2020 1158 2021
171 3 -1
295 12 16 13 17 1158 2021 1160 2023
172 10 -1
296 26 51 30 51 1159 2022 1163 2026
173 10 -1
303 34 50 38 54 1166 2029 1175 2038
174 7 -1
305 22 2 24 2 1168 2031 1173 2036
175 4 -1
306 35 96 36 96 1169 2032 1170 2033
176 0 -1
307 6 0 8 0 1170 2033 1172 2035
177 4 -1
310 85 44 89 44 1173 2036 1177 2040
178 2 -1
311 37 9 39 9 1174 2037 1178 2041
179 6 -1
312 28 47 34 47 1175 2038 1184 2047
180 14 -1
313 76 40 77 40 1176 2039 1177 2040
181 13 -1
315 26 98 27 98 1178 2041 1180 2043
182 10 -1
320 29 53 30 66 1183 2046 1199 2062
183 3 -1
321 36 13 39 13 1184 2047 1187 2050
184 12 -1
323 62 76 65 81 1186 2049 1199 2062
185 5 -1
325 93 11 93 16 1188 2051 1196 2059
186 5 -1
326 34 79 35 79 1189 2052 1190 2053
187 8 -1
327 88 9 88 9 1190 2053 1193 2056
188 1 -1
328 29 77 33 78 1191 2054 1196 2059
189 4 -1
329 59 40 59 40 1192 2055 1195 2058
190 2 -1
330 35 67 37 68 1193 2056 1198 2061
191 12 -1
337 4 5 13 7 1200 2063 1213 2076
192 6 -1
340 90 94 90 95 1203 2066 1206 2069
193 11 -1
342 67 58 68 58 1205 2068 1206 2069
194 8 -1
343 98 17 99 17 1206 2069 1209 2072
195 3 -1
345 62 53 62 60 1208 2071 1220 2083
196 4 -1
349 97 18 97 18 1212 2075 1213 2076
197 0 -1
351 86 18 86 18 1214 2077 1215 2078
198 6 -1
354 44 0 49 1 1217 2080 1223 2086
199 6 -1
356 70 61 70 62 1219 2082 1220 2083
200 4 -1
357 50 76 52 78 1220 2083 1224 2087
201 1 -1
358 14 85 19 86 1221 2084 1228 2091
202 8 -1
359 39 93 41 93 1222 2085 1225 2088
203 3 -1
360 87 65 87 65 1223 2086 1225 2088
204 4 -1
361 36 35 40 36 1224 2087 1230 2093
205 13 -1
363 88 92 88 92 1226 2089 1227 2090
206 8 -1
364 55 66 56 66 1227 2090 1228 2091
207 2 -1
365 22 70 23 70 1228 2091 1230 2093
208 9 -1
367 97 55 98 57 1230 2093 1236 2099
209 9 -1
371 42 11 43 11 1234 2097 1235 2098
210 0 -1
372 86 34 88 37 1235 2098 1243 2106
211 11 -1
373 23 81 24 81 1236 2099 1239 2102
212 8 -1
374 0 16 1 16 1237 2100 1238 2101
213 6 -1
375 54 66 54 66 1238 2101 1239 2102
214 12 -1
377 38 69 39 69 1240 2103 1241 2104
215 2 -1
379 61 54 61 54 1242 2105 1243 2106
216 10 -1
380 59 0 60 0 1243 2106 1244 2107
217 7 -1
381 86 66 91 66 1244 2107 1249 2112
218 10 -1
382 84 12 86 12 1245 2108 1247 2110
219 9 -1
383 21 83 21 83 1246 2109 1247 2110
220 6 -1
388 37 67 38 67 1251 2114 1252 2115
221 0 -1
391 39 22 41 22 1254 2117 1256 2119
222 0 -1
392 18 27 19 28 1255 2118 1257 2120
223 12 -1
394 10 46 13 46 1257 2120 1260 2123
224 1 -1
396 8 69 11 69 1259 2122 1264 2127
225 3 -1
397 89 41 90 41 1260 2123 1261 2124
226 7 -1
400 86 8 87 8 1263 2126 1265 2128
227 5 -1
401 67 47 69 47 1264 2127 1266 2129
228 8 -1
403 26 80 31 80 1266 2129 1271 2134
229 0 -1
404 88 1 90 1 1267 2130 1269 2132
230 8 -1
407 62 98 63 98 1270 2133 1271 2134
231 14 -1
408 75 23 76 24 1271 2134 1274 2137
232 9 -1
411 95 50 97 50 1274 2137 1276 2139
233 10 -1
412 8 95 8 96 1275 2138 1276 2139
234 13 -1
414 11 63 11 64 1277 2140 1278 2141
235 5 -1
418 92 70 92 70 1281 2144 1282 2145
236 8 -1
420 99 16 98 16 1283 2146 1284 2147
237 3 -1
421 40 19 42 19 1284 2147 1286 2149
238 4 -1
423 48 6 48 6 1286 2149 1287 2150
239 9 -1
426 76 95 76 97 1289 2152 1294 2157
240 10 -1
428 46 42 47 43 1291 2154 1293 2156
241 11 -1
433 46 49 46 51 1296 2159 1298 2161
242 13 -1
437 98 24 99 24 1300 2163 1301 2164
243 5 -1
439 54 16 54 16 1302 2165 1304 2167
244 7 -1
441 56 12 58 17 1304 2167 1312 2175
245 14 -1
446 2 39 5 39 1309 2172 1313 2176
246 0 -1
448 69 89 71 89 1311 2174 1314 2177
247 13 -1
450 88 38 88 43 1313 2176 1321 2184
248 4 -1
452 37 26 38 28 1315 2178 1318 2181
249 10 -1
455 78 98 79 98 1318 2181 1321 2184
250 4 -1
460 76 76 78 79 1323 2186 1329 2192
251 9 -1
461 1 74 1 74 1324 2187 1326 2189
252 11 -1
462 77 23 80 23 1325 2188 1328 2191
253 1 -1
464 49 75 51 75 1327 2190 1329 2192
254 12 -1
469 91 77 91 78 1332 2195 1334 2197
255 4 -1
471 97 2 90 6 1334 2197 1345 2208
256 3 -1
475 16 61 18 61 1338 2201 1340 2203
257 7 -1
478 42 28 46 28 1341 2204 1345 2208
258 12 -1
479 70 81 72 81 1342 2205 1344 2207
259 10 -1
480 94 1 99 4 1343 2206 1351 2214
260 12 -1
481 75 12 75 17 1344 2207 1350 2213
261 0 -1
482 38 28 38 28 1345 2208 1346 2209
262 11 -1
484 11 49 12 51 1347 2210 1351 2214
263 9 -1
486 83 48 83 51 1349 2212 1352 2215
264 3 -1
488 98 33 99 33 1351 2214 1354 2217
265 11 -1
489 5 37 17 38 1352 2215 1365 2228
266 8 -1
491 8 57 10 57 1354 2217 1356 2219
267 7 -1
493 53 39 53 40 1356 2219 1357 2220
268 5 -1
496 23 8 23 8 1359 2222 1360 2223
269 0 -1
501 17 62 18 63 1364 2227 1366 2229
270 9 -1
502 65 5 67 7 1365 2228 1369 2232
271 6 -1
505 6 29 7 30 1368 2231 1370 2233
272 3 -1
506 93 94 95 96 1369 2232 1374 2237
273 11 -1
507 37 7 38 7 1370 2233 1371 2234
274 1 -1
509 93 24 94 24 1372 2235 1373 2236
275 13 -1
511 52 16 52 16 1374 2237 1376 2239
276 12 -1
512 51 86 52 86 1375 2238 1376 2239
277 10 -1
515 63 41 65 42 1378 2241 1381 2244
278 1 -1
516 6 45 13 51 1379 2242 1392 2255
279 3 -1
517 64 30 65 30 1380 2243 1384 2247
280 5 -1
518 97 54 98 55 1381 2244 1383 2246
281 5 -1
520 55 66 56 66 1383 2246 1384 2247
282 9 -1
522 62 4 70 4 1385 2248 1394 2257
283 14 -1
523 72 24 72 24 1386 2249 1387 2250
284 14 -1
525 55 68 56 69 1388 2251 1390 2253
285 9 -1
526 29 35 31 35 1389 2252 1391 2254
286 13 -1
528 22 78 27 78 1391 2254 1396 2259
287 12 -1
530 64 20 66 20 1393 2256 1397 2260
288 9 -1
533 45 95 47 95 1396 2259 1398 2261
289 2 -1
535 13 33 16 33 1398 2261 1401 2264
290 9 -1
536 61 72 62 73 1399 2262 1401 2264
291 13 -1
537 50 41 51 41 1400 2263 1401 2264
292 10 -1
538 98 19 98 22 1401 2264 1404 2267
293 12 -1
540 70 54 72 56 1403 2266 1407 2270
294 15 -1
541 92 43 95 43 1404 2267 1407 2270
295 15 -1
542 84 10 87 11 1405 2268 1413 2276
296 3 -1
543 61 12 63 12 1406 2269 1408 2271
297 7 -1
546 70 77 71 78 1409 2272 1411 2274
298 4 -1
547 91 41 92 41 1410 2273 1412 2275
299 7 -1
550 8 69 9 69 1413 2276 1414 2277
300 10 -1
552 2 60 4 61 1415 2278 1418 2281
301 10 -1
553 31 70 32 71 1416 2279 1418 2281
302 4 -1
555 77 23 78 25 1418 2281 1423 2286
303 9 -1
556 7 26 9 26 1419 2282 1421 2284
304 15 -1
558 60 50 60 51 1421 2284 1422 2285
305 8 -1
559 7 86 11 87 1422 2285 1427 2290
306 3 -1
560 28 49 29 50 1423 2286 1425 2288
307 3 -1
562 68 8 69 8 1425 2288 1426 2289
308 0 -1
565 50 39 54 39 1428 2291 1432 2295
309 10 -1
566 27 46 30 47 1429 2292 1433 2296
310 6 -1
567 35 52 36 52 1430 2293 1431 2294
311 14 -1
570 93 10 94 13 1433 2296 1437 2300
312 12 -1
572 97 38 97 39 1435 2298 1438 2301
313 11 -1
573 94 78 96 79 1436 2299 1439 2302
314 2 -1
575 8 21 10 21 1438 2301 1440 2303
315 14 -1
577 33 4 34 4 1440 2303 1441 2304
316 4 -1
578 91 88 92 89 1441 2304 1443 2306
317 1 -1
579 45 5 48 6 1442 2305 1447 2310
318 7 -1
580 79 93 80 93 1443 2306 1444 2307
319 11 -1
585 79 49 82 49 1448 2311 1451 2314
320 1 -1
588 78 63 78 65 1451 2314 1456 2319
321 10 -1
589 49 68 54 68 1452 2315 1467 2330
322 6 -1
592 89 48 89 49 1455 2318 1456 2319
323 15 -1
594 67 91 67 92 1457 2320 1459 2322
324 4 -1
595 76 70 78 74 1458 2321 1473 2336
325 1 -1
596 74 41 75 41 1459 2322 1463 2326
326 2 -1
597 17 38 23 38 1460 2323 1468 2331
327 8 -1
599 41 19 43 19 1462 2325 1470 2333
328 6 -1
600 16 88 19 88 1463 2326 1466 2329
329 6 -1
601 63 99 63 100 1464 2327 1466 2329
330 8 -1
603 4 97 5 97 1466 2329 1468 2331
331 10 -1
608 55 39 55 42 1471 2334 1474 2337
332 3 -1
609 69 81 69 81 1472 2335 1473 2336
333 6 -1
610 35 63 37 64 1473 2336 1478 2341
334 5 -1
611 75 73 76 74 1474 2337 1478 2341
335 9 -1
613 64 44 64 48 1476 2339 1484 2347
336 9 -1
614 17 22 21 22 1477 2340 1483 2346
337 0 -1
615 30 44 31 44 1478 2341 1479 2342
338 9 -1
616 93 27 93 28 1479 2342 1481 2344
339 8 -1
619 87 98 92 98 1482 2345 1487 2350
340 10 -1
620 89 41 89 42 1483 2346 1485 2348
341 5 -1
621 6 20 7 20 1484 2347 1489 2352
342 3 -1
622 29 47 30 49 1485 2348 1488 2351
343 9 -1
623 50 93 51 94 1486 2349 1488 2351
344 3 -1
624 10 86 11 86 1487 2350 1488 2351
345 15 -1
625 78 29 78 30 1488 2351 1490 2353
346 5 -1
628 89 18 89 19 1491 2354 1492 2355
347 14 -1
629 58 13 61 14 1492 2355 1497 2360
348 5 -1
630 48 60 48 60 1493 2356 1494 2357
349 13 -1
634 74 84 74 85 1497 2360 1498 2361
350 11 -1
635 30 21 32 21 1498 2361 1500 2363
351 13 -1
636 50 34 51 34 1499 2362 1501 2364
352 11 -1
637 71 56 73 56 1500 2363 1502 2365
353 12 -1
639 55 89 56 89 1502 2365 1503 2366
354 0 -1
640 7 77 8 78 1503 2366 1505 2368
355 6 -1
641 4 61 4 61 1504 2367 1506 2369
356 0 -1
643 52 84 56 85 1506 2369 1512 2375
357 7 -1
645 61 45 61 45 1508 2371 1510 2373
358 11 -1
646 40 84 41 85 1509 2372 1511 2374
359 1 -1
648 95 3 96 3 1511 2374 1512 2375
360 13 -1
649 22 39 24 47 1512 2375 1522 2385
361 14 -1
650 16 20 16 20 1513 2376 1514 2377
362 0 -1
651 30 79 32 80 1514 2377 1518 2381
363 7 -1
652 0 87 13 89 1515 2378 1530 2393
364 7 -1
653 45 74 45 75 1516 2379 1517 2380
365 11 -1
656 32 63 32 63 1519 2382 1520 2383
366 14 -1
662 26 23 27 24 1525 2388 1527 2390
367 8 -1
663 5 71 12 71 1526 2389 1534 2397
368 5 -1
664 75 94 76 95 1527 2390 1529 2392
369 15 -1
665 95 4 96 4 1528 2391 1529 2392
370 12 -1
666 66 48 66 48 1529 2392 1531 2394
371 4 -1
667 93 89 93 91 1530 2393 1533 2396
372 3 -1
669 36 94 37 94 1532 2395 1533 2396
373 7 -1
672 19 99 22 100 1535 2398 1539 2402
374 11 -1
673 84 83 85 84 1536 2399 1538 2401
375 13 -1
674 13 38 16 39 1537 2400 1541 2404
376 5 -1
675 44 4 48 4 1538 2401 1543 2406
377 9 -1
678 29 62 29 62 1541 2404 1542 2405
378 9 -1
679 6 44 8 45 1542 2405 1545 2408
379 0 -1
680 70 32 74 32 1543 2406 1549 2412
380 13 -1
681 37 23 37 23 1544 2407 1546 2409
381 11 -1
682 86 59 86 61 1545 2408 1547 2410
382 7 -1
684 88 67 90 67 1547 2410 1549 2412
383 13 -1
685 63 42 63 47 1548 2411 1553 2416
384 1 -1
687 35 15 40 15 1550 2413 1555 2418
385 1 -1
688 79 54 79 56 1551 2414 1553 2416
386 11 -1
689 50 51 50 52 1552 2415 1554 2417
387 9 -1
690 22 37 23 37 1553 2416 1555 2418
388 8 -1
691 60 75 61 75 1554 2417 1556 2419
389 7 -1
692 24 29 24 29 1555 2418 1557 2420
390 13 -1
694 9 25 11 25 1557 2420 1560 2423
391 7 -1
696 21 27 22 28 1559 2422 1561 2424
392 10 -1
698 84 52 86 55 1561 2424 1566 2429
393 1 -1
700 96 46 97 46 1563 2426 1564 2427
394 6 -1
701 66 20 67 20 1564 2427 1565 2428
395 2 -1
702 54 61 60 61 1565 2428 1572 2435
396 10 -1
703 75 13 77 13 1566 2429 1568 2431
397 11 -1
704 75 92 77 92 1567 2430 1569 2432
398 7 -1
705 18 95 20 95 1568 2431 1572 2435
399 13 -1
706 57 55 57 56 1569 2432 1571 2434
400 12 -1
707 36 6 39 6 1570 2433 1574 2437
401 3 -1
708 68 89 71 89 1571 2434 1578 2441
402 3 -1
710 17 42 17 42 1573 2436 1576 2439
403 3 -1
712 67 13 68 13 1575 2438 1576 2439
404 12 -1
714 95 88 95 88 1577 2440 1578 2441
405 10 -1
716 49 27 50 27 1579 2442 1580 2443
406 13 -1
718 74 55 75 56 1581 2444 1589 2452
407 5 -1
719 39 4 40 4 1582 2445 1583 2446
408 2 -1
720 3 0 5 0 1583 2446 1585 2448
409 10 -1
722 37 45 38 46 1585 2448 1587 2450
410 7 -1
724 27 84 28 84 1587 2450 1589 2452
411 1 -1
725 51 38 52 47 1588 2451 1599 2462
412 12 -1
726 66 42 68 42 1589 2452 1593 2456
413 9 -1
727 57 28 58 29 1590 2453 1593 2456
414 6 -1
728 97 90 98 94 1591 2454 1596 2459
415 10 -1
729 57 57 57 57 1592 2455 1593 2456
416 11 -1
731 59 73 60 73 1594 2457 1595 2458
417 4 -1
733 84 58 85 58 1596 2459 1598 2461
418 8 -1
734 10 38 11 39 1597 2460 1599 2462
419 12 -1
735 43 38 44 39 1598 2461 1601 2464
420 10 -1
736 38 84 39 85 1599 2462 1601 2464
421 8 -1
737 93 41 95 42 1600 2463 1603 2466
422 15 -1
742 65 69 68 70 1605 2468 1610 2473
423 9 -1
744 9 58 11 58 1607 2470 1609 2472
424 13 -1
745 67 57 68 59 1608 2471 1613 2476
425 11 -1
748 43 96 44 97 1611 2474 1613 2476
426 15 -1
750 48 30 49 30 1613 2476 1614 2477
427 7 -1
751 75 89 76 89 1614 2477 1615 2478
428 6 -1
752 80 22 81 24 1615 2478 1618 2481
429 8 -1
753 61 90 61 90 1616 2479 1617 2480
430 9 -1
754 76 87 77 90 1617 2480 1623 2486
431 12 -1
755 26 14 28 14 1618 2481 1620 2483
432 7 -1
757 1 24 3 24 1620 2483 1622 2485
433 9 -1
758 75 37 79 37 1621 2484 1629 2492
434 11 -1
759 43 30 44 31 1622 2485 1624 2487
435 8 -1
760 56 74 56 74 1623 2486 1624 2487
436 8 -1
766 6 88 8 88 1629 2492 1631 2494
437 4 -1
767 73 19 75 19 1630 2493 1632 2495
438 11 -1
768 18 92 21 92 1631 2494 1634 2497
439 5 -1
771 44 95 45 95 1634 2497 1635 2498
440 8 -1
772 61 43 61 43 1635 2498 1637 2500
441 4 -1
773 3 64 4 66 1636 2499 1639 2502
442 13 -1
775 46 59 51 59 1638 2501 1643 2506
443 2 -1
777 93 15 95 15 1640 2503 1642 2505
444 11 -1
778 33 24 33 24 1641 2504 1643 2506
445 3 -1
779 89 68 91 68 1642 2505 1645 2508
446 1 -1
781 61 1 62 1 1644 2507 1645 2508
447 7 -1
782 95 26 95 27 1645 2508 1649 2512
448 10 -1
784 32 31 34 31 1647 2510 1649 2512
449 15 -1
787 44 35 44 36 1650 2513 1652 2515
450 5 -1
788 5 59 6 59 1651 2514 1652 2515
451 10 -1
789 17 10 21 10 1652 2515 1656 2519
452 1 -1
790 29 57 29 58 1653 2516 1655 2518
453 4 -1
791 26 26 28 28 1654 2517 1659 2522
454 9 -1
793 67 16 70 16 1656 2519 1659 2522
455 5 -1
794 83 40 83 42 1657 2520 1661 2524
456 9 -1
795 58 22 60 22 1658 2521 1660 2523
457 13 -1
796 45 75 47 75 1659 2522 1663 2526
458 0 -1
797 37 49 38 49 1660 2523 1661 2524
459 10 -1
798 55 24 56 25 1661 2524 1664 2527
460 1 -1
799 41 48 41 50 1662 2525 1664 2527
461 6 -1
800 66 78 66 80 1663 2526 1668 2531
462 14 -1
802 61 2 61 2 1665 2528 1669 2532
463 15 -1
803 84 41 85 42 1666 2529 1668 2531
464 0 -1
805 50 15 50 16 1668 2531 1673 2536
465 2 -1
806 91 85 94 87 1669 2532 1678 2541
466 1 -1
807 66 34 67 35 1670 2533 1672 2535
467 5 -1
810 84 5 85 5 1673 2536 1674 2537
468 4 -1
813 66 73 67 73 1676 2539 1677 2540
469 15 -1
818 84 4 85 4 1681 2544 1683 2546
470 1 -1
820 91 14 94 14 1683 2546 1686 2549
471 3 -1
824 18 67 20 67 1687 2550 1689 2552
472 0 -1
825 72 4 72 6 1688 2551 1691 2554
473 4 -1
827 72 79 73 79 1690 2553 1691 2554
474 4 -1
828 44 43 52 44 1691 2554 1701 2564
475 8 -1
830 63 94 65 95 1693 2556 1696 2559
476 11 -1
831 1 26 2 26 1694 2557 1695 2558
477 9 -1
833 3 94 3 94 1696 2559 1698 2561
478 14 -1
834 56 55 56 57 1697 2560 1699 2562
479 8 -1
835 90 93 94 94 1698 2561 1708 2571
480 9 -1
839 57 46 57 46 1702 2565 1704 2567
481 8 -1
841 82 9 83 11 1704 2567 1708 2571
482 14 -1
842 29 89 29 89 1705 2568 1707 2570
483 12 -1
844 78 74 78 76 1707 2570 1712 2575
484 11 -1
845 83 23 85 23 1708 2571 1710 2573
485 4 -1
846 40 64 46 64 1709 2572 1715 2578
486 0 -1
847 9 42 10 42 1710 2573 1711 2574
487 8 -1
850 83 75 85 75 1713 2576 1716 2579
488 15 -1
851 28 49 29 50 1714 2577 1718 2581
489 1 -1
854 30 65 31 65 1717 2580 1718 2581
490 1 -1
856 36 74 36 75 1719 2582 1722 2585
491 11 -1
859 29 65 34 65 1722 2585 1727 2590
492 15 -1
860 19 67 19 68 1723 2586 1724 2587
493 12 -1
861 10 5 10 7 1724 2587 1726 2589
494 10 -1
864 32 20 33 22 1727 2590 1730 2593
495 6 -1
867 73 5 74 5 1730 2593 1731 2594
496 14 -1
868 71 17 73 17 1731 2594 1733 2596
497 9 -1
871 15 92 20 92 1734 2597 1750 2613
498 6 -1
873 50 4 50 6 1736 2599 1738 2601
499 10 -1
874 63 76 65 77 1737 2600 1742 2605
500 1 -1
875 59 97 59 100 1738 2601 1741 2604
501 6 -1
877 60 22 63 22 1740 2603 1743 2606
502 7 -1
878 24 27 26 27 1741 2604 1743 2606
503 15 -1
879 95 53 95 53 1742 2605 1744 2607
504 9 -1
880 69 70 72 70 1743 2606 1747 2610
505 9 -1
881 70 42 72 46 1744 2607 1750 2613
506 14 -1
882 89 63 90 63 1745 2608 1747 2610
507 13 -1
885 31 20 31 20 1748 2611 1749 2612
508 5 -1
887 52 13 54 13 1750 2613 1753 2616
509 5 -1
889 12 46 15 46 1752 2615 1755 2618
510 5 -1
891 8 86 9 87 1754 2617 1756 2619
511 7 -1
893 10 58 10 58 1756 2619 1758 2621
512 12 -1
894 84 2 85 4 1757 2620 1760 2623
513 8 -1
895 75 50 75 52 1758 2621 1761 2624
514 6 -1
896 26 67 26 67 1759 2622 1761 2624
515 3 -1
897 78 34 79 34 1760 2623 1761 2624
516 3 -1
898 42 76 43 76 1761 2624 1763 2626
517 14 -1
899 24 22 26 22 1762 2625 1764 2627
518 8 -1
900 41 87 47 87 1763 2626 1769 2632
519 13 -1
901 88 56 88 58 1764 2627 1766 2629
520 11 -1
902 52 43 52 43 1765 2628 1766 2629
521 9 -1
905 98 53 99 53 1768 2631 1769 2632
522 6 -1
910 12 58 12 59 1773 2636 1774 2637
523 11 -1
912 73 17 74 20 1775 2638 1785 2648
524 11 -1
914 53 33 59 33 1777 2640 1784 2647
525 15 -1
917 68 44 70 46 1780 2643 1784 2647
526 13 -1
919 13 23 14 24 1782 2645 1784 2647
527 15 -1
920 66 28 67 28 1783 2646 1786 2649
528 15 -1
921 51 71 51 71 1784 2647 1785 2648
529 10 -1
923 74 61 74 62 1786 2649 1787 2650
530 9 -1
925 15 95 16 95 1788 2651 1791 2654
531 6 -1
926 68 45 75 45 1789 2652 1798 2661
532 3 -1
927 12 58 14 59 1790 2653 1793 2656
533 12 -1
928 19 55 20 55 1791 2654 1792 2655
534 8 -1
929 57 57 57 58 1792 2655 1793 2656
535 14 -1
931 85 27 85 27 1794 2657 1796 2659
536 15 -1
933 98 54 91 54 1796 2659 1803 2666
537 12 -1
935 36 27 38 27 1798 2661 1800 2663
538 11 -1
936 3 88 4 88 1799 2662 1800 2663
539 0 -1
937 74 38 78 38 1800 2663 1804 2667
540 10 -1
938 40 54 43 55 1801 2664 1805 2668
541 11 -1
940 79 45 81 45 1803 2666 1805 2668
542 0 -1
942 6 28 7 28 1805 2668 1806 2669
543 14 -1
943 54 19 56 24 1806 2669 1813 2676
544 3 -1
944 91 9 92 9 1807 2670 1808 2671
545 0 -1
945 32 95 34 96 1808 2671 1811 2674
546 6 -1
947 89 58 99 60 1810 2673 1823 2686
547 4 -1
948 18 90 18 92 1811 2674 1814 2677
548 9 -1
950 97 9 97 10 1813 2676 1815 2678
549 10 -1
951 37 38 37 38 1814 2677 1816 2679
550 12 -1
954 58 6 59 6 1817 2680 1819 2682
551 5 -1
955 47 82 47 83 1818 2681 1819 2682
552 13 -1
957 38 58 41 58 1820 2683 1823 2686
553 9 -1
958 23 69 24 69 1821 2684 1822 2685
554 9 -1
963 98 71 99 71 1826 2689 1829 2692
555 12 -1
964 55 30 56 31 1827 2690 1829 2692
556 7 -1
966 23 41 25 41 1829 2692 1831 2694
557 1 -1
969 43 53 44 54 1832 2695 1834 2697
558 0 -1
972 76 70 77 73 1835 2698 1841 2704
559 2 -1
973 82 92 84 93 1836 2699 1840 2703
560 7 -1
974 63 99 68 95 1837 2700 1847 2710
561 11 -1
976 47 90 48 91 1839 2702 1844 2707
562 2 -1
979 70 24 74 24 1842 2705 1846 2709
563 15 -1
981 29 54 29 55 1844 2707 1845 2708
564 7 -1
983 69 57 71 58 1846 2709 1849 2712
565 10 -1
984 70 35 74 35 1847 2710 1853 2716
566 0 -1
987 64 41 64 45 1850 2713 1854 2717
567 9 -1
989 27 20 27 21 1852 2715 1855 2718
568 11 -1
990 70 80 73 81 1853 2716 1857 2720
569 5 -1
992 81 69 82 71 1855 2718 1859 2722
570 6 -1
993 87 34 88 34 1856 2719 1858 2721
571 1 -1
994 93 18 94 18 1857 2720 1861 2724
572 6 -1
996 23 86 23 86 1859 2722 1861 2724
573 13 -1
997 62 94 62 94 1860 2723 1862 2725
574 3 -1
998 5 49 5 50 1861 2724 1862 2725
575 2 -1
999 64 88 65 88 1862 2725 1864 2727
576 7 -1
1001 19 46 51 48 1864 2727 1913 2776
577 3 -1
1004 92 28 93 28 1867 2730 1869 2732
578 2 -1
1008 22 9 23 9 1871 2734 1872 2735
579 15 -1
1010 16 88 17 89 1873 2736 1875 2738
580 2 -1
1012 75 52 75 52 1875 2738 1876 2739
581 8 -1
1015 21 67 22 67 1878 2741 1879 2742
582 8 -1
1016 22 62 23 62 1879 2742 1880 2743
583 9 -1
1017 72 75 72 78 1880 2743 1883 2746
584 8 -1
1018 96 44 99 52 1881 2744 1895 2758
585 13 -1
1019 39 15 41 19 1882 2745 1892 2755
586 1 -1
1020 83 67 84 68 1883 2746 1886 2749
587 4 -1
1021 65 6 65 7 1884 2747 1885 2748
588 8 -1
1022 41 22 50 26 1885 2748 1899 2762
589 0 -1
1025 83 62 85 63 1888 2751 1893 2756
590 9 -1
1027 73 57 74 57 1890 2753 1891 2754
591 15 -1
1028 64 43 64 43 1891 2754 1892 2755
592 4 -1
1031 80 12 82 13 1894 2757 1903 2766
593 7 -1
1032 75 9 82 9 1895 2758 1902 2765
594 9 -1
1033 91 15 94 16 1896 2759 1900 2763
595 2 -1
1035 85 66 87 66 1898 2761 1900 2763
596 8 -1
1036 62 98 64 98 1899 2762 1901 2764
597 9 -1
1037 60 54 60 55 1900 2763 1901 2764
598 14 -1
1039 15 84 16 84 1902 2765 1903 2766
599 11 -1
1040 14 77 15 77 1903 2766 1904 2767
600 10 -1
1042 21 84 30 86 1905 2768 1916 2779
601 1 -1
1044 29 50 30 50 1907 2770 1908 2771
602 3 -1
1045 0 1 0 3 1908 2771 1911 2774
603 4 -1
1051 12 70 12 70 1914 2777 1915 2778
604 14 -1
1053 69 49 70 49 1916 2779 1917 2780
605 15 -1
1056 23 78 25 78 1919 2782 1921 2784
606 3 -1
1057 30 20 30 22 1920 2783 1922 2785
607 4 -1
1059 12 42 16 42 1922 2785 1926 2789
608 11 -1
1060 4 30 6 30 1923 2786 1928 2791
609 5 -1
1063 49 19 51 20 1926 2789 1929 2792
610 4 -1
1065 65 98 67 98 1928 2791 1931 2794
611 13 -1
1066 43 89 43 90 1929 2792 1931 2794
612 11 -1
1067 25 32 26 32 1930 2793 1931 2794
613 15 -1
1070 8 35 20 35 1933 2796 1945 2808
614 13 -1
1071 21 5 23 6 1934 2797 1939 2802
615 1 -1
1073 47 60 48 62 1936 2799 1951 2814
616 11 -1
1074 77 94 77 95 1937 2800 1938 2801
617 1 -1
1075 10 98 13 98 1938 2801 1941 2804
618 13 -1
1078 35 44 36 46 1941 2804 1945 2808
619 11 -1
1082 1 41 2 41 1945 2808 1946 2809
620 14 -1
1083 59 36 59 36 1946 2809 1948 2811
621 15 -1
1084 42 90 43 95 1947 2810 1953 2816
622 10 -1
1085 20 5 20 7 1948 2811 1951 2814
623 11 -1
1086 3 58 5 59 1949 2812 1953 2816
624 4 -1
1090 76 45 76 45 1953 2816 1954 2817
625 0 -1
1091 68 92 69 92 1954 2817 1955 2818
626 4 -1
1092 52 86 53 86 1955 2818 1956 2819
627 13 -1
1095 69 45 71 45 1958 2821 1961 2824
628 9 -1
1097 76 66 79 66 1960 2823 1963 2826
629 7 -1
1098 15 96 19 96 1961 2824 1965 2828
630 0 -1
1099 54 31 57 33 1962 2825 1967 2830
631 7 -1
1100 99 4 94 4 1963 2826 1968 2831
632 9 -1
1102 83 92 84 93 1965 2828 1968 2831
633 10 -1
1103 16 14 22 14 1966 2829 1973 2836
634 11 -1
1104 98 16 98 17 1967 2830 1968 2831
635 14 -1
1105 54 79 54 79 1968 2831 1969 2832
636 3 -1
1107 66 60 66 69 1970 2833 1980 2843
637 3 -1
1109 32 51 32 53 1972 2835 1975 2838
638 10 -1
1111 88 53 88 53 1974 2837 1976 2839
639 2 -1
1113 39 49 39 49 1976 2839 1977 2840
640 6 -1
1114 73 12 74 12 1977 2840 1978 2841
641 14 -1
1115 6 79 7 80 1978 2841 1981 2844
642 7 -1
1116 55 73 56 77 1979 2842 1990 2853
643 9 -1
1118 88 70 89 71 1981 2844 1983 2846
644 12 -1
1120 13 5 14 6 1983 2846 1985 2848
645 7 -1
1121 31 28 31 29 1984 2847 1985 2848
646 2 -1
1122 83 94 85 95 1985 2848 1988 2851
647 13 -1
1124 39 48 42 49 1987 2850 1994 2857
648 2 -1
1125 7 43 7 45 1988 2851 1990 2853
649 10 -1
1126 21 91 21 79 1989 2852 2001 2864
650 7 -1
1129 4 27 4 28 1992 2855 1993 2856
651 5 -1
1130 36 17 37 17 1993 2856 1994 2857
652 2 -1
1132 88 87 90 87 1995 2858 1997 2860
653 4 -1
1133 45 48 47 48 1996 2859 1999 2862
654 14 -1
1137 52 24 52 28 2000 2863 2004 2867
655 1 -1
1138 83 19 84 19 2001 2864 2002 2865
656 11 -1
1139 97 81 97 82 2002 2865 2003 2866
657 0 -1
1141 61 49 62 49 2004 2867 2006 2869
658 4 -1
1142 95 79 96 80 2005 2868 2008 2871
659 12 -1
1144 57 61 59 61 2007 2870 2010 2873
660 14 -1
1147 34 98 35 98 2010 2873 2011 2874
661 10 -1
1150 93 12 93 12 2013 2876 2014 2877
662 6 -1
1151 3 55 4 56 2014 2877 2016 2879
663 13 -1
1154 0 95 0 96 2017 2880 2018 2881
664 1 -1
1156 8 45 8 47 2019 2882 2021 2884
665 9 -1
1157 37 65 39 65 2020 2883 2025 2888
666 15 -1
1158 13 99 15 97 2021 2884 2025 2888
667 14 -1
1159 53 79 54 80 2022 2885 2024 2887
668 9 -1
1164 41 76 44 76 2027 2890 2030 2893
669 8 -1
1166 91 14 94 14 2029 2892 2032 2895
670 13 -1
1169 1 47 2 49 2032 2895 2035 2898
671 0 -1
1170 94 94 95 96 2033 2896 2036 2899
672 10 -1
1171 39 20 46 20 2034 2897 2043 2906
673 7 -1
1172 30 98 31 98 2035 2898 2036 2899
674 4 -1
1174 74 62 77 62 2037 2900 2044 2907
675 7 -1
1175 40 61 40 64 2038 2901 2041 2904
676 4 -1
1176 78 47 79 47 2039 2902 2041 2904
677 10 -1
1177 97 85 99 85 2040 2903 2042 2905
678 3 -1
1179 21 95 21 96 2042 2905 2043 2906
679 7 -1
1186 49 21 50 21 2049 2912 2051 2914
680 8 -1
1187 21 43 23 43 2050 2913 2052 2915
681 5 -1
1188 31 45 32 45 2051 2914 2052 2915
682 7 -1
1190 29 74 30 74 2053 2916 2054 2917
683 6 -1
1191 99 54 98 55 2054 2917 2056 2919
684 8 -1
1194 43 37 43 39 2057 2920 2059 2922
685 13 -1
1195 62 18 65 18 2058 2921 2061 2924
686 7 -1
1197 89 57 92 57 2060 2923 2063 2926
687 10 -1
1198 33 61 37 61 2061 2924 2065 2928
688 14 -1
1201 94 36 99 36 2064 2927 2069 2932
689 4 -1
1202 5 71 5 71 2065 2928 2066 2929
690 2 -1
1203 79 47 79 47 2066 2929 2067 2930
691 10 -1
1205 99 45 96 45 2068 2931 2071 2934
692 8 -1
1207 38 58 41 58 2070 2933 2074 2937
693 0 -1
1208 10 94 11 94 2071 2934 2073 2936
694 4 -1
1209 91 26 91 26 2072 2935 2073 2936
695 15 -1
1211 67 78 71 78 2074 2937 2078 2941
696 1 -1
1214 63 70 65 72 2077 2940 2083 2946
697 0 -1
1217 46 81 47 82 2080 2943 2082 2945
698 1 -1
1218 69 30 69 30 2081 2944 2082 2945
699 13 -1
1219 44 57 51 57 2082 2945 2089 2952
700 3 -1
1220 6 65 6 66 2083 2946 2084 2947
701 6 -1
1222 11 8 12 10 2085 2948 2088 2951
702 12 -1
1223 76 34 78 36 2086 2949 2090 2953
703 10 -1
1226 41 24 43 25 2089 2952 2092 2955
704 2 -1
1227 11 23 12 23 2090 2953 2091 2954
705 10 -1
1229 33 5 34 5 2092 2955 2093 2956
706 10 -1
1230 7 62 12 62 2093 2956 2098 2961
707 4 -1
1231 28 62 29 62 2094 2957 2095 2958
708 0 -1
1233 82 76 83 76 2096 2959 2098 2961
709 13 -1
1235 38 29 38 30 2098 2961 2099 2962
710 12 -1
1236 92 80 97 80 2099 2962 2104 2967
711 5 -1
1237 86 0 87 3 2100 2963 2105 2968
712 1 -1
1238 73 47 77 47 2101 2964 2106 2969
713 3 -1
1240 11 69 15 69 2103 2966 2107 2970
714 3 -1
1241 81 50 82 50 2104 2967 2105 2968
715 14 -1
1242 42 78 48 78 2105 2968 2118 2981
716 12 -1
1243 27 5 27 6 2106 2969 2108 2971
717 6 -1
1244 88 2 90 3 2107 2970 2114 2977
718 9 -1
1246 27 44 36 44 2109 2972 2118 2981
719 11 -1
1250 20 4 20 4 2113 2976 2114 2977
720 11 -1
1254 78 31 78 35 2117 2980 2124 2987
721 8 -1
1255 75 82 76 82 2118 2981 2122 2985
722 8 -1
1258 95 7 80 7 2121 2984 2137 3000
723 7 -1
1259 33 26 50 27 2122 2985 2140 3003
724 14 -1
1260 7 58 13 58 2123 2986 2129 2992
725 9 -1
1261 22 36 29 36 2124 2987 2131 2994
726 1 -1
1263 8 24 14 24 2126 2989 2133 2996
727 14 -1
1264 39 26 39 27 2127 2990 2131 2994
728 7 -1
1265 17 89 18 90 2128 2991 2130 2993
729 11 -1
1266 6 57 6 58 2129 2992 2130 2993
730 2 -1
1268 19 31 19 32 2131 2994 2134 2997
731 8 -1
1276 71 64 72 64 2139 3002 2140 3003
732 11 -1
1277 72 54 75 55 2140 3003 2145 3008
733 7 -1
1281 49 93 50 93 2144 3007 2146 3009
734 10 -1
1284 15 25 17 25 2147 3010 2149 3012
735 14 -1
1287 58 1 58 5 2150 3013 2154 3017
736 5 -1
1290 35 66 42 66 2153 3016 2160 3023
737 8 -1
1291 96 17 98 18 2154 3017 2157 3020
738 12 -1
1292 1 64 5 73 2155 3018 2181 3044
739 1 -1
1297 71 35 72 37 2160 3023 2163 3026
740 15 -1
1298 46 46 46 46 2161 3024 2162 3025
741 0 -1
1299 80 23 82 23 2162 3025 2165 3028
742 9 -1
1300 40 1 42 1 2163 3026 2165 3028
743 9 -1
1307 40 72 41 72 2170 3033 2171 3034
744 8 -1
1309 75 99 75 97 2172 3035 2174 3037
745 2 -1
1312 64 30 65 30 2175 3038 2177 3040
746 7 -1
1313 72 75 72 75 2176 3039 2177 3040
747 12 -1
1314 20 98 24 98 2177 3040 2181 3044
748 9 -1
1315 95 55 99 55 2178 3041 2183 3046
749 1 -1
1316 78 3 80 3 2179 3042 2181 3044
750 4 -1
1317 11 7 13 7 2180 3043 2182 3045
751 10 -1
1318 12 99 14 100 2181 3044 2184 3047
752 7 -1
1319 56 28 58 28 2182 3045 2184 3047
753 1 -1
1320 90 73 91 73 2183 3046 2184 3047
754 4 -1
1321 93 78 93 78 2184 3047 2186 3049
755 14 -1
1323 5 40 7 40 2186 3049 2188 3051
756 14 -1
1324 99 7 98 9 2187 3050 2192 3055
757 8 -1
1325 31 61 32 62 2188 3051 2194 3057
758 11 -1
1326 47 49 48 49 2189 3052 2190 3053
759 4 -1
1327 70 36 74 40 2190 3053 2200 3063
760 4 -1
1329 35 79 35 79 2192 3055 2194 3057
761 12 -1
1332 13 51 13 52 2195 3058 2197 3060
762 12 -1
1333 10 22 11 22 2196 3059 2197 3060
763 5 -1
1335 0 74 10 76 2198 3061 2214 3077
764 2 -1
1336 59 6 59 7 2199 3062 2200 3063
765 7 -1
1338 79 69 79 71 2201 3064 2204 3067
766 7 -1
1340 37 15 38 18 2203 3066 2210 3073
767 8 -1
1342 85 85 85 87 2205 3068 2208 3071
768 15 -1
1344 13 82 15 82 2207 3070 2209 3072
769 14 -1
1345 93 64 93 64 2208 3071 2209 3072
770 15 -1
1347 0 38 0 38 2210 3073 2213 3076
771 5 -1
1348 40 68 41 68 2211 3074 2216 3079
772 3 -1
1349 85 91 91 91 2212 3075 2218 3081
773 8 -1
1354 37 73 37 73 2217 3080 2220 3083
774 9 -1
1355 37 51 40 51 2218 3081 2223 3086
775 8 -1
1359 18 57 20 59 2222 3085 2227 3090
776 7 -1
1362 49 2 50 3 2225 3088 2227 3090
777 0 -1
1365 48 77 48 77 2228 3091 2229 3092
778 9 -1
1368 53 35 53 37 2231 3094 2233 3096
779 1 -1
1369 62 78 95 78 2232 3095 2267 3130
780 7 -1
1370 88 84 89 85 2233 3096 2235 3098
781 14 -1
1372 50 23 52 24 2235 3098 2240 3103
782 5 -1
1374 85 91 86 91 2237 3100 2239 3102
783 7 -1
1375 23 24 29 24 2238 3101 2245 3108
784 9 -1
1376 27 90 28 90 2239 3102 2240 3103
785 15 -1
1377 58 87 59 88 2240 3103 2243 3106
786 9 -1
1378 65 99 65 99 2241 3104 2242 3105
787 9 -1
1379 62 80 64 80 2242 3105 2246 3109
788 3 -1
1381 60 24 62 24 2244 3107 2247 3110
789 4 -1
1382 17 52 18 54 2245 3108 2248 3111
790 8 -1
1383 67 91 67 91 2246 3109 2248 3111
791 4 -1
1385 55 29 61 29 2248 3111 2254 3117
792 2 -1
1386 45 88 45 91 2249 3112 2252 3115
793 1 -1
1387 86 2 91 7 2250 3113 2261 3124
794 4 -1
1388 38 94 38 95 2251 3114 2254 3117
795 14 -1
1389 23 31 25 31 2252 3115 2254 3117
796 0 -1
1390 36 84 37 85 2253 3116 2255 3118
797 4 -1
1391 51 44 52 45 2254 3117 2256 3119
798 6 -1
1393 74 4 74 5 2256 3119 2258 3121
799 8 -1
1395 18 75 19 78 2258 3121 2266 3129
800 2 -1
1396 70 99 71 99 2259 3122 2260 3123
801 15 -1
1400 0 90 2 90 2263 3126 2266 3129
802 2 -1
1401 24 11 25 11 2264 3127 2267 3130
803 11 -1
1402 4 52 9 53 2265 3128 2272 3135
804 11 -1
1403 67 16 68 17 2266 3129 2268 3131
805 11 -1
1406 65 14 66 14 2269 3132 2270 3133
806 4 -1
1411 12 52 14 52 2274 3137 2276 3139
807 3 -1
1412 73 38 79 38 2275 3138 2281 3144
808 8 -1
1413 30 71 30 71 2276 3139 2277 3140
809 3 -1
1414 85 47 86 48 2277 3140 2279 3142
810 3 -1
1415 16 89 17 89 2278 3141 2280 3143
811 3 -1
1417 86 20 87 20 2280 3143 2281 3144
812 8 -1
1418 46 65 50 65 2281 3144 2286 3149
813 6 -1
1419 68 32 74 33 2282 3145 2289 3152
814 9 -1
1420 64 44 72 44 2283 3146 2291 3154
815 6 -1
1423 67 69 67 70 2286 3149 2287 3150
816 15 -1
1426 53 18 55 18 2289 3152 2291 3154
817 7 -1
1428 0 66 3 66 2291 3154 2294 3157
818 4 -1
1429 71 72 73 72 2292 3155 2294 3157
819 7 -1
1430 84 19 84 19 2293 3156 2294 3157
820 0 -1
1431 35 65 37 65 2294 3157 2297 3160
821 10 -1
1432 30 77 31 77 2295 3158 2296 3159
822 13 -1
1434 19 47 19 47 2297 3160 2298 3161
823 8 -1
1435 76 93 79 93 2298 3161 2305 3168
824 14 -1
1436 74 51 75 51 2299 3162 2301 3164
825 6 -1
1438 49 59 52 60 2301 3164 2305 3168
826 12 -1
1439 4 19 5 19 2302 3165 2303 3166
827 7 -1
1440 77 87 80 87 2303 3166 2306 3169
828 15 -1
1441 95 22 99 25 2304 3167 2311 3174
829 2 -1
1442 96 93 96 95 2305 3168 2307 3170
830 8 -1
1443 35 75 39 75 2306 3169 2311 3174
831 1 -1
1444 80 7 82 7 2307 3170 2309 3172
832 3 -1
1446 94 52 88 52 2309 3172 2315 3178
833 1 -1
1447 78 69 78 69 2310 3173 2312 3175
834 5 -1
1448 1 60 3 60 2311 3174 2313 3176
835 10 -1
1452 54 88 54 89 2315 3178 2316 3179
836 7 -1
1454 79 79 83 79 2317 3180 2321 3184
837 12 -1
1455 81 57 81 57 2318 3181 2320 3183
838 9 -1
1456 67 45 68 45 2319 3182 2320 3183
839 2 -1
1457 88 97 92 97 2320 3183 2326 3189
840 2 -1
1458 18 41 20 48 2321 3184 2331 3194
841 8 -1
1461 2 8 5 8 2324 3187 2327 3190
842 3 -1
1462 43 85 43 89 2325 3188 2329 3192
843 6 -1
1463 57 30 58 30 2326 3189 2328 3191
844 11 -1
1465 37 66 39 66 2328 3191 2330 3193
845 10 -1
1466 60 90 61 91 2329 3192 2331 3194
846 4 -1
1468 2 55 3 55 2331 3194 2332 3195
847 2 -1
1469 74 43 74 44 2332 3195 2337 3200
848 13 -1
1470 63 96 64 96 2333 3196 2334 3197
849 10 -1
1472 44 87 45 90 2335 3198 2340 3203
850 2 -1
1473 87 35 91 35 2336 3199 2341 3204
851 1 -1
1474 54 25 62 26 2337 3200 2348 3211
852 3 -1
1475 67 80 68 80 2338 3201 2340 3203
853 7 -1
1478 29 47 29 52 2341 3204 2347 3210
854 0 -1
1479 41 13 42 14 2342 3205 2344 3207
855 10 -1
1481 43 52 45 52 2344 3207 2346 3209
856 7 -1
1483 80 24 85 27 2346 3209 2357 3220
857 11 -1
1486 99 3 94 3 2349 3212 2354 3217
858 12 -1
1487 82 1 83 1 2350 3213 2354 3217
859 9 -1
1493 43 75 45 75 2356 3219 2358 3221
860 2 -1
1495 84 10 85 10 2358 3221 2359 3222
861 15 -1
1496 39 62 42 62 2359 3222 2363 3226
862 4 -1
1497 14 50 17 51 2360 3223 2364 3227
863 0 -1
1499 65 21 66 21 2362 3225 2364 3227
864 14 -1
1500 20 72 22 72 2363 3226 2365 3228
865 13 -1
1501 3 9 6 9 2364 3227 2372 3235
866 13 -1
1502 76 46 80 46 2365 3228 2369 3232
867 14 -1
1504 78 63 86 68 2367 3230 2380 3243
868 10 -1
1505 53 1 61 2 2368 3231 2378 3241
869 13 -1
1506 73 20 75 20 2369 3232 2371 3234
870 5 -1
1507 35 80 36 81 2370 3233 2373 3236
871 15 -1
1508 49 87 51 89 2371 3234 2377 3240
872 13 -1
1509 40 92 40 92 2372 3235 2373 3236
873 1 -1
1511 35 67 37 67 2374 3237 2376 3239
874 3 -1
1513 42 13 47 13 2376 3239 2381 3244
875 1 -1
1515 25 90 26 90 2378 3241 2379 3242
876 4 -1
1516 52 29 54 30 2379 3242 2382 3245
877 5 -1
1517 62 23 64 24 2380 3243 2383 3246
878 6 -1
1518 21 46 21 49 2381 3244 2384 3247
879 13 -1
1519 23 37 23 38 2382 3245 2383 3246
880 13 -1
1521 39 28 43 28 2384 3247 2388 3251
881 4 -1
1522 45 59 47 59 2385 3248 2387 3250
882 4 -1
1523 23 37 25 37 2386 3249 2388 3251
883 8 -1
1527 32 46 35 47 2390 3253 2394 3257
884 12 -1
1528 70 1 71 1 2391 3254 2392 3255
885 0 -1
1533 46 25 46 25 2396 3259 2397 3260
886 0 -1
1534 8 40 13 42 2397 3260 2406 3269
887 6 -1
1535 99 49 97 50 2398 3261 2401 3264
888 14 -1
1536 15 50 16 51 2399 3262 2401 3264
889 11 -1
1538 41 63 43 64 2401 3264 2405 3268
890 4 -1
1540 45 62 45 63 2403 3266 2404 3267
891 13 -1
1543 92 53 93 55 2406 3269 2409 3272
892 12 -1
1544 36 67 37 67 2407 3270 2409 3272
893 4 -1
1545 43 27 43 29 2408 3271 2410 3273
894 3 -1
1547 30 12 31 12 2410 3273 2415 3278
895 10 -1
1550 12 32 12 33 2413 3276 2415 3278
896 2 -1
1551 88 57 89 57 2414 3277 2416 3279
897 7 -1
1552 76 16 78 18 2415 3278 2420 3283
898 8 -1
1554 94 9 94 12 2417 3280 2421 3284
899 14 -1
1555 32 26 32 28 2418 3281 2420 3283
900 6 -1
1556 87 23 87 23 2419 3282 2421 3284
901 6 -1
1559 94 94 96 94 2422 3285 2428 3291
902 15 -1
1560 47 63 48 66 2423 3286 2429 3292
903 11 -1
1562 77 94 79 94 2425 3288 2427 3290
904 6 -1
1563 71 23 76 28 2426 3289 2436 3299
905 9 -1
1564 82 97 83 97 2427 3290 2429 3292
906 5 -1
1566 97 37 97 37 2429 3292 2431 3294
907 11 -1
1567 94 82 97 83 2430 3293 2434 3297
908 11 -1
1573 12 56 17 59 2436 3299 2444 3307
909 8 -1
1575 67 56 67 57 2438 3301 2439 3302
910 0 -1
1576 26 42 28 42 2439 3302 2441 3304
911 5 -1
1577 45 4 45 6 2440 3303 2442 3305
912 7 -1
1579 30 64 31 65 2442 3305 2445 3308
913 9 -1
1580 86 59 88 59 2443 3306 2445 3308
914 2 -1
1582 61 97 61 98 2445 3308 2446 3309
915 14 -1
1584 29 49 30 49 2447 3310 2448 3311
916 14 -1
1587 22 92 27 94 2450 3313 2462 3325
917 2 -1
1588 51 26 55 26 2451 3314 2455 3318
918 14 -1
1589 42 2 42 4 2452 3315 2454 3317
919 5 -1
1590 63 77 63 78 2453 3316 2456 3319
920 9 -1
1591 52 83 54 84 2454 3317 2459 3322
921 3 -1
1593 28 65 32 65 2456 3319 2460 3323
922 11 -1
1594 6 45 7 45 2457 3320 2459 3322
923 3 -1
1596 14 52 15 53 2459 3322 2461 3324
924 11 -1
1598 97 95 97 96 2461 3324 2462 3325
925 1 -1
1599 90 9 93 10 2462 3325 2466 3329
926 6 -1
1600 98 56 98 57 2463 3326 2464 3327
927 7 -1
1603 93 35 93 36 2466 3329 2467 3330
928 7 -1
1606 11 14 13 14 2469 3332 2471 3334
929 4 -1
1608 97 2 97 3 2471 3334 2472 3335
930 1 -1
1609 88 34 90 34 2472 3335 2474 3337
931 13 -1
1610 47 21 48 21 2473 3336 2474 3337
932 4 -1
1611 70 5 72 5 2474 3337 2476 3339
933 7 -1
1613 70 94 70 96 2476 3339 2478 3341
934 7 -1
1615 54 41 55 41 2478 3341 2479 3342
935 7 -1
1618 48 79 48 82 2481 3344 2484 3347
936 4 -1
1620 59 31 61 33 2483 3346 2488 3351
937 7 -1
1621 73 86 74 88 2484 3347 2491 3354
938 15 -1
1623 48 23 51 25 2486 3349 2491 3354
939 3 -1
1624 9 47 10 47 2487 3350 2488 3351
940 15 -1
1625 34 41 37 41 2488 3351 2491 3354
941 11 -1
1626 55 5 56 6 2489 3352 2491 3354
942 13 -1
1627 49 67 55 67 2490 3353 2503 3366
943 7 -1
1629 44 12 45 12 2492 3355 2493 3356
944 4 -1
1631 1 67 1 68 2494 3357 2496 3359
945 7 -1
1633 99 71 90 71 2496 3359 2506 3369
946 9 -1
1634 28 51 29 51 2497 3360 2499 3362
947 7 -1
1637 78 47 79 47 2500 3363 2501 3364
948 14 -1
1638 8 63 11 63 2501 3364 2504 3367
949 3 -1
1640 26 37 34 37 2503 3366 2513 3376
950 11 -1
1641 0 15 2 15 2504 3367 2507 3370
951 11 -1
1642 23 12 26 13 2505 3368 2509 3372
952 15 -1
1645 86 52 87 52 2508 3371 2509 3372
953 13 -1
1648 35 55 35 56 2511 3374 2513 3376
954 5 -1
1649 79 26 79 28 2512 3375 2514 3377
955 3 -1
1650 44 9 44 10 2513 3376 2514 3377
956 4 -1
1656 59 57 62 57 2519 3382 2523 3386
957 11 -1
1657 72 97 75 97 2520 3383 2523 3386
958 13 -1
1659 99 31 96 31 2522 3385 2526 3389
959 14 -1
1660 51 98 53 98 2523 3386 2527 3390
960 5 -1
1661 12 89 18 89 2524 3387 2531 3394
961 11 -1
1662 17 32 20 34 2525 3388 2532 3395
962 6 -1
1663 20 45 22 45 2526 3389 2533 3396
963 10 -1
1664 46 19 48 19 2527 3390 2529 3392
964 5 -1
1665 96 28 96 29 2528 3391 2529 3392
965 13 -1
1668 71 76 74 76 2531 3394 2534 3397
966 5 -1
1671 5 54 13 54 2534 3397 2542 3405
967 5 -1
1672 94 11 95 11 2535 3398 2536 3399
968 10 -1
1673 56 41 61 41 2536 3399 2541 3404
969 1 -1
1675 98 70 99 70 2538 3401 2539 3402
970 14 -1
1676 4 92 7 92 2539 3402 2542 3405
971 5 -1
1678 14 42 15 43 2541 3404 2544 3407
972 6 -1
1679 35 81 36 81 2542 3405 2549 3412
973 6 -1
1680 86 30 90 30 2543 3406 2547 3410
974 14 -1
1683 1 83 5 85 2546 3409 2553 3416
975 1 -1
1685 61 33 62 35 2548 3411 2551 3414
976 8 -1
1686 63 19 65 26 2549 3412 2559 3422
977 1 -1
1687 42 79 46 79 2550 3413 2554 3417
978 15 -1
1688 74 65 78 67 2551 3414 2557 3420
979 6 -1
1690 96 11 97 13 2553 3416 2557 3420
980 6 -1
1691 14 64 14 66 2554 3417 2556 3419
981 13 -1
1692 96 66 96 69 2555 3418 2558 3421
982 0 -1
1694 53 43 53 44 2557 3420 2558 3421
983 11 -1
1695 21 98 22 100 2558 3421 2562 3425
984 11 -1
1696 33 43 35 44 2559 3422 2562 3425
985 1 -1
1697 19 84 19 85 2560 3423 2562 3425
986 13 -1
1698 1 63 1 65 2561 3424 2563 3426
987 4 -1
1700 1 73 2 73 2563 3426 2565 3428
988 13 -1
1702 47 22 47 28 2565 3428 2579 3442
989 6 -1
1703 10 1 11 1 2566 3429 2567 3430
990 12 -1
1704 68 88 69 88 2567 3430 2570 3433
991 12 -1
1709 53 51 55 52 2572 3435 2575 3438
992 15 -1
1712 63 56 66 56 2575 3438 2578 3441
993 9 -1
1714 16 21 16 21 2577 3440 2578 3441
994 4 -1
1717 63 99 65 97 2580 3443 2584 3447
995 1 -1
1718 51 55 53 55 2581 3444 2583 3446
996 7 -1
1720 22 64 24 67 2583 3446 2589 3452
997 10 -1
1722 45 75 46 75 2585 3448 2586 3449
998 14 -1
1723 84 32 85 33 2586 3449 2588 3451
999 0 -1
1725 60 61 62 61 2588 3451 2590 3453
1000 12 -1
1726 71 34 72 36 2589 3452 2592 3455
