100 100 1797
1
0 10 55
72
0 0 0 100 6
0
1 0 0 100 6
0
2 0 0 100 6
0
3 0 0 100 6
0
4 0 0 100 6
0
5 0 0 100 6
0
6 0 0 100 6
0
7 0 0 100 6
0
8 0 0 100 6
0
9 0 0 100 6
0
10 0 0 100 6
0
11 0 0 100 6
0
12 0 0 100 6
0
13 0 0 100 6
0
14 0 0 100 6
0
15 0 0 100 6
0
16 0 0 100 6
0
17 0 0 100 6
0
18 0 0 100 6
0
19 0 0 100 6
0
20 0 0 100 6
0
21 0 0 100 6
0
22 0 0 100 6
0
23 0 0 100 6
0
24 0 0 100 6
0
25 0 0 100 6
0
26 0 0 100 6
0
27 0 0 100 6
0
28 0 0 100 6
0
29 0 0 100 6
0
30 0 0 100 6
0
31 0 0 100 6
0
32 0 0 100 6
0
33 0 0 100 6
0
34 0 0 100 6
0
35 0 0 100 6
0
36 0 -1 100 6
0
37 0 -1 100 6
0
38 0 -1 100 6
0
39 0 -1 100 6
0
40 0 -1 100 6
0
41 0 -1 100 6
0
42 0 -1 100 6
0
43 0 -1 100 6
0
44 0 -1 100 6
0
45 0 -1 100 6
0
46 0 -1 100 6
0
47 0 -1 100 6
0
48 0 -1 100 6
0
49 0 -1 100 6
0
50 0 -1 100 6
0
51 0 -1 100 6
0
52 0 -1 100 6
0
53 0 -1 100 6
0
54 0 -1 100 6
0
55 0 -1 100 6
0
56 0 -1 100 6
0
57 0 -1 100 6
0
58 0 -1 100 6
0
59 0 -1 100 6
0
60 0 -1 100 6
0
61 0 -1 100 6
0
62 0 -1 100 6
0
63 0 -1 100 6
0
64 0 -1 100 6
0
65 0 -1 100 6
0
66 0 -1 100 6
0
67 0 -1 100 6
0
68 0 -1 100 6
0
69 0 -1 100 6
0
70 0 -1 100 6
0
71 0 -1 100 6
0
1000
1 0 -1
2 61 25 63 26 36 70 39 73
2 0 -1
5 29 37 34 37 39 73 44 78
3 0 -1
7 26 99 26 96 41 75 45 79
4 0 -1
8 27 77 27 77 42 76 51 85
5 0 -1
9 62 42 67 42 43 77 49 83
6 0 -1
10 39 12 43 12 44 78 48 82
7 0 -1
11 98 87 93 88 45 79 51 85
8 0 -1
12 43 93 45 93 46 80 48 82
9 0 -1
13 53 19 53 20 47 81 49 83
10 0 -1
14 11 74 12 75 48 82 51 85
11 0 -1
15 58 47 63 47 49 83 55 89
12 0 -1
17 60 51 60 55 51 85 55 89
13 0 -1
18 92 16 93 19 52 86 58 92
14 0 -1
19 26 79 27 79 53 87 54 88
15 0 -1
20 33 51 33 52 54 88 56 90
16 0 -1
21 71 60 73 60 55 89 57 91
17 0 -1
22 53 0 56 1 56 90 60 94
18 0 -1
24 40 27 41 28 58 92 60 94
19 0 -1
29 88 18 94 18 63 97 69 103
20 0 -1
30 22 94 23 95 64 98 66 100
21 0 -1
31 30 21 30 21 65 99 67 101
22 0 -1
33 65 0 65 2 67 101 73 107
23 0 -1
35 17 94 18 94 69 103 70 104
24 0 -1
36 88 59 89 59 70 104 72 106
25 0 -1
39 70 95 71 95 73 107 74 108
26 0 -1
40 81 36 82 36 74 108 75 109
27 0 -1
41 41 50 43 50 75 109 77 111
28 0 -1
42 68 37 68 38 76 110 77 111
29 0 -1
43 43 22 44 22 77 111 78 112
30 0 -1
45 35 80 35 81 79 113 81 115
31 0 -1
49 80 48 82 49 83 117 86 120
32 0 -1
52 60 25 60 31 86 120 93 127
33 0 -1
53 85 72 85 74 87 121 92 126
34 0 -1
54 50 5 50 6 88 122 89 123
35 0 -1
56 87 29 99 29 90 124 107 141
36 0 -1
57 34 2 36 2 91 125 93 127
37 0 -1
59 45 31 46 31 93 127 94 128
38 0 -1
61 28 6 30 6 95 129 97 131
39 0 -1
62 66 11 74 11 96 130 104 138
40 0 -1
64 13 66 13 67 98 132 117 151
41 0 -1
69 13 51 15 51 103 137 105 139
42 0 -1
71 27 2 28 3 105 139 113 147
43 0 -1
73 18 39 18 43 107 141 112 146
44 0 -1
76 29 65 32 65 110 144 113 147
45 0 -1
78 16 97 16 98 112 146 114 148
46 0 -1
80 9 4 12 4 114 148 117 151
47 0 -1
81 36 52 37 52 115 149 117 151
48 0 -1
82 11 39 12 42 116 150 122 156
49 0 -1
83 21 28 21 29 117 151 122 156
50 0 -1
84 21 34 22 34 118 152 119 153
51 0 -1
86 62 32 63 39 120 154 130 164
52 0 -1
87 50 28 50 28 121 155 122 156
53 0 -1
90 53 50 53 50 124 158 125 159
54 0 -1
91 2 13 6 13 125 159 129 163
55 0 -1
92 37 85 37 85 126 160 127 161
56 0 -1
93 43 83 45 84 127 161 130 164
57 0 -1
94 7 65 12 66 128 162 134 168
58 0 -1
96 8 77 9 78 130 164 132 166
59 0 -1
103 91 96 94 96 137 171 140 174
60 0 -1
105 33 86 34 87 139 173 141 175
61 0 -1
106 49 75 55 78 140 174 150 184
62 0 -1
107 33 16 35 17 141 175 144 178
63 0 -1
108 85 0 85 7 142 176 150 184
64 0 -1
110 49 71 49 75 144 178 152 186
65 0 -1
111 44 41 45 41 145 179 146 180
66 0 -1
114 37 48 40 48 148 182 154 188
67 0 -1
115 89 49 91 50 149 183 154 188
68 0 -1
116 14 66 23 66 150 184 162 196
69 0 -1
119 6 57 7 59 153 187 156 190
70 0 -1
120 17 32 18 32 154 188 155 189
71 0 -1
122 57 65 59 67 156 190 160 194
72 0 -1
123 84 62 84 62 157 191 160 194
73 0 -1
124 97 58 99 60 158 192 162 196
74 0 -1
127 31 82 31 82 161 195 162 196
75 0 -1
128 51 26 66 28 162 196 181 215
76 0 -1
130 67 44 68 44 164 198 165 199
77 0 -1
132 45 2 53 9 166 200 181 215
78 0 -1
134 18 29 18 29 168 202 169 203
79 0 -1
135 9 8 11 12 169 203 180 214
80 0 -1
136 19 52 20 53 170 204 172 206
81 0 -1
139 94 88 94 88 173 207 174 208
82 0 -1
140 63 15 67 15 174 208 178 212
83 0 -1
141 13 25 16 26 175 209 180 214
84 0 -1
144 38 16 42 16 178 212 183 217
85 0 -1
145 25 43 25 45 179 213 181 215
86 0 -1
146 65 81 65 81 180 214 181 215
87 0 -1
147 88 80 89 80 181 215 182 216
88 0 -1
148 50 10 50 11 182 216 183 217
89 0 -1
149 16 86 17 86 183 217 185 219
90 0 -1
150 18 19 20 19 184 218 190 224
91 0 -1
153 4 75 4 75 187 221 188 222
92 0 -1
154 88 38 91 38 188 222 192 226
93 0 -1
155 41 57 45 57 189 223 193 227
94 0 -1
156 13 59 16 59 190 224 195 229
95 0 -1
157 93 85 97 85 191 225 196 230
96 0 -1
160 28 93 29 96 194 228 200 234
97 0 -1
162 12 92 13 92 196 230 197 231
98 0 -1
163 1 67 1 68 197 231 198 232
99 0 -1
166 36 23 36 23 200 234 202 236
100 0 -1
167 34 90 39 90 201 235 206 240
101 0 -1
168 23 87 23 89 202 236 204 238
102 0 -1
169 4 84 5 88 203 237 208 242
103 0 -1
170 23 29 27 29 204 238 209 243
104 0 -1
172 11 59 16 59 206 240 211 245
105 0 -1
173 27 41 28 45 207 241 212 246
106 0 -1
174 4 89 4 91 208 242 210 244
107 0 -1
179 76 23 77 23 213 247 214 248
108 0 -1
183 66 66 67 67 217 251 222 256
109 0 -1
184 26 47 28 47 218 252 220 254
110 0 -1
185 21 12 21 13 219 253 221 255
111 0 -1
186 71 13 72 17 220 254 229 263
112 0 -1
187 2 62 5 63 221 255 227 261
113 0 -1
189 37 33 37 38 223 257 228 262
114 0 -1
190 71 92 73 94 224 258 229 263
115 0 -1
193 72 3 73 3 227 261 228 262
116 0 -1
196 1 93 2 93 230 264 232 266
117 0 -1
197 61 10 62 10 231 265 232 266
118 0 -1
198 31 15 39 18 232 266 250 284
119 0 -1
199 6 96 7 96 233 267 234 268
120 0 -1
200 24 71 25 71 234 268 236 270
121 0 -1
201 63 75 64 75 235 269 236 270
122 0 -1
204 63 11 63 11 238 272 239 273
123 0 -1
208 93 50 93 51 242 276 243 277
124 0 -1
209 20 56 21 56 243 277 244 278
125 0 -1
211 8 74 10 75 245 279 248 282
126 0 -1
212 70 56 71 57 246 280 248 282
127 0 -1
213 24 80 24 81 247 281 255 289
128 0 -1
214 34 9 36 9 248 282 253 287
129 0 -1
218 59 2 62 5 252 286 259 293
130 0 -1
219 25 53 27 53 253 287 255 289
131 0 -1
224 75 81 76 82 258 292 261 295
132 0 -1
225 65 26 65 26 259 293 261 295
133 0 -1
229 71 51 74 53 263 297 269 303
134 0 -1
230 45 37 46 37 264 298 265 299
135 0 -1
231 99 87 96 87 265 299 268 302
136 0 -1
236 26 95 28 95 270 304 272 306
137 0 -1
237 67 44 67 46 271 305 273 307
138 0 -1
240 14 5 21 8 274 308 285 319
139 0 -1
242 13 19 14 19 276 310 278 312
140 0 -1
244 44 20 45 20 278 312 283 317
141 0 -1
245 29 91 31 92 279 313 285 319
142 0 -1
246 1 79 2 81 280 314 283 317
143 0 -1
247 14 99 17 99 281 315 284 318
144 0 -1
248 17 51 18 52 282 316 285 319
145 0 -1
250 11 49 11 50 284 318 286 320
146 0 -1
251 21 85 22 85 285 319 288 322
147 0 -1
253 80 30 81 30 287 321 288 322
148 0 -1
255 67 69 69 69 289 323 291 325
149 0 -1
256 50 86 51 86 290 324 294 328
150 0 -1
257 72 3 76 3 291 325 295 329
151 0 -1
258 98 98 98 98 292 326 293 327
152 0 -1
260 40 36 42 36 294 328 296 330
153 0 -1
261 7 91 16 93 295 329 307 341
154 0 -1
266 35 6 36 7 300 334 304 338
155 0 -1
267 34 1 34 1 301 335 304 338
156 0 -1
268 87 69 89 69 302 336 304 338
157 0 -1
269 15 4 16 4 303 337 304 338
158 0 -1
271 89 11 89 12 305 339 311 345
159 0 -1
272 11 76 11 77 306 340 307 341
160 0 -1
274 21 64 21 68 308 342 321 355
161 0 -1
277 19 86 21 86 311 345 313 347
162 0 -1
278 98 11 95 11 312 346 318 352
163 0 -1
279 11 91 12 92 313 347 317 351
164 0 -1
280 16 97 19 97 314 348 317 351
165 0 -1
283 75 19 76 19 317 351 318 352
166 0 -1
285 8 73 9 75 319 353 322 356
167 0 -1
286 62 8 63 10 320 354 323 357
168 0 -1
289 1 84 2 85 323 357 326 360
169 0 -1
293 35 60 38 60 327 361 331 365
170 0 -1
294 47 48 48 49 328 362 332 366
171 0 -1
295 84 56 86 56 329 363 331 365
172 0 -1
296 18 14 19 16 330 364 334 368
173 0 -1
303 93 28 85 29 337 371 346 380
174 0 -1
305 99 33 99 36 339 373 344 378
175 0 -1
306 17 48 18 48 340 374 341 375
176 0 -1
307 82 97 84 97 341 375 343 377
177 0 -1
310 96 79 97 80 344 378 348 382
178 0 -1
311 51 23 55 23 345 379 349 383
179 0 -1
312 25 61 34 61 346 380 355 389
180 0 -1
313 1 62 2 62 347 381 348 382
181 0 -1
315 50 94 52 94 349 383 351 385
182 0 -1
320 13 4 13 14 354 388 370 404
183 0 -1
321 64 94 66 94 355 389 358 392
184 0 -1
323 5 63 12 63 357 391 370 404
185 0 -1
325 84 91 90 93 359 393 367 401
186 0 -1
326 51 3 52 3 360 394 361 395
187 0 -1
327 96 69 98 70 361 395 364 398
188 0 -1
328 28 49 29 51 362 396 367 401
189 0 -1
329 13 50 14 50 363 397 366 400
190 0 -1
330 66 10 66 10 364 398 369 403
191 0 -1
337 34 81 38 85 371 405 384 418
192 0 -1
340 69 26 71 27 374 408 377 411
193 0 -1
342 14 64 14 64 376 410 377 411
194 0 -1
343 28 58 28 61 377 411 380 414
195 0 -1
345 1 69 6 70 379 413 391 425
196 0 -1
349 95 69 95 70 383 417 384 418
197 0 -1
351 82 5 82 5 385 419 386 420
198 0 -1
354 36 10 40 10 388 422 394 428
199 0 -1
356 86 82 86 82 390 424 391 425
200 0 -1
357 17 75 17 78 391 425 395 429
201 0 -1
358 53 7 54 13 392 426 399 433
202 0 -1
359 38 56 38 59 393 427 396 430
203 0 -1
360 48 93 50 93 394 428 396 430
204 0 -1
361 7 74 8 77 395 429 401 435
205 0 -1
363 29 90 29 91 397 431 398 432
206 0 -1
364 3 81 3 82 398 432 399 433
207 0 -1
365 60 42 60 44 399 433 401 435
208 0 -1
367 73 87 75 91 401 435 407 441
209 0 -1
371 62 25 62 26 405 439 406 440
210 0 -1
372 19 70 26 71 406 440 414 448
211 0 -1
373 29 43 30 45 407 441 410 444
212 0 -1
374 91 56 91 57 408 442 409 443
213 0 -1
375 97 43 98 43 409 443 410 444
214 0 -1
377 34 55 35 55 411 445 412 446
215 0 -1
379 26 21 27 21 413 447 414 448
216 0 -1
380 38 58 39 58 414 448 415 449
217 0 -1
381 58 16 59 20 415 449 420 454
218 0 -1
382 95 38 96 38 416 450 418 452
219 0 -1
383 69 37 69 37 417 451 418 452
220 0 -1
388 14 39 14 40 422 456 423 457
221 0 -1
391 1 60 3 60 425 459 427 461
222 0 -1
392 71 58 72 59 426 460 428 462
223 0 -1
394 50 77 51 79 428 462 431 465
224 0 -1
396 31 35 31 38 430 464 435 469
225 0 -1
397 99 26 99 26 431 465 432 466
226 0 -1
400 84 60 84 61 434 468 436 470
227 0 -1
401 76 17 78 17 435 469 437 471
228 0 -1
403 5 38 9 38 437 471 442 476
229 0 -1
404 82 61 84 61 438 472 440 474
230 0 -1
407 40 49 40 49 441 475 442 476
231 0 -1
408 73 10 76 10 442 476 445 479
232 0 -1
411 3 86 4 86 445 479 447 481
233 0 -1
412 98 81 98 81 446 480 447 481
234 0 -1
414 80 50 81 50 448 482 449 483
235 0 -1
418 93 69 94 69 452 486 453 487
236 0 -1
420 18 37 19 37 454 488 455 489
237 0 -1
421 42 79 42 81 455 489 457 491
238 0 -1
423 38 68 38 69 457 491 458 492
239 0 -1
426 39 18 44 18 460 494 465 499
240 0 -1
428 41 54 43 54 462 496 464 498
241 0 -1
433 93 59 93 60 467 501 469 503
242 0 -1
437 32 82 32 83 471 505 472 506
243 0 -1
439 61 93 63 93 473 507 475 509
244 0 -1
441 22 12 27 13 475 509 483 517
245 0 -1
446 51 99 53 99 480 514 484 518
246 0 -1
448 21 95 21 98 482 516 485 519
247 0 -1
450 69 99 70 92 484 518 492 526
248 0 -1
452 16 2 17 3 486 520 489 523
249 0 -1
455 65 90 67 91 489 523 492 526
250 0 -1
460 40 25 40 27 494 528 500 534
251 0 -1
461 87 66 87 66 495 529 497 531
252 0 -1
462 35 17 37 17 496 530 499 533
253 0 -1
464 67 3 67 4 498 532 500 534
254 0 -1
469 12 80 12 80 503 537 505 539
255 0 -1
471 34 0 40 4 505 539 516 550
256 0 -1
475 31 21 32 22 509 543 511 545
257 0 -1
478 98 55 94 55 512 546 516 550
258 0 -1
479 59 44 60 44 513 547 515 549
259 0 -1
480 7 21 15 21 514 548 522 556
260 0 -1
481 81 36 83 38 515 549 521 555
261 0 -1
482 12 55 13 55 516 550 517 551
262 0 -1
484 97 90 97 91 518 552 522 556
263 0 -1
486 56 49 56 52 520 554 523 557
264 0 -1
488 45 45 47 45 522 556 525 559
265 0 -1
489 34 0 35 8 523 557 536 570
266 0 -1
491 37 20 39 20 525 559 527 561
267 0 -1
493 62 13 63 13 527 561 528 562
268 0 -1
496 48 8 48 8 530 564 531 565
269 0 -1
501 61 50 62 51 535 569 537 571
270 0 -1
502 28 97 31 97 536 570 540 574
271 0 -1
505 61 60 62 61 539 573 541 575
272 0 -1
506 0 86 1 87 540 574 545 579
273 0 -1
507 40 83 43 83 541 575 545 579
274 0 -1
509 38 61 38 62 543 577 544 578
275 0 -1
511 41 11 43 11 545 579 547 581
276 0 -1
512 11 47 11 48 546 580 547 581
277 0 -1
515 10 39 13 39 549 583 552 586
278 0 -1
516 33 88 41 88 550 584 563 597
279 0 -1
517 37 84 40 84 551 585 555 589
280 0 -1
518 12 49 14 49 552 586 554 588
281 0 -1
520 99 7 99 7 554 588 555 589
282 0 -1
522 89 89 98 89 556 590 565 599
283 0 -1
523 4 58 4 59 557 591 558 592
284 0 -1
525 24 25 26 25 559 593 561 595
285 0 -1
526 25 75 26 75 560 594 562 596
286 0 -1
528 12 14 15 16 562 596 567 601
287 0 -1
530 25 40 28 40 564 598 568 602
288 0 -1
533 89 21 89 23 567 601 569 603
289 0 -1
535 82 69 85 69 569 603 572 606
290 0 -1
536 58 25 58 26 570 604 572 606
291 0 -1
537 35 29 35 29 571 605 572 606
292 0 -1
538 61 21 64 21 572 606 575 609
293 0 -1
540 70 41 72 43 574 608 578 612
294 0 -1
541 5 76 5 77 575 609 578 612
295 0 -1
542 75 6 82 7 576 610 584 618
296 0 -1
543 43 12 45 12 577 611 579 613
297 0 -1
546 13 57 15 57 580 614 582 616
298 0 -1
547 31 25 33 25 581 615 583 617
299 0 -1
550 17 45 17 45 584 618 585 619
300 0 -1
552 36 25 37 25 586 620 589 623
301 0 -1
553 16 84 16 85 587 621 589 623
302 0 -1
555 79 2 81 5 589 623 594 628
303 0 -1
556 47 85 47 87 590 624 592 626
304 0 -1
558 45 90 45 91 592 626 593 627
305 0 -1
559 46 92 48 93 593 627 598 632
306 0 -1
560 98 28 96 28 594 628 596 630
307 0 -1
562 35 15 35 15 596 630 597 631
308 0 -1
565 96 11 98 13 599 633 603 637
309 0 -1
566 41 13 42 13 600 634 604 638
310 0 -1
567 20 42 20 43 601 635 602 636
311 0 -1
570 27 40 27 42 604 638 608 642
312 0 -1
572 60 9 61 9 606 640 609 643
313 0 -1
573 85 55 85 57 607 641 610 644
314 0 -1
575 82 12 83 12 609 643 611 645
315 0 -1
577 59 83 59 83 611 645 612 646
316 0 -1
578 81 30 82 30 612 646 614 648
317 0 -1
579 80 36 83 36 613 647 618 652
318 0 -1
580 21 99 21 100 614 648 615 649
319 0 -1
585 71 61 73 61 619 653 622 656
320 0 -1
588 17 74 19 74 622 656 627 661
321 0 -1
589 6 56 13 57 623 657 638 672
322 0 -1
592 28 56 29 56 626 660 627 661
323 0 -1
594 9 96 9 98 628 662 630 664
324 0 -1
595 14 76 29 76 629 663 644 678
325 0 -1
596 23 39 27 39 630 664 634 668
326 0 -1
597 27 23 29 28 631 665 639 673
327 0 -1
599 59 95 60 95 633 667 641 675
328 0 -1
600 90 95 93 95 634 668 637 671
329 0 -1
601 22 80 22 80 635 669 637 671
330 0 -1
603 61 63 62 64 637 671 639 673
331 0 -1
608 65 85 65 87 642 676 645 679
332 0 -1
609 98 40 99 40 643 677 644 678
333 0 -1
610 43 50 44 50 644 678 649 683
334 0 -1
611 28 46 31 47 645 679 649 683
335 0 -1
613 6 42 11 42 647 681 655 689
336 0 -1
614 96 19 90 19 648 682 654 688
337 0 -1
615 78 24 79 24 649 683 650 684
338 0 -1
616 62 5 64 5 650 684 652 686
339 0 -1
619 97 42 99 43 653 687 658 692
340 0 -1
620 44 9 45 10 654 688 656 690
341 0 -1
621 39 62 43 63 655 689 660 694
342 0 -1
622 61 20 61 22 656 690 659 693
343 0 -1
623 2 80 3 81 657 691 659 693
344 0 -1
624 42 39 42 40 658 692 659 693
345 0 -1
625 27 71 28 72 659 693 661 695
346 0 -1
628 62 98 62 99 662 696 663 697
347 0 -1
629 78 66 82 67 663 697 668 702
348 0 -1
630 83 61 83 61 664 698 665 699
349 0 -1
634 18 3 19 3 668 702 669 703
350 0 -1
635 83 14 84 14 669 703 671 705
351 0 -1
636 0 8 2 8 670 704 672 706
352 0 -1
637 5 42 6 43 671 705 673 707
353 0 -1
639 61 35 61 35 673 707 674 708
354 0 -1
640 92 37 94 37 674 708 676 710
355 0 -1
641 65 56 67 56 675 709 677 711
356 0 -1
643 42 45 48 45 677 711 683 717
357 0 -1
645 70 20 72 20 679 713 681 715
358 0 -1
646 85 55 86 55 680 714 682 716
359 0 -1
648 7 59 8 59 682 716 683 717
360 0 -1
649 81 78 82 84 683 717 693 727
361 0 -1
650 87 34 88 34 684 718 685 719
362 0 -1
651 96 14 96 17 685 719 689 723
363 0 -1
652 31 0 33 3 686 720 701 735
364 0 -1
653 20 6 20 6 687 721 688 722
365 0 -1
656 94 99 94 99 690 724 691 725
366 0 -1
662 14 86 16 86 696 730 698 732
367 0 -1
663 40 2 44 3 697 731 705 739
368 0 -1
664 6 74 6 76 698 732 700 734
369 0 -1
665 71 30 72 30 699 733 700 734
370 0 -1
666 57 86 58 87 700 734 702 736
371 0 -1
667 4 56 7 56 701 735 704 738
372 0 -1
669 48 69 48 69 703 737 704 738
373 0 -1
672 62 58 64 58 706 740 710 744
374 0 -1
673 27 70 29 70 707 741 709 743
375 0 -1
674 89 6 90 7 708 742 712 746
376 0 -1
675 47 70 48 74 709 743 714 748
377 0 -1
678 51 99 54 99 712 746 716 750
378 0 -1
679 24 21 26 22 713 747 716 750
379 0 -1
680 49 30 52 31 714 748 720 754
380 0 -1
681 69 31 69 32 715 749 717 751
381 0 -1
682 50 69 51 69 716 750 718 752
382 0 -1
684 75 64 75 64 718 752 720 754
383 0 -1
685 57 31 59 32 719 753 724 758
384 0 -1
687 1 82 3 82 721 755 726 760
385 0 -1
688 90 82 92 82 722 756 724 758
386 0 -1
689 75 59 77 59 723 757 725 759
387 0 -1
690 49 63 50 63 724 758 726 760
388 0 -1
691 74 57 76 57 725 759 727 761
389 0 -1
692 86 12 88 12 726 760 728 762
390 0 -1
694 33 65 36 65 728 762 731 765
391 0 -1
696 61 6 62 6 730 764 732 766
392 0 -1
698 99 25 94 25 732 766 737 771
393 0 -1
700 23 56 23 57 734 768 735 769
394 0 -1
701 45 62 45 62 735 769 736 770
395 0 -1
702 96 1 96 7 736 770 743 777
396 0 -1
703 81 47 81 47 737 771 739 773
397 0 -1
704 10 73 11 74 738 772 740 774
398 0 -1
705 94 60 98 60 739 773 743 777
399 0 -1
706 81 68 82 69 740 774 742 776
400 0 -1
707 65 30 69 30 741 775 745 779
401 0 -1
708 16 59 22 60 742 776 749 783
402 0 -1
710 75 45 78 45 744 778 747 781
403 0 -1
712 19 90 20 90 746 780 747 781
404 0 -1
714 92 17 93 17 748 782 749 783
405 0 -1
716 56 27 56 27 750 784 751 785
406 0 -1
718 31 49 34 54 752 786 760 794
407 0 -1
719 86 32 87 32 753 787 754 788
408 0 -1
720 84 94 85 95 754 788 756 790
409 0 -1
722 67 24 67 24 756 790 758 792
410 0 -1
724 41 12 43 12 758 792 760 794
411 0 -1
725 92 20 99 22 759 793 770 804
412 0 -1
726 41 74 44 74 760 794 764 798
413 0 -1
727 80 75 82 75 761 795 764 798
414 0 -1
728 30 33 31 34 762 796 767 801
415 0 -1
729 19 76 20 76 763 797 764 798
416 0 -1
731 1 7 2 7 765 799 766 800
417 0 -1
733 27 83 28 83 767 801 769 803
418 0 -1
734 56 77 56 77 768 802 770 804
419 0 -1
735 75 17 75 17 769 803 772 806
420 0 -1
736 2 3 4 3 770 804 772 806
421 0 -1
737 77 57 79 57 771 805 774 808
422 0 -1
742 27 33 32 33 776 810 781 815
423 0 -1
744 12 0 12 1 778 812 780 814
424 0 -1
745 91 78 95 79 779 813 784 818
425 0 -1
748 81 43 83 43 782 816 784 818
426 0 -1
750 32 6 33 6 784 818 785 819
427 0 -1
751 6 16 7 16 785 819 786 820
428 0 -1
752 40 75 40 75 786 820 789 823
429 0 -1
753 44 50 45 50 787 821 788 822
430 0 -1
754 71 21 76 21 788 822 794 828
431 0 -1
755 62 94 63 94 789 823 791 825
432 0 -1
757 2 54 2 56 791 825 793 827
433 0 -1
758 99 66 99 69 792 826 800 834
434 0 -1
759 36 11 36 12 793 827 795 829
435 0 -1
760 15 98 16 98 794 828 795 829
436 0 -1
766 82 60 84 60 800 834 802 836
437 0 -1
767 81 4 81 6 801 835 803 837
438 0 -1
768 71 11 74 11 802 836 805 839
439 0 -1
771 43 69 43 70 805 839 806 840
440 0 -1
772 50 93 50 93 806 840 808 842
441 0 -1
773 76 8 77 9 807 841 810 844
442 0 -1
775 42 25 45 27 809 843 814 848
443 0 -1
777 27 96 28 97 811 845 813 847
444 0 -1
778 69 87 71 87 812 846 814 848
445 0 -1
779 0 22 1 24 813 847 816 850
446 0 -1
781 14 99 15 99 815 849 816 850
447 0 -1
782 74 0 78 0 816 850 820 854
448 0 -1
784 4 78 4 79 818 852 820 854
449 0 -1
787 69 11 71 11 821 855 823 857
450 0 -1
788 36 15 36 15 822 856 823 857
451 0 -1
789 66 91 68 92 823 857 827 861
452 0 -1
790 34 49 36 49 824 858 826 860
453 0 -1
791 2 82 3 86 825 859 830 864
454 0 -1
793 93 86 93 89 827 861 830 864
455 0 -1
794 44 90 45 91 828 862 832 866
456 0 -1
795 70 55 70 56 829 863 831 865
457 0 -1
796 4 91 4 91 830 864 834 868
458 0 -1
797 47 17 47 17 831 865 832 866
459 0 -1
798 64 1 64 2 832 866 835 869
460 0 -1
799 60 63 61 64 833 867 835 869
461 0 -1
800 74 0 78 1 834 868 839 873
462 0 -1
802 36 81 37 82 836 870 840 874
463 0 -1
803 44 97 46 97 837 871 839 873
464 0 -1
805 41 80 45 81 839 873 844 878
465 0 -1
806 19 86 24 90 840 874 849 883
466 0 -1
807 19 51 21 51 841 875 843 877
467 0 -1
810 41 70 42 70 844 878 845 879
468 0 -1
813 37 30 38 30 847 881 848 882
469 0 -1
818 34 97 34 99 852 886 854 888
470 0 -1
820 0 95 2 95 854 888 857 891
471 0 -1
824 75 86 77 86 858 892 860 894
472 0 -1
825 57 95 60 95 859 893 862 896
473 0 -1
827 31 4 31 5 861 895 862 896
474 0 -1
828 7 78 14 78 862 896 872 906
475 0 -1
830 37 74 38 74 864 898 867 901
476 0 -1
831 16 31 16 32 865 899 866 900
477 0 -1
833 0 63 1 63 867 901 869 903
478 0 -1
834 90 58 92 58 868 902 870 904
479 0 -1
835 24 37 27 38 869 903 879 913
480 0 -1
839 65 29 65 31 873 907 875 909
481 0 -1
841 99 18 96 19 875 909 879 913
482 0 -1
842 51 16 53 16 876 910 878 912
483 0 -1
844 57 51 61 51 878 912 883 917
484 0 -1
845 26 29 27 29 879 913 881 915
485 0 -1
846 46 74 48 74 880 914 886 920
486 0 -1
847 48 77 48 78 881 915 882 916
487 0 -1
850 58 18 58 18 884 918 887 921
488 0 -1
851 76 2 78 3 885 919 889 923
489 0 -1
854 81 36 82 36 888 922 889 923
490 0 -1
856 26 71 27 73 890 924 893 927
491 0 -1
859 73 64 73 66 893 927 898 932
492 0 -1
860 89 43 90 43 894 928 895 929
493 0 -1
861 10 7 12 7 895 929 897 931
494 0 -1
864 50 60 50 62 898 932 901 935
495 0 -1
867 88 42 89 42 901 935 902 936
496 0 -1
868 72 46 74 46 902 936 904 938
497 0 -1
871 13 81 24 83 905 939 921 955
498 0 -1
873 59 96 60 97 907 941 909 943
499 0 -1
874 50 0 50 2 908 942 913 947
500 0 -1
875 9 14 12 14 909 943 912 946
501 0 -1
877 48 41 51 41 911 945 914 948
502 0 -1
878 6 56 7 56 912 946 914 948
503 0 -1
879 0 2 1 3 913 947 915 949
504 0 -1
880 23 24 24 27 914 948 918 952
505 0 -1
881 81 13 84 16 915 949 921 955
506 0 -1
882 49 81 49 81 916 950 918 952
507 0 -1
885 69 63 69 64 919 953 920 954
508 0 -1
887 13 54 16 54 921 955 924 958
509 0 -1
889 37 49 37 51 923 957 926 960
510 0 -1
891 51 40 52 41 925 959 927 961
511 0 -1
893 98 40 96 40 927 961 929 963
512 0 -1
894 88 82 88 82 928 962 931 965
513 0 -1
895 61 0 61 1 929 963 932 966
514 0 -1
896 83 35 85 35 930 964 932 966
515 0 -1
897 10 10 11 10 931 965 932 966
516 0 -1
898 17 4 18 4 932 966 934 968
517 0 -1
899 12 91 13 91 933 967 935 969
518 0 -1
900 53 75 58 75 934 968 940 974
519 0 -1
901 76 9 77 9 935 969 937 971
520 0 -1
902 58 93 58 93 936 970 937 971
521 0 -1
905 81 81 81 82 939 973 940 974
522 0 -1
910 26 94 26 94 944 978 945 979
523 0 -1
912 47 50 54 53 946 980 956 990
524 0 -1
914 28 2 30 6 948 982 955 989
525 0 -1
917 88 99 90 97 951 985 955 989
526 0 -1
919 63 38 65 38 953 987 955 989
527 0 -1
920 11 38 12 40 954 988 957 991
528 0 -1
921 76 51 76 51 955 989 956 990
529 0 -1
923 33 12 34 12 957 991 958 992
530 0 -1
925 41 41 44 41 959 993 962 996
531 0 -1
926 11 84 11 88 960 994 969 1003
532 0 -1
927 28 94 31 94 961 995 964 998
533 0 -1
928 17 10 18 12 962 996 966 1000
534 0 -1
929 21 8 22 8 963 997 964 998
535 0 -1
931 65 87 66 87 965 999 967 1001
536 0 -1
933 50 26 52 29 967 1001 974 1008
537 0 -1
935 99 91 99 91 969 1003 971 1005
538 0 -1
936 86 58 86 59 970 1004 971 1005
539 0 -1
937 21 62 23 62 971 1005 975 1009
540 0 -1
938 61 2 63 3 972 1006 976 1010
541 0 -1
940 31 40 32 40 974 1008 976 1010
542 0 -1
942 32 59 32 59 976 1010 977 1011
543 0 -1
943 70 35 76 35 977 1011 984 1018
544 0 -1
944 54 8 55 8 978 1012 979 1013
545 0 -1
945 46 39 46 42 979 1013 982 1016
546 0 -1
947 83 26 94 28 981 1015 994 1028
547 0 -1
948 1 80 3 80 982 1016 985 1019
548 0 -1
950 79 2 81 2 984 1018 986 1020
549 0 -1
951 14 17 14 19 985 1019 987 1021
550 0 -1
954 82 5 84 5 988 1022 990 1024
551 0 -1
955 71 46 71 46 989 1023 990 1024
552 0 -1
957 22 66 25 66 991 1025 994 1028
553 0 -1
958 17 55 18 55 992 1026 993 1027
554 0 -1
963 17 6 17 9 997 1031 1000 1034
555 0 -1
964 76 2 76 3 998 1032 1000 1034
556 0 -1
966 61 28 61 28 1000 1034 1002 1036
557 0 -1
969 88 32 88 33 1003 1037 1005 1039
558 0 -1
972 22 42 22 43 1006 1040 1012 1046
559 0 -1
973 67 59 69 60 1007 1041 1011 1045
560 0 -1
974 98 39 89 39 1008 1042 1018 1052
561 0 -1
976 92 12 95 14 1010 1044 1015 1049
562 0 -1
979 37 7 37 10 1013 1047 1017 1051
563 0 -1
981 25 57 25 58 1015 1049 1016 1050
564 0 -1
983 8 94 11 94 1017 1051 1020 1054
565 0 -1
984 71 18 71 21 1018 1052 1024 1058
566 0 -1
987 3 18 4 20 1021 1055 1025 1059
567 0 -1
989 43 54 45 54 1023 1057 1026 1060
568 0 -1
990 69 83 73 83 1024 1058 1028 1062
569 0 -1
992 29 2 29 3 1026 1060 1030 1064
570 0 -1
993 27 60 28 60 1027 1061 1029 1063
571 0 -1
994 41 77 42 80 1028 1062 1032 1066
572 0 -1
996 20 93 20 95 1030 1064 1032 1066
573 0 -1
997 80 53 80 55 1031 1065 1033 1067
574 0 -1
998 24 43 24 44 1032 1066 1033 1067
575 0 -1
999 31 42 31 42 1033 1067 1035 1069
576 0 -1
1001 44 86 50 70 1035 1069 1084 1118
577 0 -1
1004 5 10 7 10 1038 1072 1040 1074
578 0 -1
1008 86 80 87 80 1042 1076 1043 1077
579 0 -1
1010 4 22 6 22 1044 1078 1046 1080
580 0 -1
1012 63 80 63 81 1046 1080 1047 1081
581 0 -1
1015 9 34 9 35 1049 1083 1050 1084
582 0 -1
1016 99 31 98 31 1050 1084 1051 1085
583 0 -1
1017 13 84 16 84 1051 1085 1054 1088
584 0 -1
1018 40 73 53 73 1052 1086 1066 1100
585 0 -1
1019 27 6 31 10 1053 1087 1063 1097
586 0 -1
1020 26 68 29 68 1054 1088 1057 1091
587 0 -1
1021 62 30 63 30 1055 1089 1056 1090
588 0 -1
1022 91 43 98 47 1056 1090 1070 1104
589 0 -1
1025 92 98 95 99 1059 1093 1064 1098
590 0 -1
1027 37 62 38 62 1061 1095 1062 1096
591 0 -1
1028 81 2 82 2 1062 1096 1063 1097
592 0 -1
1031 38 69 43 69 1065 1099 1074 1108
593 0 -1
1032 79 2 84 3 1066 1100 1073 1107
594 0 -1
1033 20 46 22 46 1067 1101 1071 1105
595 0 -1
1035 79 37 79 38 1069 1103 1071 1105
596 0 -1
1036 27 77 28 78 1070 1104 1072 1106
597 0 -1
1037 78 2 79 2 1071 1105 1072 1106
598 0 -1
1039 80 94 80 95 1073 1107 1074 1108
599 0 -1
1040 83 66 84 66 1074 1108 1075 1109
600 0 -1
1042 3 70 13 70 1076 1110 1087 1121
601 0 -1
1044 78 89 78 89 1078 1112 1082 1116
602 0 -1
1045 96 74 96 75 1079 1113 1082 1116
603 0 -1
1051 14 47 15 47 1085 1119 1086 1120
604 0 -1
1053 11 62 11 63 1087 1121 1088 1122
605 0 -1
1056 24 53 25 53 1090 1124 1092 1126
606 0 -1
1057 47 78 49 78 1091 1125 1093 1127
607 0 -1
1059 41 44 42 47 1093 1127 1097 1131
608 0 -1
1060 44 5 46 6 1094 1128 1099 1133
609 0 -1
1063 84 79 87 79 1097 1131 1100 1134
610 0 -1
1065 27 87 27 90 1099 1133 1102 1136
611 0 -1
1066 35 72 36 73 1100 1134 1102 1136
612 0 -1
1067 82 18 83 18 1101 1135 1102 1136
613 0 -1
1070 41 72 43 72 1104 1138 1116 1150
614 0 -1
1071 13 43 17 43 1105 1139 1110 1144
615 0 -1
1073 88 8 99 12 1107 1141 1122 1156
616 0 -1
1074 76 37 77 37 1108 1142 1109 1143
617 0 -1
1075 34 17 37 17 1109 1143 1112 1146
618 0 -1
1078 21 98 21 99 1112 1146 1116 1150
619 0 -1
1082 16 74 17 74 1116 1150 1117 1151
620 0 -1
1083 0 77 1 78 1117 1151 1119 1153
621 0 -1
1084 85 14 88 16 1118 1152 1124 1158
622 0 -1
1085 21 8 23 8 1119 1153 1122 1156
623 0 -1
1086 6 85 7 86 1120 1154 1124 1158
624 0 -1
1090 42 63 42 63 1124 1158 1125 1159
625 0 -1
1091 12 98 16 98 1125 1159 1129 1163
626 0 -1
1092 60 84 60 84 1126 1160 1127 1161
627 0 -1
1095 4 78 5 80 1129 1163 1132 1166
628 0 -1
1097 1 36 3 36 1131 1165 1134 1168
629 0 -1
1098 55 22 57 24 1132 1166 1136 1170
630 0 -1
1099 10 73 11 75 1133 1167 1138 1172
631 0 -1
1100 56 62 61 62 1134 1168 1139 1173
632 0 -1
1102 68 74 68 77 1136 1170 1139 1173
633 0 -1
1103 52 82 54 84 1137 1171 1144 1178
634 0 -1
1104 14 47 14 47 1138 1172 1139 1173
635 0 -1
1105 94 29 95 29 1139 1173 1140 1174
636 0 -1
1107 57 26 60 30 1141 1175 1151 1185
637 0 -1
1109 87 5 88 7 1143 1177 1146 1180
638 0 -1
1111 70 37 70 38 1145 1179 1147 1181
639 0 -1
1113 36 48 36 48 1147 1181 1148 1182
640 0 -1
1114 12 73 13 73 1148 1182 1149 1183
641 0 -1
1115 91 44 94 44 1149 1183 1152 1186
642 0 -1
1116 90 72 80 72 1150 1184 1161 1195
643 0 -1
1118 17 35 19 35 1152 1186 1154 1188
644 0 -1
1120 54 90 54 92 1154 1188 1156 1190
645 0 -1
1121 52 41 53 41 1155 1189 1156 1190
646 0 -1
1122 38 87 39 88 1156 1190 1159 1193
647 0 -1
1124 30 71 35 72 1158 1192 1165 1199
648 0 -1
1125 58 70 58 72 1159 1193 1161 1195
649 0 -1
1126 86 20 97 20 1160 1194 1172 1206
650 0 -1
1129 78 51 78 52 1163 1197 1164 1198
651 0 -1
1130 18 85 18 86 1164 1198 1165 1199
652 0 -1
1132 77 88 79 88 1166 1200 1168 1202
653 0 -1
1133 45 74 48 74 1167 1201 1170 1204
654 0 -1
1137 86 29 89 29 1171 1205 1175 1209
655 0 -1
1138 71 30 72 30 1172 1206 1173 1207
656 0 -1
1139 90 21 90 21 1173 1207 1174 1208
657 0 -1
1141 55 92 57 92 1175 1209 1177 1211
658 0 -1
1142 92 16 93 17 1176 1210 1179 1213
659 0 -1
1144 24 50 24 50 1178 1212 1181 1215
660 0 -1
1147 65 5 66 8 1181 1215 1185 1219
661 0 -1
1150 60 92 60 93 1184 1218 1185 1219
662 0 -1
1151 51 36 51 36 1185 1219 1187 1221
663 0 -1
1154 59 10 60 10 1188 1222 1189 1223
664 0 -1
1156 45 31 46 31 1190 1224 1192 1226
665 0 -1
1157 87 99 90 100 1191 1225 1196 1230
666 0 -1
1158 70 14 74 14 1192 1226 1196 1230
667 0 -1
1159 29 83 31 83 1193 1227 1195 1229
668 0 -1
1164 35 11 36 13 1198 1232 1201 1235
669 0 -1
1166 0 14 2 15 1200 1234 1203 1237
670 0 -1
1169 21 73 23 74 1203 1237 1206 1240
671 0 -1
1170 12 27 13 28 1204 1238 1207 1241
672 0 -1
1171 81 30 83 31 1205 1239 1214 1248
673 0 -1
1172 48 60 49 60 1206 1240 1207 1241
674 0 -1
1174 78 87 83 87 1208 1242 1215 1249
675 0 -1
1175 3 39 4 41 1209 1243 1212 1246
676 0 -1
1176 94 9 95 10 1210 1244 1212 1246
677 0 -1
1177 30 7 32 7 1211 1245 1213 1247
678 0 -1
1179 96 49 97 49 1213 1247 1214 1248
679 0 -1
1186 85 42 86 43 1220 1254 1222 1256
680 0 -1
1187 52 3 52 3 1221 1255 1223 1257
681 0 -1
1188 38 38 38 38 1222 1256 1223 1257
682 0 -1
1190 95 15 95 16 1224 1258 1225 1259
683 0 -1
1191 31 65 33 65 1225 1259 1227 1261
684 0 -1
1194 11 59 13 59 1228 1262 1230 1264
685 0 -1
1195 5 48 6 49 1229 1263 1232 1266
686 0 -1
1197 90 89 91 89 1231 1265 1234 1268
687 0 -1
1198 45 27 46 30 1232 1266 1236 1270
688 0 -1
1201 16 13 19 14 1235 1269 1240 1274
689 0 -1
1202 20 75 20 76 1236 1270 1237 1271
690 0 -1
1203 86 16 86 16 1237 1271 1238 1272
691 0 -1
1205 62 94 63 94 1239 1273 1242 1276
692 0 -1
1207 69 86 69 88 1241 1275 1245 1279
693 0 -1
1208 96 86 98 86 1242 1276 1244 1278
694 0 -1
1209 90 80 90 81 1243 1277 1244 1278
695 0 -1
1211 50 79 53 79 1245 1279 1249 1283
696 0 -1
1214 15 48 16 48 1248 1282 1254 1288
697 0 -1
1217 46 15 48 15 1251 1285 1253 1287
698 0 -1
1218 95 82 96 82 1252 1286 1253 1287
699 0 -1
1219 20 52 21 53 1253 1287 1260 1294
700 0 -1
1220 90 38 91 38 1254 1288 1255 1289
701 0 -1
1222 53 1 54 1 1256 1290 1259 1293
702 0 -1
1223 56 22 60 22 1257 1291 1261 1295
703 0 -1
1226 98 18 99 19 1260 1294 1263 1297
704 0 -1
1227 42 60 43 60 1261 1295 1262 1296
705 0 -1
1229 89 17 90 17 1263 1297 1264 1298
706 0 -1
1230 33 24 36 26 1264 1298 1269 1303
707 0 -1
1231 45 45 46 45 1265 1299 1266 1300
708 0 -1
1233 8 16 10 16 1267 1301 1269 1303
709 0 -1
1235 16 19 16 21 1269 1303 1273 1307
710 0 -1
1236 30 51 34 51 1270 1304 1275 1309
711 0 -1
1237 57 2 62 2 1271 1305 1276 1310
712 0 -1
1238 57 15 57 20 1272 1306 1277 1311
713 0 -1
1240 82 20 83 22 1274 1308 1278 1312
714 0 -1
1241 37 97 37 97 1275 1309 1276 1310
715 0 -1
1242 69 36 73 43 1276 1310 1289 1323
716 0 -1
1243 8 15 8 17 1277 1311 1279 1313
717 0 -1
1244 43 76 48 76 1278 1312 1285 1319
718 0 -1
1246 65 72 70 75 1280 1314 1289 1323
719 0 -1
1250 72 11 72 12 1284 1318 1285 1319
720 0 -1
1254 98 31 92 32 1288 1322 1295 1329
721 0 -1
1255 32 6 36 6 1289 1323 1293 1327
722 0 -1
1258 31 37 34 46 1292 1326 1308 1342
723 0 -1
1259 83 97 87 86 1293 1327 1311 1345
724 0 -1
1260 74 11 76 15 1294 1328 1300 1334
725 0 -1
1261 3 15 7 17 1295 1329 1302 1336
726 0 -1
1263 16 60 23 60 1297 1331 1304 1338
727 0 -1
1264 81 87 82 89 1298 1332 1302 1336
728 0 -1
1265 44 21 45 22 1299 1333 1301 1335
729 0 -1
1266 82 83 82 84 1300 1334 1301 1335
730 0 -1
1268 99 84 97 85 1302 1336 1305 1339
731 0 -1
1276 64 71 64 72 1310 1344 1311 1345
732 0 -1
1277 7 28 9 30 1311 1345 1316 1350
733 0 -1
1281 44 68 46 68 1315 1349 1317 1351
734 0 -1
1284 88 19 88 21 1318 1352 1320 1354
735 0 -1
1287 74 14 76 16 1321 1355 1325 1359
736 0 -1
1290 55 64 55 66 1324 1358 1331 1365
737 0 -1
1291 36 74 37 75 1325 1359 1328 1362
738 0 -1
1292 64 96 89 97 1326 1360 1352 1386
739 0 -1
1297 80 98 83 98 1331 1365 1334 1368
740 0 -1
1298 26 57 26 58 1332 1366 1333 1367
741 0 -1
1299 32 64 33 65 1333 1367 1336 1370
742 0 -1
1300 71 22 72 23 1334 1368 1336 1370
743 0 -1
1307 81 43 81 43 1341 1375 1342 1376
744 0 -1
1309 66 37 66 37 1343 1377 1345 1379
745 0 -1
1312 92 6 93 6 1346 1380 1348 1382
746 0 -1
1313 93 73 94 73 1347 1381 1348 1382
747 0 -1
1314 30 2 32 3 1348 1382 1352 1386
748 0 -1
1315 38 37 43 37 1349 1383 1354 1388
749 0 -1
1316 77 34 79 34 1350 1384 1352 1386
750 0 -1
1317 71 97 73 97 1351 1385 1353 1387
751 0 -1
1318 40 36 43 36 1352 1386 1355 1389
752 0 -1
1319 24 20 26 20 1353 1387 1355 1389
753 0 -1
1320 87 14 88 14 1354 1388 1355 1389
754 0 -1
1321 54 0 56 0 1355 1389 1357 1391
755 0 -1
1323 24 59 26 59 1357 1391 1359 1393
756 0 -1
1324 29 53 30 55 1358 1392 1363 1397
757 0 -1
1325 51 85 52 89 1359 1393 1365 1399
758 0 -1
1326 66 95 67 95 1360 1394 1361 1395
759 0 -1
1327 30 29 37 29 1361 1395 1371 1405
760 0 -1
1329 37 74 38 75 1363 1397 1365 1399
761 0 -1
1332 21 12 23 12 1366 1400 1368 1402
762 0 -1
1333 81 50 82 50 1367 1401 1368 1402
763 0 -1
1335 11 43 24 46 1369 1403 1385 1419
764 0 -1
1336 11 17 12 17 1370 1404 1371 1405
765 0 -1
1338 91 69 94 69 1372 1406 1375 1409
766 0 -1
1340 77 88 81 90 1374 1408 1381 1415
767 0 -1
1342 3 56 4 57 1376 1410 1379 1413
768 0 -1
1344 60 96 62 96 1378 1412 1380 1414
769 0 -1
1345 53 11 54 11 1379 1413 1380 1414
770 0 -1
1347 23 69 24 69 1381 1415 1384 1418
771 0 -1
1348 57 8 61 8 1382 1416 1387 1421
772 0 -1
1349 56 41 58 43 1383 1417 1389 1423
773 0 -1
1354 74 94 77 94 1388 1422 1391 1425
774 0 -1
1355 65 83 69 84 1389 1423 1394 1428
775 0 -1
1359 93 30 93 34 1393 1427 1398 1432
776 0 -1
1362 67 36 67 37 1396 1430 1398 1432
777 0 -1
1365 36 93 37 93 1399 1433 1400 1434
778 0 -1
1368 81 24 83 24 1402 1436 1404 1438
779 0 -1
1369 24 55 50 58 1403 1437 1438 1472
780 0 -1
1370 76 63 78 63 1404 1438 1406 1440
781 0 -1
1372 9 32 10 36 1406 1440 1411 1445
782 0 -1
1374 62 51 63 51 1408 1442 1410 1444
783 0 -1
1375 78 34 81 35 1409 1443 1416 1450
784 0 -1
1376 41 33 42 33 1410 1444 1411 1445
785 0 -1
1377 44 40 45 41 1411 1445 1414 1448
786 0 -1
1378 7 69 7 69 1412 1446 1413 1447
787 0 -1
1379 57 23 59 24 1413 1447 1417 1451
788 0 -1
1381 57 94 59 95 1415 1449 1418 1452
789 0 -1
1382 50 56 52 57 1416 1450 1419 1453
790 0 -1
1383 10 22 12 22 1417 1451 1419 1453
791 0 -1
1385 70 11 71 12 1419 1453 1425 1459
792 0 -1
1386 83 41 83 42 1420 1454 1423 1457
793 0 -1
1387 29 5 35 7 1421 1455 1432 1466
794 0 -1
1388 82 21 85 21 1422 1456 1425 1459
795 0 -1
1389 35 55 36 55 1423 1457 1425 1459
796 0 -1
1390 63 27 63 29 1424 1458 1426 1460
797 0 -1
1391 76 1 78 1 1425 1459 1427 1461
798 0 -1
1393 26 54 28 54 1427 1461 1429 1463
799 0 -1
1395 68 26 74 27 1429 1463 1437 1471
800 0 -1
1396 81 17 81 17 1430 1464 1431 1465
801 0 -1
1400 92 37 92 40 1434 1468 1437 1471
802 0 -1
1401 14 56 17 56 1435 1469 1438 1472
803 0 -1
1402 7 25 12 26 1436 1470 1443 1477
804 0 -1
1403 85 45 85 46 1437 1471 1439 1473
805 0 -1
1406 24 51 25 51 1440 1474 1441 1475
806 0 -1
1411 89 47 91 47 1445 1479 1447 1481
807 0 -1
1412 40 71 41 74 1446 1480 1452 1486
808 0 -1
1413 88 77 89 77 1447 1481 1448 1482
809 0 -1
1414 84 11 86 11 1448 1482 1450 1484
810 0 -1
1415 51 40 52 40 1449 1483 1451 1485
811 0 -1
1417 47 55 48 55 1451 1485 1452 1486
812 0 -1
1418 9 68 9 69 1452 1486 1457 1491
813 0 -1
1419 93 96 95 97 1453 1487 1460 1494
814 0 -1
1420 79 18 81 18 1454 1488 1462 1496
815 0 -1
1423 95 99 95 99 1457 1491 1458 1492
816 0 -1
1426 55 21 56 21 1460 1494 1462 1496
817 0 -1
1428 87 80 90 80 1462 1496 1465 1499
818 0 -1
1429 25 49 26 49 1463 1497 1465 1499
819 0 -1
1430 20 56 21 56 1464 1498 1465 1499
820 0 -1
1431 80 35 81 37 1465 1499 1468 1502
821 0 -1
1432 69 12 69 13 1466 1500 1467 1501
822 0 -1
1434 84 21 85 21 1468 1502 1469 1503
823 0 -1
1435 21 63 25 66 1469 1503 1476 1510
824 0 -1
1436 90 0 90 2 1470 1504 1472 1506
825 0 -1
1438 96 48 97 51 1472 1506 1476 1510
826 0 -1
1439 62 91 62 92 1473 1507 1474 1508
827 0 -1
1440 76 28 79 28 1474 1508 1477 1511
828 0 -1
1441 4 21 6 23 1475 1509 1482 1516
829 0 -1
1442 85 73 86 74 1476 1510 1478 1512
830 0 -1
1443 2 69 3 71 1477 1511 1482 1516
831 0 -1
1444 6 50 6 51 1478 1512 1480 1514
832 0 -1
1446 0 88 0 94 1480 1514 1486 1520
833 0 -1
1447 22 95 22 96 1481 1515 1483 1517
834 0 -1
1448 19 96 20 96 1482 1516 1484 1518
835 0 -1
1452 10 27 10 27 1486 1520 1487 1521
836 0 -1
1454 20 13 24 13 1488 1522 1492 1526
837 0 -1
1455 3 45 3 46 1489 1523 1491 1525
838 0 -1
1456 44 21 44 21 1490 1524 1491 1525
839 0 -1
1457 95 29 95 35 1491 1525 1497 1531
840 0 -1
1458 1 71 2 77 1492 1526 1502 1536
841 0 -1
1461 69 10 71 11 1495 1529 1498 1532
842 0 -1
1462 36 41 36 44 1496 1530 1500 1534
843 0 -1
1463 34 82 34 84 1497 1531 1499 1533
844 0 -1
1465 42 73 44 73 1499 1533 1501 1535
845 0 -1
1466 49 75 49 77 1500 1534 1502 1536
846 0 -1
1468 20 65 21 65 1502 1536 1503 1537
847 0 -1
1469 89 47 91 50 1503 1537 1508 1542
848 0 -1
1470 3 11 4 11 1504 1538 1505 1539
849 0 -1
1472 71 45 73 46 1506 1540 1511 1545
850 0 -1
1473 20 83 20 85 1507 1541 1512 1546
851 0 -1
1474 31 78 31 82 1508 1542 1519 1553
852 0 -1
1475 83 33 83 34 1509 1543 1511 1545
853 0 -1
1478 21 20 26 20 1512 1546 1518 1552
854 0 -1
1479 8 8 9 8 1513 1547 1515 1549
855 0 -1
1481 36 21 36 23 1515 1549 1517 1551
856 0 -1
1483 54 84 58 91 1517 1551 1528 1562
857 0 -1
1486 44 6 45 10 1520 1554 1525 1559
858 0 -1
1487 6 1 6 2 1521 1555 1525 1559
859 0 -1
1493 74 73 75 74 1527 1561 1529 1563
860 0 -1
1495 23 25 24 25 1529 1563 1530 1564
861 0 -1
1496 63 73 67 73 1530 1564 1534 1568
862 0 -1
1497 71 89 72 89 1531 1565 1535 1569
863 0 -1
1499 46 65 47 65 1533 1567 1535 1569
864 0 -1
1500 0 19 0 19 1534 1568 1536 1570
865 0 -1
1501 90 42 98 42 1535 1569 1543 1577
866 0 -1
1502 20 5 20 7 1536 1570 1540 1574
867 0 -1
1504 37 21 39 32 1538 1572 1551 1585
868 0 -1
1505 73 68 78 72 1539 1573 1549 1583
869 0 -1
1506 32 91 33 92 1540 1574 1542 1576
870 0 -1
1507 60 7 60 8 1541 1575 1544 1578
871 0 -1
1508 98 40 95 42 1542 1576 1548 1582
872 0 -1
1509 44 55 44 55 1543 1577 1544 1578
873 0 -1
1511 31 53 32 54 1545 1579 1547 1581
874 0 -1
1513 19 76 20 80 1547 1581 1552 1586
875 0 -1
1515 96 44 96 44 1549 1583 1550 1584
876 0 -1
1516 43 3 46 3 1550 1584 1553 1587
877 0 -1
1517 2 8 3 10 1551 1585 1554 1588
878 0 -1
1518 10 18 11 19 1552 1586 1555 1589
879 0 -1
1519 62 1 62 2 1553 1587 1557 1591
880 0 -1
1521 71 51 71 53 1555 1589 1559 1593
881 0 -1
1522 81 28 82 28 1556 1590 1558 1592
882 0 -1
1523 93 9 94 9 1557 1591 1559 1593
883 0 -1
1527 25 89 26 89 1561 1595 1565 1599
884 0 -1
1528 43 50 43 50 1562 1596 1563 1597
885 0 -1
1533 13 96 13 96 1567 1601 1568 1602
886 0 -1
1534 1 41 5 46 1568 1602 1577 1611
887 0 -1
1535 13 2 14 4 1569 1603 1572 1606
888 0 -1
1536 0 49 0 51 1570 1604 1572 1606
889 0 -1
1538 51 40 54 41 1572 1606 1576 1610
890 0 -1
1540 60 52 60 52 1574 1608 1575 1609
891 0 -1
1543 76 67 79 67 1577 1611 1580 1614
892 0 -1
1544 6 88 8 88 1578 1612 1580 1614
893 0 -1
1545 5 38 7 38 1579 1613 1581 1615
894 0 -1
1547 84 58 84 59 1581 1615 1586 1620
895 0 -1
1550 92 63 92 64 1584 1618 1586 1620
896 0 -1
1551 92 36 94 36 1585 1619 1587 1621
897 0 -1
1552 85 55 88 55 1586 1620 1591 1625
898 0 -1
1554 96 58 99 59 1588 1622 1592 1626
899 0 -1
1555 79 98 81 98 1589 1623 1591 1625
900 0 -1
1556 49 28 50 29 1590 1624 1592 1626
901 0 -1
1559 56 43 56 46 1593 1627 1599 1633
902 0 -1
1560 15 43 19 45 1594 1628 1600 1634
903 0 -1
1562 84 41 86 41 1596 1630 1598 1632
904 0 -1
1563 97 10 98 16 1597 1631 1607 1641
905 0 -1
1564 90 75 91 76 1598 1632 1600 1634
906 0 -1
1566 72 87 74 87 1600 1634 1602 1636
907 0 -1
1567 12 56 14 57 1601 1635 1605 1639
908 0 -1
1573 58 98 62 98 1607 1641 1615 1649
909 0 -1
1575 86 65 87 65 1609 1643 1610 1644
910 0 -1
1576 89 94 91 94 1610 1644 1612 1646
911 0 -1
1577 68 25 70 25 1611 1645 1613 1647
912 0 -1
1579 19 61 22 61 1613 1647 1616 1650
913 0 -1
1580 97 69 99 69 1614 1648 1616 1650
914 0 -1
1582 53 15 53 16 1616 1650 1617 1651
915 0 -1
1584 20 31 20 32 1618 1652 1619 1653
916 0 -1
1587 34 76 43 77 1621 1655 1633 1667
917 0 -1
1588 52 91 53 92 1622 1656 1626 1660
918 0 -1
1589 56 40 58 40 1623 1657 1625 1659
919 0 -1
1590 3 90 4 91 1624 1658 1627 1661
920 0 -1
1591 19 83 19 84 1625 1659 1630 1664
921 0 -1
1593 96 6 97 6 1627 1661 1631 1665
922 0 -1
1594 91 13 91 14 1628 1662 1630 1664
923 0 -1
1596 5 50 7 50 1630 1664 1632 1666
924 0 -1
1598 25 33 26 33 1632 1666 1633 1667
925 0 -1
1599 61 40 64 41 1633 1667 1637 1671
926 0 -1
1600 65 49 66 49 1634 1668 1635 1669
927 0 -1
1603 84 76 84 77 1637 1671 1638 1672
928 0 -1
1606 21 30 21 32 1640 1674 1642 1676
929 0 -1
1608 39 94 40 94 1642 1676 1643 1677
930 0 -1
1609 29 12 29 12 1643 1677 1645 1679
931 0 -1
1610 79 79 79 79 1644 1678 1645 1679
932 0 -1
1611 51 9 53 9 1645 1679 1647 1681
933 0 -1
1613 27 38 28 39 1647 1681 1649 1683
934 0 -1
1615 95 89 96 89 1649 1683 1650 1684
935 0 -1
1618 72 94 75 94 1652 1686 1655 1689
936 0 -1
1620 59 56 60 60 1654 1688 1659 1693
937 0 -1
1621 23 32 25 37 1655 1689 1662 1696
938 0 -1
1623 17 4 17 8 1657 1691 1662 1696
939 0 -1
1624 23 48 24 48 1658 1692 1659 1693
940 0 -1
1625 58 39 59 39 1659 1693 1662 1696
941 0 -1
1626 27 70 29 70 1660 1694 1662 1696
942 0 -1
1627 29 78 30 78 1661 1695 1674 1708
943 0 -1
1629 37 20 37 20 1663 1697 1664 1698
944 0 -1
1631 93 2 94 2 1665 1699 1667 1701
945 0 -1
1633 34 66 40 68 1667 1701 1677 1711
946 0 -1
1634 76 88 78 88 1668 1702 1670 1704
947 0 -1
1637 43 48 44 48 1671 1705 1672 1706
948 0 -1
1638 76 40 78 41 1672 1706 1675 1709
949 0 -1
1640 73 91 78 92 1674 1708 1684 1718
950 0 -1
1641 70 42 70 44 1675 1709 1678 1712
951 0 -1
1642 75 91 79 91 1676 1710 1680 1714
952 0 -1
1645 74 72 75 72 1679 1713 1680 1714
953 0 -1
1648 20 21 21 21 1682 1716 1684 1718
954 0 -1
1649 21 14 21 16 1683 1717 1685 1719
955 0 -1
1650 27 75 28 75 1684 1718 1685 1719
956 0 -1
1656 30 34 30 38 1690 1724 1694 1728
957 0 -1
1657 22 62 22 64 1691 1725 1694 1728
958 0 -1
1659 1 43 5 43 1693 1727 1697 1731
959 0 -1
1660 83 44 83 44 1694 1728 1698 1732
960 0 -1
1661 9 44 10 45 1695 1729 1702 1736
961 0 -1
1662 52 88 57 89 1696 1730 1703 1737
962 0 -1
1663 88 96 88 98 1697 1731 1704 1738
963 0 -1
1664 76 20 76 22 1698 1732 1700 1734
964 0 -1
1665 27 80 27 80 1699 1733 1700 1734
965 0 -1
1668 74 47 77 47 1702 1736 1705 1739
966 0 -1
1671 16 62 21 65 1705 1739 1713 1747
967 0 -1
1672 33 97 36 98 1706 1740 1710 1744
968 0 -1
1673 85 3 87 6 1707 1741 1712 1746
969 0 -1
1675 71 76 72 76 1709 1743 1710 1744
970 0 -1
1676 4 30 7 30 1710 1744 1713 1747
971 0 -1
1678 46 68 47 70 1712 1746 1715 1749
972 0 -1
1679 63 17 70 17 1713 1747 1720 1754
973 0 -1
1680 78 11 79 13 1714 1748 1718 1752
974 0 -1
1683 33 42 40 42 1717 1751 1724 1758
975 0 -1
1685 85 76 86 78 1719 1753 1722 1756
976 0 -1
1686 76 12 79 13 1720 1754 1730 1764
977 0 -1
1687 7 22 11 22 1721 1755 1725 1759
978 0 -1
1688 87 6 91 8 1722 1756 1728 1762
979 0 -1
1690 18 33 20 35 1724 1758 1728 1762
980 0 -1
1691 58 60 59 61 1725 1759 1727 1761
981 0 -1
1692 73 22 74 23 1726 1760 1729 1763
982 0 -1
1694 24 65 25 65 1728 1762 1729 1763
983 0 -1
1695 39 80 43 80 1729 1763 1733 1767
984 0 -1
1696 52 73 52 75 1730 1764 1733 1767
985 0 -1
1697 80 76 82 76 1731 1765 1733 1767
986 0 -1
1698 75 20 76 21 1732 1766 1734 1768
987 0 -1
1700 95 34 95 35 1734 1768 1736 1770
988 0 -1
1702 84 82 87 90 1736 1770 1750 1784
989 0 -1
1703 44 33 44 34 1737 1771 1738 1772
990 0 -1
1704 38 18 41 18 1738 1772 1741 1775
991 0 -1
1709 25 20 27 20 1743 1777 1746 1780
992 0 -1
1712 57 94 60 94 1746 1780 1749 1783
993 0 -1
1714 39 87 39 88 1748 1782 1752 1786
994 0 -1
1717 21 91 24 92 1751 1785 1755 1789
995 0 -1
1718 44 50 44 52 1752 1786 1754 1788
996 0 -1
1720 8 39 9 39 1754 1788 1760 1794
997 0 -1
1722 13 57 14 57 1756 1790 1757 1791
998 0 -1
1723 39 84 41 84 1757 1791 1759 1793
999 0 -1
1725 98 28 96 28 1759 1793 1761 1795
1000 0 -1
1726 37 52 37 53 1760 1794 1763 1797
