100 100 3455
16
0 94 93
1 58 54
2 24 76
3 19 2
4 63 55
5 88 51
6 51 91
7 68 28
8 0 69
9 88 6
10 95 69
11 65 1
12 28 28
13 8 18
14 8 8
15 80 56
32
0 0 0 100 6
0
1 0 0 100 6
0
2 1 0 100 6
0
3 1 0 100 6
0
4 2 0 100 6
0
5 2 0 100 6
0
6 3 0 100 6
0
7 3 0 100 6
0
8 4 0 100 6
0
9 4 0 100 6
0
10 5 0 100 6
0
11 5 0 100 6
0
12 6 0 100 6
0
13 6 0 100 6
0
14 7 0 100 6
0
15 7 0 100 6
0
16 8 0 100 6
0
17 8 0 100 6
0
18 9 0 100 6
0
19 9 0 100 6
0
20 10 0 100 6
0
21 10 0 100 6
0
22 11 0 100 6
0
23 11 0 100 6
0
24 12 0 100 6
0
25 12 0 100 6
0
26 13 0 100 6
0
27 13 0 100 6
0
28 14 0 100 6
0
29 14 0 100 6
0
30 15 0 100 6
0
31 15 0 100 6
0
1000
1 7 -1
2 65 90 67 91 865 1728 868 1731
2 14 -1
5 39 44 41 44 868 1731 873 1736
3 6 -1
7 38 7 42 7 870 1733 874 1737
4 8 -1
8 7 43 8 49 871 1734 880 1743
5 15 -1
9 18 55 20 57 872 1735 878 1741
6 7 -1
10 10 55 14 55 873 1736 877 1740
7 10 -1
11 0 65 3 67 874 1737 880 1743
8 9 -1
12 95 60 95 62 875 1738 877 1740
9 10 -1
13 55 73 57 73 876 1739 878 1741
10 3 -1
14 68 13 70 13 877 1740 880 1743
11 7 -1
15 93 52 97 53 878 1741 884 1747
12 7 -1
17 81 32 85 32 880 1743 884 1747
13 14 -1
18 33 25 33 29 881 1744 887 1750
14 0 -1
19 84 90 85 90 882 1745 883 1746
15 5 -1
20 75 47 77 47 883 1746 885 1748
16 13 -1
21 98 34 96 34 884 1747 886 1749
17 0 -1
22 67 16 70 16 885 1748 889 1752
18 8 -1
24 89 12 89 13 887 1750 889 1752
19 4 -1
29 30 34 35 35 892 1755 898 1761
20 13 -1
30 79 99 81 99 893 1756 895 1758
21 4 -1
31 76 14 78 14 894 1757 896 1759
22 11 -1
33 42 56 47 57 896 1759 902 1765
23 11 -1
35 55 12 55 13 898 1761 899 1762
24 6 -1
36 74 4 76 4 899 1762 901 1764
25 12 -1
39 63 67 64 67 902 1765 903 1766
26 4 -1
40 27 33 28 33 903 1766 904 1767
27 6 -1
41 15 72 15 74 904 1767 906 1769
28 15 -1
42 28 34 28 35 905 1768 906 1769
29 12 -1
43 84 85 84 86 906 1769 907 1770
30 1 -1
45 63 62 64 63 908 1771 910 1773
31 2 -1
49 99 33 97 34 912 1775 915 1778
32 9 -1
52 51 91 52 97 915 1778 922 1785
33 4 -1
53 31 8 31 12 916 1779 921 1784
34 14 -1
54 15 27 15 27 917 1780 918 1781
35 6 -1
56 54 45 59 55 919 1782 936 1799
36 11 -1
57 95 34 95 34 920 1783 922 1785
37 4 -1
59 61 41 62 41 922 1785 923 1786
38 7 -1
61 10 45 12 45 924 1787 926 1789
39 3 -1
62 12 77 15 78 925 1788 933 1796
40 9 -1
64 62 65 67 73 927 1790 946 1809
41 14 -1
69 94 81 95 81 932 1795 934 1797
42 1 -1
71 49 68 50 75 934 1797 942 1805
43 15 -1
73 71 51 75 52 936 1799 941 1804
44 8 -1
76 44 21 44 23 939 1802 942 1805
45 1 -1
78 24 93 25 93 941 1804 943 1806
46 5 -1
80 26 48 26 48 943 1806 946 1809
47 9 -1
81 10 55 12 55 944 1807 946 1809
48 5 -1
82 46 56 51 56 945 1808 951 1814
49 12 -1
83 55 66 60 66 946 1809 951 1814
50 13 -1
84 24 98 25 98 947 1810 948 1811
51 8 -1
86 16 83 21 85 949 1812 959 1822
52 7 -1
87 73 90 74 90 950 1813 951 1814
53 7 -1
90 33 80 33 80 953 1816 954 1817
54 3 -1
91 70 45 73 46 954 1817 958 1821
55 6 -1
92 70 64 71 64 955 1818 956 1819
56 8 -1
93 72 41 73 43 956 1819 959 1822
57 11 -1
94 94 72 94 76 957 1820 963 1826
58 2 -1
96 43 70 43 71 959 1822 961 1824
59 1 -1
103 61 98 62 99 966 1829 969 1832
60 12 -1
105 98 27 96 27 968 1831 970 1833
61 0 -1
106 42 29 47 30 969 1832 979 1842
62 0 -1
107 37 45 37 48 970 1833 973 1836
63 10 -1
108 3 44 5 48 971 1834 979 1842
64 0 -1
110 75 62 80 65 973 1836 981 1844
65 9 -1
111 69 14 69 14 974 1837 975 1838
66 13 -1
114 97 54 92 55 977 1840 983 1846
67 0 -1
115 82 14 82 19 978 1841 983 1846
68 6 -1
116 12 52 19 57 979 1842 991 1854
69 12 -1
119 36 14 38 14 982 1845 985 1848
70 0 -1
120 82 62 82 63 983 1846 984 1847
71 15 -1
122 16 66 16 67 985 1848 989 1852
72 6 -1
123 37 28 40 28 986 1849 989 1852
73 5 -1
124 91 25 94 25 987 1850 991 1854
74 13 -1
127 35 62 36 62 990 1853 991 1854
75 4 -1
128 7 25 23 25 991 1854 1010 1873
76 14 -1
130 96 4 96 4 993 1856 994 1857
77 3 -1
132 46 74 53 75 995 1858 1010 1873
78 11 -1
134 49 27 49 27 997 1860 998 1861
79 1 -1
135 1 24 2 30 998 1861 1009 1872
80 9 -1
136 18 25 19 26 999 1862 1001 1864
81 8 -1
139 9 98 9 98 1002 1865 1003 1866
82 7 -1
140 16 97 16 100 1003 1866 1007 1870
83 9 -1
141 54 47 57 47 1004 1867 1009 1872
84 8 -1
144 27 69 28 72 1007 1870 1012 1875
85 4 -1
145 65 27 65 28 1008 1871 1010 1873
86 12 -1
146 16 76 16 77 1009 1872 1010 1873
87 3 -1
147 58 40 59 40 1010 1873 1011 1874
88 2 -1
148 84 46 85 46 1011 1874 1012 1875
89 5 -1
149 89 26 91 26 1012 1875 1014 1877
90 3 -1
150 5 30 5 30 1013 1876 1019 1882
91 4 -1
153 20 42 20 43 1016 1879 1017 1880
92 5 -1
154 32 56 36 56 1017 1880 1021 1884
93 10 -1
155 95 16 95 17 1018 1881 1019 1882
94 3 -1
156 95 53 97 55 1019 1882 1024 1887
95 2 -1
157 34 26 39 26 1020 1883 1025 1888
96 1 -1
160 46 5 50 7 1023 1886 1029 1892
97 2 -1
162 2 57 2 58 1025 1888 1026 1889
98 6 -1
163 54 77 54 77 1026 1889 1027 1890
99 6 -1
166 34 75 35 75 1029 1892 1031 1894
100 3 -1
167 85 68 89 69 1030 1893 1035 1898
101 7 -1
168 79 24 80 25 1031 1894 1033 1896
102 15 -1
169 20 69 25 69 1032 1895 1037 1900
103 7 -1
170 60 96 60 100 1033 1896 1038 1901
104 8 -1
172 62 83 65 84 1035 1898 1040 1903
105 13 -1
173 23 6 25 6 1036 1899 1041 1904
106 0 -1
174 72 54 73 54 1037 1900 1039 1902
107 3 -1
179 76 63 77 63 1042 1905 1043 1906
108 15 -1
183 47 14 52 14 1046 1909 1051 1914
109 1 -1
184 4 95 6 95 1047 1910 1049 1912
110 12 -1
185 57 24 58 24 1048 1911 1050 1913
111 8 -1
186 27 35 28 42 1049 1912 1058 1921
112 5 -1
187 76 67 77 71 1050 1913 1056 1919
113 13 -1
189 87 51 92 51 1052 1915 1057 1920
114 8 -1
190 15 54 19 54 1053 1916 1058 1921
115 7 -1
193 17 84 18 84 1056 1919 1057 1920
116 2 -1
196 81 59 81 60 1059 1922 1061 1924
117 3 -1
197 4 19 4 19 1060 1923 1061 1924
118 15 -1
198 75 43 76 53 1061 1924 1079 1942
119 14 -1
199 22 74 22 75 1062 1925 1063 1926
120 13 -1
200 58 7 59 7 1063 1926 1065 1928
121 11 -1
201 29 99 29 99 1064 1927 1065 1928
122 7 -1
204 2 75 3 75 1067 1930 1068 1931
123 0 -1
208 64 72 64 72 1071 1934 1072 1935
124 10 -1
209 65 10 65 10 1072 1935 1073 1936
125 1 -1
211 95 75 98 75 1074 1937 1077 1940
126 13 -1
212 43 93 44 94 1075 1938 1077 1940
127 10 -1
213 56 39 56 43 1076 1939 1084 1947
128 11 -1
214 41 21 44 22 1077 1940 1082 1945
129 8 -1
218 16 66 20 68 1081 1944 1088 1951
130 4 -1
219 20 61 20 63 1082 1945 1084 1947
131 14 -1
224 87 17 90 17 1087 1950 1090 1953
132 7 -1
225 19 59 21 59 1088 1951 1090 1953
133 11 -1
229 17 24 22 25 1092 1955 1098 1961
134 15 -1
230 80 51 80 52 1093 1956 1094 1957
135 1 -1
231 22 70 22 73 1094 1957 1097 1960
136 13 -1
236 94 31 96 31 1099 1962 1101 1964
137 9 -1
237 80 87 80 87 1100 1963 1102 1965
138 6 -1
240 16 32 23 34 1103 1966 1114 1977
139 1 -1
242 55 43 56 44 1105 1968 1107 1970
140 2 -1
244 88 11 90 14 1107 1970 1112 1975
141 9 -1
245 71 50 71 52 1108 1971 1114 1977
142 2 -1
246 75 85 78 85 1109 1972 1112 1975
143 8 -1
247 49 22 49 25 1110 1973 1113 1976
144 9 -1
248 13 40 13 40 1111 1974 1114 1977
145 3 -1
250 70 86 72 86 1113 1976 1115 1978
146 2 -1
251 31 3 32 3 1114 1977 1117 1980
147 9 -1
253 94 29 94 29 1116 1979 1117 1980
148 9 -1
255 76 13 76 15 1118 1981 1120 1983
149 1 -1
256 16 73 19 73 1119 1982 1123 1986
150 10 -1
257 12 18 12 21 1120 1983 1124 1987
151 8 -1
258 61 40 61 41 1121 1984 1122 1985
152 1 -1
260 4 91 5 91 1123 1986 1125 1988
153 0 -1
261 8 44 8 48 1124 1987 1136 1999
154 7 -1
266 94 10 97 10 1129 1992 1133 1996
155 4 -1
267 39 24 40 25 1130 1993 1133 1996
156 1 -1
268 34 31 35 31 1131 1994 1133 1996
157 12 -1
269 1 48 1 49 1132 1995 1133 1996
158 10 -1
271 86 19 92 19 1134 1997 1140 2003
159 5 -1
272 86 6 87 6 1135 1998 1136 1999
160 11 -1
274 76 3 77 10 1137 2000 1150 2013
161 8 -1
277 52 76 53 77 1140 2003 1142 2005
162 4 -1
278 86 19 88 21 1141 2004 1147 2010
163 12 -1
279 25 30 29 30 1142 2005 1146 2009
164 8 -1
280 69 48 69 48 1143 2006 1146 2009
165 3 -1
283 28 8 28 9 1146 2009 1147 2010
166 6 -1
285 52 85 54 86 1148 2011 1151 2014
167 8 -1
286 60 97 63 97 1149 2012 1152 2015
168 2 -1
289 23 42 23 42 1152 2015 1155 2018
169 9 -1
293 15 66 16 66 1156 2019 1160 2023
170 9 -1
294 15 71 16 71 1157 2020 1158 2021
171 11 -1
295 5 98 7 98 1158 2021 1160 2023
172 8 -1
296 3 75 6 75 1159 2022 1163 2026
173 12 -1
303 67 57 71 60 1166 2029 1175 2038
174 0 -1
305 9 49 14 49 1168 2031 1173 2036
175 15 -1
306 6 53 6 53 1169 2032 1170 2033
176 10 -1
307 71 54 73 54 1170 2033 1172 2035
177 6 -1
310 52 18 56 18 1173 2036 1177 2040
178 5 -1
311 64 0 65 1 1174 2037 1178 2041
179 5 -1
312 65 57 71 57 1175 2038 1184 2047
180 4 -1
313 82 29 83 29 1176 2039 1177 2040
181 7 -1
315 71 78 73 78 1178 2041 1180 2043
182 9 -1
320 37 18 38 27 1183 2046 1199 2062
183 11 -1
321 50 37 52 37 1184 2047 1187 2050
184 15 -1
323 5 20 12 26 1186 2049 1199 2062
185 0 -1
325 10 56 11 60 1188 2051 1196 2059
186 7 -1
326 42 18 43 18 1189 2052 1190 2053
187 3 -1
327 95 71 97 71 1190 2053 1193 2056
188 13 -1
328 2 69 5 70 1191 2054 1196 2059
189 4 -1
329 96 51 99 51 1192 2055 1195 2058
190 9 -1
330 35 44 38 46 1193 2056 1198 2061
191 11 -1
337 49 99 60 99 1200 2063 1213 2076
192 3 -1
340 62 41 63 43 1203 2066 1206 2069
193 1 -1
342 23 58 24 58 1205 2068 1206 2069
194 4 -1
343 64 95 65 96 1206 2069 1209 2072
195 6 -1
345 91 58 80 58 1208 2071 1220 2083
196 5 -1
349 55 59 56 59 1212 2075 1213 2076
197 14 -1
351 85 18 85 19 1214 2077 1215 2078
198 5 -1
354 39 57 45 57 1217 2080 1223 2086
199 3 -1
356 5 28 6 28 1219 2082 1220 2083
200 14 -1
357 46 91 50 91 1220 2083 1224 2087
201 1 -1
358 3 49 6 52 1221 2084 1228 2091
202 11 -1
359 12 74 12 76 1222 2085 1225 2088
203 6 -1
360 5 50 6 50 1223 2086 1225 2088
204 14 -1
361 7 37 8 41 1224 2087 1230 2093
205 4 -1
363 39 83 40 83 1226 2089 1227 2090
206 11 -1
364 56 15 57 15 1227 2090 1228 2091
207 1 -1
365 36 67 37 68 1228 2091 1230 2093
208 8 -1
367 25 97 26 100 1230 2093 1236 2099
209 2 -1
371 87 65 87 66 1234 2097 1235 2098
210 14 -1
372 55 55 56 55 1235 2098 1243 2106
211 11 -1
373 1 38 3 38 1236 2099 1239 2102
212 13 -1
374 48 85 48 86 1237 2100 1238 2101
213 0 -1
375 46 37 47 37 1238 2101 1239 2102
214 9 -1
377 23 74 23 74 1240 2103 1241 2104
215 11 -1
379 23 84 23 84 1242 2105 1243 2106
216 13 -1
380 9 17 9 17 1243 2106 1244 2107
217 15 -1
381 15 7 16 7 1244 2107 1249 2112
218 15 -1
382 29 5 29 6 1245 2108 1247 2110
219 14 -1
383 3 63 3 64 1246 2109 1247 2110
220 6 -1
388 8 87 8 87 1251 2114 1252 2115
221 4 -1
391 88 48 88 48 1254 2117 1256 2119
222 3 -1
392 66 85 67 86 1255 2118 1257 2120
223 6 -1
394 99 63 97 64 1257 2120 1260 2123
224 15 -1
396 17 53 18 57 1259 2122 1264 2127
225 3 -1
397 96 73 97 73 1260 2123 1261 2124
226 10 -1
400 9 44 10 45 1263 2126 1265 2128
227 9 -1
401 85 17 86 18 1264 2127 1266 2129
228 13 -1
403 73 3 74 3 1266 2129 1271 2134
229 14 -1
404 55 89 55 89 1267 2130 1269 2132
230 0 -1
407 78 38 79 38 1270 2133 1271 2134
231 10 -1
408 11 64 12 65 1271 2134 1274 2137
232 7 -1
411 89 49 91 49 1274 2137 1276 2139
233 6 -1
412 48 6 49 6 1275 2138 1276 2139
234 4 -1
414 74 32 75 32 1277 2140 1278 2141
235 12 -1
418 58 45 59 45 1281 2144 1282 2145
236 12 -1
420 8 21 9 21 1283 2146 1284 2147
237 6 -1
421 96 17 96 18 1284 2147 1286 2149
238 10 -1
423 29 4 29 4 1286 2149 1287 2150
239 13 -1
426 25 92 30 92 1289 2152 1294 2157
240 1 -1
428 86 3 86 5 1291 2154 1293 2156
241 10 -1
433 37 78 38 78 1296 2159 1298 2161
242 12 -1
437 65 54 65 54 1300 2163 1301 2164
243 2 -1
439 95 14 95 15 1302 2165 1304 2167
244 1 -1
441 57 95 59 95 1304 2167 1312 2175
245 6 -1
446 12 46 14 47 1309 2172 1313 2176
246 13 -1
448 77 96 80 96 1311 2174 1314 2177
247 13 -1
450 42 99 49 99 1313 2176 1321 2184
248 5 -1
452 0 75 1 77 1315 2178 1318 2181
249 2 -1
455 0 39 1 40 1318 2181 1321 2184
250 2 -1
460 30 41 33 42 1323 2186 1329 2192
251 11 -1
461 54 87 55 87 1324 2187 1326 2189
252 13 -1
462 4 19 4 22 1325 2188 1328 2191
253 6 -1
464 0 45 0 45 1327 2190 1329 2192
254 10 -1
469 62 69 64 69 1332 2195 1334 2197
255 4 -1
471 5 52 7 53 1334 2197 1345 2208
256 2 -1
475 70 15 71 15 1338 2201 1340 2203
257 13 -1
478 78 92 78 93 1341 2204 1345 2208
258 15 -1
479 64 80 65 81 1342 2205 1344 2207
259 1 -1
480 74 16 75 17 1343 2206 1351 2214
260 14 -1
481 64 64 69 65 1344 2207 1350 2213
261 9 -1
482 33 21 33 22 1345 2208 1346 2209
262 4 -1
484 13 27 14 29 1347 2210 1351 2214
263 3 -1
486 88 12 91 12 1349 2212 1352 2215
264 5 -1
488 37 69 40 69 1351 2214 1354 2217
265 12 -1
489 37 40 47 41 1352 2215 1365 2228
266 5 -1
491 75 93 77 93 1354 2217 1356 2219
267 15 -1
493 23 80 24 80 1356 2219 1357 2220
268 6 -1
496 4 28 4 28 1359 2222 1360 2223
269 7 -1
501 11 59 12 59 1364 2227 1366 2229
270 13 -1
502 98 69 94 69 1365 2228 1369 2232
271 15 -1
505 29 30 30 30 1368 2231 1370 2233
272 7 -1
506 76 88 77 91 1369 2232 1374 2237
273 11 -1
507 99 20 99 21 1370 2233 1371 2234
274 3 -1
509 16 4 16 5 1372 2235 1373 2236
275 11 -1
511 3 39 4 40 1374 2237 1376 2239
276 5 -1
512 25 78 25 78 1375 2238 1376 2239
277 5 -1
515 46 9 46 11 1378 2241 1381 2244
278 8 -1
516 41 72 51 73 1379 2242 1392 2255
279 2 -1
517 0 76 0 78 1380 2243 1384 2247
280 15 -1
518 50 93 51 94 1381 2244 1383 2246
281 2 -1
520 18 40 18 41 1383 2246 1384 2247
282 5 -1
522 43 91 51 92 1385 2248 1394 2257
283 3 -1
523 56 55 57 55 1386 2249 1387 2250
284 11 -1
525 73 37 74 37 1388 2251 1390 2253
285 8 -1
526 19 31 21 31 1389 2252 1391 2254
286 8 -1
528 99 54 96 55 1391 2254 1396 2259
287 6 -1
530 88 79 88 79 1393 2256 1397 2260
288 3 -1
533 1 90 2 91 1396 2259 1398 2261
289 15 -1
535 41 39 44 39 1398 2261 1401 2264
290 11 -1
536 17 3 19 3 1399 2262 1401 2264
291 13 -1
537 26 91 27 91 1400 2263 1401 2264
292 5 -1
538 16 0 19 0 1401 2264 1404 2267
293 6 -1
540 13 83 16 83 1403 2266 1407 2270
294 0 -1
541 60 13 63 13 1404 2267 1407 2270
295 1 -1
542 29 61 37 61 1405 2268 1413 2276
296 6 -1
543 33 8 33 10 1406 2269 1408 2271
297 10 -1
546 8 86 10 86 1409 2272 1411 2274
298 9 -1
547 23 20 23 20 1410 2273 1412 2275
299 13 -1
550 85 92 85 92 1413 2276 1414 2277
300 5 -1
552 14 31 15 33 1415 2278 1418 2281
301 14 -1
553 24 95 26 95 1416 2279 1418 2281
302 7 -1
555 44 63 48 64 1418 2281 1423 2286
303 7 -1
556 86 27 86 29 1419 2282 1421 2284
304 6 -1
558 3 17 3 17 1421 2284 1422 2285
305 14 -1
559 59 77 59 78 1422 2285 1427 2290
306 15 -1
560 30 4 32 4 1423 2286 1425 2288
307 0 -1
562 2 84 3 84 1425 2288 1426 2289
308 2 -1
565 42 51 42 52 1428 2291 1432 2295
309 11 -1
566 74 90 76 91 1429 2292 1433 2296
310 11 -1
567 4 8 5 8 1430 2293 1431 2294
311 12 -1
570 44 33 44 33 1433 2296 1437 2300
312 13 -1
572 71 77 71 80 1435 2298 1438 2301
313 2 -1
573 54 12 54 14 1436 2299 1439 2302
314 12 -1
575 13 78 14 78 1438 2301 1440 2303
315 6 -1
577 84 63 84 64 1440 2303 1441 2304
316 13 -1
578 30 99 32 99 1441 2304 1443 2306
317 10 -1
579 90 55 92 55 1442 2305 1447 2310
318 11 -1
580 7 81 7 82 1443 2306 1444 2307
319 0 -1
585 79 24 82 24 1448 2311 1451 2314
320 12 -1
588 4 28 8 29 1451 2314 1456 2319
321 8 -1
589 88 5 95 10 1452 2315 1467 2330
322 12 -1
592 16 88 17 88 1455 2318 1456 2319
323 1 -1
594 19 0 19 2 1457 2320 1459 2322
324 1 -1
595 72 63 76 72 1458 2321 1473 2336
325 7 -1
596 33 55 35 57 1459 2322 1463 2326
326 3 -1
597 45 76 50 76 1460 2323 1468 2331
327 3 -1
599 42 91 43 94 1462 2325 1470 2333
328 2 -1
600 35 66 35 66 1463 2326 1466 2329
329 8 -1
601 93 60 93 61 1464 2327 1466 2329
330 10 -1
603 73 78 75 78 1466 2329 1468 2331
331 5 -1
608 41 81 43 81 1471 2334 1474 2337
332 7 -1
609 97 45 97 46 1472 2335 1473 2336
333 0 -1
610 73 38 76 38 1473 2336 1478 2341
334 15 -1
611 87 39 91 39 1474 2337 1478 2341
335 7 -1
613 54 73 54 78 1476 2339 1484 2347
336 12 -1
614 43 91 47 93 1477 2340 1483 2346
337 7 -1
615 13 20 14 20 1478 2341 1479 2342
338 9 -1
616 0 49 1 50 1479 2342 1481 2344
339 9 -1
619 74 39 78 40 1482 2345 1487 2350
340 6 -1
620 13 93 15 93 1483 2346 1485 2348
341 13 -1
621 5 89 8 90 1484 2347 1489 2352
342 3 -1
622 8 10 8 10 1485 2348 1488 2351
343 15 -1
623 69 64 70 65 1486 2349 1488 2351
344 11 -1
624 60 70 60 70 1487 2350 1488 2351
345 11 -1
625 2 28 4 28 1488 2351 1490 2353
346 7 -1
628 30 68 30 69 1491 2354 1492 2355
347 6 -1
629 14 14 19 14 1492 2355 1497 2360
348 4 -1
630 61 81 62 81 1493 2356 1494 2357
349 12 -1
634 84 72 84 73 1497 2360 1498 2361
350 13 -1
635 65 21 66 21 1498 2361 1500 2363
351 7 -1
636 55 46 55 46 1499 2362 1501 2364
352 6 -1
637 46 15 46 17 1500 2363 1502 2365
353 4 -1
639 82 77 83 77 1502 2365 1503 2366
354 4 -1
640 26 17 26 19 1503 2366 1505 2368
355 2 -1
641 64 37 64 39 1504 2367 1506 2369
356 4 -1
643 84 85 88 85 1506 2369 1512 2375
357 1 -1
645 73 10 74 10 1508 2371 1510 2373
358 5 -1
646 82 21 83 21 1509 2372 1511 2374
359 14 -1
648 23 15 24 15 1511 2374 1512 2375
360 9 -1
649 84 54 94 54 1512 2375 1522 2385
361 1 -1
650 70 51 70 51 1513 2376 1514 2377
362 14 -1
651 32 10 32 14 1514 2377 1518 2381
363 15 -1
652 74 33 76 41 1515 2378 1530 2393
364 0 -1
653 95 70 96 70 1516 2379 1517 2380
365 9 -1
656 13 71 13 71 1519 2382 1520 2383
366 6 -1
662 18 75 19 76 1525 2388 1527 2390
367 0 -1
663 56 24 64 24 1526 2389 1534 2397
368 11 -1
664 41 1 42 2 1527 2390 1529 2392
369 12 -1
665 84 1 84 1 1528 2391 1529 2392
370 8 -1
666 38 93 39 94 1529 2392 1531 2394
371 6 -1
667 50 17 50 18 1530 2393 1533 2396
372 6 -1
669 99 68 98 68 1532 2395 1533 2396
373 11 -1
672 59 27 63 27 1535 2398 1539 2402
374 0 -1
673 32 27 33 27 1536 2399 1538 2401
375 11 -1
674 13 72 16 72 1537 2400 1541 2404
376 11 -1
675 5 4 9 5 1538 2401 1543 2406
377 12 -1
678 75 68 76 68 1541 2404 1542 2405
378 2 -1
679 45 34 46 35 1542 2405 1545 2408
379 12 -1
680 84 63 84 66 1543 2406 1549 2412
380 5 -1
681 21 20 21 22 1544 2407 1546 2409
381 8 -1
682 3 2 5 2 1545 2408 1547 2410
382 0 -1
684 9 96 10 96 1547 2410 1549 2412
383 9 -1
685 15 73 16 74 1548 2411 1553 2416
384 3 -1
687 85 41 85 41 1550 2413 1555 2418
385 8 -1
688 33 67 33 67 1551 2414 1553 2416
386 8 -1
689 50 62 52 62 1552 2415 1554 2417
387 13 -1
690 75 19 75 19 1553 2416 1555 2418
388 6 -1
691 53 88 54 89 1554 2417 1556 2419
389 12 -1
692 91 52 91 54 1555 2418 1557 2420
390 8 -1
694 41 13 41 13 1557 2420 1560 2423
391 7 -1
696 4 28 6 28 1559 2422 1561 2424
392 4 -1
698 30 84 32 87 1561 2424 1566 2429
393 0 -1
700 42 8 43 8 1563 2426 1564 2427
394 0 -1
701 34 95 34 95 1564 2427 1565 2428
395 14 -1
702 83 6 84 12 1565 2428 1572 2435
396 5 -1
703 91 7 92 8 1566 2429 1568 2431
397 14 -1
704 47 41 47 41 1567 2430 1569 2432
398 0 -1
705 32 23 35 24 1568 2431 1572 2435
399 14 -1
706 94 96 95 96 1569 2432 1571 2434
400 3 -1
707 62 74 63 77 1570 2433 1574 2437
401 6 -1
708 92 69 99 69 1571 2434 1578 2441
402 2 -1
710 27 25 30 25 1573 2436 1576 2439
403 3 -1
712 63 40 63 41 1575 2438 1576 2439
404 3 -1
714 3 36 4 36 1577 2440 1578 2441
405 11 -1
716 97 34 98 34 1579 2442 1580 2443
406 8 -1
718 85 18 89 19 1581 2444 1589 2452
407 7 -1
719 94 61 95 61 1582 2445 1583 2446
408 7 -1
720 91 90 92 91 1583 2446 1585 2448
409 13 -1
722 60 18 60 19 1585 2448 1587 2450
410 8 -1
724 91 87 92 88 1587 2450 1589 2452
411 15 -1
725 32 25 40 28 1588 2451 1599 2462
412 0 -1
726 78 38 81 38 1589 2452 1593 2456
413 5 -1
727 54 77 54 78 1590 2453 1593 2456
414 9 -1
728 96 49 98 49 1591 2454 1596 2459
415 11 -1
729 67 65 67 65 1592 2455 1593 2456
416 11 -1
731 36 24 37 24 1594 2457 1595 2458
417 6 -1
733 53 32 54 32 1596 2459 1598 2461
418 12 -1
734 65 22 65 23 1597 2460 1599 2462
419 13 -1
735 94 36 95 38 1598 2461 1601 2464
420 14 -1
736 88 8 89 9 1599 2462 1601 2464
421 8 -1
737 71 19 73 19 1600 2463 1603 2466
422 12 -1
742 5 42 6 43 1605 2468 1610 2473
423 0 -1
744 62 61 64 61 1607 2470 1609 2472
424 2 -1
745 84 39 84 40 1608 2471 1613 2476
425 15 -1
748 14 54 16 54 1611 2474 1613 2476
426 10 -1
750 80 92 81 92 1613 2476 1614 2477
427 13 -1
751 88 5 89 5 1614 2477 1615 2478
428 11 -1
752 44 57 45 57 1615 2478 1618 2481
429 2 -1
753 39 25 40 25 1616 2479 1617 2480
430 9 -1
754 72 44 78 44 1617 2480 1623 2486
431 11 -1
755 53 84 55 84 1618 2481 1620 2483
432 7 -1
757 8 93 8 93 1620 2483 1622 2485
433 1 -1
758 79 64 80 66 1621 2484 1629 2492
434 7 -1
759 22 35 23 35 1622 2485 1624 2487
435 3 -1
760 46 84 46 84 1623 2486 1624 2487
436 10 -1
766 37 54 39 54 1629 2492 1631 2494
437 14 -1
767 47 28 48 29 1630 2493 1632 2495
438 0 -1
768 96 9 99 9 1631 2494 1634 2497
439 9 -1
771 29 26 29 26 1634 2497 1635 2498
440 4 -1
772 15 93 15 95 1635 2498 1637 2500
441 15 -1
773 99 56 97 56 1636 2499 1639 2502
442 5 -1
775 72 18 75 20 1638 2501 1643 2506
443 0 -1
777 56 92 58 92 1640 2503 1642 2505
444 2 -1
778 11 31 12 32 1641 2504 1643 2506
445 5 -1
779 98 87 96 88 1642 2505 1645 2508
446 14 -1
781 83 89 84 89 1644 2507 1645 2508
447 3 -1
782 25 29 29 29 1645 2508 1649 2512
448 14 -1
784 22 69 23 69 1647 2510 1649 2512
449 11 -1
787 73 25 74 26 1650 2513 1652 2515
450 0 -1
788 78 31 78 32 1651 2514 1652 2515
451 15 -1
789 53 9 57 9 1652 2515 1656 2519
452 15 -1
790 79 69 81 69 1653 2516 1655 2518
453 7 -1
791 83 3 88 3 1654 2517 1659 2522
454 11 -1
793 35 31 37 31 1656 2519 1659 2522
455 12 -1
794 7 85 11 85 1657 2520 1661 2524
456 4 -1
795 0 31 2 31 1658 2521 1660 2523
457 8 -1
796 62 85 65 86 1659 2522 1663 2526
458 3 -1
797 85 33 85 34 1660 2523 1661 2524
459 9 -1
798 48 54 49 56 1661 2524 1664 2527
460 3 -1
799 24 66 26 66 1662 2525 1664 2527
461 6 -1
800 15 62 18 62 1663 2526 1668 2531
462 14 -1
802 8 92 11 93 1665 2528 1669 2532
463 14 -1
803 20 65 22 65 1666 2529 1668 2531
464 9 -1
805 63 60 66 61 1668 2531 1673 2536
465 5 -1
806 87 37 92 38 1669 2532 1678 2541
466 0 -1
807 67 7 67 7 1670 2533 1672 2535
467 2 -1
810 45 95 46 95 1673 2536 1674 2537
468 9 -1
813 37 84 38 84 1676 2539 1677 2540
469 8 -1
818 9 37 10 37 1681 2544 1683 2546
470 10 -1
820 87 83 89 83 1683 2546 1686 2549
471 10 -1
824 24 21 26 21 1687 2550 1689 2552
472 10 -1
825 96 73 97 74 1688 2551 1691 2554
473 15 -1
827 31 68 31 69 1690 2553 1691 2554
474 7 -1
828 39 68 46 70 1691 2554 1701 2564
475 12 -1
830 35 70 37 71 1693 2556 1696 2559
476 13 -1
831 64 14 64 15 1694 2557 1695 2558
477 13 -1
833 39 44 40 45 1696 2559 1698 2561
478 10 -1
834 13 36 13 36 1697 2560 1699 2562
479 1 -1
835 29 28 37 30 1698 2561 1708 2571
480 14 -1
839 24 3 24 3 1702 2565 1704 2567
481 10 -1
841 74 13 74 13 1704 2567 1708 2571
482 1 -1
842 94 49 96 49 1705 2568 1707 2570
483 7 -1
844 0 91 5 91 1707 2570 1712 2575
484 8 -1
845 53 15 53 17 1708 2571 1710 2573
485 4 -1
846 54 35 54 39 1709 2572 1715 2578
486 5 -1
847 1 58 1 58 1710 2573 1711 2574
487 5 -1
850 46 81 48 81 1713 2576 1716 2579
488 1 -1
851 32 17 35 17 1714 2577 1718 2581
489 12 -1
854 0 43 0 44 1717 2580 1718 2581
490 14 -1
856 44 3 47 3 1719 2582 1722 2585
491 1 -1
859 96 70 98 71 1722 2585 1727 2590
492 8 -1
860 7 19 8 19 1723 2586 1724 2587
493 15 -1
861 99 81 97 81 1724 2587 1726 2589
494 12 -1
864 65 78 68 78 1727 2590 1730 2593
495 11 -1
867 59 85 60 85 1730 2593 1731 2594
496 6 -1
868 19 38 19 38 1731 2594 1733 2596
497 15 -1
871 52 6 57 13 1734 2597 1750 2613
498 2 -1
873 35 76 37 76 1736 2599 1738 2601
499 11 -1
874 34 0 35 4 1737 2600 1742 2605
500 3 -1
875 55 35 55 37 1738 2601 1741 2604
501 15 -1
877 92 21 94 21 1740 2603 1743 2606
502 2 -1
878 94 93 96 93 1741 2604 1743 2606
503 7 -1
879 18 39 18 40 1742 2605 1744 2607
504 1 -1
880 90 71 93 72 1743 2606 1747 2610
505 2 -1
881 12 69 12 75 1744 2607 1750 2613
506 15 -1
882 18 45 20 45 1745 2608 1747 2610
507 14 -1
885 12 87 12 88 1748 2611 1749 2612
508 9 -1
887 65 22 65 22 1750 2613 1753 2616
509 9 -1
889 36 8 37 8 1752 2615 1755 2618
510 2 -1
891 41 99 41 99 1754 2617 1756 2619
511 8 -1
893 38 22 39 23 1756 2619 1758 2621
512 9 -1
894 2 25 3 26 1757 2620 1760 2623
513 12 -1
895 50 99 51 100 1758 2621 1761 2624
514 10 -1
896 87 54 87 56 1759 2622 1761 2624
515 11 -1
897 0 76 0 76 1760 2623 1761 2624
516 2 -1
898 26 0 26 2 1761 2624 1763 2626
517 4 -1
899 75 83 75 84 1762 2625 1764 2627
518 15 -1
900 62 61 62 67 1763 2626 1769 2632
519 3 -1
901 61 97 61 97 1764 2627 1766 2629
520 3 -1
902 42 84 43 84 1765 2628 1766 2629
521 15 -1
905 70 41 70 42 1768 2631 1769 2632
522 6 -1
910 2 34 3 34 1773 2636 1774 2637
523 13 -1
912 10 49 11 52 1775 2638 1785 2648
524 15 -1
914 83 62 84 68 1777 2640 1784 2647
525 3 -1
917 28 44 32 44 1780 2643 1784 2647
526 5 -1
919 63 41 64 42 1782 2645 1784 2647
527 6 -1
920 13 72 13 74 1783 2646 1786 2649
528 9 -1
921 73 55 73 56 1784 2647 1785 2648
529 12 -1
923 45 77 45 77 1786 2649 1787 2650
530 0 -1
925 41 47 41 47 1788 2651 1791 2654
531 15 -1
926 8 20 10 24 1789 2652 1798 2661
532 8 -1
927 77 10 80 10 1790 2653 1793 2656
533 14 -1
928 59 69 59 69 1791 2654 1792 2655
534 13 -1
929 52 99 52 100 1792 2655 1793 2656
535 12 -1
931 89 60 91 60 1794 2657 1796 2659
536 12 -1
933 63 59 65 62 1796 2659 1803 2666
537 2 -1
935 19 4 19 5 1798 2661 1800 2663
538 3 -1
936 97 39 97 40 1799 2662 1800 2663
539 15 -1
937 88 3 92 3 1800 2663 1804 2667
540 2 -1
938 73 96 77 96 1801 2664 1805 2668
541 13 -1
940 1 59 3 59 1803 2666 1805 2668
542 4 -1
942 46 19 47 19 1805 2668 1806 2669
543 1 -1
943 10 14 16 14 1806 2669 1813 2676
544 11 -1
944 21 39 21 40 1807 2670 1808 2671
545 3 -1
945 26 39 29 39 1808 2671 1811 2674
546 10 -1
947 17 72 27 72 1810 2673 1823 2686
547 13 -1
948 66 22 66 22 1811 2674 1814 2677
548 8 -1
950 27 59 28 60 1813 2676 1815 2678
549 12 -1
951 23 5 25 5 1814 2677 1816 2679
550 11 -1
954 24 10 25 10 1817 2680 1819 2682
551 9 -1
955 62 93 63 93 1818 2681 1819 2682
552 3 -1
957 64 3 64 6 1820 2683 1823 2686
553 4 -1
958 68 22 69 22 1821 2684 1822 2685
554 3 -1
963 73 68 74 68 1826 2689 1829 2692
555 15 -1
964 82 21 82 23 1827 2690 1829 2692
556 5 -1
966 30 21 32 21 1829 2692 1831 2694
557 12 -1
969 79 68 79 69 1832 2695 1834 2697
558 9 -1
972 89 3 89 5 1835 2698 1841 2704
559 9 -1
973 5 81 7 82 1836 2699 1840 2703
560 7 -1
974 36 90 44 90 1837 2700 1847 2710
561 5 -1
976 99 73 98 74 1839 2702 1844 2707
562 8 -1
979 50 3 52 5 1842 2705 1846 2709
563 10 -1
981 62 3 62 3 1844 2707 1845 2708
564 12 -1
983 10 31 11 33 1846 2709 1849 2712
565 9 -1
984 82 89 83 90 1847 2710 1853 2716
566 1 -1
987 57 15 57 15 1850 2713 1854 2717
567 1 -1
989 18 43 19 45 1852 2715 1855 2718
568 7 -1
990 61 86 63 88 1853 2716 1857 2720
569 7 -1
992 97 50 98 52 1855 2718 1859 2722
570 10 -1
993 42 57 43 57 1856 2719 1858 2721
571 9 -1
994 21 80 24 81 1857 2720 1861 2724
572 7 -1
996 17 77 17 77 1859 2722 1861 2724
573 10 -1
997 52 99 53 99 1860 2723 1862 2725
574 7 -1
998 57 61 58 61 1861 2724 1862 2725
575 3 -1
999 65 33 67 33 1862 2725 1864 2727
576 6 -1
1001 56 47 61 74 1864 2727 1913 2776
577 0 -1
1004 8 47 10 47 1867 2730 1869 2732
578 3 -1
1008 65 69 66 69 1871 2734 1872 2735
579 0 -1
1010 49 82 50 83 1873 2736 1875 2738
580 0 -1
1012 22 36 23 36 1875 2738 1876 2739
581 1 -1
1015 62 91 63 91 1878 2741 1879 2742
582 15 -1
1016 71 16 72 16 1879 2742 1880 2743
583 5 -1
1017 97 13 99 13 1880 2743 1883 2746
584 0 -1
1018 11 64 25 64 1881 2744 1895 2758
585 10 -1
1019 4 78 8 79 1882 2745 1892 2755
586 8 -1
1020 3 55 4 57 1883 2746 1886 2749
587 7 -1
1021 24 9 24 10 1884 2747 1885 2748
588 8 -1
1022 10 47 16 48 1885 2748 1899 2762
589 3 -1
1025 81 2 85 3 1888 2751 1893 2756
590 5 -1
1027 47 4 48 4 1890 2753 1891 2754
591 2 -1
1028 15 91 15 92 1891 2754 1892 2755
592 13 -1
1031 68 47 73 47 1894 2757 1903 2766
593 6 -1
1032 0 58 2 62 1895 2758 1902 2765
594 9 -1
1033 16 2 20 2 1896 2759 1900 2763
595 10 -1
1035 64 45 64 45 1898 2761 1900 2763
596 3 -1
1036 39 8 40 9 1899 2762 1901 2764
597 0 -1
1037 5 64 6 64 1900 2763 1901 2764
598 5 -1
1039 16 20 16 21 1902 2765 1903 2766
599 15 -1
1040 92 48 93 48 1903 2766 1904 2767
600 7 -1
1042 68 18 69 18 1905 2768 1916 2779
601 15 -1
1044 98 4 99 4 1907 2770 1908 2771
602 11 -1
1045 1 61 1 64 1908 2771 1911 2774
603 14 -1
1051 1 24 2 24 1914 2777 1915 2778
604 2 -1
1053 64 70 65 70 1916 2779 1917 2780
605 3 -1
1056 7 53 7 54 1919 2782 1921 2784
606 6 -1
1057 29 22 29 23 1920 2783 1922 2785
607 4 -1
1059 52 89 52 89 1922 2785 1926 2789
608 6 -1
1060 52 49 53 52 1923 2786 1928 2791
609 0 -1
1063 56 83 58 83 1926 2789 1929 2792
610 15 -1
1065 88 79 89 81 1928 2791 1931 2794
611 8 -1
1066 4 24 5 24 1929 2792 1931 2794
612 3 -1
1067 28 63 29 63 1930 2793 1931 2794
613 5 -1
1070 14 83 17 83 1933 2796 1945 2808
614 9 -1
1071 3 40 7 40 1934 2797 1939 2802
615 13 -1
1073 27 9 33 16 1936 2799 1951 2814
616 9 -1
1074 6 84 6 85 1937 2800 1938 2801
617 15 -1
1075 27 93 28 94 1938 2801 1941 2804
618 14 -1
1078 20 53 24 53 1941 2804 1945 2808
619 10 -1
1082 19 91 20 91 1945 2808 1946 2809
620 15 -1
1083 40 6 40 6 1946 2809 1948 2811
621 0 -1
1084 73 11 74 16 1947 2810 1953 2816
622 5 -1
1085 30 28 33 28 1948 2811 1951 2814
623 15 -1
1086 95 69 99 69 1949 2812 1953 2816
624 5 -1
1090 31 11 31 11 1953 2816 1954 2817
625 2 -1
1091 61 19 61 20 1954 2817 1955 2818
626 0 -1
1092 82 61 82 62 1955 2818 1956 2819
627 15 -1
1095 67 16 68 16 1958 2821 1961 2824
628 1 -1
1097 84 91 87 91 1960 2823 1963 2826
629 9 -1
1098 97 61 97 65 1961 2824 1965 2828
630 7 -1
1099 75 18 77 21 1962 2825 1967 2830
631 10 -1
1100 30 92 32 94 1963 2826 1968 2831
632 12 -1
1102 21 6 22 8 1965 2828 1968 2831
633 2 -1
1103 23 67 25 72 1966 2829 1973 2836
634 3 -1
1104 9 43 9 44 1967 2830 1968 2831
635 8 -1
1105 54 3 54 3 1968 2831 1969 2832
636 2 -1
1107 95 51 88 54 1970 2833 1980 2843
637 12 -1
1109 87 24 89 24 1972 2835 1975 2838
638 11 -1
1111 53 66 53 66 1974 2837 1976 2839
639 1 -1
1113 42 44 43 44 1976 2839 1977 2840
640 6 -1
1114 52 35 52 36 1977 2840 1978 2841
641 14 -1
1115 16 5 17 6 1978 2841 1981 2844
642 14 -1
1116 39 39 49 40 1979 2842 1990 2853
643 3 -1
1118 5 27 7 27 1981 2844 1983 2846
644 10 -1
1120 58 92 58 94 1983 2846 1985 2848
645 5 -1
1121 40 74 41 74 1984 2847 1985 2848
646 15 -1
1122 44 52 45 52 1985 2848 1988 2851
647 2 -1
1124 52 2 53 2 1987 2850 1994 2857
648 9 -1
1125 84 0 85 0 1988 2851 1990 2853
649 15 -1
1126 99 6 90 6 1989 2852 2001 2864
650 3 -1
1129 57 95 57 96 1992 2855 1993 2856
651 9 -1
1130 97 26 98 26 1993 2856 1994 2857
652 6 -1
1132 24 64 26 64 1995 2858 1997 2860
653 0 -1
1133 72 66 72 68 1996 2859 1999 2862
654 12 -1
1137 59 25 60 26 2000 2863 2004 2867
655 11 -1
1138 21 17 22 17 2001 2864 2002 2865
656 12 -1
1139 47 57 47 57 2002 2865 2003 2866
657 7 -1
1141 48 15 48 15 2004 2867 2006 2869
658 7 -1
1142 9 26 9 28 2005 2868 2008 2871
659 0 -1
1144 96 74 96 74 2007 2870 2010 2873
660 4 -1
1147 35 76 35 76 2010 2873 2011 2874
661 3 -1
1150 4 35 4 35 2013 2876 2014 2877
662 3 -1
1151 50 47 50 49 2014 2877 2016 2879
663 15 -1
1154 48 42 48 43 2017 2880 2018 2881
664 15 -1
1156 82 21 82 21 2019 2882 2021 2884
665 14 -1
1157 22 34 24 36 2020 2883 2025 2888
666 0 -1
1158 61 2 65 2 2021 2884 2025 2888
667 13 -1
1159 67 2 68 3 2022 2885 2024 2887
668 6 -1
1164 7 98 8 100 2027 2890 2030 2893
669 2 -1
1166 64 2 64 5 2029 2892 2032 2895
670 11 -1
1169 38 5 38 5 2032 2895 2035 2898
671 11 -1
1170 61 93 63 94 2033 2896 2036 2899
672 6 -1
1171 6 79 14 80 2034 2897 2043 2906
673 12 -1
1172 84 34 84 35 2035 2898 2036 2899
674 11 -1
1174 52 60 55 60 2037 2900 2044 2907
675 15 -1
1175 24 28 27 28 2038 2901 2041 2904
676 9 -1
1176 14 56 16 56 2039 2902 2041 2904
677 6 -1
1177 61 70 63 70 2040 2903 2042 2905
678 9 -1
1179 93 49 94 49 2042 2905 2043 2906
679 0 -1
1186 5 7 5 8 2049 2912 2051 2914
680 2 -1
1187 23 5 25 5 2050 2913 2052 2915
681 10 -1
1188 99 88 98 88 2051 2914 2052 2915
682 6 -1
1190 70 46 70 47 2053 2916 2054 2917
683 15 -1
1191 75 61 76 62 2054 2917 2056 2919
684 11 -1
1194 31 62 33 62 2057 2920 2059 2922
685 9 -1
1195 81 45 82 46 2058 2921 2061 2924
686 4 -1
1197 83 1 85 2 2060 2923 2063 2926
687 12 -1
1198 31 18 35 18 2061 2924 2065 2928
688 6 -1
1201 57 58 57 59 2064 2927 2069 2932
689 2 -1
1202 30 17 31 17 2065 2928 2066 2929
690 11 -1
1203 89 75 89 75 2066 2929 2067 2930
691 3 -1
1205 36 53 38 53 2068 2931 2071 2934
692 7 -1
1207 23 95 25 95 2070 2933 2074 2937
693 3 -1
1208 41 36 43 36 2071 2934 2073 2936
694 15 -1
1209 52 51 53 51 2072 2935 2073 2936
695 9 -1
1211 83 33 86 34 2074 2937 2078 2941
696 10 -1
1214 20 43 25 43 2077 2940 2083 2946
697 4 -1
1217 57 19 58 20 2080 2943 2082 2945
698 0 -1
1218 36 46 37 46 2081 2944 2082 2945
699 2 -1
1219 24 76 26 77 2082 2945 2089 2952
700 15 -1
1220 4 80 4 80 2083 2946 2084 2947
701 8 -1
1222 53 3 54 5 2085 2948 2088 2951
702 14 -1
1223 5 88 8 89 2086 2949 2090 2953
703 3 -1
1226 63 75 64 75 2089 2952 2092 2955
704 7 -1
1227 51 87 51 88 2090 2953 2091 2954
705 0 -1
1229 63 56 64 56 2092 2955 2093 2956
706 2 -1
1230 83 57 86 59 2093 2956 2098 2961
707 12 -1
1231 13 0 13 1 2094 2957 2095 2958
708 1 -1
1233 61 52 61 52 2096 2959 2098 2961
709 3 -1
1235 43 72 44 72 2098 2961 2099 2962
710 4 -1
1236 9 60 11 60 2099 2962 2104 2967
711 1 -1
1237 34 19 35 19 2100 2963 2105 2968
712 10 -1
1238 69 37 71 37 2101 2964 2106 2969
713 13 -1
1240 1 74 4 75 2103 2966 2107 2970
714 3 -1
1241 54 62 55 62 2104 2967 2105 2968
715 4 -1
1242 68 10 70 18 2105 2968 2118 2981
716 9 -1
1243 85 59 87 59 2106 2969 2108 2971
717 5 -1
1244 83 7 89 8 2107 2970 2114 2977
718 12 -1
1246 19 79 26 81 2109 2972 2118 2981
719 0 -1
1250 52 49 53 49 2113 2976 2114 2977
720 11 -1
1254 16 21 16 26 2117 2980 2124 2987
721 8 -1
1255 74 99 75 96 2118 2981 2122 2985
722 15 -1
1258 92 52 99 57 2121 2984 2137 3000
723 7 -1
1259 71 62 78 71 2122 2985 2140 3003
724 15 -1
1260 57 0 63 0 2123 2986 2129 2992
725 9 -1
1261 38 28 41 30 2124 2987 2131 2994
726 6 -1
1263 52 76 58 77 2126 2989 2133 2996
727 0 -1
1264 91 58 95 58 2127 2990 2131 2994
728 13 -1
1265 20 85 22 85 2128 2991 2130 2993
729 2 -1
1266 96 31 96 31 2129 2992 2130 2993
730 12 -1
1268 78 84 78 87 2131 2994 2134 2997
731 10 -1
1276 79 64 79 65 2139 3002 2140 3003
732 4 -1
1277 27 41 29 44 2140 3003 2145 3008
733 4 -1
1281 48 41 50 41 2144 3007 2146 3009
734 10 -1
1284 66 19 66 20 2147 3010 2149 3012
735 15 -1
1287 80 27 82 28 2150 3013 2154 3017
736 6 -1
1290 1 32 5 33 2153 3016 2160 3023
737 10 -1
1291 75 61 75 62 2154 3017 2157 3020
738 0 -1
1292 76 95 86 89 2155 3018 2181 3044
739 6 -1
1297 31 85 31 88 2160 3023 2163 3026
740 13 -1
1298 44 80 45 80 2161 3024 2162 3025
741 1 -1
1299 10 37 12 37 2162 3025 2165 3028
742 14 -1
1300 79 55 80 55 2163 3026 2165 3028
743 11 -1
1307 33 21 34 21 2170 3033 2171 3034
744 14 -1
1309 63 78 65 78 2172 3035 2174 3037
745 7 -1
1312 86 18 87 19 2175 3038 2177 3040
746 1 -1
1313 97 15 98 15 2176 3039 2177 3040
747 11 -1
1314 69 15 73 15 2177 3040 2181 3044
748 6 -1
1315 94 94 98 95 2178 3041 2183 3046
749 6 -1
1316 2 12 2 14 2179 3042 2181 3044
750 15 -1
1317 51 94 51 95 2180 3043 2182 3045
751 13 -1
1318 29 16 30 16 2181 3044 2184 3047
752 3 -1
1319 1 25 3 25 2182 3045 2184 3047
753 10 -1
1320 20 27 21 27 2183 3046 2184 3047
754 4 -1
1321 40 31 40 32 2184 3047 2186 3049
755 7 -1
1323 75 24 77 24 2186 3049 2188 3051
756 2 -1
1324 88 14 93 14 2187 3050 2192 3055
757 13 -1
1325 63 7 66 7 2188 3051 2194 3057
758 1 -1
1326 35 41 36 41 2189 3052 2190 3053
759 3 -1
1327 3 89 4 90 2190 3053 2200 3063
760 8 -1
1329 11 15 12 15 2192 3055 2194 3057
761 5 -1
1332 55 22 56 23 2195 3058 2197 3060
762 14 -1
1333 23 33 23 34 2196 3059 2197 3060
763 6 -1
1335 32 13 36 14 2198 3061 2214 3077
764 11 -1
1336 14 61 15 61 2199 3062 2200 3063
765 2 -1
1338 12 11 13 12 2201 3064 2204 3067
766 1 -1
1340 72 75 72 79 2203 3066 2210 3073
767 14 -1
1342 51 70 51 70 2205 3068 2208 3071
768 11 -1
1344 37 18 37 19 2207 3070 2209 3072
769 11 -1
1345 49 22 50 22 2208 3071 2209 3072
770 15 -1
1347 61 98 61 99 2210 3073 2213 3076
771 13 -1
1348 87 70 92 70 2211 3074 2216 3079
772 9 -1
1349 49 42 49 48 2212 3075 2218 3081
773 3 -1
1354 91 26 92 27 2217 3080 2220 3083
774 15 -1
1355 73 15 75 18 2218 3081 2223 3086
775 9 -1
1359 3 55 3 58 2222 3085 2227 3090
776 0 -1
1362 91 43 93 43 2225 3088 2227 3090
777 9 -1
1365 45 74 45 75 2228 3091 2229 3092
778 14 -1
1368 82 44 84 44 2231 3094 2233 3096
779 4 -1
1369 51 36 61 54 2232 3095 2267 3130
780 12 -1
1370 84 85 86 85 2233 3096 2235 3098
781 11 -1
1372 55 64 59 64 2235 3098 2240 3103
782 11 -1
1374 54 63 56 63 2237 3100 2239 3102
783 13 -1
1375 66 90 72 91 2238 3101 2245 3108
784 2 -1
1376 28 72 28 73 2239 3102 2240 3103
785 5 -1
1377 74 13 74 14 2240 3103 2243 3106
786 11 -1
1378 10 76 11 76 2241 3104 2242 3105
787 13 -1
1379 76 53 80 53 2242 3105 2246 3109
788 1 -1
1381 90 16 92 16 2244 3107 2247 3110
789 2 -1
1382 8 46 9 48 2245 3108 2248 3111
790 9 -1
1383 53 93 53 94 2246 3109 2248 3111
791 10 -1
1385 68 95 70 99 2248 3111 2254 3117
792 15 -1
1386 79 79 79 81 2249 3112 2252 3115
793 2 -1
1387 33 67 39 69 2250 3113 2261 3124
794 10 -1
1388 81 42 84 42 2251 3114 2254 3117
795 6 -1
1389 32 11 34 11 2252 3115 2254 3117
796 15 -1
1390 68 19 69 19 2253 3116 2255 3118
797 1 -1
1391 81 51 81 53 2254 3117 2256 3119
798 8 -1
1393 20 62 21 62 2256 3119 2258 3121
799 12 -1
1395 72 71 73 75 2258 3121 2266 3129
800 5 -1
1396 31 14 32 14 2259 3122 2260 3123
801 2 -1
1400 88 17 90 17 2263 3126 2266 3129
802 6 -1
1401 62 91 65 91 2264 3127 2267 3130
803 6 -1
1402 38 87 39 91 2265 3128 2272 3135
804 12 -1
1403 98 53 98 55 2266 3129 2268 3131
805 7 -1
1406 71 31 72 31 2269 3132 2270 3133
806 0 -1
1411 7 51 8 52 2274 3137 2276 3139
807 3 -1
1412 44 51 46 55 2275 3138 2281 3144
808 5 -1
1413 26 4 26 5 2276 3139 2277 3140
809 11 -1
1414 99 81 98 81 2277 3140 2279 3142
810 15 -1
1415 42 41 42 43 2278 3141 2280 3143
811 10 -1
1417 52 33 53 33 2280 3143 2281 3144
812 11 -1
1418 52 53 56 53 2281 3144 2286 3149
813 11 -1
1419 36 61 38 64 2282 3145 2289 3152
814 4 -1
1420 60 52 62 56 2283 3146 2291 3154
815 13 -1
1423 56 23 56 24 2286 3149 2287 3150
816 7 -1
1426 19 33 20 33 2289 3152 2291 3154
817 1 -1
1428 26 66 28 67 2291 3154 2294 3157
818 8 -1
1429 3 23 3 23 2292 3155 2294 3157
819 4 -1
1430 65 84 66 84 2293 3156 2294 3157
820 6 -1
1431 6 81 8 81 2294 3157 2297 3160
821 11 -1
1432 42 83 43 83 2295 3158 2296 3159
822 7 -1
1434 87 82 88 82 2297 3160 2298 3161
823 1 -1
1435 86 24 91 25 2298 3161 2305 3168
824 2 -1
1436 92 82 94 82 2299 3162 2301 3164
825 12 -1
1438 99 94 99 95 2301 3164 2305 3168
826 3 -1
1439 73 9 73 9 2302 3165 2303 3166
827 7 -1
1440 1 4 2 4 2303 3166 2306 3169
828 3 -1
1441 28 91 29 92 2304 3167 2311 3174
829 3 -1
1442 5 20 7 20 2305 3168 2307 3170
830 1 -1
1443 3 71 8 71 2306 3169 2311 3174
831 4 -1
1444 78 38 80 38 2307 3170 2309 3172
832 3 -1
1446 64 46 68 47 2309 3172 2315 3178
833 15 -1
1447 74 7 74 7 2310 3173 2312 3175
834 14 -1
1448 67 74 68 75 2311 3174 2313 3176
835 3 -1
1452 84 49 84 50 2315 3178 2316 3179
836 4 -1
1454 1 30 1 30 2317 3180 2321 3184
837 8 -1
1455 52 28 52 30 2318 3181 2320 3183
838 8 -1
1456 79 75 79 75 2319 3182 2320 3183
839 5 -1
1457 50 15 50 15 2320 3183 2326 3189
840 5 -1
1458 36 67 45 67 2321 3184 2331 3194
841 14 -1
1461 76 0 76 3 2324 3187 2327 3190
842 13 -1
1462 22 99 25 100 2325 3188 2329 3192
843 13 -1
1463 49 18 50 18 2326 3189 2328 3191
844 13 -1
1465 47 94 47 94 2328 3191 2330 3193
845 2 -1
1466 75 17 75 19 2329 3192 2331 3194
846 8 -1
1468 93 0 94 0 2331 3194 2332 3195
847 1 -1
1469 5 11 6 11 2332 3195 2337 3200
848 8 -1
1470 99 74 99 75 2333 3196 2334 3197
849 6 -1
1472 74 41 74 44 2335 3198 2340 3203
850 13 -1
1473 33 66 38 66 2336 3199 2341 3204
851 5 -1
1474 85 73 95 73 2337 3200 2348 3211
852 14 -1
1475 15 33 16 33 2338 3201 2340 3203
853 10 -1
1478 54 30 57 33 2341 3204 2347 3210
854 7 -1
1479 61 89 61 91 2342 3205 2344 3207
855 11 -1
1481 13 9 14 10 2344 3207 2346 3209
856 4 -1
1483 73 17 77 22 2346 3209 2357 3220
857 13 -1
1486 97 14 92 14 2349 3212 2354 3217
858 10 -1
1487 14 37 16 37 2350 3213 2354 3217
859 7 -1
1493 56 37 57 37 2356 3219 2358 3221
860 10 -1
1495 87 88 88 88 2358 3221 2359 3222
861 11 -1
1496 49 24 52 24 2359 3222 2363 3226
862 2 -1
1497 81 96 82 98 2360 3223 2364 3227
863 10 -1
1499 39 18 41 18 2362 3225 2364 3227
864 15 -1
1500 83 74 83 76 2363 3226 2365 3228
865 10 -1
1501 25 36 30 39 2364 3227 2372 3235
866 3 -1
1502 11 61 14 62 2365 3228 2369 3232
867 8 -1
1504 87 39 91 45 2367 3230 2380 3243
868 12 -1
1505 22 51 30 51 2368 3231 2378 3241
869 14 -1
1506 55 82 55 84 2369 3232 2371 3234
870 7 -1
1507 79 9 79 9 2370 3233 2373 3236
871 11 -1
1508 14 92 16 94 2371 3234 2377 3240
872 15 -1
1509 5 89 5 89 2372 3235 2373 3236
873 10 -1
1511 15 81 16 81 2374 3237 2376 3239
874 3 -1
1513 56 63 56 66 2376 3239 2381 3244
875 2 -1
1515 18 0 18 0 2378 3241 2379 3242
876 8 -1
1516 59 10 62 10 2379 3242 2382 3245
877 8 -1
1517 3 83 6 83 2380 3243 2383 3246
878 15 -1
1518 94 19 94 22 2381 3244 2384 3247
879 14 -1
1519 99 42 98 42 2382 3245 2383 3246
880 4 -1
1521 24 41 24 45 2384 3247 2388 3251
881 2 -1
1522 29 11 29 13 2385 3248 2387 3250
882 13 -1
1523 73 88 75 88 2386 3249 2388 3251
883 6 -1
1527 42 51 43 51 2390 3253 2394 3257
884 15 -1
1528 1 12 2 12 2391 3254 2392 3255
885 11 -1
1533 51 29 52 29 2396 3259 2397 3260
886 2 -1
1534 91 61 99 62 2397 3260 2406 3269
887 1 -1
1535 95 48 97 48 2398 3261 2401 3264
888 8 -1
1536 58 47 60 47 2399 3262 2401 3264
889 11 -1
1538 68 64 70 64 2401 3264 2405 3268
890 2 -1
1540 81 87 82 87 2403 3266 2404 3267
891 1 -1
1543 77 20 77 20 2406 3269 2409 3272
892 15 -1
1544 33 97 34 98 2407 3270 2409 3272
893 15 -1
1545 53 16 53 16 2408 3271 2410 3273
894 0 -1
1547 46 55 47 56 2410 3273 2415 3278
895 1 -1
1550 86 90 88 90 2413 3276 2415 3278
896 11 -1
1551 83 9 83 11 2414 3277 2416 3279
897 6 -1
1552 68 96 70 99 2415 3278 2420 3283
898 5 -1
1554 27 88 29 89 2417 3280 2421 3284
899 6 -1
1555 81 43 83 43 2418 3281 2420 3283
900 3 -1
1556 79 62 79 63 2419 3282 2421 3284
901 13 -1
1559 29 8 34 9 2422 3285 2428 3291
902 1 -1
1560 0 35 4 36 2423 3286 2429 3292
903 1 -1
1562 60 85 60 87 2425 3288 2427 3290
904 7 -1
1563 12 69 16 70 2426 3289 2436 3299
905 1 -1
1564 54 60 55 60 2427 3290 2429 3292
906 13 -1
1566 5 70 5 70 2429 3292 2431 3294
907 3 -1
1567 64 59 68 59 2430 3293 2434 3297
908 2 -1
1573 94 22 88 22 2436 3299 2444 3307
909 0 -1
1575 60 23 61 23 2438 3301 2439 3302
910 11 -1
1576 20 81 20 83 2439 3302 2441 3304
911 11 -1
1577 80 80 82 80 2440 3303 2442 3305
912 7 -1
1579 24 28 24 30 2442 3305 2445 3308
913 13 -1
1580 97 44 99 44 2443 3306 2445 3308
914 13 -1
1582 18 44 19 44 2445 3308 2446 3309
915 11 -1
1584 18 15 19 15 2447 3310 2448 3311
916 10 -1
1587 24 68 26 72 2450 3313 2462 3325
917 4 -1
1588 77 12 80 13 2451 3314 2455 3318
918 9 -1
1589 29 79 29 81 2452 3315 2454 3317
919 12 -1
1590 3 59 6 59 2453 3316 2456 3319
920 5 -1
1591 71 80 76 80 2454 3317 2459 3322
921 0 -1
1593 34 32 36 32 2456 3319 2460 3323
922 7 -1
1594 10 36 10 36 2457 3320 2459 3322
923 0 -1
1596 7 40 7 42 2459 3322 2461 3324
924 7 -1
1598 91 8 92 8 2461 3324 2462 3325
925 2 -1
1599 37 81 40 81 2462 3325 2466 3329
926 8 -1
1600 24 35 25 35 2463 3326 2464 3327
927 3 -1
1603 5 2 6 2 2466 3329 2467 3330
928 7 -1
1606 35 20 36 20 2469 3332 2471 3334
929 13 -1
1608 10 51 11 51 2471 3334 2472 3335
930 3 -1
1609 81 54 81 56 2472 3335 2474 3337
931 1 -1
1610 64 72 65 72 2473 3336 2474 3337
932 14 -1
1611 62 92 62 93 2474 3337 2476 3339
933 4 -1
1613 16 56 18 56 2476 3339 2478 3341
934 7 -1
1615 11 0 11 0 2478 3341 2479 3342
935 14 -1
1618 81 93 81 94 2481 3344 2484 3347
936 14 -1
1620 13 30 18 30 2483 3346 2488 3351
937 9 -1
1621 42 46 42 48 2484 3347 2491 3354
938 5 -1
1623 26 32 26 35 2486 3349 2491 3354
939 0 -1
1624 44 23 44 23 2487 3350 2488 3351
940 5 -1
1625 26 77 26 78 2488 3351 2491 3354
941 1 -1
1626 32 10 33 10 2489 3352 2491 3354
942 14 -1
1627 81 14 94 14 2490 3353 2503 3366
943 7 -1
1629 61 54 61 54 2492 3355 2493 3356
944 9 -1
1631 96 49 96 49 2494 3357 2496 3359
945 4 -1
1633 67 13 75 14 2496 3359 2506 3369
946 8 -1
1634 67 29 68 30 2497 3360 2499 3362
947 12 -1
1637 34 96 35 96 2500 3363 2501 3364
948 14 -1
1638 46 34 47 36 2501 3364 2504 3367
949 6 -1
1640 57 78 57 80 2503 3366 2513 3376
950 13 -1
1641 27 43 29 44 2504 3367 2507 3370
951 1 -1
1642 11 10 11 14 2505 3368 2509 3372
952 4 -1
1645 40 96 40 96 2508 3371 2509 3372
953 0 -1
1648 20 66 21 67 2511 3374 2513 3376
954 1 -1
1649 82 67 82 68 2512 3375 2514 3377
955 4 -1
1650 65 86 66 86 2513 3376 2514 3377
956 4 -1
1656 65 99 67 99 2519 3382 2523 3386
957 11 -1
1657 66 48 66 49 2520 3383 2523 3386
958 9 -1
1659 78 67 79 70 2522 3385 2526 3389
959 9 -1
1660 79 1 82 2 2523 3386 2527 3390
960 0 -1
1661 33 10 37 13 2524 3387 2531 3394
961 10 -1
1662 7 26 8 29 2525 3388 2532 3395
962 11 -1
1663 63 24 66 28 2526 3389 2533 3396
963 6 -1
1664 95 58 97 58 2527 3390 2529 3392
964 4 -1
1665 45 24 46 24 2528 3391 2529 3392
965 15 -1
1668 69 69 70 70 2531 3394 2534 3397
966 7 -1
1671 98 9 93 10 2534 3397 2542 3405
967 10 -1
1672 55 7 55 7 2535 3398 2536 3399
968 8 -1
1673 82 76 82 77 2536 3399 2541 3404
969 11 -1
1675 91 47 92 47 2538 3401 2539 3402
970 10 -1
1676 66 76 66 79 2539 3402 2542 3405
971 14 -1
1678 99 62 99 62 2541 3404 2544 3407
972 14 -1
1679 49 58 49 63 2542 3405 2549 3412
973 8 -1
1680 29 98 33 98 2543 3406 2547 3410
974 11 -1
1683 80 41 85 41 2546 3409 2553 3416
975 4 -1
1685 20 27 21 29 2548 3411 2551 3414
976 9 -1
1686 62 34 68 37 2549 3412 2559 3422
977 6 -1
1687 12 16 15 16 2550 3413 2554 3417
978 5 -1
1688 33 52 38 53 2551 3414 2557 3420
979 14 -1
1690 75 51 76 54 2553 3416 2557 3420
980 13 -1
1691 37 63 39 63 2554 3417 2556 3419
981 6 -1
1692 38 42 38 43 2555 3418 2558 3421
982 3 -1
1694 73 26 73 27 2557 3420 2558 3421
983 12 -1
1695 82 89 82 89 2558 3421 2562 3425
984 6 -1
1696 16 7 17 9 2559 3422 2562 3425
985 13 -1
1697 28 33 28 35 2560 3423 2562 3425
986 0 -1
1698 16 28 16 28 2561 3424 2563 3426
987 8 -1
1700 71 3 71 5 2563 3426 2565 3428
988 14 -1
1702 7 2 9 3 2565 3428 2579 3442
989 5 -1
1703 73 53 74 53 2566 3429 2567 3430
990 13 -1
1704 10 62 11 64 2567 3430 2570 3433
991 10 -1
1709 3 98 4 100 2572 3435 2575 3438
992 8 -1
1712 57 77 58 78 2575 3438 2578 3441
993 1 -1
1714 36 77 36 77 2577 3440 2578 3441
994 11 -1
1717 10 38 12 40 2580 3443 2584 3447
995 6 -1
1718 67 48 67 50 2581 3444 2583 3446
996 11 -1
1720 14 99 14 95 2583 3446 2589 3452
997 9 -1
1722 91 99 91 100 2585 3448 2586 3449
998 3 -1
1723 82 24 84 24 2586 3449 2588 3451
999 10 -1
1725 2 25 2 26 2588 3451 2590 3453
1000 5 -1
1726 68 54 70 55 2589 3452 2592 3455
