100 100 2591
4
0 75 91
1 16 38
2 36 62
3 87 26
72
0 0 0 100 6
0
1 0 0 100 6
0
2 0 0 100 6
0
3 0 0 100 6
0
4 0 0 100 6
0
5 0 0 100 6
0
6 0 0 100 6
0
7 0 0 100 6
0
8 0 0 100 6
0
9 0 0 100 6
0
10 0 0 100 6
0
11 0 0 100 6
0
12 0 0 100 6
0
13 0 0 100 6
0
14 0 0 100 6
0
15 0 0 100 6
0
16 0 0 100 6
0
17 0 0 100 6
0
18 1 0 100 6
0
19 1 0 100 6
0
20 1 0 100 6
0
21 1 0 100 6
0
22 1 0 100 6
0
23 1 0 100 6
0
24 1 0 100 6
0
25 1 0 100 6
0
26 1 0 100 6
0
27 1 0 100 6
0
28 1 0 100 6
0
29 1 0 100 6
0
30 1 0 100 6
0
31 1 0 100 6
0
32 1 0 100 6
0
33 1 0 100 6
0
34 1 0 100 6
0
35 1 0 100 6
0
36 2 0 100 6
0
37 2 0 100 6
0
38 2 0 100 6
0
39 2 0 100 6
0
40 2 0 100 6
0
41 2 0 100 6
0
42 2 0 100 6
0
43 2 0 100 6
0
44 2 0 100 6
0
45 2 0 100 6
0
46 2 0 100 6
0
47 2 0 100 6
0
48 2 0 100 6
0
49 2 0 100 6
0
50 2 0 100 6
0
51 2 0 100 6
0
52 2 0 100 6
0
53 2 0 100 6
0
54 3 0 100 6
0
55 3 0 100 6
0
56 3 0 100 6
0
57 3 0 100 6
0
58 3 0 100 6
0
59 3 0 100 6
0
60 3 0 100 6
0
61 3 0 100 6
0
62 3 0 100 6
0
63 3 0 100 6
0
64 3 0 100 6
0
65 3 0 100 6
0
66 3 0 100 6
0
67 3 0 100 6
0
68 3 0 100 6
0
69 3 0 100 6
0
70 3 0 100 6
0
71 3 0 100 6
0
1000
1 1 -1
2 21 77 22 78 433 864 436 867
2 2 -1
5 97 62 93 63 436 867 441 872
3 2 -1
7 99 3 98 3 438 869 442 873
4 0 -1
8 22 78 26 78 439 870 448 879
5 2 -1
9 53 24 53 26 440 871 446 877
6 2 -1
10 7 81 10 81 441 872 445 876
7 1 -1
11 96 85 91 86 442 873 448 879
8 2 -1
12 51 68 51 68 443 874 445 876
9 3 -1
13 0 14 1 14 444 875 446 877
10 1 -1
14 7 31 10 31 445 876 448 879
11 2 -1
15 74 81 77 82 446 877 452 883
12 2 -1
17 66 71 69 72 448 879 452 883
13 1 -1
18 70 6 70 9 449 880 455 886
14 2 -1
19 26 50 27 50 450 881 451 882
15 3 -1
20 3 81 4 82 451 882 453 884
16 1 -1
21 37 39 39 39 452 883 454 885
17 2 -1
22 80 42 83 43 453 884 457 888
18 3 -1
24 85 87 86 88 455 886 457 888
19 0 -1
29 1 80 3 83 460 891 466 897
20 3 -1
30 75 89 76 89 461 892 463 894
21 0 -1
31 87 26 88 27 462 893 464 895
22 2 -1
33 16 6 22 6 464 895 470 901
23 1 -1
35 24 2 24 3 466 897 467 898
24 1 -1
36 91 93 91 95 467 898 469 900
25 2 -1
39 80 79 81 79 470 901 471 902
26 3 -1
40 58 26 58 27 471 902 472 903
27 1 -1
41 10 97 10 98 472 903 474 905
28 0 -1
42 75 67 76 67 473 904 474 905
29 3 -1
43 50 22 51 22 474 905 475 906
30 1 -1
45 93 38 94 38 476 907 478 909
31 3 -1
49 43 80 45 81 480 911 483 914
32 1 -1
52 51 38 53 42 483 914 490 921
33 2 -1
53 51 37 51 40 484 915 489 920
34 1 -1
54 97 61 97 61 485 916 486 917
35 3 -1
56 60 22 70 29 487 918 504 935
36 1 -1
57 85 33 87 33 488 919 490 921
37 0 -1
59 65 87 66 87 490 921 491 922
38 2 -1
61 39 86 41 86 492 923 494 925
39 0 -1
62 28 15 30 18 493 924 501 932
40 1 -1
64 68 87 87 87 495 926 514 945
41 3 -1
69 81 48 83 48 500 931 502 933
42 2 -1
71 2 47 4 52 502 933 510 941
43 0 -1
73 8 89 9 91 504 935 509 940
44 1 -1
76 40 20 41 22 507 938 510 941
45 3 -1
78 87 3 89 3 509 940 511 942
46 2 -1
80 21 17 21 20 511 942 514 945
47 1 -1
81 13 64 13 65 512 943 514 945
48 1 -1
82 81 75 85 77 513 944 519 950
49 0 -1
83 34 61 38 62 514 945 519 950
50 3 -1
84 72 64 73 64 515 946 516 947
51 3 -1
86 26 10 26 13 517 948 527 958
52 1 -1
87 97 43 97 44 518 949 519 950
53 3 -1
90 76 30 76 31 521 952 522 953
54 3 -1
91 2 25 6 25 522 953 526 957
55 2 -1
92 64 45 64 45 523 954 524 955
56 3 -1
93 8 87 11 87 524 955 527 958
57 1 -1
94 0 76 3 77 525 956 531 962
58 0 -1
96 1 63 3 63 527 958 529 960
59 0 -1
103 27 13 27 14 534 965 537 968
60 3 -1
105 43 2 44 3 536 967 538 969
61 2 -1
106 80 99 86 97 537 968 547 978
62 3 -1
107 61 54 62 56 538 969 541 972
63 3 -1
108 59 87 63 90 539 970 547 978
64 1 -1
110 84 62 91 62 541 972 549 980
65 3 -1
111 55 42 56 42 542 973 543 974
66 3 -1
114 47 96 50 96 545 976 551 982
67 2 -1
115 13 67 14 68 546 977 551 982
68 2 -1
116 95 87 85 88 547 978 559 990
69 0 -1
119 28 99 31 99 550 981 553 984
70 2 -1
120 63 20 63 21 551 982 552 983
71 2 -1
122 63 12 63 13 553 984 557 988
72 1 -1
123 21 72 22 73 554 985 557 988
73 2 -1
124 60 89 60 89 555 986 559 990
74 2 -1
127 32 97 32 98 558 989 559 990
75 2 -1
128 86 58 68 58 559 990 578 1009
76 0 -1
130 4 24 5 24 561 992 562 993
77 3 -1
132 56 19 60 29 563 994 578 1009
78 1 -1
134 45 49 46 49 565 996 566 997
79 3 -1
135 20 60 22 64 566 997 577 1008
80 0 -1
136 4 19 6 19 567 998 569 1000
81 0 -1
139 8 45 9 45 570 1001 571 1002
82 2 -1
140 62 73 63 74 571 1002 575 1006
83 1 -1
141 61 95 65 95 572 1003 577 1008
84 0 -1
144 40 12 43 12 575 1006 580 1011
85 3 -1
145 29 39 29 40 576 1007 578 1009
86 1 -1
146 42 15 43 15 577 1008 578 1009
87 3 -1
147 77 90 77 90 578 1009 579 1010
88 0 -1
148 80 99 80 100 579 1010 580 1011
89 2 -1
149 79 72 79 74 580 1011 582 1013
90 0 -1
150 89 9 94 10 581 1012 587 1018
91 3 -1
153 72 71 72 71 584 1015 585 1016
92 3 -1
154 19 2 19 2 585 1016 589 1020
93 0 -1
155 67 80 69 82 586 1017 590 1021
94 1 -1
156 70 36 74 36 587 1018 592 1023
95 0 -1
157 1 55 5 55 588 1019 593 1024
96 2 -1
160 61 98 64 98 591 1022 597 1028
97 0 -1
162 88 1 89 1 593 1024 594 1025
98 2 -1
163 54 26 54 26 594 1025 595 1026
99 3 -1
166 99 8 99 8 597 1028 599 1030
100 3 -1
167 50 12 51 13 598 1029 603 1034
101 1 -1
168 33 14 34 14 599 1030 601 1032
102 0 -1
169 3 7 7 7 600 1031 605 1036
103 2 -1
170 98 1 94 2 601 1032 606 1037
104 2 -1
172 91 76 94 78 603 1034 608 1039
105 0 -1
173 17 76 20 76 604 1035 609 1040
106 2 -1
174 77 62 79 62 605 1036 607 1038
107 3 -1
179 48 13 49 13 610 1041 611 1042
108 1 -1
183 58 71 58 76 614 1045 619 1050
109 0 -1
184 26 93 27 94 615 1046 617 1048
110 1 -1
185 49 41 49 41 616 1047 618 1049
111 0 -1
186 33 67 36 70 617 1048 626 1057
112 3 -1
187 77 95 77 89 618 1049 624 1055
113 2 -1
189 67 96 68 100 620 1051 625 1056
114 1 -1
190 78 61 78 65 621 1052 626 1057
115 3 -1
193 32 66 33 66 624 1055 625 1056
116 1 -1
196 9 96 9 98 627 1058 629 1060
117 3 -1
197 52 65 53 65 628 1059 629 1060
118 3 -1
198 84 75 91 83 629 1060 647 1078
119 2 -1
199 68 96 68 96 630 1061 631 1062
120 1 -1
200 39 34 41 34 631 1062 633 1064
121 1 -1
201 97 88 98 88 632 1063 633 1064
122 3 -1
204 68 48 69 48 635 1066 636 1067
123 1 -1
208 62 71 63 71 639 1070 640 1071
124 1 -1
209 90 58 91 58 640 1071 641 1072
125 2 -1
211 28 18 28 20 642 1073 645 1076
126 0 -1
212 39 30 41 30 643 1074 645 1076
127 2 -1
213 53 98 53 100 644 1075 652 1083
128 2 -1
214 29 71 33 72 645 1076 650 1081
129 3 -1
218 50 41 53 41 649 1080 656 1087
130 1 -1
219 30 85 31 86 650 1081 652 1083
131 2 -1
224 45 89 45 90 655 1086 658 1089
132 0 -1
225 25 12 25 14 656 1087 658 1089
133 2 -1
229 97 45 99 48 660 1091 666 1097
134 0 -1
230 36 43 36 44 661 1092 662 1093
135 2 -1
231 74 36 74 37 662 1093 665 1096
136 2 -1
236 40 52 40 53 667 1098 669 1100
137 1 -1
237 94 38 96 38 668 1099 670 1101
138 2 -1
240 59 5 68 7 671 1102 682 1113
139 3 -1
242 67 93 67 95 673 1104 675 1106
140 3 -1
244 35 75 38 75 675 1106 680 1111
141 3 -1
245 88 2 90 3 676 1107 682 1113
142 2 -1
246 31 16 34 16 677 1108 680 1111
143 3 -1
247 91 80 92 81 678 1109 681 1112
144 2 -1
248 42 34 45 34 679 1110 682 1113
145 1 -1
250 2 50 3 50 681 1112 683 1114
146 0 -1
251 94 86 95 88 682 1113 685 1116
147 2 -1
253 24 75 25 75 684 1115 685 1116
148 1 -1
255 37 47 39 47 686 1117 688 1119
149 1 -1
256 75 72 76 75 687 1118 691 1122
150 0 -1
257 99 15 95 15 688 1119 692 1123
151 1 -1
258 89 11 89 11 689 1120 690 1121
152 2 -1
260 86 65 88 65 691 1122 693 1124
153 1 -1
261 74 90 78 90 692 1123 704 1135
154 1 -1
266 38 32 41 33 697 1128 701 1132
155 0 -1
267 93 7 96 7 698 1129 701 1132
156 1 -1
268 23 57 24 58 699 1130 701 1132
157 0 -1
269 28 13 28 13 700 1131 701 1132
158 0 -1
271 71 36 74 38 702 1133 708 1139
159 2 -1
272 72 89 73 89 703 1134 704 1135
160 2 -1
274 94 83 81 83 705 1136 718 1149
161 2 -1
277 27 50 27 51 708 1139 710 1141
162 1 -1
278 50 24 55 25 709 1140 715 1146
163 0 -1
279 52 60 52 60 710 1141 714 1145
164 3 -1
280 90 49 92 49 711 1142 714 1145
165 1 -1
283 99 99 99 99 714 1145 715 1146
166 1 -1
285 38 98 39 99 716 1147 719 1150
167 0 -1
286 42 18 44 18 717 1148 720 1151
168 3 -1
289 19 82 22 82 720 1151 723 1154
169 0 -1
293 16 37 18 39 724 1155 728 1159
170 3 -1
294 67 84 68 85 725 1156 729 1160
171 2 -1
295 64 85 64 85 726 1157 728 1159
172 3 -1
296 28 18 29 20 727 1158 731 1162
173 0 -1
303 14 95 20 95 734 1165 743 1174
174 0 -1
305 29 23 34 23 736 1167 741 1172
175 2 -1
306 47 78 48 78 737 1168 738 1169
176 0 -1
307 68 76 69 76 738 1169 740 1171
177 1 -1
310 13 43 17 43 741 1172 745 1176
178 0 -1
311 67 23 67 25 742 1173 746 1177
179 3 -1
312 15 70 24 70 743 1174 752 1183
180 3 -1
313 59 24 60 24 744 1175 745 1176
181 2 -1
315 29 20 30 20 746 1177 748 1179
182 1 -1
320 57 64 65 67 751 1182 767 1198
183 0 -1
321 28 64 30 64 752 1183 755 1186
184 0 -1
323 94 63 88 69 754 1185 767 1198
185 3 -1
325 92 33 93 39 756 1187 764 1195
186 2 -1
326 93 26 93 26 757 1188 758 1189
187 3 -1
327 33 13 35 13 758 1189 761 1192
188 3 -1
328 36 98 40 99 759 1190 764 1195
189 3 -1
329 79 34 79 34 760 1191 763 1194
190 1 -1
330 51 28 51 28 761 1192 766 1197
191 2 -1
337 11 5 21 8 768 1199 781 1212
192 3 -1
340 32 77 33 79 771 1202 774 1205
193 2 -1
342 89 87 90 87 773 1204 774 1205
194 1 -1
343 11 53 14 53 774 1205 777 1208
195 3 -1
345 38 38 43 41 776 1207 788 1219
196 1 -1
349 38 49 38 49 780 1211 781 1212
197 1 -1
351 49 41 50 41 782 1213 783 1214
198 1 -1
354 24 11 29 11 785 1216 791 1222
199 1 -1
356 66 59 66 60 787 1218 788 1219
200 3 -1
357 34 10 35 13 788 1219 792 1223
201 1 -1
358 49 90 50 91 789 1220 796 1227
202 0 -1
359 76 9 76 11 790 1221 793 1224
203 2 -1
360 95 11 95 12 791 1222 793 1224
204 3 -1
361 40 95 43 95 792 1223 798 1229
205 3 -1
363 7 37 8 37 794 1225 795 1226
206 0 -1
364 91 9 92 9 795 1226 796 1227
207 3 -1
365 99 55 98 55 796 1227 798 1229
208 1 -1
367 13 16 15 16 798 1229 804 1235
209 1 -1
371 45 79 45 79 802 1233 803 1234
210 2 -1
372 33 4 34 4 803 1234 811 1242
211 2 -1
373 49 74 51 74 804 1235 807 1238
212 1 -1
374 62 51 62 51 805 1236 806 1237
213 0 -1
375 26 91 26 92 806 1237 807 1238
214 1 -1
377 55 23 56 23 808 1239 809 1240
215 0 -1
379 78 39 78 39 810 1241 811 1242
216 3 -1
380 23 5 23 6 811 1242 812 1243
217 0 -1
381 15 53 16 55 812 1243 817 1248
218 0 -1
382 57 55 59 55 813 1244 815 1246
219 1 -1
383 70 82 70 83 814 1245 815 1246
220 2 -1
388 74 0 75 0 819 1250 820 1251
221 1 -1
391 93 22 94 23 822 1253 824 1255
222 1 -1
392 26 49 26 51 823 1254 825 1256
223 2 -1
394 87 75 87 78 825 1256 828 1259
224 2 -1
396 36 14 36 16 827 1258 832 1263
225 2 -1
397 40 51 40 52 828 1259 829 1260
226 2 -1
400 22 2 23 2 831 1262 833 1264
227 2 -1
401 4 73 4 74 832 1263 834 1265
228 2 -1
403 91 84 93 86 834 1265 839 1270
229 1 -1
404 97 96 99 96 835 1266 837 1268
230 2 -1
407 32 95 32 95 838 1269 839 1270
231 3 -1
408 80 70 81 70 839 1270 842 1273
232 1 -1
411 76 80 77 80 842 1273 844 1275
233 2 -1
412 56 62 56 62 843 1274 844 1275
234 0 -1
414 10 9 10 9 845 1276 846 1277
235 0 -1
418 14 62 14 63 849 1280 850 1281
236 1 -1
420 13 96 14 96 851 1282 852 1283
237 0 -1
421 21 60 23 60 852 1283 854 1285
238 2 -1
423 0 31 0 31 854 1285 855 1286
239 2 -1
426 77 58 77 60 857 1288 862 1293
240 0 -1
428 28 20 28 20 859 1290 861 1292
241 1 -1
433 96 35 97 35 864 1295 866 1297
242 0 -1
437 9 88 10 88 868 1299 869 1300
243 0 -1
439 17 54 19 54 870 1301 872 1303
244 0 -1
441 78 98 80 93 872 1303 880 1311
245 2 -1
446 42 19 43 22 877 1308 881 1312
246 3 -1
448 95 4 96 6 879 1310 882 1313
247 0 -1
450 51 16 55 19 881 1312 889 1320
248 0 -1
452 90 17 93 17 883 1314 886 1317
249 2 -1
455 18 20 20 21 886 1317 889 1320
250 2 -1
460 7 66 13 66 891 1322 897 1328
251 1 -1
461 87 77 88 77 892 1323 894 1325
252 2 -1
462 81 76 81 76 893 1324 896 1327
253 1 -1
464 10 55 10 57 895 1326 897 1328
254 1 -1
469 93 52 94 53 900 1331 902 1333
255 1 -1
471 22 37 30 38 902 1333 913 1344
256 2 -1
475 23 76 24 76 906 1337 908 1339
257 2 -1
478 8 9 10 9 909 1340 913 1344
258 0 -1
479 2 10 2 12 910 1341 912 1343
259 2 -1
480 1 3 8 3 911 1342 919 1350
260 1 -1
481 56 3 58 5 912 1343 918 1349
261 2 -1
482 10 74 11 74 913 1344 914 1345
262 3 -1
484 89 67 92 67 915 1346 919 1350
263 1 -1
486 73 70 74 72 917 1348 920 1351
264 1 -1
488 7 47 7 50 919 1350 922 1353
265 2 -1
489 80 92 92 92 920 1351 933 1364
266 2 -1
491 89 41 91 41 922 1353 924 1355
267 0 -1
493 65 80 65 80 924 1355 925 1356
268 2 -1
496 54 54 55 54 927 1358 928 1359
269 3 -1
501 90 94 91 94 932 1363 934 1365
270 2 -1
502 61 51 64 52 933 1364 937 1368
271 1 -1
505 52 90 54 90 936 1367 938 1369
272 2 -1
506 0 92 3 92 937 1368 942 1373
273 3 -1
507 77 36 79 37 938 1369 942 1373
274 3 -1
509 11 89 12 89 940 1371 941 1372
275 2 -1
511 3 95 4 95 942 1373 944 1375
276 3 -1
512 46 47 47 47 943 1374 944 1375
277 2 -1
515 11 9 11 9 946 1377 949 1380
278 1 -1
516 46 74 51 79 947 1378 960 1391
279 0 -1
517 11 52 14 53 948 1379 952 1383
280 3 -1
518 54 13 54 15 949 1380 951 1382
281 2 -1
520 26 32 26 33 951 1382 952 1383
282 1 -1
522 58 98 61 95 953 1384 962 1393
283 2 -1
523 35 0 36 0 954 1385 955 1386
284 3 -1
525 97 62 98 63 956 1387 958 1389
285 0 -1
526 0 4 1 5 957 1388 959 1390
286 3 -1
528 16 24 16 26 959 1390 964 1395
287 2 -1
530 23 64 27 64 961 1392 965 1396
288 3 -1
533 12 80 14 80 964 1395 966 1397
289 2 -1
535 42 10 44 11 966 1397 969 1400
290 1 -1
536 15 60 17 60 967 1398 969 1400
291 1 -1
537 61 7 61 8 968 1399 969 1400
292 3 -1
538 83 47 86 47 969 1400 972 1403
293 0 -1
540 44 87 46 88 971 1402 975 1406
294 2 -1
541 42 19 44 20 972 1403 975 1406
295 3 -1
542 90 49 93 51 973 1404 981 1412
296 2 -1
543 28 13 28 14 974 1405 976 1407
297 0 -1
546 83 9 83 11 977 1408 979 1410
298 1 -1
547 26 29 28 29 978 1409 980 1411
299 0 -1
550 54 61 54 61 981 1412 982 1413
300 2 -1
552 91 18 91 19 983 1414 986 1417
301 3 -1
553 21 62 21 62 984 1415 986 1417
302 1 -1
555 14 79 15 79 986 1417 991 1422
303 3 -1
556 60 68 62 68 987 1418 989 1420
304 2 -1
558 73 81 74 81 989 1420 990 1421
305 0 -1
559 75 61 77 64 990 1421 995 1426
306 1 -1
560 29 30 31 30 991 1422 993 1424
307 3 -1
562 11 85 12 85 993 1424 994 1425
308 2 -1
565 52 37 54 37 996 1427 1000 1431
309 3 -1
566 20 62 24 62 997 1428 1001 1432
310 2 -1
567 63 85 64 85 998 1429 999 1430
311 0 -1
570 94 92 94 95 1001 1432 1005 1436
312 1 -1
572 85 12 85 13 1003 1434 1006 1437
313 2 -1
573 1 31 3 32 1004 1435 1007 1438
314 0 -1
575 99 95 97 95 1006 1437 1008 1439
315 1 -1
577 99 47 98 47 1008 1439 1009 1440
316 0 -1
578 6 1 8 1 1009 1440 1011 1442
317 3 -1
579 7 17 10 17 1010 1441 1015 1446
318 3 -1
580 21 71 21 72 1011 1442 1012 1443
319 0 -1
585 81 57 81 57 1016 1447 1019 1450
320 1 -1
588 14 90 16 90 1019 1450 1024 1455
321 3 -1
589 40 49 53 50 1020 1451 1035 1466
322 2 -1
592 29 82 29 82 1023 1454 1024 1455
323 1 -1
594 76 50 76 51 1025 1456 1027 1458
324 3 -1
595 17 78 21 78 1026 1457 1041 1472
325 3 -1
596 67 79 68 79 1027 1458 1031 1462
326 3 -1
597 48 69 50 74 1028 1459 1036 1467
327 3 -1
599 73 20 80 20 1030 1461 1038 1469
328 1 -1
600 48 89 51 89 1031 1462 1034 1465
329 3 -1
601 65 75 65 75 1032 1463 1034 1465
330 3 -1
603 77 82 78 83 1034 1465 1036 1467
331 0 -1
608 9 0 10 1 1039 1470 1042 1473
332 3 -1
609 69 48 69 48 1040 1471 1041 1472
333 2 -1
610 21 40 26 40 1041 1472 1046 1477
334 2 -1
611 50 37 51 40 1042 1473 1046 1477
335 3 -1
613 42 17 49 18 1044 1475 1052 1483
336 0 -1
614 49 41 55 41 1045 1476 1051 1482
337 1 -1
615 50 97 50 98 1046 1477 1047 1478
338 2 -1
616 67 63 67 64 1047 1478 1049 1480
339 1 -1
619 92 9 95 9 1050 1481 1055 1486
340 2 -1
620 32 69 33 69 1051 1482 1053 1484
341 3 -1
621 78 80 78 80 1052 1483 1057 1488
342 0 -1
622 89 49 91 50 1053 1484 1056 1487
343 3 -1
623 45 11 45 13 1054 1485 1056 1487
344 3 -1
624 4 15 5 15 1055 1486 1056 1487
345 0 -1
625 47 48 47 50 1056 1487 1058 1489
346 3 -1
628 44 63 45 63 1059 1490 1060 1491
347 2 -1
629 51 10 53 11 1060 1491 1065 1496
348 0 -1
630 29 6 30 6 1061 1492 1062 1493
349 0 -1
634 83 20 84 20 1065 1496 1066 1497
350 3 -1
635 50 90 52 90 1066 1497 1068 1499
351 0 -1
636 35 43 37 43 1067 1498 1069 1500
352 1 -1
637 10 64 10 65 1068 1499 1070 1501
353 0 -1
639 60 8 61 8 1070 1501 1071 1502
354 3 -1
640 66 30 67 30 1071 1502 1073 1504
355 0 -1
641 27 20 27 20 1072 1503 1074 1505
356 2 -1
643 19 3 25 3 1074 1505 1080 1511
357 1 -1
645 47 64 47 64 1076 1507 1078 1509
358 0 -1
646 67 58 67 58 1077 1508 1079 1510
359 3 -1
648 11 39 11 40 1079 1510 1080 1511
360 3 -1
649 90 42 97 43 1080 1511 1090 1521
361 3 -1
650 63 8 63 9 1081 1512 1082 1513
362 1 -1
651 34 66 38 66 1082 1513 1086 1517
363 0 -1
652 78 81 81 83 1083 1514 1098 1529
364 0 -1
653 96 93 96 94 1084 1515 1085 1516
365 0 -1
656 26 60 27 60 1087 1518 1088 1519
366 0 -1
662 92 11 94 11 1093 1524 1095 1526
367 2 -1
663 56 43 57 50 1094 1525 1102 1533
368 0 -1
664 84 75 85 76 1095 1526 1097 1528
369 2 -1
665 73 28 73 28 1096 1527 1097 1528
370 0 -1
666 62 32 64 32 1097 1528 1099 1530
371 3 -1
667 51 27 54 27 1098 1529 1101 1532
372 0 -1
669 80 37 80 38 1100 1531 1101 1532
373 0 -1
672 18 58 20 60 1103 1534 1107 1538
374 0 -1
673 11 94 12 94 1104 1535 1106 1537
375 0 -1
674 23 49 26 49 1105 1536 1109 1540
376 1 -1
675 10 31 13 33 1106 1537 1111 1542
377 2 -1
678 23 80 24 81 1109 1540 1113 1544
378 2 -1
679 43 35 44 37 1110 1541 1113 1544
379 0 -1
680 5 22 8 23 1111 1542 1117 1548
380 3 -1
681 67 3 67 3 1112 1543 1114 1545
381 0 -1
682 86 59 86 59 1113 1544 1115 1546
382 3 -1
684 71 99 71 100 1115 1546 1117 1548
383 3 -1
685 67 7 72 7 1116 1547 1121 1552
384 1 -1
687 10 63 15 63 1118 1549 1123 1554
385 1 -1
688 89 41 89 41 1119 1550 1121 1552
386 0 -1
689 66 68 67 68 1120 1551 1122 1553
387 2 -1
690 75 11 77 11 1121 1552 1123 1554
388 3 -1
691 60 8 61 8 1122 1553 1124 1555
389 2 -1
692 71 33 72 34 1123 1554 1125 1556
390 3 -1
694 4 59 5 60 1125 1556 1128 1559
391 0 -1
696 37 32 37 32 1127 1558 1129 1560
392 2 -1
698 6 28 10 29 1129 1560 1134 1565
393 1 -1
700 56 35 57 35 1131 1562 1132 1563
394 3 -1
701 20 0 20 1 1132 1563 1133 1564
395 0 -1
702 11 66 14 69 1133 1564 1140 1571
396 0 -1
703 78 21 79 22 1134 1565 1136 1567
397 2 -1
704 88 45 89 46 1135 1566 1137 1568
398 1 -1
705 55 74 55 74 1136 1567 1140 1571
399 0 -1
706 3 84 3 86 1137 1568 1139 1570
400 2 -1
707 15 42 19 42 1138 1569 1142 1573
401 3 -1
708 44 35 47 35 1139 1570 1146 1577
402 0 -1
710 52 41 52 42 1141 1572 1144 1575
403 1 -1
712 3 53 3 54 1143 1574 1144 1575
404 2 -1
714 77 10 78 10 1145 1576 1146 1577
405 3 -1
716 91 98 92 98 1147 1578 1148 1579
406 1 -1
718 13 66 16 70 1149 1580 1157 1588
407 2 -1
719 23 40 24 40 1150 1581 1151 1582
408 3 -1
720 61 32 62 33 1151 1582 1153 1584
409 0 -1
722 34 32 34 33 1153 1584 1155 1586
410 2 -1
724 47 45 47 46 1155 1586 1157 1588
411 3 -1
725 10 66 12 66 1156 1587 1167 1598
412 3 -1
726 13 44 13 47 1157 1588 1161 1592
413 1 -1
727 60 97 63 97 1158 1589 1161 1592
414 1 -1
728 80 38 81 38 1159 1590 1164 1595
415 0 -1
729 97 5 97 6 1160 1591 1161 1592
416 3 -1
731 57 36 58 36 1162 1593 1163 1594
417 1 -1
733 62 51 63 51 1164 1595 1166 1597
418 2 -1
734 34 96 35 97 1165 1596 1167 1598
419 2 -1
735 61 82 62 83 1166 1597 1169 1600
420 2 -1
736 90 14 92 14 1167 1598 1169 1600
421 2 -1
737 47 32 48 34 1168 1599 1171 1602
422 3 -1
742 96 20 96 22 1173 1604 1178 1609
423 3 -1
744 27 8 27 10 1175 1606 1177 1608
424 1 -1
745 60 48 65 48 1176 1607 1181 1612
425 1 -1
748 19 14 21 14 1179 1610 1181 1612
426 1 -1
750 33 38 34 38 1181 1612 1182 1613
427 0 -1
751 45 43 46 43 1182 1613 1183 1614
428 3 -1
752 59 98 59 98 1183 1614 1186 1617
429 3 -1
753 11 22 12 22 1184 1615 1185 1616
430 1 -1
754 23 36 24 36 1185 1616 1191 1622
431 2 -1
755 34 79 35 79 1186 1617 1188 1619
432 1 -1
757 54 6 56 6 1188 1619 1190 1621
433 1 -1
758 88 29 96 29 1189 1620 1197 1628
434 2 -1
759 91 50 93 50 1190 1621 1192 1623
435 0 -1
760 59 72 59 73 1191 1622 1192 1623
436 2 -1
766 66 33 68 33 1197 1628 1199 1630
437 2 -1
767 23 19 23 21 1198 1629 1200 1631
438 1 -1
768 40 23 40 24 1199 1630 1202 1633
439 2 -1
771 79 89 80 89 1202 1633 1203 1634
440 1 -1
772 3 89 3 89 1203 1634 1205 1636
441 3 -1
773 35 8 37 9 1204 1635 1207 1638
442 1 -1
775 94 70 98 71 1206 1637 1211 1642
443 0 -1
777 25 13 27 13 1208 1639 1210 1641
444 2 -1
778 89 43 91 43 1209 1640 1211 1642
445 2 -1
779 52 97 52 97 1210 1641 1213 1644
446 1 -1
781 91 42 92 42 1212 1643 1213 1644
447 3 -1
782 14 89 16 89 1213 1644 1217 1648
448 0 -1
784 19 76 19 76 1215 1646 1217 1648
449 3 -1
787 51 15 51 16 1218 1649 1220 1651
450 1 -1
788 8 68 9 68 1219 1650 1220 1651
451 0 -1
789 24 32 27 33 1220 1651 1224 1655
452 2 -1
790 35 63 35 64 1221 1652 1223 1654
453 1 -1
791 43 64 48 64 1222 1653 1227 1658
454 1 -1
793 22 60 25 60 1224 1655 1227 1658
455 2 -1
794 8 25 12 25 1225 1656 1229 1660
456 2 -1
795 42 43 43 44 1226 1657 1228 1659
457 0 -1
796 16 10 16 12 1227 1658 1231 1662
458 2 -1
797 88 33 89 33 1228 1659 1229 1660
459 0 -1
798 62 45 64 45 1229 1660 1232 1663
460 1 -1
799 48 9 49 9 1230 1661 1232 1663
461 3 -1
800 47 60 50 61 1231 1662 1236 1667
462 0 -1
802 53 97 53 93 1233 1664 1237 1668
463 0 -1
803 20 99 22 99 1234 1665 1236 1667
464 0 -1
805 29 37 33 37 1236 1667 1241 1672
465 3 -1
806 62 47 71 47 1237 1668 1246 1677
466 2 -1
807 79 22 81 22 1238 1669 1240 1671
467 0 -1
810 12 81 13 81 1241 1672 1242 1673
468 0 -1
813 32 4 32 5 1244 1675 1245 1676
469 1 -1
818 60 47 61 48 1249 1680 1251 1682
470 1 -1
820 21 77 24 77 1251 1682 1254 1685
471 3 -1
824 87 83 88 84 1255 1686 1257 1688
472 2 -1
825 3 85 3 85 1256 1687 1259 1690
473 1 -1
827 31 87 32 87 1258 1689 1259 1690
474 1 -1
828 88 83 89 91 1259 1690 1269 1700
475 3 -1
830 30 14 32 15 1261 1692 1264 1695
476 2 -1
831 56 3 56 4 1262 1693 1263 1694
477 0 -1
833 16 10 18 10 1264 1695 1266 1697
478 0 -1
834 75 29 77 29 1265 1696 1267 1698
479 3 -1
835 35 15 35 16 1266 1697 1276 1707
480 3 -1
839 51 27 51 27 1270 1701 1272 1703
481 3 -1
841 67 89 68 92 1272 1703 1276 1707
482 0 -1
842 93 80 94 80 1273 1704 1275 1706
483 3 -1
844 48 19 50 19 1275 1706 1280 1711
484 0 -1
845 6 3 8 3 1276 1707 1278 1709
485 3 -1
846 23 38 26 39 1277 1708 1283 1714
486 3 -1
847 42 3 43 3 1278 1709 1279 1710
487 2 -1
850 15 77 15 77 1281 1712 1284 1715
488 1 -1
851 12 87 15 87 1282 1713 1286 1717
489 0 -1
854 85 43 85 43 1285 1716 1286 1717
490 3 -1
856 13 26 16 26 1287 1718 1290 1721
491 0 -1
859 2 45 7 45 1290 1721 1295 1726
492 0 -1
860 93 1 93 2 1291 1722 1292 1723
493 1 -1
861 5 14 5 15 1292 1723 1294 1725
494 1 -1
864 62 23 64 24 1295 1726 1298 1729
495 1 -1
867 91 0 91 0 1298 1729 1299 1730
496 1 -1
868 42 22 43 23 1299 1730 1301 1732
497 3 -1
871 59 54 71 57 1302 1733 1318 1749
498 3 -1
873 95 63 95 63 1304 1735 1306 1737
499 3 -1
874 79 54 79 55 1305 1736 1310 1741
500 3 -1
875 45 16 45 18 1306 1737 1309 1740
501 3 -1
877 24 5 26 5 1308 1739 1311 1742
502 2 -1
878 82 46 83 47 1309 1740 1311 1742
503 3 -1
879 96 93 97 94 1310 1741 1312 1743
504 3 -1
880 60 46 62 46 1311 1742 1315 1746
505 3 -1
881 50 99 55 100 1312 1743 1318 1749
506 3 -1
882 34 80 36 80 1313 1744 1315 1746
507 1 -1
885 76 36 76 37 1316 1747 1317 1748
508 1 -1
887 47 12 49 12 1318 1749 1321 1752
509 0 -1
889 74 25 74 27 1320 1751 1323 1754
510 3 -1
891 18 51 20 51 1322 1753 1324 1755
511 1 -1
893 61 64 62 64 1324 1755 1326 1757
512 3 -1
894 83 72 85 72 1325 1756 1328 1759
513 2 -1
895 29 90 29 92 1326 1757 1329 1760
514 2 -1
896 18 99 18 99 1327 1758 1329 1760
515 2 -1
897 55 77 55 78 1328 1759 1329 1760
516 2 -1
898 47 61 48 61 1329 1760 1331 1762
517 2 -1
899 7 32 8 32 1330 1761 1332 1763
518 1 -1
900 39 23 39 25 1331 1762 1337 1768
519 2 -1
901 0 77 1 78 1332 1763 1334 1765
520 1 -1
902 61 57 62 57 1333 1764 1334 1765
521 0 -1
905 45 35 45 36 1336 1767 1337 1768
522 1 -1
910 5 25 6 25 1341 1772 1342 1773
523 1 -1
912 37 85 41 91 1343 1774 1353 1784
524 0 -1
914 16 63 21 65 1345 1776 1352 1783
525 2 -1
917 56 95 57 96 1348 1779 1352 1783
526 3 -1
919 46 42 46 44 1350 1781 1352 1783
527 2 -1
920 92 16 94 16 1351 1782 1354 1785
528 2 -1
921 35 62 36 62 1352 1783 1353 1784
529 3 -1
923 36 32 37 32 1354 1785 1355 1786
530 1 -1
925 27 86 30 86 1356 1787 1359 1790
531 2 -1
926 51 2 56 2 1357 1788 1366 1797
532 2 -1
927 65 56 68 56 1358 1789 1361 1792
533 2 -1
928 36 66 40 66 1359 1790 1363 1794
534 1 -1
929 70 72 71 72 1360 1791 1361 1792
535 0 -1
931 36 79 38 79 1362 1793 1364 1795
536 3 -1
933 8 39 15 39 1364 1795 1371 1802
537 3 -1
935 33 96 33 97 1366 1797 1368 1799
538 3 -1
936 29 40 29 41 1367 1798 1368 1799
539 0 -1
937 2 12 3 14 1368 1799 1372 1803
540 1 -1
938 15 74 19 74 1369 1800 1373 1804
541 3 -1
940 94 20 96 20 1371 1802 1373 1804
542 2 -1
942 50 11 50 11 1373 1804 1374 1805
543 1 -1
943 99 33 92 33 1374 1805 1381 1812
544 0 -1
944 82 33 83 33 1375 1806 1376 1807
545 0 -1
945 76 22 78 22 1376 1807 1379 1810
546 0 -1
947 41 53 49 56 1378 1809 1391 1822
547 0 -1
948 52 68 55 68 1379 1810 1382 1813
548 1 -1
950 48 42 49 42 1381 1812 1383 1814
549 1 -1
951 66 36 67 37 1382 1813 1384 1815
550 1 -1
954 11 48 11 50 1385 1816 1387 1818
551 3 -1
955 81 4 81 5 1386 1817 1387 1818
552 3 -1
957 66 87 69 87 1388 1819 1391 1822
553 0 -1
958 60 89 60 90 1389 1820 1390 1821
554 2 -1
963 43 0 43 3 1394 1825 1397 1828
555 0 -1
964 54 19 56 19 1395 1826 1397 1828
556 3 -1
966 75 16 76 17 1397 1828 1399 1830
557 0 -1
969 70 8 72 8 1400 1831 1402 1833
558 3 -1
972 56 17 59 18 1403 1834 1409 1840
559 1 -1
973 86 56 88 56 1404 1835 1408 1839
560 2 -1
974 43 35 45 37 1405 1836 1415 1846
561 0 -1
976 85 76 90 76 1407 1838 1412 1843
562 0 -1
979 15 54 19 54 1410 1841 1414 1845
563 1 -1
981 79 53 80 53 1412 1843 1413 1844
564 1 -1
983 29 54 29 56 1414 1845 1417 1848
565 1 -1
984 49 21 51 21 1415 1846 1421 1852
566 1 -1
987 11 65 11 67 1418 1849 1422 1853
567 2 -1
989 13 84 15 84 1420 1851 1423 1854
568 2 -1
990 76 33 77 36 1421 1852 1425 1856
569 3 -1
992 68 55 68 58 1423 1854 1427 1858
570 0 -1
993 53 3 54 4 1424 1855 1426 1857
571 2 -1
994 34 62 38 62 1425 1856 1429 1860
572 0 -1
996 48 28 49 28 1427 1858 1429 1860
573 0 -1
997 51 81 53 81 1428 1859 1430 1861
574 0 -1
998 95 17 95 17 1429 1860 1430 1861
575 3 -1
999 90 12 91 12 1430 1861 1432 1863
576 1 -1
1001 54 46 5 46 1432 1863 1481 1912
577 1 -1
1004 43 0 45 0 1435 1866 1437 1868
578 1 -1
1008 14 96 14 96 1439 1870 1440 1871
579 0 -1
1010 34 17 35 18 1441 1872 1443 1874
580 0 -1
1012 16 26 17 26 1443 1874 1444 1875
581 3 -1
1015 10 92 11 92 1446 1877 1447 1878
582 0 -1
1016 77 8 78 8 1447 1878 1448 1879
583 2 -1
1017 34 60 35 60 1448 1879 1451 1882
584 0 -1
1018 26 76 32 76 1449 1880 1463 1894
585 0 -1
1019 99 79 93 81 1450 1881 1460 1891
586 1 -1
1020 52 59 54 60 1451 1882 1454 1885
587 1 -1
1021 46 13 46 14 1452 1883 1453 1884
588 2 -1
1022 18 40 19 46 1453 1884 1467 1898
589 3 -1
1025 20 47 24 48 1456 1887 1461 1892
590 0 -1
1027 16 60 17 60 1458 1889 1459 1890
591 1 -1
1028 42 39 43 39 1459 1890 1460 1891
592 3 -1
1031 44 75 44 77 1462 1893 1471 1902
593 2 -1
1032 77 58 84 58 1463 1894 1470 1901
594 1 -1
1033 33 84 34 87 1464 1895 1468 1899
595 2 -1
1035 27 99 28 100 1466 1897 1468 1899
596 1 -1
1036 62 60 63 61 1467 1898 1469 1900
597 1 -1
1037 96 11 96 12 1468 1899 1469 1900
598 1 -1
1039 53 2 53 3 1470 1901 1471 1902
599 0 -1
1040 71 97 72 97 1471 1902 1472 1903
600 2 -1
1042 80 88 89 89 1473 1904 1484 1915
601 1 -1
1044 65 29 67 30 1475 1906 1479 1910
602 3 -1
1045 92 75 95 75 1476 1907 1479 1910
603 2 -1
1051 28 73 29 73 1482 1913 1483 1914
604 0 -1
1053 21 37 21 37 1484 1915 1485 1916
605 2 -1
1056 18 15 20 15 1487 1918 1489 1920
606 2 -1
1057 79 70 81 70 1488 1919 1490 1921
607 0 -1
1059 42 38 43 38 1490 1921 1494 1925
608 1 -1
1060 46 16 49 18 1491 1922 1496 1927
609 1 -1
1063 39 33 41 33 1494 1925 1497 1928
610 1 -1
1065 20 70 20 70 1496 1927 1499 1930
611 3 -1
1066 36 67 36 69 1497 1928 1499 1930
612 2 -1
1067 74 16 74 17 1498 1929 1499 1930
613 0 -1
1070 94 56 84 58 1501 1932 1513 1944
614 1 -1
1071 0 38 4 39 1502 1933 1507 1938
615 3 -1
1073 19 75 26 78 1504 1935 1519 1950
616 3 -1
1074 76 94 77 94 1505 1936 1506 1937
617 3 -1
1075 60 67 62 68 1506 1937 1509 1940
618 2 -1
1078 63 89 66 89 1509 1940 1513 1944
619 3 -1
1082 1 81 1 82 1513 1944 1514 1945
620 3 -1
1083 16 13 17 13 1514 1945 1516 1947
621 3 -1
1084 17 12 17 13 1515 1946 1521 1952
622 1 -1
1085 35 53 35 56 1516 1947 1519 1950
623 0 -1
1086 77 39 80 39 1517 1948 1521 1952
624 1 -1
1090 92 91 93 91 1521 1952 1522 1953
625 1 -1
1091 23 99 24 96 1522 1953 1526 1957
626 1 -1
1092 64 32 65 32 1523 1954 1524 1955
627 2 -1
1095 70 45 71 47 1526 1957 1529 1960
628 0 -1
1097 86 6 86 8 1528 1959 1531 1962
629 1 -1
1098 79 65 80 67 1529 1960 1533 1964
630 2 -1
1099 95 52 90 52 1530 1961 1535 1966
631 1 -1
1100 48 12 53 12 1531 1962 1536 1967
632 0 -1
1102 90 65 93 65 1533 1964 1536 1967
633 3 -1
1103 45 56 49 56 1534 1965 1541 1972
634 2 -1
1104 3 34 3 34 1535 1966 1536 1967
635 2 -1
1105 41 73 41 74 1536 1967 1537 1968
636 0 -1
1107 7 4 12 6 1538 1969 1548 1979
637 1 -1
1109 17 18 17 20 1540 1971 1543 1974
638 1 -1
1111 15 3 16 3 1542 1973 1544 1975
639 1 -1
1113 97 0 98 0 1544 1975 1545 1976
640 2 -1
1114 3 60 4 60 1545 1976 1546 1977
641 2 -1
1115 86 40 89 40 1546 1977 1549 1980
642 3 -1
1116 10 88 18 90 1547 1978 1558 1989
643 0 -1
1118 10 95 11 95 1549 1980 1551 1982
644 3 -1
1120 95 49 96 50 1551 1982 1553 1984
645 1 -1
1121 67 37 67 37 1552 1983 1553 1984
646 0 -1
1122 13 35 16 35 1553 1984 1556 1987
647 0 -1
1124 1 74 7 75 1555 1986 1562 1993
648 1 -1
1125 85 26 87 26 1556 1987 1558 1989
649 0 -1
1126 49 33 52 37 1557 1988 1569 2000
650 2 -1
1129 93 23 93 23 1560 1991 1561 1992
651 0 -1
1130 40 43 41 43 1561 1992 1562 1993
652 2 -1
1132 50 89 50 91 1563 1994 1565 1996
653 1 -1
1133 12 90 12 90 1564 1995 1567 1998
654 3 -1
1137 18 69 18 71 1568 1999 1572 2003
655 0 -1
1138 12 5 13 5 1569 2000 1570 2001
656 3 -1
1139 13 68 14 68 1570 2001 1571 2002
657 0 -1
1141 65 72 66 72 1572 2003 1574 2005
658 0 -1
1142 81 76 83 77 1573 2004 1576 2007
659 3 -1
1144 75 82 77 83 1575 2006 1578 2009
660 0 -1
1147 20 4 24 4 1578 2009 1582 2013
661 2 -1
1150 65 98 66 98 1581 2012 1582 2013
662 1 -1
1151 50 36 50 36 1582 2013 1584 2015
663 1 -1
1154 17 52 17 52 1585 2016 1586 2017
664 1 -1
1156 38 53 39 53 1587 2018 1589 2020
665 0 -1
1157 15 38 19 39 1588 2019 1593 2024
666 1 -1
1158 12 24 12 27 1589 2020 1593 2024
667 3 -1
1159 10 22 10 24 1590 2021 1592 2023
668 1 -1
1164 23 51 26 51 1595 2026 1598 2029
669 3 -1
1166 45 8 48 8 1597 2028 1600 2031
670 3 -1
1169 6 91 7 92 1600 2031 1603 2034
671 0 -1
1170 25 77 27 77 1601 2032 1604 2035
672 1 -1
1171 67 69 71 71 1602 2033 1611 2042
673 1 -1
1172 81 84 81 85 1603 2034 1604 2035
674 0 -1
1174 94 7 94 8 1605 2036 1612 2043
675 0 -1
1175 48 63 51 63 1606 2037 1609 2040
676 0 -1
1176 69 45 70 46 1607 2038 1609 2040
677 0 -1
1177 23 15 24 15 1608 2039 1610 2041
678 3 -1
1179 7 15 7 15 1610 2041 1611 2042
679 3 -1
1186 8 53 10 53 1617 2048 1619 2050
680 1 -1
1187 95 6 97 6 1618 2049 1620 2051
681 0 -1
1188 20 60 21 60 1619 2050 1620 2051
682 3 -1
1190 56 10 57 10 1621 2052 1622 2053
683 2 -1
1191 81 47 81 49 1622 2053 1624 2055
684 1 -1
1194 96 5 96 7 1625 2056 1627 2058
685 0 -1
1195 16 70 16 72 1626 2057 1629 2060
686 1 -1
1197 27 93 27 95 1628 2059 1631 2062
687 3 -1
1198 81 22 81 23 1629 2060 1633 2064
688 0 -1
1201 40 37 40 41 1632 2063 1637 2068
689 0 -1
1202 11 45 11 46 1633 2064 1634 2065
690 2 -1
1203 78 93 79 93 1634 2065 1635 2066
691 1 -1
1205 22 96 23 98 1636 2067 1639 2070
692 3 -1
1207 64 88 67 89 1638 2069 1642 2073
693 3 -1
1208 88 25 90 25 1639 2070 1641 2072
694 3 -1
1209 39 38 40 38 1640 2071 1641 2072
695 1 -1
1211 43 64 46 65 1642 2073 1646 2077
696 3 -1
1214 11 60 11 66 1645 2076 1651 2082
697 1 -1
1217 6 25 7 26 1648 2079 1650 2081
698 0 -1
1218 55 12 55 13 1649 2080 1650 2081
699 0 -1
1219 53 52 54 57 1650 2081 1657 2088
700 0 -1
1220 80 20 81 20 1651 2082 1652 2083
701 1 -1
1222 33 46 35 47 1653 2084 1656 2087
702 1 -1
1223 92 29 93 32 1654 2085 1658 2089
703 3 -1
1226 55 48 58 48 1657 2088 1660 2091
704 3 -1
1227 81 28 82 28 1658 2089 1659 2090
705 0 -1
1229 37 41 37 42 1660 2091 1661 2092
706 0 -1
1230 22 17 23 20 1661 2092 1666 2097
707 2 -1
1231 54 50 55 50 1662 2093 1663 2094
708 0 -1
1233 25 55 26 55 1664 2095 1666 2097
709 2 -1
1235 39 9 40 11 1666 2097 1670 2101
710 2 -1
1236 79 39 79 44 1667 2098 1672 2103
711 0 -1
1237 95 1 95 6 1668 2099 1673 2104
712 0 -1
1238 18 4 22 4 1669 2100 1674 2105
713 2 -1
1240 30 71 33 72 1671 2102 1675 2106
714 0 -1
1241 19 55 19 56 1672 2103 1673 2104
715 2 -1
1242 47 14 59 14 1673 2104 1686 2117
716 2 -1
1243 6 0 8 0 1674 2105 1676 2107
717 3 -1
1244 87 78 90 81 1675 2106 1682 2113
718 2 -1
1246 96 45 99 47 1677 2108 1686 2117
719 2 -1
1250 41 59 41 59 1681 2112 1682 2113
720 3 -1
1254 0 98 3 99 1685 2116 1692 2123
721 3 -1
1255 11 47 12 49 1686 2117 1690 2121
722 0 -1
1258 70 25 75 34 1689 2120 1705 2136
723 0 -1
1259 20 62 38 62 1690 2121 1708 2139
724 2 -1
1260 21 0 27 0 1691 2122 1697 2128
725 0 -1
1261 16 43 16 44 1692 2123 1699 2130
726 1 -1
1263 23 91 24 92 1694 2125 1701 2132
727 2 -1
1264 88 91 92 91 1695 2126 1699 2130
728 2 -1
1265 64 31 64 32 1696 2127 1698 2129
729 1 -1
1266 35 37 36 37 1697 2128 1698 2129
730 2 -1
1268 77 11 80 11 1699 2130 1702 2133
731 0 -1
1276 50 89 50 90 1707 2138 1708 2139
732 3 -1
1277 54 81 56 83 1708 2139 1713 2144
733 2 -1
1281 46 37 47 38 1712 2143 1714 2145
734 2 -1
1284 96 91 97 91 1715 2146 1717 2148
735 1 -1
1287 67 23 69 24 1718 2149 1722 2153
736 3 -1
1290 64 68 67 70 1721 2152 1728 2159
737 0 -1
1291 98 0 96 0 1722 2153 1725 2156
738 1 -1
1292 7 35 11 44 1723 2154 1749 2180
739 1 -1
1297 11 59 13 60 1728 2159 1731 2162
740 0 -1
1298 32 73 32 74 1729 2160 1730 2161
741 3 -1
1299 16 80 18 80 1730 2161 1733 2164
742 3 -1
1300 10 61 12 61 1731 2162 1733 2164
743 2 -1
1307 18 97 18 98 1738 2169 1739 2170
744 2 -1
1309 68 25 68 26 1740 2171 1742 2173
745 0 -1
1312 20 4 20 5 1743 2174 1745 2176
746 2 -1
1313 37 25 37 26 1744 2175 1745 2176
747 2 -1
1314 57 24 61 24 1745 2176 1749 2180
748 2 -1
1315 1 72 6 72 1746 2177 1751 2182
749 1 -1
1316 67 48 67 50 1747 2178 1749 2180
750 1 -1
1317 85 10 86 10 1748 2179 1750 2181
751 1 -1
1318 88 22 89 23 1749 2180 1752 2183
752 1 -1
1319 48 40 49 40 1750 2181 1752 2183
753 2 -1
1320 0 2 1 2 1751 2182 1752 2183
754 3 -1
1321 3 48 3 48 1752 2183 1754 2185
755 1 -1
1323 5 94 7 94 1754 2185 1756 2187
756 0 -1
1324 67 84 72 84 1755 2186 1760 2191
757 1 -1
1325 21 50 21 50 1756 2187 1762 2193
758 3 -1
1326 58 37 58 37 1757 2188 1758 2189
759 3 -1
1327 15 28 19 28 1758 2189 1768 2199
760 0 -1
1329 51 1 51 3 1760 2191 1762 2193
761 2 -1
1332 29 67 30 67 1763 2194 1765 2196
762 3 -1
1333 23 17 23 17 1764 2195 1765 2196
763 3 -1
1335 42 94 55 95 1766 2197 1782 2213
764 2 -1
1336 76 91 77 91 1767 2198 1768 2199
765 3 -1
1338 29 59 32 59 1769 2200 1772 2203
766 3 -1
1340 69 44 73 44 1771 2202 1778 2209
767 2 -1
1342 79 10 82 10 1773 2204 1776 2207
768 0 -1
1344 17 26 17 26 1775 2206 1777 2208
769 3 -1
1345 75 61 76 61 1776 2207 1777 2208
770 3 -1
1347 84 36 84 36 1778 2209 1781 2212
771 0 -1
1348 12 3 17 3 1779 2210 1784 2215
772 0 -1
1349 87 10 93 10 1780 2211 1786 2217
773 3 -1
1354 92 68 95 68 1785 2216 1788 2219
774 3 -1
1355 25 33 28 33 1786 2217 1791 2222
775 2 -1
1359 43 4 46 4 1790 2221 1795 2226
776 3 -1
1362 93 60 94 60 1793 2224 1795 2226
777 1 -1
1365 52 44 53 44 1796 2227 1797 2228
778 2 -1
1368 62 52 63 52 1799 2230 1801 2232
779 1 -1
1369 2 68 24 78 1800 2231 1835 2266
780 2 -1
1370 11 74 12 74 1801 2232 1803 2234
781 3 -1
1372 76 24 77 26 1803 2234 1808 2239
782 2 -1
1374 55 33 56 33 1805 2236 1807 2238
783 2 -1
1375 1 88 3 88 1806 2237 1813 2244
784 1 -1
1376 37 28 37 28 1807 2238 1808 2239
785 1 -1
1377 94 22 95 22 1808 2239 1811 2242
786 0 -1
1378 59 99 60 99 1809 2240 1810 2241
787 1 -1
1379 63 48 66 49 1810 2241 1814 2245
788 3 -1
1381 60 28 60 29 1812 2243 1815 2246
789 0 -1
1382 90 7 90 10 1813 2244 1816 2247
790 2 -1
1383 55 56 57 56 1814 2245 1816 2247
791 0 -1
1385 35 35 38 35 1816 2247 1822 2253
792 1 -1
1386 98 43 96 44 1817 2248 1820 2251
793 1 -1
1387 98 63 94 68 1818 2249 1829 2260
794 2 -1
1388 96 82 98 83 1819 2250 1822 2253
795 0 -1
1389 47 98 47 98 1820 2251 1822 2253
796 2 -1
1390 97 58 97 58 1821 2252 1823 2254
797 3 -1
1391 67 99 68 99 1822 2253 1824 2255
798 3 -1
1393 20 98 20 100 1824 2255 1826 2257
799 1 -1
1395 71 77 71 79 1826 2257 1834 2265
800 2 -1
1396 19 22 20 22 1827 2258 1828 2259
801 2 -1
1400 5 21 5 24 1831 2262 1834 2265
802 3 -1
1401 10 72 10 75 1832 2263 1835 2266
803 1 -1
1402 1 25 4 26 1833 2264 1840 2271
804 2 -1
1403 24 31 25 32 1834 2265 1836 2267
805 2 -1
1406 11 60 12 60 1837 2268 1838 2269
806 2 -1
1411 54 21 56 21 1842 2273 1844 2275
807 1 -1
1412 38 19 42 21 1843 2274 1849 2280
808 0 -1
1413 58 28 58 28 1844 2275 1845 2276
809 0 -1
1414 70 50 71 51 1845 2276 1847 2278
810 2 -1
1415 33 45 35 45 1846 2277 1848 2279
811 1 -1
1417 90 90 91 90 1848 2279 1849 2280
812 2 -1
1418 42 73 42 78 1849 2280 1854 2285
813 0 -1
1419 90 34 93 37 1850 2281 1857 2288
814 3 -1
1420 40 9 43 13 1851 2282 1859 2290
815 0 -1
1423 21 17 22 17 1854 2285 1855 2286
816 0 -1
1426 15 36 15 36 1857 2288 1859 2290
817 1 -1
1428 26 60 29 60 1859 2290 1862 2293
818 1 -1
1429 28 59 29 59 1860 2291 1862 2293
819 2 -1
1430 96 5 97 5 1861 2292 1862 2293
820 3 -1
1431 92 55 95 55 1862 2293 1865 2296
821 1 -1
1432 29 72 29 72 1863 2294 1864 2295
822 2 -1
1434 97 98 98 98 1865 2296 1866 2297
823 1 -1
1435 48 81 52 84 1866 2297 1873 2304
824 0 -1
1436 93 70 94 71 1867 2298 1869 2300
825 0 -1
1438 59 12 63 12 1869 2300 1873 2304
826 0 -1
1439 59 32 60 32 1870 2301 1871 2302
827 2 -1
1440 98 2 98 2 1871 2302 1874 2305
828 0 -1
1441 81 71 85 73 1872 2303 1879 2310
829 1 -1
1442 61 65 63 65 1873 2304 1875 2306
830 0 -1
1443 40 89 41 91 1874 2305 1879 2310
831 3 -1
1444 70 8 71 9 1875 2306 1877 2308
832 0 -1
1446 42 29 44 32 1877 2308 1883 2314
833 1 -1
1447 14 47 15 47 1878 2309 1880 2311
834 3 -1
1448 22 88 24 88 1879 2310 1881 2312
835 1 -1
1452 76 22 77 22 1883 2314 1884 2315
836 2 -1
1454 28 30 29 30 1885 2316 1889 2320
837 3 -1
1455 54 25 54 26 1886 2317 1888 2319
838 3 -1
1456 48 86 48 87 1887 2318 1888 2319
839 1 -1
1457 53 96 59 96 1888 2319 1894 2325
840 1 -1
1458 83 30 86 37 1889 2320 1899 2330
841 0 -1
1461 40 56 43 56 1892 2323 1895 2326
842 0 -1
1462 0 93 3 93 1893 2324 1897 2328
843 0 -1
1463 92 71 92 71 1894 2325 1896 2327
844 2 -1
1465 46 93 46 94 1896 2327 1898 2329
845 3 -1
1466 5 77 5 78 1897 2328 1899 2330
846 0 -1
1468 80 63 80 63 1899 2330 1900 2331
847 2 -1
1469 91 1 96 1 1900 2331 1905 2336
848 1 -1
1470 1 30 1 30 1901 2332 1902 2333
849 2 -1
1472 78 52 83 52 1903 2334 1908 2339
850 1 -1
1473 25 20 29 20 1904 2335 1909 2340
851 2 -1
1474 3 52 14 52 1905 2336 1916 2347
852 2 -1
1475 26 97 26 97 1906 2337 1908 2339
853 2 -1
1478 24 39 26 42 1909 2340 1915 2346
854 1 -1
1479 93 0 93 1 1910 2341 1912 2343
855 0 -1
1481 81 26 83 26 1912 2343 1914 2345
856 2 -1
1483 26 88 28 94 1914 2345 1925 2356
857 1 -1
1486 69 33 74 33 1917 2348 1922 2353
858 0 -1
1487 5 97 6 98 1918 2349 1922 2353
859 1 -1
1493 67 27 69 27 1924 2355 1926 2357
860 2 -1
1495 83 4 83 4 1926 2357 1927 2358
861 0 -1
1496 27 20 30 21 1927 2358 1931 2362
862 1 -1
1497 88 74 88 77 1928 2359 1932 2363
863 0 -1
1499 4 49 6 49 1930 2361 1932 2363
864 2 -1
1500 43 7 44 8 1931 2362 1933 2364
865 1 -1
1501 34 52 36 53 1932 2363 1940 2371
866 0 -1
1502 93 19 97 19 1933 2364 1937 2368
867 2 -1
1504 27 99 29 94 1935 2366 1948 2379
868 0 -1
1505 41 45 47 47 1936 2367 1946 2377
869 0 -1
1506 92 29 94 29 1937 2368 1939 2370
870 0 -1
1507 75 74 76 76 1938 2369 1941 2372
871 3 -1
1508 45 39 49 40 1939 2370 1945 2376
872 3 -1
1509 6 55 6 56 1940 2371 1941 2372
873 0 -1
1511 64 7 64 9 1942 2373 1944 2375
874 1 -1
1513 77 60 80 62 1944 2375 1949 2380
875 1 -1
1515 30 96 31 96 1946 2377 1947 2378
876 0 -1
1516 40 58 43 58 1947 2378 1950 2381
877 1 -1
1517 20 37 22 37 1948 2379 1951 2382
878 2 -1
1518 28 11 29 12 1949 2380 1952 2383
879 2 -1
1519 52 73 54 73 1950 2381 1954 2385
880 3 -1
1521 36 86 38 86 1952 2383 1956 2387
881 0 -1
1522 92 8 93 9 1953 2384 1955 2386
882 2 -1
1523 91 18 91 18 1954 2385 1956 2387
883 1 -1
1527 65 74 67 75 1958 2389 1962 2393
884 1 -1
1528 4 35 4 35 1959 2390 1960 2391
885 3 -1
1533 6 18 7 18 1964 2395 1965 2396
886 3 -1
1534 61 66 61 68 1965 2396 1974 2405
887 3 -1
1535 81 49 83 50 1966 2397 1969 2400
888 0 -1
1536 87 76 89 76 1967 2398 1969 2400
889 0 -1
1538 6 53 8 55 1969 2400 1973 2404
890 3 -1
1540 8 43 8 43 1971 2402 1972 2403
891 1 -1
1543 30 82 33 82 1974 2405 1977 2408
892 0 -1
1544 71 79 73 79 1975 2406 1977 2408
893 0 -1
1545 8 35 9 36 1976 2407 1978 2409
894 1 -1
1547 13 14 16 15 1978 2409 1983 2414
895 2 -1
1550 14 57 15 58 1981 2412 1983 2414
896 0 -1
1551 52 54 54 54 1982 2413 1984 2415
897 1 -1
1552 34 39 37 40 1983 2414 1988 2419
898 3 -1
1554 11 31 11 31 1985 2416 1989 2420
899 0 -1
1555 8 86 10 86 1986 2417 1988 2419
900 0 -1
1556 26 39 27 39 1987 2418 1989 2420
901 1 -1
1559 72 28 78 28 1990 2421 1996 2427
902 3 -1
1560 59 97 60 93 1991 2422 1997 2428
903 0 -1
1562 97 10 99 10 1993 2424 1995 2426
904 0 -1
1563 25 65 30 65 1994 2425 2004 2435
905 1 -1
1564 74 5 75 6 1995 2426 1997 2428
906 1 -1
1566 3 62 3 62 1997 2428 1999 2430
907 1 -1
1567 7 63 11 63 1998 2429 2002 2433
908 1 -1
1573 12 93 12 96 2004 2435 2012 2443
909 0 -1
1575 99 94 98 94 2006 2437 2007 2438
910 1 -1
1576 91 24 91 24 2007 2438 2009 2440
911 1 -1
1577 89 61 89 61 2008 2439 2010 2441
912 1 -1
1579 60 87 62 88 2010 2441 2013 2444
913 1 -1
1580 85 46 87 46 2011 2442 2013 2444
914 1 -1
1582 31 9 31 10 2013 2444 2014 2445
915 1 -1
1584 42 80 43 80 2015 2446 2016 2447
916 3 -1
1587 72 64 76 65 2018 2449 2030 2461
917 1 -1
1588 27 85 29 87 2019 2450 2023 2454
918 0 -1
1589 37 70 37 70 2020 2451 2022 2453
919 3 -1
1590 63 22 63 23 2021 2452 2024 2455
920 2 -1
1591 71 44 71 47 2022 2453 2027 2458
921 1 -1
1593 21 97 22 97 2024 2455 2028 2459
922 3 -1
1594 41 24 41 25 2025 2456 2027 2458
923 2 -1
1596 12 94 12 96 2027 2458 2029 2460
924 1 -1
1598 99 95 98 95 2029 2460 2030 2461
925 2 -1
1599 72 84 74 85 2030 2461 2034 2465
926 1 -1
1600 45 42 46 42 2031 2462 2032 2463
927 2 -1
1603 83 33 83 33 2034 2465 2035 2466
928 1 -1
1606 86 34 86 36 2037 2468 2039 2470
929 3 -1
1608 63 68 64 68 2039 2470 2040 2471
930 1 -1
1609 25 28 27 28 2040 2471 2042 2473
931 3 -1
1610 42 16 42 16 2041 2472 2042 2473
932 0 -1
1611 91 88 91 88 2042 2473 2044 2475
933 2 -1
1613 62 19 62 19 2044 2475 2046 2477
934 0 -1
1615 15 89 16 89 2046 2477 2047 2478
935 1 -1
1618 24 50 27 50 2049 2480 2052 2483
936 0 -1
1620 94 49 97 51 2051 2482 2056 2487
937 2 -1
1621 90 70 97 70 2052 2483 2059 2490
938 1 -1
1623 58 24 58 29 2054 2485 2059 2490
939 3 -1
1624 45 21 46 21 2055 2486 2056 2487
940 2 -1
1625 79 43 80 45 2056 2487 2059 2490
941 3 -1
1626 21 50 23 50 2057 2488 2059 2490
942 1 -1
1627 76 72 81 76 2058 2489 2071 2502
943 1 -1
1629 69 9 70 9 2060 2491 2061 2492
944 1 -1
1631 47 58 49 58 2062 2493 2064 2495
945 3 -1
1633 32 20 32 28 2064 2495 2074 2505
946 2 -1
1634 77 16 78 16 2065 2496 2067 2498
947 3 -1
1637 23 37 23 37 2068 2499 2069 2500
948 3 -1
1638 31 8 33 9 2069 2500 2072 2503
949 2 -1
1640 0 82 8 82 2071 2502 2081 2512
950 2 -1
1641 19 48 22 48 2072 2503 2075 2506
951 2 -1
1642 75 66 79 66 2073 2504 2077 2508
952 3 -1
1645 74 57 74 57 2076 2507 2077 2508
953 1 -1
1648 32 42 33 43 2079 2510 2081 2512
954 0 -1
1649 22 18 24 18 2080 2511 2082 2513
955 0 -1
1650 68 34 68 34 2081 2512 2082 2513
956 3 -1
1656 78 64 78 68 2087 2518 2091 2522
957 0 -1
1657 17 74 19 75 2088 2519 2091 2522
958 0 -1
1659 14 41 15 42 2090 2521 2094 2525
959 0 -1
1660 70 80 74 80 2091 2522 2095 2526
960 0 -1
1661 53 10 59 11 2092 2523 2099 2530
961 1 -1
1662 34 77 41 77 2093 2524 2100 2531
962 2 -1
1663 51 78 58 78 2094 2525 2101 2532
963 1 -1
1664 11 92 13 92 2095 2526 2097 2528
964 3 -1
1665 6 17 6 17 2096 2527 2097 2528
965 2 -1
1668 34 29 36 29 2099 2530 2102 2533
966 1 -1
1671 30 97 38 97 2102 2533 2110 2541
967 0 -1
1672 17 42 18 42 2103 2534 2107 2538
968 1 -1
1673 85 56 87 57 2104 2535 2109 2540
969 1 -1
1675 81 2 82 2 2106 2537 2107 2538
970 3 -1
1676 83 5 83 5 2107 2538 2110 2541
971 3 -1
1678 13 41 15 41 2109 2540 2112 2543
972 2 -1
1679 96 91 90 92 2110 2541 2117 2548
973 0 -1
1680 67 91 67 95 2111 2542 2115 2546
974 1 -1
1683 21 81 28 81 2114 2545 2121 2552
975 3 -1
1685 73 82 76 82 2116 2547 2119 2550
976 0 -1
1686 11 32 12 40 2117 2548 2127 2558
977 3 -1
1687 28 36 31 36 2118 2549 2122 2553
978 3 -1
1688 55 6 60 7 2119 2550 2125 2556
979 0 -1
1690 80 84 82 85 2121 2552 2125 2556
980 0 -1
1691 45 38 47 38 2122 2553 2124 2555
981 3 -1
1692 14 51 14 51 2123 2554 2126 2557
982 2 -1
1694 1 63 2 63 2125 2556 2126 2557
983 3 -1
1695 45 54 46 56 2126 2557 2130 2561
984 0 -1
1696 48 1 50 2 2127 2558 2130 2561
985 3 -1
1697 77 71 78 72 2128 2559 2130 2561
986 3 -1
1698 54 65 55 66 2129 2560 2131 2562
987 3 -1
1700 44 21 45 22 2131 2562 2133 2564
988 1 -1
1702 3 19 3 23 2133 2564 2147 2578
989 3 -1
1703 53 36 53 37 2134 2565 2135 2566
990 3 -1
1704 53 90 55 90 2135 2566 2138 2569
991 1 -1
1709 0 78 2 78 2140 2571 2143 2574
992 3 -1
1712 25 12 26 14 2143 2574 2146 2577
993 3 -1
1714 76 72 80 72 2145 2576 2149 2580
994 0 -1
1717 15 8 19 8 2148 2579 2152 2583
995 3 -1
1718 42 5 44 5 2149 2580 2151 2582
996 0 -1
1720 86 25 88 26 2151 2582 2157 2588
997 2 -1
1722 46 20 47 20 2153 2584 2154 2585
998 1 -1
1723 37 13 39 13 2154 2585 2156 2587
999 1 -1
1725 83 13 83 13 2156 2587 2158 2589
1000 2 -1
1726 63 17 65 18 2157 2588 2160 2591
