100 100 831
4
0 36 12
1 27 73
2 35 21
3 89 7
16
0 0 0 100 6
0
1 0 0 100 6
0
2 0 0 100 6
0
3 0 0 100 6
0
4 1 0 100 6
0
5 1 0 100 6
0
6 1 0 100 6
0
7 1 0 100 6
0
8 2 0 100 6
0
9 2 0 100 6
0
10 2 0 100 6
0
11 2 0 100 6
0
12 3 0 100 6
0
13 3 0 100 6
0
14 3 0 100 6
0
15 3 0 100 6
0
300
1 2 -1
2 90 45 93 45 140 278 143 281
2 2 -1
5 87 12 90 14 143 281 148 286
3 3 -1
7 42 61 46 61 145 283 149 287
4 1 -1
8 84 82 84 84 146 284 155 293
5 2 -1
9 53 48 58 48 147 285 153 291
6 3 -1
10 87 53 90 54 148 286 152 290
7 3 -1
11 71 64 77 64 149 287 155 293
8 2 -1
12 54 9 54 9 150 288 152 290
9 3 -1
13 14 93 15 93 151 289 153 291
10 3 -1
14 13 40 13 40 152 290 155 293
11 2 -1
15 16 52 21 52 153 291 159 297
12 0 -1
17 19 43 23 43 155 293 159 297
13 1 -1
18 86 73 87 73 156 294 162 300
14 2 -1
19 92 99 92 100 157 295 158 296
15 1 -1
20 88 91 88 92 158 296 160 298
16 1 -1
21 40 31 41 31 159 297 161 299
17 0 -1
22 72 42 72 43 160 298 164 302
18 3 -1
24 73 18 73 19 162 300 164 302
19 1 -1
29 97 75 94 76 167 305 173 311
20 1 -1
30 81 39 83 39 168 306 170 308
21 0 -1
31 38 66 38 66 169 307 171 309
22 3 -1
33 28 50 34 50 171 309 177 315
23 3 -1
35 68 36 68 37 173 311 174 312
24 0 -1
36 47 17 47 18 174 312 176 314
25 3 -1
39 1 33 2 33 177 315 178 316
26 1 -1
40 77 42 78 42 178 316 179 317
27 0 -1
41 36 70 37 71 179 317 181 319
28 1 -1
42 17 28 17 28 180 318 181 319
29 2 -1
43 17 65 17 66 181 319 182 320
30 1 -1
45 54 43 55 43 183 321 185 323
31 1 -1
49 63 11 64 12 187 325 190 328
32 2 -1
52 63 98 70 98 190 328 197 335
33 3 -1
53 50 90 55 90 191 329 196 334
34 0 -1
54 27 4 28 4 192 330 193 331
35 2 -1
56 20 54 35 54 194 332 211 349
36 3 -1
57 57 14 59 14 195 333 197 335
37 1 -1
59 16 51 17 51 197 335 198 336
38 2 -1
61 97 38 99 38 199 337 201 339
39 2 -1
62 83 31 90 32 200 338 208 346
40 0 -1
64 80 31 96 34 202 340 221 359
41 0 -1
69 85 30 86 31 207 345 209 347
42 1 -1
71 53 81 58 84 209 347 217 355
43 1 -1
73 57 77 62 77 211 349 216 354
44 3 -1
76 47 9 48 10 214 352 217 355
45 0 -1
78 63 76 65 76 216 354 218 356
46 1 -1
80 92 63 95 63 218 356 221 359
47 1 -1
81 9 97 9 97 219 357 221 359
48 2 -1
82 78 92 82 93 220 358 226 364
49 2 -1
83 18 83 19 87 221 359 226 364
50 3 -1
84 75 2 75 3 222 360 223 361
51 1 -1
86 58 76 61 76 224 362 234 372
52 3 -1
87 16 11 17 11 225 363 226 364
53 2 -1
90 16 73 16 73 228 366 229 367
54 1 -1
91 69 60 73 60 229 367 233 371
55 0 -1
92 21 4 21 5 230 368 231 369
56 1 -1
93 25 18 28 18 231 369 234 372
57 3 -1
94 79 96 85 96 232 370 238 376
58 2 -1
96 71 73 72 74 234 372 236 374
59 3 -1
103 57 27 57 29 241 379 244 382
60 3 -1
105 72 16 74 16 243 381 245 383
61 2 -1
106 87 51 88 53 244 382 254 392
62 0 -1
107 0 64 2 65 245 383 248 386
63 1 -1
108 56 87 57 93 246 384 254 392
64 2 -1
110 62 63 66 66 248 386 256 394
65 3 -1
111 45 47 45 47 249 387 250 388
66 2 -1
114 22 63 24 64 252 390 258 396
67 2 -1
115 18 99 23 99 253 391 258 396
68 2 -1
116 99 79 96 87 254 392 266 404
69 0 -1
119 11 19 12 21 257 395 260 398
70 0 -1
120 89 20 89 21 258 396 259 397
71 0 -1
122 25 85 27 87 260 398 264 402
72 2 -1
123 84 59 87 59 261 399 264 402
73 3 -1
124 48 59 50 61 262 400 266 404
74 3 -1
127 39 61 40 61 265 403 266 404
75 0 -1
128 8 5 26 5 266 404 285 423
76 2 -1
130 36 95 36 95 268 406 269 407
77 3 -1
132 37 53 41 58 270 408 285 423
78 2 -1
134 61 82 62 82 272 410 273 411
79 2 -1
135 41 88 49 89 273 411 284 422
80 2 -1
136 0 2 2 2 274 412 276 414
81 2 -1
139 83 59 83 59 277 415 278 416
82 3 -1
140 35 49 38 49 278 416 282 420
83 1 -1
141 78 70 80 70 279 417 284 422
84 3 -1
144 32 79 35 81 282 420 287 425
85 3 -1
145 82 90 84 90 283 421 285 423
86 3 -1
146 34 6 35 6 284 422 285 423
87 2 -1
147 24 80 25 80 285 423 286 424
88 1 -1
148 76 11 76 11 286 424 287 425
89 2 -1
149 79 51 80 51 287 425 289 427
90 1 -1
150 46 59 47 61 288 426 294 432
91 3 -1
153 91 60 92 60 291 429 292 430
92 1 -1
154 61 74 65 74 292 430 296 434
93 1 -1
155 6 67 9 68 293 431 297 435
94 0 -1
156 48 48 50 48 294 432 299 437
95 2 -1
157 29 14 33 15 295 433 300 438
96 1 -1
160 23 49 26 50 298 436 304 442
97 0 -1
162 73 12 74 12 300 438 301 439
98 3 -1
163 32 54 33 54 301 439 302 440
99 3 -1
166 3 34 3 36 304 442 306 444
100 1 -1
167 21 41 26 41 305 443 310 448
101 0 -1
168 40 8 42 8 306 444 308 446
102 3 -1
169 60 43 65 43 307 445 312 450
103 1 -1
170 22 8 24 9 308 446 313 451
104 3 -1
172 57 1 57 6 310 448 315 453
105 2 -1
173 57 18 57 20 311 449 316 454
106 2 -1
174 45 37 45 39 312 450 314 452
107 0 -1
179 26 5 27 5 317 455 318 456
108 0 -1
183 99 38 97 38 321 459 326 464
109 1 -1
184 53 68 54 69 322 460 324 462
110 3 -1
185 72 78 73 78 323 461 325 463
111 0 -1
186 76 22 84 22 324 462 333 471
112 2 -1
187 47 20 47 26 325 463 331 469
113 1 -1
189 20 98 22 99 327 465 332 470
114 3 -1
190 16 59 19 60 328 466 333 471
115 2 -1
193 29 56 29 56 331 469 332 470
116 2 -1
196 28 78 30 78 334 472 336 474
117 2 -1
197 68 56 69 56 335 473 336 474
118 1 -1
198 76 35 89 36 336 474 354 492
119 1 -1
199 14 17 14 18 337 475 338 476
120 2 -1
200 93 59 93 61 338 476 340 478
121 1 -1
201 5 87 5 87 339 477 340 478
122 0 -1
204 61 18 62 18 342 480 343 481
123 3 -1
208 9 85 9 85 346 484 347 485
124 0 -1
209 73 57 74 57 347 485 348 486
125 0 -1
211 70 66 70 69 349 487 352 490
126 2 -1
212 25 75 26 75 350 488 352 490
127 3 -1
213 73 91 74 94 351 489 359 497
128 2 -1
214 41 65 45 65 352 490 357 495
129 1 -1
218 90 38 97 38 356 494 363 501
130 2 -1
219 18 4 19 4 357 495 359 497
131 3 -1
224 53 22 53 24 362 500 365 503
132 3 -1
225 79 19 79 20 363 501 365 503
133 3 -1
229 30 23 32 24 367 505 373 511
134 3 -1
230 89 30 89 30 368 506 369 507
135 0 -1
231 13 41 16 41 369 507 372 510
136 2 -1
236 6 64 6 66 374 512 376 514
137 0 -1
237 89 5 89 6 375 513 377 515
138 1 -1
240 3 57 11 58 378 516 389 527
139 0 -1
242 59 84 59 85 380 518 382 520
140 1 -1
244 53 98 54 99 382 520 387 525
141 0 -1
245 22 4 26 5 383 521 389 527
142 0 -1
246 62 60 65 60 384 522 387 525
143 1 -1
247 56 87 58 87 385 523 388 526
144 0 -1
248 97 71 98 72 386 524 389 527
145 0 -1
250 43 9 44 9 388 526 390 528
146 0 -1
251 71 93 74 93 389 527 392 530
147 1 -1
253 62 90 63 90 391 529 392 530
148 2 -1
255 30 71 30 72 393 531 395 533
149 0 -1
256 95 51 97 51 394 532 398 536
150 2 -1
257 56 54 57 56 395 533 399 537
151 3 -1
258 53 49 54 49 396 534 397 535
152 1 -1
260 35 5 37 5 398 536 400 538
153 1 -1
261 4 14 12 14 399 537 411 549
154 3 -1
266 2 52 3 53 404 542 408 546
155 1 -1
267 95 96 97 96 405 543 408 546
156 3 -1
268 54 69 56 69 406 544 408 546
157 0 -1
269 34 85 34 86 407 545 408 546
158 2 -1
271 52 73 52 75 409 547 415 553
159 1 -1
272 72 89 73 89 410 548 411 549
160 3 -1
274 7 27 8 34 412 550 425 563
161 3 -1
277 0 17 2 17 415 553 417 555
162 3 -1
278 24 35 24 36 416 554 422 560
163 3 -1
279 57 67 58 69 417 555 421 559
164 1 -1
280 71 79 72 79 418 556 421 559
165 1 -1
283 54 97 54 98 421 559 422 560
166 3 -1
285 11 89 12 90 423 561 426 564
167 3 -1
286 25 57 25 57 424 562 427 565
168 0 -1
289 10 55 10 58 427 565 430 568
169 2 -1
293 15 39 18 39 431 569 435 573
170 2 -1
294 10 22 11 25 432 570 436 574
171 1 -1
295 3 63 5 63 433 571 435 573
172 3 -1
296 46 23 47 24 434 572 438 576
173 1 -1
303 90 4 95 4 441 579 450 588
174 2 -1
305 59 20 64 20 443 581 448 586
175 2 -1
306 1 92 1 93 444 582 445 583
176 1 -1
307 31 65 32 65 445 583 447 585
177 3 -1
310 74 48 74 48 448 586 452 590
178 3 -1
311 56 30 59 31 449 587 453 591
179 3 -1
312 3 22 4 23 450 588 459 597
180 0 -1
313 97 36 98 36 451 589 452 590
181 3 -1
315 45 19 45 19 453 591 455 593
182 0 -1
320 53 63 63 68 458 596 474 612
183 0 -1
321 79 54 81 55 459 597 462 600
184 0 -1
323 78 67 87 70 461 599 474 612
185 0 -1
325 4 28 7 32 463 601 471 609
186 3 -1
326 15 7 15 8 464 602 465 603
187 1 -1
327 11 95 12 96 465 603 468 606
188 1 -1
328 17 48 22 48 466 604 471 609
189 1 -1
329 50 71 51 73 467 605 470 608
190 0 -1
330 91 38 91 38 468 606 473 611
191 0 -1
337 55 8 68 8 475 613 488 626
192 1 -1
340 84 13 84 16 478 616 481 619
193 3 -1
342 92 90 92 91 480 618 481 619
194 1 -1
343 8 13 8 14 481 619 484 622
195 0 -1
345 48 16 52 18 483 621 495 633
196 0 -1
349 60 64 61 64 487 625 488 626
197 1 -1
351 51 37 52 37 489 627 490 628
198 3 -1
354 73 3 73 8 492 630 498 636
199 2 -1
356 94 82 94 83 494 632 495 633
200 2 -1
357 41 77 43 78 495 633 499 637
201 3 -1
358 65 56 65 58 496 634 503 641
202 0 -1
359 29 41 30 41 497 635 500 638
203 2 -1
360 1 30 3 30 498 636 500 638
204 3 -1
361 85 9 91 9 499 637 505 643
205 2 -1
363 27 30 27 30 501 639 502 640
206 0 -1
364 9 7 10 7 502 640 503 641
207 1 -1
365 67 94 69 94 503 641 505 643
208 3 -1
367 36 82 39 85 505 643 511 649
209 3 -1
371 45 26 46 26 509 647 510 648
210 0 -1
372 14 75 14 83 510 648 518 656
211 1 -1
373 73 41 76 41 511 649 514 652
212 1 -1
374 51 5 52 5 512 650 513 651
213 1 -1
375 11 62 12 62 513 651 514 652
214 1 -1
377 22 63 22 63 515 653 516 654
215 3 -1
379 14 13 15 13 517 655 518 656
216 2 -1
380 75 63 75 63 518 656 519 657
217 0 -1
381 16 44 21 44 519 657 524 662
218 2 -1
382 4 0 6 0 520 658 522 660
219 2 -1
383 8 63 8 63 521 659 522 660
220 0 -1
388 7 23 7 23 526 664 527 665
221 3 -1
391 79 91 81 91 529 667 531 669
222 3 -1
392 23 73 24 73 530 668 532 670
223 3 -1
394 22 61 24 61 532 670 535 673
224 2 -1
396 17 40 17 45 534 672 539 677
225 2 -1
397 85 79 86 79 535 673 536 674
226 1 -1
400 79 6 80 7 538 676 540 678
227 0 -1
401 54 51 56 51 539 677 541 679
228 3 -1
403 42 40 47 40 541 679 546 684
229 2 -1
404 14 80 16 80 542 680 544 682
230 0 -1
407 92 65 92 66 545 683 546 684
231 3 -1
408 55 69 56 71 546 684 549 687
232 3 -1
411 33 70 34 70 549 687 551 689
233 0 -1
412 97 33 97 34 550 688 551 689
234 3 -1
414 87 4 87 5 552 690 553 691
235 3 -1
418 16 11 17 11 556 694 557 695
236 2 -1
420 20 38 21 38 558 696 559 697
237 2 -1
421 82 37 84 37 559 697 561 699
238 1 -1
423 72 16 73 16 561 699 562 700
239 2 -1
426 60 27 62 29 564 702 569 707
240 1 -1
428 49 55 49 55 566 704 568 706
241 2 -1
433 15 6 17 6 571 709 573 711
242 0 -1
437 22 47 23 47 575 713 576 714
243 0 -1
439 21 72 23 72 577 715 579 717
244 1 -1
441 36 55 37 61 579 717 587 725
245 3 -1
446 26 60 28 61 584 722 588 726
246 3 -1
448 62 96 62 97 586 724 589 727
247 3 -1
450 58 64 62 68 588 726 596 734
248 2 -1
452 49 28 49 29 590 728 593 731
249 2 -1
455 17 95 17 98 593 731 596 734
250 1 -1
460 91 2 97 2 598 736 604 742
251 1 -1
461 80 91 80 91 599 737 601 739
252 3 -1
462 16 61 17 63 600 738 603 741
253 2 -1
464 11 83 13 83 602 740 604 742
254 0 -1
469 25 37 27 37 607 745 609 747
255 0 -1
471 7 64 10 67 609 747 620 758
256 1 -1
475 15 53 16 53 613 751 615 753
257 2 -1
478 23 46 23 50 616 754 620 758
258 3 -1
479 54 61 54 61 617 755 619 757
259 0 -1
480 12 33 13 39 618 756 626 764
260 1 -1
481 45 25 48 25 619 757 625 763
261 2 -1
482 81 11 81 12 620 758 621 759
262 3 -1
484 35 80 36 82 622 760 626 764
263 0 -1
486 87 58 90 58 624 762 627 765
264 0 -1
488 30 86 33 86 626 764 629 767
265 0 -1
489 93 48 96 54 627 765 640 778
266 2 -1
491 43 47 45 47 629 767 631 769
267 0 -1
493 99 16 99 16 631 769 632 770
268 3 -1
496 20 92 21 92 634 772 635 773
269 3 -1
501 34 71 34 71 639 777 641 779
270 2 -1
502 31 46 34 47 640 778 644 782
271 2 -1
505 66 82 68 82 643 781 645 783
272 1 -1
506 21 67 21 70 644 782 649 787
273 0 -1
507 64 48 67 49 645 783 649 787
274 2 -1
509 62 86 63 86 647 785 648 786
275 0 -1
511 7 49 8 50 649 787 651 789
276 0 -1
512 67 20 68 20 650 788 651 789
277 0 -1
515 59 4 62 4 653 791 656 794
278 3 -1
516 27 10 31 13 654 792 667 805
279 1 -1
517 25 95 26 97 655 793 659 797
280 1 -1
518 6 87 8 87 656 794 658 796
281 0 -1
520 7 38 8 38 658 796 659 797
282 3 -1
522 41 67 47 67 660 798 669 807
283 2 -1
523 90 86 90 87 661 799 662 800
284 2 -1
525 45 21 45 22 663 801 665 803
285 2 -1
526 80 59 81 60 664 802 666 804
286 0 -1
528 63 89 63 94 666 804 671 809
287 0 -1
530 39 22 41 23 668 806 672 810
288 1 -1
533 0 42 0 44 671 809 673 811
289 2 -1
535 83 69 84 71 673 811 676 814
290 0 -1
536 56 18 56 19 674 812 676 814
291 1 -1
537 83 10 83 10 675 813 676 814
292 1 -1
538 98 57 98 60 676 814 679 817
293 0 -1
540 96 58 99 58 678 816 682 820
294 3 -1
541 91 38 93 39 679 817 682 820
295 3 -1
542 71 5 75 5 680 818 688 826
296 0 -1
543 0 8 2 8 681 819 683 821
297 0 -1
546 98 53 98 53 684 822 686 824
298 0 -1
547 25 66 26 67 685 823 687 825
299 1 -1
550 54 89 55 89 688 826 689 827
300 3 -1
552 54 41 56 42 690 828 693 831
