100 100 577
4
0 13 84
1 31 76
2 55 62
3 80 62
20
0 0 0 100 6
0
1 0 0 100 6
0
2 0 0 100 6
0
3 0 0 100 6
0
4 0 0 100 6
0
5 1 0 100 6
0
6 1 0 100 6
0
7 1 0 100 6
0
8 1 0 100 6
0
9 1 0 100 6
0
10 2 0 100 6
0
11 2 0 100 6
0
12 2 0 100 6
0
13 2 0 100 6
0
14 2 0 100 6
0
15 3 0 100 6
0
16 3 0 100 6
0
17 3 0 100 6
0
18 3 0 100 6
0
19 3 0 100 6
0
300
1 0 -1
2 76 6 76 7 13 24 16 27
2 1 -1
5 17 47 20 47 16 27 21 32
3 1 -1
7 92 47 93 50 18 29 22 33
4 2 -1
8 1 44 7 47 19 30 28 39
5 3 -1
9 62 74 62 75 20 31 26 37
6 3 -1
10 60 56 62 57 21 32 25 36
7 1 -1
11 80 38 84 38 22 33 28 39
8 0 -1
12 86 3 87 4 23 34 25 36
9 3 -1
13 75 59 77 59 24 35 26 37
10 2 -1
14 8 21 9 21 25 36 28 39
11 3 -1
15 95 68 98 71 26 37 32 43
12 3 -1
17 62 45 63 45 28 39 32 43
13 2 -1
18 52 58 54 58 29 40 35 46
14 3 -1
19 13 34 13 35 30 41 31 42
15 0 -1
20 35 82 35 84 31 42 33 44
16 1 -1
21 58 35 59 36 32 43 34 45
17 2 -1
22 37 70 37 74 33 44 37 48
18 0 -1
24 45 79 47 79 35 46 37 48
19 3 -1
29 40 60 46 60 40 51 46 57
20 1 -1
30 7 16 8 16 41 52 43 54
21 1 -1
31 79 75 80 76 42 53 44 55
22 0 -1
33 29 35 30 35 44 55 50 61
23 3 -1
35 2 2 2 2 46 57 47 58
24 3 -1
36 94 81 94 81 47 58 49 60
25 2 -1
39 13 46 13 47 50 61 51 62
26 0 -1
40 64 83 64 83 51 62 52 63
27 0 -1
41 17 17 19 17 52 63 54 65
28 2 -1
42 64 69 65 69 53 64 54 65
29 3 -1
43 26 21 26 22 54 65 55 66
30 2 -1
45 16 3 17 4 56 67 58 69
31 1 -1
49 8 8 10 8 60 71 63 74
32 0 -1
52 26 44 26 47 63 74 70 81
33 1 -1
53 72 90 75 91 64 75 69 80
34 2 -1
54 73 79 74 79 65 76 66 77
35 0 -1
56 78 94 81 100 67 78 84 95
36 3 -1
57 22 97 22 97 68 79 70 81
37 1 -1
59 59 19 59 19 70 81 71 82
38 2 -1
61 31 12 33 12 72 83 74 85
39 1 -1
62 98 62 91 63 73 84 81 92
40 3 -1
64 8 68 11 82 75 86 94 105
41 1 -1
69 63 66 65 66 80 91 82 93
42 2 -1
71 76 33 79 37 82 93 90 101
43 0 -1
73 3 63 3 66 84 95 89 100
44 0 -1
76 6 13 7 15 87 98 90 101
45 2 -1
78 15 14 16 14 89 100 91 102
46 1 -1
80 30 80 31 80 91 102 94 105
47 0 -1
81 37 21 38 22 92 103 94 105
48 0 -1
82 10 95 15 96 93 104 99 110
49 0 -1
83 30 95 35 95 94 105 99 110
50 0 -1
84 16 72 16 73 95 106 96 107
51 2 -1
86 23 33 27 39 97 108 107 118
52 0 -1
87 78 47 79 47 98 109 99 110
53 0 -1
90 82 41 83 41 101 112 102 113
54 1 -1
91 77 65 79 67 102 113 106 117
55 1 -1
92 32 4 32 5 103 114 104 115
56 1 -1
93 45 61 46 62 104 115 107 118
57 2 -1
94 70 59 76 59 105 116 111 122
58 2 -1
96 33 19 33 21 107 118 109 120
59 3 -1
103 66 66 66 66 114 125 117 128
60 1 -1
105 33 12 33 12 116 127 118 129
61 1 -1
106 91 7 98 9 117 128 127 138
62 1 -1
107 14 84 17 84 118 129 121 132
63 2 -1
108 72 65 74 66 119 130 127 138
64 1 -1
110 36 34 42 34 121 132 129 140
65 3 -1
111 97 19 98 19 122 133 123 134
66 2 -1
114 75 43 75 48 125 136 131 142
67 1 -1
115 63 46 68 46 126 137 131 142
68 3 -1
116 29 98 36 100 127 138 139 150
69 1 -1
119 49 39 52 39 130 141 133 144
70 3 -1
120 9 53 9 53 131 142 132 143
71 0 -1
122 52 43 53 46 133 144 137 148
72 1 -1
123 75 58 78 58 134 145 137 148
73 3 -1
124 52 58 55 58 135 146 139 150
74 0 -1
127 31 98 31 99 138 149 139 150
75 0 -1
128 70 55 70 70 139 150 158 169
76 0 -1
130 31 63 32 63 141 152 142 153
77 2 -1
132 58 71 72 71 143 154 158 169
78 3 -1
134 31 30 32 30 145 156 146 157
79 1 -1
135 78 65 80 65 146 157 157 168
80 0 -1
136 57 29 59 29 147 158 149 160
81 1 -1
139 84 27 84 28 150 161 151 162
82 2 -1
140 14 66 18 66 151 162 155 166
83 1 -1
141 29 29 30 30 152 163 157 168
84 1 -1
144 72 93 74 93 155 166 160 171
85 2 -1
145 9 5 11 5 156 167 158 169
86 0 -1
146 16 99 17 99 157 168 158 169
87 1 -1
147 23 15 23 16 158 169 159 170
88 3 -1
148 2 30 2 30 159 170 160 171
89 3 -1
149 2 55 3 55 160 171 162 173
90 2 -1
150 78 34 83 34 161 172 167 178
91 1 -1
153 22 6 23 6 164 175 165 176
92 2 -1
154 85 61 87 62 165 176 169 180
93 1 -1
155 33 95 34 95 166 177 167 178
94 2 -1
156 82 9 87 9 167 178 172 183
95 2 -1
157 68 94 73 94 168 179 173 184
96 3 -1
160 0 60 5 60 171 182 177 188
97 0 -1
162 76 41 77 41 173 184 174 185
98 0 -1
163 0 48 0 48 174 185 175 186
99 2 -1
166 52 51 54 51 177 188 179 190
100 1 -1
167 39 91 43 91 178 189 183 194
101 3 -1
168 68 18 70 18 179 190 181 192
102 1 -1
169 51 93 51 93 180 191 185 196
103 2 -1
170 30 52 35 52 181 192 186 197
104 0 -1
172 40 40 43 42 183 194 188 199
105 1 -1
173 15 50 17 50 184 195 189 200
106 3 -1
174 41 31 43 31 185 196 187 198
107 1 -1
179 94 83 94 84 190 201 191 202
108 1 -1
183 98 0 99 1 194 205 199 210
109 1 -1
184 24 68 26 68 195 206 197 208
110 3 -1
185 15 99 16 100 196 207 198 209
111 1 -1
186 60 30 68 30 197 208 206 217
112 0 -1
187 48 23 51 25 198 209 204 215
113 2 -1
189 77 54 79 54 200 211 205 216
114 1 -1
190 18 13 21 14 201 212 206 217
115 1 -1
193 20 50 21 50 204 215 205 216
116 3 -1
196 93 97 94 98 207 218 209 220
117 2 -1
197 89 17 90 17 208 219 209 220
118 2 -1
198 69 85 83 87 209 220 227 238
119 2 -1
199 96 6 96 7 210 221 211 222
120 0 -1
200 16 36 16 37 211 222 213 224
121 1 -1
201 15 17 16 17 212 223 213 224
122 1 -1
204 64 25 65 25 215 226 216 227
123 0 -1
208 56 23 57 23 219 230 220 231
124 1 -1
209 71 94 72 94 220 231 221 232
125 0 -1
211 40 24 40 26 222 233 225 236
126 2 -1
212 25 66 26 67 223 234 225 236
127 3 -1
213 82 19 82 21 224 235 232 243
128 3 -1
214 52 95 57 95 225 236 230 241
129 2 -1
218 25 2 29 5 229 240 236 247
130 1 -1
219 59 20 60 20 230 241 232 243
131 2 -1
224 45 25 47 25 235 246 238 249
132 2 -1
225 43 68 45 68 236 247 238 249
133 1 -1
229 42 64 44 67 240 251 246 257
134 3 -1
230 41 77 42 77 241 252 242 253
135 0 -1
231 15 72 18 72 242 253 245 256
136 3 -1
236 28 32 28 34 247 258 249 260
137 1 -1
237 97 32 99 32 248 259 250 261
138 2 -1
240 9 93 20 93 251 262 262 273
139 0 -1
242 60 21 62 21 253 264 255 266
140 3 -1
244 45 10 46 13 255 266 260 271
141 0 -1
245 88 68 93 68 256 267 262 273
142 0 -1
246 55 98 57 99 257 268 260 271
143 3 -1
247 56 50 58 51 258 269 261 272
144 0 -1
248 43 65 46 65 259 270 262 273
145 0 -1
250 54 3 56 3 261 272 263 274
146 0 -1
251 26 11 29 11 262 273 265 276
147 0 -1
253 5 18 5 18 264 275 265 276
148 3 -1
255 40 35 40 35 266 277 268 279
149 0 -1
256 14 34 17 35 267 278 271 282
150 3 -1
257 53 74 53 77 268 279 272 283
151 1 -1
258 58 67 58 67 269 280 270 281
152 1 -1
260 53 79 53 81 271 282 273 284
153 1 -1
261 66 13 77 13 272 283 284 295
154 0 -1
266 51 67 52 68 277 288 281 292
155 2 -1
267 49 61 49 63 278 289 281 292
156 0 -1
268 7 34 7 34 279 290 281 292
157 3 -1
269 79 14 80 14 280 291 281 292
158 2 -1
271 8 52 8 57 282 293 288 299
159 2 -1
272 40 92 40 93 283 294 284 295
160 3 -1
274 14 93 18 93 285 296 298 309
161 3 -1
277 38 65 38 65 288 299 290 301
162 0 -1
278 84 3 90 3 289 300 295 306
163 1 -1
279 65 35 66 37 290 301 294 305
164 3 -1
280 62 26 62 26 291 302 294 305
165 1 -1
283 13 58 14 58 294 305 295 306
166 0 -1
285 90 90 91 91 296 307 299 310
167 3 -1
286 81 4 82 4 297 308 300 311
168 2 -1
289 99 9 98 9 300 311 303 314
169 0 -1
293 67 14 69 16 304 315 308 319
170 3 -1
294 89 3 90 3 305 316 306 317
171 3 -1
295 57 96 58 97 306 317 308 319
172 2 -1
296 39 83 40 83 307 318 311 322
173 2 -1
303 84 41 86 48 314 325 323 334
174 1 -1
305 84 70 89 70 316 327 321 332
175 3 -1
306 86 37 86 38 317 328 318 329
176 0 -1
307 86 46 87 47 318 329 320 331
177 1 -1
310 18 82 18 85 321 332 325 336
178 1 -1
311 65 88 68 88 322 333 326 337
179 2 -1
312 46 65 53 66 323 334 332 343
180 1 -1
313 28 52 28 53 324 335 325 336
181 3 -1
315 66 61 68 61 326 337 328 339
182 1 -1
320 91 76 98 83 331 342 347 358
183 0 -1
321 33 62 33 65 332 343 335 346
184 2 -1
323 47 98 52 94 334 345 347 358
185 2 -1
325 46 88 49 89 336 347 344 355
186 1 -1
326 79 96 79 96 337 348 338 349
187 0 -1
327 67 3 68 4 338 349 341 352
188 2 -1
328 15 82 15 83 339 350 344 355
189 2 -1
329 93 27 96 27 340 351 343 354
190 1 -1
330 67 92 68 94 341 352 346 357
191 1 -1
337 75 14 85 17 348 359 361 372
192 0 -1
340 21 3 24 3 351 362 354 365
193 1 -1
342 33 64 33 64 353 364 354 365
194 1 -1
343 65 11 68 11 354 365 357 368
195 1 -1
345 84 57 84 59 356 367 368 379
196 1 -1
349 72 45 73 45 360 371 361 372
197 3 -1
351 89 59 90 59 362 373 363 374
198 0 -1
354 61 15 65 15 365 376 371 382
199 2 -1
356 66 78 67 78 367 378 368 379
200 2 -1
357 53 21 56 21 368 379 372 383
201 3 -1
358 24 27 26 28 369 380 376 387
202 1 -1
359 35 71 38 71 370 381 373 384
203 1 -1
360 93 29 93 29 371 382 373 384
204 1 -1
361 90 9 90 14 372 383 378 389
205 0 -1
363 62 50 62 51 374 385 375 386
206 3 -1
364 86 17 87 17 375 386 376 387
207 1 -1
365 31 65 33 65 376 387 378 389
208 3 -1
367 30 57 31 62 378 389 384 395
209 0 -1
371 46 76 47 76 382 393 383 394
210 0 -1
372 9 80 10 81 383 394 391 402
211 1 -1
373 49 3 50 4 384 395 387 398
212 3 -1
374 70 50 70 50 385 396 386 397
213 0 -1
375 62 12 62 13 386 397 387 398
214 1 -1
377 69 52 70 52 388 399 389 400
215 1 -1
379 86 79 86 79 390 401 391 402
216 2 -1
380 65 38 66 38 391 402 392 403
217 2 -1
381 56 57 59 58 392 403 397 408
218 0 -1
382 91 26 93 26 393 404 395 406
219 1 -1
383 18 3 19 3 394 405 395 406
220 1 -1
388 94 76 95 76 399 410 400 411
221 3 -1
391 59 54 59 54 402 413 404 415
222 3 -1
392 37 3 38 3 403 414 405 416
223 2 -1
394 59 66 62 66 405 416 408 419
224 0 -1
396 53 17 55 20 407 418 412 423
225 2 -1
397 81 91 81 92 408 419 409 420
226 1 -1
400 3 9 3 9 411 422 413 424
227 3 -1
401 68 54 69 55 412 423 414 425
228 2 -1
403 59 70 62 70 414 425 419 430
229 1 -1
404 33 6 34 7 415 426 417 428
230 2 -1
407 82 41 83 41 418 429 419 430
231 3 -1
408 56 22 56 24 419 430 422 433
232 0 -1
411 82 95 82 97 422 433 424 435
233 1 -1
412 60 99 61 99 423 434 424 435
234 2 -1
414 93 72 93 73 425 436 426 437
235 0 -1
418 26 13 27 13 429 440 430 441
236 1 -1
420 1 16 2 16 431 442 432 443
237 1 -1
421 12 28 14 28 432 443 434 445
238 3 -1
423 37 84 37 84 434 445 435 446
239 1 -1
426 76 73 79 75 437 448 442 453
240 1 -1
428 91 16 93 16 439 450 441 452
241 0 -1
433 33 68 35 68 444 455 446 457
242 0 -1
437 72 11 72 12 448 459 449 460
243 2 -1
439 10 74 10 76 450 461 452 463
244 1 -1
441 44 92 48 96 452 463 460 471
245 1 -1
446 57 0 60 1 457 468 461 472
246 0 -1
448 58 53 60 53 459 470 462 473
247 3 -1
450 19 49 26 50 461 472 469 480
248 3 -1
452 86 62 86 63 463 474 466 477
249 2 -1
455 39 54 41 54 466 477 469 480
250 2 -1
460 20 10 22 13 471 482 477 488
251 2 -1
461 70 11 71 12 472 483 474 485
252 2 -1
462 48 95 50 95 473 484 476 487
253 0 -1
464 69 14 71 14 475 486 477 488
254 2 -1
469 18 66 18 66 480 491 482 493
255 1 -1
471 10 33 12 42 482 493 493 504
256 1 -1
475 55 65 55 65 486 497 488 499
257 3 -1
478 58 92 59 94 489 500 493 504
258 3 -1
479 22 80 23 80 490 501 492 503
259 0 -1
480 96 77 96 85 491 502 499 510
260 2 -1
481 95 41 96 45 492 503 498 509
261 2 -1
482 18 82 18 83 493 504 494 505
262 2 -1
484 16 49 17 51 495 506 499 510
263 2 -1
486 18 77 18 78 497 508 500 511
264 1 -1
488 58 34 61 34 499 510 502 513
265 3 -1
489 88 51 99 53 500 511 513 524
266 1 -1
491 78 10 78 11 502 513 504 515
267 1 -1
493 36 3 37 3 504 515 505 516
268 3 -1
496 95 23 96 23 507 518 508 519
269 1 -1
501 70 63 70 64 512 523 514 525
270 0 -1
502 15 99 16 97 513 524 517 528
271 3 -1
505 49 25 51 25 516 527 518 529
272 1 -1
506 34 17 36 20 517 528 522 533
273 3 -1
507 6 65 7 65 518 529 519 530
274 1 -1
509 25 15 26 15 520 531 521 532
275 0 -1
511 27 0 28 0 522 533 524 535
276 2 -1
512 27 25 27 25 523 534 524 535
277 2 -1
515 33 57 34 59 526 537 529 540
278 1 -1
516 3 28 5 38 527 538 540 551
279 3 -1
517 39 82 40 82 528 539 532 543
280 1 -1
518 29 93 31 93 529 540 531 542
281 2 -1
520 74 30 74 30 531 542 532 543
282 1 -1
522 34 97 42 97 533 544 542 553
283 0 -1
523 22 48 23 48 534 545 535 546
284 2 -1
525 51 19 52 20 536 547 538 549
285 2 -1
526 89 30 91 30 537 548 539 550
286 1 -1
528 26 24 26 29 539 550 544 555
287 2 -1
530 22 36 22 37 541 552 545 556
288 2 -1
533 26 28 27 28 544 555 546 557
289 3 -1
535 27 79 28 80 546 557 549 560
290 2 -1
536 62 91 63 92 547 558 549 560
291 0 -1
537 97 62 98 62 548 559 549 560
292 3 -1
538 95 95 97 95 549 560 552 563
293 2 -1
540 45 78 45 81 551 562 555 566
294 2 -1
541 85 89 86 91 552 563 555 566
295 2 -1
542 4 17 9 19 553 564 561 572
296 2 -1
543 27 66 29 66 554 565 556 567
297 0 -1
546 68 55 70 55 557 568 559 570
298 2 -1
547 28 40 30 40 558 569 560 571
299 1 -1
550 95 80 95 80 561 572 562 573
300 2 -1
552 73 40 74 41 563 574 566 577
