100 100 2073
1
0 35 78
53
0 0 0 100 6
0
1 0 0 100 6
0
2 0 0 100 6
0
3 0 0 100 6
0
4 0 0 100 6
0
5 0 0 100 6
0
6 0 0 100 6
0
7 0 0 100 6
0
8 0 0 100 6
0
9 0 0 100 6
0
10 0 0 100 6
0
11 0 0 100 6
0
12 0 0 100 6
0
13 0 0 100 6
0
14 0 0 100 6
0
15 0 0 100 6
0
16 0 0 100 6
0
17 0 0 100 6
0
18 0 0 100 6
0
19 0 0 100 6
0
20 0 0 100 6
0
21 0 0 100 6
0
22 0 0 100 6
0
23 0 0 100 6
0
24 0 0 100 6
0
25 0 0 100 6
0
26 0 0 100 6
0
27 0 0 100 6
0
28 0 0 100 6
0
29 0 0 100 6
0
30 0 0 100 6
0
31 0 0 100 6
0
32 0 0 100 6
0
33 0 0 100 6
0
34 0 0 100 6
0
35 0 0 100 6
0
36 0 0 100 6
0
37 0 0 100 6
0
38 0 0 100 6
0
39 0 0 100 6
0
40 0 0 100 6
0
41 0 0 100 6
0
42 0 0 100 6
0
43 0 0 100 6
0
44 0 0 100 6
0
45 0 0 100 6
0
46 0 0 100 6
0
47 0 0 100 6
0
48 0 0 100 6
0
49 0 0 100 6
0
50 0 0 100 6
0
51 0 0 100 6
0
52 0 0 100 6
0
1000
1 0 -1
2 42 73 45 73 174 346 177 349
2 0 -1
5 78 75 83 75 177 349 182 354
3 0 -1
7 80 96 83 97 179 351 183 355
4 0 -1
8 83 2 89 5 180 352 189 361
5 0 -1
9 75 24 81 24 181 353 187 359
6 0 -1
10 65 80 65 82 182 354 186 358
7 0 -1
11 20 98 26 98 183 355 189 361
8 0 -1
12 38 5 38 6 184 356 186 358
9 0 -1
13 35 15 35 17 185 357 187 359
10 0 -1
14 42 25 43 27 186 358 189 361
11 0 -1
15 50 97 55 97 187 359 193 365
12 0 -1
17 63 75 67 75 189 361 193 365
13 0 -1
18 82 1 88 1 190 362 196 368
14 0 -1
19 56 70 57 70 191 363 192 364
15 0 -1
20 3 62 5 62 192 364 194 366
16 0 -1
21 2 97 2 99 193 365 195 367
17 0 -1
22 90 2 94 2 194 366 198 370
18 0 -1
24 89 52 89 53 196 368 198 370
19 0 -1
29 11 68 15 70 201 373 207 379
20 0 -1
30 28 73 30 73 202 374 204 376
21 0 -1
31 56 45 57 45 203 375 205 377
22 0 -1
33 30 36 33 39 205 377 211 383
23 0 -1
35 94 69 95 69 207 379 208 380
24 0 -1
36 18 64 19 64 208 380 210 382
25 0 -1
39 37 14 37 15 211 383 212 384
26 0 -1
40 90 0 91 0 212 384 213 385
27 0 -1
41 55 94 56 95 213 385 215 387
28 0 -1
42 7 76 8 76 214 386 215 387
29 0 -1
43 5 91 5 91 215 387 216 388
30 0 -1
45 2 87 2 87 217 389 219 391
31 0 -1
49 36 82 38 83 221 393 224 396
32 0 -1
52 29 64 34 64 224 396 231 403
33 0 -1
53 91 38 96 38 225 397 230 402
34 0 -1
54 90 12 91 12 226 398 227 399
35 0 -1
56 52 73 64 73 228 400 245 417
36 0 -1
57 71 26 73 26 229 401 231 403
37 0 -1
59 37 27 38 27 231 403 232 404
38 0 -1
61 86 38 86 38 233 405 235 407
39 0 -1
62 14 24 21 25 234 406 242 414
40 0 -1
64 45 71 45 80 236 408 255 427
41 0 -1
69 28 5 29 5 241 413 243 415
42 0 -1
71 81 71 84 72 243 415 251 423
43 0 -1
73 57 48 59 51 245 417 250 422
44 0 -1
76 21 62 24 62 248 420 251 423
45 0 -1
78 22 15 24 15 250 422 252 424
46 0 -1
80 92 45 95 45 252 424 255 427
47 0 -1
81 78 49 79 49 253 425 255 427
48 0 -1
82 38 16 43 16 254 426 260 432
49 0 -1
83 71 14 74 15 255 427 260 432
50 0 -1
84 99 58 98 58 256 428 257 429
51 0 -1
86 22 16 27 18 258 430 268 440
52 0 -1
87 71 51 72 51 259 431 260 432
53 0 -1
90 6 24 6 25 262 434 263 435
54 0 -1
91 98 80 95 80 263 435 267 439
55 0 -1
92 25 58 25 58 264 436 265 437
56 0 -1
93 22 68 24 68 265 437 268 440
57 0 -1
94 52 28 53 31 266 438 272 444
58 0 -1
96 76 82 76 82 268 440 270 442
59 0 -1
103 75 39 76 39 275 447 278 450
60 0 -1
105 71 24 72 24 277 449 279 451
61 0 -1
106 58 41 68 41 278 450 288 460
62 0 -1
107 16 28 19 28 279 451 282 454
63 0 -1
108 24 77 27 81 280 452 288 460
64 0 -1
110 32 37 34 43 282 454 290 462
65 0 -1
111 86 91 86 91 283 455 284 456
66 0 -1
114 70 32 72 33 286 458 292 464
67 0 -1
115 73 37 76 39 287 459 292 464
68 0 -1
116 1 12 2 12 288 460 300 472
69 0 -1
119 18 31 20 31 291 463 294 466
70 0 -1
120 91 60 91 60 292 464 293 465
71 0 -1
122 46 18 47 21 294 466 298 470
72 0 -1
123 64 36 66 37 295 467 298 470
73 0 -1
124 44 81 47 82 296 468 300 472
74 0 -1
127 59 79 59 79 299 471 300 472
75 0 -1
128 31 90 33 100 300 472 319 491
76 0 -1
130 76 2 76 2 302 474 303 475
77 0 -1
132 92 29 81 30 304 476 319 491
78 0 -1
134 78 40 79 40 306 478 307 479
79 0 -1
135 34 42 44 43 307 479 318 490
80 0 -1
136 41 72 42 72 308 480 310 482
81 0 -1
139 14 70 15 70 311 483 312 484
82 0 -1
140 30 98 33 98 312 484 316 488
83 0 -1
141 53 72 54 76 313 485 318 490
84 0 -1
144 5 44 10 44 316 488 321 493
85 0 -1
145 2 41 2 43 317 489 319 491
86 0 -1
146 94 15 94 16 318 490 319 491
87 0 -1
147 48 15 49 15 319 491 320 492
88 0 -1
148 42 87 42 87 320 492 321 493
89 0 -1
149 90 18 92 18 321 493 323 495
90 0 -1
150 46 59 50 60 322 494 328 500
91 0 -1
153 32 76 32 77 325 497 326 498
92 0 -1
154 13 18 15 19 326 498 330 502
93 0 -1
155 91 2 92 2 327 499 328 500
94 0 -1
156 32 32 32 37 328 500 333 505
95 0 -1
157 16 50 17 52 329 501 334 506
96 0 -1
160 88 55 89 60 332 504 338 510
97 0 -1
162 27 2 27 2 334 506 335 507
98 0 -1
163 91 45 92 45 335 507 336 508
99 0 -1
166 15 58 17 58 338 510 340 512
100 0 -1
167 9 86 13 86 339 511 344 516
101 0 -1
168 8 22 10 22 340 512 342 514
102 0 -1
169 71 37 73 37 341 513 346 518
103 0 -1
170 92 3 95 3 342 514 347 519
104 0 -1
172 45 40 48 42 344 516 349 521
105 0 -1
173 2 93 5 93 345 517 350 522
106 0 -1
174 64 17 64 17 346 518 348 520
107 0 -1
179 81 88 82 88 351 523 352 524
108 0 -1
183 31 83 33 85 355 527 360 532
109 0 -1
184 62 76 64 76 356 528 358 530
110 0 -1
185 77 22 77 22 357 529 359 531
111 0 -1
186 51 4 52 8 358 530 367 539
112 0 -1
187 58 11 64 11 359 531 365 537
113 0 -1
189 69 86 71 86 361 533 366 538
114 0 -1
190 21 11 21 14 362 534 367 539
115 0 -1
193 4 46 4 47 365 537 366 538
116 0 -1
196 41 39 42 39 368 540 370 542
117 0 -1
197 39 80 40 80 369 541 370 542
118 0 -1
198 71 99 81 97 370 542 388 560
119 0 -1
199 86 13 87 13 371 543 372 544
120 0 -1
200 96 12 97 12 372 544 374 546
121 0 -1
201 24 88 24 89 373 545 374 546
122 0 -1
204 19 9 19 10 376 548 377 549
123 0 -1
208 23 57 24 57 380 552 381 553
124 0 -1
209 55 31 56 31 381 553 382 554
125 0 -1
211 90 18 91 19 383 555 386 558
126 0 -1
212 89 51 91 51 384 556 386 558
127 0 -1
213 22 24 23 28 385 557 393 565
128 0 -1
214 94 91 98 92 386 558 391 563
129 0 -1
218 60 36 60 36 390 562 397 569
130 0 -1
219 95 95 97 95 391 563 393 565
131 0 -1
224 75 23 76 25 396 568 399 571
132 0 -1
225 68 37 69 37 397 569 399 571
133 0 -1
229 31 95 32 95 401 573 407 579
134 0 -1
230 37 17 37 17 402 574 403 575
135 0 -1
231 85 40 87 41 403 575 406 578
136 0 -1
236 1 64 1 64 408 580 410 582
137 0 -1
237 5 82 6 83 409 581 411 583
138 0 -1
240 24 58 25 66 412 584 423 595
139 0 -1
242 89 93 91 93 414 586 416 588
140 0 -1
244 35 80 35 82 416 588 421 593
141 0 -1
245 29 75 33 76 417 589 423 595
142 0 -1
246 68 36 69 38 418 590 421 593
143 0 -1
247 15 39 18 39 419 591 422 594
144 0 -1
248 4 10 6 11 420 592 423 595
145 0 -1
250 39 6 39 8 422 594 424 596
146 0 -1
251 5 5 7 6 423 595 426 598
147 0 -1
253 93 16 94 16 425 597 426 598
148 0 -1
255 92 16 93 17 427 599 429 601
149 0 -1
256 17 99 21 99 428 600 432 604
150 0 -1
257 23 65 23 67 429 601 433 605
151 0 -1
258 56 32 56 32 430 602 431 603
152 0 -1
260 22 83 24 83 432 604 434 606
153 0 -1
261 48 36 51 40 433 605 445 617
154 0 -1
266 22 68 25 68 438 610 442 614
155 0 -1
267 28 51 29 51 439 611 442 614
156 0 -1
268 40 34 42 34 440 612 442 614
157 0 -1
269 42 73 43 73 441 613 442 614
158 0 -1
271 30 2 30 5 443 615 449 621
159 0 -1
272 27 38 27 39 444 616 445 617
160 0 -1
274 11 38 14 44 446 618 459 631
161 0 -1
277 41 0 41 1 449 621 451 623
162 0 -1
278 97 9 93 10 450 622 456 628
163 0 -1
279 0 95 2 95 451 623 455 627
164 0 -1
280 80 2 80 5 452 624 455 627
165 0 -1
283 94 60 95 60 455 627 456 628
166 0 -1
285 81 39 82 40 457 629 460 632
167 0 -1
286 11 31 14 31 458 630 461 633
168 0 -1
289 93 96 95 97 461 633 464 636
169 0 -1
293 28 60 30 60 465 637 469 641
170 0 -1
294 72 55 73 55 466 638 467 639
171 0 -1
295 24 22 26 22 467 639 469 641
172 0 -1
296 15 17 19 17 468 640 472 644
173 0 -1
303 86 21 93 22 475 647 484 656
174 0 -1
305 29 21 33 21 477 649 482 654
175 0 -1
306 3 10 4 10 478 650 479 651
176 0 -1
307 92 56 93 56 479 651 481 653
177 0 -1
310 89 46 89 47 482 654 486 658
178 0 -1
311 37 64 38 67 483 655 487 659
179 0 -1
312 97 85 90 86 484 656 493 665
180 0 -1
313 24 49 24 50 485 657 486 658
181 0 -1
315 58 55 59 56 487 659 489 661
182 0 -1
320 12 29 19 34 492 664 508 680
183 0 -1
321 88 31 91 31 493 665 496 668
184 0 -1
323 21 6 21 16 495 667 508 680
185 0 -1
325 63 93 71 93 497 669 505 677
186 0 -1
326 11 70 11 71 498 670 499 671
187 0 -1
327 43 40 46 40 499 671 502 674
188 0 -1
328 10 30 14 30 500 672 505 677
189 0 -1
329 11 95 14 95 501 673 504 676
190 0 -1
330 86 50 91 50 502 674 507 679
191 0 -1
337 0 75 5 81 509 681 522 694
192 0 -1
340 9 35 11 35 512 684 515 687
193 0 -1
342 81 20 82 20 514 686 515 687
194 0 -1
343 69 31 72 31 515 687 518 690
195 0 -1
345 93 9 84 11 517 689 529 701
196 0 -1
349 85 13 85 14 521 693 522 694
197 0 -1
351 82 56 82 57 523 695 524 696
198 0 -1
354 12 0 15 2 526 698 532 704
199 0 -1
356 62 38 63 38 528 700 529 701
200 0 -1
357 61 61 64 62 529 701 533 705
201 0 -1
358 41 47 48 47 530 702 537 709
202 0 -1
359 72 47 74 47 531 703 534 706
203 0 -1
360 40 69 42 69 532 704 534 706
204 0 -1
361 32 94 35 97 533 705 539 711
205 0 -1
363 45 47 45 47 535 707 536 708
206 0 -1
364 45 9 46 9 536 708 537 709
207 0 -1
365 46 20 47 20 537 709 539 711
208 0 -1
367 61 38 65 39 539 711 545 717
209 0 -1
371 59 18 59 19 543 715 544 716
210 0 -1
372 35 74 42 75 544 716 552 724
211 0 -1
373 65 23 67 23 545 717 548 720
212 0 -1
374 43 96 43 96 546 718 547 719
213 0 -1
375 62 1 62 2 547 719 548 720
214 0 -1
377 10 91 11 91 549 721 550 722
215 0 -1
379 2 60 3 60 551 723 552 724
216 0 -1
380 20 24 20 24 552 724 553 725
217 0 -1
381 42 31 43 31 553 725 558 730
218 0 -1
382 19 70 21 70 554 726 556 728
219 0 -1
383 23 8 24 8 555 727 556 728
220 0 -1
388 85 38 86 38 560 732 561 733
221 0 -1
391 38 17 38 17 563 735 565 737
222 0 -1
392 75 46 77 46 564 736 566 738
223 0 -1
394 85 0 85 2 566 738 569 741
224 0 -1
396 87 18 89 20 568 740 573 745
225 0 -1
397 93 52 93 53 569 741 570 742
226 0 -1
400 68 63 70 63 572 744 574 746
227 0 -1
401 76 47 77 47 573 745 575 747
228 0 -1
403 49 36 49 39 575 747 580 752
229 0 -1
404 25 71 26 72 576 748 578 750
230 0 -1
407 56 54 56 54 579 751 580 752
231 0 -1
408 35 44 36 45 580 752 583 755
232 0 -1
411 5 57 5 57 583 755 585 757
233 0 -1
412 30 31 31 31 584 756 585 757
234 0 -1
414 26 99 27 99 586 758 587 759
235 0 -1
418 74 38 75 38 590 762 591 763
236 0 -1
420 24 91 25 91 592 764 593 765
237 0 -1
421 10 2 11 2 593 765 595 767
238 0 -1
423 47 34 47 35 595 767 596 768
239 0 -1
426 40 19 44 19 598 770 603 775
240 0 -1
428 88 65 88 65 600 772 602 774
241 0 -1
433 92 48 94 48 605 777 607 779
242 0 -1
437 65 26 65 27 609 781 610 782
243 0 -1
439 63 72 65 72 611 783 613 785
244 0 -1
441 88 76 92 77 613 785 621 793
245 0 -1
446 90 73 91 74 618 790 622 794
246 0 -1
448 31 83 31 85 620 792 623 795
247 0 -1
450 30 22 30 30 622 794 630 802
248 0 -1
452 52 53 55 53 624 796 627 799
249 0 -1
455 66 77 66 79 627 799 630 802
250 0 -1
460 47 97 52 97 632 804 638 810
251 0 -1
461 37 75 39 75 633 805 635 807
252 0 -1
462 99 22 96 22 634 806 637 809
253 0 -1
464 21 80 21 82 636 808 638 810
254 0 -1
469 32 52 34 52 641 813 643 815
255 0 -1
471 50 2 54 5 643 815 654 826
256 0 -1
475 56 8 58 8 647 819 649 821
257 0 -1
478 27 37 29 38 650 822 654 826
258 0 -1
479 60 11 61 11 651 823 653 825
259 0 -1
480 40 1 42 4 652 824 660 832
260 0 -1
481 57 16 57 18 653 825 659 831
261 0 -1
482 85 66 86 66 654 826 655 827
262 0 -1
484 8 58 8 61 656 828 660 832
263 0 -1
486 33 37 33 39 658 830 661 833
264 0 -1
488 22 2 24 2 660 832 663 835
265 0 -1
489 56 18 66 20 661 833 674 846
266 0 -1
491 31 80 31 82 663 835 665 837
267 0 -1
493 46 55 46 55 665 837 666 838
268 0 -1
496 2 14 3 14 668 840 669 841
269 0 -1
501 45 31 45 31 673 845 675 847
270 0 -1
502 99 91 97 92 674 846 678 850
271 0 -1
505 96 32 98 32 677 849 679 851
272 0 -1
506 1 74 2 76 678 850 683 855
273 0 -1
507 68 23 69 23 679 851 680 852
274 0 -1
509 24 99 24 100 681 853 682 854
275 0 -1
511 40 35 42 35 683 855 685 857
276 0 -1
512 94 83 95 83 684 856 685 857
277 0 -1
515 26 96 26 96 687 859 690 862
278 0 -1
516 72 7 84 8 688 860 701 873
279 0 -1
517 46 1 49 2 689 861 693 865
280 0 -1
518 16 24 17 25 690 862 692 864
281 0 -1
520 52 30 53 30 692 864 693 865
282 0 -1
522 92 84 99 85 694 866 703 875
283 0 -1
523 35 91 35 91 695 867 696 868
284 0 -1
525 6 36 6 36 697 869 699 871
285 0 -1
526 79 62 81 62 698 870 700 872
286 0 -1
528 46 41 51 41 700 872 705 877
287 0 -1
530 85 73 86 74 702 874 706 878
288 0 -1
533 6 33 7 33 705 877 707 879
289 0 -1
535 27 85 29 85 707 879 710 882
290 0 -1
536 12 90 12 92 708 880 710 882
291 0 -1
537 94 4 94 4 709 881 710 882
292 0 -1
538 63 80 64 81 710 882 713 885
293 0 -1
540 7 4 8 5 712 884 716 888
294 0 -1
541 16 22 17 23 713 885 716 888
295 0 -1
542 31 75 31 78 714 886 722 894
296 0 -1
543 8 97 9 97 715 887 717 889
297 0 -1
546 0 86 0 86 718 890 720 892
298 0 -1
547 57 2 58 2 719 891 721 893
299 0 -1
550 28 24 29 24 722 894 723 895
300 0 -1
552 97 14 97 14 724 896 727 899
301 0 -1
553 1 47 2 47 725 897 727 899
302 0 -1
555 60 62 63 63 727 899 732 904
303 0 -1
556 25 79 26 80 728 900 730 902
304 0 -1
558 69 68 70 68 730 902 731 903
305 0 -1
559 70 96 75 96 731 903 736 908
306 0 -1
560 52 40 54 40 732 904 734 906
307 0 -1
562 20 78 20 79 734 906 735 907
308 0 -1
565 81 54 83 54 737 909 741 913
309 0 -1
566 64 95 66 97 738 910 742 914
310 0 -1
567 77 77 78 77 739 911 740 912
311 0 -1
570 58 32 60 32 742 914 746 918
312 0 -1
572 56 9 57 11 744 916 747 919
313 0 -1
573 20 1 21 2 745 917 748 920
314 0 -1
575 92 6 94 6 747 919 749 921
315 0 -1
577 26 34 27 34 749 921 750 922
316 0 -1
578 50 35 51 36 750 922 752 924
317 0 -1
579 29 35 31 36 751 923 756 928
318 0 -1
580 24 15 24 16 752 924 753 925
319 0 -1
585 7 93 10 93 757 929 760 932
320 0 -1
588 69 42 72 42 760 932 765 937
321 0 -1
589 88 30 98 32 761 933 776 948
322 0 -1
592 15 73 16 73 764 936 765 937
323 0 -1
594 55 21 55 21 766 938 768 940
324 0 -1
595 83 80 91 80 767 939 782 954
325 0 -1
596 45 1 46 3 768 940 772 944
326 0 -1
597 92 56 94 56 769 941 777 949
327 0 -1
599 0 34 5 36 771 943 779 951
328 0 -1
600 20 83 22 83 772 944 775 947
329 0 -1
601 16 79 16 81 773 945 775 947
330 0 -1
603 18 0 19 1 775 947 777 949
331 0 -1
608 19 99 22 99 780 952 783 955
332 0 -1
609 10 86 10 86 781 953 782 954
333 0 -1
610 24 87 28 88 782 954 787 959
334 0 -1
611 21 65 25 65 783 955 787 959
335 0 -1
613 69 44 72 48 785 957 793 965
336 0 -1
614 34 56 34 59 786 958 792 964
337 0 -1
615 0 1 0 2 787 959 788 960
338 0 -1
616 15 35 17 35 788 960 790 962
339 0 -1
619 81 38 82 39 791 963 796 968
340 0 -1
620 74 16 74 17 792 964 794 966
341 0 -1
621 63 43 65 44 793 965 798 970
342 0 -1
622 9 7 10 7 794 966 797 969
343 0 -1
623 79 67 79 69 795 967 797 969
344 0 -1
624 70 77 71 77 796 968 797 969
345 0 -1
625 26 59 28 59 797 969 799 971
346 0 -1
628 6 93 7 93 800 972 801 973
347 0 -1
629 33 20 35 22 801 973 806 978
348 0 -1
630 13 32 13 33 802 974 803 975
349 0 -1
634 59 45 60 45 806 978 807 979
350 0 -1
635 16 11 16 12 807 979 809 981
351 0 -1
636 72 41 73 42 808 980 810 982
352 0 -1
637 54 97 54 99 809 981 811 983
353 0 -1
639 76 17 76 18 811 983 812 984
354 0 -1
640 67 93 67 95 812 984 814 986
355 0 -1
641 95 99 95 100 813 985 815 987
356 0 -1
643 53 41 53 46 815 987 821 993
357 0 -1
645 26 43 27 43 817 989 819 991
358 0 -1
646 21 8 22 8 818 990 820 992
359 0 -1
648 38 61 39 61 820 992 821 993
360 0 -1
649 19 93 20 95 821 993 831 1003
361 0 -1
650 26 34 26 34 822 994 823 995
362 0 -1
651 83 55 85 57 823 995 827 999
363 0 -1
652 20 66 24 69 824 996 839 1011
364 0 -1
653 37 64 38 64 825 997 826 998
365 0 -1
656 59 79 60 79 828 1000 829 1001
366 0 -1
662 13 93 15 93 834 1006 836 1008
367 0 -1
663 98 87 91 88 835 1007 843 1015
368 0 -1
664 30 41 31 42 836 1008 838 1010
369 0 -1
665 93 25 94 25 837 1009 838 1010
370 0 -1
666 74 53 75 53 838 1010 840 1012
371 0 -1
667 68 90 71 90 839 1011 842 1014
372 0 -1
669 6 90 6 91 841 1013 842 1014
373 0 -1
672 47 11 48 13 844 1016 848 1020
374 0 -1
673 90 2 90 3 845 1017 847 1019
375 0 -1
674 40 25 43 26 846 1018 850 1022
376 0 -1
675 68 31 68 34 847 1019 852 1024
377 0 -1
678 18 26 18 27 850 1022 851 1023
378 0 -1
679 2 96 3 96 851 1023 854 1026
379 0 -1
680 37 31 38 33 852 1024 858 1030
380 0 -1
681 77 99 77 97 853 1025 855 1027
381 0 -1
682 70 4 70 5 854 1026 856 1028
382 0 -1
684 8 24 10 24 856 1028 858 1030
383 0 -1
685 60 50 60 53 857 1029 862 1034
384 0 -1
687 54 5 56 8 859 1031 864 1036
385 0 -1
688 51 10 53 10 860 1032 862 1034
386 0 -1
689 96 80 98 80 861 1033 863 1035
387 0 -1
690 92 68 94 68 862 1034 864 1036
388 0 -1
691 18 42 19 43 863 1035 865 1037
389 0 -1
692 23 12 23 13 864 1036 866 1038
390 0 -1
694 31 47 31 49 866 1038 869 1041
391 0 -1
696 31 60 32 60 868 1040 870 1042
392 0 -1
698 93 94 94 97 870 1042 875 1047
393 0 -1
700 57 95 58 95 872 1044 873 1045
394 0 -1
701 20 37 20 37 873 1045 874 1046
395 0 -1
702 6 67 13 67 874 1046 881 1053
396 0 -1
703 44 47 45 48 875 1047 877 1049
397 0 -1
704 61 21 61 21 876 1048 878 1050
398 0 -1
705 2 71 2 71 877 1049 881 1053
399 0 -1
706 64 29 66 29 878 1050 880 1052
400 0 -1
707 20 34 23 35 879 1051 883 1055
401 0 -1
708 89 80 91 84 880 1052 887 1059
402 0 -1
710 54 18 56 19 882 1054 885 1057
403 0 -1
712 28 80 28 80 884 1056 885 1057
404 0 -1
714 27 38 27 38 886 1058 887 1059
405 0 -1
716 7 72 8 72 888 1060 889 1061
406 0 -1
718 43 9 46 14 890 1062 898 1070
407 0 -1
719 65 97 65 98 891 1063 892 1064
408 0 -1
720 46 98 48 98 892 1064 894 1066
409 0 -1
722 64 36 64 38 894 1066 896 1068
410 0 -1
724 82 59 82 60 896 1068 898 1070
411 0 -1
725 28 0 30 2 897 1069 908 1080
412 0 -1
726 37 18 41 18 898 1070 902 1074
413 0 -1
727 43 8 43 10 899 1071 902 1074
414 0 -1
728 89 59 94 59 900 1072 905 1077
415 0 -1
729 86 15 87 15 901 1073 902 1074
416 0 -1
731 84 73 85 73 903 1075 904 1076
417 0 -1
733 99 26 98 26 905 1077 907 1079
418 0 -1
734 30 72 30 73 906 1078 908 1080
419 0 -1
735 1 62 3 62 907 1079 910 1082
420 0 -1
736 20 38 22 38 908 1080 910 1082
421 0 -1
737 7 15 10 15 909 1081 912 1084
422 0 -1
742 69 38 71 41 914 1086 919 1091
423 0 -1
744 32 4 32 5 916 1088 918 1090
424 0 -1
745 53 4 55 7 917 1089 922 1094
425 0 -1
748 72 47 72 47 920 1092 922 1094
426 0 -1
750 78 99 78 100 922 1094 923 1095
427 0 -1
751 77 90 78 90 923 1095 924 1096
428 0 -1
752 5 26 7 27 924 1096 927 1099
429 0 -1
753 89 7 89 7 925 1097 926 1098
430 0 -1
754 97 63 92 63 926 1098 932 1104
431 0 -1
755 73 20 75 20 927 1099 929 1101
432 0 -1
757 81 43 83 43 929 1101 931 1103
433 0 -1
758 60 32 63 33 930 1102 938 1110
434 0 -1
759 8 74 8 76 931 1103 933 1105
435 0 -1
760 25 42 25 42 932 1104 933 1105
436 0 -1
766 84 29 86 29 938 1110 940 1112
437 0 -1
767 31 98 32 99 939 1111 941 1113
438 0 -1
768 4 61 5 63 940 1112 943 1115
439 0 -1
771 35 73 35 73 943 1115 944 1116
440 0 -1
772 30 43 32 43 944 1116 946 1118
441 0 -1
773 57 72 57 73 945 1117 948 1120
442 0 -1
775 62 54 65 56 947 1119 952 1124
443 0 -1
777 16 73 16 75 949 1121 951 1123
444 0 -1
778 85 78 85 78 950 1122 952 1124
445 0 -1
779 24 72 24 72 951 1123 954 1126
446 0 -1
781 48 63 48 64 953 1125 954 1126
447 0 -1
782 99 91 96 92 954 1126 958 1130
448 0 -1
784 42 0 42 2 956 1128 958 1130
449 0 -1
787 83 23 85 23 959 1131 961 1133
450 0 -1
788 98 98 98 99 960 1132 961 1133
451 0 -1
789 98 20 94 20 961 1133 965 1137
452 0 -1
790 95 50 97 50 962 1134 964 1136
453 0 -1
791 28 46 31 46 963 1135 968 1140
454 0 -1
793 13 88 16 88 965 1137 968 1140
455 0 -1
794 8 20 10 20 966 1138 970 1142
456 0 -1
795 78 59 78 60 967 1139 969 1141
457 0 -1
796 18 24 19 24 968 1140 972 1144
458 0 -1
797 49 14 50 14 969 1141 970 1142
459 0 -1
798 67 73 67 74 970 1142 973 1145
460 0 -1
799 16 34 17 34 971 1143 973 1145
461 0 -1
800 93 17 97 17 972 1144 977 1149
462 0 -1
802 13 68 17 68 974 1146 978 1150
463 0 -1
803 16 61 17 62 975 1147 977 1149
464 0 -1
805 82 91 84 93 977 1149 982 1154
465 0 -1
806 47 89 49 95 978 1150 987 1159
466 0 -1
807 54 88 56 88 979 1151 981 1153
467 0 -1
810 99 29 99 30 982 1154 983 1155
468 0 -1
813 6 48 7 48 985 1157 986 1158
469 0 -1
818 26 28 28 28 990 1162 992 1164
470 0 -1
820 70 75 70 75 992 1164 995 1167
471 0 -1
824 94 36 94 38 996 1168 998 1170
472 0 -1
825 18 38 19 39 997 1169 1000 1172
473 0 -1
827 56 33 57 33 999 1171 1000 1172
474 0 -1
828 52 4 62 4 1000 1172 1010 1182
475 0 -1
830 45 88 45 91 1002 1174 1005 1177
476 0 -1
831 54 80 55 80 1003 1175 1004 1176
477 0 -1
833 88 37 89 38 1005 1177 1007 1179
478 0 -1
834 11 44 11 45 1006 1178 1008 1180
479 0 -1
835 46 28 47 28 1007 1179 1017 1189
480 0 -1
839 39 85 39 86 1011 1183 1013 1185
481 0 -1
841 91 56 91 58 1013 1185 1017 1189
482 0 -1
842 51 42 53 42 1014 1186 1016 1188
483 0 -1
844 27 24 31 24 1016 1188 1021 1193
484 0 -1
845 17 40 19 40 1017 1189 1019 1191
485 0 -1
846 3 57 3 58 1018 1190 1024 1196
486 0 -1
847 13 68 13 68 1019 1191 1020 1192
487 0 -1
850 33 23 35 24 1022 1194 1025 1197
488 0 -1
851 50 9 50 11 1023 1195 1027 1199
489 0 -1
854 52 43 53 43 1026 1198 1027 1199
490 0 -1
856 50 0 51 1 1028 1200 1031 1203
491 0 -1
859 9 18 9 21 1031 1203 1036 1208
492 0 -1
860 2 94 3 94 1032 1204 1033 1205
493 0 -1
861 90 93 92 93 1033 1205 1035 1207
494 0 -1
864 6 76 7 78 1036 1208 1039 1211
495 0 -1
867 53 36 53 36 1039 1211 1040 1212
496 0 -1
868 76 61 77 62 1040 1212 1042 1214
497 0 -1
871 2 56 8 65 1043 1215 1059 1231
498 0 -1
873 36 33 38 33 1045 1217 1047 1219
499 0 -1
874 99 37 95 38 1046 1218 1051 1223
500 0 -1
875 7 35 8 36 1047 1219 1050 1222
501 0 -1
877 97 55 97 58 1049 1221 1052 1224
502 0 -1
878 78 3 79 4 1050 1222 1052 1224
503 0 -1
879 77 32 79 32 1051 1223 1053 1225
504 0 -1
880 87 95 87 99 1052 1224 1056 1228
505 0 -1
881 81 2 81 3 1053 1225 1059 1231
506 0 -1
882 30 40 32 40 1054 1226 1056 1228
507 0 -1
885 15 35 15 35 1057 1229 1058 1230
508 0 -1
887 35 94 38 94 1059 1231 1062 1234
509 0 -1
889 28 89 31 89 1061 1233 1064 1236
510 0 -1
891 75 33 76 33 1063 1235 1065 1237
511 0 -1
893 37 17 37 17 1065 1237 1067 1239
512 0 -1
894 95 79 98 79 1066 1238 1069 1241
513 0 -1
895 29 95 32 95 1067 1239 1070 1242
514 0 -1
896 9 38 9 38 1068 1240 1070 1242
515 0 -1
897 29 97 30 97 1069 1241 1070 1242
516 0 -1
898 28 48 30 48 1070 1242 1072 1244
517 0 -1
899 49 40 50 40 1071 1243 1073 1245
518 0 -1
900 51 84 54 86 1072 1244 1078 1250
519 0 -1
901 12 41 14 41 1073 1245 1075 1247
520 0 -1
902 29 3 29 3 1074 1246 1075 1247
521 0 -1
905 17 40 17 40 1077 1249 1078 1250
522 0 -1
910 55 93 55 94 1082 1254 1083 1255
523 0 -1
912 55 49 57 57 1084 1256 1094 1266
524 0 -1
914 78 2 78 2 1086 1258 1093 1265
525 0 -1
917 22 31 23 34 1089 1261 1093 1265
526 0 -1
919 71 21 71 22 1091 1263 1093 1265
527 0 -1
920 97 46 98 47 1092 1264 1095 1267
528 0 -1
921 81 97 81 97 1093 1265 1094 1266
529 0 -1
923 70 47 70 48 1095 1267 1096 1268
530 0 -1
925 29 94 30 94 1097 1269 1100 1272
531 0 -1
926 14 48 14 50 1098 1270 1107 1279
532 0 -1
927 26 87 26 89 1099 1271 1102 1274
533 0 -1
928 70 32 71 32 1100 1272 1101 1273
534 0 -1
929 84 35 84 36 1101 1273 1102 1274
535 0 -1
931 7 12 9 12 1103 1275 1105 1277
536 0 -1
933 48 26 54 27 1105 1277 1112 1284
537 0 -1
935 34 48 35 48 1107 1279 1109 1281
538 0 -1
936 23 27 24 27 1108 1280 1109 1281
539 0 -1
937 28 34 30 35 1109 1281 1113 1285
540 0 -1
938 88 58 88 59 1110 1282 1114 1286
541 0 -1
940 11 60 13 60 1112 1284 1114 1286
542 0 -1
942 23 64 24 64 1114 1286 1115 1287
543 0 -1
943 83 25 88 27 1115 1287 1122 1294
544 0 -1
944 34 86 35 86 1116 1288 1117 1289
545 0 -1
945 98 95 98 95 1117 1289 1120 1292
546 0 -1
947 17 63 28 65 1119 1291 1132 1304
547 0 -1
948 1 94 3 95 1120 1292 1123 1295
548 0 -1
950 46 90 48 90 1122 1294 1124 1296
549 0 -1
951 74 15 76 15 1123 1295 1125 1297
550 0 -1
954 42 26 42 28 1126 1298 1128 1300
551 0 -1
955 43 12 44 12 1127 1299 1128 1300
552 0 -1
957 1 79 2 79 1129 1301 1132 1304
553 0 -1
958 84 77 84 77 1130 1302 1131 1303
554 0 -1
963 4 9 5 9 1135 1307 1138 1310
555 0 -1
964 56 42 57 42 1136 1308 1138 1310
556 0 -1
966 20 95 22 95 1138 1310 1140 1312
557 0 -1
969 80 10 80 10 1141 1313 1143 1315
558 0 -1
972 73 0 75 2 1144 1316 1150 1322
559 0 -1
973 94 91 96 92 1145 1317 1149 1321
560 0 -1
974 80 47 90 47 1146 1318 1156 1328
561 0 -1
976 13 6 15 8 1148 1320 1153 1325
562 0 -1
979 34 65 37 65 1151 1323 1155 1327
563 0 -1
981 66 8 67 8 1153 1325 1154 1326
564 0 -1
983 81 99 83 99 1155 1327 1158 1330
565 0 -1
984 79 93 82 96 1156 1328 1162 1334
566 0 -1
987 91 79 95 79 1159 1331 1163 1335
567 0 -1
989 67 89 69 90 1161 1333 1164 1336
568 0 -1
990 43 34 45 34 1162 1334 1166 1338
569 0 -1
992 53 75 54 78 1164 1336 1168 1340
570 0 -1
993 13 96 14 97 1165 1337 1167 1339
571 0 -1
994 80 87 81 88 1166 1338 1170 1342
572 0 -1
996 91 34 91 34 1168 1340 1170 1342
573 0 -1
997 43 88 45 88 1169 1341 1171 1343
574 0 -1
998 70 13 70 14 1170 1342 1171 1343
575 0 -1
999 12 30 13 31 1171 1343 1173 1345
576 0 -1
1001 38 18 54 18 1173 1345 1222 1394
577 0 -1
1004 96 51 97 52 1176 1348 1178 1350
578 0 -1
1008 15 19 16 19 1180 1352 1181 1353
579 0 -1
1010 32 4 34 4 1182 1354 1184 1356
580 0 -1
1012 1 21 1 22 1184 1356 1185 1357
581 0 -1
1015 98 95 99 95 1187 1359 1188 1360
582 0 -1
1016 35 20 35 21 1188 1360 1189 1361
583 0 -1
1017 33 38 33 39 1189 1361 1192 1364
584 0 -1
1018 97 0 83 0 1190 1362 1204 1376
585 0 -1
1019 81 24 85 28 1191 1363 1201 1373
586 0 -1
1020 26 15 28 16 1192 1364 1195 1367
587 0 -1
1021 57 79 57 80 1193 1365 1194 1366
588 0 -1
1022 56 57 68 58 1194 1366 1208 1380
589 0 -1
1025 92 5 94 5 1197 1369 1202 1374
590 0 -1
1027 36 73 36 74 1199 1371 1200 1372
591 0 -1
1028 12 21 13 21 1200 1372 1201 1373
592 0 -1
1031 62 92 71 92 1203 1375 1212 1384
593 0 -1
1032 43 1 46 1 1204 1376 1211 1383
594 0 -1
1033 51 91 54 92 1205 1377 1209 1381
595 0 -1
1035 25 7 26 8 1207 1379 1209 1381
596 0 -1
1036 50 2 52 2 1208 1380 1210 1382
597 0 -1
1037 16 70 17 70 1209 1381 1210 1382
598 0 -1
1039 57 6 58 6 1211 1383 1212 1384
599 0 -1
1040 65 25 65 26 1212 1384 1213 1385
600 0 -1
1042 52 70 61 70 1214 1386 1225 1397
601 0 -1
1044 22 35 22 35 1216 1388 1217 1389
602 0 -1
1045 91 87 94 87 1217 1389 1220 1392
603 0 -1
1051 43 18 43 19 1223 1395 1224 1396
604 0 -1
1053 4 70 4 71 1225 1397 1226 1398
605 0 -1
1056 32 66 33 66 1228 1400 1230 1402
606 0 -1
1057 80 16 81 16 1229 1401 1231 1403
607 0 -1
1059 5 99 5 99 1231 1403 1235 1407
608 0 -1
1060 80 24 85 24 1232 1404 1237 1409
609 0 -1
1063 13 54 16 54 1235 1407 1238 1410
610 0 -1
1065 35 55 35 55 1237 1409 1240 1412
611 0 -1
1066 7 16 9 16 1238 1410 1240 1412
612 0 -1
1067 54 3 55 3 1239 1411 1240 1412
613 0 -1
1070 37 72 48 73 1242 1414 1254 1426
614 0 -1
1071 5 85 10 85 1243 1415 1248 1420
615 0 -1
1073 56 18 64 22 1245 1417 1260 1432
616 0 -1
1074 22 64 23 64 1246 1418 1247 1419
617 0 -1
1075 51 12 51 13 1247 1419 1250 1422
618 0 -1
1078 59 86 62 86 1250 1422 1254 1426
619 0 -1
1082 69 52 70 52 1254 1426 1255 1427
620 0 -1
1083 0 87 0 88 1255 1427 1257 1429
621 0 -1
1084 15 31 20 32 1256 1428 1262 1434
622 0 -1
1085 23 58 23 58 1257 1429 1260 1432
623 0 -1
1086 66 12 66 12 1258 1430 1262 1434
624 0 -1
1090 33 79 34 79 1262 1434 1263 1435
625 0 -1
1091 58 59 59 59 1263 1435 1264 1436
626 0 -1
1092 91 30 92 30 1264 1436 1265 1437
627 0 -1
1095 78 72 81 72 1267 1439 1270 1442
628 0 -1
1097 14 18 15 19 1269 1441 1272 1444
629 0 -1
1098 3 25 3 29 1270 1442 1274 1446
630 0 -1
1099 23 73 27 74 1271 1443 1276 1448
631 0 -1
1100 41 52 43 53 1272 1444 1277 1449
632 0 -1
1102 25 57 27 57 1274 1446 1277 1449
633 0 -1
1103 13 12 18 13 1275 1447 1282 1454
634 0 -1
1104 51 12 51 13 1276 1448 1277 1449
635 0 -1
1105 9 90 9 90 1277 1449 1278 1450
636 0 -1
1107 14 8 17 15 1279 1451 1289 1461
637 0 -1
1109 38 12 41 12 1281 1453 1284 1456
638 0 -1
1111 15 82 17 82 1283 1455 1285 1457
639 0 -1
1113 96 31 97 31 1285 1457 1286 1458
640 0 -1
1114 40 74 40 74 1286 1458 1287 1459
641 0 -1
1115 61 14 63 14 1287 1459 1290 1462
642 0 -1
1116 88 39 94 41 1288 1460 1299 1471
643 0 -1
1118 53 60 53 61 1290 1462 1292 1464
644 0 -1
1120 24 96 26 96 1292 1464 1294 1466
645 0 -1
1121 36 62 37 62 1293 1465 1294 1466
646 0 -1
1122 55 71 55 71 1294 1466 1297 1469
647 0 -1
1124 69 40 71 44 1296 1468 1303 1475
648 0 -1
1125 57 72 57 72 1297 1469 1299 1471
649 0 -1
1126 64 3 73 3 1298 1470 1310 1482
650 0 -1
1129 37 61 38 61 1301 1473 1302 1474
651 0 -1
1130 26 17 26 17 1302 1474 1303 1475
652 0 -1
1132 70 98 70 99 1304 1476 1306 1478
653 0 -1
1133 95 79 96 80 1305 1477 1308 1480
654 0 -1
1137 51 68 51 71 1309 1481 1313 1485
655 0 -1
1138 44 78 44 78 1310 1482 1311 1483
656 0 -1
1139 54 94 55 94 1311 1483 1312 1484
657 0 -1
1141 29 76 31 76 1313 1485 1315 1487
658 0 -1
1142 51 76 51 78 1314 1486 1317 1489
659 0 -1
1144 53 89 53 89 1316 1488 1319 1491
660 0 -1
1147 13 71 13 72 1319 1491 1320 1492
661 0 -1
1150 70 35 71 35 1322 1494 1323 1495
662 0 -1
1151 69 79 70 80 1323 1495 1325 1497
663 0 -1
1154 85 29 85 30 1326 1498 1327 1499
664 0 -1
1156 95 4 96 5 1328 1500 1330 1502
665 0 -1
1157 37 57 39 59 1329 1501 1334 1506
666 0 -1
1158 81 88 84 89 1330 1502 1334 1506
667 0 -1
1159 87 63 87 63 1331 1503 1333 1505
668 0 -1
1164 46 23 49 23 1336 1508 1339 1511
669 0 -1
1166 57 92 59 93 1338 1510 1341 1513
670 0 -1
1169 96 95 98 96 1341 1513 1344 1516
671 0 -1
1170 55 34 57 35 1342 1514 1345 1517
672 0 -1
1171 11 99 15 95 1343 1515 1352 1524
673 0 -1
1172 11 60 12 60 1344 1516 1345 1517
674 0 -1
1174 15 53 15 58 1346 1518 1353 1525
675 0 -1
1175 57 58 58 58 1347 1519 1350 1522
676 0 -1
1176 14 61 14 63 1348 1520 1350 1522
677 0 -1
1177 2 14 3 15 1349 1521 1351 1523
678 0 -1
1179 47 13 48 13 1351 1523 1352 1524
679 0 -1
1186 36 76 36 78 1358 1530 1360 1532
680 0 -1
1187 68 87 68 89 1359 1531 1361 1533
681 0 -1
1188 46 33 47 33 1360 1532 1361 1533
682 0 -1
1190 40 76 40 77 1362 1534 1363 1535
683 0 -1
1191 84 59 84 61 1363 1535 1365 1537
684 0 -1
1194 12 31 12 33 1366 1538 1368 1540
685 0 -1
1195 27 58 30 58 1367 1539 1370 1542
686 0 -1
1197 11 18 14 18 1369 1541 1372 1544
687 0 -1
1198 45 20 48 21 1370 1542 1374 1546
688 0 -1
1201 51 66 52 70 1373 1545 1378 1550
689 0 -1
1202 87 27 88 27 1374 1546 1375 1547
690 0 -1
1203 66 50 67 50 1375 1547 1376 1548
691 0 -1
1205 93 95 93 97 1377 1549 1380 1552
692 0 -1
1207 30 5 33 6 1379 1551 1383 1555
693 0 -1
1208 50 74 52 74 1380 1552 1382 1554
694 0 -1
1209 75 66 76 66 1381 1553 1382 1554
695 0 -1
1211 61 52 62 53 1383 1555 1387 1559
696 0 -1
1214 73 0 75 4 1386 1558 1392 1564
697 0 -1
1217 63 67 64 68 1389 1561 1391 1563
698 0 -1
1218 62 11 63 11 1390 1562 1391 1563
699 0 -1
1219 84 37 87 39 1391 1563 1398 1570
700 0 -1
1220 87 15 88 15 1392 1564 1393 1565
701 0 -1
1222 25 90 26 91 1394 1566 1397 1569
702 0 -1
1223 88 94 91 94 1395 1567 1399 1571
703 0 -1
1226 27 48 28 50 1398 1570 1401 1573
704 0 -1
1227 95 7 96 7 1399 1571 1400 1572
705 0 -1
1229 24 0 25 0 1401 1573 1402 1574
706 0 -1
1230 33 83 38 83 1402 1574 1407 1579
707 0 -1
1231 19 32 19 32 1403 1575 1404 1576
708 0 -1
1233 0 57 2 57 1405 1577 1407 1579
709 0 -1
1235 25 8 25 9 1407 1579 1408 1580
710 0 -1
1236 70 41 71 42 1408 1580 1413 1585
711 0 -1
1237 54 10 59 10 1409 1581 1414 1586
712 0 -1
1238 43 69 44 70 1410 1582 1415 1587
713 0 -1
1240 89 98 91 98 1412 1584 1416 1588
714 0 -1
1241 14 3 15 3 1413 1585 1414 1586
715 0 -1
1242 47 3 55 6 1414 1586 1427 1599
716 0 -1
1243 79 66 79 67 1415 1587 1417 1589
717 0 -1
1244 29 63 30 69 1416 1588 1423 1595
718 0 -1
1246 12 25 20 26 1418 1590 1427 1599
719 0 -1
1250 48 68 48 68 1422 1594 1423 1595
720 0 -1
1254 37 62 40 63 1426 1598 1433 1605
721 0 -1
1255 32 52 36 52 1427 1599 1431 1603
722 0 -1
1258 55 36 68 38 1430 1602 1446 1618
723 0 -1
1259 68 86 77 92 1431 1603 1449 1621
724 0 -1
1260 81 10 85 10 1432 1604 1438 1610
725 0 -1
1261 91 75 97 76 1433 1605 1440 1612
726 0 -1
1263 62 81 67 83 1435 1607 1442 1614
727 0 -1
1264 52 37 54 38 1436 1608 1440 1612
728 0 -1
1265 72 71 72 71 1437 1609 1439 1611
729 0 -1
1266 67 16 68 16 1438 1610 1439 1611
730 0 -1
1268 42 39 45 39 1440 1612 1443 1615
731 0 -1
1276 77 60 78 60 1448 1620 1449 1621
732 0 -1
1277 27 13 31 14 1449 1621 1454 1626
733 0 -1
1281 65 75 65 77 1453 1625 1455 1627
734 0 -1
1284 27 74 28 75 1456 1628 1458 1630
735 0 -1
1287 86 60 86 63 1459 1631 1463 1635
736 0 -1
1290 71 99 78 99 1462 1634 1469 1641
737 0 -1
1291 73 88 73 88 1463 1635 1466 1638
738 0 -1
1292 74 74 82 74 1464 1636 1490 1662
739 0 -1
1297 32 73 32 74 1469 1641 1472 1644
740 0 -1
1298 10 40 11 40 1470 1642 1471 1643
741 0 -1
1299 76 41 79 41 1471 1643 1474 1646
742 0 -1
1300 82 52 83 52 1472 1644 1474 1646
743 0 -1
1307 13 68 14 68 1479 1651 1480 1652
744 0 -1
1309 53 94 55 94 1481 1653 1483 1655
745 0 -1
1312 89 67 91 67 1484 1656 1486 1658
746 0 -1
1313 99 59 98 59 1485 1657 1486 1658
747 0 -1
1314 26 45 28 45 1486 1658 1490 1662
748 0 -1
1315 48 32 50 33 1487 1659 1492 1664
749 0 -1
1316 68 65 70 65 1488 1660 1490 1662
750 0 -1
1317 42 27 44 27 1489 1661 1491 1663
751 0 -1
1318 61 50 64 50 1490 1662 1493 1665
752 0 -1
1319 98 76 98 78 1491 1663 1493 1665
753 0 -1
1320 85 11 86 11 1492 1664 1493 1665
754 0 -1
1321 41 60 42 61 1493 1665 1495 1667
755 0 -1
1323 1 57 2 57 1495 1667 1497 1669
756 0 -1
1324 5 74 7 76 1496 1668 1501 1673
757 0 -1
1325 19 90 19 96 1497 1669 1503 1675
758 0 -1
1326 17 76 17 77 1498 1670 1499 1671
759 0 -1
1327 21 92 22 98 1499 1671 1509 1681
760 0 -1
1329 88 40 88 41 1501 1673 1503 1675
761 0 -1
1332 65 39 65 41 1504 1676 1506 1678
762 0 -1
1333 2 26 2 27 1505 1677 1506 1678
763 0 -1
1335 48 55 49 69 1507 1679 1523 1695
764 0 -1
1336 19 88 19 89 1508 1680 1509 1681
765 0 -1
1338 36 2 36 2 1510 1682 1513 1685
766 0 -1
1340 96 43 97 49 1512 1684 1519 1691
767 0 -1
1342 57 59 57 59 1514 1686 1517 1689
768 0 -1
1344 0 4 2 4 1516 1688 1518 1690
769 0 -1
1345 67 1 67 1 1517 1689 1518 1690
770 0 -1
1347 74 21 76 21 1519 1691 1522 1694
771 0 -1
1348 89 15 94 15 1520 1692 1525 1697
772 0 -1
1349 75 1 75 5 1521 1693 1527 1699
773 0 -1
1354 23 46 25 46 1526 1698 1529 1701
774 0 -1
1355 98 10 99 10 1527 1699 1532 1704
775 0 -1
1359 93 58 97 58 1531 1703 1536 1708
776 0 -1
1362 11 88 11 88 1534 1706 1536 1708
777 0 -1
1365 30 97 30 98 1537 1709 1538 1710
778 0 -1
1368 6 96 7 96 1540 1712 1542 1714
779 0 -1
1369 45 83 57 88 1541 1713 1576 1748
780 0 -1
1370 44 57 45 58 1542 1714 1544 1716
781 0 -1
1372 26 93 30 93 1544 1716 1549 1721
782 0 -1
1374 82 64 82 64 1546 1718 1548 1720
783 0 -1
1375 79 69 82 73 1547 1719 1554 1726
784 0 -1
1376 30 73 30 73 1548 1720 1549 1721
785 0 -1
1377 74 19 74 21 1549 1721 1552 1724
786 0 -1
1378 57 30 58 30 1550 1722 1551 1723
787 0 -1
1379 94 52 98 52 1551 1723 1555 1727
788 0 -1
1381 18 14 20 15 1553 1725 1556 1728
789 0 -1
1382 92 22 92 24 1554 1726 1557 1729
790 0 -1
1383 66 66 66 67 1555 1727 1557 1729
791 0 -1
1385 96 48 91 49 1557 1729 1563 1735
792 0 -1
1386 51 64 51 66 1558 1730 1561 1733
793 0 -1
1387 96 30 89 34 1559 1731 1570 1742
794 0 -1
1388 58 38 59 40 1560 1732 1563 1735
795 0 -1
1389 47 36 49 36 1561 1733 1563 1735
796 0 -1
1390 66 92 66 93 1562 1734 1564 1736
797 0 -1
1391 9 68 10 69 1563 1735 1565 1737
798 0 -1
1393 6 8 6 9 1565 1737 1567 1739
799 0 -1
1395 49 18 56 19 1567 1739 1575 1747
800 0 -1
1396 95 88 96 88 1568 1740 1569 1741
801 0 -1
1400 67 86 70 86 1572 1744 1575 1747
802 0 -1
1401 67 25 70 25 1573 1745 1576 1748
803 0 -1
1402 29 50 31 51 1574 1746 1581 1753
804 0 -1
1403 29 23 29 25 1575 1747 1577 1749
805 0 -1
1406 29 80 30 80 1578 1750 1579 1751
806 0 -1
1411 27 66 27 67 1583 1755 1585 1757
807 0 -1
1412 75 49 75 52 1584 1756 1590 1762
808 0 -1
1413 15 69 15 69 1585 1757 1586 1758
809 0 -1
1414 83 38 84 38 1586 1758 1588 1760
810 0 -1
1415 37 43 38 43 1587 1759 1589 1761
811 0 -1
1417 44 81 45 81 1589 1761 1590 1762
812 0 -1
1418 4 83 4 88 1590 1762 1595 1767
813 0 -1
1419 69 69 74 70 1591 1763 1598 1770
814 0 -1
1420 43 87 47 91 1592 1764 1600 1772
815 0 -1
1423 91 95 91 96 1595 1767 1596 1768
816 0 -1
1426 72 34 72 36 1598 1770 1600 1772
817 0 -1
1428 56 39 56 40 1600 1772 1603 1775
818 0 -1
1429 44 52 44 54 1601 1773 1603 1775
819 0 -1
1430 31 25 32 25 1602 1774 1603 1775
820 0 -1
1431 18 9 21 9 1603 1775 1606 1778
821 0 -1
1432 76 78 76 78 1604 1776 1605 1777
822 0 -1
1434 43 48 44 48 1606 1778 1607 1779
823 0 -1
1435 36 89 43 89 1607 1779 1614 1786
824 0 -1
1436 1 76 3 76 1608 1780 1610 1782
825 0 -1
1438 89 12 93 12 1610 1782 1614 1786
826 0 -1
1439 23 75 23 76 1611 1783 1612 1784
827 0 -1
1440 33 32 33 34 1612 1784 1615 1787
828 0 -1
1441 20 72 25 73 1613 1785 1620 1792
829 0 -1
1442 53 52 55 52 1614 1786 1616 1788
830 0 -1
1443 42 14 47 14 1615 1787 1620 1792
831 0 -1
1444 30 46 32 46 1616 1788 1618 1790
832 0 -1
1446 11 47 14 49 1618 1790 1624 1796
833 0 -1
1447 50 51 50 52 1619 1791 1621 1793
834 0 -1
1448 29 86 31 86 1620 1792 1622 1794
835 0 -1
1452 81 39 81 39 1624 1796 1625 1797
836 0 -1
1454 25 1 28 1 1626 1798 1630 1802
837 0 -1
1455 6 62 8 62 1627 1799 1629 1801
838 0 -1
1456 43 92 43 92 1628 1800 1629 1801
839 0 -1
1457 17 45 20 47 1629 1801 1635 1807
840 0 -1
1458 54 81 57 85 1630 1802 1640 1812
841 0 -1
1461 33 51 33 53 1633 1805 1636 1808
842 0 -1
1462 5 14 5 16 1634 1806 1638 1810
843 0 -1
1463 60 43 61 44 1635 1807 1637 1809
844 0 -1
1465 47 80 47 82 1637 1809 1639 1811
845 0 -1
1466 24 69 26 69 1638 1810 1640 1812
846 0 -1
1468 61 28 61 29 1640 1812 1641 1813
847 0 -1
1469 61 31 63 33 1641 1813 1646 1818
848 0 -1
1470 89 93 89 94 1642 1814 1643 1815
849 0 -1
1472 39 95 42 96 1644 1816 1649 1821
850 0 -1
1473 29 60 34 60 1645 1817 1650 1822
851 0 -1
1474 49 37 55 37 1646 1818 1657 1829
852 0 -1
1475 30 38 30 39 1647 1819 1649 1821
853 0 -1
1478 98 61 95 62 1650 1822 1656 1828
854 0 -1
1479 10 7 10 9 1651 1823 1653 1825
855 0 -1
1481 66 98 67 98 1653 1825 1655 1827
856 0 -1
1483 39 84 42 87 1655 1827 1666 1838
857 0 -1
1486 5 84 7 84 1658 1830 1663 1835
858 0 -1
1487 4 71 4 71 1659 1831 1663 1835
859 0 -1
1493 23 57 24 58 1665 1837 1667 1839
860 0 -1
1495 56 0 56 1 1667 1839 1668 1840
861 0 -1
1496 19 91 22 91 1668 1840 1672 1844
862 0 -1
1497 27 50 30 50 1669 1841 1673 1845
863 0 -1
1499 66 93 67 93 1671 1843 1673 1845
864 0 -1
1500 21 8 21 10 1672 1844 1674 1846
865 0 -1
1501 2 86 10 86 1673 1845 1681 1853
866 0 -1
1502 32 46 35 47 1674 1846 1678 1850
867 0 -1
1504 7 14 10 18 1676 1848 1689 1861
868 0 -1
1505 77 67 78 67 1677 1849 1687 1859
869 0 -1
1506 97 3 97 4 1678 1850 1680 1852
870 0 -1
1507 17 2 17 4 1679 1851 1682 1854
871 0 -1
1508 68 72 69 73 1680 1852 1686 1858
872 0 -1
1509 48 32 48 33 1681 1853 1682 1854
873 0 -1
1511 83 65 85 65 1683 1855 1685 1857
874 0 -1
1513 8 54 12 55 1685 1857 1690 1862
875 0 -1
1515 82 40 83 40 1687 1859 1688 1860
876 0 -1
1516 45 66 48 66 1688 1860 1691 1863
877 0 -1
1517 30 92 33 92 1689 1861 1692 1864
878 0 -1
1518 51 8 52 10 1690 1862 1693 1865
879 0 -1
1519 32 63 32 64 1691 1863 1692 1864
880 0 -1
1521 66 17 69 17 1693 1865 1697 1869
881 0 -1
1522 52 98 52 99 1694 1866 1696 1868
882 0 -1
1523 70 21 71 22 1695 1867 1697 1869
883 0 -1
1527 42 16 44 16 1699 1871 1703 1875
884 0 -1
1528 16 25 16 26 1700 1872 1701 1873
885 0 -1
1533 82 24 82 24 1705 1877 1706 1878
886 0 -1
1534 69 26 76 27 1706 1878 1715 1887
887 0 -1
1535 42 92 43 93 1707 1879 1710 1882
888 0 -1
1536 20 36 22 36 1708 1880 1710 1882
889 0 -1
1538 65 55 68 56 1710 1882 1714 1886
890 0 -1
1540 37 98 38 98 1712 1884 1713 1885
891 0 -1
1543 39 24 39 24 1715 1887 1718 1890
892 0 -1
1544 12 85 12 86 1716 1888 1718 1890
893 0 -1
1545 99 13 99 15 1717 1889 1719 1891
894 0 -1
1547 4 67 8 67 1719 1891 1724 1896
895 0 -1
1550 15 90 17 90 1722 1894 1724 1896
896 0 -1
1551 63 86 65 86 1723 1895 1725 1897
897 0 -1
1552 12 58 17 58 1724 1896 1729 1901
898 0 -1
1554 69 50 69 53 1726 1898 1730 1902
899 0 -1
1555 60 88 62 88 1727 1899 1729 1901
900 0 -1
1556 14 10 16 10 1728 1900 1730 1902
901 0 -1
1559 13 80 16 83 1731 1903 1737 1909
902 0 -1
1560 1 1 2 6 1732 1904 1738 1910
903 0 -1
1562 62 58 62 60 1734 1906 1736 1908
904 0 -1
1563 77 7 78 12 1735 1907 1745 1917
905 0 -1
1564 18 66 19 66 1736 1908 1738 1910
906 0 -1
1566 80 75 82 75 1738 1910 1740 1912
907 0 -1
1567 96 73 99 74 1739 1911 1743 1915
908 0 -1
1573 91 74 93 74 1745 1917 1753 1925
909 0 -1
1575 21 55 22 55 1747 1919 1748 1920
910 0 -1
1576 16 82 17 83 1748 1920 1750 1922
911 0 -1
1577 32 80 33 81 1749 1921 1751 1923
912 0 -1
1579 2 39 5 39 1751 1923 1754 1926
913 0 -1
1580 15 88 17 88 1752 1924 1754 1926
914 0 -1
1582 42 21 42 21 1754 1926 1755 1927
915 0 -1
1584 98 89 99 89 1756 1928 1757 1929
916 0 -1
1587 52 88 53 90 1759 1931 1771 1943
917 0 -1
1588 44 39 45 42 1760 1932 1764 1936
918 0 -1
1589 77 94 78 95 1761 1933 1763 1935
919 0 -1
1590 9 68 11 68 1762 1934 1765 1937
920 0 -1
1591 79 3 82 5 1763 1935 1768 1940
921 0 -1
1593 42 92 46 92 1765 1937 1769 1941
922 0 -1
1594 27 58 29 58 1766 1938 1768 1940
923 0 -1
1596 8 10 8 12 1768 1940 1770 1942
924 0 -1
1598 97 88 98 88 1770 1942 1771 1943
925 0 -1
1599 64 79 65 80 1771 1943 1775 1947
926 0 -1
1600 92 10 92 11 1772 1944 1773 1945
927 0 -1
1603 12 92 13 92 1775 1947 1776 1948
928 0 -1
1606 69 97 70 98 1778 1950 1780 1952
929 0 -1
1608 60 98 60 98 1780 1952 1781 1953
930 0 -1
1609 81 40 82 41 1781 1953 1783 1955
931 0 -1
1610 9 16 10 16 1782 1954 1783 1955
932 0 -1
1611 46 59 47 60 1783 1955 1785 1957
933 0 -1
1613 96 12 98 12 1785 1957 1787 1959
934 0 -1
1615 37 51 38 51 1787 1959 1788 1960
935 0 -1
1618 16 33 16 33 1790 1962 1793 1965
936 0 -1
1620 60 90 61 94 1792 1964 1797 1969
937 0 -1
1621 50 61 50 63 1793 1965 1800 1972
938 0 -1
1623 70 23 70 26 1795 1967 1800 1972
939 0 -1
1624 92 40 93 40 1796 1968 1797 1969
940 0 -1
1625 95 51 96 53 1797 1969 1800 1972
941 0 -1
1626 40 27 40 27 1798 1970 1800 1972
942 0 -1
1627 8 91 16 93 1799 1971 1812 1984
943 0 -1
1629 58 44 58 44 1801 1973 1802 1974
944 0 -1
1631 10 77 12 77 1803 1975 1805 1977
945 0 -1
1633 64 10 68 11 1805 1977 1815 1987
946 0 -1
1634 85 94 86 95 1806 1978 1808 1980
947 0 -1
1637 0 87 0 88 1809 1981 1810 1982
948 0 -1
1638 83 95 86 95 1810 1982 1813 1985
949 0 -1
1640 79 76 89 76 1812 1984 1822 1994
950 0 -1
1641 51 69 52 70 1813 1985 1816 1988
951 0 -1
1642 60 22 63 22 1814 1986 1818 1990
952 0 -1
1645 93 74 94 74 1817 1989 1818 1990
953 0 -1
1648 68 47 70 47 1820 1992 1822 1994
954 0 -1
1649 49 92 49 94 1821 1993 1823 1995
955 0 -1
1650 58 74 59 74 1822 1994 1823 1995
956 0 -1
1656 92 26 95 26 1828 2000 1832 2004
957 0 -1
1657 42 23 44 24 1829 2001 1832 2004
958 0 -1
1659 44 83 45 83 1831 2003 1835 2007
959 0 -1
1660 74 55 77 56 1832 2004 1836 2008
960 0 -1
1661 87 14 90 14 1833 2005 1840 2012
961 0 -1
1662 90 38 91 41 1834 2006 1841 2013
962 0 -1
1663 94 63 94 67 1835 2007 1842 2014
963 0 -1
1664 37 61 37 62 1836 2008 1838 2010
964 0 -1
1665 92 4 92 5 1837 2009 1838 2010
965 0 -1
1668 83 0 85 0 1840 2012 1843 2015
966 0 -1
1671 8 54 16 54 1843 2015 1851 2023
967 0 -1
1672 96 3 97 3 1844 2016 1845 2017
968 0 -1
1673 1 69 6 69 1845 2017 1850 2022
969 0 -1
1675 26 92 26 93 1847 2019 1848 2020
970 0 -1
1676 42 58 42 58 1848 2020 1851 2023
971 0 -1
1678 88 46 89 47 1850 2022 1853 2025
972 0 -1
1679 19 11 19 11 1851 2023 1858 2030
973 0 -1
1680 69 37 72 37 1852 2024 1856 2028
974 0 -1
1683 58 61 62 61 1855 2027 1862 2034
975 0 -1
1685 44 44 46 44 1857 2029 1860 2032
976 0 -1
1686 77 86 86 87 1858 2030 1868 2040
977 0 -1
1687 19 75 22 76 1859 2031 1863 2035
978 0 -1
1688 17 22 17 23 1860 2032 1866 2038
979 0 -1
1690 27 6 30 6 1862 2034 1866 2038
980 0 -1
1691 20 19 22 19 1863 2035 1865 2037
981 0 -1
1692 95 36 98 36 1864 2036 1867 2039
982 0 -1
1694 37 49 38 49 1866 2038 1867 2039
983 0 -1
1695 97 0 99 2 1867 2039 1871 2043
984 0 -1
1696 92 89 95 89 1868 2040 1871 2043
985 0 -1
1697 36 34 36 34 1869 2041 1871 2043
986 0 -1
1698 26 61 26 61 1870 2042 1872 2044
987 0 -1
1700 66 19 68 19 1872 2044 1874 2046
988 0 -1
1702 58 3 61 11 1874 2046 1888 2060
989 0 -1
1703 8 56 9 56 1875 2047 1876 2048
990 0 -1
1704 24 11 25 13 1876 2048 1879 2051
991 0 -1
1709 26 28 28 29 1881 2053 1884 2056
992 0 -1
1712 18 28 20 28 1884 2056 1887 2059
993 0 -1
1714 23 90 24 90 1886 2058 1887 2059
994 0 -1
1717 0 88 1 90 1889 2061 1893 2065
995 0 -1
1718 47 4 48 4 1890 2062 1892 2064
996 0 -1
1720 73 93 79 93 1892 2064 1898 2070
997 0 -1
1722 51 79 51 79 1894 2066 1895 2067
998 0 -1
1723 56 44 57 45 1895 2067 1897 2069
999 0 -1
1725 66 60 66 62 1897 2069 1899 2071
1000 0 -1
1726 88 56 89 57 1898 2070 1901 2073
