100 100 2591
4
0 53 56
1 97 10
2 56 65
3 1 7
52
0 0 0 100 6
0
1 0 0 100 6
0
2 0 0 100 6
0
3 0 0 100 6
0
4 0 0 100 6
0
5 0 0 100 6
0
6 0 0 100 6
0
7 0 0 100 6
0
8 0 0 100 6
0
9 0 0 100 6
0
10 0 0 100 6
0
11 0 0 100 6
0
12 0 0 100 6
0
13 1 0 100 6
0
14 1 0 100 6
0
15 1 0 100 6
0
16 1 0 100 6
0
17 1 0 100 6
0
18 1 0 100 6
0
19 1 0 100 6
0
20 1 0 100 6
0
21 1 0 100 6
0
22 1 0 100 6
0
23 1 0 100 6
0
24 1 0 100 6
0
25 1 0 100 6
0
26 2 0 100 6
0
27 2 0 100 6
0
28 2 0 100 6
0
29 2 0 100 6
0
30 2 0 100 6
0
31 2 0 100 6
0
32 2 0 100 6
0
33 2 0 100 6
0
34 2 0 100 6
0
35 2 0 100 6
0
36 2 0 100 6
0
37 2 0 100 6
0
38 2 0 100 6
0
39 3 0 100 6
0
40 3 0 100 6
0
41 3 0 100 6
0
42 3 0 100 6
0
43 3 0 100 6
0
44 3 0 100 6
0
45 3 0 100 6
0
46 3 0 100 6
0
47 3 0 100 6
0
48 3 0 100 6
0
49 3 0 100 6
0
50 3 0 100 6
0
51 3 0 100 6
0
1000
1 3 -1
2 36 58 38 58 433 864 436 867
2 0 -1
5 47 32 49 35 436 867 441 872
3 2 -1
7 44 68 45 70 438 869 442 873
4 3 -1
8 35 41 36 41 439 870 448 879
5 1 -1
9 49 0 54 1 440 871 446 877
6 0 -1
10 1 9 2 12 441 872 445 876
7 0 -1
11 65 18 66 18 442 873 448 879
8 3 -1
12 5 76 5 77 443 874 445 876
9 1 -1
13 19 25 19 27 444 875 446 877
10 1 -1
14 91 51 94 51 445 876 448 879
11 1 -1
15 92 81 94 83 446 877 452 883
12 1 -1
17 56 56 56 59 448 879 452 883
13 2 -1
18 45 20 47 23 449 880 455 886
14 2 -1
19 21 34 21 35 450 881 451 882
15 0 -1
20 54 86 54 87 451 882 453 884
16 3 -1
21 33 43 34 43 452 883 454 885
17 0 -1
22 38 31 38 31 453 884 457 888
18 2 -1
24 93 29 95 29 455 886 457 888
19 0 -1
29 52 6 55 9 460 891 466 897
20 1 -1
30 69 85 71 85 461 892 463 894
21 3 -1
31 72 52 72 54 462 893 464 895
22 3 -1
33 15 50 16 51 464 895 470 901
23 1 -1
35 88 53 89 53 466 897 467 898
24 3 -1
36 51 72 51 73 467 898 469 900
25 0 -1
39 73 31 73 31 470 901 471 902
26 0 -1
40 9 84 10 84 471 902 472 903
27 3 -1
41 10 21 11 21 472 903 474 905
28 1 -1
42 85 41 85 41 473 904 474 905
29 1 -1
43 89 19 89 20 474 905 475 906
30 2 -1
45 88 5 90 5 476 907 478 909
31 0 -1
49 21 70 24 70 480 911 483 914
32 3 -1
52 99 75 95 77 483 914 490 921
33 3 -1
53 39 91 43 91 484 915 489 920
34 2 -1
54 13 22 14 22 485 916 486 917
35 3 -1
56 87 17 89 22 487 918 504 935
36 3 -1
57 35 8 35 10 488 919 490 921
37 1 -1
59 21 84 21 85 490 921 491 922
38 2 -1
61 63 69 64 69 492 923 494 925
39 0 -1
62 35 52 36 57 493 924 501 932
40 1 -1
64 86 33 89 35 495 926 514 945
41 1 -1
69 26 36 28 36 500 931 502 933
42 0 -1
71 40 99 43 97 502 933 510 941
43 2 -1
73 49 28 51 30 504 935 509 940
44 1 -1
76 49 98 49 100 507 938 510 941
45 2 -1
78 97 26 97 28 509 940 511 942
46 0 -1
80 47 66 50 66 511 942 514 945
47 3 -1
81 29 56 31 56 512 943 514 945
48 1 -1
82 78 21 78 24 513 944 519 950
49 0 -1
83 35 32 35 32 514 945 519 950
50 3 -1
84 15 30 15 30 515 946 516 947
51 3 -1
86 42 36 42 44 517 948 527 958
52 0 -1
87 72 41 72 41 518 949 519 950
53 2 -1
90 78 28 79 28 521 952 522 953
54 0 -1
91 72 3 75 3 522 953 526 957
55 1 -1
92 25 99 26 99 523 954 524 955
56 0 -1
93 75 7 77 8 524 955 527 958
57 1 -1
94 26 41 29 41 525 956 531 962
58 0 -1
96 21 11 21 13 527 958 529 960
59 1 -1
103 53 63 55 64 534 965 537 968
60 2 -1
105 12 84 14 84 536 967 538 969
61 3 -1
106 96 82 87 82 537 968 547 978
62 3 -1
107 54 88 57 88 538 969 541 972
63 3 -1
108 25 10 27 14 539 970 547 978
64 1 -1
110 11 80 18 81 541 972 549 980
65 2 -1
111 46 41 46 41 542 973 543 974
66 1 -1
114 79 47 79 52 545 976 551 982
67 2 -1
115 0 1 4 2 546 977 551 982
68 2 -1
116 23 23 23 24 547 978 559 990
69 1 -1
119 3 30 6 30 550 981 553 984
70 1 -1
120 87 99 87 100 551 982 552 983
71 0 -1
122 81 84 81 84 553 984 557 988
72 0 -1
123 26 96 29 96 554 985 557 988
73 2 -1
124 36 63 38 63 555 986 559 990
74 0 -1
127 31 74 32 74 558 989 559 990
75 0 -1
128 1 52 7 60 559 990 578 1009
76 1 -1
130 9 57 10 57 561 992 562 993
77 1 -1
132 8 47 16 49 563 994 578 1009
78 1 -1
134 13 1 14 1 565 996 566 997
79 0 -1
135 73 30 80 30 566 997 577 1008
80 0 -1
136 93 83 94 84 567 998 569 1000
81 2 -1
139 2 16 3 16 570 1001 571 1002
82 1 -1
140 26 92 30 92 571 1002 575 1006
83 0 -1
141 94 4 95 6 572 1003 577 1008
84 3 -1
144 45 85 48 86 575 1006 580 1011
85 1 -1
145 41 42 43 42 576 1007 578 1009
86 2 -1
146 72 1 73 1 577 1008 578 1009
87 3 -1
147 41 78 41 79 578 1009 579 1010
88 2 -1
148 78 18 78 18 579 1010 580 1011
89 3 -1
149 8 72 8 74 580 1011 582 1013
90 3 -1
150 66 29 66 34 581 1012 587 1018
91 1 -1
153 20 63 20 63 584 1015 585 1016
92 0 -1
154 12 99 13 99 585 1016 589 1020
93 1 -1
155 80 2 81 3 586 1017 590 1021
94 2 -1
156 68 66 71 67 587 1018 592 1023
95 0 -1
157 38 27 41 27 588 1019 593 1024
96 0 -1
160 47 18 50 20 591 1022 597 1028
97 2 -1
162 82 57 82 58 593 1024 594 1025
98 2 -1
163 18 3 19 3 594 1025 595 1026
99 1 -1
166 32 11 32 12 597 1028 599 1030
100 2 -1
167 27 48 30 48 598 1029 603 1034
101 3 -1
168 88 8 90 8 599 1030 601 1032
102 2 -1
169 11 52 16 52 600 1031 605 1036
103 3 -1
170 47 42 50 43 601 1032 606 1037
104 0 -1
172 90 79 93 81 603 1034 608 1039
105 3 -1
173 1 51 5 52 604 1035 609 1040
106 2 -1
174 2 44 3 44 605 1036 607 1038
107 3 -1
179 10 49 11 49 610 1041 611 1042
108 0 -1
183 7 28 11 29 614 1045 619 1050
109 0 -1
184 82 57 83 58 615 1046 617 1048
110 2 -1
185 36 60 37 60 616 1047 618 1049
111 2 -1
186 11 12 19 12 617 1048 626 1057
112 0 -1
187 56 32 56 36 618 1049 624 1055
113 3 -1
189 6 22 8 23 620 1051 625 1056
114 2 -1
190 36 73 41 73 621 1052 626 1057
115 3 -1
193 37 8 37 8 624 1055 625 1056
116 3 -1
196 73 93 75 93 627 1058 629 1060
117 1 -1
197 58 34 59 34 628 1059 629 1060
118 3 -1
198 32 54 42 58 629 1060 647 1078
119 1 -1
199 39 89 39 90 630 1061 631 1062
120 0 -1
200 31 37 33 37 631 1062 633 1064
121 1 -1
201 73 4 73 4 632 1063 633 1064
122 1 -1
204 38 30 39 30 635 1066 636 1067
123 3 -1
208 34 5 34 5 639 1070 640 1071
124 0 -1
209 46 22 47 22 640 1071 641 1072
125 1 -1
211 78 63 79 64 642 1073 645 1076
126 2 -1
212 39 17 39 17 643 1074 645 1076
127 0 -1
213 16 79 16 82 644 1075 652 1083
128 3 -1
214 0 30 2 30 645 1076 650 1081
129 0 -1
218 5 25 8 27 649 1080 656 1087
130 0 -1
219 88 58 90 58 650 1081 652 1083
131 0 -1
224 25 70 27 71 655 1086 658 1089
132 0 -1
225 14 84 15 85 656 1087 658 1089
133 3 -1
229 65 46 67 48 660 1091 666 1097
134 3 -1
230 99 29 99 30 661 1092 662 1093
135 0 -1
231 10 12 10 14 662 1093 665 1096
136 0 -1
236 95 18 96 19 667 1098 669 1100
137 1 -1
237 24 6 25 7 668 1099 670 1101
138 3 -1
240 53 19 54 23 671 1102 682 1113
139 2 -1
242 0 30 2 30 673 1104 675 1106
140 2 -1
244 51 11 55 11 675 1106 680 1111
141 2 -1
245 14 7 17 10 676 1107 682 1113
142 3 -1
246 65 83 68 83 677 1108 680 1111
143 0 -1
247 11 4 13 5 678 1109 681 1112
144 0 -1
248 46 50 48 51 679 1110 682 1113
145 0 -1
250 65 87 67 87 681 1112 683 1114
146 0 -1
251 25 62 26 63 682 1113 685 1116
147 3 -1
253 66 68 66 68 684 1115 685 1116
148 1 -1
255 31 21 31 22 686 1117 688 1119
149 2 -1
256 64 70 68 70 687 1118 691 1122
150 0 -1
257 65 61 69 61 688 1119 692 1123
151 3 -1
258 92 21 93 21 689 1120 690 1121
152 3 -1
260 1 95 3 95 691 1122 693 1124
153 0 -1
261 47 35 54 35 692 1123 704 1135
154 0 -1
266 83 34 83 34 697 1128 701 1132
155 2 -1
267 22 26 23 26 698 1129 701 1132
156 0 -1
268 82 38 84 38 699 1130 701 1132
157 2 -1
269 0 81 1 81 700 1131 701 1132
158 2 -1
271 10 49 15 50 702 1133 708 1139
159 3 -1
272 75 42 75 43 703 1134 704 1135
160 2 -1
274 88 53 75 53 705 1136 718 1149
161 0 -1
277 57 28 57 29 708 1139 710 1141
162 3 -1
278 47 93 53 93 709 1140 715 1146
163 2 -1
279 68 21 70 22 710 1141 714 1145
164 3 -1
280 16 95 18 96 711 1142 714 1145
165 2 -1
283 83 81 84 81 714 1145 715 1146
166 3 -1
285 9 91 11 92 716 1147 719 1150
167 3 -1
286 23 82 23 82 717 1148 720 1151
168 1 -1
289 77 24 78 26 720 1151 723 1154
169 3 -1
293 50 69 50 71 724 1155 728 1159
170 1 -1
294 17 97 17 93 725 1156 729 1160
171 0 -1
295 65 92 67 92 726 1157 728 1159
172 0 -1
296 21 72 25 72 727 1158 731 1162
173 1 -1
303 33 74 35 81 734 1165 743 1174
174 1 -1
305 17 37 22 37 736 1167 741 1172
175 3 -1
306 32 59 33 59 737 1168 738 1169
176 1 -1
307 99 25 97 25 738 1169 740 1171
177 0 -1
310 43 1 47 1 741 1172 745 1176
178 1 -1
311 4 4 4 7 742 1173 746 1177
179 2 -1
312 5 80 6 88 743 1174 752 1183
180 2 -1
313 58 36 59 36 744 1175 745 1176
181 0 -1
315 50 66 52 66 746 1177 748 1179
182 1 -1
320 81 51 93 54 751 1182 767 1198
183 3 -1
321 93 47 94 47 752 1183 755 1186
184 2 -1
323 7 54 20 54 754 1185 767 1198
185 3 -1
325 1 9 9 9 756 1187 764 1195
186 0 -1
326 94 89 94 90 757 1188 758 1189
187 1 -1
327 61 10 62 11 758 1189 761 1192
188 2 -1
328 57 95 58 99 759 1190 764 1195
189 2 -1
329 35 54 35 57 760 1191 763 1194
190 1 -1
330 27 83 32 83 761 1192 766 1197
191 0 -1
337 58 96 71 96 768 1199 781 1212
192 2 -1
340 59 51 60 52 771 1202 774 1205
193 1 -1
342 72 84 72 84 773 1204 774 1205
194 0 -1
343 88 97 90 97 774 1205 777 1208
195 2 -1
345 75 77 85 78 776 1207 788 1219
196 0 -1
349 23 42 23 42 780 1211 781 1212
197 2 -1
351 24 62 24 63 782 1213 783 1214
198 3 -1
354 6 92 7 94 785 1216 791 1222
199 2 -1
356 53 91 54 91 787 1218 788 1219
200 2 -1
357 33 2 37 2 788 1219 792 1223
201 0 -1
358 2 66 6 67 789 1220 796 1227
202 2 -1
359 45 32 47 32 790 1221 793 1224
203 3 -1
360 32 81 32 83 791 1222 793 1224
204 3 -1
361 91 64 91 69 792 1223 798 1229
205 3 -1
363 15 70 15 70 794 1225 795 1226
206 0 -1
364 76 85 77 85 795 1226 796 1227
207 0 -1
365 24 84 24 86 796 1227 798 1229
208 3 -1
367 30 15 30 15 798 1229 804 1235
209 0 -1
371 44 32 44 33 802 1233 803 1234
210 3 -1
372 65 70 65 74 803 1234 811 1242
211 0 -1
373 49 40 49 40 804 1235 807 1238
212 0 -1
374 56 45 57 45 805 1236 806 1237
213 2 -1
375 59 85 60 85 806 1237 807 1238
214 2 -1
377 71 15 71 15 808 1239 809 1240
215 2 -1
379 89 49 90 49 810 1241 811 1242
216 2 -1
380 82 16 83 16 811 1242 812 1243
217 3 -1
381 9 71 9 75 812 1243 817 1248
218 0 -1
382 3 93 4 93 813 1244 815 1246
219 3 -1
383 11 88 11 89 814 1245 815 1246
220 0 -1
388 81 60 81 60 819 1250 820 1251
221 1 -1
391 5 33 6 34 822 1253 824 1255
222 3 -1
392 15 10 16 11 823 1254 825 1256
223 0 -1
394 75 57 75 58 825 1256 828 1259
224 3 -1
396 90 60 95 60 827 1258 832 1263
225 3 -1
397 83 12 83 13 828 1259 829 1260
226 2 -1
400 99 27 98 28 831 1262 833 1264
227 3 -1
401 61 33 63 33 832 1263 834 1265
228 0 -1
403 39 25 40 25 834 1265 839 1270
229 3 -1
404 93 23 94 24 835 1266 837 1268
230 2 -1
407 86 86 86 86 838 1269 839 1270
231 2 -1
408 23 16 26 16 839 1270 842 1273
232 2 -1
411 67 80 69 80 842 1273 844 1275
233 2 -1
412 95 49 95 49 843 1274 844 1275
234 0 -1
414 50 19 50 19 845 1276 846 1277
235 0 -1
418 82 34 83 34 849 1280 850 1281
236 1 -1
420 91 98 92 98 851 1282 852 1283
237 0 -1
421 9 86 11 86 852 1283 854 1285
238 3 -1
423 53 96 53 97 854 1285 855 1286
239 2 -1
426 23 50 26 50 857 1288 862 1293
240 1 -1
428 4 0 5 1 859 1290 861 1292
241 0 -1
433 54 97 56 97 864 1295 866 1297
242 2 -1
437 49 4 50 4 868 1299 869 1300
243 0 -1
439 8 61 9 61 870 1301 872 1303
244 3 -1
441 7 18 12 18 872 1303 880 1311
245 2 -1
446 36 62 36 64 877 1308 881 1312
246 3 -1
448 59 71 62 71 879 1310 882 1313
247 2 -1
450 57 16 65 16 881 1312 889 1320
248 1 -1
452 44 98 46 99 883 1314 886 1317
249 2 -1
455 96 20 96 20 886 1317 889 1320
250 3 -1
460 18 67 20 67 891 1322 897 1328
251 1 -1
461 15 84 17 84 892 1323 894 1325
252 0 -1
462 49 70 52 70 893 1324 896 1327
253 2 -1
464 24 1 25 1 895 1326 897 1328
254 0 -1
469 70 61 72 61 900 1331 902 1333
255 1 -1
471 87 5 93 9 902 1333 913 1344
256 1 -1
475 25 8 25 8 906 1337 908 1339
257 1 -1
478 98 96 99 99 909 1340 913 1344
258 1 -1
479 20 27 21 28 910 1341 912 1343
259 1 -1
480 2 2 8 3 911 1342 919 1350
260 0 -1
481 12 8 12 10 912 1343 918 1349
261 0 -1
482 98 53 99 53 913 1344 914 1345
262 0 -1
484 73 7 74 10 915 1346 919 1350
263 2 -1
486 18 85 18 85 917 1348 920 1351
264 3 -1
488 73 63 74 63 919 1350 922 1353
265 2 -1
489 3 30 6 31 920 1351 933 1364
266 1 -1
491 83 72 85 72 922 1353 924 1355
267 1 -1
493 70 37 71 37 924 1355 925 1356
268 1 -1
496 21 55 21 55 927 1358 928 1359
269 1 -1
501 72 63 73 64 932 1363 934 1365
270 1 -1
502 40 84 40 84 933 1364 937 1368
271 2 -1
505 23 3 25 3 936 1367 938 1369
272 3 -1
506 53 97 57 97 937 1368 942 1373
273 1 -1
507 19 65 21 65 938 1369 942 1373
274 2 -1
509 48 76 48 77 940 1371 941 1372
275 0 -1
511 69 12 69 12 942 1373 944 1375
276 3 -1
512 0 27 1 27 943 1374 944 1375
277 0 -1
515 75 57 76 59 946 1377 949 1380
278 3 -1
516 61 12 74 12 947 1378 960 1391
279 2 -1
517 26 46 28 46 948 1379 952 1383
280 2 -1
518 97 66 97 66 949 1380 951 1382
281 3 -1
520 47 68 47 69 951 1382 952 1383
282 2 -1
522 39 44 43 48 953 1384 962 1393
283 1 -1
523 13 7 14 7 954 1385 955 1386
284 1 -1
525 41 64 42 64 956 1387 958 1389
285 1 -1
526 17 95 17 96 957 1388 959 1390
286 2 -1
528 62 41 64 41 959 1390 964 1395
287 2 -1
530 29 85 29 87 961 1392 965 1396
288 0 -1
533 90 91 90 91 964 1395 966 1397
289 2 -1
535 52 79 52 81 966 1397 969 1400
290 0 -1
536 54 1 55 2 967 1398 969 1400
291 3 -1
537 40 75 40 76 968 1399 969 1400
292 1 -1
538 74 49 74 52 969 1400 972 1403
293 3 -1
540 43 45 44 46 971 1402 975 1406
294 1 -1
541 45 15 46 16 972 1403 975 1406
295 3 -1
542 42 35 42 40 973 1404 981 1412
296 1 -1
543 87 47 87 48 974 1405 976 1407
297 1 -1
546 3 19 4 20 977 1408 979 1410
298 2 -1
547 18 28 20 28 978 1409 980 1411
299 1 -1
550 4 8 4 8 981 1412 982 1413
300 0 -1
552 47 69 50 69 983 1414 986 1417
301 2 -1
553 8 65 9 65 984 1415 986 1417
302 1 -1
555 24 64 24 64 986 1417 991 1422
303 0 -1
556 2 46 2 47 987 1418 989 1420
304 0 -1
558 75 70 76 70 989 1420 990 1421
305 3 -1
559 79 59 83 59 990 1421 995 1426
306 0 -1
560 33 20 34 21 991 1422 993 1424
307 2 -1
562 49 37 50 37 993 1424 994 1425
308 0 -1
565 83 33 87 33 996 1427 1000 1431
309 1 -1
566 61 34 63 35 997 1428 1001 1432
310 0 -1
567 80 36 80 37 998 1429 999 1430
311 1 -1
570 68 24 70 25 1001 1432 1005 1436
312 3 -1
572 60 29 62 29 1003 1434 1006 1437
313 0 -1
573 91 89 91 92 1004 1435 1007 1438
314 0 -1
575 61 98 63 98 1006 1437 1008 1439
315 1 -1
577 46 13 47 13 1008 1439 1009 1440
316 3 -1
578 50 23 50 25 1009 1440 1011 1442
317 3 -1
579 62 42 64 42 1010 1441 1015 1446
318 1 -1
580 4 1 4 1 1011 1442 1012 1443
319 2 -1
585 45 12 47 12 1016 1447 1019 1450
320 0 -1
588 50 59 52 60 1019 1450 1024 1455
321 2 -1
589 71 45 77 46 1020 1451 1035 1466
322 0 -1
592 1 43 2 43 1023 1454 1024 1455
323 3 -1
594 43 56 44 57 1025 1456 1027 1458
324 0 -1
595 32 2 33 15 1026 1457 1041 1472
325 3 -1
596 35 46 35 49 1027 1458 1031 1462
326 0 -1
597 76 51 76 52 1028 1459 1036 1467
327 2 -1
599 8 23 8 24 1030 1461 1038 1469
328 2 -1
600 23 90 26 90 1031 1462 1034 1465
329 3 -1
601 55 11 57 11 1032 1463 1034 1465
330 3 -1
603 57 35 57 35 1034 1465 1036 1467
331 1 -1
608 12 10 14 10 1039 1470 1042 1473
332 1 -1
609 51 64 52 64 1040 1471 1041 1472
333 2 -1
610 82 87 87 87 1041 1472 1046 1477
334 0 -1
611 58 53 62 53 1042 1473 1046 1477
335 2 -1
613 8 17 12 20 1044 1475 1052 1483
336 1 -1
614 89 28 92 29 1045 1476 1051 1482
337 0 -1
615 74 63 75 63 1046 1477 1047 1478
338 3 -1
616 62 6 63 6 1047 1478 1049 1480
339 0 -1
619 52 52 52 54 1050 1481 1055 1486
340 2 -1
620 89 81 91 81 1051 1482 1053 1484
341 1 -1
621 74 61 77 62 1052 1483 1057 1488
342 0 -1
622 64 4 67 4 1053 1484 1056 1487
343 2 -1
623 61 90 63 90 1054 1485 1056 1487
344 2 -1
624 94 43 95 43 1055 1486 1056 1487
345 2 -1
625 55 46 57 46 1056 1487 1058 1489
346 3 -1
628 1 4 2 4 1059 1490 1060 1491
347 2 -1
629 29 12 34 12 1060 1491 1065 1496
348 1 -1
630 75 56 76 56 1061 1492 1062 1493
349 0 -1
634 66 92 66 92 1065 1496 1066 1497
350 1 -1
635 6 3 7 4 1066 1497 1068 1499
351 1 -1
636 26 47 28 47 1067 1498 1069 1500
352 1 -1
637 85 52 86 52 1068 1499 1070 1501
353 1 -1
639 96 45 96 46 1070 1501 1071 1502
354 2 -1
640 24 20 25 21 1071 1502 1073 1504
355 3 -1
641 53 22 53 24 1072 1503 1074 1505
356 2 -1
643 53 24 56 25 1074 1505 1080 1511
357 1 -1
645 87 73 89 73 1076 1507 1078 1509
358 3 -1
646 53 7 53 7 1077 1508 1079 1510
359 0 -1
648 19 66 19 67 1079 1510 1080 1511
360 2 -1
649 37 98 37 90 1080 1511 1090 1521
361 2 -1
650 88 28 88 28 1081 1512 1082 1513
362 1 -1
651 36 59 36 59 1082 1513 1086 1517
363 0 -1
652 52 31 52 40 1083 1514 1098 1529
364 1 -1
653 56 32 56 32 1084 1515 1085 1516
365 0 -1
656 25 78 25 79 1087 1518 1088 1519
366 0 -1
662 60 35 61 36 1093 1524 1095 1526
367 0 -1
663 51 32 51 35 1094 1525 1102 1533
368 2 -1
664 67 28 69 28 1095 1526 1097 1528
369 1 -1
665 58 80 58 80 1096 1527 1097 1528
370 3 -1
666 96 1 98 1 1097 1528 1099 1530
371 0 -1
667 19 16 19 17 1098 1529 1101 1532
372 0 -1
669 86 93 87 93 1100 1531 1101 1532
373 2 -1
672 28 60 28 61 1103 1534 1107 1538
374 0 -1
673 59 4 60 4 1104 1535 1106 1537
375 1 -1
674 53 12 56 12 1105 1536 1109 1540
376 2 -1
675 86 64 88 64 1106 1537 1111 1542
377 2 -1
678 13 41 14 43 1109 1540 1113 1544
378 2 -1
679 55 20 55 22 1110 1541 1113 1544
379 3 -1
680 79 86 80 86 1111 1542 1117 1548
380 1 -1
681 92 29 93 30 1112 1543 1114 1545
381 3 -1
682 86 82 86 83 1113 1544 1115 1546
382 0 -1
684 84 77 86 77 1115 1546 1117 1548
383 2 -1
685 78 76 83 76 1116 1547 1121 1552
384 0 -1
687 49 91 49 96 1118 1549 1123 1554
385 3 -1
688 57 23 58 24 1119 1550 1121 1552
386 3 -1
689 49 56 51 56 1120 1551 1122 1553
387 3 -1
690 59 17 61 17 1121 1552 1123 1554
388 0 -1
691 16 11 16 13 1122 1553 1124 1555
389 3 -1
692 42 1 44 1 1123 1554 1125 1556
390 3 -1
694 95 33 97 33 1125 1556 1128 1559
391 3 -1
696 67 71 69 71 1127 1558 1129 1560
392 2 -1
698 8 37 11 38 1129 1560 1134 1565
393 3 -1
700 69 93 70 93 1131 1562 1132 1563
394 3 -1
701 12 59 13 59 1132 1563 1133 1564
395 0 -1
702 81 48 86 49 1133 1564 1140 1571
396 2 -1
703 34 61 35 61 1134 1565 1136 1567
397 0 -1
704 19 48 21 48 1135 1566 1137 1568
398 3 -1
705 62 17 63 17 1136 1567 1140 1571
399 0 -1
706 43 16 44 17 1137 1568 1139 1570
400 2 -1
707 86 80 89 81 1138 1569 1142 1573
401 2 -1
708 82 63 87 63 1139 1570 1146 1577
402 3 -1
710 11 5 14 5 1141 1572 1144 1575
403 1 -1
712 45 92 46 92 1143 1574 1144 1575
404 0 -1
714 66 74 67 74 1145 1576 1146 1577
405 2 -1
716 11 83 11 83 1147 1578 1148 1579
406 3 -1
718 24 8 26 14 1149 1580 1157 1588
407 0 -1
719 54 99 54 100 1150 1581 1151 1582
408 1 -1
720 79 76 81 76 1151 1582 1153 1584
409 2 -1
722 85 73 87 73 1153 1584 1155 1586
410 1 -1
724 68 75 70 75 1155 1586 1157 1588
411 2 -1
725 64 71 71 71 1156 1587 1167 1598
412 2 -1
726 47 36 50 37 1157 1588 1161 1592
413 1 -1
727 57 77 60 77 1158 1589 1161 1592
414 1 -1
728 96 4 99 4 1159 1590 1164 1595
415 1 -1
729 59 25 59 25 1160 1591 1161 1592
416 3 -1
731 89 1 89 2 1162 1593 1163 1594
417 2 -1
733 52 18 54 18 1164 1595 1166 1597
418 0 -1
734 79 50 80 50 1165 1596 1167 1598
419 1 -1
735 48 77 50 77 1166 1597 1169 1600
420 0 -1
736 66 53 66 53 1167 1598 1169 1600
421 1 -1
737 83 95 83 96 1168 1599 1171 1602
422 3 -1
742 70 97 71 93 1173 1604 1178 1609
423 2 -1
744 66 9 68 9 1175 1606 1177 1608
424 1 -1
745 71 84 75 84 1176 1607 1181 1612
425 3 -1
748 47 32 49 32 1179 1610 1181 1612
426 2 -1
750 62 97 62 98 1181 1612 1182 1613
427 2 -1
751 53 36 54 36 1182 1613 1183 1614
428 1 -1
752 58 61 60 61 1183 1614 1186 1617
429 2 -1
753 4 16 4 16 1184 1615 1185 1616
430 1 -1
754 84 61 85 66 1185 1616 1191 1622
431 1 -1
755 18 34 20 34 1186 1617 1188 1619
432 1 -1
757 11 1 11 1 1188 1619 1190 1621
433 0 -1
758 87 42 91 46 1189 1620 1197 1628
434 3 -1
759 92 79 93 79 1190 1621 1192 1623
435 3 -1
760 24 88 24 89 1191 1622 1192 1623
436 3 -1
766 25 90 27 90 1197 1628 1199 1630
437 3 -1
767 92 95 92 97 1198 1629 1200 1631
438 0 -1
768 80 35 81 37 1199 1630 1202 1633
439 3 -1
771 29 99 29 99 1202 1633 1203 1634
440 0 -1
772 26 31 28 31 1203 1634 1205 1636
441 0 -1
773 30 98 32 99 1204 1635 1207 1638
442 1 -1
775 80 34 84 34 1206 1637 1211 1642
443 3 -1
777 87 78 87 79 1208 1639 1210 1641
444 3 -1
778 54 90 54 92 1209 1640 1211 1642
445 3 -1
779 3 26 5 26 1210 1641 1213 1644
446 3 -1
781 68 16 69 16 1212 1643 1213 1644
447 3 -1
782 17 36 18 37 1213 1644 1217 1648
448 3 -1
784 87 1 87 3 1215 1646 1217 1648
449 3 -1
787 84 95 84 96 1218 1649 1220 1651
450 2 -1
788 17 88 18 88 1219 1650 1220 1651
451 1 -1
789 17 62 18 62 1220 1651 1224 1655
452 3 -1
790 48 3 49 3 1221 1652 1223 1654
453 3 -1
791 32 9 36 9 1222 1653 1227 1658
454 2 -1
793 41 35 43 35 1224 1655 1227 1658
455 2 -1
794 2 85 6 85 1225 1656 1229 1660
456 1 -1
795 86 29 87 30 1226 1657 1228 1659
457 0 -1
796 40 97 41 99 1227 1658 1231 1662
458 1 -1
797 59 99 60 99 1228 1659 1229 1660
459 3 -1
798 49 52 50 53 1229 1660 1232 1663
460 2 -1
799 25 76 25 77 1230 1661 1232 1663
461 0 -1
800 28 2 33 2 1231 1662 1236 1667
462 1 -1
802 48 75 49 75 1233 1664 1237 1668
463 1 -1
803 61 87 61 89 1234 1665 1236 1667
464 3 -1
805 97 69 98 71 1236 1667 1241 1672
465 2 -1
806 32 3 40 3 1237 1668 1246 1677
466 3 -1
807 95 83 96 84 1238 1669 1240 1671
467 2 -1
810 34 22 34 22 1241 1672 1242 1673
468 3 -1
813 26 66 26 67 1244 1675 1245 1676
469 3 -1
818 17 24 19 24 1249 1680 1251 1682
470 2 -1
820 57 69 58 69 1251 1682 1254 1685
471 3 -1
824 90 5 92 5 1255 1686 1257 1688
472 3 -1
825 28 97 31 97 1256 1687 1259 1690
473 3 -1
827 53 26 54 26 1258 1689 1259 1690
474 2 -1
828 70 97 80 97 1259 1690 1269 1700
475 3 -1
830 53 86 53 87 1261 1692 1264 1695
476 1 -1
831 23 51 24 51 1262 1693 1263 1694
477 3 -1
833 1 85 3 85 1264 1695 1266 1697
478 3 -1
834 70 29 72 29 1265 1696 1267 1698
479 1 -1
835 64 65 71 66 1266 1697 1276 1707
480 3 -1
839 31 50 32 51 1270 1701 1272 1703
481 3 -1
841 87 14 87 15 1272 1703 1276 1707
482 3 -1
842 56 77 57 78 1273 1704 1275 1706
483 3 -1
844 84 96 86 98 1275 1706 1280 1711
484 0 -1
845 42 4 44 4 1276 1707 1278 1709
485 0 -1
846 99 1 97 3 1277 1708 1283 1714
486 2 -1
847 20 18 20 19 1278 1709 1279 1710
487 2 -1
850 44 25 45 27 1281 1712 1284 1715
488 3 -1
851 96 6 97 6 1282 1713 1286 1717
489 2 -1
854 83 4 83 5 1285 1716 1286 1717
490 1 -1
856 25 89 27 89 1287 1718 1290 1721
491 0 -1
859 51 20 51 24 1290 1721 1295 1726
492 0 -1
860 11 85 11 85 1291 1722 1292 1723
493 0 -1
861 39 80 39 82 1292 1723 1294 1725
494 0 -1
864 65 49 67 49 1295 1726 1298 1729
495 0 -1
867 26 88 26 88 1298 1729 1299 1730
496 0 -1
868 89 40 90 41 1299 1730 1301 1732
497 3 -1
871 78 33 84 39 1302 1733 1318 1749
498 1 -1
873 79 48 81 48 1304 1735 1306 1737
499 1 -1
874 47 9 50 10 1305 1736 1310 1741
500 0 -1
875 64 51 67 51 1306 1737 1309 1740
501 2 -1
877 4 47 4 48 1308 1739 1311 1742
502 2 -1
878 76 2 77 2 1309 1740 1311 1742
503 3 -1
879 4 40 6 40 1310 1741 1312 1743
504 3 -1
880 97 73 98 76 1311 1742 1315 1746
505 3 -1
881 91 47 91 51 1312 1743 1318 1749
506 3 -1
882 89 37 89 37 1313 1744 1315 1746
507 1 -1
885 96 14 96 15 1316 1747 1317 1748
508 2 -1
887 55 45 58 45 1318 1749 1321 1752
509 2 -1
889 57 87 58 89 1320 1751 1323 1754
510 1 -1
891 81 27 83 27 1322 1753 1324 1755
511 1 -1
893 8 76 10 76 1324 1755 1326 1757
512 2 -1
894 9 71 9 73 1325 1756 1328 1759
513 1 -1
895 9 36 10 37 1326 1757 1329 1760
514 1 -1
896 25 9 26 9 1327 1758 1329 1760
515 2 -1
897 30 65 30 65 1328 1759 1329 1760
516 0 -1
898 81 22 83 22 1329 1760 1331 1762
517 2 -1
899 54 74 56 74 1330 1761 1332 1763
518 3 -1
900 96 99 91 100 1331 1762 1337 1768
519 1 -1
901 29 1 29 3 1332 1763 1334 1765
520 0 -1
902 47 84 47 84 1333 1764 1334 1765
521 0 -1
905 50 59 51 59 1336 1767 1337 1768
522 3 -1
910 51 7 52 7 1341 1772 1342 1773
523 2 -1
912 79 84 87 85 1343 1774 1353 1784
524 1 -1
914 76 18 77 18 1345 1776 1352 1783
525 0 -1
917 25 42 25 43 1348 1779 1352 1783
526 1 -1
919 63 46 65 46 1350 1781 1352 1783
527 0 -1
920 82 82 83 82 1351 1782 1354 1785
528 0 -1
921 54 23 55 23 1352 1783 1353 1784
529 0 -1
923 42 10 42 11 1354 1785 1355 1786
530 0 -1
925 85 44 88 44 1356 1787 1359 1790
531 1 -1
926 9 90 17 91 1357 1788 1366 1797
532 3 -1
927 18 16 19 17 1358 1789 1361 1792
533 3 -1
928 37 91 37 91 1359 1790 1363 1794
534 2 -1
929 23 35 24 35 1360 1791 1361 1792
535 1 -1
931 28 21 30 21 1362 1793 1364 1795
536 2 -1
933 27 25 31 25 1364 1795 1371 1802
537 3 -1
935 15 93 15 93 1366 1797 1368 1799
538 3 -1
936 14 83 15 83 1367 1798 1368 1799
539 1 -1
937 3 17 7 17 1368 1799 1372 1803
540 3 -1
938 56 36 59 37 1369 1800 1373 1804
541 2 -1
940 96 7 97 8 1371 1802 1373 1804
542 3 -1
942 46 29 47 29 1373 1804 1374 1805
543 1 -1
943 52 85 57 87 1374 1805 1381 1812
544 2 -1
944 18 27 18 28 1375 1806 1376 1807
545 0 -1
945 91 58 93 59 1376 1807 1379 1810
546 3 -1
947 65 49 65 50 1378 1809 1391 1822
547 0 -1
948 78 54 79 54 1379 1810 1382 1813
548 2 -1
950 81 80 83 80 1381 1812 1383 1814
549 0 -1
951 10 95 11 96 1382 1813 1384 1815
550 1 -1
954 47 65 49 65 1385 1816 1387 1818
551 2 -1
955 17 56 17 56 1386 1817 1387 1818
552 1 -1
957 40 78 40 79 1388 1819 1391 1822
553 3 -1
958 74 21 74 22 1389 1820 1390 1821
554 0 -1
963 33 43 33 43 1394 1825 1397 1828
555 1 -1
964 28 94 30 94 1395 1826 1397 1828
556 2 -1
966 96 14 98 14 1397 1828 1399 1830
557 0 -1
969 65 60 66 61 1400 1831 1402 1833
558 1 -1
972 86 98 92 98 1403 1834 1409 1840
559 1 -1
973 31 70 33 71 1404 1835 1408 1839
560 0 -1
974 57 72 62 76 1405 1836 1415 1846
561 1 -1
976 96 91 97 91 1407 1838 1412 1843
562 1 -1
979 48 77 51 77 1410 1841 1414 1845
563 1 -1
981 14 75 14 75 1412 1843 1413 1844
564 1 -1
983 78 64 81 64 1414 1845 1417 1848
565 1 -1
984 83 51 89 51 1415 1846 1421 1852
566 3 -1
987 91 86 95 86 1418 1849 1422 1853
567 2 -1
989 62 49 64 49 1420 1851 1423 1854
568 3 -1
990 42 78 42 81 1421 1852 1425 1856
569 2 -1
992 38 63 39 66 1423 1854 1427 1858
570 0 -1
993 75 7 77 7 1424 1855 1426 1857
571 2 -1
994 30 49 34 49 1425 1856 1429 1860
572 0 -1
996 55 63 56 63 1427 1858 1429 1860
573 0 -1
997 48 81 49 81 1428 1859 1430 1861
574 2 -1
998 97 29 98 29 1429 1860 1430 1861
575 3 -1
999 8 94 9 95 1430 1861 1432 1863
576 2 -1
1001 6 33 11 69 1432 1863 1481 1912
577 1 -1
1004 24 91 24 92 1435 1866 1437 1868
578 2 -1
1008 51 51 52 51 1439 1870 1440 1871
579 3 -1
1010 37 50 39 50 1441 1872 1443 1874
580 1 -1
1012 74 93 74 93 1443 1874 1444 1875
581 2 -1
1015 83 59 84 59 1446 1877 1447 1878
582 1 -1
1016 89 73 90 73 1447 1878 1448 1879
583 3 -1
1017 13 10 15 11 1448 1879 1451 1882
584 0 -1
1018 68 54 70 61 1449 1880 1463 1894
585 1 -1
1019 6 41 11 44 1450 1881 1460 1891
586 0 -1
1020 75 7 77 7 1451 1882 1454 1885
587 1 -1
1021 48 34 49 34 1452 1883 1453 1884
588 3 -1
1022 97 11 89 13 1453 1884 1467 1898
589 1 -1
1025 42 12 43 15 1456 1887 1461 1892
590 3 -1
1027 33 88 33 88 1458 1889 1459 1890
591 3 -1
1028 97 69 97 69 1459 1890 1460 1891
592 1 -1
1031 99 45 91 45 1462 1893 1471 1902
593 2 -1
1032 62 22 65 26 1463 1894 1470 1901
594 1 -1
1033 47 46 47 49 1464 1895 1468 1899
595 1 -1
1035 87 92 89 92 1466 1897 1468 1899
596 1 -1
1036 21 36 21 38 1467 1898 1469 1900
597 3 -1
1037 95 99 95 100 1468 1899 1469 1900
598 2 -1
1039 31 63 32 63 1470 1901 1471 1902
599 0 -1
1040 29 47 30 47 1471 1902 1472 1903
600 3 -1
1042 97 70 89 71 1473 1904 1484 1915
601 3 -1
1044 37 70 41 70 1475 1906 1479 1910
602 0 -1
1045 90 52 92 53 1476 1907 1479 1910
603 3 -1
1051 44 82 45 82 1482 1913 1483 1914
604 2 -1
1053 23 98 24 98 1484 1915 1485 1916
605 1 -1
1056 77 9 78 10 1487 1918 1489 1920
606 0 -1
1057 36 64 36 64 1488 1919 1490 1921
607 1 -1
1059 69 67 71 67 1490 1921 1494 1925
608 2 -1
1060 99 0 99 5 1491 1922 1496 1927
609 2 -1
1063 25 64 28 64 1494 1925 1497 1928
610 1 -1
1065 77 67 77 67 1496 1927 1499 1930
611 3 -1
1066 1 84 1 84 1497 1928 1499 1930
612 0 -1
1067 59 78 60 78 1498 1929 1499 1930
613 1 -1
1070 66 53 74 54 1501 1932 1513 1944
614 3 -1
1071 88 47 89 48 1502 1933 1507 1938
615 3 -1
1073 8 17 20 20 1504 1935 1519 1950
616 1 -1
1074 26 4 27 4 1505 1936 1506 1937
617 1 -1
1075 71 31 72 32 1506 1937 1509 1940
618 0 -1
1078 78 26 80 28 1509 1940 1513 1944
619 0 -1
1082 51 61 52 61 1513 1944 1514 1945
620 2 -1
1083 57 94 58 95 1514 1945 1516 1947
621 3 -1
1084 27 94 31 95 1515 1946 1521 1952
622 2 -1
1085 38 75 39 77 1516 1947 1519 1950
623 1 -1
1086 70 69 70 73 1517 1948 1521 1952
624 2 -1
1090 63 21 64 21 1521 1952 1522 1953
625 3 -1
1091 0 83 0 86 1522 1953 1526 1957
626 2 -1
1092 98 93 99 93 1523 1954 1524 1955
627 1 -1
1095 14 5 15 5 1526 1957 1529 1960
628 3 -1
1097 4 59 7 59 1528 1959 1531 1962
629 2 -1
1098 50 98 54 98 1529 1960 1533 1964
630 1 -1
1099 67 69 72 69 1530 1961 1535 1966
631 0 -1
1100 17 36 21 36 1531 1962 1536 1967
632 1 -1
1102 24 96 24 99 1533 1964 1536 1967
633 1 -1
1103 29 71 34 71 1534 1965 1541 1972
634 3 -1
1104 99 34 98 34 1535 1966 1536 1967
635 1 -1
1105 92 4 93 4 1536 1967 1537 1968
636 3 -1
1107 65 85 74 85 1538 1969 1548 1979
637 0 -1
1109 30 54 33 54 1540 1971 1543 1974
638 2 -1
1111 31 92 32 93 1542 1973 1544 1975
639 3 -1
1113 24 91 24 91 1544 1975 1545 1976
640 3 -1
1114 68 10 68 11 1545 1976 1546 1977
641 3 -1
1115 2 53 2 56 1546 1977 1549 1980
642 3 -1
1116 39 63 42 70 1547 1978 1558 1989
643 1 -1
1118 70 35 70 37 1549 1980 1551 1982
644 2 -1
1120 65 50 67 50 1551 1982 1553 1984
645 1 -1
1121 81 11 82 11 1552 1983 1553 1984
646 3 -1
1122 19 60 22 60 1553 1984 1556 1987
647 2 -1
1124 41 33 41 40 1555 1986 1562 1993
648 0 -1
1125 29 3 31 3 1556 1987 1558 1989
649 3 -1
1126 1 76 9 77 1557 1988 1569 2000
650 2 -1
1129 68 25 69 25 1560 1991 1561 1992
651 3 -1
1130 32 51 33 51 1561 1992 1562 1993
652 1 -1
1132 56 66 57 66 1563 1994 1565 1996
653 3 -1
1133 40 67 42 67 1564 1995 1567 1998
654 1 -1
1137 52 71 52 71 1568 1999 1572 2003
655 0 -1
1138 43 12 44 12 1569 2000 1570 2001
656 2 -1
1139 14 62 15 62 1570 2001 1571 2002
657 2 -1
1141 87 76 89 76 1572 2003 1574 2005
658 0 -1
1142 38 43 38 43 1573 2004 1576 2007
659 0 -1
1144 52 32 52 32 1575 2006 1578 2009
660 1 -1
1147 68 89 72 89 1578 2009 1582 2013
661 0 -1
1150 63 31 64 31 1581 2012 1582 2013
662 1 -1
1151 87 47 87 48 1582 2013 1584 2015
663 1 -1
1154 63 5 63 6 1585 2016 1586 2017
664 0 -1
1156 28 91 28 91 1587 2018 1589 2020
665 2 -1
1157 69 47 74 47 1588 2019 1593 2024
666 3 -1
1158 15 37 17 39 1589 2020 1593 2024
667 2 -1
1159 92 52 93 52 1590 2021 1592 2023
668 3 -1
1164 98 27 96 28 1595 2026 1598 2029
669 0 -1
1166 88 16 89 18 1597 2028 1600 2031
670 0 -1
1169 48 19 48 20 1600 2031 1603 2034
671 0 -1
1170 55 49 57 50 1601 2032 1604 2035
672 3 -1
1171 73 84 79 85 1602 2033 1611 2042
673 1 -1
1172 79 7 79 8 1603 2034 1604 2035
674 2 -1
1174 80 95 86 95 1605 2036 1612 2043
675 1 -1
1175 27 6 28 7 1606 2037 1609 2040
676 1 -1
1176 69 31 70 32 1607 2038 1609 2040
677 3 -1
1177 29 99 29 99 1608 2039 1610 2041
678 2 -1
1179 32 91 32 92 1610 2041 1611 2042
679 2 -1
1186 29 72 31 72 1617 2048 1619 2050
680 0 -1
1187 90 33 91 33 1618 2049 1620 2051
681 3 -1
1188 56 93 57 93 1619 2050 1620 2051
682 0 -1
1190 53 48 54 48 1621 2052 1622 2053
683 2 -1
1191 72 2 72 4 1622 2053 1624 2055
684 0 -1
1194 54 87 56 87 1625 2056 1627 2058
685 1 -1
1195 47 30 48 32 1626 2057 1629 2060
686 0 -1
1197 53 60 55 60 1628 2059 1631 2062
687 1 -1
1198 88 24 88 24 1629 2060 1633 2064
688 3 -1
1201 78 66 79 67 1632 2063 1637 2068
689 2 -1
1202 64 76 65 76 1633 2064 1634 2065
690 1 -1
1203 94 23 95 23 1634 2065 1635 2066
691 1 -1
1205 11 17 14 17 1636 2067 1639 2070
692 3 -1
1207 18 55 19 57 1638 2069 1642 2073
693 1 -1
1208 91 10 92 11 1639 2070 1641 2072
694 2 -1
1209 42 12 43 12 1640 2071 1641 2072
695 2 -1
1211 9 10 10 11 1642 2073 1646 2077
696 3 -1
1214 23 95 29 95 1645 2076 1651 2082
697 0 -1
1217 68 49 70 49 1648 2079 1650 2081
698 2 -1
1218 28 62 29 62 1649 2080 1650 2081
699 2 -1
1219 45 69 47 72 1650 2081 1657 2088
700 2 -1
1220 74 30 74 31 1651 2082 1652 2083
701 2 -1
1222 77 8 77 11 1653 2084 1656 2087
702 0 -1
1223 54 10 58 10 1654 2085 1658 2089
703 2 -1
1226 78 59 78 59 1657 2088 1660 2091
704 0 -1
1227 11 53 12 53 1658 2089 1659 2090
705 1 -1
1229 25 11 25 12 1660 2091 1661 2092
706 3 -1
1230 74 46 78 47 1661 2092 1666 2097
707 2 -1
1231 95 64 96 64 1662 2093 1663 2094
708 0 -1
1233 35 91 36 92 1664 2095 1666 2097
709 1 -1
1235 18 62 20 63 1666 2097 1670 2101
710 2 -1
1236 38 56 42 57 1667 2098 1672 2103
711 2 -1
1237 90 20 91 21 1668 2099 1673 2104
712 3 -1
1238 36 13 38 16 1669 2100 1674 2105
713 3 -1
1240 15 82 15 85 1671 2102 1675 2106
714 1 -1
1241 70 52 71 52 1672 2103 1673 2104
715 0 -1
1242 39 92 51 92 1673 2104 1686 2117
716 2 -1
1243 56 59 57 59 1674 2105 1676 2107
717 1 -1
1244 36 90 41 91 1675 2106 1682 2113
718 2 -1
1246 9 56 18 56 1677 2108 1686 2117
719 2 -1
1250 69 56 69 57 1681 2112 1682 2113
720 1 -1
1254 42 15 49 15 1685 2116 1692 2123
721 3 -1
1255 88 87 89 87 1686 2117 1690 2121
722 3 -1
1258 67 2 83 2 1689 2120 1705 2136
723 1 -1
1259 39 98 43 99 1690 2121 1708 2139
724 3 -1
1260 96 47 99 49 1691 2122 1697 2128
725 1 -1
1261 95 33 98 37 1692 2123 1699 2130
726 1 -1
1263 87 49 94 49 1694 2125 1701 2132
727 2 -1
1264 64 98 66 100 1695 2126 1699 2130
728 3 -1
1265 49 37 51 37 1696 2127 1698 2129
729 0 -1
1266 99 96 98 96 1697 2128 1698 2129
730 2 -1
1268 17 70 20 70 1699 2130 1702 2133
731 3 -1
1276 76 12 76 12 1707 2138 1708 2139
732 3 -1
1277 33 59 35 59 1708 2139 1713 2144
733 1 -1
1281 9 12 9 12 1712 2143 1714 2145
734 3 -1
1284 89 4 91 4 1715 2146 1717 2148
735 1 -1
1287 56 51 56 51 1718 2149 1722 2153
736 3 -1
1290 44 50 50 51 1721 2152 1728 2159
737 3 -1
1291 84 40 86 40 1722 2153 1725 2156
738 2 -1
1292 49 22 53 30 1723 2154 1749 2180
739 3 -1
1297 15 69 16 71 1728 2159 1731 2162
740 1 -1
1298 80 87 81 87 1729 2160 1730 2161
741 0 -1
1299 64 78 67 78 1730 2161 1733 2164
742 3 -1
1300 17 12 19 12 1731 2162 1733 2164
743 3 -1
1307 90 48 90 48 1738 2169 1739 2170
744 3 -1
1309 56 51 57 52 1740 2171 1742 2173
745 3 -1
1312 32 3 33 3 1743 2174 1745 2176
746 0 -1
1313 28 33 29 33 1744 2175 1745 2176
747 1 -1
1314 50 86 52 87 1745 2176 1749 2180
748 3 -1
1315 67 23 67 25 1746 2177 1751 2182
749 2 -1
1316 26 80 28 80 1747 2178 1749 2180
750 3 -1
1317 2 34 4 34 1748 2179 1750 2181
751 3 -1
1318 73 70 73 71 1749 2180 1752 2183
752 2 -1
1319 23 62 24 63 1750 2181 1752 2183
753 3 -1
1320 50 74 51 74 1751 2182 1752 2183
754 2 -1
1321 73 16 75 16 1752 2183 1754 2185
755 0 -1
1323 12 49 14 49 1754 2185 1756 2187
756 3 -1
1324 19 89 20 90 1755 2186 1760 2191
757 0 -1
1325 21 93 24 94 1756 2187 1762 2193
758 3 -1
1326 39 9 39 9 1757 2188 1758 2189
759 1 -1
1327 12 25 15 26 1758 2189 1768 2199
760 3 -1
1329 12 12 12 14 1760 2191 1762 2193
761 3 -1
1332 56 13 57 14 1763 2194 1765 2196
762 2 -1
1333 14 66 15 66 1764 2195 1765 2196
763 1 -1
1335 78 9 93 9 1766 2197 1782 2213
764 1 -1
1336 18 91 18 92 1767 2198 1768 2199
765 0 -1
1338 65 49 68 49 1769 2200 1772 2203
766 1 -1
1340 63 64 69 64 1771 2202 1778 2209
767 1 -1
1342 47 90 47 92 1773 2204 1776 2207
768 2 -1
1344 62 36 64 36 1775 2206 1777 2208
769 0 -1
1345 77 28 77 28 1776 2207 1777 2208
770 0 -1
1347 84 81 84 83 1778 2209 1781 2212
771 3 -1
1348 91 89 96 89 1779 2210 1784 2215
772 2 -1
1349 32 40 37 40 1780 2211 1786 2217
773 3 -1
1354 74 10 74 13 1785 2216 1788 2219
774 3 -1
1355 44 38 45 40 1786 2217 1791 2222
775 2 -1
1359 81 18 83 19 1790 2221 1795 2226
776 1 -1
1362 44 21 46 21 1793 2224 1795 2226
777 0 -1
1365 5 69 5 69 1796 2227 1797 2228
778 2 -1
1368 21 73 22 74 1799 2230 1801 2232
779 2 -1
1369 92 20 93 48 1800 2231 1835 2266
780 2 -1
1370 20 88 20 89 1801 2232 1803 2234
781 3 -1
1372 88 99 91 97 1803 2234 1808 2239
782 1 -1
1374 16 59 16 60 1805 2236 1807 2238
783 2 -1
1375 3 6 8 8 1806 2237 1813 2244
784 0 -1
1376 25 38 25 39 1807 2238 1808 2239
785 0 -1
1377 72 30 74 30 1808 2239 1811 2242
786 1 -1
1378 2 88 2 88 1809 2240 1810 2241
787 0 -1
1379 4 94 5 94 1810 2241 1814 2245
788 3 -1
1381 39 9 40 10 1812 2243 1815 2246
789 0 -1
1382 57 28 60 28 1813 2244 1816 2247
790 1 -1
1383 29 60 31 60 1814 2245 1816 2247
791 0 -1
1385 81 46 82 49 1816 2247 1822 2253
792 3 -1
1386 32 72 32 74 1817 2248 1820 2251
793 3 -1
1387 85 50 92 52 1818 2249 1829 2260
794 0 -1
1388 77 37 77 37 1819 2250 1822 2253
795 1 -1
1389 57 20 57 22 1820 2251 1822 2253
796 1 -1
1390 36 95 37 95 1821 2252 1823 2254
797 1 -1
1391 13 19 13 19 1822 2253 1824 2255
798 1 -1
1393 30 74 31 75 1824 2255 1826 2257
799 2 -1
1395 3 30 4 37 1826 2257 1834 2265
800 0 -1
1396 56 30 57 30 1827 2258 1828 2259
801 2 -1
1400 1 73 2 74 1831 2262 1834 2265
802 3 -1
1401 19 42 22 42 1832 2263 1835 2266
803 0 -1
1402 83 13 88 15 1833 2264 1840 2271
804 0 -1
1403 14 73 15 74 1834 2265 1836 2267
805 2 -1
1406 50 88 50 89 1837 2268 1838 2269
806 0 -1
1411 64 87 66 87 1842 2273 1844 2275
807 3 -1
1412 79 32 83 33 1843 2274 1849 2280
808 2 -1
1413 23 61 23 61 1844 2275 1845 2276
809 1 -1
1414 62 48 63 49 1845 2276 1847 2278
810 3 -1
1415 91 25 91 27 1846 2277 1848 2279
811 0 -1
1417 85 10 85 11 1848 2279 1849 2280
812 3 -1
1418 39 12 40 14 1849 2280 1854 2285
813 1 -1
1419 50 25 52 25 1850 2281 1857 2288
814 2 -1
1420 94 79 98 79 1851 2282 1859 2290
815 2 -1
1423 67 45 67 45 1854 2285 1855 2286
816 1 -1
1426 19 50 20 50 1857 2288 1859 2290
817 1 -1
1428 69 23 71 24 1859 2290 1862 2293
818 1 -1
1429 40 79 42 79 1860 2291 1862 2293
819 3 -1
1430 87 92 88 92 1861 2292 1862 2293
820 0 -1
1431 90 79 92 79 1862 2293 1865 2296
821 0 -1
1432 97 63 97 64 1863 2294 1864 2295
822 0 -1
1434 4 36 5 36 1865 2296 1866 2297
823 0 -1
1435 17 47 24 47 1866 2297 1873 2304
824 2 -1
1436 36 83 36 84 1867 2298 1869 2300
825 0 -1
1438 61 50 64 50 1869 2300 1873 2304
826 1 -1
1439 42 10 42 11 1870 2301 1871 2302
827 1 -1
1440 76 40 77 40 1871 2302 1874 2305
828 3 -1
1441 96 12 99 13 1872 2303 1879 2310
829 1 -1
1442 44 67 44 69 1873 2304 1875 2306
830 2 -1
1443 85 39 85 39 1874 2305 1879 2310
831 3 -1
1444 42 47 42 47 1875 2306 1877 2308
832 3 -1
1446 7 57 7 61 1877 2308 1883 2314
833 1 -1
1447 37 70 39 70 1878 2309 1880 2311
834 2 -1
1448 12 3 13 3 1879 2310 1881 2312
835 2 -1
1452 2 15 2 15 1883 2314 1884 2315
836 0 -1
1454 32 5 36 5 1885 2316 1889 2320
837 3 -1
1455 14 45 16 45 1886 2317 1888 2319
838 2 -1
1456 2 31 2 32 1887 2318 1888 2319
839 1 -1
1457 73 11 77 11 1888 2319 1894 2325
840 3 -1
1458 4 79 5 85 1889 2320 1899 2330
841 0 -1
1461 42 66 45 66 1892 2323 1895 2326
842 1 -1
1462 89 63 93 63 1893 2324 1897 2328
843 1 -1
1463 76 75 78 75 1894 2325 1896 2327
844 0 -1
1465 99 46 99 46 1896 2327 1898 2329
845 2 -1
1466 36 30 36 30 1897 2328 1899 2330
846 3 -1
1468 57 54 58 54 1899 2330 1900 2331
847 0 -1
1469 25 44 28 46 1900 2331 1905 2336
848 3 -1
1470 81 23 81 23 1901 2332 1902 2333
849 2 -1
1472 8 30 13 30 1903 2334 1908 2339
850 0 -1
1473 70 51 72 54 1904 2335 1909 2340
851 1 -1
1474 56 46 61 52 1905 2336 1916 2347
852 2 -1
1475 93 82 95 82 1906 2337 1908 2339
853 1 -1
1478 56 70 60 71 1909 2340 1915 2346
854 3 -1
1479 88 63 90 63 1910 2341 1912 2343
855 0 -1
1481 2 75 4 75 1912 2343 1914 2345
856 0 -1
1483 30 82 35 87 1914 2345 1925 2356
857 1 -1
1486 1 31 5 31 1917 2348 1922 2353
858 1 -1
1487 26 24 29 25 1918 2349 1922 2353
859 3 -1
1493 35 49 35 51 1924 2355 1926 2357
860 1 -1
1495 80 42 81 42 1926 2357 1927 2358
861 3 -1
1496 45 23 47 24 1927 2358 1931 2362
862 2 -1
1497 66 73 67 74 1928 2359 1932 2363
863 0 -1
1499 82 84 84 84 1930 2361 1932 2363
864 0 -1
1500 39 87 39 87 1931 2362 1933 2364
865 2 -1
1501 13 28 15 34 1932 2363 1940 2371
866 1 -1
1502 78 94 78 97 1933 2364 1937 2368
867 1 -1
1504 43 83 54 85 1935 2366 1948 2379
868 1 -1
1505 58 63 67 63 1936 2367 1946 2377
869 3 -1
1506 54 1 54 3 1937 2368 1939 2370
870 2 -1
1507 86 64 86 66 1938 2369 1941 2372
871 1 -1
1508 65 35 69 36 1939 2370 1945 2376
872 3 -1
1509 77 52 77 52 1940 2371 1941 2372
873 2 -1
1511 11 66 11 66 1942 2373 1944 2375
874 1 -1
1513 30 26 34 27 1944 2375 1949 2380
875 2 -1
1515 11 68 12 68 1946 2377 1947 2378
876 3 -1
1516 46 62 49 62 1947 2378 1950 2381
877 0 -1
1517 50 79 50 82 1948 2379 1951 2382
878 0 -1
1518 55 1 55 3 1949 2380 1952 2383
879 2 -1
1519 39 72 39 74 1950 2381 1954 2385
880 0 -1
1521 12 30 14 30 1952 2383 1956 2387
881 1 -1
1522 32 41 33 41 1953 2384 1955 2386
882 2 -1
1523 74 41 74 41 1954 2385 1956 2387
883 0 -1
1527 12 96 13 97 1958 2389 1962 2393
884 3 -1
1528 83 39 83 40 1959 2390 1960 2391
885 0 -1
1533 64 80 65 80 1964 2395 1965 2396
886 3 -1
1534 60 40 60 42 1965 2396 1974 2405
887 0 -1
1535 14 51 16 52 1966 2397 1969 2400
888 3 -1
1536 72 8 73 9 1967 2398 1969 2400
889 0 -1
1538 24 47 27 47 1969 2400 1973 2404
890 1 -1
1540 10 63 10 63 1971 2402 1972 2403
891 0 -1
1543 38 29 38 29 1974 2405 1977 2408
892 3 -1
1544 82 45 83 45 1975 2406 1977 2408
893 0 -1
1545 89 97 89 99 1976 2407 1978 2409
894 0 -1
1547 10 59 10 59 1978 2409 1983 2414
895 1 -1
1550 28 9 30 9 1981 2412 1983 2414
896 3 -1
1551 20 86 20 88 1982 2413 1984 2415
897 2 -1
1552 96 21 97 21 1983 2414 1988 2419
898 2 -1
1554 22 15 24 17 1985 2416 1989 2420
899 3 -1
1555 18 1 19 1 1986 2417 1988 2419
900 3 -1
1556 53 17 55 17 1987 2418 1989 2420
901 1 -1
1559 58 55 58 58 1990 2421 1996 2427
902 3 -1
1560 50 15 50 19 1991 2422 1997 2428
903 2 -1
1562 50 70 51 71 1993 2424 1995 2426
904 0 -1
1563 10 36 16 40 1994 2425 2004 2435
905 2 -1
1564 62 98 63 98 1995 2426 1997 2428
906 1 -1
1566 37 91 38 91 1997 2428 1999 2430
907 2 -1
1567 55 90 58 91 1998 2429 2002 2433
908 2 -1
1573 43 5 44 9 2004 2435 2012 2443
909 2 -1
1575 15 44 16 44 2006 2437 2007 2438
910 1 -1
1576 15 94 16 94 2007 2438 2009 2440
911 0 -1
1577 17 99 19 99 2008 2439 2010 2441
912 0 -1
1579 25 48 25 48 2010 2441 2013 2444
913 1 -1
1580 65 37 67 37 2011 2442 2013 2444
914 3 -1
1582 61 16 62 16 2013 2444 2014 2445
915 3 -1
1584 1 62 2 62 2015 2446 2016 2447
916 2 -1
1587 87 69 98 70 2018 2449 2030 2461
917 1 -1
1588 50 61 53 61 2019 2450 2023 2454
918 3 -1
1589 82 27 83 28 2020 2451 2022 2453
919 2 -1
1590 0 72 2 73 2021 2452 2024 2455
920 2 -1
1591 26 44 30 45 2022 2453 2027 2458
921 1 -1
1593 9 23 12 23 2024 2455 2028 2459
922 3 -1
1594 6 74 6 74 2025 2456 2027 2458
923 0 -1
1596 25 19 26 20 2027 2458 2029 2460
924 0 -1
1598 31 62 31 62 2029 2460 2030 2461
925 1 -1
1599 97 46 94 47 2030 2461 2034 2465
926 2 -1
1600 21 55 21 56 2031 2462 2032 2463
927 2 -1
1603 25 79 26 79 2034 2465 2035 2466
928 1 -1
1606 53 70 54 71 2037 2468 2039 2470
929 0 -1
1608 75 93 76 93 2039 2470 2040 2471
930 1 -1
1609 39 77 41 77 2040 2471 2042 2473
931 1 -1
1610 88 39 89 39 2041 2472 2042 2473
932 2 -1
1611 34 45 35 45 2042 2473 2044 2475
933 1 -1
1613 21 29 23 29 2044 2475 2046 2477
934 1 -1
1615 67 91 67 91 2046 2477 2047 2478
935 1 -1
1618 63 63 65 64 2049 2480 2052 2483
936 1 -1
1620 72 13 72 16 2051 2482 2056 2487
937 3 -1
1621 11 92 17 93 2052 2483 2059 2490
938 1 -1
1623 6 14 10 14 2054 2485 2059 2490
939 1 -1
1624 47 97 47 97 2055 2486 2056 2487
940 0 -1
1625 83 54 86 54 2056 2487 2059 2490
941 3 -1
1626 67 76 69 76 2057 2488 2059 2490
942 1 -1
1627 49 17 60 19 2058 2489 2071 2502
943 3 -1
1629 87 95 87 95 2060 2491 2061 2492
944 1 -1
1631 18 96 19 96 2062 2493 2064 2495
945 1 -1
1633 39 5 48 5 2064 2495 2074 2505
946 0 -1
1634 49 41 51 41 2065 2496 2067 2498
947 2 -1
1637 30 43 30 43 2068 2499 2069 2500
948 0 -1
1638 7 99 10 99 2069 2500 2072 2503
949 2 -1
1640 12 19 22 19 2071 2502 2081 2512
950 3 -1
1641 47 55 50 55 2072 2503 2075 2506
951 3 -1
1642 42 29 42 31 2073 2504 2077 2508
952 2 -1
1645 47 46 48 46 2076 2507 2077 2508
953 1 -1
1648 23 50 25 50 2079 2510 2081 2512
954 2 -1
1649 6 37 8 37 2080 2511 2082 2513
955 0 -1
1650 27 16 27 17 2081 2512 2082 2513
956 3 -1
1656 23 16 23 17 2087 2518 2091 2522
957 3 -1
1657 0 82 0 85 2088 2519 2091 2522
958 3 -1
1659 15 93 18 93 2090 2521 2094 2525
959 3 -1
1660 53 15 56 15 2091 2522 2095 2526
960 1 -1
1661 75 71 80 72 2092 2523 2099 2530
961 0 -1
1662 68 83 74 83 2093 2524 2100 2531
962 3 -1
1663 28 61 31 64 2094 2525 2101 2532
963 2 -1
1664 74 73 76 73 2095 2526 2097 2528
964 2 -1
1665 23 81 24 81 2096 2527 2097 2528
965 3 -1
1668 6 85 6 87 2099 2530 2102 2533
966 3 -1
1671 81 93 87 94 2102 2533 2110 2541
967 1 -1
1672 90 33 92 33 2103 2534 2107 2538
968 1 -1
1673 66 43 71 43 2104 2535 2109 2540
969 1 -1
1675 8 62 8 63 2106 2537 2107 2538
970 0 -1
1676 57 21 60 21 2107 2538 2110 2541
971 1 -1
1678 26 9 28 9 2109 2540 2112 2543
972 3 -1
1679 99 6 94 6 2110 2541 2117 2548
973 2 -1
1680 3 35 4 38 2111 2542 2115 2546
974 1 -1
1683 37 21 39 24 2114 2545 2121 2552
975 0 -1
1685 16 42 17 42 2116 2547 2119 2550
976 0 -1
1686 56 57 62 60 2117 2548 2127 2558
977 2 -1
1687 58 73 58 76 2118 2549 2122 2553
978 3 -1
1688 95 91 96 93 2119 2550 2125 2556
979 1 -1
1690 31 26 33 28 2121 2552 2125 2556
980 3 -1
1691 38 86 38 88 2122 2553 2124 2555
981 1 -1
1692 99 3 98 3 2123 2554 2126 2557
982 3 -1
1694 6 19 7 19 2125 2556 2126 2557
983 1 -1
1695 86 90 89 90 2126 2557 2130 2561
984 0 -1
1696 73 7 73 7 2127 2558 2130 2561
985 3 -1
1697 46 40 47 40 2128 2559 2130 2561
986 0 -1
1698 13 81 15 81 2129 2560 2131 2562
987 3 -1
1700 25 38 25 38 2131 2562 2133 2564
988 0 -1
1702 17 5 20 12 2133 2564 2147 2578
989 3 -1
1703 33 2 34 2 2134 2565 2135 2566
990 3 -1
1704 31 77 31 77 2135 2566 2138 2569
991 0 -1
1709 62 94 62 96 2140 2571 2143 2574
992 0 -1
1712 16 43 17 43 2143 2574 2146 2577
993 3 -1
1714 30 76 31 78 2145 2576 2149 2580
994 3 -1
1717 53 25 57 25 2148 2579 2152 2583
995 2 -1
1718 68 54 70 54 2149 2580 2151 2582
996 1 -1
1720 19 19 20 23 2151 2582 2157 2588
997 3 -1
1722 39 85 39 86 2153 2584 2154 2585
998 1 -1
1723 73 82 73 83 2154 2585 2156 2587
999 2 -1
1725 70 11 72 11 2156 2587 2158 2589
1000 1 -1
1726 94 31 94 32 2157 2588 2160 2591
