100 100 2591
16
0 29 32
1 76 61
2 78 34
3 50 5
4 91 61
5 53 66
6 94 23
7 48 15
8 96 55
9 49 59
10 76 0
11 11 97
12 83 73
13 25 68
14 61 15
15 20 8
64
0 0 0 100 6
0
1 0 0 100 6
0
2 0 0 100 6
0
3 0 0 100 6
0
4 1 0 100 6
0
5 1 0 100 6
0
6 1 0 100 6
0
7 1 0 100 6
0
8 2 0 100 6
0
9 2 0 100 6
0
10 2 0 100 6
0
11 2 0 100 6
0
12 3 0 100 6
0
13 3 0 100 6
0
14 3 0 100 6
0
15 3 0 100 6
0
16 4 0 100 6
0
17 4 0 100 6
0
18 4 0 100 6
0
19 4 0 100 6
0
20 5 0 100 6
0
21 5 0 100 6
0
22 5 0 100 6
0
23 5 0 100 6
0
24 6 0 100 6
0
25 6 0 100 6
0
26 6 0 100 6
0
27 6 0 100 6
0
28 7 0 100 6
0
29 7 0 100 6
0
30 7 0 100 6
0
31 7 0 100 6
0
32 8 0 100 6
0
33 8 0 100 6
0
34 8 0 100 6
0
35 8 0 100 6
0
36 9 0 100 6
0
37 9 0 100 6
0
38 9 0 100 6
0
39 9 0 100 6
0
40 10 0 100 6
0
41 10 0 100 6
0
42 10 0 100 6
0
43 10 0 100 6
0
44 11 0 100 6
0
45 11 0 100 6
0
46 11 0 100 6
0
47 11 0 100 6
0
48 12 0 100 6
0
49 12 0 100 6
0
50 12 0 100 6
0
51 12 0 100 6
0
52 13 0 100 6
0
53 13 0 100 6
0
54 13 0 100 6
0
55 13 0 100 6
0
56 14 0 100 6
0
57 14 0 100 6
0
58 14 0 100 6
0
59 14 0 100 6
0
60 15 0 100 6
0
61 15 0 100 6
0
62 15 0 100 6
0
63 15 0 100 6
0
1000
1 15 -1
2 53 90 56 90 433 864 436 867
2 2 -1
5 17 68 21 68 436 867 441 872
3 1 -1
7 50 39 53 40 438 869 442 873
4 12 -1
8 14 15 19 17 439 870 448 879
5 0 -1
9 49 22 54 22 440 871 446 877
6 3 -1
10 69 64 71 64 441 872 445 876
7 7 -1
11 63 82 65 84 442 873 448 879
8 14 -1
12 19 48 19 50 443 874 445 876
9 5 -1
13 60 66 62 66 444 875 446 877
10 8 -1
14 90 63 91 64 445 876 448 879
11 3 -1
15 97 62 92 63 446 877 452 883
12 8 -1
17 12 73 13 73 448 879 452 883
13 7 -1
18 90 36 95 36 449 880 455 886
14 9 -1
19 14 34 15 34 450 881 451 882
15 5 -1
20 2 97 2 99 451 882 453 884
16 5 -1
21 38 6 38 7 452 883 454 885
17 7 -1
22 41 81 41 81 453 884 457 888
18 9 -1
24 72 78 73 78 455 886 457 888
19 9 -1
29 57 96 60 97 460 891 466 897
20 4 -1
30 92 25 94 25 461 892 463 894
21 12 -1
31 46 24 48 24 462 893 464 895
22 13 -1
33 85 65 89 67 464 895 470 901
23 14 -1
35 34 15 35 15 466 897 467 898
24 5 -1
36 80 24 80 25 467 898 469 900
25 15 -1
39 1 31 2 31 470 901 471 902
26 1 -1
40 92 35 93 35 471 902 472 903
27 10 -1
41 78 27 79 28 472 903 474 905
28 15 -1
42 99 22 98 22 473 904 474 905
29 9 -1
43 89 15 89 15 474 905 475 906
30 11 -1
45 71 46 72 47 476 907 478 909
31 10 -1
49 27 81 28 82 480 911 483 914
32 11 -1
52 98 30 92 31 483 914 490 921
33 15 -1
53 87 52 92 52 484 915 489 920
34 12 -1
54 67 97 68 97 485 916 486 917
35 10 -1
56 40 1 48 4 487 918 504 935
36 4 -1
57 55 26 55 28 488 919 490 921
37 0 -1
59 67 18 67 19 490 921 491 922
38 1 -1
61 43 11 45 11 492 923 494 925
39 13 -1
62 55 93 61 93 493 924 501 932
40 7 -1
64 7 80 24 82 495 926 514 945
41 6 -1
69 99 33 99 35 500 931 502 933
42 7 -1
71 54 83 60 85 502 933 510 941
43 2 -1
73 28 30 33 30 504 935 509 940
44 14 -1
76 22 14 23 15 507 938 510 941
45 15 -1
78 49 82 51 82 509 940 511 942
46 13 -1
80 57 91 59 91 511 942 514 945
47 0 -1
81 64 0 64 1 512 943 514 945
48 4 -1
82 15 7 21 7 513 944 519 950
49 5 -1
83 82 72 84 72 514 945 519 950
50 10 -1
84 39 17 39 18 515 946 516 947
51 8 -1
86 97 35 87 35 517 948 527 958
52 3 -1
87 92 13 93 13 518 949 519 950
53 1 -1
90 70 9 70 10 521 952 522 953
54 15 -1
91 75 18 78 19 522 953 526 957
55 14 -1
92 7 42 8 42 523 954 524 955
56 4 -1
93 13 71 14 71 524 955 527 958
57 4 -1
94 72 33 76 33 525 956 531 962
58 5 -1
96 1 4 1 5 527 958 529 960
59 11 -1
103 80 30 83 30 534 965 537 968
60 3 -1
105 62 68 62 69 536 967 538 969
61 10 -1
106 98 56 94 60 537 968 547 978
62 3 -1
107 34 46 36 46 538 969 541 972
63 8 -1
108 63 14 67 17 539 970 547 978
64 2 -1
110 98 45 92 46 541 972 549 980
65 13 -1
111 41 70 42 70 542 973 543 974
66 6 -1
114 29 4 35 4 545 976 551 982
67 4 -1
115 81 60 81 65 546 977 551 982
68 14 -1
116 52 50 52 57 547 978 559 990
69 8 -1
119 86 28 89 28 550 981 553 984
70 15 -1
120 88 30 88 31 551 982 552 983
71 10 -1
122 87 93 88 95 553 984 557 988
72 11 -1
123 56 16 59 16 554 985 557 988
73 5 -1
124 15 85 19 85 555 986 559 990
74 2 -1
127 90 74 90 75 558 989 559 990
75 14 -1
128 78 79 78 91 559 990 578 1009
76 3 -1
130 48 76 48 77 561 992 562 993
77 11 -1
132 84 30 95 31 563 994 578 1009
78 14 -1
134 53 38 54 38 565 996 566 997
79 5 -1
135 77 90 77 100 566 997 577 1008
80 11 -1
136 81 86 82 86 567 998 569 1000
81 0 -1
139 27 27 28 27 570 1001 571 1002
82 14 -1
140 2 75 4 77 571 1002 575 1006
83 14 -1
141 73 52 76 52 572 1003 577 1008
84 12 -1
144 77 24 81 25 575 1006 580 1011
85 0 -1
145 27 91 28 92 576 1007 578 1009
86 3 -1
146 75 42 75 42 577 1008 578 1009
87 9 -1
147 41 1 41 2 578 1009 579 1010
88 2 -1
148 35 1 35 2 579 1010 580 1011
89 4 -1
149 52 22 52 23 580 1011 582 1013
90 9 -1
150 22 68 27 69 581 1012 587 1018
91 6 -1
153 95 67 96 67 584 1015 585 1016
92 4 -1
154 16 60 18 61 585 1016 589 1020
93 11 -1
155 79 79 82 79 586 1017 590 1021
94 14 -1
156 96 20 98 20 587 1018 592 1023
95 15 -1
157 78 69 80 72 588 1019 593 1024
96 8 -1
160 83 65 84 70 591 1022 597 1028
97 15 -1
162 33 90 33 91 593 1024 594 1025
98 13 -1
163 4 86 5 86 594 1025 595 1026
99 12 -1
166 66 99 66 100 597 1028 599 1030
100 4 -1
167 82 96 85 98 598 1029 603 1034
101 10 -1
168 56 32 57 33 599 1030 601 1032
102 3 -1
169 80 47 80 49 600 1031 605 1036
103 5 -1
170 51 7 52 8 601 1032 606 1037
104 1 -1
172 31 95 36 95 603 1034 608 1039
105 2 -1
173 84 45 87 47 604 1035 609 1040
106 11 -1
174 44 22 45 23 605 1036 607 1038
107 12 -1
179 6 8 7 8 610 1041 611 1042
108 10 -1
183 53 38 55 39 614 1045 619 1050
109 11 -1
184 54 98 54 100 615 1046 617 1048
110 11 -1
185 65 89 66 89 616 1047 618 1049
111 10 -1
186 24 12 31 12 617 1048 626 1057
112 6 -1
187 47 61 53 61 618 1049 624 1055
113 1 -1
189 62 60 62 61 620 1051 625 1056
114 6 -1
190 26 60 26 65 621 1052 626 1057
115 13 -1
193 17 19 18 19 624 1055 625 1056
116 8 -1
196 58 48 60 48 627 1058 629 1060
117 1 -1
197 83 27 83 27 628 1059 629 1060
118 11 -1
198 27 86 43 87 629 1060 647 1078
119 9 -1
199 51 0 51 0 630 1061 631 1062
120 14 -1
200 49 3 50 3 631 1062 633 1064
121 15 -1
201 37 86 37 86 632 1063 633 1064
122 6 -1
204 7 83 7 84 635 1066 636 1067
123 2 -1
208 41 90 41 91 639 1070 640 1071
124 13 -1
209 52 30 53 30 640 1071 641 1072
125 8 -1
211 92 48 93 48 642 1073 645 1076
126 14 -1
212 81 23 81 23 643 1074 645 1076
127 15 -1
213 10 27 14 30 644 1075 652 1083
128 13 -1
214 13 35 16 36 645 1076 650 1081
129 10 -1
218 20 9 20 11 649 1080 656 1087
130 11 -1
219 82 73 82 74 650 1081 652 1083
131 12 -1
224 59 9 60 10 655 1086 658 1089
132 2 -1
225 77 9 79 9 656 1087 658 1089
133 11 -1
229 23 30 25 33 660 1091 666 1097
134 9 -1
230 15 28 16 28 661 1092 662 1093
135 12 -1
231 11 85 12 85 662 1093 665 1096
136 5 -1
236 13 69 13 71 667 1098 669 1100
137 5 -1
237 14 52 14 52 668 1099 670 1101
138 6 -1
240 41 24 50 26 671 1102 682 1113
139 12 -1
242 88 33 88 33 673 1104 675 1106
140 2 -1
244 28 61 32 62 675 1106 680 1111
141 15 -1
245 86 79 86 85 676 1107 682 1113
142 10 -1
246 1 30 4 30 677 1108 680 1111
143 2 -1
247 38 3 38 6 678 1109 681 1112
144 8 -1
248 98 25 98 27 679 1110 682 1113
145 5 -1
250 85 62 87 62 681 1112 683 1114
146 13 -1
251 32 43 33 45 682 1113 685 1116
147 6 -1
253 35 69 36 69 684 1115 685 1116
148 9 -1
255 86 65 88 65 686 1117 688 1119
149 14 -1
256 15 13 19 13 687 1118 691 1122
150 11 -1
257 41 93 43 93 688 1119 692 1123
151 9 -1
258 64 34 64 35 689 1120 690 1121
152 2 -1
260 48 2 49 3 691 1122 693 1124
153 9 -1
261 54 37 56 44 692 1123 704 1135
154 10 -1
266 28 7 31 7 697 1128 701 1132
155 5 -1
267 79 33 82 33 698 1129 701 1132
156 0 -1
268 94 23 94 23 699 1130 701 1132
157 6 -1
269 18 65 19 65 700 1131 701 1132
158 8 -1
271 48 18 53 19 702 1133 708 1139
159 12 -1
272 66 17 67 17 703 1134 704 1135
160 6 -1
274 79 1 87 6 705 1136 718 1149
161 7 -1
277 64 88 65 88 708 1139 710 1141
162 1 -1
278 28 15 32 15 709 1140 715 1146
163 15 -1
279 61 93 61 93 710 1141 714 1145
164 2 -1
280 90 42 92 43 711 1142 714 1145
165 4 -1
283 50 69 50 69 714 1145 715 1146
166 11 -1
285 84 80 84 81 716 1147 719 1150
167 12 -1
286 95 64 96 66 717 1148 720 1151
168 1 -1
289 40 4 42 4 720 1151 723 1154
169 12 -1
293 99 55 95 55 724 1155 728 1159
170 10 -1
294 66 9 67 12 725 1156 729 1160
171 8 -1
295 89 73 90 73 726 1157 728 1159
172 2 -1
296 28 77 31 78 727 1158 731 1162
173 0 -1
303 10 16 18 16 734 1165 743 1174
174 12 -1
305 51 36 55 37 736 1167 741 1172
175 10 -1
306 43 56 43 56 737 1168 738 1169
176 14 -1
307 49 31 51 31 738 1169 740 1171
177 2 -1
310 74 83 75 85 741 1172 745 1176
178 5 -1
311 58 55 59 57 742 1173 746 1177
179 11 -1
312 40 23 41 28 743 1174 752 1183
180 6 -1
313 47 98 48 98 744 1175 745 1176
181 4 -1
315 56 24 58 24 746 1177 748 1179
182 3 -1
320 43 77 43 78 751 1182 767 1198
183 3 -1
321 87 59 89 60 752 1183 755 1186
184 2 -1
323 68 40 73 47 754 1185 767 1198
185 12 -1
325 73 64 74 70 756 1187 764 1195
186 13 -1
326 97 82 98 82 757 1188 758 1189
187 0 -1
327 22 29 24 29 758 1189 761 1192
188 2 -1
328 52 14 56 14 759 1190 764 1195
189 15 -1
329 85 29 85 30 760 1191 763 1194
190 4 -1
330 22 60 23 61 761 1192 766 1197
191 11 -1
337 42 26 47 32 768 1199 781 1212
192 0 -1
340 69 69 71 70 771 1202 774 1205
193 8 -1
342 96 72 96 72 773 1204 774 1205
194 12 -1
343 38 37 39 38 774 1205 777 1208
195 2 -1
345 55 1 64 2 776 1207 788 1219
196 10 -1
349 56 5 56 6 780 1211 781 1212
197 5 -1
351 46 19 46 19 782 1213 783 1214
198 5 -1
354 49 97 53 97 785 1216 791 1222
199 1 -1
356 58 81 58 81 787 1218 788 1219
200 11 -1
357 55 32 55 33 788 1219 792 1223
201 15 -1
358 99 48 99 51 789 1220 796 1227
202 5 -1
359 60 9 62 10 790 1221 793 1224
203 5 -1
360 51 69 53 69 791 1222 793 1224
204 1 -1
361 4 97 9 97 792 1223 798 1229
205 6 -1
363 73 41 74 41 794 1225 795 1226
206 4 -1
364 20 17 21 17 795 1226 796 1227
207 10 -1
365 21 63 23 63 796 1227 798 1229
208 12 -1
367 46 5 47 7 798 1229 804 1235
209 9 -1
371 7 44 8 44 802 1233 803 1234
210 14 -1
372 83 47 83 52 803 1234 811 1242
211 13 -1
373 81 26 84 26 804 1235 807 1238
212 15 -1
374 56 97 56 97 805 1236 806 1237
213 8 -1
375 18 62 18 62 806 1237 807 1238
214 1 -1
377 73 51 74 51 808 1239 809 1240
215 3 -1
379 97 24 97 24 810 1241 811 1242
216 13 -1
380 28 36 29 36 811 1242 812 1243
217 0 -1
381 53 24 55 26 812 1243 817 1248
218 14 -1
382 47 78 49 78 813 1244 815 1246
219 14 -1
383 88 11 89 11 814 1245 815 1246
220 10 -1
388 42 55 43 55 819 1250 820 1251
221 0 -1
391 31 85 31 85 822 1253 824 1255
222 12 -1
392 70 42 72 42 823 1254 825 1256
223 12 -1
394 56 79 56 80 825 1256 828 1259
224 2 -1
396 80 19 84 19 827 1258 832 1263
225 3 -1
397 48 30 48 31 828 1259 829 1260
226 5 -1
400 66 84 68 84 831 1262 833 1264
227 1 -1
401 13 48 15 48 832 1263 834 1265
228 15 -1
403 96 58 98 60 834 1265 839 1270
229 1 -1
404 25 80 26 80 835 1266 837 1268
230 11 -1
407 55 29 56 29 838 1269 839 1270
231 4 -1
408 11 15 12 15 839 1270 842 1273
232 0 -1
411 27 96 28 97 842 1273 844 1275
233 10 -1
412 66 24 66 25 843 1274 844 1275
234 0 -1
414 17 85 18 85 845 1276 846 1277
235 4 -1
418 88 36 89 36 849 1280 850 1281
236 12 -1
420 27 63 27 64 851 1282 852 1283
237 1 -1
421 42 90 44 90 852 1283 854 1285
238 2 -1
423 92 75 92 76 854 1285 855 1286
239 7 -1
426 2 35 3 35 857 1288 862 1293
240 13 -1
428 58 46 58 48 859 1290 861 1292
241 12 -1
433 55 22 56 23 864 1295 866 1297
242 2 -1
437 38 94 39 94 868 1299 869 1300
243 15 -1
439 14 60 16 60 870 1301 872 1303
244 8 -1
441 48 62 53 62 872 1303 880 1311
245 6 -1
446 33 63 35 64 877 1308 881 1312
246 3 -1
448 95 32 95 35 879 1310 882 1313
247 5 -1
450 0 49 4 53 881 1312 889 1320
248 2 -1
452 25 62 26 62 883 1314 886 1317
249 7 -1
455 80 95 80 98 886 1317 889 1320
250 13 -1
460 22 89 26 90 891 1322 897 1328
251 15 -1
461 80 93 80 94 892 1323 894 1325
252 11 -1
462 91 20 92 20 893 1324 896 1327
253 13 -1
464 47 31 47 33 895 1326 897 1328
254 13 -1
469 50 41 50 43 900 1331 902 1333
255 15 -1
471 31 59 36 64 902 1333 913 1344
256 1 -1
475 32 67 33 68 906 1337 908 1339
257 5 -1
478 54 62 55 62 909 1340 913 1344
258 3 -1
479 71 72 73 72 910 1341 912 1343
259 13 -1
480 55 28 63 28 911 1342 919 1350
260 4 -1
481 14 69 20 69 912 1343 918 1349
261 8 -1
482 53 24 54 24 913 1344 914 1345
262 3 -1
484 28 29 30 31 915 1346 919 1350
263 12 -1
486 53 73 53 73 917 1348 920 1351
264 6 -1
488 18 89 19 90 919 1350 922 1353
265 11 -1
489 98 7 88 10 920 1351 933 1364
266 6 -1
491 66 20 67 21 922 1353 924 1355
267 10 -1
493 35 22 35 22 924 1355 925 1356
268 3 -1
496 37 62 37 63 927 1358 928 1359
269 0 -1
501 73 71 74 71 932 1363 934 1365
270 6 -1
502 3 34 7 34 933 1364 937 1368
271 12 -1
505 75 98 75 98 936 1367 938 1369
272 0 -1
506 4 55 6 55 937 1368 942 1373
273 6 -1
507 61 71 62 72 938 1369 942 1373
274 0 -1
509 37 79 37 79 940 1371 941 1372
275 14 -1
511 89 12 91 12 942 1373 944 1375
276 9 -1
512 32 73 33 73 943 1374 944 1375
277 3 -1
515 94 49 95 51 946 1377 949 1380
278 13 -1
516 93 97 98 99 947 1378 960 1391
279 10 -1
517 9 86 11 87 948 1379 952 1383
280 10 -1
518 43 18 45 18 949 1380 951 1382
281 4 -1
520 72 3 73 3 951 1382 952 1383
282 15 -1
522 44 65 44 74 953 1384 962 1393
283 14 -1
523 96 21 97 21 954 1385 955 1386
284 2 -1
525 98 12 99 12 956 1387 958 1389
285 4 -1
526 90 26 90 26 957 1388 959 1390
286 5 -1
528 1 75 1 76 959 1390 964 1395
287 3 -1
530 70 70 73 71 961 1392 965 1396
288 8 -1
533 58 22 58 23 964 1395 966 1397
289 0 -1
535 97 97 99 97 966 1397 969 1400
290 12 -1
536 67 65 69 65 967 1398 969 1400
291 14 -1
537 31 7 31 8 968 1399 969 1400
292 7 -1
538 91 3 92 5 969 1400 972 1403
293 7 -1
540 73 53 75 54 971 1402 975 1406
294 3 -1
541 42 7 43 8 972 1403 975 1406
295 14 -1
542 97 46 99 50 973 1404 981 1412
296 13 -1
543 22 71 23 71 974 1405 976 1407
297 12 -1
546 31 62 31 63 977 1408 979 1410
298 6 -1
547 16 59 18 59 978 1409 980 1411
299 6 -1
550 68 69 68 69 981 1412 982 1413
300 13 -1
552 51 4 52 4 983 1414 986 1417
301 3 -1
553 85 96 86 96 984 1415 986 1417
302 9 -1
555 59 97 59 100 986 1417 991 1422
303 12 -1
556 59 61 59 61 987 1418 989 1420
304 13 -1
558 79 97 79 97 989 1420 990 1421
305 12 -1
559 38 16 41 18 990 1421 995 1426
306 13 -1
560 45 12 45 13 991 1422 993 1424
307 2 -1
562 58 88 59 88 993 1424 994 1425
308 12 -1
565 83 79 87 79 996 1427 1000 1431
309 2 -1
566 45 42 46 44 997 1428 1001 1432
310 2 -1
567 44 95 44 95 998 1429 999 1430
311 15 -1
570 52 53 56 53 1001 1432 1005 1436
312 12 -1
572 52 65 55 65 1003 1434 1006 1437
313 14 -1
573 15 17 17 17 1004 1435 1007 1438
314 15 -1
575 48 18 49 18 1006 1437 1008 1439
315 9 -1
577 24 54 24 55 1008 1439 1009 1440
316 4 -1
578 52 76 52 77 1009 1440 1011 1442
317 1 -1
579 54 30 58 31 1010 1441 1015 1446
318 3 -1
580 80 40 80 41 1011 1442 1012 1443
319 12 -1
585 48 51 50 51 1016 1447 1019 1450
320 12 -1
588 79 90 83 91 1019 1450 1024 1455
321 2 -1
589 15 8 28 10 1020 1451 1035 1466
322 7 -1
592 81 40 81 41 1023 1454 1024 1455
323 14 -1
594 38 87 39 88 1025 1456 1027 1458
324 10 -1
595 77 62 85 62 1026 1457 1041 1472
325 12 -1
596 77 84 80 84 1027 1458 1031 1462
326 2 -1
597 34 90 37 91 1028 1459 1036 1467
327 6 -1
599 66 30 66 34 1030 1461 1038 1469
328 8 -1
600 8 82 8 82 1031 1462 1034 1465
329 12 -1
601 32 64 34 64 1032 1463 1034 1465
330 13 -1
603 97 3 99 3 1034 1465 1036 1467
331 4 -1
608 32 41 33 41 1039 1470 1042 1473
332 5 -1
609 63 65 63 66 1040 1471 1041 1472
333 12 -1
610 29 56 30 60 1041 1472 1046 1477
334 6 -1
611 12 84 14 85 1042 1473 1046 1477
335 0 -1
613 13 0 15 2 1044 1475 1052 1483
336 7 -1
614 98 26 93 27 1045 1476 1051 1482
337 12 -1
615 92 27 92 27 1046 1477 1047 1478
338 11 -1
616 57 15 58 15 1047 1478 1049 1480
339 12 -1
619 30 47 35 47 1050 1481 1055 1486
340 15 -1
620 78 59 79 59 1051 1482 1053 1484
341 1 -1
621 42 16 43 19 1052 1483 1057 1488
342 4 -1
622 81 36 81 39 1053 1484 1056 1487
343 0 -1
623 0 45 2 45 1054 1485 1056 1487
344 15 -1
624 30 25 31 25 1055 1486 1056 1487
345 7 -1
625 24 5 25 6 1056 1487 1058 1489
346 10 -1
628 98 75 98 76 1059 1490 1060 1491
347 13 -1
629 21 98 25 99 1060 1491 1065 1496
348 3 -1
630 29 5 30 5 1061 1492 1062 1493
349 5 -1
634 93 62 93 63 1065 1496 1066 1497
350 12 -1
635 58 63 59 63 1066 1497 1068 1499
351 1 -1
636 5 94 6 94 1067 1498 1069 1500
352 1 -1
637 29 81 30 82 1068 1499 1070 1501
353 8 -1
639 52 61 53 61 1070 1501 1071 1502
354 2 -1
640 28 35 28 35 1071 1502 1073 1504
355 13 -1
641 7 69 7 70 1072 1503 1074 1505
356 8 -1
643 36 23 41 23 1074 1505 1080 1511
357 0 -1
645 32 82 34 82 1076 1507 1078 1509
358 15 -1
646 15 64 17 64 1077 1508 1079 1510
359 7 -1
648 74 43 74 43 1079 1510 1080 1511
360 8 -1
649 28 22 30 26 1080 1511 1090 1521
361 1 -1
650 84 33 84 33 1081 1512 1082 1513
362 4 -1
651 46 11 50 11 1082 1513 1086 1517
363 4 -1
652 16 11 23 17 1083 1514 1098 1529
364 5 -1
653 39 12 39 13 1084 1515 1085 1516
365 6 -1
656 46 76 46 77 1087 1518 1088 1519
366 11 -1
662 57 19 57 20 1093 1524 1095 1526
367 7 -1
663 48 98 55 99 1094 1525 1102 1533
368 3 -1
664 25 5 25 7 1095 1526 1097 1528
369 15 -1
665 61 64 61 64 1096 1527 1097 1528
370 11 -1
666 61 97 62 98 1097 1528 1099 1530
371 8 -1
667 15 23 15 24 1098 1529 1101 1532
372 10 -1
669 57 55 57 55 1100 1531 1101 1532
373 6 -1
672 80 70 84 70 1103 1534 1107 1538
374 13 -1
673 0 78 2 78 1104 1535 1106 1537
375 13 -1
674 15 67 18 68 1105 1536 1109 1540
376 5 -1
675 30 97 34 97 1106 1537 1111 1542
377 13 -1
678 73 34 75 35 1109 1540 1113 1544
378 13 -1
679 66 61 66 64 1110 1541 1113 1544
379 2 -1
680 64 3 70 3 1111 1542 1117 1548
380 3 -1
681 47 90 47 90 1112 1543 1114 1545
381 8 -1
682 96 23 97 24 1113 1544 1115 1546
382 5 -1
684 61 23 62 24 1115 1546 1117 1548
383 0 -1
685 93 17 95 20 1116 1547 1121 1552
384 10 -1
687 97 97 97 98 1118 1549 1123 1554
385 12 -1
688 5 70 6 71 1119 1550 1121 1552
386 15 -1
689 28 33 28 34 1120 1551 1122 1553
387 6 -1
690 11 38 12 39 1121 1552 1123 1554
388 7 -1
691 55 28 57 28 1122 1553 1124 1555
389 10 -1
692 88 39 88 39 1123 1554 1125 1556
390 0 -1
694 3 83 3 83 1125 1556 1128 1559
391 12 -1
696 82 68 83 68 1127 1558 1129 1560
392 6 -1
698 9 80 14 80 1129 1560 1134 1565
393 1 -1
700 58 43 58 44 1131 1562 1132 1563
394 3 -1
701 9 94 10 94 1132 1563 1133 1564
395 11 -1
702 88 31 90 35 1133 1564 1140 1571
396 10 -1
703 87 29 89 29 1134 1565 1136 1567
397 15 -1
704 7 30 9 30 1135 1566 1137 1568
398 6 -1
705 89 25 89 25 1136 1567 1140 1571
399 9 -1
706 41 29 43 29 1137 1568 1139 1570
400 2 -1
707 1 55 2 56 1138 1569 1142 1573
401 8 -1
708 14 80 15 80 1139 1570 1146 1577
402 15 -1
710 51 61 52 61 1141 1572 1144 1575
403 10 -1
712 76 95 76 95 1143 1574 1144 1575
404 12 -1
714 38 54 38 55 1145 1576 1146 1577
405 7 -1
716 32 17 32 17 1147 1578 1148 1579
406 13 -1
718 8 61 12 61 1149 1580 1157 1588
407 4 -1
719 68 82 68 82 1150 1581 1151 1582
408 14 -1
720 7 28 7 29 1151 1582 1153 1584
409 10 -1
722 64 44 66 44 1153 1584 1155 1586
410 8 -1
724 61 46 62 46 1155 1586 1157 1588
411 14 -1
725 1 50 8 51 1156 1587 1167 1598
412 0 -1
726 29 3 33 3 1157 1588 1161 1592
413 9 -1
727 84 42 86 42 1158 1589 1161 1592
414 3 -1
728 71 67 74 67 1159 1590 1164 1595
415 6 -1
729 93 62 93 63 1160 1591 1161 1592
416 8 -1
731 63 55 63 55 1162 1593 1163 1594
417 0 -1
733 97 77 99 77 1164 1595 1166 1597
418 2 -1
734 12 74 14 74 1165 1596 1167 1598
419 11 -1
735 86 35 86 35 1166 1597 1169 1600
420 9 -1
736 49 6 50 7 1167 1598 1169 1600
421 11 -1
737 29 76 31 76 1168 1599 1171 1602
422 8 -1
742 6 64 8 65 1173 1604 1178 1609
423 15 -1
744 15 35 17 35 1175 1606 1177 1608
424 7 -1
745 95 98 96 98 1176 1607 1181 1612
425 1 -1
748 45 21 47 21 1179 1610 1181 1612
426 9 -1
750 65 6 66 6 1181 1612 1182 1613
427 2 -1
751 44 40 45 40 1182 1613 1183 1614
428 5 -1
752 52 4 55 4 1183 1614 1186 1617
429 8 -1
753 4 57 4 57 1184 1615 1185 1616
430 7 -1
754 54 4 54 4 1185 1616 1191 1622
431 9 -1
755 78 25 79 25 1186 1617 1188 1619
432 2 -1
757 57 8 58 8 1188 1619 1190 1621
433 11 -1
758 72 94 79 95 1189 1620 1197 1628
434 1 -1
759 5 52 5 54 1190 1621 1192 1623
435 10 -1
760 3 78 3 79 1191 1622 1192 1623
436 5 -1
766 43 75 43 76 1197 1628 1199 1630
437 13 -1
767 36 2 38 2 1198 1629 1200 1631
438 11 -1
768 99 68 96 68 1199 1630 1202 1633
439 6 -1
771 13 49 13 50 1202 1633 1203 1634
440 13 -1
772 85 41 86 42 1203 1634 1205 1636
441 1 -1
773 69 90 70 92 1204 1635 1207 1638
442 6 -1
775 97 50 93 50 1206 1637 1211 1642
443 6 -1
777 37 83 37 85 1208 1639 1210 1641
444 5 -1
778 2 25 2 26 1209 1640 1211 1642
445 1 -1
779 68 67 69 67 1210 1641 1213 1644
446 0 -1
781 94 22 94 23 1212 1643 1213 1644
447 7 -1
782 16 20 20 20 1213 1644 1217 1648
448 9 -1
784 7 18 7 20 1215 1646 1217 1648
449 11 -1
787 65 41 65 41 1218 1649 1220 1651
450 7 -1
788 87 51 87 51 1219 1650 1220 1651
451 5 -1
789 42 83 44 84 1220 1651 1224 1655
452 7 -1
790 86 56 87 57 1221 1652 1223 1654
453 6 -1
791 27 56 27 57 1222 1653 1227 1658
454 15 -1
793 37 73 40 73 1224 1655 1227 1658
455 15 -1
794 21 45 21 48 1225 1656 1229 1660
456 4 -1
795 91 90 93 90 1226 1657 1228 1659
457 2 -1
796 26 46 29 46 1227 1658 1231 1662
458 5 -1
797 72 38 73 38 1228 1659 1229 1660
459 5 -1
798 10 20 13 20 1229 1660 1232 1663
460 4 -1
799 32 96 33 96 1230 1661 1232 1663
461 14 -1
800 88 91 90 93 1231 1662 1236 1667
462 9 -1
802 76 80 76 84 1233 1664 1237 1668
463 10 -1
803 68 59 68 61 1234 1665 1236 1667
464 2 -1
805 39 85 39 86 1236 1667 1241 1672
465 15 -1
806 52 47 61 47 1237 1668 1246 1677
466 8 -1
807 76 69 77 70 1238 1669 1240 1671
467 6 -1
810 44 47 45 47 1241 1672 1242 1673
468 14 -1
813 8 82 9 82 1244 1675 1245 1676
469 13 -1
818 82 14 82 14 1249 1680 1251 1682
470 11 -1
820 2 96 5 96 1251 1682 1254 1685
471 7 -1
824 87 77 87 77 1255 1686 1257 1688
472 6 -1
825 59 63 62 63 1256 1687 1259 1690
473 12 -1
827 98 31 99 31 1258 1689 1259 1690
474 1 -1
828 93 70 93 76 1259 1690 1269 1700
475 12 -1
830 68 85 69 85 1261 1692 1264 1695
476 1 -1
831 65 40 66 40 1262 1693 1263 1694
477 3 -1
833 88 99 89 100 1264 1695 1266 1697
478 0 -1
834 97 16 99 16 1265 1696 1267 1698
479 11 -1
835 1 7 9 7 1266 1697 1276 1707
480 4 -1
839 18 19 19 19 1270 1701 1272 1703
481 3 -1
841 36 50 38 50 1272 1703 1276 1707
482 14 -1
842 96 68 97 69 1273 1704 1275 1706
483 9 -1
844 47 33 48 33 1275 1706 1280 1711
484 0 -1
845 90 61 90 61 1276 1707 1278 1709
485 15 -1
846 9 13 15 13 1277 1708 1283 1714
486 10 -1
847 4 50 4 50 1278 1709 1279 1710
487 14 -1
850 14 21 15 21 1281 1712 1284 1715
488 0 -1
851 82 5 84 7 1282 1713 1286 1717
489 13 -1
854 79 77 80 77 1285 1716 1286 1717
490 7 -1
856 90 36 91 37 1287 1718 1290 1721
491 6 -1
859 20 58 22 58 1290 1721 1295 1726
492 1 -1
860 90 90 91 90 1291 1722 1292 1723
493 15 -1
861 16 54 18 54 1292 1723 1294 1725
494 4 -1
864 77 83 77 83 1295 1726 1298 1729
495 7 -1
867 15 92 15 93 1298 1729 1299 1730
496 2 -1
868 67 69 69 69 1299 1730 1301 1732
497 2 -1
871 20 50 25 58 1302 1733 1318 1749
498 12 -1
873 49 92 49 92 1304 1735 1306 1737
499 9 -1
874 98 88 93 88 1305 1736 1310 1741
500 1 -1
875 67 71 67 74 1306 1737 1309 1740
501 12 -1
877 83 30 84 32 1308 1739 1311 1742
502 0 -1
878 24 26 24 28 1309 1740 1311 1742
503 5 -1
879 34 43 36 43 1310 1741 1312 1743
504 14 -1
880 5 70 5 73 1311 1742 1315 1746
505 12 -1
881 21 10 25 12 1312 1743 1318 1749
506 10 -1
882 70 87 70 87 1313 1744 1315 1746
507 7 -1
885 32 15 33 15 1316 1747 1317 1748
508 15 -1
887 11 14 12 15 1318 1749 1321 1752
509 12 -1
889 60 21 62 22 1320 1751 1323 1754
510 4 -1
891 2 2 3 2 1322 1753 1324 1755
511 8 -1
893 65 3 66 3 1324 1755 1326 1757
512 11 -1
894 6 15 7 17 1325 1756 1328 1759
513 12 -1
895 51 89 54 89 1326 1757 1329 1760
514 1 -1
896 2 86 4 86 1327 1758 1329 1760
515 12 -1
897 23 45 24 45 1328 1759 1329 1760
516 5 -1
898 7 11 7 13 1329 1760 1331 1762
517 8 -1
899 61 2 62 2 1330 1761 1332 1763
518 10 -1
900 73 0 73 4 1331 1762 1337 1768
519 3 -1
901 26 0 28 0 1332 1763 1334 1765
520 5 -1
902 46 20 47 20 1333 1764 1334 1765
521 7 -1
905 69 39 70 39 1336 1767 1337 1768
522 4 -1
910 96 7 96 7 1341 1772 1342 1773
523 15 -1
912 79 40 86 40 1343 1774 1353 1784
524 4 -1
914 43 99 48 97 1345 1776 1352 1783
525 12 -1
917 48 99 49 100 1348 1779 1352 1783
526 7 -1
919 6 29 8 29 1350 1781 1352 1783
527 8 -1
920 22 79 23 80 1351 1782 1354 1785
528 6 -1
921 54 8 54 8 1352 1783 1353 1784
529 0 -1
923 88 93 89 93 1354 1785 1355 1786
530 3 -1
925 19 11 20 12 1356 1787 1359 1790
531 2 -1
926 21 2 21 8 1357 1788 1366 1797
532 10 -1
927 35 73 36 73 1358 1789 1361 1792
533 13 -1
928 94 21 98 21 1359 1790 1363 1794
534 13 -1
929 22 57 22 57 1360 1791 1361 1792
535 2 -1
931 29 50 30 51 1362 1793 1364 1795
536 11 -1
933 80 41 82 43 1364 1795 1371 1802
537 11 -1
935 90 22 91 23 1366 1797 1368 1799
538 0 -1
936 10 44 10 44 1367 1798 1368 1799
539 7 -1
937 53 86 54 87 1368 1799 1372 1803
540 7 -1
938 39 30 43 30 1369 1800 1373 1804
541 13 -1
940 8 42 10 42 1371 1802 1373 1804
542 9 -1
942 65 70 66 70 1373 1804 1374 1805
543 13 -1
943 38 48 43 49 1374 1805 1381 1812
544 3 -1
944 22 62 23 62 1375 1806 1376 1807
545 9 -1
945 76 76 77 77 1376 1807 1379 1810
546 7 -1
947 42 55 44 58 1378 1809 1391 1822
547 4 -1
948 74 78 76 79 1379 1810 1382 1813
548 1 -1
950 54 41 54 42 1381 1812 1383 1814
549 9 -1
951 21 66 22 67 1382 1813 1384 1815
550 2 -1
954 87 43 88 44 1385 1816 1387 1818
551 2 -1
955 23 1 23 1 1386 1817 1387 1818
552 4 -1
957 39 66 39 67 1388 1819 1391 1822
553 1 -1
958 42 76 42 76 1389 1820 1390 1821
554 15 -1
963 83 54 85 55 1394 1825 1397 1828
555 4 -1
964 82 33 84 33 1395 1826 1397 1828
556 14 -1
966 94 20 94 21 1397 1828 1399 1830
557 5 -1
969 94 67 95 67 1400 1831 1402 1833
558 0 -1
972 26 70 30 71 1403 1834 1409 1840
559 8 -1
973 98 22 98 26 1404 1835 1408 1839
560 0 -1
974 45 73 53 73 1405 1836 1415 1846
561 5 -1
976 82 6 83 8 1407 1838 1412 1843
562 15 -1
979 2 20 2 22 1410 1841 1414 1845
563 0 -1
981 70 30 71 30 1412 1843 1413 1844
564 1 -1
983 40 11 40 12 1414 1845 1417 1848
565 9 -1
984 43 97 47 98 1415 1846 1421 1852
566 13 -1
987 24 30 28 30 1418 1849 1422 1853
567 14 -1
989 8 65 8 66 1420 1851 1423 1854
568 8 -1
990 20 47 21 50 1421 1852 1425 1856
569 12 -1
992 90 92 91 95 1423 1854 1427 1858
570 4 -1
993 43 97 44 97 1424 1855 1426 1857
571 5 -1
994 79 99 81 100 1425 1856 1429 1860
572 15 -1
996 17 82 19 82 1427 1858 1429 1860
573 13 -1
997 66 35 68 35 1428 1859 1430 1861
574 1 -1
998 43 20 43 20 1429 1860 1430 1861
575 1 -1
999 37 9 37 9 1430 1861 1432 1863
576 8 -1
1001 11 1 36 12 1432 1863 1481 1912
577 10 -1
1004 51 90 51 92 1435 1866 1437 1868
578 13 -1
1008 0 67 0 68 1439 1870 1440 1871
579 4 -1
1010 43 7 43 7 1441 1872 1443 1874
580 5 -1
1012 39 32 40 32 1443 1874 1444 1875
581 10 -1
1015 78 36 78 37 1446 1877 1447 1878
582 6 -1
1016 16 59 16 60 1447 1878 1448 1879
583 9 -1
1017 74 73 76 73 1448 1879 1451 1882
584 10 -1
1018 31 3 37 6 1449 1880 1463 1894
585 9 -1
1019 33 79 33 83 1450 1881 1460 1891
586 13 -1
1020 10 54 13 54 1451 1882 1454 1885
587 1 -1
1021 30 0 31 0 1452 1883 1453 1884
588 6 -1
1022 4 7 6 7 1453 1884 1467 1898
589 13 -1
1025 79 2 82 3 1456 1887 1461 1892
590 7 -1
1027 20 96 20 96 1458 1889 1459 1890
591 7 -1
1028 88 45 89 45 1459 1890 1460 1891
592 2 -1
1031 50 12 55 15 1462 1893 1471 1902
593 7 -1
1032 97 72 91 73 1463 1894 1470 1901
594 2 -1
1033 89 7 89 9 1464 1895 1468 1899
595 4 -1
1035 55 70 55 70 1466 1897 1468 1899
596 14 -1
1036 69 16 71 16 1467 1898 1469 1900
597 10 -1
1037 47 54 47 54 1468 1899 1469 1900
598 9 -1
1039 99 89 99 89 1470 1901 1471 1902
599 1 -1
1040 7 84 7 85 1471 1902 1472 1903
600 7 -1
1042 18 83 19 84 1473 1904 1484 1915
601 10 -1
1044 21 7 22 9 1475 1906 1479 1910
602 15 -1
1045 78 3 78 6 1476 1907 1479 1910
603 8 -1
1051 40 93 41 93 1482 1913 1483 1914
604 5 -1
1053 22 98 23 98 1484 1915 1485 1916
605 6 -1
1056 62 80 63 80 1487 1918 1489 1920
606 9 -1
1057 88 62 88 63 1488 1919 1490 1921
607 10 -1
1059 92 8 95 9 1490 1921 1494 1925
608 4 -1
1060 87 96 87 96 1491 1922 1496 1927
609 4 -1
1063 59 22 61 22 1494 1925 1497 1928
610 1 -1
1065 3 14 6 14 1496 1927 1499 1930
611 2 -1
1066 4 87 4 87 1497 1928 1499 1930
612 5 -1
1067 59 43 59 44 1498 1929 1499 1930
613 2 -1
1070 61 27 70 28 1501 1932 1513 1944
614 7 -1
1071 39 97 39 100 1502 1933 1507 1938
615 13 -1
1073 51 75 54 78 1504 1935 1519 1950
616 7 -1
1074 99 49 98 49 1505 1936 1506 1937
617 8 -1
1075 51 0 54 0 1506 1937 1509 1940
618 11 -1
1078 35 64 36 67 1509 1940 1513 1944
619 11 -1
1082 35 86 36 86 1513 1944 1514 1945
620 5 -1
1083 24 95 24 97 1514 1945 1516 1947
621 1 -1
1084 78 62 83 63 1515 1946 1521 1952
622 8 -1
1085 69 91 71 92 1516 1947 1519 1950
623 1 -1
1086 6 98 6 100 1517 1948 1521 1952
624 0 -1
1090 33 12 33 13 1521 1952 1522 1953
625 3 -1
1091 83 55 86 56 1522 1953 1526 1957
626 3 -1
1092 39 66 39 66 1523 1954 1524 1955
627 5 -1
1095 88 16 91 16 1526 1957 1529 1960
628 13 -1
1097 13 29 15 30 1528 1959 1531 1962
629 3 -1
1098 11 67 12 70 1529 1960 1533 1964
630 12 -1
1099 40 72 43 74 1530 1961 1535 1966
631 10 -1
1100 56 50 59 51 1531 1962 1536 1967
632 10 -1
1102 61 19 62 21 1533 1964 1536 1967
633 4 -1
1103 83 27 87 29 1534 1965 1541 1972
634 8 -1
1104 45 43 46 43 1535 1966 1536 1967
635 14 -1
1105 44 54 44 54 1536 1967 1537 1968
636 5 -1
1107 52 93 62 93 1538 1969 1548 1979
637 13 -1
1109 93 41 96 41 1540 1971 1543 1974
638 5 -1
1111 53 96 55 96 1542 1973 1544 1975
639 7 -1
1113 26 58 27 58 1544 1975 1545 1976
640 11 -1
1114 26 21 26 21 1545 1976 1546 1977
641 10 -1
1115 45 55 48 55 1546 1977 1549 1980
642 6 -1
1116 31 25 31 34 1547 1978 1558 1989
643 5 -1
1118 69 72 71 72 1549 1980 1551 1982
644 0 -1
1120 35 19 36 19 1551 1982 1553 1984
645 9 -1
1121 82 69 82 69 1552 1983 1553 1984
646 12 -1
1122 88 89 90 90 1553 1984 1556 1987
647 3 -1
1124 97 90 93 91 1555 1986 1562 1993
648 4 -1
1125 85 42 87 42 1556 1987 1558 1989
649 13 -1
1126 35 43 39 49 1557 1988 1569 2000
650 15 -1
1129 57 82 58 82 1560 1991 1561 1992
651 9 -1
1130 81 59 82 59 1561 1992 1562 1993
652 0 -1
1132 24 10 24 11 1563 1994 1565 1996
653 5 -1
1133 61 60 63 61 1564 1995 1567 1998
654 6 -1
1137 20 52 24 52 1568 1999 1572 2003
655 10 -1
1138 50 90 51 90 1569 2000 1570 2001
656 12 -1
1139 17 96 17 96 1570 2001 1571 2002
657 8 -1
1141 53 28 54 29 1572 2003 1574 2005
658 10 -1
1142 13 49 13 49 1573 2004 1576 2007
659 10 -1
1144 50 23 53 23 1575 2006 1578 2009
660 13 -1
1147 52 53 53 56 1578 2009 1582 2013
661 6 -1
1150 50 2 51 2 1581 2012 1582 2013
662 11 -1
1151 89 60 89 61 1582 2013 1584 2015
663 13 -1
1154 63 51 63 51 1585 2016 1586 2017
664 9 -1
1156 41 38 42 38 1587 2018 1589 2020
665 11 -1
1157 10 11 10 15 1588 2019 1593 2024
666 8 -1
1158 24 80 27 80 1589 2020 1593 2024
667 0 -1
1159 64 94 66 94 1590 2021 1592 2023
668 5 -1
1164 91 41 94 41 1595 2026 1598 2029
669 11 -1
1166 98 53 95 53 1597 2028 1600 2031
670 4 -1
1169 15 72 15 75 1600 2031 1603 2034
671 12 -1
1170 0 14 2 15 1601 2032 1604 2035
672 1 -1
1171 42 31 48 31 1602 2033 1611 2042
673 11 -1
1172 69 52 69 52 1603 2034 1604 2035
674 6 -1
1174 48 94 52 94 1605 2036 1612 2043
675 4 -1
1175 65 35 65 37 1606 2037 1609 2040
676 15 -1
1176 24 1 25 1 1607 2038 1609 2040
677 0 -1
1177 15 91 15 92 1608 2039 1610 2041
678 10 -1
1179 31 15 31 15 1610 2041 1611 2042
679 12 -1
1186 81 48 83 48 1617 2048 1619 2050
680 6 -1
1187 96 32 96 32 1618 2049 1620 2051
681 11 -1
1188 92 47 92 47 1619 2050 1620 2051
682 7 -1
1190 82 69 82 69 1621 2052 1622 2053
683 7 -1
1191 4 81 6 81 1622 2053 1624 2055
684 2 -1
1194 33 67 33 68 1625 2056 1627 2058
685 2 -1
1195 6 72 8 73 1626 2057 1629 2060
686 12 -1
1197 68 40 68 42 1628 2059 1631 2062
687 11 -1
1198 28 44 30 45 1629 2060 1633 2064
688 12 -1
1201 0 29 0 29 1632 2063 1637 2068
689 1 -1
1202 7 80 8 80 1633 2064 1634 2065
690 0 -1
1203 65 97 65 97 1634 2065 1635 2066
691 3 -1
1205 80 67 81 67 1636 2067 1639 2070
692 13 -1
1207 77 34 79 36 1638 2069 1642 2073
693 12 -1
1208 63 88 65 88 1639 2070 1641 2072
694 13 -1
1209 84 55 85 55 1640 2071 1641 2072
695 0 -1
1211 51 14 55 14 1642 2073 1646 2077
696 7 -1
1214 31 53 33 55 1645 2076 1651 2082
697 7 -1
1217 28 44 28 44 1648 2079 1650 2081
698 5 -1
1218 87 10 87 10 1649 2080 1650 2081
699 0 -1
1219 65 39 70 39 1650 2081 1657 2088
700 14 -1
1220 41 58 41 58 1651 2082 1652 2083
701 6 -1
1222 69 97 71 98 1653 2084 1656 2087
702 3 -1
1223 77 11 80 11 1654 2085 1658 2089
703 10 -1
1226 96 78 98 78 1657 2088 1660 2091
704 11 -1
1227 66 82 66 83 1658 2089 1659 2090
705 9 -1
1229 34 14 34 14 1660 2091 1661 2092
706 3 -1
1230 49 0 51 1 1661 2092 1666 2097
707 9 -1
1231 97 61 98 61 1662 2093 1663 2094
708 7 -1
1233 10 74 11 75 1664 2095 1666 2097
709 6 -1
1235 31 10 35 10 1666 2097 1670 2101
710 10 -1
1236 38 62 38 62 1667 2098 1672 2103
711 9 -1
1237 36 8 41 8 1668 2099 1673 2104
712 7 -1
1238 91 95 93 97 1669 2100 1674 2105
713 6 -1
1240 9 59 13 59 1671 2102 1675 2106
714 11 -1
1241 90 80 90 80 1672 2103 1673 2104
715 13 -1
1242 1 53 3 62 1673 2104 1686 2117
716 6 -1
1243 46 39 46 41 1674 2105 1676 2107
717 13 -1
1244 58 54 63 56 1675 2106 1682 2113
718 11 -1
1246 11 12 11 12 1677 2108 1686 2117
719 7 -1
1250 31 33 32 33 1681 2112 1682 2113
720 3 -1
1254 0 34 6 35 1685 2116 1692 2123
721 14 -1
1255 11 50 13 52 1686 2117 1690 2121
722 3 -1
1258 55 18 66 18 1689 2120 1705 2136
723 3 -1
1259 94 62 77 62 1690 2121 1708 2139
724 11 -1
1260 89 36 95 36 1691 2122 1697 2128
725 9 -1
1261 90 11 95 13 1692 2123 1699 2130
726 0 -1
1263 49 70 55 70 1694 2125 1701 2132
727 8 -1
1264 70 40 71 42 1695 2126 1699 2130
728 8 -1
1265 59 98 60 99 1696 2127 1698 2129
729 10 -1
1266 51 21 52 21 1697 2128 1698 2129
730 9 -1
1268 26 47 27 47 1699 2130 1702 2133
731 2 -1
1276 16 34 16 35 1707 2138 1708 2139
732 0 -1
1277 70 92 72 95 1708 2139 1713 2144
733 4 -1
1281 77 78 79 78 1712 2143 1714 2145
734 9 -1
1284 37 85 39 85 1715 2146 1717 2148
735 13 -1
1287 12 21 14 22 1718 2149 1722 2153
736 14 -1
1290 20 52 20 56 1721 2152 1728 2159
737 8 -1
1291 65 56 68 56 1722 2153 1725 2156
738 3 -1
1292 5 27 28 29 1723 2154 1749 2180
739 13 -1
1297 61 82 64 82 1728 2159 1731 2162
740 14 -1
1298 28 15 28 16 1729 2160 1730 2161
741 7 -1
1299 4 21 5 23 1730 2161 1733 2164
742 5 -1
1300 30 66 30 67 1731 2162 1733 2164
743 11 -1
1307 29 14 30 14 1738 2169 1739 2170
744 8 -1
1309 88 40 89 40 1740 2171 1742 2173
745 8 -1
1312 85 95 87 95 1743 2174 1745 2176
746 3 -1
1313 53 95 53 95 1744 2175 1745 2176
747 7 -1
1314 41 13 45 13 1745 2176 1749 2180
748 1 -1
1315 90 30 94 30 1746 2177 1751 2182
749 4 -1
1316 12 62 12 63 1747 2178 1749 2180
750 8 -1
1317 25 33 27 33 1748 2179 1750 2181
751 14 -1
1318 83 7 85 7 1749 2180 1752 2183
752 4 -1
1319 74 75 74 75 1750 2181 1752 2183
753 15 -1
1320 67 25 68 25 1751 2182 1752 2183
754 4 -1
1321 51 9 51 11 1752 2183 1754 2185
755 10 -1
1323 39 60 39 61 1754 2185 1756 2187
756 13 -1
1324 97 94 98 94 1755 2186 1760 2191
757 1 -1
1325 9 53 9 57 1756 2187 1762 2193
758 10 -1
1326 67 39 68 39 1757 2188 1758 2189
759 4 -1
1327 50 8 50 16 1758 2189 1768 2199
760 14 -1
1329 70 18 72 18 1760 2191 1762 2193
761 14 -1
1332 17 38 19 38 1763 2194 1765 2196
762 12 -1
1333 45 43 46 43 1764 2195 1765 2196
763 7 -1
1335 15 41 25 41 1766 2197 1782 2213
764 9 -1
1336 27 5 27 5 1767 2198 1768 2199
765 5 -1
1338 58 21 58 22 1769 2200 1772 2203
766 0 -1
1340 43 24 44 27 1771 2202 1778 2209
767 6 -1
1342 94 62 95 63 1773 2204 1776 2207
768 0 -1
1344 97 89 97 90 1775 2206 1777 2208
769 14 -1
1345 18 16 19 16 1776 2207 1777 2208
770 8 -1
1347 13 76 14 76 1778 2209 1781 2212
771 14 -1
1348 58 47 60 50 1779 2210 1784 2215
772 15 -1
1349 4 59 10 59 1780 2211 1786 2217
773 15 -1
1354 29 2 31 3 1785 2216 1788 2219
774 11 -1
1355 86 7 88 8 1786 2217 1791 2222
775 6 -1
1359 31 38 36 38 1790 2221 1795 2226
776 8 -1
1362 50 50 51 50 1793 2224 1795 2226
777 6 -1
1365 95 53 96 53 1796 2227 1797 2228
778 7 -1
1368 43 57 44 57 1799 2230 1801 2232
779 12 -1
1369 94 98 94 73 1800 2231 1835 2266
780 13 -1
1370 11 10 13 10 1801 2232 1803 2234
781 5 -1
1372 65 96 68 98 1803 2234 1808 2239
782 9 -1
1374 58 33 59 33 1805 2236 1807 2238
783 7 -1
1375 20 82 27 82 1806 2237 1813 2244
784 5 -1
1376 64 88 64 89 1807 2238 1808 2239
785 12 -1
1377 3 41 4 43 1808 2239 1811 2242
786 0 -1
1378 43 70 44 70 1809 2240 1810 2241
787 15 -1
1379 35 26 36 27 1810 2241 1814 2245
788 3 -1
1381 50 54 52 54 1812 2243 1815 2246
789 0 -1
1382 49 74 49 77 1813 2244 1816 2247
790 4 -1
1383 38 58 40 58 1814 2245 1816 2247
791 15 -1
1385 45 36 47 37 1816 2247 1822 2253
792 4 -1
1386 4 67 7 67 1817 2248 1820 2251
793 2 -1
1387 41 7 42 10 1818 2249 1829 2260
794 4 -1
1388 51 66 52 66 1819 2250 1822 2253
795 1 -1
1389 56 84 57 85 1820 2251 1822 2253
796 12 -1
1390 28 82 28 83 1821 2252 1823 2254
797 4 -1
1391 78 75 80 75 1822 2253 1824 2255
798 7 -1
1393 63 22 65 22 1824 2255 1826 2257
799 9 -1
1395 0 27 8 27 1826 2257 1834 2265
800 14 -1
1396 41 5 42 5 1827 2258 1828 2259
801 11 -1
1400 50 2 51 4 1831 2262 1834 2265
802 8 -1
1401 42 53 44 53 1832 2263 1835 2266
803 8 -1
1402 44 21 49 22 1833 2264 1840 2271
804 2 -1
1403 64 62 65 62 1834 2265 1836 2267
805 10 -1
1406 91 73 91 74 1837 2268 1838 2269
806 13 -1
1411 22 54 24 54 1842 2273 1844 2275
807 1 -1
1412 70 19 71 21 1843 2274 1849 2280
808 3 -1
1413 58 63 59 63 1844 2275 1845 2276
809 3 -1
1414 60 58 61 59 1845 2276 1847 2278
810 5 -1
1415 75 94 76 94 1846 2277 1848 2279
811 7 -1
1417 61 40 62 40 1848 2279 1849 2280
812 4 -1
1418 32 70 37 70 1849 2280 1854 2285
813 14 -1
1419 58 96 59 90 1850 2281 1857 2288
814 14 -1
1420 63 74 64 78 1851 2282 1859 2290
815 6 -1
1423 22 7 23 7 1854 2285 1855 2286
816 7 -1
1426 17 36 18 37 1857 2288 1859 2290
817 11 -1
1428 63 33 64 33 1859 2290 1862 2293
818 1 -1
1429 61 46 61 46 1860 2291 1862 2293
819 2 -1
1430 73 60 73 60 1861 2292 1862 2293
820 4 -1
1431 47 56 49 57 1862 2293 1865 2296
821 5 -1
1432 29 6 29 7 1863 2294 1864 2295
822 7 -1
1434 82 36 82 37 1865 2296 1866 2297
823 10 -1
1435 69 1 69 8 1866 2297 1873 2304
824 1 -1
1436 11 30 11 32 1867 2298 1869 2300
825 8 -1
1438 84 58 87 59 1869 2300 1873 2304
826 11 -1
1439 15 7 16 7 1870 2301 1871 2302
827 3 -1
1440 90 79 90 80 1871 2302 1874 2305
828 14 -1
1441 71 11 73 11 1872 2303 1879 2310
829 7 -1
1442 48 16 50 16 1873 2304 1875 2306
830 8 -1
1443 51 10 52 10 1874 2305 1879 2310
831 9 -1
1444 0 58 0 60 1875 2306 1877 2308
832 4 -1
1446 7 50 10 50 1877 2308 1883 2314
833 2 -1
1447 17 49 17 49 1878 2309 1880 2311
834 12 -1
1448 96 4 96 5 1879 2310 1881 2312
835 10 -1
1452 56 74 57 74 1883 2314 1884 2315
836 11 -1
1454 0 40 1 43 1885 2316 1889 2320
837 8 -1
1455 88 26 89 26 1886 2317 1888 2319
838 4 -1
1456 82 38 83 38 1887 2318 1888 2319
839 11 -1
1457 43 50 47 51 1888 2319 1894 2325
840 5 -1
1458 21 83 25 85 1889 2320 1899 2330
841 9 -1
1461 77 44 79 44 1892 2323 1895 2326
842 1 -1
1462 19 95 20 95 1893 2324 1897 2328
843 0 -1
1463 40 83 42 83 1894 2325 1896 2327
844 6 -1
1465 25 72 27 72 1896 2327 1898 2329
845 1 -1
1466 82 84 84 84 1897 2328 1899 2330
846 13 -1
1468 85 64 85 65 1899 2330 1900 2331
847 0 -1
1469 63 30 67 30 1900 2331 1905 2336
848 5 -1
1470 23 90 24 90 1901 2332 1902 2333
849 10 -1
1472 98 93 94 93 1903 2334 1908 2339
850 3 -1
1473 92 83 92 83 1904 2335 1909 2340
851 12 -1
1474 43 21 43 30 1905 2336 1916 2347
852 9 -1
1475 56 57 58 57 1906 2337 1908 2339
853 7 -1
1478 15 55 19 55 1909 2340 1915 2346
854 13 -1
1479 94 55 94 56 1910 2341 1912 2343
855 7 -1
1481 65 46 65 48 1912 2343 1914 2345
856 11 -1
1483 9 26 18 28 1914 2345 1925 2356
857 13 -1
1486 43 11 43 15 1917 2348 1922 2353
858 1 -1
1487 43 43 46 44 1918 2349 1922 2353
859 12 -1
1493 18 13 18 15 1924 2355 1926 2357
860 1 -1
1495 80 35 81 35 1926 2357 1927 2358
861 0 -1
1496 31 32 31 35 1927 2358 1931 2362
862 12 -1
1497 2 48 3 51 1928 2359 1932 2363
863 3 -1
1499 47 38 47 38 1930 2361 1932 2363
864 15 -1
1500 42 34 42 35 1931 2362 1933 2364
865 11 -1
1501 3 49 5 53 1932 2363 1940 2371
866 9 -1
1502 84 31 85 33 1933 2364 1937 2368
867 12 -1
1504 5 41 15 43 1935 2366 1948 2379
868 12 -1
1505 83 63 90 64 1936 2367 1946 2377
869 9 -1
1506 76 59 78 59 1937 2368 1939 2370
870 0 -1
1507 41 33 42 35 1938 2369 1941 2372
871 3 -1
1508 62 33 64 37 1939 2370 1945 2376
872 4 -1
1509 64 58 65 58 1940 2371 1941 2372
873 0 -1
1511 54 12 56 12 1942 2373 1944 2375
874 6 -1
1513 36 88 38 88 1944 2375 1949 2380
875 1 -1
1515 99 80 98 80 1946 2377 1947 2378
876 7 -1
1516 97 5 94 5 1947 2378 1950 2381
877 11 -1
1517 94 81 96 81 1948 2379 1951 2382
878 7 -1
1518 2 74 5 74 1949 2380 1952 2383
879 14 -1
1519 80 56 84 56 1950 2381 1954 2385
880 0 -1
1521 52 90 54 92 1952 2383 1956 2387
881 11 -1
1522 52 21 54 21 1953 2384 1955 2386
882 12 -1
1523 99 53 99 53 1954 2385 1956 2387
883 1 -1
1527 26 11 28 13 1958 2389 1962 2393
884 9 -1
1528 99 60 98 60 1959 2390 1960 2391
885 3 -1
1533 58 98 59 98 1964 2395 1965 2396
886 14 -1
1534 57 18 59 25 1965 2396 1974 2405
887 3 -1
1535 47 6 49 7 1966 2397 1969 2400
888 6 -1
1536 37 7 38 7 1967 2398 1969 2400
889 11 -1
1538 33 32 34 34 1969 2400 1973 2404
890 0 -1
1540 3 72 4 72 1971 2402 1972 2403
891 0 -1
1543 19 39 19 40 1974 2405 1977 2408
892 6 -1
1544 66 64 68 64 1975 2406 1977 2408
893 3 -1
1545 27 73 29 73 1976 2407 1978 2409
894 5 -1
1547 51 10 55 11 1978 2409 1983 2414
895 13 -1
1550 18 53 20 53 1981 2412 1983 2414
896 8 -1
1551 75 11 76 11 1982 2413 1984 2415
897 2 -1
1552 46 19 51 19 1983 2414 1988 2419
898 14 -1
1554 31 59 32 60 1985 2416 1989 2420
899 1 -1
1555 92 46 92 48 1986 2417 1988 2419
900 10 -1
1556 15 23 17 23 1987 2418 1989 2420
901 2 -1
1559 41 28 44 28 1990 2421 1996 2427
902 2 -1
1560 60 66 62 66 1991 2422 1997 2428
903 0 -1
1562 5 11 7 11 1993 2424 1995 2426
904 9 -1
1563 0 90 0 90 1994 2425 2004 2435
905 3 -1
1564 74 49 74 51 1995 2426 1997 2428
906 4 -1
1566 92 15 92 15 1997 2428 1999 2430
907 0 -1
1567 41 52 42 53 1998 2429 2002 2433
908 2 -1
1573 6 22 12 22 2004 2435 2012 2443
909 4 -1
1575 49 60 50 60 2006 2437 2007 2438
910 15 -1
1576 97 57 99 57 2007 2438 2009 2440
911 6 -1
1577 10 68 12 68 2008 2439 2010 2441
912 4 -1
1579 95 29 95 29 2010 2441 2013 2444
913 1 -1
1580 54 38 55 39 2011 2442 2013 2444
914 10 -1
1582 82 5 82 6 2013 2444 2014 2445
915 0 -1
1584 6 53 7 53 2015 2446 2016 2447
916 0 -1
1587 25 70 35 70 2018 2449 2030 2461
917 7 -1
1588 44 62 48 62 2019 2450 2023 2454
918 3 -1
1589 40 21 40 22 2020 2451 2022 2453
919 1 -1
1590 40 84 43 84 2021 2452 2024 2455
920 11 -1
1591 81 89 85 90 2022 2453 2027 2458
921 6 -1
1593 55 29 56 31 2024 2455 2028 2459
922 4 -1
1594 12 51 12 51 2025 2456 2027 2458
923 2 -1
1596 39 71 39 73 2027 2458 2029 2460
924 1 -1
1598 14 22 15 22 2029 2460 2030 2461
925 10 -1
1599 86 96 86 100 2030 2461 2034 2465
926 7 -1
1600 80 63 81 63 2031 2462 2032 2463
927 10 -1
1603 63 62 63 62 2034 2465 2035 2466
928 1 -1
1606 95 15 97 15 2037 2468 2039 2470
929 2 -1
1608 58 28 58 29 2039 2470 2040 2471
930 1 -1
1609 45 38 46 38 2040 2471 2042 2473
931 15 -1
1610 76 98 77 98 2041 2472 2042 2473
932 9 -1
1611 83 80 83 82 2042 2473 2044 2475
933 4 -1
1613 9 97 11 97 2044 2475 2046 2477
934 4 -1
1615 55 83 56 83 2046 2477 2047 2478
935 11 -1
1618 4 34 6 34 2049 2480 2052 2483
936 5 -1
1620 75 0 78 2 2051 2482 2056 2487
937 4 -1
1621 43 43 44 46 2052 2483 2059 2490
938 3 -1
1623 14 99 16 99 2054 2485 2059 2490
939 1 -1
1624 59 28 59 28 2055 2486 2056 2487
940 0 -1
1625 79 62 81 62 2056 2487 2059 2490
941 5 -1
1626 25 46 25 46 2057 2488 2059 2490
942 8 -1
1627 7 46 8 56 2058 2489 2071 2502
943 11 -1
1629 49 96 49 97 2060 2491 2061 2492
944 12 -1
1631 36 86 36 86 2062 2493 2064 2495
945 3 -1
1633 8 48 16 50 2064 2495 2074 2505
946 1 -1
1634 99 48 99 50 2065 2496 2067 2498
947 3 -1
1637 61 12 62 12 2068 2499 2069 2500
948 13 -1
1638 84 22 87 22 2069 2500 2072 2503
949 15 -1
1640 40 54 41 55 2071 2502 2081 2512
950 5 -1
1641 77 52 78 52 2072 2503 2075 2506
951 10 -1
1642 6 68 6 68 2073 2504 2077 2508
952 1 -1
1645 47 1 47 2 2076 2507 2077 2508
953 2 -1
1648 47 88 48 88 2079 2510 2081 2512
954 4 -1
1649 45 21 46 22 2080 2511 2082 2513
955 9 -1
1650 98 74 99 74 2081 2512 2082 2513
956 9 -1
1656 52 70 56 70 2087 2518 2091 2522
957 14 -1
1657 90 53 90 54 2088 2519 2091 2522
958 12 -1
1659 30 30 33 30 2090 2521 2094 2525
959 3 -1
1660 67 88 67 89 2091 2522 2095 2526
960 7 -1
1661 81 21 84 21 2092 2523 2099 2530
961 1 -1
1662 82 8 86 8 2093 2524 2100 2531
962 6 -1
1663 15 12 20 14 2094 2525 2101 2532
963 12 -1
1664 73 74 74 74 2095 2526 2097 2528
964 0 -1
1665 58 68 59 68 2096 2527 2097 2528
965 7 -1
1668 68 18 71 18 2099 2530 2102 2533
966 3 -1
1671 60 4 62 9 2102 2533 2110 2541
967 6 -1
1672 75 26 79 26 2103 2534 2107 2538
968 13 -1
1673 89 22 92 22 2104 2535 2109 2540
969 5 -1
1675 70 17 71 17 2106 2537 2107 2538
970 3 -1
1676 29 12 31 13 2107 2538 2110 2541
971 0 -1
1678 57 57 60 57 2109 2540 2112 2543
972 5 -1
1679 4 28 5 31 2110 2541 2117 2548
973 8 -1
1680 66 98 67 98 2111 2542 2115 2546
974 7 -1
1683 18 85 21 85 2114 2545 2121 2552
975 7 -1
1685 29 94 32 94 2116 2547 2119 2550
976 10 -1
1686 56 30 62 32 2117 2548 2127 2558
977 0 -1
1687 91 79 91 80 2118 2549 2122 2553
978 9 -1
1688 81 4 87 4 2119 2550 2125 2556
979 0 -1
1690 32 55 32 56 2121 2552 2125 2556
980 6 -1
1691 67 70 69 70 2122 2553 2124 2555
981 0 -1
1692 57 48 58 49 2123 2554 2126 2557
982 11 -1
1694 45 6 46 6 2125 2556 2126 2557
983 9 -1
1695 16 36 20 36 2126 2557 2130 2561
984 9 -1
1696 94 18 96 19 2127 2558 2130 2561
985 12 -1
1697 49 86 49 88 2128 2559 2130 2561
986 10 -1
1698 10 61 12 61 2129 2560 2131 2562
987 0 -1
1700 77 27 78 27 2131 2562 2133 2564
988 9 -1
1702 43 0 49 2 2133 2564 2147 2578
989 2 -1
1703 34 25 35 25 2134 2565 2135 2566
990 3 -1
1704 12 18 12 20 2135 2566 2138 2569
991 4 -1
1709 15 14 16 15 2140 2571 2143 2574
992 8 -1
1712 45 17 47 17 2143 2574 2146 2577
993 2 -1
1714 1 67 3 67 2145 2576 2149 2580
994 10 -1
1717 72 99 76 99 2148 2579 2152 2583
995 3 -1
1718 75 84 77 84 2149 2580 2151 2582
996 6 -1
1720 97 33 91 33 2151 2582 2157 2588
997 13 -1
1722 55 49 55 49 2153 2584 2154 2585
998 13 -1
1723 99 2 98 2 2154 2585 2156 2587
999 13 -1
1725 88 17 90 17 2156 2587 2158 2589
1000 5 -1
1726 25 59 25 59 2157 2588 2160 2591
