100 100 2073
16
0 22 67
1 12 50
2 75 84
3 16 85
4 44 87
5 87 99
6 82 58
7 13 63
8 99 96
9 43 7
10 29 2
11 78 12
12 19 29
13 97 81
14 36 68
15 4 19
48
0 0 0 100 6
0
1 0 0 100 6
0
2 0 0 100 6
0
3 1 0 100 6
0
4 1 0 100 6
0
5 1 0 100 6
0
6 2 0 100 6
0
7 2 0 100 6
0
8 2 0 100 6
0
9 3 0 100 6
0
10 3 0 100 6
0
11 3 0 100 6
0
12 4 0 100 6
0
13 4 0 100 6
0
14 4 0 100 6
0
15 5 0 100 6
0
16 5 0 100 6
0
17 5 0 100 6
0
18 6 0 100 6
0
19 6 0 100 6
0
20 6 0 100 6
0
21 7 0 100 6
0
22 7 0 100 6
0
23 7 0 100 6
0
24 8 0 100 6
0
25 8 0 100 6
0
26 8 0 100 6
0
27 9 0 100 6
0
28 9 0 100 6
0
29 9 0 100 6
0
30 10 0 100 6
0
31 10 0 100 6
0
32 10 0 100 6
0
33 11 0 100 6
0
34 11 0 100 6
0
35 11 0 100 6
0
36 12 0 100 6
0
37 12 0 100 6
0
38 12 0 100 6
0
39 13 0 100 6
0
40 13 0 100 6
0
41 13 0 100 6
0
42 14 0 100 6
0
43 14 0 100 6
0
44 14 0 100 6
0
45 15 0 100 6
0
46 15 0 100 6
0
47 15 0 100 6
0
1000
1 8 -1
2 93 81 96 81 174 346 177 349
2 6 -1
5 60 80 61 80 177 349 182 354
3 4 -1
7 67 28 67 32 179 351 183 355
4 7 -1
8 69 97 70 100 180 352 189 361
5 15 -1
9 97 41 91 41 181 353 187 359
6 0 -1
10 92 91 96 91 182 354 186 358
7 4 -1
11 72 39 73 41 183 355 189 361
8 2 -1
12 66 89 68 89 184 356 186 358
9 4 -1
13 0 68 0 69 185 357 187 359
10 1 -1
14 15 73 17 74 186 358 189 361
11 6 -1
15 42 59 47 60 187 359 193 365
12 3 -1
17 77 52 80 52 189 361 193 365
13 12 -1
18 48 82 54 82 190 362 196 368
14 12 -1
19 29 4 29 5 191 363 192 364
15 4 -1
20 11 61 12 61 192 364 194 366
16 8 -1
21 26 26 27 27 193 365 195 367
17 7 -1
22 7 40 7 44 194 366 198 370
18 12 -1
24 94 76 96 76 196 368 198 370
19 3 -1
29 90 8 96 8 201 373 207 379
20 6 -1
30 55 4 56 4 202 374 204 376
21 8 -1
31 65 10 66 10 203 375 205 377
22 4 -1
33 17 81 18 83 205 377 211 383
23 8 -1
35 76 75 76 75 207 379 208 380
24 0 -1
36 14 78 14 79 208 380 210 382
25 1 -1
39 39 17 40 17 211 383 212 384
26 11 -1
40 20 14 20 14 212 384 213 385
27 11 -1
41 83 9 84 9 213 385 215 387
28 8 -1
42 8 45 9 45 214 386 215 387
29 12 -1
43 94 96 95 96 215 387 216 388
30 11 -1
45 53 68 54 68 217 389 219 391
31 5 -1
49 43 89 46 89 221 393 224 396
32 13 -1
52 57 24 58 27 224 396 231 403
33 1 -1
53 52 39 56 39 225 397 230 402
34 3 -1
54 78 34 79 34 226 398 227 399
35 12 -1
56 44 25 51 31 228 400 245 417
36 7 -1
57 86 42 87 43 229 401 231 403
37 0 -1
59 96 52 97 52 231 403 232 404
38 7 -1
61 52 19 52 21 233 405 235 407
39 12 -1
62 68 84 75 84 234 406 242 414
40 6 -1
64 98 35 89 43 236 408 255 427
41 12 -1
69 24 4 24 5 241 413 243 415
42 5 -1
71 25 98 31 100 243 415 251 423
43 9 -1
73 55 34 58 35 245 417 250 422
44 14 -1
76 14 11 16 11 248 420 251 423
45 1 -1
78 98 10 96 10 250 422 252 424
46 14 -1
80 54 92 55 92 252 424 255 427
47 7 -1
81 9 5 11 5 253 425 255 427
48 15 -1
82 36 16 38 16 254 426 260 432
49 7 -1
83 50 41 54 41 255 427 260 432
50 3 -1
84 88 58 88 58 256 428 257 429
51 11 -1
86 38 59 46 61 258 430 268 440
52 9 -1
87 57 80 58 80 259 431 260 432
53 2 -1
90 95 11 96 11 262 434 263 435
54 7 -1
91 93 78 95 78 263 435 267 439
55 0 -1
92 88 61 88 62 264 436 265 437
56 15 -1
93 98 50 96 50 265 437 268 440
57 10 -1
94 40 25 40 28 266 438 272 444
58 0 -1
96 50 86 51 87 268 440 270 442
59 13 -1
103 71 23 72 25 275 447 278 450
60 11 -1
105 72 86 73 86 277 449 279 451
61 5 -1
106 46 49 50 52 278 450 288 460
62 9 -1
107 52 25 54 25 279 451 282 454
63 13 -1
108 96 17 90 18 280 452 288 460
64 14 -1
110 53 45 60 45 282 454 290 462
65 13 -1
111 59 15 60 15 283 455 284 456
66 7 -1
114 40 98 44 99 286 458 292 464
67 13 -1
115 41 32 43 34 287 459 292 464
68 10 -1
116 22 21 27 22 288 460 300 472
69 14 -1
119 33 83 35 84 291 463 294 466
70 1 -1
120 66 38 67 38 292 464 293 465
71 6 -1
122 23 28 24 28 294 466 298 470
72 15 -1
123 56 44 57 45 295 467 298 470
73 4 -1
124 37 57 38 59 296 468 300 472
74 6 -1
127 48 53 49 53 299 471 300 472
75 8 -1
128 83 10 66 10 300 472 319 491
76 1 -1
130 85 40 86 40 302 474 303 475
77 7 -1
132 55 97 56 93 304 476 319 491
78 1 -1
134 77 1 78 1 306 478 307 479
79 6 -1
135 46 19 56 20 307 479 318 490
80 2 -1
136 58 17 59 17 308 480 310 482
81 4 -1
139 93 98 93 99 311 483 312 484
82 10 -1
140 63 4 67 4 312 484 316 488
83 6 -1
141 91 15 96 15 313 485 318 490
84 1 -1
144 29 2 29 5 316 488 321 493
85 5 -1
145 68 44 69 44 317 489 319 491
86 7 -1
146 60 86 60 87 318 490 319 491
87 10 -1
147 20 90 20 90 319 491 320 492
88 11 -1
148 27 81 27 82 320 492 321 493
89 15 -1
149 37 31 37 32 321 493 323 495
90 3 -1
150 16 66 20 68 322 494 328 500
91 2 -1
153 15 23 15 24 325 497 326 498
92 12 -1
154 85 18 87 18 326 498 330 502
93 1 -1
155 62 85 66 85 327 499 331 503
94 15 -1
156 65 89 66 92 328 500 333 505
95 13 -1
157 56 53 59 54 329 501 334 506
96 5 -1
160 70 65 74 66 332 504 338 510
97 6 -1
162 38 1 38 2 334 506 335 507
98 6 -1
163 61 25 62 25 335 507 336 508
99 2 -1
166 39 90 39 90 338 510 340 512
100 13 -1
167 49 49 54 49 339 511 344 516
101 4 -1
168 59 44 60 45 340 512 342 514
102 2 -1
169 84 78 88 78 341 513 346 518
103 12 -1
170 69 73 70 73 342 514 347 519
104 0 -1
172 85 32 89 33 344 516 349 521
105 10 -1
173 39 39 43 39 345 517 350 522
106 10 -1
174 92 7 94 7 346 518 348 520
107 4 -1
179 1 4 1 4 351 523 352 524
108 12 -1
183 90 18 93 18 355 527 360 532
109 15 -1
184 72 50 74 50 356 528 358 530
110 7 -1
185 31 73 31 75 357 529 359 531
111 10 -1
186 53 99 58 99 358 530 367 539
112 10 -1
187 59 5 62 5 359 531 365 537
113 12 -1
189 41 45 46 45 361 533 366 538
114 10 -1
190 44 62 47 62 362 534 367 539
115 4 -1
193 66 76 66 76 365 537 366 538
116 12 -1
196 81 11 81 12 368 540 370 542
117 10 -1
197 50 97 50 98 369 541 370 542
118 7 -1
198 20 85 21 92 370 542 388 560
119 1 -1
199 13 18 14 18 371 543 372 544
120 7 -1
200 32 67 32 68 372 544 374 546
121 2 -1
201 14 23 14 24 373 545 374 546
122 2 -1
204 33 16 33 17 376 548 377 549
123 10 -1
208 19 25 19 25 380 552 381 553
124 2 -1
209 19 84 20 84 381 553 382 554
125 13 -1
211 61 90 64 90 383 555 386 558
126 9 -1
212 10 92 11 93 384 556 386 558
127 5 -1
213 52 51 58 52 385 557 393 565
128 5 -1
214 8 48 11 50 386 558 391 563
129 3 -1
218 35 25 42 25 390 562 397 569
130 1 -1
219 72 11 73 12 391 563 393 565
131 14 -1
224 38 72 38 75 396 568 399 571
132 8 -1
225 7 74 7 75 397 569 399 571
133 14 -1
229 54 7 54 13 401 573 407 579
134 1 -1
230 71 50 72 50 402 574 403 575
135 14 -1
231 9 3 10 4 403 575 406 578
136 12 -1
236 98 66 96 66 408 580 410 582
137 10 -1
237 26 58 26 59 409 581 411 583
138 15 -1
240 81 14 92 14 412 584 423 595
139 3 -1
242 56 5 58 5 414 586 416 588
140 4 -1
244 8 37 13 37 416 588 421 593
141 2 -1
245 56 94 57 98 417 589 423 595
142 1 -1
246 89 20 90 21 418 590 421 593
143 4 -1
247 13 24 13 24 419 591 422 594
144 15 -1
248 29 7 29 7 420 592 423 595
145 2 -1
250 12 22 12 22 422 594 424 596
146 1 -1
251 42 91 44 91 423 595 426 598
147 7 -1
253 86 16 87 16 425 597 426 598
148 5 -1
255 44 38 44 40 427 599 429 601
149 2 -1
256 72 57 74 57 428 600 432 604
150 6 -1
257 87 69 91 69 429 601 433 605
151 13 -1
258 57 34 58 34 430 602 431 603
152 5 -1
260 53 92 54 93 432 604 434 606
153 12 -1
261 31 26 41 28 433 605 445 617
154 14 -1
266 0 65 2 66 438 610 442 614
155 5 -1
267 27 14 27 15 439 611 442 614
156 12 -1
268 51 3 53 3 440 612 442 614
157 15 -1
269 34 27 35 27 441 613 442 614
158 8 -1
271 14 55 19 56 443 615 449 621
159 13 -1
272 8 73 8 73 444 616 445 617
160 1 -1
274 76 39 76 48 446 618 459 631
161 1 -1
277 62 79 64 79 449 621 451 623
162 5 -1
278 58 30 62 30 450 622 456 628
163 1 -1
279 99 84 99 85 451 623 455 627
164 12 -1
280 48 42 50 42 452 624 455 627
165 13 -1
283 88 22 89 22 455 627 456 628
166 15 -1
285 51 8 54 8 457 629 460 632
167 15 -1
286 99 7 99 7 458 630 461 633
168 11 -1
289 55 81 55 84 461 633 464 636
169 15 -1
293 44 70 45 72 465 637 469 641
170 1 -1
294 88 51 90 52 466 638 470 642
171 7 -1
295 35 89 37 89 467 639 469 641
172 1 -1
296 69 10 73 10 468 640 472 644
173 14 -1
303 49 81 55 81 475 647 484 656
174 12 -1
305 60 74 63 76 477 649 482 654
175 6 -1
306 57 22 57 22 478 650 479 651
176 0 -1
307 63 0 63 1 479 651 481 653
177 11 -1
310 37 2 39 3 482 654 486 658
178 13 -1
311 74 81 76 82 483 655 487 659
179 12 -1
312 64 54 66 61 484 656 493 665
180 13 -1
313 93 48 94 48 485 657 486 658
181 12 -1
315 17 98 17 100 487 659 489 661
182 10 -1
320 5 58 7 60 492 664 508 680
183 10 -1
321 62 84 63 84 493 665 496 668
184 7 -1
323 34 23 36 28 495 667 508 680
185 7 -1
325 66 74 67 74 497 669 505 677
186 9 -1
326 41 74 42 74 498 670 499 671
187 6 -1
327 44 57 47 57 499 671 502 674
188 8 -1
328 71 68 76 68 500 672 505 677
189 15 -1
329 10 79 11 79 501 673 504 676
190 3 -1
330 6 81 8 83 502 674 507 679
191 3 -1
337 4 5 11 6 509 681 522 694
192 15 -1
340 1 98 4 98 512 684 515 687
193 12 -1
342 63 46 64 46 514 686 515 687
194 15 -1
343 49 95 52 95 515 687 518 690
195 6 -1
345 6 61 8 71 517 689 529 701
196 5 -1
349 82 21 82 21 521 693 522 694
197 5 -1
351 83 43 84 43 523 695 524 696
198 3 -1
354 31 97 37 97 526 698 532 704
199 10 -1
356 53 48 53 48 528 700 529 701
200 3 -1
357 41 71 42 71 529 701 533 705
201 13 -1
358 62 89 67 91 530 702 537 709
202 2 -1
359 62 90 64 90 531 703 534 706
203 7 -1
360 16 75 18 75 532 704 534 706
204 2 -1
361 27 63 27 64 533 705 539 711
205 8 -1
363 21 73 21 74 535 707 536 708
206 15 -1
364 43 2 44 2 536 708 537 709
207 4 -1
365 49 8 51 8 537 709 539 711
208 9 -1
367 73 76 79 76 539 711 545 717
209 5 -1
371 91 65 92 65 543 715 544 716
210 13 -1
372 10 90 10 91 544 716 552 724
211 10 -1
373 96 73 98 74 545 717 548 720
212 13 -1
374 11 14 11 14 546 718 547 719
213 14 -1
375 14 14 14 14 547 719 548 720
214 13 -1
377 11 17 11 18 549 721 550 722
215 5 -1
379 34 53 34 53 551 723 552 724
216 5 -1
380 56 11 57 11 552 724 553 725
217 15 -1
381 64 53 69 53 553 725 558 730
218 15 -1
382 31 32 33 32 554 726 556 728
219 1 -1
383 10 6 10 7 555 727 556 728
220 6 -1
388 37 54 38 54 560 732 561 733
221 1 -1
391 9 58 11 58 563 735 565 737
222 1 -1
392 21 58 22 58 564 736 566 738
223 7 -1
394 94 18 94 19 566 738 569 741
224 14 -1
396 23 32 26 32 568 740 573 745
225 11 -1
397 9 8 9 8 569 741 570 742
226 3 -1
400 12 76 12 76 572 744 574 746
227 2 -1
401 81 6 82 6 573 745 575 747
228 13 -1
403 36 76 41 76 575 747 580 752
229 9 -1
404 33 23 35 23 576 748 578 750
230 2 -1
407 16 69 16 69 579 751 580 752
231 2 -1
408 22 20 25 20 580 752 583 755
232 12 -1
411 23 88 25 88 583 755 585 757
233 9 -1
412 22 45 23 45 584 756 585 757
234 12 -1
414 80 33 81 33 586 758 587 759
235 11 -1
418 34 65 34 66 590 762 591 763
236 13 -1
420 31 51 32 51 592 764 593 765
237 8 -1
421 51 43 51 45 593 765 595 767
238 9 -1
423 54 85 54 86 595 767 596 768
239 14 -1
426 32 78 33 80 598 770 603 775
240 11 -1
428 95 80 97 80 600 772 602 774
241 6 -1
433 6 26 7 27 605 777 607 779
242 4 -1
437 39 90 39 91 609 781 610 782
243 15 -1
439 86 73 88 73 611 783 613 785
244 7 -1
441 19 53 20 53 613 785 621 793
245 12 -1
446 95 40 99 40 618 790 622 794
246 1 -1
448 1 88 1 91 620 792 623 795
247 0 -1
450 38 96 41 100 622 794 630 802
248 5 -1
452 83 53 86 53 624 796 627 799
249 13 -1
455 78 24 81 24 627 799 630 802
250 10 -1
460 12 91 13 91 632 804 638 810
251 1 -1
461 38 35 40 35 633 805 635 807
252 10 -1
462 58 81 60 82 634 806 637 809
253 6 -1
464 65 91 66 92 636 808 638 810
254 14 -1
469 81 42 82 43 641 813 643 815
255 3 -1
471 95 97 95 92 643 815 654 826
256 6 -1
475 59 17 60 18 647 819 649 821
257 1 -1
478 8 7 12 7 650 822 654 826
258 4 -1
479 74 17 76 17 651 823 653 825
259 10 -1
480 29 91 29 96 652 824 660 832
260 11 -1
481 94 41 99 41 653 825 659 831
261 13 -1
482 26 58 26 59 654 826 655 827
262 12 -1
484 68 26 70 27 656 828 660 832
263 2 -1
486 44 65 46 65 658 830 661 833
264 1 -1
488 12 21 14 22 660 832 663 835
265 9 -1
489 40 90 53 90 661 833 674 846
266 15 -1
491 90 97 90 97 663 835 665 837
267 13 -1
493 70 13 70 13 665 837 666 838
268 1 -1
496 46 18 46 19 668 840 669 841
269 0 -1
501 80 46 82 46 673 845 675 847
270 8 -1
502 76 0 79 1 674 846 678 850
271 8 -1
505 54 31 56 31 677 849 679 851
272 10 -1
506 39 13 40 17 678 850 683 855
273 7 -1
507 8 12 12 12 679 851 683 855
274 5 -1
509 18 72 18 72 681 853 682 854
275 15 -1
511 83 29 85 29 683 855 685 857
276 7 -1
512 68 48 68 48 684 856 685 857
277 4 -1
515 54 53 55 54 687 859 690 862
278 13 -1
516 70 57 81 58 688 860 701 873
279 8 -1
517 77 17 78 17 689 861 693 865
280 9 -1
518 92 95 93 96 690 862 692 864
281 7 -1
520 29 98 29 99 692 864 693 865
282 0 -1
522 92 81 95 87 694 866 703 875
283 11 -1
523 27 92 28 92 695 867 696 868
284 14 -1
525 9 2 11 2 697 869 699 871
285 13 -1
526 44 30 44 31 698 870 700 872
286 7 -1
528 59 66 60 67 700 872 705 877
287 15 -1
530 21 57 24 57 702 874 706 878
288 10 -1
533 38 0 40 0 705 877 707 879
289 1 -1
535 30 72 33 72 707 879 710 882
290 9 -1
536 90 82 91 83 708 880 710 882
291 8 -1
537 27 14 27 15 709 881 710 882
292 13 -1
538 12 42 15 42 710 882 713 885
293 9 -1
540 80 99 81 97 712 884 716 888
294 8 -1
541 77 41 78 41 713 885 716 888
295 2 -1
542 26 96 28 91 714 886 722 894
296 7 -1
543 11 36 12 36 715 887 717 889
297 13 -1
546 27 22 29 22 718 890 720 892
298 13 -1
547 45 69 47 69 719 891 721 893
299 1 -1
550 70 58 70 59 722 894 723 895
300 2 -1
552 38 60 41 60 724 896 727 899
301 6 -1
553 21 89 23 89 725 897 727 899
302 9 -1
555 75 85 75 90 727 899 732 904
303 14 -1
556 33 30 33 30 728 900 730 902
304 2 -1
558 51 46 52 46 730 902 731 903
305 15 -1
559 79 4 79 8 731 903 736 908
306 12 -1
560 2 79 3 80 732 904 734 906
307 2 -1
562 9 43 10 43 734 906 735 907
308 14 -1
565 67 21 70 21 737 909 741 913
309 3 -1
566 56 11 59 11 738 910 742 914
310 8 -1
567 2 73 3 73 739 911 740 912
311 9 -1
570 38 39 40 39 742 914 746 918
312 14 -1
572 80 44 80 47 744 916 747 919
313 3 -1
573 5 37 6 37 745 917 748 920
314 5 -1
575 6 75 7 76 747 919 749 921
315 13 -1
577 0 20 1 20 749 921 750 922
316 11 -1
578 8 2 10 2 750 922 752 924
317 11 -1
579 47 8 51 8 751 923 756 928
318 0 -1
580 24 19 25 19 752 924 753 925
319 10 -1
585 2 34 4 35 757 929 760 932
320 15 -1
588 66 72 66 75 760 932 765 937
321 3 -1
589 56 75 63 77 761 933 776 948
322 10 -1
592 34 99 35 99 764 936 765 937
323 4 -1
594 76 99 77 100 766 938 768 940
324 0 -1
595 14 95 26 96 767 939 782 954
325 14 -1
596 14 91 17 91 768 940 772 944
326 3 -1
597 31 41 38 41 769 941 777 949
327 3 -1
599 82 52 82 59 771 943 779 951
328 10 -1
600 13 85 13 85 772 944 775 947
329 3 -1
601 58 69 58 69 773 945 775 947
330 5 -1
603 65 43 65 44 775 947 777 949
331 15 -1
608 39 86 42 86 780 952 783 955
332 3 -1
609 98 74 99 74 781 953 782 954
333 15 -1
610 31 12 32 15 782 954 787 959
334 11 -1
611 67 5 67 8 783 955 787 959
335 14 -1
613 93 75 95 78 785 957 793 965
336 10 -1
614 29 99 30 95 786 958 792 964
337 11 -1
615 20 29 20 30 787 959 788 960
338 6 -1
616 82 23 84 23 788 960 790 962
339 9 -1
619 22 92 23 93 791 963 796 968
340 9 -1
620 72 66 74 66 792 964 794 966
341 0 -1
621 75 77 75 80 793 965 798 970
342 0 -1
622 95 10 96 10 794 966 797 969
343 12 -1
623 22 76 24 76 795 967 797 969
344 15 -1
624 91 23 91 23 796 968 797 969
345 15 -1
625 23 59 25 59 797 969 799 971
346 15 -1
628 29 56 30 56 800 972 801 973
347 7 -1
629 98 13 95 13 801 973 806 978
348 0 -1
630 80 41 81 41 802 974 803 975
349 8 -1
634 56 0 56 1 806 978 807 979
350 7 -1
635 85 89 86 89 807 979 809 981
351 5 -1
636 99 1 99 2 808 980 810 982
352 14 -1
637 10 57 11 57 809 981 811 983
353 2 -1
639 83 29 83 29 811 983 812 984
354 2 -1
640 85 74 86 75 812 984 814 986
355 7 -1
641 6 34 6 34 813 985 815 987
356 4 -1
643 40 74 46 74 815 987 821 993
357 5 -1
645 46 83 48 83 817 989 819 991
358 10 -1
646 67 66 69 66 818 990 820 992
359 10 -1
648 81 99 81 99 820 992 821 993
360 11 -1
649 69 40 74 45 821 993 831 1003
361 11 -1
650 61 31 61 31 822 994 823 995
362 1 -1
651 38 44 42 44 823 995 827 999
363 1 -1
652 55 27 56 29 824 996 839 1011
364 14 -1
653 81 50 81 50 825 997 826 998
365 7 -1
656 31 89 31 89 828 1000 829 1001
366 15 -1
662 30 59 30 61 834 1006 836 1008
367 1 -1
663 58 93 63 96 835 1007 843 1015
368 0 -1
664 83 81 83 82 836 1008 838 1010
369 6 -1
665 74 35 75 35 837 1009 838 1010
370 5 -1
666 16 50 16 50 838 1010 840 1012
371 5 -1
667 38 70 41 70 839 1011 842 1014
372 5 -1
669 20 95 21 95 841 1013 842 1014
373 11 -1
672 38 70 40 72 844 1016 848 1020
374 5 -1
673 57 14 57 15 845 1017 847 1019
375 1 -1
674 81 32 84 32 846 1018 850 1022
376 11 -1
675 94 93 97 95 847 1019 852 1024
377 13 -1
678 32 82 33 83 850 1022 854 1026
378 2 -1
679 75 87 78 87 851 1023 854 1026
379 9 -1
680 44 69 46 71 852 1024 858 1030
380 11 -1
681 64 20 64 22 853 1025 855 1027
381 2 -1
682 44 61 45 61 854 1026 856 1028
382 8 -1
684 22 42 22 44 856 1028 858 1030
383 1 -1
685 52 83 53 85 857 1029 862 1034
384 0 -1
687 26 77 28 79 859 1031 864 1036
385 6 -1
688 72 98 72 100 860 1032 862 1034
386 14 -1
689 67 93 68 94 861 1033 863 1035
387 13 -1
690 76 0 77 0 862 1034 864 1036
388 14 -1
691 15 4 15 4 863 1035 865 1037
389 13 -1
692 2 53 3 54 864 1036 866 1038
390 10 -1
694 90 92 91 92 866 1038 869 1041
391 11 -1
696 73 75 74 75 868 1040 870 1042
392 0 -1
698 42 60 42 64 870 1042 875 1047
393 7 -1
700 56 16 57 16 872 1044 873 1045
394 7 -1
701 89 56 90 56 873 1045 874 1046
395 15 -1
702 81 92 85 94 874 1046 881 1053
396 13 -1
703 82 59 83 59 875 1047 877 1049
397 10 -1
704 76 10 77 10 876 1048 878 1050
398 2 -1
705 39 79 39 79 877 1049 881 1053
399 10 -1
706 66 1 68 1 878 1050 880 1052
400 10 -1
707 73 34 74 37 879 1051 883 1055
401 4 -1
708 70 32 76 33 880 1052 887 1059
402 7 -1
710 84 35 84 38 882 1054 885 1057
403 4 -1
712 19 97 19 97 884 1056 885 1057
404 15 -1
714 5 64 6 64 886 1058 887 1059
405 11 -1
716 7 93 7 93 888 1060 889 1061
406 15 -1
718 57 50 61 50 890 1062 898 1070
407 4 -1
719 90 93 90 94 891 1063 892 1064
408 14 -1
720 30 88 31 89 892 1064 894 1066
409 6 -1
722 79 96 81 96 894 1066 896 1068
410 15 -1
724 99 92 99 92 896 1068 898 1070
411 15 -1
725 40 97 48 100 897 1069 908 1080
412 9 -1
726 73 97 76 98 898 1070 902 1074
413 7 -1
727 74 19 74 19 899 1071 902 1074
414 1 -1
728 21 92 24 94 900 1072 905 1077
415 8 -1
729 45 66 46 66 901 1073 902 1074
416 13 -1
731 53 24 53 24 903 1075 904 1076
417 10 -1
733 26 60 26 62 905 1077 907 1079
418 1 -1
734 1 45 3 45 906 1078 908 1080
419 10 -1
735 65 51 67 52 907 1079 910 1082
420 0 -1
736 36 57 36 58 908 1080 910 1082
421 8 -1
737 11 7 13 8 909 1081 912 1084
422 13 -1
742 51 23 56 23 914 1086 919 1091
423 4 -1
744 56 76 56 78 916 1088 918 1090
424 12 -1
745 71 71 71 76 917 1089 922 1094
425 4 -1
748 46 55 47 56 920 1092 922 1094
426 0 -1
750 37 72 37 73 922 1094 923 1095
427 2 -1
751 41 25 42 25 923 1095 924 1096
428 8 -1
752 98 40 98 42 924 1096 927 1099
429 12 -1
753 24 77 24 78 925 1097 926 1098
430 6 -1
754 65 79 68 82 926 1098 932 1104
431 15 -1
755 11 55 13 55 927 1099 929 1101
432 13 -1
757 72 97 73 97 929 1101 931 1103
433 15 -1
758 96 23 98 29 930 1102 938 1110
434 4 -1
759 17 30 19 30 931 1103 933 1105
435 10 -1
760 18 50 18 50 932 1104 933 1105
436 0 -1
766 10 95 11 96 938 1110 940 1112
437 3 -1
767 95 74 96 75 939 1111 941 1113
438 3 -1
768 70 20 70 23 940 1112 943 1115
439 15 -1
771 52 70 53 70 943 1115 944 1116
440 1 -1
772 8 93 9 93 944 1116 946 1118
441 11 -1
773 13 13 13 15 945 1117 948 1120
442 13 -1
775 29 24 32 24 947 1119 952 1124
443 1 -1
777 3 14 5 14 949 1121 951 1123
444 2 -1
778 52 51 54 51 950 1122 952 1124
445 5 -1
779 15 29 18 29 951 1123 954 1126
446 6 -1
781 95 63 95 63 953 1125 954 1126
447 12 -1
782 60 21 64 21 954 1126 958 1130
448 3 -1
784 60 48 62 48 956 1128 958 1130
449 1 -1
787 23 72 23 74 959 1131 961 1133
450 10 -1
788 48 31 49 31 960 1132 961 1133
451 4 -1
789 85 9 88 10 961 1133 965 1137
452 12 -1
790 89 39 91 39 962 1134 964 1136
453 15 -1
791 79 40 80 42 963 1135 968 1140
454 2 -1
793 99 23 99 26 965 1137 968 1140
455 10 -1
794 54 23 57 23 966 1138 970 1142
456 15 -1
795 90 27 91 28 967 1139 969 1141
457 2 -1
796 45 18 49 18 968 1140 972 1144
458 3 -1
797 40 18 41 18 969 1141 970 1142
459 4 -1
798 83 70 86 70 970 1142 973 1145
460 7 -1
799 23 48 23 49 971 1143 973 1145
461 0 -1
800 51 36 56 36 972 1144 977 1149
462 1 -1
802 74 63 78 63 974 1146 978 1150
463 13 -1
803 56 98 58 98 975 1147 977 1149
464 8 -1
805 68 36 70 39 977 1149 982 1154
465 1 -1
806 5 44 14 44 978 1150 987 1159
466 12 -1
807 67 26 69 26 979 1151 981 1153
467 4 -1
810 26 94 26 95 982 1154 983 1155
468 11 -1
813 28 58 29 58 985 1157 986 1158
469 1 -1
818 0 54 1 55 990 1162 992 1164
470 9 -1
820 29 53 31 53 992 1164 995 1167
471 4 -1
824 64 85 66 85 996 1168 998 1170
472 4 -1
825 91 58 94 58 997 1169 1000 1172
473 10 -1
827 39 69 39 69 999 1171 1000 1172
474 13 -1
828 89 27 99 27 1000 1172 1010 1182
475 3 -1
830 98 93 96 94 1002 1174 1005 1177
476 15 -1
831 31 46 31 47 1003 1175 1004 1176
477 3 -1
833 3 63 3 64 1005 1177 1007 1179
478 14 -1
834 31 46 33 46 1006 1178 1008 1180
479 11 -1
835 41 53 48 56 1007 1179 1017 1189
480 7 -1
839 39 3 41 3 1011 1183 1013 1185
481 0 -1
841 37 8 41 8 1013 1185 1017 1189
482 13 -1
842 24 99 26 99 1014 1186 1016 1188
483 10 -1
844 94 36 97 38 1016 1188 1021 1193
484 1 -1
845 8 69 9 69 1017 1189 1019 1191
485 4 -1
846 43 86 49 86 1018 1190 1024 1196
486 9 -1
847 85 62 86 62 1019 1191 1020 1192
487 8 -1
850 28 38 29 39 1022 1194 1025 1197
488 14 -1
851 20 90 22 91 1023 1195 1027 1199
489 11 -1
854 88 45 89 45 1026 1198 1027 1199
490 13 -1
856 99 59 99 60 1028 1200 1031 1203
491 9 -1
859 21 27 26 27 1031 1203 1036 1208
492 4 -1
860 39 81 40 81 1032 1204 1033 1205
493 10 -1
861 20 53 21 54 1033 1205 1035 1207
494 5 -1
864 92 50 94 50 1036 1208 1039 1211
495 7 -1
867 78 68 79 68 1039 1211 1040 1212
496 5 -1
868 2 79 4 79 1040 1212 1042 1214
497 7 -1
871 59 95 63 95 1043 1215 1059 1231
498 6 -1
873 96 62 98 62 1045 1217 1047 1219
499 13 -1
874 54 17 58 17 1046 1218 1051 1223
500 6 -1
875 33 92 34 94 1047 1219 1050 1222
501 13 -1
877 60 40 62 40 1049 1221 1052 1224
502 8 -1
878 39 93 40 93 1050 1222 1052 1224
503 2 -1
879 12 40 14 40 1051 1223 1053 1225
504 7 -1
880 33 81 36 81 1052 1224 1056 1228
505 3 -1
881 98 84 98 85 1053 1225 1059 1231
506 3 -1
882 62 84 64 84 1054 1226 1056 1228
507 0 -1
885 60 75 61 75 1057 1229 1058 1230
508 6 -1
887 85 22 86 24 1059 1231 1062 1234
509 14 -1
889 53 99 53 97 1061 1233 1064 1236
510 1 -1
891 3 15 3 16 1063 1235 1065 1237
511 9 -1
893 33 24 35 24 1065 1237 1067 1239
512 1 -1
894 52 84 53 86 1066 1238 1069 1241
513 8 -1
895 33 5 35 5 1067 1239 1070 1242
514 10 -1
896 26 0 28 0 1068 1240 1070 1242
515 1 -1
897 67 86 68 86 1069 1241 1070 1242
516 1 -1
898 61 19 63 19 1070 1242 1072 1244
517 0 -1
899 67 95 67 95 1071 1243 1073 1245
518 11 -1
900 15 18 18 18 1072 1244 1078 1250
519 15 -1
901 80 15 81 15 1073 1245 1075 1247
520 12 -1
902 56 40 56 40 1074 1246 1075 1247
521 10 -1
905 99 49 98 49 1077 1249 1078 1250
522 15 -1
910 29 79 30 79 1082 1254 1083 1255
523 7 -1
912 20 19 21 25 1084 1256 1094 1266
524 2 -1
914 40 10 44 12 1086 1258 1093 1265
525 2 -1
917 74 48 78 48 1089 1261 1093 1265
526 3 -1
919 98 63 99 64 1091 1263 1093 1265
527 1 -1
920 1 30 4 30 1092 1264 1095 1267
528 7 -1
921 40 7 41 7 1093 1265 1094 1266
529 7 -1
923 50 58 50 58 1095 1267 1096 1268
530 3 -1
925 98 37 99 38 1097 1269 1100 1272
531 9 -1
926 84 93 91 95 1098 1270 1107 1279
532 5 -1
927 6 32 6 32 1099 1271 1102 1274
533 8 -1
928 68 24 70 24 1100 1272 1104 1276
534 9 -1
929 70 6 70 6 1101 1273 1102 1274
535 3 -1
931 66 86 66 88 1103 1275 1105 1277
536 8 -1
933 61 80 61 87 1105 1277 1112 1284
537 8 -1
935 22 10 23 10 1107 1279 1109 1281
538 15 -1
936 38 90 38 90 1108 1280 1109 1281
539 14 -1
937 28 27 30 27 1109 1281 1113 1285
540 1 -1
938 23 85 25 87 1110 1282 1114 1286
541 14 -1
940 41 77 43 77 1112 1284 1114 1286
542 6 -1
942 79 87 80 87 1114 1286 1115 1287
543 15 -1
943 30 6 30 12 1115 1287 1122 1294
544 14 -1
944 84 37 84 38 1116 1288 1117 1289
545 1 -1
945 39 78 39 81 1117 1289 1120 1292
546 15 -1
947 69 18 80 20 1119 1291 1132 1304
547 5 -1
948 17 36 19 36 1120 1292 1123 1295
548 9 -1
950 1 96 1 98 1122 1294 1124 1296
549 14 -1
951 49 66 51 66 1123 1295 1125 1297
550 12 -1
954 89 94 90 94 1126 1298 1128 1300
551 0 -1
955 38 10 38 11 1127 1299 1128 1300
552 3 -1
957 17 96 20 96 1129 1301 1132 1304
553 6 -1
958 56 42 57 42 1130 1302 1131 1303
554 12 -1
963 66 12 68 12 1135 1307 1138 1310
555 4 -1
964 56 60 57 60 1136 1308 1138 1310
556 2 -1
966 91 78 92 79 1138 1310 1140 1312
557 5 -1
969 7 56 8 56 1141 1313 1143 1315
558 12 -1
972 55 0 56 2 1144 1316 1150 1322
559 11 -1
973 87 40 87 44 1145 1317 1149 1321
560 5 -1
974 9 1 13 7 1146 1318 1156 1328
561 4 -1
976 89 61 91 62 1148 1320 1153 1325
562 9 -1
979 61 14 62 17 1151 1323 1155 1327
563 10 -1
981 23 74 23 74 1153 1325 1154 1326
564 9 -1
983 83 79 83 79 1155 1327 1158 1330
565 14 -1
984 59 80 65 80 1156 1328 1162 1334
566 4 -1
987 65 45 68 46 1159 1331 1163 1335
567 7 -1
989 97 68 98 70 1161 1333 1164 1336
568 1 -1
990 44 72 46 73 1162 1334 1166 1338
569 11 -1
992 55 7 55 9 1164 1336 1168 1340
570 12 -1
993 39 18 39 20 1165 1337 1167 1339
571 12 -1
994 91 37 93 38 1166 1338 1170 1342
572 8 -1
996 0 94 1 95 1168 1340 1170 1342
573 2 -1
997 93 30 93 31 1169 1341 1171 1343
574 9 -1
998 4 62 4 62 1170 1342 1171 1343
575 11 -1
999 96 39 97 39 1171 1343 1173 1345
576 13 -1
1001 19 43 39 54 1173 1345 1222 1394
577 15 -1
1004 26 64 27 64 1176 1348 1178 1350
578 4 -1
1008 58 38 59 38 1180 1352 1181 1353
579 15 -1
1010 84 30 86 30 1182 1354 1184 1356
580 14 -1
1012 62 32 63 32 1184 1356 1185 1357
581 5 -1
1015 6 72 7 72 1187 1359 1188 1360
582 9 -1
1016 12 38 13 38 1188 1360 1189 1361
583 15 -1
1017 30 20 31 20 1189 1361 1192 1364
584 0 -1
1018 84 49 98 49 1190 1362 1204 1376
585 1 -1
1019 79 97 83 91 1191 1363 1201 1373
586 6 -1
1020 26 6 27 7 1192 1364 1195 1367
587 11 -1
1021 1 40 2 40 1193 1365 1194 1366
588 9 -1
1022 55 6 69 6 1194 1366 1208 1380
589 9 -1
1025 16 59 17 60 1197 1369 1202 1374
590 12 -1
1027 25 87 25 87 1199 1371 1200 1372
591 3 -1
1028 94 62 95 62 1200 1372 1201 1373
592 0 -1
1031 79 2 86 2 1203 1375 1212 1384
593 2 -1
1032 20 62 22 64 1204 1376 1211 1383
594 1 -1
1033 94 79 98 79 1205 1377 1209 1381
595 8 -1
1035 47 55 47 56 1207 1379 1209 1381
596 3 -1
1036 55 50 56 50 1208 1380 1210 1382
597 12 -1
1037 24 24 25 24 1209 1381 1210 1382
598 10 -1
1039 1 50 1 51 1211 1383 1212 1384
599 14 -1
1040 53 66 54 66 1212 1384 1213 1385
600 14 -1
1042 59 85 66 89 1214 1386 1225 1397
601 2 -1
1044 19 13 21 13 1216 1388 1220 1392
602 1 -1
1045 67 41 69 41 1217 1389 1220 1392
603 1 -1
1051 98 96 99 96 1223 1395 1224 1396
604 15 -1
1053 69 10 69 10 1225 1397 1226 1398
605 14 -1
1056 14 83 16 83 1228 1400 1230 1402
606 4 -1
1057 4 61 6 61 1229 1401 1231 1403
607 6 -1
1059 57 81 57 82 1231 1403 1235 1407
608 9 -1
1060 71 92 71 95 1232 1404 1237 1409
609 13 -1
1063 28 32 28 34 1235 1407 1238 1410
610 0 -1
1065 62 83 62 84 1237 1409 1240 1412
611 4 -1
1066 84 89 84 91 1238 1410 1240 1412
612 1 -1
1067 81 63 81 63 1239 1411 1240 1412
613 15 -1
1070 62 10 62 16 1242 1414 1254 1426
614 10 -1
1071 6 64 7 65 1243 1415 1248 1420
615 11 -1
1073 56 8 58 11 1245 1417 1260 1432
616 13 -1
1074 74 16 74 17 1246 1418 1247 1419
617 10 -1
1075 30 90 32 90 1247 1419 1250 1422
618 10 -1
1078 43 14 44 17 1250 1422 1254 1426
619 10 -1
1082 17 72 17 72 1254 1426 1255 1427
620 1 -1
1083 74 80 76 80 1255 1427 1257 1429
621 8 -1
1084 3 61 5 64 1256 1428 1262 1434
622 15 -1
1085 84 34 86 35 1257 1429 1260 1432
623 6 -1
1086 37 44 37 48 1258 1430 1262 1434
624 0 -1
1090 95 63 96 63 1262 1434 1263 1435
625 15 -1
1091 58 48 62 48 1263 1435 1267 1439
626 12 -1
1092 39 57 39 57 1264 1436 1265 1437
627 10 -1
1095 52 96 53 98 1267 1439 1270 1442
628 3 -1
1097 47 8 50 8 1269 1441 1272 1444
629 9 -1
1098 95 13 97 15 1270 1442 1274 1446
630 8 -1
1099 26 97 26 93 1271 1443 1276 1448
631 14 -1
1100 51 32 52 36 1272 1444 1277 1449
632 4 -1
1102 52 60 54 61 1274 1446 1277 1449
633 13 -1
1103 43 29 50 29 1275 1447 1282 1454
634 10 -1
1104 9 70 9 71 1276 1448 1277 1449
635 11 -1
1105 52 55 52 56 1277 1449 1278 1450
636 14 -1
1107 72 37 77 41 1279 1451 1289 1461
637 2 -1
1109 17 54 18 54 1281 1453 1284 1456
638 1 -1
1111 14 10 16 10 1283 1455 1285 1457
639 9 -1
1113 10 45 10 45 1285 1457 1286 1458
640 7 -1
1114 43 56 43 57 1286 1458 1287 1459
641 15 -1
1115 13 48 14 48 1287 1459 1290 1462
642 7 -1
1116 65 84 74 85 1288 1460 1299 1471
643 5 -1
1118 74 20 75 21 1290 1462 1292 1464
644 5 -1
1120 70 97 70 97 1292 1464 1294 1466
645 8 -1
1121 60 58 61 58 1293 1465 1294 1466
646 12 -1
1122 75 13 75 13 1294 1466 1297 1469
647 10 -1
1124 84 10 87 11 1296 1468 1303 1475
648 15 -1
1125 60 48 61 49 1297 1469 1299 1471
649 11 -1
1126 80 55 85 56 1298 1470 1310 1482
650 14 -1
1129 38 12 38 12 1301 1473 1302 1474
651 0 -1
1130 80 87 81 87 1302 1474 1303 1475
652 3 -1
1132 43 17 44 18 1304 1476 1306 1478
653 3 -1
1133 38 79 38 81 1305 1477 1308 1480
654 14 -1
1137 27 24 27 25 1309 1481 1313 1485
655 5 -1
1138 68 61 69 61 1310 1482 1311 1483
656 7 -1
1139 21 6 22 6 1311 1483 1312 1484
657 12 -1
1141 20 7 22 7 1313 1485 1315 1487
658 11 -1
1142 70 87 73 87 1314 1486 1317 1489
659 15 -1
1144 46 61 49 61 1316 1488 1319 1491
660 12 -1
1147 88 1 90 3 1319 1491 1323 1495
661 1 -1
1150 91 64 91 65 1322 1494 1323 1495
662 3 -1
1151 27 16 29 16 1323 1495 1325 1497
663 5 -1
1154 66 12 66 13 1326 1498 1327 1499
664 11 -1
1156 25 32 25 34 1328 1500 1330 1502
665 10 -1
1157 59 46 64 46 1329 1501 1334 1506
666 9 -1
1158 97 0 94 0 1330 1502 1334 1506
667 8 -1
1159 77 29 79 29 1331 1503 1333 1505
668 2 -1
1164 79 61 80 63 1336 1508 1339 1511
669 4 -1
1166 79 38 81 39 1338 1510 1341 1513
670 5 -1
1169 96 42 96 42 1341 1513 1344 1516
671 8 -1
1170 32 74 34 75 1342 1514 1345 1517
672 12 -1
1171 68 67 68 68 1343 1515 1352 1524
673 12 -1
1172 15 48 16 48 1344 1516 1345 1517
674 5 -1
1174 9 33 12 34 1346 1518 1353 1525
675 2 -1
1175 48 38 51 38 1347 1519 1350 1522
676 0 -1
1176 11 56 13 56 1348 1520 1350 1522
677 0 -1
1177 50 93 52 93 1349 1521 1351 1523
678 12 -1
1179 97 90 97 91 1351 1523 1352 1524
679 6 -1
1186 47 8 48 9 1358 1530 1360 1532
680 4 -1
1187 15 73 17 73 1359 1531 1361 1533
681 12 -1
1188 74 85 75 85 1360 1532 1361 1533
682 12 -1
1190 64 69 64 70 1362 1534 1363 1535
683 0 -1
1191 27 59 27 61 1363 1535 1365 1537
684 6 -1
1194 0 4 1 4 1366 1538 1368 1540
685 13 -1
1195 12 29 15 29 1367 1539 1370 1542
686 7 -1
1197 44 27 45 29 1369 1541 1372 1544
687 2 -1
1198 80 40 83 41 1370 1542 1374 1546
688 15 -1
1201 29 10 29 13 1373 1545 1378 1550
689 3 -1
1202 20 60 21 60 1374 1546 1375 1547
690 14 -1
1203 69 38 69 39 1375 1547 1376 1548
691 3 -1
1205 71 69 72 71 1377 1549 1380 1552
692 9 -1
1207 31 54 31 56 1379 1551 1383 1555
693 5 -1
1208 75 92 76 92 1380 1552 1382 1554
694 1 -1
1209 42 42 42 43 1381 1553 1382 1554
695 2 -1
1211 48 4 51 4 1383 1555 1387 1559
696 0 -1
1214 18 85 22 87 1386 1558 1392 1564
697 13 -1
1217 41 42 43 42 1389 1561 1391 1563
698 7 -1
1218 77 92 78 92 1390 1562 1391 1563
699 13 -1
1219 68 10 69 15 1391 1563 1398 1570
700 15 -1
1220 2 64 2 65 1392 1564 1393 1565
701 4 -1
1222 90 3 92 3 1394 1566 1397 1569
702 11 -1
1223 35 78 39 78 1395 1567 1399 1571
703 11 -1
1226 78 88 78 88 1398 1570 1401 1573
704 12 -1
1227 26 54 27 54 1399 1571 1400 1572
705 6 -1
1229 12 59 12 59 1401 1573 1402 1574
706 6 -1
1230 53 52 55 55 1402 1574 1407 1579
707 12 -1
1231 22 91 22 92 1403 1575 1404 1576
708 12 -1
1233 25 44 27 44 1405 1577 1407 1579
709 0 -1
1235 96 54 99 54 1407 1579 1411 1583
710 3 -1
1236 9 89 9 94 1408 1580 1413 1585
711 4 -1
1237 21 74 26 74 1409 1581 1414 1586
712 12 -1
1238 9 53 12 55 1410 1582 1415 1587
713 15 -1
1240 2 70 4 70 1412 1584 1416 1588
714 10 -1
1241 1 88 2 88 1413 1585 1414 1586
715 7 -1
1242 92 32 97 38 1414 1586 1427 1599
716 11 -1
1243 74 79 74 79 1415 1587 1417 1589
717 0 -1
1244 61 5 68 5 1416 1588 1423 1595
718 7 -1
1246 5 88 9 88 1418 1590 1427 1599
719 11 -1
1250 77 99 78 99 1422 1594 1423 1595
720 15 -1
1254 19 12 25 12 1426 1598 1433 1605
721 11 -1
1255 33 49 36 50 1427 1599 1431 1603
722 11 -1
1258 89 71 95 79 1430 1602 1446 1618
723 4 -1
1259 8 30 22 30 1431 1603 1449 1621
724 0 -1
1260 36 30 41 31 1432 1604 1438 1610
725 7 -1
1261 34 70 41 70 1433 1605 1440 1612
726 5 -1
1263 39 36 43 37 1435 1607 1442 1614
727 6 -1
1264 65 21 67 21 1436 1608 1440 1612
728 0 -1
1265 80 96 82 96 1437 1609 1439 1611
729 0 -1
1266 98 90 99 90 1438 1610 1439 1611
730 13 -1
1268 10 69 13 69 1440 1612 1443 1615
731 0 -1
1276 66 10 66 10 1448 1620 1449 1621
732 8 -1
1277 39 13 39 16 1449 1621 1454 1626
733 6 -1
1281 63 53 63 54 1453 1625 1455 1627
734 9 -1
1284 74 81 75 82 1456 1628 1458 1630
735 15 -1
1287 73 44 76 45 1459 1631 1463 1635
736 0 -1
1290 98 3 98 7 1462 1634 1469 1641
737 14 -1
1291 29 92 32 92 1463 1635 1466 1638
738 2 -1
1292 2 40 9 59 1464 1636 1490 1662
739 15 -1
1297 14 94 17 94 1469 1641 1472 1644
740 5 -1
1298 77 56 77 56 1470 1642 1471 1643
741 13 -1
1299 17 50 20 50 1471 1643 1474 1646
742 13 -1
1300 29 48 29 49 1472 1644 1474 1646
743 3 -1
1307 92 2 93 2 1479 1651 1480 1652
744 10 -1
1309 40 54 42 54 1481 1653 1483 1655
745 15 -1
1312 64 59 64 60 1484 1656 1486 1658
746 8 -1
1313 80 12 81 12 1485 1657 1486 1658
747 1 -1
1314 13 5 14 5 1486 1658 1490 1662
748 15 -1
1315 75 42 78 44 1487 1659 1492 1664
749 0 -1
1316 33 36 35 36 1488 1660 1490 1662
750 0 -1
1317 17 39 18 40 1489 1661 1491 1663
751 9 -1
1318 17 94 18 96 1490 1662 1493 1665
752 0 -1
1319 32 47 32 47 1491 1663 1493 1665
753 2 -1
1320 26 6 27 6 1492 1664 1493 1665
754 10 -1
1321 14 12 14 14 1493 1665 1495 1667
755 15 -1
1323 41 58 41 59 1495 1667 1497 1669
756 15 -1
1324 27 4 28 6 1496 1668 1501 1673
757 14 -1
1325 26 33 26 37 1497 1669 1503 1675
758 5 -1
1326 16 85 17 85 1498 1670 1499 1671
759 9 -1
1327 21 25 22 28 1499 1671 1509 1681
760 13 -1
1329 87 98 87 99 1501 1673 1503 1675
761 11 -1
1332 7 62 9 62 1504 1676 1506 1678
762 2 -1
1333 60 10 60 11 1505 1677 1506 1678
763 2 -1
1335 48 30 56 36 1507 1679 1523 1695
764 10 -1
1336 89 2 89 2 1508 1680 1509 1681
765 3 -1
1338 74 47 75 48 1510 1682 1513 1685
766 8 -1
1340 68 35 69 39 1512 1684 1519 1691
767 11 -1
1342 82 53 83 55 1514 1686 1517 1689
768 3 -1
1344 78 34 78 34 1516 1688 1518 1690
769 4 -1
1345 34 86 34 87 1517 1689 1518 1690
770 0 -1
1347 49 28 50 29 1519 1691 1522 1694
771 2 -1
1348 51 77 54 78 1520 1692 1525 1697
772 3 -1
1349 62 56 68 56 1521 1693 1527 1699
773 6 -1
1354 67 52 67 54 1526 1698 1529 1701
774 8 -1
1355 56 6 61 6 1527 1699 1532 1704
775 3 -1
1359 66 45 67 47 1531 1703 1536 1708
776 8 -1
1362 59 66 61 66 1534 1706 1536 1708
777 15 -1
1365 31 22 32 22 1537 1709 1538 1710
778 9 -1
1368 12 1 13 2 1540 1712 1542 1714
779 11 -1
1369 3 79 32 83 1541 1713 1576 1748
780 1 -1
1370 26 30 26 30 1542 1714 1544 1716
781 15 -1
1372 61 37 61 39 1544 1716 1549 1721
782 7 -1
1374 18 1 18 2 1546 1718 1548 1720
783 4 -1
1375 35 96 42 96 1547 1719 1554 1726
784 4 -1
1376 15 91 15 92 1548 1720 1549 1721
785 4 -1
1377 50 48 52 49 1549 1721 1552 1724
786 10 -1
1378 16 83 16 84 1550 1722 1551 1723
787 14 -1
1379 83 22 84 25 1551 1723 1555 1727
788 2 -1
1381 86 86 89 86 1553 1725 1556 1728
789 7 -1
1382 13 77 13 80 1554 1726 1557 1729
790 5 -1
1383 25 24 26 24 1555 1727 1557 1729
791 3 -1
1385 26 16 28 18 1557 1729 1563 1735
792 3 -1
1386 17 67 20 67 1558 1730 1561 1733
793 7 -1
1387 54 37 54 41 1559 1731 1570 1742
794 4 -1
1388 2 49 5 49 1560 1732 1563 1735
795 5 -1
1389 6 1 7 2 1561 1733 1563 1735
796 13 -1
1390 74 7 76 7 1562 1734 1564 1736
797 10 -1
1391 73 85 73 85 1563 1735 1565 1737
798 15 -1
1393 39 93 39 95 1565 1737 1567 1739
799 8 -1
1395 79 57 81 58 1567 1739 1575 1747
800 8 -1
1396 92 8 93 8 1568 1740 1569 1741
801 15 -1
1400 22 44 23 44 1572 1744 1575 1747
802 12 -1
1401 75 59 75 62 1573 1745 1576 1748
803 13 -1
1402 3 6 5 10 1574 1746 1581 1753
804 0 -1
1403 16 87 18 87 1575 1747 1577 1749
805 8 -1
1406 47 96 47 97 1578 1750 1579 1751
806 13 -1
1411 16 69 18 69 1583 1755 1585 1757
807 7 -1
1412 94 32 99 33 1584 1756 1590 1762
808 3 -1
1413 74 12 75 12 1585 1757 1586 1758
809 6 -1
1414 58 89 58 91 1586 1758 1588 1760
810 5 -1
1415 71 18 73 18 1587 1759 1589 1761
811 0 -1
1417 78 5 78 6 1589 1761 1590 1762
812 12 -1
1418 69 35 74 35 1590 1762 1595 1767
813 2 -1
1419 35 39 36 43 1591 1763 1598 1770
814 12 -1
1420 58 62 62 64 1592 1764 1600 1772
815 11 -1
1423 50 48 51 48 1595 1767 1596 1768
816 13 -1
1426 92 27 92 27 1598 1770 1600 1772
817 2 -1
1428 40 2 41 4 1600 1772 1603 1775
818 15 -1
1429 51 91 53 91 1601 1773 1603 1775
819 15 -1
1430 87 35 88 35 1602 1774 1603 1775
820 2 -1
1431 17 65 17 67 1603 1775 1606 1778
821 6 -1
1432 56 11 56 12 1604 1776 1605 1777
822 11 -1
1434 18 69 19 69 1606 1778 1607 1779
823 12 -1
1435 16 58 19 62 1607 1779 1614 1786
824 12 -1
1436 75 19 76 19 1608 1780 1610 1782
825 2 -1
1438 30 54 33 54 1610 1782 1614 1786
826 15 -1
1439 80 47 81 47 1611 1783 1612 1784
827 0 -1
1440 36 18 38 19 1612 1784 1615 1787
828 11 -1
1441 7 44 10 48 1613 1785 1620 1792
829 11 -1
1442 81 23 83 23 1614 1786 1616 1788
830 11 -1
1443 14 54 17 54 1615 1787 1620 1792
831 11 -1
1444 4 66 5 67 1616 1788 1618 1790
832 3 -1
1446 62 96 68 96 1618 1790 1624 1796
833 3 -1
1447 88 20 89 21 1619 1791 1621 1793
834 2 -1
1448 51 2 52 2 1620 1792 1622 1794
835 2 -1
1452 86 27 86 27 1624 1796 1625 1797
836 6 -1
1454 66 56 68 57 1626 1798 1630 1802
837 2 -1
1455 53 12 54 13 1627 1799 1629 1801
838 8 -1
1456 50 91 51 91 1628 1800 1629 1801
839 5 -1
1457 14 67 15 71 1629 1801 1635 1807
840 7 -1
1458 14 33 18 36 1630 1802 1640 1812
841 13 -1
1461 2 38 2 41 1633 1805 1636 1808
842 14 -1
1462 84 43 87 44 1634 1806 1638 1810
843 11 -1
1463 77 12 77 12 1635 1807 1637 1809
844 7 -1
1465 75 51 77 51 1637 1809 1639 1811
845 12 -1
1466 85 17 85 17 1638 1810 1640 1812
846 7 -1
1468 31 14 32 14 1640 1812 1641 1813
847 2 -1
1469 65 17 69 18 1641 1813 1646 1818
848 2 -1
1470 54 13 54 13 1642 1814 1643 1815
849 11 -1
1472 56 54 61 54 1644 1816 1649 1821
850 14 -1
1473 12 89 12 89 1645 1817 1650 1822
851 9 -1
1474 76 83 87 83 1646 1818 1657 1829
852 15 -1
1475 86 78 88 78 1647 1819 1649 1821
853 4 -1
1478 40 31 40 34 1650 1822 1656 1828
854 6 -1
1479 21 32 22 33 1651 1823 1653 1825
855 11 -1
1481 84 98 85 98 1653 1825 1655 1827
856 6 -1
1483 36 47 40 54 1655 1827 1666 1838
857 4 -1
1486 22 29 27 29 1658 1830 1663 1835
858 8 -1
1487 40 76 41 76 1659 1831 1663 1835
859 15 -1
1493 69 22 69 22 1665 1837 1667 1839
860 0 -1
1495 98 16 99 16 1667 1839 1668 1840
861 14 -1
1496 15 69 19 69 1668 1840 1672 1844
862 10 -1
1497 44 23 45 25 1669 1841 1673 1845
863 9 -1
1499 22 71 22 71 1671 1843 1673 1845
864 2 -1
1500 20 58 20 59 1672 1844 1674 1846
865 4 -1
1501 4 30 5 31 1673 1845 1681 1853
866 10 -1
1502 90 41 91 43 1674 1846 1678 1850
867 3 -1
1504 39 17 47 21 1676 1848 1689 1861
868 7 -1
1505 10 82 19 83 1677 1849 1687 1859
869 11 -1
1506 95 99 95 99 1678 1850 1680 1852
870 4 -1
1507 81 9 82 11 1679 1851 1682 1854
871 12 -1
1508 41 32 42 32 1680 1852 1686 1858
872 2 -1
1509 98 9 98 9 1681 1853 1682 1854
873 0 -1
1511 2 17 3 18 1683 1855 1685 1857
874 7 -1
1513 33 23 37 23 1685 1857 1690 1862
875 13 -1
1515 1 11 2 11 1687 1859 1688 1860
876 10 -1
1516 0 81 0 83 1688 1860 1691 1863
877 3 -1
1517 17 53 17 54 1689 1861 1692 1864
878 11 -1
1518 77 83 80 83 1690 1862 1693 1865
879 0 -1
1519 77 22 81 22 1691 1863 1695 1867
880 0 -1
1521 51 66 52 66 1693 1865 1697 1869
881 6 -1
1522 39 91 41 91 1694 1866 1696 1868
882 5 -1
1523 42 79 42 81 1695 1867 1697 1869
883 2 -1
1527 82 83 84 83 1699 1871 1703 1875
884 1 -1
1528 54 85 55 85 1700 1872 1701 1873
885 6 -1
1533 24 35 24 35 1705 1877 1706 1878
886 9 -1
1534 16 87 21 88 1706 1878 1715 1887
887 5 -1
1535 64 77 67 77 1707 1879 1710 1882
888 0 -1
1536 83 16 84 17 1708 1880 1710 1882
889 6 -1
1538 56 75 58 77 1710 1882 1714 1886
890 8 -1
1540 71 38 71 39 1712 1884 1713 1885
891 11 -1
1543 98 23 98 26 1715 1887 1718 1890
892 9 -1
1544 29 96 29 98 1716 1888 1718 1890
893 13 -1
1545 31 93 32 94 1717 1889 1719 1891
894 1 -1
1547 16 27 18 30 1719 1891 1724 1896
895 14 -1
1550 40 90 41 90 1722 1894 1724 1896
896 15 -1
1551 97 68 97 68 1723 1895 1725 1897
897 5 -1
1552 27 8 30 10 1724 1896 1729 1901
898 13 -1
1554 44 25 45 26 1726 1898 1730 1902
899 10 -1
1555 41 83 41 83 1727 1899 1729 1901
900 0 -1
1556 6 11 8 11 1728 1900 1730 1902
901 4 -1
1559 12 94 18 94 1731 1903 1737 1909
902 7 -1
1560 20 34 23 34 1732 1904 1738 1910
903 15 -1
1562 56 52 56 52 1734 1906 1736 1908
904 15 -1
1563 50 34 55 35 1735 1907 1745 1917
905 13 -1
1564 42 19 43 20 1736 1908 1738 1910
906 1 -1
1566 86 90 87 91 1738 1910 1740 1912
907 4 -1
1567 20 21 20 25 1739 1911 1743 1915
908 15 -1
1573 93 1 93 9 1745 1917 1753 1925
909 0 -1
1575 51 56 52 56 1747 1919 1748 1920
910 6 -1
1576 44 61 45 62 1748 1920 1750 1922
911 0 -1
1577 62 89 62 91 1749 1921 1751 1923
912 0 -1
1579 26 94 28 94 1751 1923 1754 1926
913 0 -1
1580 41 52 42 53 1752 1924 1754 1926
914 2 -1
1582 69 50 70 50 1754 1926 1755 1927
915 9 -1
1584 40 78 40 79 1756 1928 1757 1929
916 1 -1
1587 23 3 33 5 1759 1931 1771 1943
917 14 -1
1588 37 80 38 80 1760 1932 1764 1936
918 13 -1
1589 31 45 31 47 1761 1933 1763 1935
919 13 -1
1590 81 7 83 8 1762 1934 1765 1937
920 12 -1
1591 65 23 70 23 1763 1935 1768 1940
921 10 -1
1593 57 92 57 92 1765 1937 1769 1941
922 5 -1
1594 80 70 80 72 1766 1938 1768 1940
923 9 -1
1596 82 15 82 15 1768 1940 1770 1942
924 3 -1
1598 36 34 37 34 1770 1942 1771 1943
925 6 -1
1599 56 70 60 70 1771 1943 1775 1947
926 14 -1
1600 41 8 42 8 1772 1944 1773 1945
927 4 -1
1603 92 12 92 13 1775 1947 1776 1948
928 15 -1
1606 32 70 33 71 1778 1950 1780 1952
929 13 -1
1608 12 28 13 28 1780 1952 1781 1953
930 4 -1
1609 62 81 64 81 1781 1953 1783 1955
931 9 -1
1610 63 14 64 14 1782 1954 1783 1955
932 7 -1
1611 76 6 77 7 1783 1955 1785 1957
933 3 -1
1613 79 89 79 91 1785 1957 1787 1959
934 7 -1
1615 86 65 87 65 1787 1959 1788 1960
935 3 -1
1618 26 27 29 27 1790 1962 1793 1965
936 9 -1
1620 17 51 18 51 1792 1964 1797 1969
937 12 -1
1621 99 68 93 68 1793 1965 1800 1972
938 11 -1
1623 30 32 33 34 1795 1967 1800 1972
939 15 -1
1624 22 62 23 62 1796 1968 1797 1969
940 9 -1
1625 34 18 35 20 1797 1969 1800 1972
941 11 -1
1626 47 70 47 70 1798 1970 1800 1972
942 8 -1
1627 49 81 58 83 1799 1971 1812 1984
943 3 -1
1629 69 93 70 93 1801 1973 1802 1974
944 14 -1
1631 58 50 59 50 1803 1975 1805 1977
945 12 -1
1633 10 92 11 97 1805 1977 1815 1987
946 5 -1
1634 52 18 54 18 1806 1978 1808 1980
947 12 -1
1637 52 20 52 21 1809 1981 1810 1982
948 4 -1
1638 35 80 38 80 1810 1982 1813 1985
949 12 -1
1640 64 80 66 86 1812 1984 1822 1994
950 5 -1
1641 53 78 54 78 1813 1985 1816 1988
951 12 -1
1642 77 8 81 8 1814 1986 1818 1990
952 6 -1
1645 71 50 72 50 1817 1989 1818 1990
953 1 -1
1648 89 45 89 46 1820 1992 1822 1994
954 2 -1
1649 48 19 48 20 1821 1993 1823 1995
955 6 -1
1650 26 72 26 73 1822 1994 1823 1995
956 11 -1
1656 14 9 18 9 1828 2000 1832 2004
957 13 -1
1657 4 55 5 57 1829 2001 1832 2004
958 13 -1
1659 14 4 17 4 1831 2003 1835 2007
959 11 -1
1660 84 67 87 68 1832 2004 1836 2008
960 4 -1
1661 5 28 11 28 1833 2005 1840 2012
961 10 -1
1662 62 57 63 61 1834 2006 1841 2013
962 3 -1
1663 70 8 70 10 1835 2007 1842 2014
963 7 -1
1664 32 95 33 95 1836 2008 1838 2010
964 1 -1
1665 59 71 59 72 1837 2009 1838 2010
965 0 -1
1668 61 75 62 76 1840 2012 1843 2015
966 7 -1
1671 75 44 75 48 1843 2015 1851 2023
967 9 -1
1672 32 76 33 76 1844 2016 1848 2020
968 1 -1
1673 95 41 90 41 1845 2017 1850 2022
969 3 -1
1675 42 95 43 95 1847 2019 1848 2020
970 7 -1
1676 46 28 48 28 1848 2020 1851 2023
971 7 -1
1678 78 67 80 68 1850 2022 1853 2025
972 15 -1
1679 57 62 63 63 1851 2023 1858 2030
973 9 -1
1680 59 76 63 76 1852 2024 1856 2028
974 6 -1
1683 85 24 87 25 1855 2027 1862 2034
975 0 -1
1685 9 82 10 83 1857 2029 1860 2032
976 14 -1
1686 42 52 46 57 1858 2030 1868 2040
977 3 -1
1687 24 68 28 68 1859 2031 1863 2035
978 13 -1
1688 57 50 62 50 1860 2032 1866 2038
979 8 -1
1690 96 12 92 12 1862 2034 1866 2038
980 11 -1
1691 17 99 19 99 1863 2035 1865 2037
981 0 -1
1692 56 53 56 56 1864 2036 1867 2039
982 2 -1
1694 83 49 83 50 1866 2038 1867 2039
983 3 -1
1695 68 9 71 9 1867 2039 1871 2043
984 15 -1
1696 18 10 21 10 1868 2040 1871 2043
985 13 -1
1697 93 11 95 11 1869 2041 1871 2043
986 1 -1
1698 62 1 62 3 1870 2042 1872 2044
987 10 -1
1700 85 16 85 18 1872 2044 1874 2046
988 11 -1
1702 7 24 14 24 1874 2046 1888 2060
989 11 -1
1703 87 43 87 44 1875 2047 1876 2048
990 0 -1
1704 73 63 76 63 1876 2048 1879 2051
991 6 -1
1709 77 56 78 58 1881 2053 1884 2056
992 13 -1
1712 6 87 9 87 1884 2056 1887 2059
993 14 -1
1714 30 77 31 77 1886 2058 1890 2062
994 4 -1
1717 2 2 3 5 1889 2061 1893 2065
995 1 -1
1718 7 27 7 28 1890 2062 1892 2064
996 3 -1
1720 27 18 27 18 1892 2064 1898 2070
997 3 -1
1722 92 13 92 13 1894 2066 1895 2067
998 8 -1
1723 20 28 21 29 1895 2067 1897 2069
999 14 -1
1725 12 48 14 48 1897 2069 1899 2071
1000 14 -1
1726 72 95 72 98 1898 2070 1901 2073
