100 100 2073
1
0 50 90
53
0 0 0 100 6
0
1 0 0 100 6
0
2 0 0 100 6
0
3 0 0 100 6
0
4 0 0 100 6
0
5 0 0 100 6
0
6 0 0 100 6
0
7 0 0 100 6
0
8 0 0 100 6
0
9 0 0 100 6
0
10 0 0 100 6
0
11 0 0 100 6
0
12 0 0 100 6
0
13 0 0 100 6
0
14 0 0 100 6
0
15 0 0 100 6
0
16 0 0 100 6
0
17 0 -1 100 6
0
18 0 -1 100 6
0
19 0 -1 100 6
0
20 0 -1 100 6
0
21 0 -1 100 6
0
22 0 -1 100 6
0
23 0 -1 100 6
0
24 0 -1 100 6
0
25 0 -1 100 6
0
26 0 -1 100 6
0
27 0 -1 100 6
0
28 0 -1 100 6
0
29 0 -1 100 6
0
30 0 -1 100 6
0
31 0 -1 100 6
0
32 0 -1 100 6
0
33 0 -1 100 6
0
34 0 -1 100 6
0
35 0 -1 100 6
0
36 0 -1 100 6
0
37 0 -1 100 6
0
38 0 -1 100 6
0
39 0 -1 100 6
0
40 0 -1 100 6
0
41 0 -1 100 6
0
42 0 -1 100 6
0
43 0 -1 100 6
0
44 0 -1 100 6
0
45 0 -1 100 6
0
46 0 -1 100 6
0
47 0 -1 100 6
0
48 0 -1 100 6
0
49 0 -1 100 6
0
50 0 -1 100 6
0
51 0 -1 100 6
0
52 0 -1 100 6
0
1000
1 0 -1
2 50 16 50 17 174 346 177 349
2 0 -1
5 42 11 47 11 177 349 182 354
3 0 -1
7 44 61 46 61 179 351 183 355
4 0 -1
8 38 23 39 24 180 352 189 361
5 0 -1
9 22 92 25 94 181 353 187 359
6 0 -1
10 63 64 66 65 182 354 186 358
7 0 -1
11 50 35 56 35 183 355 189 361
8 0 -1
12 70 28 72 28 184 356 186 358
9 0 -1
13 53 21 53 21 185 357 187 359
10 0 -1
14 45 80 45 83 186 358 189 361
11 0 -1
15 77 15 83 15 187 359 193 365
12 0 -1
17 56 40 59 40 189 361 193 365
13 0 -1
18 98 30 93 30 190 362 196 368
14 0 -1
19 7 66 8 66 191 363 192 364
15 0 -1
20 3 96 5 96 192 364 194 366
16 0 -1
21 46 43 48 43 193 365 195 367
17 0 -1
22 52 54 55 54 194 366 198 370
18 0 -1
24 20 84 22 84 196 368 198 370
19 0 -1
29 33 86 33 90 201 373 207 379
20 0 -1
30 88 25 88 26 202 374 204 376
21 0 -1
31 39 87 41 87 203 375 205 377
22 0 -1
33 29 93 34 94 205 377 211 383
23 0 -1
35 66 36 67 36 207 379 208 380
24 0 -1
36 84 92 85 93 208 380 210 382
25 0 -1
39 77 62 77 63 211 383 212 384
26 0 -1
40 73 41 74 41 212 384 213 385
27 0 -1
41 85 75 87 75 213 385 215 387
28 0 -1
42 99 32 98 32 214 386 215 387
29 0 -1
43 64 35 64 36 215 387 216 388
30 0 -1
45 57 54 57 55 217 389 219 391
31 0 -1
49 96 48 98 48 221 393 224 396
32 0 -1
52 22 86 23 88 224 396 231 403
33 0 -1
53 71 70 75 71 225 397 230 402
34 0 -1
54 71 55 71 56 226 398 227 399
35 0 -1
56 99 84 85 86 228 400 245 417
36 0 -1
57 75 96 76 97 229 401 231 403
37 0 -1
59 13 86 13 86 231 403 232 404
38 0 -1
61 48 36 48 38 233 405 235 407
39 0 -1
62 81 63 81 68 234 406 242 414
40 0 -1
64 0 90 13 96 236 408 255 427
41 0 -1
69 24 17 24 19 241 413 243 415
42 0 -1
71 38 61 45 61 243 415 251 423
43 0 -1
73 47 53 47 55 245 417 250 422
44 0 -1
76 94 84 95 84 248 420 251 423
45 0 -1
78 74 53 75 54 250 422 252 424
46 0 -1
80 26 22 26 25 252 424 255 427
47 0 -1
81 68 61 69 62 253 425 255 427
48 0 -1
82 9 57 12 58 254 426 260 432
49 0 -1
83 62 31 67 31 255 427 260 432
50 0 -1
84 85 15 85 15 256 428 257 429
51 0 -1
86 27 99 31 94 258 430 268 440
52 0 -1
87 19 63 20 63 259 431 260 432
53 0 -1
90 35 92 36 92 262 434 263 435
54 0 -1
91 77 31 81 31 263 435 267 439
55 0 -1
92 82 57 83 57 264 436 265 437
56 0 -1
93 2 64 2 64 265 437 268 440
57 0 -1
94 49 47 51 50 266 438 272 444
58 0 -1
96 50 33 51 33 268 440 270 442
59 0 -1
103 35 44 37 45 275 447 278 450
60 0 -1
105 2 74 4 74 277 449 279 451
61 0 -1
106 72 50 77 53 278 450 288 460
62 0 -1
107 10 83 11 85 279 451 282 454
63 0 -1
108 90 40 91 43 280 452 288 460
64 0 -1
110 97 95 98 95 282 454 290 462
65 0 -1
111 5 32 6 32 283 455 284 456
66 0 -1
114 75 72 81 72 286 458 292 464
67 0 -1
115 57 61 58 64 287 459 292 464
68 0 -1
116 92 89 95 98 288 460 300 472
69 0 -1
119 29 63 32 63 291 463 294 466
70 0 -1
120 59 65 59 65 292 464 293 465
71 0 -1
122 53 7 53 7 294 466 298 470
72 0 -1
123 16 90 16 93 295 467 298 470
73 0 -1
124 21 54 25 54 296 468 300 472
74 0 -1
127 44 58 45 58 299 471 300 472
75 0 -1
128 60 69 73 72 300 472 319 491
76 0 -1
130 34 39 35 39 302 474 303 475
77 0 -1
132 80 79 88 79 304 476 319 491
78 0 -1
134 80 92 80 93 306 478 307 479
79 0 -1
135 24 49 28 50 307 479 318 490
80 0 -1
136 1 9 3 9 308 480 310 482
81 0 -1
139 32 59 33 59 311 483 312 484
82 0 -1
140 3 46 6 46 312 484 316 488
83 0 -1
141 46 97 46 99 313 485 318 490
84 0 -1
144 1 35 5 36 316 488 321 493
85 0 -1
145 65 32 67 32 317 489 319 491
86 0 -1
146 2 29 2 29 318 490 319 491
87 0 -1
147 15 33 15 33 319 491 320 492
88 0 -1
148 37 57 37 58 320 492 321 493
89 0 -1
149 75 43 76 43 321 493 323 495
90 0 -1
150 29 79 35 79 322 494 328 500
91 0 -1
153 19 46 19 46 325 497 326 498
92 0 -1
154 11 35 14 36 326 498 330 502
93 0 -1
155 38 7 38 7 327 499 328 500
94 0 -1
156 92 98 96 98 328 500 333 505
95 0 -1
157 21 81 25 81 329 501 334 506
96 0 -1
160 83 4 86 7 332 504 338 510
97 0 -1
162 73 21 74 21 334 506 335 507
98 0 -1
163 28 68 28 69 335 507 336 508
99 0 -1
166 52 6 53 7 338 510 340 512
100 0 -1
167 16 60 17 61 339 511 344 516
101 0 -1
168 54 10 56 10 340 512 342 514
102 0 -1
169 38 61 38 62 341 513 346 518
103 0 -1
170 22 61 27 61 342 514 347 519
104 0 -1
172 21 85 22 85 344 516 349 521
105 0 -1
173 5 97 7 100 345 517 350 522
106 0 -1
174 63 83 63 83 346 518 348 520
107 0 -1
179 40 29 41 29 351 523 352 524
108 0 -1
183 75 64 77 65 355 527 360 532
109 0 -1
184 59 28 59 28 356 528 358 530
110 0 -1
185 89 51 91 51 357 529 359 531
111 0 -1
186 34 87 42 87 358 530 367 539
112 0 -1
187 95 84 89 84 359 531 365 537
113 0 -1
189 36 21 37 22 361 533 366 538
114 0 -1
190 27 27 30 27 362 534 367 539
115 0 -1
193 20 10 21 10 365 537 366 538
116 0 -1
196 2 51 3 52 368 540 370 542
117 0 -1
197 83 5 83 5 369 541 370 542
118 0 -1
198 60 27 74 28 370 542 388 560
119 0 -1
199 40 81 40 81 371 543 372 544
120 0 -1
200 93 52 94 52 372 544 374 546
121 0 -1
201 93 14 93 14 373 545 374 546
122 0 -1
204 79 80 79 80 376 548 377 549
123 0 -1
208 9 93 10 93 380 552 381 553
124 0 -1
209 72 65 72 65 381 553 382 554
125 0 -1
211 46 37 46 39 383 555 386 558
126 0 -1
212 39 62 39 64 384 556 386 558
127 0 -1
213 40 74 42 76 385 557 393 565
128 0 -1
214 69 75 72 76 386 558 391 563
129 0 -1
218 48 56 50 58 390 562 397 569
130 0 -1
219 44 9 46 9 391 563 393 565
131 0 -1
224 42 24 45 24 396 568 399 571
132 0 -1
225 14 14 14 14 397 569 399 571
133 0 -1
229 65 79 68 80 401 573 407 579
134 0 -1
230 14 56 14 57 402 574 403 575
135 0 -1
231 66 63 68 64 403 575 406 578
136 0 -1
236 18 43 19 44 408 580 410 582
137 0 -1
237 64 28 64 28 409 581 411 583
138 0 -1
240 45 78 45 85 412 584 423 595
139 0 -1
242 43 88 45 88 414 586 416 588
140 0 -1
244 80 85 81 86 416 588 421 593
141 0 -1
245 16 53 21 54 417 589 423 595
142 0 -1
246 72 86 74 87 418 590 421 593
143 0 -1
247 35 76 37 77 419 591 422 594
144 0 -1
248 37 14 37 17 420 592 423 595
145 0 -1
250 50 30 51 30 422 594 424 596
146 0 -1
251 54 23 54 24 423 595 426 598
147 0 -1
253 78 2 78 3 425 597 426 598
148 0 -1
255 86 58 88 58 427 599 429 601
149 0 -1
256 25 69 26 69 428 600 432 604
150 0 -1
257 16 69 20 69 429 601 433 605
151 0 -1
258 22 65 23 65 430 602 431 603
152 0 -1
260 42 90 43 90 432 604 434 606
153 0 -1
261 97 91 91 93 433 605 445 617
154 0 -1
266 61 69 65 69 438 610 442 614
155 0 -1
267 68 18 69 20 439 611 442 614
156 0 -1
268 65 83 66 84 440 612 442 614
157 0 -1
269 80 8 80 9 441 613 442 614
158 0 -1
271 60 94 63 97 443 615 449 621
159 0 -1
272 34 31 34 31 444 616 445 617
160 0 -1
274 59 41 71 41 446 618 459 631
161 0 -1
277 72 44 73 45 449 621 451 623
162 0 -1
278 63 50 65 52 450 622 456 628
163 0 -1
279 82 49 85 49 451 623 455 627
164 0 -1
280 53 56 54 58 452 624 455 627
165 0 -1
283 94 77 95 77 455 627 456 628
166 0 -1
285 43 89 46 89 457 629 460 632
167 0 -1
286 13 29 13 31 458 630 461 633
168 0 -1
289 42 41 42 41 461 633 464 636
169 0 -1
293 80 53 80 53 465 637 469 641
170 0 -1
294 25 23 26 23 466 638 467 639
171 0 -1
295 53 45 54 46 467 639 469 641
172 0 -1
296 36 2 39 3 468 640 472 644
173 0 -1
303 72 70 79 72 475 647 484 656
174 0 -1
305 17 79 19 79 477 649 482 654
175 0 -1
306 48 82 48 83 478 650 479 651
176 0 -1
307 7 79 7 81 479 651 481 653
177 0 -1
310 35 69 39 69 482 654 486 658
178 0 -1
311 46 39 48 41 483 655 487 659
179 0 -1
312 38 5 42 10 484 656 493 665
180 0 -1
313 36 16 36 17 485 657 486 658
181 0 -1
315 28 94 29 95 487 659 489 661
182 0 -1
320 42 80 44 92 492 664 508 680
183 0 -1
321 3 7 5 7 493 665 496 668
184 0 -1
323 50 82 59 86 495 667 508 680
185 0 -1
325 84 10 86 12 497 669 505 677
186 0 -1
326 12 79 13 79 498 670 499 671
187 0 -1
327 94 19 96 20 499 671 502 674
188 0 -1
328 87 65 91 65 500 672 505 677
189 0 -1
329 5 31 6 33 501 673 504 676
190 0 -1
330 98 66 96 69 502 674 507 679
191 0 -1
337 20 29 27 33 509 681 522 694
192 0 -1
340 53 57 53 59 512 684 515 687
193 0 -1
342 38 25 38 25 514 686 515 687
194 0 -1
343 80 36 82 37 515 687 518 690
195 0 -1
345 13 63 13 74 517 689 529 701
196 0 -1
349 19 43 20 43 521 693 522 694
197 0 -1
351 50 68 50 68 523 695 524 696
198 0 -1
354 2 83 3 88 526 698 532 704
199 0 -1
356 52 35 52 36 528 700 529 701
200 0 -1
357 51 43 53 44 529 701 533 705
201 0 -1
358 46 62 51 64 530 702 537 709
202 0 -1
359 42 97 45 97 531 703 534 706
203 0 -1
360 63 41 65 41 532 704 534 706
204 0 -1
361 44 22 47 23 533 705 539 711
205 0 -1
363 24 10 24 10 535 707 536 708
206 0 -1
364 56 50 57 50 536 708 537 709
207 0 -1
365 75 65 76 66 537 709 539 711
208 0 -1
367 30 47 36 47 539 711 545 717
209 0 -1
371 52 63 53 63 543 715 544 716
210 0 -1
372 77 27 77 34 544 716 552 724
211 0 -1
373 62 10 65 10 545 717 548 720
212 0 -1
374 88 79 89 79 546 718 547 719
213 0 -1
375 92 11 92 12 547 719 548 720
214 0 -1
377 29 94 30 94 549 721 550 722
215 0 -1
379 98 54 98 55 551 723 552 724
216 0 -1
380 11 13 12 13 552 724 553 725
217 0 -1
381 67 23 67 24 553 725 558 730
218 0 -1
382 49 90 49 91 554 726 556 728
219 0 -1
383 99 40 99 40 555 727 556 728
220 0 -1
388 65 3 65 3 560 732 561 733
221 0 -1
391 63 90 63 90 563 735 565 737
222 0 -1
392 91 34 93 34 564 736 566 738
223 0 -1
394 70 96 70 97 566 738 569 741
224 0 -1
396 97 24 92 24 568 740 573 745
225 0 -1
397 39 60 40 60 569 741 570 742
226 0 -1
400 45 51 45 53 572 744 574 746
227 0 -1
401 38 41 39 42 573 745 575 747
228 0 -1
403 75 9 79 9 575 747 580 752
229 0 -1
404 17 18 17 18 576 748 578 750
230 0 -1
407 39 17 40 17 579 751 580 752
231 0 -1
408 10 42 13 42 580 752 583 755
232 0 -1
411 60 61 61 62 583 755 585 757
233 0 -1
412 50 15 51 15 584 756 585 757
234 0 -1
414 90 24 90 25 586 758 587 759
235 0 -1
418 59 1 59 2 590 762 591 763
236 0 -1
420 65 70 66 70 592 764 593 765
237 0 -1
421 3 34 5 34 593 765 595 767
238 0 -1
423 95 93 96 93 595 767 596 768
239 0 -1
426 38 38 39 38 598 770 603 775
240 0 -1
428 29 80 30 81 600 772 602 774
241 0 -1
433 96 20 98 20 605 777 607 779
242 0 -1
437 28 27 29 27 609 781 610 782
243 0 -1
439 58 47 59 48 611 783 613 785
244 0 -1
441 29 75 33 78 613 785 621 793
245 0 -1
446 87 67 87 71 618 790 622 794
246 0 -1
448 19 99 20 97 620 792 623 795
247 0 -1
450 14 78 21 78 622 794 630 802
248 0 -1
452 11 46 13 47 624 796 627 799
249 0 -1
455 88 91 91 91 627 799 630 802
250 0 -1
460 90 80 91 83 632 804 638 810
251 0 -1
461 52 36 54 36 633 805 635 807
252 0 -1
462 64 11 64 12 634 806 637 809
253 0 -1
464 14 0 14 2 636 808 638 810
254 0 -1
469 19 45 19 47 641 813 643 815
255 0 -1
471 21 22 30 22 643 815 654 826
256 0 -1
475 50 33 51 33 647 819 649 821
257 0 -1
478 47 74 48 74 650 822 654 826
258 0 -1
479 56 62 58 62 651 823 653 825
259 0 -1
480 46 78 49 81 652 824 660 832
260 0 -1
481 97 57 92 57 653 825 659 831
261 0 -1
482 5 84 6 84 654 826 655 827
262 0 -1
484 13 28 16 29 656 828 660 832
263 0 -1
486 17 73 18 74 658 830 661 833
264 0 -1
488 42 10 45 10 660 832 663 835
265 0 -1
489 60 8 70 11 661 833 674 846
266 0 -1
491 85 32 87 32 663 835 665 837
267 0 -1
493 98 22 98 23 665 837 666 838
268 0 -1
496 14 42 15 42 668 840 669 841
269 0 -1
501 53 56 55 56 673 845 675 847
270 0 -1
502 41 73 45 73 674 846 678 850
271 0 -1
505 68 20 70 20 677 849 679 851
272 0 -1
506 12 64 17 64 678 850 683 855
273 0 -1
507 53 51 53 51 679 851 680 852
274 0 -1
509 82 20 82 20 681 853 682 854
275 0 -1
511 75 99 76 100 683 855 685 857
276 0 -1
512 36 54 36 55 684 856 685 857
277 0 -1
515 29 12 29 13 687 859 690 862
278 0 -1
516 68 94 69 94 688 860 701 873
279 0 -1
517 89 71 91 72 689 861 693 865
280 0 -1
518 73 64 75 64 690 862 692 864
281 0 -1
520 7 56 7 57 692 864 693 865
282 0 -1
522 94 80 99 83 694 866 703 875
283 0 -1
523 24 53 24 54 695 867 696 868
284 0 -1
525 96 60 98 60 697 869 699 871
285 0 -1
526 53 96 55 96 698 870 700 872
286 0 -1
528 12 55 15 57 700 872 705 877
287 0 -1
530 17 10 18 10 702 874 706 878
288 0 -1
533 42 86 43 86 705 877 707 879
289 0 -1
535 27 50 27 51 707 879 710 882
290 0 -1
536 1 94 3 94 708 880 710 882
291 0 -1
537 45 63 46 63 709 881 710 882
292 0 -1
538 77 59 77 60 710 882 713 885
293 0 -1
540 79 66 83 66 712 884 716 888
294 0 -1
541 6 14 9 14 713 885 716 888
295 0 -1
542 29 91 37 91 714 886 722 894
296 0 -1
543 6 1 8 1 715 887 717 889
297 0 -1
546 97 81 99 81 718 890 720 892
298 0 -1
547 58 80 60 80 719 891 721 893
299 0 -1
550 35 8 36 8 722 894 723 895
300 0 -1
552 89 33 92 33 724 896 727 899
301 0 -1
553 90 75 92 75 725 897 727 899
302 0 -1
555 73 25 76 27 727 899 732 904
303 0 -1
556 47 82 48 82 728 900 730 902
304 0 -1
558 44 39 44 40 730 902 731 903
305 0 -1
559 89 28 93 28 731 903 736 908
306 0 -1
560 9 32 9 34 732 904 734 906
307 0 -1
562 38 20 38 21 734 906 735 907
308 0 -1
565 63 29 63 29 737 909 741 913
309 0 -1
566 11 47 12 49 738 910 742 914
310 0 -1
567 24 60 24 61 739 911 740 912
311 0 -1
570 41 41 42 43 742 914 746 918
312 0 -1
572 16 22 17 22 744 916 747 919
313 0 -1
573 85 88 86 90 745 917 748 920
314 0 -1
575 33 19 33 20 747 919 749 921
315 0 -1
577 99 22 99 23 749 921 750 922
316 0 -1
578 73 74 74 75 750 922 752 924
317 0 -1
579 64 88 67 88 751 923 756 928
318 0 -1
580 91 89 92 89 752 924 753 925
319 0 -1
585 92 10 93 12 757 929 760 932
320 0 -1
588 38 49 39 53 760 932 765 937
321 0 -1
589 30 59 36 62 761 933 776 948
322 0 -1
592 98 59 98 59 764 936 765 937
323 0 -1
594 32 24 33 24 766 938 768 940
324 0 -1
595 19 64 23 72 767 939 782 954
325 0 -1
596 89 28 93 28 768 940 772 944
326 0 -1
597 76 41 80 44 769 941 777 949
327 0 -1
599 94 52 86 52 771 943 779 951
328 0 -1
600 4 15 4 15 772 944 775 947
329 0 -1
601 98 28 98 30 773 945 775 947
330 0 -1
603 63 87 65 87 775 947 777 949
331 0 -1
608 66 62 66 65 780 952 783 955
332 0 -1
609 5 73 6 73 781 953 782 954
333 0 -1
610 69 79 73 80 782 954 787 959
334 0 -1
611 23 24 25 26 783 955 787 959
335 0 -1
613 93 40 86 41 785 957 793 965
336 0 -1
614 95 45 89 45 786 958 792 964
337 0 -1
615 57 96 58 96 787 959 788 960
338 0 -1
616 17 47 18 48 788 960 790 962
339 0 -1
619 25 16 26 17 791 963 796 968
340 0 -1
620 58 44 60 44 792 964 794 966
341 0 -1
621 27 51 32 51 793 965 798 970
342 0 -1
622 60 57 60 59 794 966 797 969
343 0 -1
623 18 23 19 23 795 967 797 969
344 0 -1
624 46 67 46 68 796 968 797 969
345 0 -1
625 9 0 10 0 797 969 799 971
346 0 -1
628 50 14 51 14 800 972 801 973
347 0 -1
629 27 21 27 25 801 973 806 978
348 0 -1
630 66 48 67 48 802 974 803 975
349 0 -1
634 23 96 23 97 806 978 807 979
350 0 -1
635 91 35 92 35 807 979 809 981
351 0 -1
636 96 65 97 66 808 980 810 982
352 0 -1
637 2 27 4 27 809 981 811 983
353 0 -1
639 36 6 37 6 811 983 812 984
354 0 -1
640 64 50 66 50 812 984 814 986
355 0 -1
641 87 79 88 80 813 985 815 987
356 0 -1
643 71 75 74 77 815 987 821 993
357 0 -1
645 83 41 83 43 817 989 819 991
358 0 -1
646 70 56 70 56 818 990 820 992
359 0 -1
648 39 70 39 71 820 992 821 993
360 0 -1
649 42 79 47 84 821 993 831 1003
361 0 -1
650 41 21 42 21 822 994 823 995
362 0 -1
651 81 30 83 31 823 995 827 999
363 0 -1
652 40 21 46 22 824 996 839 1011
364 0 -1
653 9 69 9 69 825 997 826 998
365 0 -1
656 37 26 38 26 828 1000 829 1001
366 0 -1
662 33 63 33 64 834 1006 836 1008
367 0 -1
663 50 67 51 69 835 1007 843 1015
368 0 -1
664 8 25 8 26 836 1008 838 1010
369 0 -1
665 83 43 84 43 837 1009 838 1010
370 0 -1
666 21 35 21 37 838 1010 840 1012
371 0 -1
667 12 38 14 39 839 1011 842 1014
372 0 -1
669 29 72 30 72 841 1013 842 1014
373 0 -1
672 24 12 26 12 844 1016 848 1020
374 0 -1
673 68 2 69 2 845 1017 847 1019
375 0 -1
674 34 38 35 41 846 1018 850 1022
376 0 -1
675 88 27 91 28 847 1019 852 1024
377 0 -1
678 95 56 96 56 850 1022 851 1023
378 0 -1
679 55 3 57 4 851 1023 854 1026
379 0 -1
680 75 16 79 17 852 1024 858 1030
380 0 -1
681 61 64 63 64 853 1025 855 1027
381 0 -1
682 42 30 44 30 854 1026 856 1028
382 0 -1
684 84 96 84 98 856 1028 858 1030
383 0 -1
685 96 37 98 37 857 1029 862 1034
384 0 -1
687 53 62 57 63 859 1031 864 1036
385 0 -1
688 4 69 4 70 860 1032 862 1034
386 0 -1
689 0 30 1 31 861 1033 863 1035
387 0 -1
690 90 85 90 87 862 1034 864 1036
388 0 -1
691 3 85 4 86 863 1035 865 1037
389 0 -1
692 77 70 77 71 864 1036 866 1038
390 0 -1
694 50 40 50 40 866 1038 869 1041
391 0 -1
696 89 17 89 19 868 1040 870 1042
392 0 -1
698 42 35 44 37 870 1042 875 1047
393 0 -1
700 92 51 93 51 872 1044 873 1045
394 0 -1
701 14 68 15 68 873 1045 874 1046
395 0 -1
702 3 87 10 87 874 1046 881 1053
396 0 -1
703 88 0 88 2 875 1047 877 1049
397 0 -1
704 35 10 36 10 876 1048 878 1050
398 0 -1
705 54 8 56 10 877 1049 881 1053
399 0 -1
706 54 75 55 75 878 1050 880 1052
400 0 -1
707 42 95 43 95 879 1051 883 1055
401 0 -1
708 22 60 24 63 880 1052 887 1059
402 0 -1
710 62 97 64 98 882 1054 885 1057
403 0 -1
712 87 41 87 42 884 1056 885 1057
404 0 -1
714 55 84 56 84 886 1058 887 1059
405 0 -1
716 98 38 99 38 888 1060 889 1061
406 0 -1
718 70 77 70 78 890 1062 898 1070
407 0 -1
719 37 56 37 57 891 1063 892 1064
408 0 -1
720 79 4 79 4 892 1064 894 1066
409 0 -1
722 62 58 64 58 894 1066 896 1068
410 0 -1
724 86 0 86 0 896 1068 898 1070
411 0 -1
725 30 32 40 32 897 1069 908 1080
412 0 -1
726 55 3 59 3 898 1070 902 1074
413 0 -1
727 50 30 52 30 899 1071 902 1074
414 0 -1
728 56 66 59 67 900 1072 905 1077
415 0 -1
729 31 23 32 23 901 1073 902 1074
416 0 -1
731 27 58 28 58 903 1075 904 1076
417 0 -1
733 77 18 77 19 905 1077 907 1079
418 0 -1
734 23 77 25 77 906 1078 908 1080
419 0 -1
735 98 21 95 21 907 1079 910 1082
420 0 -1
736 70 17 71 18 908 1080 910 1082
421 0 -1
737 47 67 49 68 909 1081 912 1084
422 0 -1
742 62 73 67 73 914 1086 919 1091
423 0 -1
744 77 12 79 12 916 1088 918 1090
424 0 -1
745 20 28 24 29 917 1089 922 1094
425 0 -1
748 63 90 64 90 920 1092 922 1094
426 0 -1
750 54 11 55 11 922 1094 923 1095
427 0 -1
751 23 25 23 25 923 1095 924 1096
428 0 -1
752 6 17 7 18 924 1096 927 1099
429 0 -1
753 55 81 55 81 925 1097 926 1098
430 0 -1
754 54 36 55 40 926 1098 932 1104
431 0 -1
755 25 20 26 21 927 1099 929 1101
432 0 -1
757 94 41 95 41 929 1101 931 1103
433 0 -1
758 3 99 10 99 930 1102 938 1110
434 0 -1
759 27 7 29 7 931 1103 933 1105
435 0 -1
760 17 15 18 15 932 1104 933 1105
436 0 -1
766 70 65 72 65 938 1110 940 1112
437 0 -1
767 82 77 84 77 939 1111 941 1113
438 0 -1
768 79 86 82 86 940 1112 943 1115
439 0 -1
771 56 52 56 53 943 1115 944 1116
440 0 -1
772 8 88 9 89 944 1116 946 1118
441 0 -1
773 91 48 93 48 945 1117 948 1120
442 0 -1
775 0 14 0 14 947 1119 952 1124
443 0 -1
777 38 62 38 64 949 1121 951 1123
444 0 -1
778 35 89 36 89 950 1122 952 1124
445 0 -1
779 90 9 90 11 951 1123 954 1126
446 0 -1
781 71 25 71 25 953 1125 954 1126
447 0 -1
782 22 27 23 28 954 1126 958 1130
448 0 -1
784 28 25 30 25 956 1128 958 1130
449 0 -1
787 64 1 64 1 959 1131 961 1133
450 0 -1
788 55 85 55 86 960 1132 961 1133
451 0 -1
789 78 13 78 16 961 1133 965 1137
452 0 -1
790 8 21 9 22 962 1134 964 1136
453 0 -1
791 57 43 58 47 963 1135 968 1140
454 0 -1
793 63 31 63 31 965 1137 968 1140
455 0 -1
794 57 4 61 4 966 1138 970 1142
456 0 -1
795 91 52 92 53 967 1139 969 1141
457 0 -1
796 90 5 92 7 968 1140 972 1144
458 0 -1
797 98 18 99 18 969 1141 970 1142
459 0 -1
798 30 3 30 6 970 1142 973 1145
460 0 -1
799 65 53 66 53 971 1143 973 1145
461 0 -1
800 59 74 62 76 972 1144 977 1149
462 0 -1
802 7 90 8 91 974 1146 978 1150
463 0 -1
803 30 56 31 57 975 1147 977 1149
464 0 -1
805 72 92 76 92 977 1149 982 1154
465 0 -1
806 63 46 66 47 978 1150 987 1159
466 0 -1
807 33 22 33 24 979 1151 981 1153
467 0 -1
810 5 64 5 65 982 1154 983 1155
468 0 -1
813 28 92 29 92 985 1157 986 1158
469 0 -1
818 90 53 90 55 990 1162 992 1164
470 0 -1
820 67 41 67 44 992 1164 995 1167
471 0 -1
824 97 2 97 2 996 1168 998 1170
472 0 -1
825 5 23 7 24 997 1169 1000 1172
473 0 -1
827 47 52 48 52 999 1171 1000 1172
474 0 -1
828 21 85 26 86 1000 1172 1010 1182
475 0 -1
830 50 10 51 12 1002 1174 1005 1177
476 0 -1
831 61 16 61 16 1003 1175 1004 1176
477 0 -1
833 24 28 26 28 1005 1177 1007 1179
478 0 -1
834 71 34 73 34 1006 1178 1008 1180
479 0 -1
835 69 25 74 25 1007 1179 1017 1189
480 0 -1
839 58 83 59 83 1011 1183 1013 1185
481 0 -1
841 68 78 72 78 1013 1185 1017 1189
482 0 -1
842 95 52 97 52 1014 1186 1016 1188
483 0 -1
844 44 33 45 34 1016 1188 1021 1193
484 0 -1
845 38 74 39 75 1017 1189 1019 1191
485 0 -1
846 88 94 94 94 1018 1190 1024 1196
486 0 -1
847 7 30 7 31 1019 1191 1020 1192
487 0 -1
850 19 95 21 95 1022 1194 1025 1197
488 0 -1
851 62 74 64 76 1023 1195 1027 1199
489 0 -1
854 55 10 56 10 1026 1198 1027 1199
490 0 -1
856 27 91 27 93 1028 1200 1031 1203
491 0 -1
859 10 64 12 67 1031 1203 1036 1208
492 0 -1
860 5 45 5 45 1032 1204 1033 1205
493 0 -1
861 16 47 16 47 1033 1205 1035 1207
494 0 -1
864 75 37 77 38 1036 1208 1039 1211
495 0 -1
867 17 54 17 54 1039 1211 1040 1212
496 0 -1
868 85 83 87 83 1040 1212 1042 1214
497 0 -1
871 3 88 18 89 1043 1215 1059 1231
498 0 -1
873 49 87 51 87 1045 1217 1047 1219
499 0 -1
874 78 3 79 6 1046 1218 1051 1223
500 0 -1
875 96 50 99 50 1047 1219 1050 1222
501 0 -1
877 76 21 76 24 1049 1221 1052 1224
502 0 -1
878 5 29 6 30 1050 1222 1052 1224
503 0 -1
879 0 72 2 72 1051 1223 1053 1225
504 0 -1
880 82 22 86 22 1052 1224 1056 1228
505 0 -1
881 23 50 27 50 1053 1225 1059 1231
506 0 -1
882 49 30 51 30 1054 1226 1056 1228
507 0 -1
885 0 90 1 90 1057 1229 1058 1230
508 0 -1
887 6 74 9 74 1059 1231 1062 1234
509 0 -1
889 5 37 5 39 1061 1233 1064 1236
510 0 -1
891 59 72 60 73 1063 1235 1065 1237
511 0 -1
893 63 93 64 94 1065 1237 1067 1239
512 0 -1
894 30 93 32 93 1066 1238 1069 1241
513 0 -1
895 55 92 56 92 1067 1239 1070 1242
514 0 -1
896 5 86 5 88 1068 1240 1070 1242
515 0 -1
897 91 59 91 60 1069 1241 1070 1242
516 0 -1
898 61 57 62 58 1070 1242 1072 1244
517 0 -1
899 73 61 75 61 1071 1243 1073 1245
518 0 -1
900 21 10 25 12 1072 1244 1078 1250
519 0 -1
901 49 63 50 63 1073 1245 1075 1247
520 0 -1
902 37 21 38 21 1074 1246 1075 1247
521 0 -1
905 84 91 85 91 1077 1249 1078 1250
522 0 -1
910 53 39 53 40 1082 1254 1083 1255
523 0 -1
912 99 61 96 61 1084 1256 1094 1266
524 0 -1
914 22 58 28 59 1086 1258 1093 1265
525 0 -1
917 27 9 28 12 1089 1261 1093 1265
526 0 -1
919 43 58 45 58 1091 1263 1093 1265
527 0 -1
920 76 45 79 45 1092 1264 1095 1267
528 0 -1
921 60 98 61 98 1093 1265 1094 1266
529 0 -1
923 18 38 19 38 1095 1267 1096 1268
530 0 -1
925 63 39 66 39 1097 1269 1100 1272
531 0 -1
926 9 37 15 39 1098 1270 1107 1279
532 0 -1
927 89 73 91 73 1099 1271 1102 1274
533 0 -1
928 73 60 74 60 1100 1272 1101 1273
534 0 -1
929 53 47 54 47 1101 1273 1102 1274
535 0 -1
931 41 37 42 38 1103 1275 1105 1277
536 0 -1
933 61 90 65 90 1105 1277 1112 1284
537 0 -1
935 45 1 45 1 1107 1279 1109 1281
538 0 -1
936 43 57 44 57 1108 1280 1109 1281
539 0 -1
937 97 64 98 64 1109 1281 1113 1285
540 0 -1
938 50 12 51 14 1110 1282 1114 1286
541 0 -1
940 81 6 81 6 1112 1284 1114 1286
542 0 -1
942 2 53 3 53 1114 1286 1115 1287
543 0 -1
943 36 67 40 69 1115 1287 1122 1294
544 0 -1
944 34 4 34 5 1116 1288 1117 1289
545 0 -1
945 58 33 61 33 1117 1289 1120 1292
546 0 -1
947 32 25 38 25 1119 1291 1132 1304
547 0 -1
948 38 3 39 4 1120 1292 1123 1295
548 0 -1
950 36 55 36 57 1122 1294 1124 1296
549 0 -1
951 65 55 65 55 1123 1295 1125 1297
550 0 -1
954 72 40 73 41 1126 1298 1128 1300
551 0 -1
955 80 29 80 30 1127 1299 1128 1300
552 0 -1
957 43 29 46 29 1129 1301 1132 1304
553 0 -1
958 39 44 40 44 1130 1302 1131 1303
554 0 -1
963 52 19 53 19 1135 1307 1138 1310
555 0 -1
964 37 86 39 86 1136 1308 1138 1310
556 0 -1
966 54 74 54 76 1138 1310 1140 1312
557 0 -1
969 40 99 42 99 1141 1313 1143 1315
558 0 -1
972 50 18 54 19 1144 1316 1150 1322
559 0 -1
973 92 16 94 18 1145 1317 1149 1321
560 0 -1
974 70 36 73 37 1146 1318 1156 1328
561 0 -1
976 34 71 35 73 1148 1320 1153 1325
562 0 -1
979 60 35 60 38 1151 1323 1155 1327
563 0 -1
981 93 23 93 24 1153 1325 1154 1326
564 0 -1
983 4 53 4 55 1155 1327 1158 1330
565 0 -1
984 76 60 78 64 1156 1328 1162 1334
566 0 -1
987 6 88 7 91 1159 1331 1163 1335
567 0 -1
989 60 65 63 65 1161 1333 1164 1336
568 0 -1
990 50 53 51 55 1162 1334 1166 1338
569 0 -1
992 12 87 15 87 1164 1336 1168 1340
570 0 -1
993 84 68 85 68 1165 1337 1167 1339
571 0 -1
994 82 61 85 61 1166 1338 1170 1342
572 0 -1
996 35 3 37 3 1168 1340 1170 1342
573 0 -1
997 90 16 92 16 1169 1341 1171 1343
574 0 -1
998 3 89 3 90 1170 1342 1171 1343
575 0 -1
999 73 52 74 52 1171 1343 1173 1345
576 0 -1
1001 27 13 60 27 1173 1345 1222 1394
577 0 -1
1004 29 36 31 36 1176 1348 1178 1350
578 0 -1
1008 65 25 65 26 1180 1352 1181 1353
579 0 -1
1010 30 56 32 56 1182 1354 1184 1356
580 0 -1
1012 7 8 8 8 1184 1356 1185 1357
581 0 -1
1015 79 98 80 98 1187 1359 1188 1360
582 0 -1
1016 6 46 6 46 1188 1360 1189 1361
583 0 -1
1017 28 17 31 17 1189 1361 1192 1364
584 0 -1
1018 2 76 6 78 1190 1362 1204 1376
585 0 -1
1019 13 45 19 49 1191 1363 1201 1373
586 0 -1
1020 82 91 84 92 1192 1364 1195 1367
587 0 -1
1021 29 28 30 28 1193 1365 1194 1366
588 0 -1
1022 22 59 32 62 1194 1366 1208 1380
589 0 -1
1025 80 28 83 29 1197 1369 1202 1374
590 0 -1
1027 79 5 80 5 1199 1371 1200 1372
591 0 -1
1028 60 18 60 18 1200 1372 1201 1373
592 0 -1
1031 45 4 53 4 1203 1375 1212 1384
593 0 -1
1032 35 71 41 72 1204 1376 1211 1383
594 0 -1
1033 60 17 60 18 1205 1377 1209 1381
595 0 -1
1035 76 40 77 40 1207 1379 1209 1381
596 0 -1
1036 72 26 74 26 1208 1380 1210 1382
597 0 -1
1037 89 86 89 86 1209 1381 1210 1382
598 0 -1
1039 96 22 96 23 1211 1383 1212 1384
599 0 -1
1040 23 80 24 80 1212 1384 1213 1385
600 0 -1
1042 5 39 5 46 1214 1386 1225 1397
601 0 -1
1044 13 54 13 55 1216 1388 1217 1389
602 0 -1
1045 87 80 88 80 1217 1389 1220 1392
603 0 -1
1051 69 5 70 5 1223 1395 1224 1396
604 0 -1
1053 35 9 36 9 1225 1397 1226 1398
605 0 -1
1056 24 91 25 92 1228 1400 1230 1402
606 0 -1
1057 74 15 74 15 1229 1401 1231 1403
607 0 -1
1059 4 57 4 60 1231 1403 1235 1407
608 0 -1
1060 49 12 51 14 1232 1404 1237 1409
609 0 -1
1063 93 20 93 20 1235 1407 1238 1410
610 0 -1
1065 69 60 69 62 1237 1409 1240 1412
611 0 -1
1066 4 30 6 30 1238 1410 1240 1412
612 0 -1
1067 10 75 11 75 1239 1411 1240 1412
613 0 -1
1070 93 21 93 29 1242 1414 1254 1426
614 0 -1
1071 4 23 7 25 1243 1415 1248 1420
615 0 -1
1073 82 67 90 73 1245 1417 1260 1432
616 0 -1
1074 29 25 30 25 1246 1418 1247 1419
617 0 -1
1075 97 53 98 54 1247 1419 1250 1422
618 0 -1
1078 14 99 14 95 1250 1422 1254 1426
619 0 -1
1082 86 41 87 41 1254 1426 1255 1427
620 0 -1
1083 76 93 76 95 1255 1427 1257 1429
621 0 -1
1084 43 96 47 98 1256 1428 1262 1434
622 0 -1
1085 39 91 39 94 1257 1429 1260 1432
623 0 -1
1086 68 82 68 85 1258 1430 1262 1434
624 0 -1
1090 93 61 93 62 1262 1434 1263 1435
625 0 -1
1091 3 88 4 88 1263 1435 1264 1436
626 0 -1
1092 82 36 82 37 1264 1436 1265 1437
627 0 -1
1095 61 70 61 73 1267 1439 1270 1442
628 0 -1
1097 60 25 63 25 1269 1441 1272 1444
629 0 -1
1098 35 44 37 44 1270 1442 1274 1446
630 0 -1
1099 14 92 18 93 1271 1443 1276 1448
631 0 -1
1100 31 28 35 29 1272 1444 1277 1449
632 0 -1
1102 5 75 5 76 1274 1446 1277 1449
633 0 -1
1103 93 2 98 2 1275 1447 1282 1454
634 0 -1
1104 55 9 56 9 1276 1448 1277 1449
635 0 -1
1105 30 71 31 71 1277 1449 1278 1450
636 0 -1
1107 47 66 57 66 1279 1451 1289 1461
637 0 -1
1109 99 31 98 31 1281 1453 1284 1456
638 0 -1
1111 31 10 33 10 1283 1455 1285 1457
639 0 -1
1113 81 88 82 88 1285 1457 1286 1458
640 0 -1
1114 17 89 18 89 1286 1458 1287 1459
641 0 -1
1115 8 47 8 50 1287 1459 1290 1462
642 0 -1
1116 96 40 98 48 1288 1460 1299 1471
643 0 -1
1118 88 29 89 30 1290 1462 1292 1464
644 0 -1
1120 92 3 93 3 1292 1464 1294 1466
645 0 -1
1121 39 49 39 49 1293 1465 1294 1466
646 0 -1
1122 6 9 8 9 1294 1466 1297 1469
647 0 -1
1124 52 82 59 82 1296 1468 1303 1475
648 0 -1
1125 46 7 47 7 1297 1469 1299 1471
649 0 -1
1126 3 17 12 19 1298 1470 1310 1482
650 0 -1
1129 53 18 53 18 1301 1473 1302 1474
651 0 -1
1130 93 47 93 47 1302 1474 1303 1475
652 0 -1
1132 18 43 18 45 1304 1476 1306 1478
653 0 -1
1133 17 69 17 70 1305 1477 1308 1480
654 0 -1
1137 95 72 97 74 1309 1481 1313 1485
655 0 -1
1138 39 4 39 4 1310 1482 1311 1483
656 0 -1
1139 83 21 84 21 1311 1483 1312 1484
657 0 -1
1141 77 15 79 15 1313 1485 1315 1487
658 0 -1
1142 11 2 14 2 1314 1486 1317 1489
659 0 -1
1144 81 1 82 1 1316 1488 1319 1491
660 0 -1
1147 57 24 57 24 1319 1491 1320 1492
661 0 -1
1150 60 51 60 51 1322 1494 1323 1495
662 0 -1
1151 8 38 10 38 1323 1495 1325 1497
663 0 -1
1154 69 37 69 37 1326 1498 1327 1499
664 0 -1
1156 11 68 11 70 1328 1500 1330 1502
665 0 -1
1157 93 79 98 79 1329 1501 1334 1506
666 0 -1
1158 90 65 90 68 1330 1502 1334 1506
667 0 -1
1159 0 86 2 86 1331 1503 1333 1505
668 0 -1
1164 51 69 54 69 1336 1508 1339 1511
669 0 -1
1166 2 52 5 52 1338 1510 1341 1513
670 0 -1
1169 71 65 74 65 1341 1513 1344 1516
671 0 -1
1170 76 64 77 64 1342 1514 1345 1517
672 0 -1
1171 50 95 51 88 1343 1515 1352 1524
673 0 -1
1172 60 46 60 46 1344 1516 1345 1517
674 0 -1
1174 18 76 18 82 1346 1518 1353 1525
675 0 -1
1175 47 43 49 43 1347 1519 1350 1522
676 0 -1
1176 10 70 12 70 1348 1520 1350 1522
677 0 -1
1177 63 64 64 65 1349 1521 1351 1523
678 0 -1
1179 5 25 5 26 1351 1523 1352 1524
679 0 -1
1186 74 58 74 59 1358 1530 1360 1532
680 0 -1
1187 43 93 43 94 1359 1531 1361 1533
681 0 -1
1188 31 55 32 55 1360 1532 1361 1533
682 0 -1
1190 54 60 55 60 1362 1534 1363 1535
683 0 -1
1191 4 22 6 22 1363 1535 1365 1537
684 0 -1
1194 49 98 51 98 1366 1538 1368 1540
685 0 -1
1195 38 31 41 31 1367 1539 1370 1542
686 0 -1
1197 65 75 67 75 1369 1541 1372 1544
687 0 -1
1198 33 45 34 47 1370 1542 1374 1546
688 0 -1
1201 55 34 56 36 1373 1545 1378 1550
689 0 -1
1202 42 26 42 27 1374 1546 1375 1547
690 0 -1
1203 3 11 3 12 1375 1547 1376 1548
691 0 -1
1205 73 56 74 58 1377 1549 1380 1552
692 0 -1
1207 60 79 61 82 1379 1551 1383 1555
693 0 -1
1208 2 98 4 98 1380 1552 1382 1554
694 0 -1
1209 53 57 53 58 1381 1553 1382 1554
695 0 -1
1211 32 10 32 12 1383 1555 1387 1559
696 0 -1
1214 68 77 69 82 1386 1558 1392 1564
697 0 -1
1217 80 9 81 9 1389 1561 1391 1563
698 0 -1
1218 65 91 66 91 1390 1562 1391 1563
699 0 -1
1219 2 76 9 76 1391 1563 1398 1570
700 0 -1
1220 0 1 0 1 1392 1564 1393 1565
701 0 -1
1222 17 92 19 93 1394 1566 1397 1569
702 0 -1
1223 15 26 18 26 1395 1567 1399 1571
703 0 -1
1226 77 81 80 81 1398 1570 1401 1573
704 0 -1
1227 22 50 23 50 1399 1571 1400 1572
705 0 -1
1229 3 57 3 57 1401 1573 1402 1574
706 0 -1
1230 66 76 68 77 1402 1574 1407 1579
707 0 -1
1231 46 1 46 2 1403 1575 1404 1576
708 0 -1
1233 43 41 45 41 1405 1577 1407 1579
709 0 -1
1235 49 94 49 95 1407 1579 1408 1580
710 0 -1
1236 78 46 80 46 1408 1580 1413 1585
711 0 -1
1237 56 2 59 2 1409 1581 1414 1586
712 0 -1
1238 25 38 29 39 1410 1582 1415 1587
713 0 -1
1240 52 68 52 69 1412 1584 1416 1588
714 0 -1
1241 98 74 98 75 1413 1585 1414 1586
715 0 -1
1242 8 38 13 42 1414 1586 1427 1599
716 0 -1
1243 8 83 10 83 1415 1587 1417 1589
717 0 -1
1244 65 43 72 43 1416 1588 1423 1595
718 0 -1
1246 39 32 46 34 1418 1590 1427 1599
719 0 -1
1250 68 54 69 54 1422 1594 1423 1595
720 0 -1
1254 53 88 57 90 1426 1598 1433 1605
721 0 -1
1255 33 82 34 84 1427 1599 1431 1603
722 0 -1
1258 22 5 27 14 1430 1602 1446 1618
723 0 -1
1259 91 86 79 89 1431 1603 1449 1621
724 0 -1
1260 39 28 43 28 1432 1604 1438 1610
725 0 -1
1261 6 98 8 93 1433 1605 1440 1612
726 0 -1
1263 37 47 40 51 1435 1607 1442 1614
727 0 -1
1264 12 77 15 78 1436 1608 1440 1612
728 0 -1
1265 43 80 43 82 1437 1609 1439 1611
729 0 -1
1266 1 76 2 76 1438 1610 1439 1611
730 0 -1
1268 18 33 21 33 1440 1612 1443 1615
731 0 -1
1276 63 59 64 59 1448 1620 1449 1621
732 0 -1
1277 69 60 72 61 1449 1621 1454 1626
733 0 -1
1281 40 47 41 47 1453 1625 1455 1627
734 0 -1
1284 82 90 84 90 1456 1628 1458 1630
735 0 -1
1287 15 43 16 44 1459 1631 1463 1635
736 0 -1
1290 51 51 53 55 1462 1634 1469 1641
737 0 -1
1291 96 83 96 86 1463 1635 1466 1638
738 0 -1
1292 55 6 68 6 1464 1636 1490 1662
739 0 -1
1297 16 10 16 11 1469 1641 1472 1644
740 0 -1
1298 10 55 11 55 1470 1642 1471 1643
741 0 -1
1299 54 15 54 18 1471 1643 1474 1646
742 0 -1
1300 75 53 75 53 1472 1644 1474 1646
743 0 -1
1307 33 83 34 83 1479 1651 1480 1652
744 0 -1
1309 56 14 58 14 1481 1653 1483 1655
745 0 -1
1312 85 94 86 94 1484 1656 1486 1658
746 0 -1
1313 29 98 30 98 1485 1657 1486 1658
747 0 -1
1314 48 45 50 46 1486 1658 1490 1662
748 0 -1
1315 19 62 24 62 1487 1659 1492 1664
749 0 -1
1316 33 16 34 17 1488 1660 1490 1662
750 0 -1
1317 8 4 10 4 1489 1661 1491 1663
751 0 -1
1318 65 41 68 41 1490 1662 1493 1665
752 0 -1
1319 27 51 29 51 1491 1663 1493 1665
753 0 -1
1320 7 37 7 37 1492 1664 1493 1665
754 0 -1
1321 54 40 55 41 1493 1665 1495 1667
755 0 -1
1323 46 87 47 87 1495 1667 1497 1669
756 0 -1
1324 23 87 25 88 1496 1668 1501 1673
757 0 -1
1325 5 42 8 44 1497 1669 1503 1675
758 0 -1
1326 83 93 83 93 1498 1670 1499 1671
759 0 -1
1327 50 34 58 35 1499 1671 1509 1681
760 0 -1
1329 40 13 40 13 1501 1673 1503 1675
761 0 -1
1332 61 33 63 33 1504 1676 1506 1678
762 0 -1
1333 87 79 87 79 1505 1677 1506 1678
763 0 -1
1335 82 75 83 90 1507 1679 1523 1695
764 0 -1
1336 37 92 37 93 1508 1680 1509 1681
765 0 -1
1338 43 60 43 63 1510 1682 1513 1685
766 0 -1
1340 35 39 35 42 1512 1684 1519 1691
767 0 -1
1342 77 72 79 73 1514 1686 1517 1689
768 0 -1
1344 79 8 79 9 1516 1688 1518 1690
769 0 -1
1345 79 33 79 34 1517 1689 1518 1690
770 0 -1
1347 20 98 22 99 1519 1691 1522 1694
771 0 -1
1348 19 98 23 99 1520 1692 1525 1697
772 0 -1
1349 55 90 55 95 1521 1693 1527 1699
773 0 -1
1354 10 54 11 55 1526 1698 1529 1701
774 0 -1
1355 4 43 8 44 1527 1699 1532 1704
775 0 -1
1359 25 31 25 35 1531 1703 1536 1708
776 0 -1
1362 38 18 39 19 1534 1706 1536 1708
777 0 -1
1365 39 27 39 28 1537 1709 1538 1710
778 0 -1
1368 63 81 65 81 1540 1712 1542 1714
779 0 -1
1369 34 35 38 47 1541 1713 1576 1748
780 0 -1
1370 56 39 57 40 1542 1714 1544 1716
781 0 -1
1372 30 38 34 38 1544 1716 1549 1721
782 0 -1
1374 6 96 7 96 1546 1718 1548 1720
783 0 -1
1375 59 30 62 34 1547 1719 1554 1726
784 0 -1
1376 86 93 87 93 1548 1720 1549 1721
785 0 -1
1377 92 52 92 54 1549 1721 1552 1724
786 0 -1
1378 10 86 11 86 1550 1722 1551 1723
787 0 -1
1379 81 45 82 47 1551 1723 1555 1727
788 0 -1
1381 77 74 77 75 1553 1725 1556 1728
789 0 -1
1382 33 39 33 42 1554 1726 1557 1729
790 0 -1
1383 8 90 10 90 1555 1727 1557 1729
791 0 -1
1385 73 45 75 48 1557 1729 1563 1735
792 0 -1
1386 7 33 7 34 1558 1730 1561 1733
793 0 -1
1387 28 46 38 46 1559 1731 1570 1742
794 0 -1
1388 74 20 75 22 1560 1732 1563 1735
795 0 -1
1389 78 11 79 11 1561 1733 1563 1735
796 0 -1
1390 6 42 8 42 1562 1734 1564 1736
797 0 -1
1391 91 91 92 92 1563 1735 1565 1737
798 0 -1
1393 6 55 7 56 1565 1737 1567 1739
799 0 -1
1395 22 20 30 20 1567 1739 1575 1747
800 0 -1
1396 5 61 5 62 1568 1740 1569 1741
801 0 -1
1400 49 55 51 55 1572 1744 1575 1747
802 0 -1
1401 38 86 40 86 1573 1745 1576 1748
803 0 -1
1402 58 42 61 45 1574 1746 1581 1753
804 0 -1
1403 55 38 56 39 1575 1747 1577 1749
805 0 -1
1406 28 70 28 71 1578 1750 1579 1751
806 0 -1
1411 96 73 98 73 1583 1755 1585 1757
807 0 -1
1412 39 62 43 62 1584 1756 1590 1762
808 0 -1
1413 25 96 25 96 1585 1757 1586 1758
809 0 -1
1414 23 92 23 93 1586 1758 1588 1760
810 0 -1
1415 11 95 13 95 1587 1759 1589 1761
811 0 -1
1417 36 67 37 67 1589 1761 1590 1762
812 0 -1
1418 27 97 32 97 1590 1762 1595 1767
813 0 -1
1419 6 31 12 31 1591 1763 1598 1770
814 0 -1
1420 74 53 80 55 1592 1764 1600 1772
815 0 -1
1423 92 73 92 74 1595 1767 1596 1768
816 0 -1
1426 62 97 62 97 1598 1770 1600 1772
817 0 -1
1428 90 38 92 38 1600 1772 1603 1775
818 0 -1
1429 43 35 43 35 1601 1773 1603 1775
819 0 -1
1430 49 8 49 9 1602 1774 1603 1775
820 0 -1
1431 34 36 37 36 1603 1775 1606 1778
821 0 -1
1432 89 10 90 10 1604 1776 1605 1777
822 0 -1
1434 99 38 99 38 1606 1778 1607 1779
823 0 -1
1435 35 98 35 95 1607 1779 1614 1786
824 0 -1
1436 0 65 1 66 1608 1780 1610 1782
825 0 -1
1438 71 20 71 22 1610 1782 1614 1786
826 0 -1
1439 98 25 98 25 1611 1783 1612 1784
827 0 -1
1440 87 30 87 31 1612 1784 1615 1787
828 0 -1
1441 48 10 54 10 1613 1785 1620 1792
829 0 -1
1442 72 46 73 47 1614 1786 1616 1788
830 0 -1
1443 61 3 62 3 1615 1787 1620 1792
831 0 -1
1444 81 72 82 73 1616 1788 1618 1790
832 0 -1
1446 23 63 26 65 1618 1790 1624 1796
833 0 -1
1447 13 60 13 60 1619 1791 1621 1793
834 0 -1
1448 86 39 87 40 1620 1792 1622 1794
835 0 -1
1452 96 98 96 99 1624 1796 1625 1797
836 0 -1
1454 88 94 89 94 1626 1798 1630 1802
837 0 -1
1455 52 7 53 8 1627 1799 1629 1801
838 0 -1
1456 23 97 23 97 1628 1800 1629 1801
839 0 -1
1457 96 55 99 58 1629 1801 1635 1807
840 0 -1
1458 98 75 99 80 1630 1802 1640 1812
841 0 -1
1461 41 73 44 73 1633 1805 1636 1808
842 0 -1
1462 14 85 18 85 1634 1806 1638 1810
843 0 -1
1463 66 53 67 53 1635 1807 1637 1809
844 0 -1
1465 35 17 35 17 1637 1809 1639 1811
845 0 -1
1466 48 33 48 34 1638 1810 1640 1812
846 0 -1
1468 3 86 4 86 1640 1812 1641 1813
847 0 -1
1469 69 96 72 98 1641 1813 1646 1818
848 0 -1
1470 12 37 12 37 1642 1814 1643 1815
849 0 -1
1472 17 9 21 10 1644 1816 1649 1821
850 0 -1
1473 29 68 32 68 1645 1817 1650 1822
851 0 -1
1474 28 15 29 22 1646 1818 1657 1829
852 0 -1
1475 74 98 75 98 1647 1819 1649 1821
853 0 -1
1478 67 33 68 36 1650 1822 1656 1828
854 0 -1
1479 46 36 47 36 1651 1823 1653 1825
855 0 -1
1481 51 38 53 38 1653 1825 1655 1827
856 0 -1
1483 91 9 81 9 1655 1827 1666 1838
857 0 -1
1486 16 32 20 32 1658 1830 1663 1835
858 0 -1
1487 29 89 32 89 1659 1831 1663 1835
859 0 -1
1493 98 52 98 52 1665 1837 1667 1839
860 0 -1
1495 0 14 0 14 1667 1839 1668 1840
861 0 -1
1496 6 2 6 2 1668 1840 1672 1844
862 0 -1
1497 10 71 10 75 1669 1841 1673 1845
863 0 -1
1499 68 42 68 44 1671 1843 1673 1845
864 0 -1
1500 81 44 83 44 1672 1844 1674 1846
865 0 -1
1501 45 1 47 3 1673 1845 1681 1853
866 0 -1
1502 3 75 4 75 1674 1846 1678 1850
867 0 -1
1504 31 95 43 95 1676 1848 1689 1861
868 0 -1
1505 94 21 96 23 1677 1849 1687 1859
869 0 -1
1506 29 69 30 70 1678 1850 1680 1852
870 0 -1
1507 47 75 47 77 1679 1851 1682 1854
871 0 -1
1508 54 10 59 10 1680 1852 1686 1858
872 0 -1
1509 92 74 92 74 1681 1853 1682 1854
873 0 -1
1511 37 7 38 7 1683 1855 1685 1857
874 0 -1
1513 38 22 42 22 1685 1857 1690 1862
875 0 -1
1515 57 28 58 28 1687 1859 1688 1860
876 0 -1
1516 29 91 29 91 1688 1860 1691 1863
877 0 -1
1517 96 89 96 90 1689 1861 1692 1864
878 0 -1
1518 70 51 70 54 1690 1862 1693 1865
879 0 -1
1519 22 15 23 15 1691 1863 1692 1864
880 0 -1
1521 23 26 24 28 1693 1865 1697 1869
881 0 -1
1522 27 97 29 97 1694 1866 1696 1868
882 0 -1
1523 2 54 4 54 1695 1867 1697 1869
883 0 -1
1527 82 85 83 85 1699 1871 1703 1875
884 0 -1
1528 35 88 36 88 1700 1872 1701 1873
885 0 -1
1533 16 10 16 10 1705 1877 1706 1878
886 0 -1
1534 85 77 93 77 1706 1878 1715 1887
887 0 -1
1535 33 20 35 21 1707 1879 1710 1882
888 0 -1
1536 25 90 25 92 1708 1880 1710 1882
889 0 -1
1538 52 11 56 11 1710 1882 1714 1886
890 0 -1
1540 66 50 67 50 1712 1884 1713 1885
891 0 -1
1543 12 71 15 71 1715 1887 1718 1890
892 0 -1
1544 76 83 76 85 1716 1888 1718 1890
893 0 -1
1545 55 4 57 4 1717 1889 1719 1891
894 0 -1
1547 3 10 7 10 1719 1891 1724 1896
895 0 -1
1550 91 44 93 44 1722 1894 1724 1896
896 0 -1
1551 98 47 99 48 1723 1895 1725 1897
897 0 -1
1552 41 16 45 17 1724 1896 1729 1901
898 0 -1
1554 4 0 5 2 1726 1898 1730 1902
899 0 -1
1555 70 23 71 23 1727 1899 1729 1901
900 0 -1
1556 21 57 21 57 1728 1900 1730 1902
901 0 -1
1559 68 82 71 85 1731 1903 1737 1909
902 0 -1
1560 24 74 27 75 1732 1904 1738 1910
903 0 -1
1562 89 26 91 26 1734 1906 1736 1908
904 0 -1
1563 25 88 29 92 1735 1907 1745 1917
905 0 -1
1564 4 64 5 65 1736 1908 1738 1910
906 0 -1
1566 82 39 83 40 1738 1910 1740 1912
907 0 -1
1567 70 0 72 2 1739 1911 1743 1915
908 0 -1
1573 21 69 29 69 1745 1917 1753 1925
909 0 -1
1575 10 18 11 18 1747 1919 1748 1920
910 0 -1
1576 65 36 66 36 1748 1920 1750 1922
911 0 -1
1577 48 65 48 67 1749 1921 1751 1923
912 0 -1
1579 28 43 29 43 1751 1923 1754 1926
913 0 -1
1580 83 59 83 59 1752 1924 1754 1926
914 0 -1
1582 27 90 28 90 1754 1926 1755 1927
915 0 -1
1584 92 75 93 75 1756 1928 1757 1929
916 0 -1
1587 32 52 34 53 1759 1931 1771 1943
917 0 -1
1588 69 45 73 45 1760 1932 1764 1936
918 0 -1
1589 53 52 54 52 1761 1933 1763 1935
919 0 -1
1590 5 67 6 68 1762 1934 1765 1937
920 0 -1
1591 15 4 18 6 1763 1935 1768 1940
921 0 -1
1593 43 52 46 52 1765 1937 1769 1941
922 0 -1
1594 70 54 70 55 1766 1938 1768 1940
923 0 -1
1596 85 54 86 54 1768 1940 1770 1942
924 0 -1
1598 73 27 73 27 1770 1942 1771 1943
925 0 -1
1599 86 3 88 5 1771 1943 1775 1947
926 0 -1
1600 87 78 87 79 1772 1944 1773 1945
927 0 -1
1603 96 98 97 98 1775 1947 1776 1948
928 0 -1
1606 31 6 31 8 1778 1950 1780 1952
929 0 -1
1608 1 52 2 52 1780 1952 1781 1953
930 0 -1
1609 0 28 0 30 1781 1953 1783 1955
931 0 -1
1610 88 12 89 12 1782 1954 1783 1955
932 0 -1
1611 72 17 73 18 1783 1955 1785 1957
933 0 -1
1613 84 36 85 36 1785 1957 1787 1959
934 0 -1
1615 80 77 80 77 1787 1959 1788 1960
935 0 -1
1618 23 17 26 17 1790 1962 1793 1965
936 0 -1
1620 7 17 12 17 1792 1964 1797 1969
937 0 -1
1621 87 38 94 38 1793 1965 1800 1972
938 0 -1
1623 44 84 46 86 1795 1967 1800 1972
939 0 -1
1624 74 2 74 2 1796 1968 1797 1969
940 0 -1
1625 25 52 26 53 1797 1969 1800 1972
941 0 -1
1626 98 32 96 32 1798 1970 1800 1972
942 0 -1
1627 89 7 96 9 1799 1971 1812 1984
943 0 -1
1629 43 24 44 24 1801 1973 1802 1974
944 0 -1
1631 70 26 70 27 1803 1975 1805 1977
945 0 -1
1633 94 92 99 95 1805 1977 1815 1987
946 0 -1
1634 0 63 1 63 1806 1978 1808 1980
947 0 -1
1637 27 38 28 38 1809 1981 1810 1982
948 0 -1
1638 92 37 94 38 1810 1982 1813 1985
949 0 -1
1640 93 1 96 1 1812 1984 1822 1994
950 0 -1
1641 37 26 40 26 1813 1985 1816 1988
951 0 -1
1642 63 76 65 77 1814 1986 1818 1990
952 0 -1
1645 6 82 6 83 1817 1989 1818 1990
953 0 -1
1648 57 48 58 48 1820 1992 1822 1994
954 0 -1
1649 13 90 13 91 1821 1993 1823 1995
955 0 -1
1650 21 1 22 1 1822 1994 1823 1995
956 0 -1
1656 51 64 52 64 1828 2000 1832 2004
957 0 -1
1657 15 11 18 11 1829 2001 1832 2004
958 0 -1
1659 28 64 28 67 1831 2003 1835 2007
959 0 -1
1660 69 29 73 29 1832 2004 1836 2008
960 0 -1
1661 78 77 82 79 1833 2005 1840 2012
961 0 -1
1662 21 86 28 86 1834 2006 1841 2013
962 0 -1
1663 86 14 88 18 1835 2007 1842 2014
963 0 -1
1664 71 32 71 33 1836 2008 1838 2010
964 0 -1
1665 61 32 61 32 1837 2009 1838 2010
965 0 -1
1668 24 86 24 87 1840 2012 1843 2015
966 0 -1
1671 78 53 84 55 1843 2015 1851 2023
967 0 -1
1672 74 35 74 36 1844 2016 1845 2017
968 0 -1
1673 89 92 92 92 1845 2017 1850 2022
969 0 -1
1675 84 60 84 61 1847 2019 1848 2020
970 0 -1
1676 62 99 63 97 1848 2020 1851 2023
971 0 -1
1678 17 94 20 94 1850 2022 1853 2025
972 0 -1
1679 35 30 40 30 1851 2023 1858 2030
973 0 -1
1680 90 52 93 53 1852 2024 1856 2028
974 0 -1
1683 67 24 69 26 1855 2027 1862 2034
975 0 -1
1685 56 24 58 24 1857 2029 1860 2032
976 0 -1
1686 20 29 30 29 1858 2030 1868 2040
977 0 -1
1687 2 41 3 43 1859 2031 1863 2035
978 0 -1
1688 43 30 44 35 1860 2032 1866 2038
979 0 -1
1690 97 65 97 68 1862 2034 1866 2038
980 0 -1
1691 49 50 50 51 1863 2035 1865 2037
981 0 -1
1692 92 77 92 77 1864 2036 1867 2039
982 0 -1
1694 11 56 12 56 1866 2038 1867 2039
983 0 -1
1695 51 59 52 60 1867 2039 1871 2043
984 0 -1
1696 88 58 90 59 1868 2040 1871 2043
985 0 -1
1697 66 86 68 86 1869 2041 1871 2043
986 0 -1
1698 67 19 68 20 1870 2042 1872 2044
987 0 -1
1700 93 12 93 12 1872 2044 1874 2046
988 0 -1
1702 91 81 99 82 1874 2046 1888 2060
989 0 -1
1703 36 52 37 52 1875 2047 1876 2048
990 0 -1
1704 22 39 24 39 1876 2048 1879 2051
991 0 -1
1709 63 90 65 91 1881 2053 1884 2056
992 0 -1
1712 39 29 39 30 1884 2056 1887 2059
993 0 -1
1714 66 8 66 8 1886 2058 1887 2059
994 0 -1
1717 35 76 37 76 1889 2061 1893 2065
995 0 -1
1718 88 36 90 36 1890 2062 1892 2064
996 0 -1
1720 99 5 93 5 1892 2064 1898 2070
997 0 -1
1722 9 33 9 33 1894 2066 1895 2067
998 0 -1
1723 3 95 3 97 1895 2067 1897 2069
999 0 -1
1725 73 47 73 47 1897 2069 1899 2071
1000 0 -1
1726 25 72 26 73 1898 2070 1901 2073
