100 100 2073
16
0 66 25
1 65 13
2 26 80
3 54 75
4 82 65
5 12 56
6 93 92
7 25 35
8 3 77
9 23 94
10 42 33
11 86 73
12 20 86
13 90 24
14 57 63
15 2 21
48
0 0 0 100 6
0
1 0 0 100 6
0
2 0 0 100 6
0
3 1 0 100 6
0
4 1 0 100 6
0
5 1 0 100 6
0
6 2 0 100 6
0
7 2 0 100 6
0
8 2 0 100 6
0
9 3 0 100 6
0
10 3 0 100 6
0
11 3 0 100 6
0
12 4 0 100 6
0
13 4 0 100 6
0
14 4 0 100 6
0
15 5 0 100 6
0
16 5 0 100 6
0
17 5 0 100 6
0
18 6 0 100 6
0
19 6 0 100 6
0
20 6 0 100 6
0
21 7 0 100 6
0
22 7 0 100 6
0
23 7 0 100 6
0
24 8 0 100 6
0
25 8 0 100 6
0
26 8 0 100 6
0
27 9 0 100 6
0
28 9 0 100 6
0
29 9 0 100 6
0
30 10 0 100 6
0
31 10 0 100 6
0
32 10 0 100 6
0
33 11 0 100 6
0
34 11 0 100 6
0
35 11 0 100 6
0
36 12 0 100 6
0
37 12 0 100 6
0
38 12 0 100 6
0
39 13 0 100 6
0
40 13 0 100 6
0
41 13 0 100 6
0
42 14 0 100 6
0
43 14 0 100 6
0
44 14 0 100 6
0
45 15 0 100 6
0
46 15 0 100 6
0
47 15 0 100 6
0
1000
1 0 -1
2 1 9 4 9 174 346 177 349
2 5 -1
5 64 61 66 63 177 349 182 354
3 12 -1
7 51 49 55 49 179 351 183 355
4 15 -1
8 25 32 26 36 180 352 189 361
5 1 -1
9 85 67 87 71 181 353 187 359
6 6 -1
10 59 73 60 74 182 354 186 358
7 6 -1
11 13 27 14 31 183 355 189 361
8 10 -1
12 93 67 94 67 184 356 186 358
9 1 -1
13 58 10 59 10 185 357 187 359
10 12 -1
14 19 15 22 15 186 358 189 361
11 11 -1
15 65 69 70 69 187 359 193 365
12 12 -1
17 35 85 39 85 189 361 193 365
13 3 -1
18 52 40 53 42 190 362 196 368
14 14 -1
19 0 16 1 16 191 363 192 364
15 7 -1
20 1 22 1 24 192 364 194 366
16 9 -1
21 47 6 47 8 193 365 195 367
17 10 -1
22 65 79 67 80 194 366 198 370
18 0 -1
24 1 7 1 9 196 368 198 370
19 2 -1
29 81 33 82 33 201 373 207 379
20 2 -1
30 85 50 86 51 202 374 204 376
21 14 -1
31 37 4 39 4 203 375 205 377
22 6 -1
33 49 84 52 85 205 377 211 383
23 10 -1
35 87 91 87 92 207 379 208 380
24 4 -1
36 70 8 70 10 208 380 210 382
25 13 -1
39 29 36 29 37 211 383 212 384
26 15 -1
40 80 51 80 51 212 384 213 385
27 9 -1
41 46 47 47 48 213 385 215 387
28 8 -1
42 65 19 65 20 214 386 215 387
29 3 -1
43 28 73 29 73 215 387 216 388
30 9 -1
45 59 99 60 99 217 389 219 391
31 3 -1
49 75 5 77 5 221 393 224 396
32 8 -1
52 88 39 94 40 224 396 231 403
33 5 -1
53 77 46 78 50 225 397 230 402
34 3 -1
54 69 55 70 55 226 398 227 399
35 4 -1
56 26 88 36 92 228 400 245 417
36 15 -1
57 54 18 54 18 229 401 231 403
37 5 -1
59 39 51 39 51 231 403 232 404
38 12 -1
61 41 66 43 66 233 405 235 407
39 6 -1
62 80 59 88 59 234 406 242 414
40 3 -1
64 91 27 72 27 236 408 255 427
41 4 -1
69 44 90 45 91 241 413 243 415
42 2 -1
71 68 24 73 24 243 415 251 423
43 1 -1
73 92 73 97 73 245 417 250 422
44 15 -1
76 76 95 79 95 248 420 251 423
45 9 -1
78 33 61 35 61 250 422 252 424
46 5 -1
80 12 79 14 80 252 424 255 427
47 1 -1
81 21 22 22 23 253 425 255 427
48 13 -1
82 21 1 25 1 254 426 260 432
49 11 -1
83 44 20 44 24 255 427 260 432
50 1 -1
84 73 50 74 50 256 428 257 429
51 11 -1
86 25 31 34 32 258 430 268 440
52 3 -1
87 81 74 81 75 259 431 260 432
53 8 -1
90 64 72 64 72 262 434 263 435
54 5 -1
91 34 11 34 12 263 435 267 439
55 9 -1
92 31 83 31 84 264 436 265 437
56 7 -1
93 77 36 77 38 265 437 268 440
57 10 -1
94 48 4 50 7 266 438 272 444
58 10 -1
96 71 34 72 34 268 440 270 442
59 3 -1
103 48 18 49 19 275 447 278 450
60 7 -1
105 5 83 7 83 277 449 279 451
61 8 -1
106 97 74 91 75 278 450 288 460
62 2 -1
107 69 88 70 90 279 451 282 454
63 9 -1
108 15 65 17 65 280 452 288 460
64 1 -1
110 34 26 40 26 282 454 290 462
65 9 -1
111 90 32 91 32 283 455 284 456
66 0 -1
114 12 12 17 13 286 458 292 464
67 10 -1
115 81 73 85 73 287 459 292 464
68 7 -1
116 74 59 75 63 288 460 300 472
69 3 -1
119 72 36 73 37 291 463 294 466
70 1 -1
120 10 70 11 70 292 464 293 465
71 14 -1
122 58 27 62 27 294 466 298 470
72 13 -1
123 19 23 21 23 295 467 298 470
73 9 -1
124 79 97 79 93 296 468 300 472
74 10 -1
127 6 97 7 97 299 471 300 472
75 14 -1
128 6 88 16 94 300 472 319 491
76 8 -1
130 58 74 59 74 302 474 303 475
77 7 -1
132 82 77 97 77 304 476 319 491
78 2 -1
134 77 74 78 74 306 478 307 479
79 15 -1
135 80 23 85 24 307 479 318 490
80 2 -1
136 5 7 7 7 308 480 310 482
81 8 -1
139 99 74 98 74 311 483 312 484
82 6 -1
140 74 22 75 22 312 484 316 488
83 5 -1
141 82 16 85 17 313 485 318 490
84 0 -1
144 15 2 16 2 316 488 321 493
85 9 -1
145 78 62 79 63 317 489 319 491
86 0 -1
146 41 11 41 11 318 490 319 491
87 13 -1
147 60 97 60 98 319 491 320 492
88 0 -1
148 27 9 27 9 320 492 321 493
89 3 -1
149 49 25 51 25 321 493 323 495
90 12 -1
150 91 11 92 12 322 494 328 500
91 12 -1
153 29 85 29 86 325 497 326 498
92 4 -1
154 34 5 35 6 326 498 330 502
93 1 -1
155 4 0 5 0 327 499 328 500
94 13 -1
156 18 84 18 85 328 500 333 505
95 10 -1
157 67 32 71 32 329 501 334 506
96 9 -1
160 72 78 77 78 332 504 338 510
97 0 -1
162 91 21 91 21 334 506 335 507
98 7 -1
163 26 8 26 9 335 507 336 508
99 8 -1
166 16 86 17 86 338 510 340 512
100 7 -1
167 60 28 62 31 339 511 344 516
101 1 -1
168 76 68 78 68 340 512 342 514
102 0 -1
169 91 40 96 40 341 513 346 518
103 5 -1
170 29 21 34 21 342 514 347 519
104 2 -1
172 80 68 81 68 344 516 349 521
105 3 -1
173 93 3 93 4 345 517 350 522
106 7 -1
174 54 70 55 71 346 518 348 520
107 2 -1
179 65 17 66 17 351 523 352 524
108 9 -1
183 67 87 71 87 355 527 360 532
109 2 -1
184 57 86 59 86 356 528 358 530
110 2 -1
185 5 61 5 61 357 529 359 531
111 13 -1
186 2 37 6 39 358 530 367 539
112 4 -1
187 13 98 14 95 359 531 365 537
113 1 -1
189 46 56 48 57 361 533 366 538
114 13 -1
190 71 30 76 30 362 534 367 539
115 13 -1
193 81 73 81 73 365 537 366 538
116 1 -1
196 89 71 89 71 368 540 370 542
117 12 -1
197 94 85 94 86 369 541 370 542
118 2 -1
198 30 67 32 79 370 542 388 560
119 5 -1
199 32 13 32 13 371 543 372 544
120 9 -1
200 43 82 43 83 372 544 374 546
121 5 -1
201 69 60 69 61 373 545 374 546
122 11 -1
204 36 29 36 29 376 548 377 549
123 4 -1
208 11 60 12 60 380 552 381 553
124 2 -1
209 97 89 98 89 381 553 382 554
125 6 -1
211 19 44 22 44 383 555 386 558
126 12 -1
212 40 98 40 98 384 556 386 558
127 13 -1
213 53 12 54 18 385 557 393 565
128 13 -1
214 91 77 95 78 386 558 391 563
129 4 -1
218 97 44 90 44 390 562 397 569
130 3 -1
219 92 86 93 86 391 563 393 565
131 2 -1
224 33 49 34 49 396 568 399 571
132 1 -1
225 44 16 46 16 397 569 399 571
133 4 -1
229 31 1 37 1 401 573 407 579
134 1 -1
230 52 64 52 64 402 574 403 575
135 3 -1
231 0 77 3 77 403 575 406 578
136 11 -1
236 8 92 9 93 408 580 410 582
137 9 -1
237 28 93 30 93 409 581 411 583
138 0 -1
240 47 76 49 85 412 584 423 595
139 4 -1
242 35 6 35 8 414 586 416 588
140 4 -1
244 73 17 73 22 416 588 421 593
141 4 -1
245 0 86 2 88 417 589 423 595
142 0 -1
246 99 16 98 18 418 590 421 593
143 13 -1
247 65 13 67 14 419 591 422 594
144 11 -1
248 20 87 22 87 420 592 423 595
145 11 -1
250 58 20 58 21 422 594 424 596
146 7 -1
251 0 64 0 66 423 595 426 598
147 10 -1
253 4 44 5 44 425 597 426 598
148 8 -1
255 83 99 83 97 427 599 429 601
149 6 -1
256 93 57 93 60 428 600 432 604
150 11 -1
257 87 56 89 58 429 601 433 605
151 3 -1
258 16 70 16 70 430 602 431 603
152 4 -1
260 70 3 72 3 432 604 434 606
153 6 -1
261 14 17 21 20 433 605 445 617
154 10 -1
266 96 18 92 18 438 610 442 614
155 11 -1
267 65 45 66 46 439 611 442 614
156 1 -1
268 67 53 68 54 440 612 442 614
157 6 -1
269 96 26 97 26 441 613 442 614
158 10 -1
271 23 92 29 92 443 615 449 621
159 13 -1
272 85 96 86 96 444 616 445 617
160 7 -1
274 67 64 68 64 446 618 459 631
161 1 -1
277 57 26 57 27 449 621 451 623
162 3 -1
278 3 31 6 32 450 622 456 628
163 1 -1
279 79 71 79 73 451 623 455 627
164 4 -1
280 98 94 98 95 452 624 455 627
165 1 -1
283 71 41 71 41 455 627 456 628
166 5 -1
285 13 34 15 34 457 629 460 632
167 11 -1
286 78 74 78 75 458 630 461 633
168 14 -1
289 45 84 47 85 461 633 464 636
169 13 -1
293 30 61 31 64 465 637 469 641
170 0 -1
294 88 14 88 14 466 638 467 639
171 3 -1
295 39 40 40 41 467 639 469 641
172 7 -1
296 56 53 56 54 468 640 472 644
173 15 -1
303 3 60 6 64 475 647 484 656
174 1 -1
305 70 8 73 9 477 649 482 654
175 8 -1
306 99 6 98 6 478 650 479 651
176 9 -1
307 43 52 43 52 479 651 481 653
177 1 -1
310 2 2 6 2 482 654 486 658
178 4 -1
311 44 37 46 39 483 655 487 659
179 4 -1
312 4 77 5 79 484 656 493 665
180 10 -1
313 67 98 67 98 485 657 486 658
181 13 -1
315 16 77 17 78 487 659 489 661
182 7 -1
320 31 17 39 20 492 664 508 680
183 8 -1
321 20 52 23 52 493 665 496 668
184 6 -1
323 15 41 18 49 495 667 508 680
185 6 -1
325 49 84 51 90 497 669 505 677
186 7 -1
326 17 43 17 44 498 670 499 671
187 9 -1
327 91 96 91 96 499 671 502 674
188 4 -1
328 67 6 69 7 500 672 505 677
189 2 -1
329 31 26 34 26 501 673 504 676
190 6 -1
330 44 45 49 45 502 674 507 679
191 14 -1
337 39 64 48 64 509 681 522 694
192 10 -1
340 52 53 53 54 512 684 515 687
193 12 -1
342 92 6 92 6 514 686 515 687
194 10 -1
343 68 8 70 8 515 687 518 690
195 15 -1
345 0 56 11 57 517 689 529 701
196 13 -1
349 90 76 90 76 521 693 522 694
197 0 -1
351 37 13 37 14 523 695 524 696
198 9 -1
354 74 74 77 77 526 698 532 704
199 12 -1
356 40 67 40 68 528 700 529 701
200 9 -1
357 71 72 75 72 529 701 533 705
201 13 -1
358 12 21 17 21 530 702 537 709
202 12 -1
359 56 54 58 55 531 703 534 706
203 11 -1
360 74 25 74 25 532 704 534 706
204 15 -1
361 76 62 80 64 533 705 539 711
205 2 -1
363 58 55 58 55 535 707 536 708
206 9 -1
364 7 91 7 92 536 708 537 709
207 11 -1
365 7 41 7 42 537 709 539 711
208 4 -1
367 64 79 70 79 539 711 545 717
209 15 -1
371 7 36 8 36 543 715 544 716
210 3 -1
372 73 39 78 41 544 716 552 724
211 13 -1
373 7 37 9 38 545 717 548 720
212 12 -1
374 24 24 25 24 546 718 547 719
213 2 -1
375 11 99 11 99 547 719 548 720
214 6 -1
377 42 53 43 53 549 721 550 722
215 12 -1
379 37 13 37 14 551 723 552 724
216 13 -1
380 41 71 41 72 552 724 553 725
217 4 -1
381 71 91 76 91 553 725 558 730
218 9 -1
382 26 30 28 30 554 726 556 728
219 9 -1
383 47 80 48 80 555 727 556 728
220 8 -1
388 51 62 51 62 560 732 561 733
221 11 -1
391 86 68 88 68 563 735 565 737
222 15 -1
392 35 50 37 50 564 736 566 738
223 1 -1
394 24 48 26 48 566 738 569 741
224 9 -1
396 20 13 24 13 568 740 573 745
225 6 -1
397 37 64 38 64 569 741 570 742
226 12 -1
400 87 44 87 45 572 744 574 746
227 0 -1
401 41 3 42 3 573 745 575 747
228 0 -1
403 42 25 42 25 575 747 580 752
229 4 -1
404 76 99 77 100 576 748 578 750
230 13 -1
407 76 37 76 37 579 751 580 752
231 2 -1
408 28 39 30 40 580 752 583 755
232 12 -1
411 91 93 93 93 583 755 585 757
233 12 -1
412 38 98 39 98 584 756 585 757
234 10 -1
414 13 70 13 71 586 758 587 759
235 3 -1
418 71 96 72 96 590 762 591 763
236 9 -1
420 37 83 38 83 592 764 593 765
237 2 -1
421 10 24 10 24 593 765 595 767
238 3 -1
423 80 70 80 70 595 767 596 768
239 15 -1
426 51 66 51 68 598 770 603 775
240 9 -1
428 23 17 25 17 600 772 602 774
241 5 -1
433 65 25 66 26 605 777 607 779
242 9 -1
437 97 42 97 43 609 781 610 782
243 14 -1
439 39 52 41 52 611 783 613 785
244 12 -1
441 22 28 26 32 613 785 621 793
245 2 -1
446 66 88 66 92 618 790 622 794
246 15 -1
448 31 53 32 54 620 792 623 795
247 7 -1
450 15 30 19 32 622 794 630 802
248 11 -1
452 34 13 36 14 624 796 627 799
249 3 -1
455 37 54 40 54 627 799 630 802
250 5 -1
460 70 60 73 63 632 804 638 810
251 2 -1
461 4 12 5 13 633 805 635 807
252 15 -1
462 77 30 77 33 634 806 637 809
253 2 -1
464 46 12 48 12 636 808 638 810
254 8 -1
469 17 89 19 89 641 813 643 815
255 12 -1
471 61 81 64 81 643 815 654 826
256 2 -1
475 37 49 39 49 647 819 649 821
257 3 -1
478 64 9 66 11 650 822 654 826
258 2 -1
479 53 58 54 58 651 823 653 825
259 15 -1
480 56 99 62 97 652 824 660 832
260 15 -1
481 25 99 26 99 653 825 659 831
261 6 -1
482 95 2 95 3 654 826 655 827
262 7 -1
484 82 26 85 26 656 828 660 832
263 0 -1
486 74 12 76 12 658 830 661 833
264 1 -1
488 21 91 24 91 660 832 663 835
265 14 -1
489 85 72 98 72 661 833 674 846
266 11 -1
491 72 66 74 66 663 835 665 837
267 10 -1
493 71 85 71 85 665 837 666 838
268 10 -1
496 45 22 45 23 668 840 669 841
269 14 -1
501 57 36 59 36 673 845 675 847
270 0 -1
502 64 40 68 40 674 846 678 850
271 2 -1
505 79 64 80 65 677 849 679 851
272 7 -1
506 20 42 20 42 678 850 683 855
273 5 -1
507 46 1 47 1 679 851 680 852
274 4 -1
509 62 47 63 47 681 853 682 854
275 8 -1
511 60 85 62 85 683 855 685 857
276 9 -1
512 27 74 28 74 684 856 685 857
277 12 -1
515 35 15 35 17 687 859 690 862
278 1 -1
516 54 73 66 73 688 860 701 873
279 11 -1
517 38 76 38 76 689 861 693 865
280 6 -1
518 5 73 6 73 690 862 692 864
281 4 -1
520 3 11 3 11 692 864 693 865
282 8 -1
522 78 44 82 45 694 866 703 875
283 3 -1
523 30 54 30 55 695 867 696 868
284 1 -1
525 56 60 56 60 697 869 699 871
285 9 -1
526 94 40 94 41 698 870 700 872
286 2 -1
528 17 99 22 99 700 872 705 877
287 7 -1
530 42 47 43 50 702 874 706 878
288 14 -1
533 7 81 8 82 705 877 707 879
289 1 -1
535 67 92 70 92 707 879 710 882
290 7 -1
536 90 46 90 48 708 880 710 882
291 14 -1
537 25 94 25 94 709 881 710 882
292 13 -1
538 15 66 18 66 710 882 713 885
293 10 -1
540 82 20 83 22 712 884 716 888
294 3 -1
541 68 89 68 92 713 885 716 888
295 10 -1
542 42 58 47 59 714 886 722 894
296 5 -1
543 43 76 43 76 715 887 717 889
297 7 -1
546 25 52 25 54 718 890 720 892
298 3 -1
547 55 39 55 41 719 891 721 893
299 10 -1
550 13 18 14 18 722 894 723 895
300 3 -1
552 23 52 25 52 724 896 727 899
301 1 -1
553 19 57 21 57 725 897 727 899
302 0 -1
555 15 38 15 41 727 899 732 904
303 7 -1
556 34 35 36 35 728 900 730 902
304 0 -1
558 46 57 47 57 730 902 731 903
305 7 -1
559 75 55 75 59 731 903 736 908
306 0 -1
560 96 22 96 24 732 904 734 906
307 12 -1
562 54 9 55 9 734 906 735 907
308 11 -1
565 20 55 22 57 737 909 741 913
309 15 -1
566 61 91 64 91 738 910 742 914
310 15 -1
567 40 72 40 73 739 911 740 912
311 2 -1
570 2 84 4 84 742 914 746 918
312 4 -1
572 29 46 32 46 744 916 747 919
313 9 -1
573 89 28 91 28 745 917 748 920
314 3 -1
575 32 67 33 67 747 919 749 921
315 14 -1
577 24 47 24 48 749 921 750 922
316 14 -1
578 32 49 32 51 750 922 752 924
317 2 -1
579 79 58 82 59 751 923 756 928
318 10 -1
580 84 82 85 82 752 924 753 925
319 6 -1
585 60 81 63 81 757 929 760 932
320 6 -1
588 49 32 54 32 760 932 765 937
321 7 -1
589 40 45 46 52 761 933 776 948
322 10 -1
592 31 74 31 75 764 936 765 937
323 11 -1
594 16 80 16 81 766 938 768 940
324 4 -1
595 64 50 67 50 767 939 782 954
325 9 -1
596 31 49 33 50 768 940 772 944
326 8 -1
597 25 87 26 94 769 941 777 949
327 7 -1
599 99 59 92 60 771 943 779 951
328 13 -1
600 2 62 2 63 772 944 775 947
329 0 -1
601 55 40 55 41 773 945 775 947
330 9 -1
603 67 34 67 36 775 947 777 949
331 8 -1
608 81 53 81 55 780 952 783 955
332 13 -1
609 82 74 82 75 781 953 782 954
333 6 -1
610 51 50 52 51 782 954 787 959
334 9 -1
611 72 18 75 18 783 955 787 959
335 7 -1
613 12 48 16 51 785 957 793 965
336 8 -1
614 12 53 17 54 786 958 792 964
337 1 -1
615 44 0 44 1 787 959 788 960
338 14 -1
616 61 47 63 47 788 960 790 962
339 2 -1
619 81 37 85 37 791 963 796 968
340 11 -1
620 67 12 69 12 792 964 794 966
341 10 -1
621 73 97 73 99 793 965 798 970
342 8 -1
622 97 60 98 62 794 966 797 969
343 9 -1
623 40 61 41 62 795 967 797 969
344 1 -1
624 93 18 94 18 796 968 797 969
345 7 -1
625 63 50 63 50 797 969 799 971
346 2 -1
628 5 7 5 8 800 972 801 973
347 7 -1
629 86 84 91 84 801 973 806 978
348 12 -1
630 42 3 43 3 802 974 803 975
349 0 -1
634 51 62 52 62 806 978 807 979
350 13 -1
635 89 50 90 51 807 979 809 981
351 13 -1
636 14 37 16 37 808 980 810 982
352 12 -1
637 19 62 21 62 809 981 811 983
353 6 -1
639 28 90 29 90 811 983 812 984
354 14 -1
640 47 11 49 11 812 984 814 986
355 14 -1
641 31 89 31 89 813 985 815 987
356 2 -1
643 21 50 21 51 815 987 821 993
357 13 -1
645 24 89 25 89 817 989 819 991
358 11 -1
646 55 53 57 53 818 990 820 992
359 3 -1
648 83 3 84 3 820 992 821 993
360 13 -1
649 2 6 3 10 821 993 831 1003
361 5 -1
650 33 62 34 62 822 994 823 995
362 9 -1
651 92 80 95 80 823 995 827 999
363 4 -1
652 3 8 6 8 824 996 839 1011
364 14 -1
653 15 72 15 73 825 997 826 998
365 2 -1
656 35 56 35 56 828 1000 829 1001
366 4 -1
662 35 93 37 93 834 1006 836 1008
367 6 -1
663 59 96 62 96 835 1007 843 1015
368 3 -1
664 42 10 42 12 836 1008 838 1010
369 3 -1
665 95 39 96 39 837 1009 838 1010
370 4 -1
666 65 87 65 87 838 1010 840 1012
371 2 -1
667 49 41 50 42 839 1011 842 1014
372 7 -1
669 56 51 56 51 841 1013 842 1014
373 3 -1
672 78 96 78 100 844 1016 848 1020
374 8 -1
673 11 38 11 39 845 1017 847 1019
375 4 -1
674 26 17 29 18 846 1018 850 1022
376 10 -1
675 45 27 47 28 847 1019 852 1024
377 15 -1
678 8 27 8 27 850 1022 851 1023
378 3 -1
679 16 71 18 71 851 1023 854 1026
379 6 -1
680 66 30 67 30 852 1024 858 1030
380 10 -1
681 87 92 88 93 853 1025 855 1027
381 1 -1
682 59 35 59 37 854 1026 856 1028
382 15 -1
684 74 2 75 3 856 1028 858 1030
383 10 -1
685 49 93 49 94 857 1029 862 1034
384 4 -1
687 76 93 76 95 859 1031 864 1036
385 3 -1
688 48 71 48 71 860 1032 862 1034
386 10 -1
689 98 57 96 57 861 1033 863 1035
387 14 -1
690 35 48 36 48 862 1034 864 1036
388 8 -1
691 41 54 42 55 863 1035 865 1037
389 12 -1
692 55 24 56 25 864 1036 866 1038
390 1 -1
694 52 0 52 2 866 1038 869 1041
391 8 -1
696 6 0 7 1 868 1040 870 1042
392 5 -1
698 64 20 67 21 870 1042 875 1047
393 10 -1
700 64 22 64 23 872 1044 873 1045
394 10 -1
701 32 33 33 33 873 1045 874 1046
395 4 -1
702 11 3 13 4 874 1046 881 1053
396 8 -1
703 90 55 91 55 875 1047 877 1049
397 14 -1
704 82 71 82 73 876 1048 878 1050
398 9 -1
705 66 24 68 26 877 1049 881 1053
399 13 -1
706 35 53 35 55 878 1050 880 1052
400 7 -1
707 87 39 87 42 879 1051 883 1055
401 1 -1
708 22 39 27 40 880 1052 887 1059
402 14 -1
710 88 14 91 14 882 1054 885 1057
403 14 -1
712 79 72 79 72 884 1056 885 1057
404 0 -1
714 21 6 21 7 886 1058 887 1059
405 11 -1
716 61 47 62 47 888 1060 889 1061
406 15 -1
718 87 47 95 47 890 1062 898 1070
407 2 -1
719 83 91 83 91 891 1063 892 1064
408 4 -1
720 4 2 6 2 892 1064 894 1066
409 2 -1
722 20 13 22 13 894 1066 896 1068
410 5 -1
724 17 34 19 34 896 1068 898 1070
411 4 -1
725 12 31 17 35 897 1069 908 1080
412 13 -1
726 45 4 49 4 898 1070 902 1074
413 13 -1
727 30 17 33 17 899 1071 902 1074
414 3 -1
728 48 96 53 96 900 1072 905 1077
415 14 -1
729 74 38 74 38 901 1073 902 1074
416 8 -1
731 97 89 98 89 903 1075 904 1076
417 15 -1
733 57 37 57 38 905 1077 907 1079
418 2 -1
734 48 13 48 14 906 1078 908 1080
419 15 -1
735 39 88 41 88 907 1079 910 1082
420 1 -1
736 56 35 58 35 908 1080 910 1082
421 9 -1
737 39 92 41 93 909 1081 912 1084
422 13 -1
742 81 57 86 57 914 1086 919 1091
423 9 -1
744 89 78 89 80 916 1088 918 1090
424 1 -1
745 76 6 77 7 917 1089 922 1094
425 13 -1
748 71 39 71 40 920 1092 922 1094
426 1 -1
750 1 29 1 30 922 1094 923 1095
427 15 -1
751 82 85 83 85 923 1095 924 1096
428 14 -1
752 57 80 60 80 924 1096 927 1099
429 12 -1
753 89 36 90 36 925 1097 926 1098
430 4 -1
754 84 23 86 25 926 1098 932 1104
431 2 -1
755 94 96 94 97 927 1099 929 1101
432 13 -1
757 52 62 53 62 929 1101 931 1103
433 5 -1
758 63 62 71 62 930 1102 938 1110
434 10 -1
759 2 93 4 93 931 1103 933 1105
435 7 -1
760 97 48 98 48 932 1104 933 1105
436 10 -1
766 67 10 69 10 938 1110 940 1112
437 0 -1
767 1 42 2 42 939 1111 941 1113
438 2 -1
768 65 88 68 88 940 1112 943 1115
439 11 -1
771 24 21 24 22 943 1115 944 1116
440 3 -1
772 19 52 20 52 944 1116 946 1118
441 14 -1
773 87 31 88 33 945 1117 948 1120
442 12 -1
775 33 78 33 80 947 1119 952 1124
443 13 -1
777 38 68 38 68 949 1121 951 1123
444 4 -1
778 59 93 59 93 950 1122 952 1124
445 4 -1
779 59 43 60 44 951 1123 954 1126
446 9 -1
781 27 20 28 20 953 1125 954 1126
447 1 -1
782 18 66 19 68 954 1126 958 1130
448 7 -1
784 0 87 0 87 956 1128 958 1130
449 4 -1
787 37 42 39 42 959 1131 961 1133
450 11 -1
788 58 87 59 87 960 1132 961 1133
451 13 -1
789 14 56 17 56 961 1133 965 1137
452 0 -1
790 70 29 71 30 962 1134 964 1136
453 3 -1
791 78 42 79 45 963 1135 968 1140
454 10 -1
793 21 48 24 48 965 1137 968 1140
455 10 -1
794 88 16 89 18 966 1138 970 1142
456 2 -1
795 80 41 82 41 967 1139 969 1141
457 6 -1
796 44 96 45 97 968 1140 972 1144
458 1 -1
797 43 85 44 85 969 1141 970 1142
459 13 -1
798 12 66 13 67 970 1142 973 1145
460 2 -1
799 41 51 43 51 971 1143 973 1145
461 15 -1
800 39 22 44 22 972 1144 977 1149
462 14 -1
802 97 81 99 83 974 1146 978 1150
463 14 -1
803 26 36 27 36 975 1147 977 1149
464 0 -1
805 88 53 92 53 977 1149 982 1154
465 6 -1
806 54 19 55 22 978 1150 987 1159
466 12 -1
807 8 56 9 57 979 1151 981 1153
467 15 -1
810 81 70 82 70 982 1154 983 1155
468 3 -1
813 40 7 41 7 985 1157 986 1158
469 4 -1
818 59 83 60 84 990 1162 992 1164
470 6 -1
820 5 27 6 29 992 1164 995 1167
471 4 -1
824 9 83 11 83 996 1168 998 1170
472 15 -1
825 18 56 18 59 997 1169 1000 1172
473 3 -1
827 82 79 83 79 999 1171 1000 1172
474 5 -1
828 43 20 48 24 1000 1172 1010 1182
475 13 -1
830 76 75 79 75 1002 1174 1005 1177
476 3 -1
831 75 17 75 18 1003 1175 1004 1176
477 3 -1
833 55 97 56 97 1005 1177 1007 1179
478 8 -1
834 56 55 57 55 1006 1178 1008 1180
479 9 -1
835 40 51 49 51 1007 1179 1017 1189
480 7 -1
839 12 72 12 74 1011 1183 1013 1185
481 0 -1
841 8 38 11 38 1013 1185 1017 1189
482 10 -1
842 39 4 41 4 1014 1186 1016 1188
483 10 -1
844 98 11 95 12 1016 1188 1021 1193
484 3 -1
845 64 2 66 2 1017 1189 1019 1191
485 5 -1
846 57 97 63 97 1018 1190 1024 1196
486 0 -1
847 71 24 71 25 1019 1191 1020 1192
487 6 -1
850 36 19 36 19 1022 1194 1025 1197
488 11 -1
851 27 90 29 92 1023 1195 1027 1199
489 2 -1
854 57 32 58 32 1026 1198 1027 1199
490 13 -1
856 23 27 24 27 1028 1200 1031 1203
491 1 -1
859 23 68 27 68 1031 1203 1036 1208
492 7 -1
860 50 61 51 61 1032 1204 1033 1205
493 4 -1
861 39 33 40 34 1033 1205 1035 1207
494 0 -1
864 28 17 28 17 1036 1208 1039 1211
495 15 -1
867 46 18 47 18 1039 1211 1040 1212
496 1 -1
868 34 47 35 47 1040 1212 1042 1214
497 13 -1
871 8 95 15 88 1043 1215 1059 1231
498 15 -1
873 17 78 19 78 1045 1217 1047 1219
499 10 -1
874 50 10 51 11 1046 1218 1051 1223
500 9 -1
875 45 43 46 43 1047 1219 1050 1222
501 3 -1
877 17 12 20 12 1049 1221 1052 1224
502 14 -1
878 64 63 65 64 1050 1222 1052 1224
503 4 -1
879 90 84 92 84 1051 1223 1053 1225
504 8 -1
880 24 36 26 36 1052 1224 1056 1228
505 12 -1
881 41 75 41 75 1053 1225 1059 1231
506 1 -1
882 40 89 40 89 1054 1226 1056 1228
507 9 -1
885 15 13 15 14 1057 1229 1058 1230
508 15 -1
887 17 7 17 10 1059 1231 1062 1234
509 15 -1
889 42 19 43 20 1061 1233 1064 1236
510 5 -1
891 34 67 34 67 1063 1235 1065 1237
511 5 -1
893 73 78 74 79 1065 1237 1067 1239
512 11 -1
894 94 60 96 60 1066 1238 1069 1241
513 4 -1
895 20 47 21 49 1067 1239 1070 1242
514 12 -1
896 82 67 84 67 1068 1240 1070 1242
515 10 -1
897 83 43 83 43 1069 1241 1070 1242
516 0 -1
898 81 4 83 4 1070 1242 1072 1244
517 9 -1
899 82 4 84 4 1071 1243 1073 1245
518 8 -1
900 33 68 37 70 1072 1244 1078 1250
519 12 -1
901 37 36 38 37 1073 1245 1075 1247
520 2 -1
902 71 69 71 69 1074 1246 1075 1247
521 4 -1
905 74 72 74 72 1077 1249 1078 1250
522 4 -1
910 19 25 19 26 1082 1254 1083 1255
523 2 -1
912 6 26 10 29 1084 1256 1094 1266
524 15 -1
914 9 54 15 55 1086 1258 1093 1265
525 11 -1
917 9 63 11 64 1089 1261 1093 1265
526 7 -1
919 32 75 32 76 1091 1263 1093 1265
527 4 -1
920 14 33 15 34 1092 1264 1095 1267
528 13 -1
921 36 45 37 45 1093 1265 1094 1266
529 1 -1
923 95 88 96 88 1095 1267 1096 1268
530 0 -1
925 73 64 73 66 1097 1269 1100 1272
531 7 -1
926 78 73 82 77 1098 1270 1107 1279
532 2 -1
927 97 7 98 7 1099 1271 1102 1274
533 9 -1
928 47 30 47 30 1100 1272 1101 1273
534 11 -1
929 7 93 7 93 1101 1273 1102 1274
535 11 -1
931 62 5 64 5 1103 1275 1105 1277
536 7 -1
933 42 29 49 29 1105 1277 1112 1284
537 1 -1
935 38 9 38 10 1107 1279 1109 1281
538 1 -1
936 19 40 20 40 1108 1280 1109 1281
539 12 -1
937 33 78 36 78 1109 1281 1113 1285
540 0 -1
938 91 54 91 57 1110 1282 1114 1286
541 0 -1
940 10 71 11 71 1112 1284 1114 1286
542 5 -1
942 64 89 64 89 1114 1286 1115 1287
543 13 -1
943 0 42 2 42 1115 1287 1122 1294
544 7 -1
944 77 61 78 61 1116 1288 1117 1289
545 13 -1
945 50 17 50 19 1117 1289 1120 1292
546 6 -1
947 45 0 48 7 1119 1291 1132 1304
547 9 -1
948 83 67 84 69 1120 1292 1123 1295
548 5 -1
950 57 66 59 66 1122 1294 1124 1296
549 0 -1
951 74 58 76 58 1123 1295 1125 1297
550 14 -1
954 79 90 80 90 1126 1298 1128 1300
551 9 -1
955 69 38 69 39 1127 1299 1128 1300
552 4 -1
957 45 34 48 34 1129 1301 1132 1304
553 5 -1
958 45 62 46 62 1130 1302 1131 1303
554 7 -1
963 61 17 62 17 1135 1307 1138 1310
555 4 -1
964 19 50 20 50 1136 1308 1138 1310
556 11 -1
966 78 34 78 35 1138 1310 1140 1312
557 13 -1
969 38 24 40 24 1141 1313 1143 1315
558 5 -1
972 10 4 13 6 1144 1316 1150 1322
559 7 -1
973 49 72 49 72 1145 1317 1149 1321
560 10 -1
974 96 33 86 33 1146 1318 1156 1328
561 7 -1
976 11 79 16 79 1148 1320 1153 1325
562 13 -1
979 98 34 96 35 1151 1323 1155 1327
563 2 -1
981 76 67 76 67 1153 1325 1154 1326
564 11 -1
983 51 26 52 28 1155 1327 1158 1330
565 2 -1
984 87 93 89 94 1156 1328 1162 1334
566 0 -1
987 13 52 16 53 1159 1331 1163 1335
567 6 -1
989 15 1 18 1 1161 1333 1164 1336
568 1 -1
990 89 95 93 95 1162 1334 1166 1338
569 14 -1
992 35 88 37 90 1164 1336 1168 1340
570 5 -1
993 91 63 91 65 1165 1337 1167 1339
571 9 -1
994 11 46 12 47 1166 1338 1170 1342
572 7 -1
996 45 28 46 28 1168 1340 1170 1342
573 13 -1
997 92 16 92 16 1169 1341 1171 1343
574 9 -1
998 15 12 15 12 1170 1342 1171 1343
575 6 -1
999 48 4 50 4 1171 1343 1173 1345
576 7 -1
1001 13 29 29 38 1173 1345 1222 1394
577 5 -1
1004 67 93 68 94 1176 1348 1178 1350
578 7 -1
1008 59 35 59 35 1180 1352 1181 1353
579 15 -1
1010 30 6 30 6 1182 1354 1184 1356
580 4 -1
1012 76 65 76 66 1184 1356 1185 1357
581 0 -1
1015 4 74 5 74 1187 1359 1188 1360
582 13 -1
1016 58 67 58 68 1188 1360 1189 1361
583 12 -1
1017 90 56 90 57 1189 1361 1192 1364
584 9 -1
1018 3 24 15 25 1190 1362 1204 1376
585 8 -1
1019 26 87 33 90 1191 1363 1201 1373
586 10 -1
1020 10 20 11 22 1192 1364 1195 1367
587 15 -1
1021 45 64 45 65 1193 1365 1194 1366
588 9 -1
1022 47 22 55 28 1194 1366 1208 1380
589 15 -1
1025 24 77 29 77 1197 1369 1202 1374
590 15 -1
1027 95 96 95 96 1199 1371 1200 1372
591 4 -1
1028 64 80 64 81 1200 1372 1201 1373
592 7 -1
1031 38 99 43 99 1203 1375 1212 1384
593 8 -1
1032 54 69 57 70 1204 1376 1211 1383
594 4 -1
1033 57 76 58 77 1205 1377 1209 1381
595 6 -1
1035 72 86 74 86 1207 1379 1209 1381
596 1 -1
1036 17 85 19 85 1208 1380 1210 1382
597 3 -1
1037 47 37 48 37 1209 1381 1210 1382
598 10 -1
1039 22 55 22 56 1211 1383 1212 1384
599 1 -1
1040 31 59 32 59 1212 1384 1213 1385
600 5 -1
1042 0 12 7 13 1214 1386 1225 1397
601 8 -1
1044 40 38 40 38 1216 1388 1217 1389
602 15 -1
1045 70 4 71 4 1217 1389 1220 1392
603 1 -1
1051 75 60 75 60 1223 1395 1224 1396
604 4 -1
1053 12 21 12 22 1225 1397 1226 1398
605 8 -1
1056 56 33 56 34 1228 1400 1230 1402
606 9 -1
1057 17 11 17 11 1229 1401 1231 1403
607 3 -1
1059 27 86 29 87 1231 1403 1235 1407
608 9 -1
1060 96 83 92 83 1232 1404 1237 1409
609 4 -1
1063 43 99 44 97 1235 1407 1238 1410
610 13 -1
1065 24 51 27 51 1237 1409 1240 1412
611 6 -1
1066 16 26 17 26 1238 1410 1240 1412
612 8 -1
1067 40 68 41 68 1239 1411 1240 1412
613 2 -1
1070 12 16 12 25 1242 1414 1254 1426
614 13 -1
1071 96 83 91 83 1243 1415 1248 1420
615 12 -1
1073 84 16 87 23 1245 1417 1260 1432
616 2 -1
1074 7 66 7 67 1246 1418 1247 1419
617 9 -1
1075 79 8 82 8 1247 1419 1250 1422
618 7 -1
1078 39 64 39 65 1250 1422 1254 1426
619 6 -1
1082 91 79 91 79 1254 1426 1255 1427
620 12 -1
1083 76 55 78 55 1255 1427 1257 1429
621 8 -1
1084 18 67 21 67 1256 1428 1262 1434
622 0 -1
1085 84 77 86 78 1257 1429 1260 1432
623 1 -1
1086 31 19 31 20 1258 1430 1262 1434
624 9 -1
1090 61 11 61 12 1262 1434 1263 1435
625 14 -1
1091 17 66 17 66 1263 1435 1264 1436
626 7 -1
1092 13 95 13 96 1264 1436 1265 1437
627 3 -1
1095 58 53 58 55 1267 1439 1270 1442
628 14 -1
1097 34 90 36 90 1269 1441 1272 1444
629 14 -1
1098 44 75 47 75 1270 1442 1274 1446
630 2 -1
1099 6 41 9 41 1271 1443 1276 1448
631 4 -1
1100 53 37 57 37 1272 1444 1277 1449
632 13 -1
1102 16 6 19 6 1274 1446 1277 1449
633 8 -1
1103 90 10 92 12 1275 1447 1282 1454
634 15 -1
1104 50 1 51 1 1276 1448 1277 1449
635 13 -1
1105 10 42 11 42 1277 1449 1278 1450
636 5 -1
1107 69 95 73 95 1279 1451 1289 1461
637 3 -1
1109 97 87 97 90 1281 1453 1284 1456
638 11 -1
1111 30 54 32 54 1283 1455 1285 1457
639 0 -1
1113 78 18 79 18 1285 1457 1286 1458
640 13 -1
1114 28 13 29 13 1286 1458 1287 1459
641 15 -1
1115 83 71 84 73 1287 1459 1290 1462
642 5 -1
1116 32 36 37 37 1288 1460 1299 1471
643 10 -1
1118 34 99 36 99 1290 1462 1292 1464
644 4 -1
1120 46 39 46 40 1292 1464 1294 1466
645 1 -1
1121 36 27 37 27 1293 1465 1294 1466
646 15 -1
1122 7 38 10 38 1294 1466 1297 1469
647 12 -1
1124 73 80 73 87 1296 1468 1303 1475
648 5 -1
1125 96 30 98 30 1297 1469 1299 1471
649 11 -1
1126 80 10 80 14 1298 1470 1310 1482
650 12 -1
1129 46 67 46 67 1301 1473 1302 1474
651 5 -1
1130 47 16 48 16 1302 1474 1303 1475
652 12 -1
1132 36 32 37 32 1304 1476 1306 1478
653 9 -1
1133 54 57 56 57 1305 1477 1308 1480
654 5 -1
1137 53 79 57 79 1309 1481 1313 1485
655 15 -1
1138 73 70 73 71 1310 1482 1311 1483
656 10 -1
1139 22 78 22 79 1311 1483 1312 1484
657 9 -1
1141 53 29 54 30 1313 1485 1315 1487
658 6 -1
1142 76 41 79 41 1314 1486 1317 1489
659 7 -1
1144 71 66 71 67 1316 1488 1319 1491
660 7 -1
1147 56 31 56 31 1319 1491 1320 1492
661 7 -1
1150 87 48 88 48 1322 1494 1323 1495
662 7 -1
1151 81 82 83 82 1323 1495 1325 1497
663 6 -1
1154 50 54 51 54 1326 1498 1327 1499
664 1 -1
1156 92 3 94 3 1328 1500 1330 1502
665 0 -1
1157 9 94 11 94 1329 1501 1334 1506
666 14 -1
1158 67 35 68 35 1330 1502 1334 1506
667 1 -1
1159 19 15 19 15 1331 1503 1333 1505
668 5 -1
1164 4 23 6 23 1336 1508 1339 1511
669 14 -1
1166 75 36 75 36 1338 1510 1341 1513
670 5 -1
1169 46 57 49 57 1341 1513 1344 1516
671 13 -1
1170 21 66 21 69 1342 1514 1345 1517
672 2 -1
1171 83 71 91 71 1343 1515 1352 1524
673 6 -1
1172 96 23 96 24 1344 1516 1345 1517
674 7 -1
1174 77 96 82 96 1346 1518 1353 1525
675 8 -1
1175 92 72 92 72 1347 1519 1350 1522
676 12 -1
1176 41 30 43 30 1348 1520 1350 1522
677 5 -1
1177 76 33 76 35 1349 1521 1351 1523
678 11 -1
1179 30 71 30 72 1351 1523 1352 1524
679 0 -1
1186 89 22 91 22 1358 1530 1360 1532
680 10 -1
1187 90 55 90 57 1359 1531 1361 1533
681 0 -1
1188 69 46 70 46 1360 1532 1361 1533
682 2 -1
1190 96 95 97 95 1362 1534 1363 1535
683 9 -1
1191 21 46 23 46 1363 1535 1365 1537
684 15 -1
1194 52 53 54 53 1366 1538 1368 1540
685 9 -1
1195 94 23 94 24 1367 1539 1370 1542
686 5 -1
1197 85 90 86 91 1369 1541 1372 1544
687 2 -1
1198 36 44 38 44 1370 1542 1374 1546
688 10 -1
1201 60 41 65 41 1373 1545 1378 1550
689 0 -1
1202 59 60 60 60 1374 1546 1375 1547
690 6 -1
1203 40 86 40 86 1375 1547 1376 1548
691 5 -1
1205 48 81 48 83 1377 1549 1380 1552
692 14 -1
1207 1 24 2 26 1379 1551 1383 1555
693 3 -1
1208 59 57 60 58 1380 1552 1382 1554
694 10 -1
1209 16 31 16 31 1381 1553 1382 1554
695 3 -1
1211 43 93 43 96 1383 1555 1387 1559
696 1 -1
1214 97 0 97 0 1386 1558 1392 1564
697 5 -1
1217 57 47 58 48 1389 1561 1391 1563
698 14 -1
1218 24 54 25 54 1390 1562 1391 1563
699 5 -1
1219 5 12 12 12 1391 1563 1398 1570
700 4 -1
1220 30 48 30 49 1392 1564 1393 1565
701 0 -1
1222 12 70 12 70 1394 1566 1397 1569
702 8 -1
1223 28 45 28 49 1395 1567 1399 1571
703 3 -1
1226 37 11 40 11 1398 1570 1401 1573
704 4 -1
1227 2 52 2 52 1399 1571 1400 1572
705 0 -1
1229 71 99 72 99 1401 1573 1402 1574
706 13 -1
1230 15 23 19 23 1402 1574 1407 1579
707 0 -1
1231 7 49 8 49 1403 1575 1404 1576
708 7 -1
1233 37 0 38 1 1405 1577 1407 1579
709 0 -1
1235 7 94 8 94 1407 1579 1408 1580
710 0 -1
1236 4 16 7 16 1408 1580 1413 1585
711 15 -1
1237 1 28 5 28 1409 1581 1414 1586
712 10 -1
1238 18 5 18 8 1410 1582 1415 1587
713 1 -1
1240 46 79 49 79 1412 1584 1416 1588
714 0 -1
1241 77 89 78 89 1413 1585 1414 1586
715 13 -1
1242 71 21 78 24 1414 1586 1427 1599
716 13 -1
1243 9 62 11 62 1415 1587 1417 1589
717 2 -1
1244 36 27 39 27 1416 1588 1423 1595
718 6 -1
1246 4 0 7 1 1418 1590 1427 1599
719 4 -1
1250 61 89 62 89 1422 1594 1423 1595
720 6 -1
1254 13 60 14 63 1426 1598 1433 1605
721 7 -1
1255 41 43 43 43 1427 1599 1431 1603
722 0 -1
1258 6 43 21 44 1430 1602 1446 1618
723 15 -1
1259 24 77 35 79 1431 1603 1449 1621
724 3 -1
1260 77 51 80 51 1432 1604 1438 1610
725 3 -1
1261 2 37 9 37 1433 1605 1440 1612
726 0 -1
1263 29 60 29 66 1435 1607 1442 1614
727 4 -1
1264 2 76 4 77 1436 1608 1440 1612
728 5 -1
1265 30 7 31 8 1437 1609 1439 1611
729 12 -1
1266 59 77 60 77 1438 1610 1439 1611
730 0 -1
1268 65 5 67 6 1440 1612 1443 1615
731 10 -1
1276 18 60 19 60 1448 1620 1449 1621
732 13 -1
1277 89 42 93 43 1449 1621 1454 1626
733 7 -1
1281 75 30 75 31 1453 1625 1455 1627
734 10 -1
1284 23 84 23 85 1456 1628 1458 1630
735 5 -1
1287 22 77 24 77 1459 1631 1463 1635
736 14 -1
1290 51 34 58 34 1462 1634 1469 1641
737 12 -1
1291 59 36 60 37 1463 1635 1466 1638
738 8 -1
1292 4 96 22 96 1464 1636 1490 1662
739 12 -1
1297 30 58 30 59 1469 1641 1472 1644
740 15 -1
1298 44 6 44 6 1470 1642 1471 1643
741 0 -1
1299 34 49 35 49 1471 1643 1474 1646
742 14 -1
1300 85 37 86 38 1472 1644 1474 1646
743 9 -1
1307 96 39 96 40 1479 1651 1480 1652
744 14 -1
1309 13 7 15 7 1481 1653 1483 1655
745 15 -1
1312 21 98 23 98 1484 1656 1486 1658
746 15 -1
1313 69 21 69 21 1485 1657 1486 1658
747 11 -1
1314 5 29 7 30 1486 1658 1490 1662
748 12 -1
1315 38 97 41 98 1487 1659 1492 1664
749 0 -1
1316 85 29 86 29 1488 1660 1490 1662
750 6 -1
1317 22 85 22 85 1489 1661 1491 1663
751 13 -1
1318 20 99 20 100 1490 1662 1493 1665
752 7 -1
1319 16 51 16 53 1491 1663 1493 1665
753 12 -1
1320 89 14 90 14 1492 1664 1493 1665
754 5 -1
1321 27 46 28 47 1493 1665 1495 1667
755 10 -1
1323 14 55 16 55 1495 1667 1497 1669
756 13 -1
1324 1 87 2 91 1496 1668 1501 1673
757 0 -1
1325 7 6 8 9 1497 1669 1503 1675
758 4 -1
1326 14 57 14 57 1498 1670 1499 1671
759 5 -1
1327 10 46 12 52 1499 1671 1509 1681
760 0 -1
1329 64 54 64 55 1501 1673 1503 1675
761 5 -1
1332 28 3 29 3 1504 1676 1506 1678
762 14 -1
1333 79 2 79 2 1505 1677 1506 1678
763 2 -1
1335 20 93 26 95 1507 1679 1523 1695
764 4 -1
1336 22 49 22 50 1508 1680 1509 1681
765 9 -1
1338 81 17 81 18 1510 1682 1513 1685
766 11 -1
1340 90 88 92 91 1512 1684 1519 1691
767 0 -1
1342 44 96 47 96 1514 1686 1517 1689
768 11 -1
1344 1 10 1 11 1516 1688 1518 1690
769 2 -1
1345 62 58 63 58 1517 1689 1518 1690
770 5 -1
1347 22 75 22 75 1519 1691 1522 1694
771 15 -1
1348 6 80 6 85 1520 1692 1525 1697
772 15 -1
1349 92 4 95 7 1521 1693 1527 1699
773 9 -1
1354 97 23 94 23 1526 1698 1529 1701
774 9 -1
1355 11 82 14 83 1527 1699 1532 1704
775 12 -1
1359 20 56 20 60 1531 1703 1536 1708
776 13 -1
1362 77 34 77 36 1534 1706 1536 1708
777 8 -1
1365 36 46 37 46 1537 1709 1538 1710
778 13 -1
1368 5 23 7 23 1540 1712 1542 1714
779 1 -1
1369 33 9 36 20 1541 1713 1576 1748
780 9 -1
1370 88 0 88 2 1542 1714 1544 1716
781 12 -1
1372 5 19 6 20 1544 1716 1549 1721
782 0 -1
1374 35 82 36 82 1546 1718 1548 1720
783 4 -1
1375 18 41 21 41 1547 1719 1554 1726
784 11 -1
1376 3 4 4 4 1548 1720 1549 1721
785 10 -1
1377 99 93 96 93 1549 1721 1552 1724
786 7 -1
1378 13 25 13 25 1550 1722 1551 1723
787 12 -1
1379 99 20 99 22 1551 1723 1555 1727
788 11 -1
1381 36 64 39 64 1553 1725 1556 1728
789 14 -1
1382 52 75 53 77 1554 1726 1557 1729
790 3 -1
1383 68 99 69 100 1555 1727 1557 1729
791 6 -1
1385 32 83 36 85 1557 1729 1563 1735
792 7 -1
1386 86 44 88 44 1558 1730 1561 1733
793 6 -1
1387 8 65 16 67 1559 1731 1570 1742
794 3 -1
1388 42 82 45 82 1560 1732 1563 1735
795 14 -1
1389 82 97 82 99 1561 1733 1563 1735
796 0 -1
1390 88 55 88 57 1562 1734 1564 1736
797 8 -1
1391 13 39 13 40 1563 1735 1565 1737
798 3 -1
1393 41 86 43 86 1565 1737 1567 1739
799 5 -1
1395 23 31 30 32 1567 1739 1575 1747
800 12 -1
1396 48 51 49 51 1568 1740 1569 1741
801 6 -1
1400 4 26 7 26 1572 1744 1575 1747
802 2 -1
1401 48 27 50 28 1573 1745 1576 1748
803 13 -1
1402 18 85 25 85 1574 1746 1581 1753
804 6 -1
1403 55 26 56 26 1575 1747 1577 1749
805 2 -1
1406 91 68 92 68 1578 1750 1579 1751
806 1 -1
1411 41 98 41 100 1583 1755 1585 1757
807 12 -1
1412 74 28 76 28 1584 1756 1590 1762
808 2 -1
1413 98 14 98 14 1585 1757 1586 1758
809 11 -1
1414 88 79 89 79 1586 1758 1588 1760
810 0 -1
1415 49 57 50 57 1587 1759 1589 1761
811 10 -1
1417 95 98 95 98 1589 1761 1590 1762
812 4 -1
1418 3 14 3 16 1590 1762 1595 1767
813 11 -1
1419 2 98 9 98 1591 1763 1598 1770
814 8 -1
1420 89 94 95 96 1592 1764 1600 1772
815 11 -1
1423 0 62 0 63 1595 1767 1596 1768
816 12 -1
1426 27 73 27 73 1598 1770 1600 1772
817 7 -1
1428 86 58 86 60 1600 1772 1603 1775
818 4 -1
1429 13 45 13 46 1601 1773 1603 1775
819 12 -1
1430 93 84 94 84 1602 1774 1603 1775
820 13 -1
1431 58 82 59 82 1603 1775 1606 1778
821 5 -1
1432 47 67 47 67 1604 1776 1605 1777
822 15 -1
1434 75 15 76 15 1606 1778 1607 1779
823 4 -1
1435 42 22 49 22 1607 1779 1614 1786
824 9 -1
1436 19 13 21 13 1608 1780 1610 1782
825 3 -1
1438 13 66 13 69 1610 1782 1614 1786
826 5 -1
1439 31 73 31 74 1611 1783 1612 1784
827 10 -1
1440 63 74 65 74 1612 1784 1615 1787
828 11 -1
1441 59 9 65 9 1613 1785 1620 1792
829 2 -1
1442 15 60 15 61 1614 1786 1616 1788
830 9 -1
1443 23 97 28 97 1615 1787 1620 1792
831 1 -1
1444 63 96 65 96 1616 1788 1618 1790
832 15 -1
1446 52 19 53 24 1618 1790 1624 1796
833 4 -1
1447 50 62 50 62 1619 1791 1621 1793
834 9 -1
1448 78 19 80 19 1620 1792 1622 1794
835 11 -1
1452 93 71 93 71 1624 1796 1625 1797
836 2 -1
1454 14 85 17 85 1626 1798 1630 1802
837 9 -1
1455 68 33 68 33 1627 1799 1629 1801
838 13 -1
1456 9 46 10 46 1628 1800 1629 1801
839 7 -1
1457 28 2 29 7 1629 1801 1635 1807
840 6 -1
1458 75 25 77 28 1630 1802 1640 1812
841 15 -1
1461 81 59 82 61 1633 1805 1636 1808
842 5 -1
1462 89 80 91 80 1634 1806 1638 1810
843 4 -1
1463 23 4 24 5 1635 1807 1637 1809
844 11 -1
1465 23 25 25 25 1637 1809 1639 1811
845 12 -1
1466 11 32 13 32 1638 1810 1640 1812
846 5 -1
1468 50 49 51 49 1640 1812 1641 1813
847 1 -1
1469 76 40 81 40 1641 1813 1646 1818
848 13 -1
1470 28 39 28 40 1642 1814 1643 1815
849 8 -1
1472 23 66 27 66 1644 1816 1649 1821
850 6 -1
1473 97 36 99 37 1645 1817 1650 1822
851 8 -1
1474 65 30 68 38 1646 1818 1657 1829
852 1 -1
1475 2 52 4 52 1647 1819 1649 1821
853 7 -1
1478 38 21 40 21 1650 1822 1656 1828
854 3 -1
1479 95 63 95 65 1651 1823 1653 1825
855 6 -1
1481 42 72 42 73 1653 1825 1655 1827
856 5 -1
1483 78 98 86 98 1655 1827 1666 1838
857 9 -1
1486 93 94 94 94 1658 1830 1663 1835
858 5 -1
1487 89 45 91 45 1659 1831 1663 1835
859 5 -1
1493 97 86 97 87 1665 1837 1667 1839
860 4 -1
1495 18 0 18 0 1667 1839 1668 1840
861 3 -1
1496 51 42 51 42 1668 1840 1672 1844
862 0 -1
1497 80 9 82 9 1669 1841 1673 1845
863 7 -1
1499 57 58 59 58 1671 1843 1673 1845
864 5 -1
1500 95 65 96 66 1672 1844 1674 1846
865 0 -1
1501 10 78 10 85 1673 1845 1681 1853
866 14 -1
1502 39 56 39 59 1674 1846 1678 1850
867 3 -1
1504 21 86 33 87 1676 1848 1689 1861
868 10 -1
1505 98 36 90 37 1677 1849 1687 1859
869 11 -1
1506 60 20 61 21 1678 1850 1680 1852
870 14 -1
1507 90 83 93 83 1679 1851 1682 1854
871 1 -1
1508 56 64 59 65 1680 1852 1686 1858
872 11 -1
1509 81 6 82 6 1681 1853 1682 1854
873 15 -1
1511 83 16 85 16 1683 1855 1685 1857
874 12 -1
1513 97 99 92 99 1685 1857 1690 1862
875 8 -1
1515 18 89 18 89 1687 1859 1688 1860
876 14 -1
1516 91 63 91 63 1688 1860 1691 1863
877 6 -1
1517 86 67 87 67 1689 1861 1692 1864
878 4 -1
1518 25 33 28 33 1690 1862 1693 1865
879 10 -1
1519 67 70 68 70 1691 1863 1692 1864
880 3 -1
1521 28 2 29 4 1693 1865 1697 1869
881 6 -1
1522 59 14 61 14 1694 1866 1696 1868
882 5 -1
1523 15 71 17 71 1695 1867 1697 1869
883 6 -1
1527 98 50 98 53 1699 1871 1703 1875
884 8 -1
1528 48 69 48 69 1700 1872 1701 1873
885 10 -1
1533 23 84 23 84 1705 1877 1706 1878
886 1 -1
1534 63 67 67 71 1706 1878 1715 1887
887 10 -1
1535 92 4 93 4 1707 1879 1710 1882
888 8 -1
1536 63 91 65 91 1708 1880 1710 1882
889 9 -1
1538 49 91 52 92 1710 1882 1714 1886
890 8 -1
1540 15 58 15 58 1712 1884 1713 1885
891 8 -1
1543 18 38 21 38 1715 1887 1718 1890
892 9 -1
1544 40 31 40 32 1716 1888 1718 1890
893 9 -1
1545 60 0 62 0 1717 1889 1719 1891
894 11 -1
1547 83 99 84 95 1719 1891 1724 1896
895 3 -1
1550 50 13 51 14 1722 1894 1724 1896
896 12 -1
1551 19 26 20 27 1723 1895 1725 1897
897 12 -1
1552 97 73 92 73 1724 1896 1729 1901
898 2 -1
1554 65 50 66 52 1726 1898 1730 1902
899 12 -1
1555 17 69 17 71 1727 1899 1729 1901
900 10 -1
1556 29 91 29 92 1728 1900 1730 1902
901 1 -1
1559 22 70 22 74 1731 1903 1737 1909
902 5 -1
1560 19 52 23 54 1732 1904 1738 1910
903 9 -1
1562 70 57 70 58 1734 1906 1736 1908
904 4 -1
1563 91 53 91 61 1735 1907 1745 1917
905 4 -1
1564 57 66 58 67 1736 1908 1738 1910
906 5 -1
1566 71 91 72 91 1738 1910 1740 1912
907 0 -1
1567 14 21 15 24 1739 1911 1743 1915
908 9 -1
1573 40 64 40 68 1745 1917 1753 1925
909 15 -1
1575 85 74 86 74 1747 1919 1748 1920
910 12 -1
1576 31 54 31 56 1748 1920 1750 1922
911 2 -1
1577 51 96 52 96 1749 1921 1751 1923
912 15 -1
1579 25 80 26 82 1751 1923 1754 1926
913 1 -1
1580 95 81 96 81 1752 1924 1754 1926
914 8 -1
1582 58 94 58 95 1754 1926 1755 1927
915 10 -1
1584 53 37 53 37 1756 1928 1757 1929
916 14 -1
1587 33 49 37 49 1759 1931 1771 1943
917 11 -1
1588 35 12 39 12 1760 1932 1764 1936
918 12 -1
1589 73 57 74 57 1761 1933 1763 1935
919 3 -1
1590 95 7 98 7 1762 1934 1765 1937
920 14 -1
1591 65 89 66 89 1763 1935 1768 1940
921 9 -1
1593 60 27 64 27 1765 1937 1769 1941
922 1 -1
1594 18 8 19 9 1766 1938 1768 1940
923 12 -1
1596 57 38 58 38 1768 1940 1770 1942
924 5 -1
1598 7 6 7 7 1770 1942 1771 1943
925 5 -1
1599 99 99 98 100 1771 1943 1775 1947
926 8 -1
1600 72 13 72 13 1772 1944 1773 1945
927 8 -1
1603 23 99 23 100 1775 1947 1776 1948
928 4 -1
1606 39 72 40 72 1778 1950 1780 1952
929 8 -1
1608 26 14 27 14 1780 1952 1781 1953
930 9 -1
1609 57 6 59 6 1781 1953 1783 1955
931 11 -1
1610 7 79 7 79 1782 1954 1783 1955
932 7 -1
1611 5 42 6 42 1783 1955 1785 1957
933 4 -1
1613 20 59 20 59 1785 1957 1787 1959
934 1 -1
1615 24 48 24 49 1787 1959 1788 1960
935 5 -1
1618 32 10 32 10 1790 1962 1793 1965
936 4 -1
1620 26 90 31 90 1792 1964 1797 1969
937 11 -1
1621 64 6 69 6 1793 1965 1800 1972
938 0 -1
1623 16 61 20 62 1795 1967 1800 1972
939 4 -1
1624 74 51 74 51 1796 1968 1797 1969
940 14 -1
1625 52 44 54 45 1797 1969 1800 1972
941 4 -1
1626 42 35 42 36 1798 1970 1800 1972
942 11 -1
1627 88 24 90 28 1799 1971 1812 1984
943 0 -1
1629 13 69 14 69 1801 1973 1802 1974
944 1 -1
1631 24 27 26 27 1803 1975 1805 1977
945 2 -1
1633 51 59 53 61 1805 1977 1815 1987
946 14 -1
1634 27 84 28 85 1806 1978 1808 1980
947 13 -1
1637 72 16 73 16 1809 1981 1810 1982
948 2 -1
1638 79 12 81 13 1810 1982 1813 1985
949 12 -1
1640 11 64 14 64 1812 1984 1822 1994
950 6 -1
1641 11 27 14 27 1813 1985 1816 1988
951 12 -1
1642 43 58 44 60 1814 1986 1818 1990
952 3 -1
1645 89 33 89 33 1817 1989 1818 1990
953 3 -1
1648 95 43 97 43 1820 1992 1822 1994
954 5 -1
1649 36 40 38 40 1821 1993 1823 1995
955 6 -1
1650 5 67 5 67 1822 1994 1823 1995
956 8 -1
1656 67 8 70 9 1828 2000 1832 2004
957 0 -1
1657 1 69 1 72 1829 2001 1832 2004
958 13 -1
1659 5 32 5 33 1831 2003 1835 2007
959 6 -1
1660 59 53 63 53 1832 2004 1836 2008
960 13 -1
1661 47 57 53 58 1833 2005 1840 2012
961 12 -1
1662 80 15 84 16 1834 2006 1841 2013
962 2 -1
1663 81 86 87 87 1835 2007 1842 2014
963 10 -1
1664 89 59 89 61 1836 2008 1838 2010
964 12 -1
1665 89 20 90 20 1837 2009 1838 2010
965 11 -1
1668 14 12 16 13 1840 2012 1843 2015
966 4 -1
1671 86 53 94 53 1843 2015 1851 2023
967 0 -1
1672 26 57 27 57 1844 2016 1845 2017
968 14 -1
1673 26 33 31 33 1845 2017 1850 2022
969 0 -1
1675 34 40 34 40 1847 2019 1848 2020
970 14 -1
1676 52 50 55 50 1848 2020 1851 2023
971 11 -1
1678 37 61 37 61 1850 2022 1853 2025
972 11 -1
1679 76 90 78 92 1851 2023 1858 2030
973 5 -1
1680 46 29 49 29 1852 2024 1856 2028
974 8 -1
1683 61 0 66 1 1855 2027 1862 2034
975 12 -1
1685 35 31 36 31 1857 2029 1860 2032
976 11 -1
1686 77 22 82 26 1858 2030 1868 2040
977 1 -1
1687 7 62 7 65 1859 2031 1863 2035
978 13 -1
1688 73 11 78 11 1860 2032 1866 2038
979 5 -1
1690 35 41 36 41 1862 2034 1866 2038
980 13 -1
1691 94 16 95 17 1863 2035 1865 2037
981 12 -1
1692 82 93 84 94 1864 2036 1867 2039
982 4 -1
1694 27 93 28 93 1866 2038 1867 2039
983 8 -1
1695 36 6 39 7 1867 2039 1871 2043
984 13 -1
1696 76 44 78 44 1868 2040 1871 2043
985 5 -1
1697 68 10 69 11 1869 2041 1871 2043
986 7 -1
1698 88 53 88 55 1870 2042 1872 2044
987 11 -1
1700 2 19 3 19 1872 2044 1874 2046
988 13 -1
1702 88 71 90 82 1874 2046 1888 2060
989 3 -1
1703 13 65 13 66 1875 2047 1876 2048
990 15 -1
1704 9 25 12 25 1876 2048 1879 2051
991 10 -1
1709 22 98 23 100 1881 2053 1884 2056
992 5 -1
1712 24 98 27 98 1884 2056 1887 2059
993 7 -1
1714 64 25 64 25 1886 2058 1887 2059
994 10 -1
1717 37 18 41 18 1889 2061 1893 2065
995 7 -1
1718 63 14 64 14 1890 2062 1892 2064
996 5 -1
1720 78 40 78 44 1892 2064 1898 2070
997 6 -1
1722 81 16 81 16 1894 2066 1895 2067
998 13 -1
1723 3 71 5 71 1895 2067 1897 2069
999 9 -1
1725 24 83 26 83 1897 2069 1899 2071
1000 1 -1
1726 39 27 41 28 1898 2070 1901 2073
