100 100 3455
4
0 98 9
1 31 15
2 20 87
3 92 81
52
0 0 0 100 6
0
1 0 0 100 6
0
2 0 0 100 6
0
3 0 0 100 6
0
4 0 0 100 6
0
5 0 0 100 6
0
6 0 0 100 6
0
7 0 0 100 6
0
8 0 0 100 6
0
9 0 0 100 6
0
10 0 0 100 6
0
11 0 0 100 6
0
12 0 0 100 6
0
13 1 0 100 6
0
14 1 0 100 6
0
15 1 0 100 6
0
16 1 0 100 6
0
17 1 0 100 6
0
18 1 0 100 6
0
19 1 0 100 6
0
20 1 0 100 6
0
21 1 0 100 6
0
22 1 0 100 6
0
23 1 0 100 6
0
24 1 0 100 6
0
25 1 0 100 6
0
26 2 0 100 6
0
27 2 0 100 6
0
28 2 0 100 6
0
29 2 0 100 6
0
30 2 0 100 6
0
31 2 0 100 6
0
32 2 0 100 6
0
33 2 0 100 6
0
34 2 0 100 6
0
35 2 0 100 6
0
36 2 0 100 6
0
37 2 0 100 6
0
38 2 0 100 6
0
39 3 0 100 6
0
40 3 0 100 6
0
41 3 0 100 6
0
42 3 0 100 6
0
43 3 0 100 6
0
44 3 0 100 6
0
45 3 0 100 6
0
46 3 0 100 6
0
47 3 0 100 6
0
48 3 0 100 6
0
49 3 0 100 6
0
50 3 0 100 6
0
51 3 0 100 6
0
1000
1 0 -1
2 55 58 58 58 865 1728 868 1731
2 0 -1
5 80 87 85 87 868 1731 873 1736
3 2 -1
7 45 77 47 78 870 1733 874 1737
4 1 -1
8 83 17 92 17 871 1734 880 1743
5 0 -1
9 59 70 59 70 872 1735 878 1741
6 3 -1
10 30 33 32 34 873 1736 877 1740
7 0 -1
11 71 91 77 91 874 1737 880 1743
8 3 -1
12 29 53 30 54 875 1738 877 1740
9 0 -1
13 34 55 36 55 876 1739 878 1741
10 3 -1
14 70 90 73 90 877 1740 880 1743
11 2 -1
15 80 53 80 54 878 1741 884 1747
12 3 -1
17 97 69 94 70 880 1743 884 1747
13 2 -1
18 55 42 57 45 881 1744 887 1750
14 2 -1
19 12 29 12 29 882 1745 883 1746
15 1 -1
20 8 85 10 85 883 1746 885 1748
16 3 -1
21 98 5 98 7 884 1747 886 1749
17 1 -1
22 38 63 39 63 885 1748 889 1752
18 0 -1
24 2 35 2 37 887 1750 889 1752
19 3 -1
29 50 11 51 15 892 1755 898 1761
20 1 -1
30 41 76 42 77 893 1756 895 1758
21 0 -1
31 35 43 35 45 894 1757 896 1759
22 0 -1
33 67 44 70 47 896 1759 902 1765
23 0 -1
35 90 4 91 4 898 1761 899 1762
24 3 -1
36 36 25 37 25 899 1762 901 1764
25 1 -1
39 67 41 67 41 902 1765 903 1766
26 0 -1
40 6 8 7 8 903 1766 904 1767
27 3 -1
41 35 16 35 16 904 1767 906 1769
28 2 -1
42 68 31 69 31 905 1768 906 1769
29 2 -1
43 91 17 92 17 906 1769 907 1770
30 2 -1
45 18 18 19 19 908 1771 910 1773
31 2 -1
49 46 76 46 76 912 1775 915 1778
32 0 -1
52 69 74 73 77 915 1778 922 1785
33 0 -1
53 24 93 24 93 916 1779 921 1784
34 0 -1
54 13 83 13 84 917 1780 918 1781
35 2 -1
56 19 89 20 91 919 1782 936 1799
36 3 -1
57 73 30 73 32 920 1783 922 1785
37 1 -1
59 83 33 83 33 922 1785 923 1786
38 3 -1
61 50 34 52 34 924 1787 926 1789
39 1 -1
62 64 91 68 91 925 1788 933 1796
40 3 -1
64 89 41 96 51 927 1790 946 1809
41 1 -1
69 27 49 27 50 932 1795 934 1797
42 3 -1
71 12 22 15 27 934 1797 942 1805
43 2 -1
73 48 64 52 65 936 1799 941 1804
44 2 -1
76 77 49 80 49 939 1802 942 1805
45 1 -1
78 49 5 50 6 941 1804 943 1806
46 1 -1
80 28 81 31 81 943 1806 946 1809
47 3 -1
81 19 47 21 47 944 1807 946 1809
48 2 -1
82 47 93 49 95 945 1808 951 1814
49 1 -1
83 65 51 65 51 946 1809 951 1814
50 3 -1
84 17 57 18 57 947 1810 948 1811
51 2 -1
86 49 65 52 70 949 1812 959 1822
52 2 -1
87 8 11 8 12 950 1813 951 1814
53 1 -1
90 14 4 15 4 953 1816 954 1817
54 1 -1
91 64 96 64 96 954 1817 958 1821
55 2 -1
92 58 19 58 19 955 1818 956 1819
56 1 -1
93 43 46 44 48 956 1819 959 1822
57 3 -1
94 38 98 38 92 957 1820 963 1826
58 1 -1
96 99 18 99 18 959 1822 961 1824
59 3 -1
103 88 61 90 61 966 1829 969 1832
60 3 -1
105 60 48 60 49 968 1831 970 1833
61 0 -1
106 44 56 54 56 969 1832 979 1842
62 1 -1
107 55 18 57 19 970 1833 973 1836
63 1 -1
108 27 74 35 74 971 1834 979 1842
64 0 -1
110 96 48 99 52 973 1836 981 1844
65 2 -1
111 56 28 56 29 974 1837 975 1838
66 3 -1
114 99 34 97 35 977 1840 983 1846
67 3 -1
115 7 80 12 80 978 1841 983 1846
68 3 -1
116 48 63 55 64 979 1842 991 1854
69 0 -1
119 22 49 25 49 982 1845 985 1848
70 3 -1
120 31 49 32 49 983 1846 984 1847
71 1 -1
122 53 62 54 65 985 1848 989 1852
72 1 -1
123 49 40 49 42 986 1849 989 1852
73 2 -1
124 36 51 37 52 987 1850 991 1854
74 2 -1
127 8 83 9 83 990 1853 991 1854
75 1 -1
128 31 43 49 43 991 1854 1010 1873
76 3 -1
130 38 35 38 36 993 1856 994 1857
77 1 -1
132 34 33 49 33 995 1858 1010 1873
78 2 -1
134 44 78 45 78 997 1860 998 1861
79 1 -1
135 93 74 85 75 998 1861 1009 1872
80 3 -1
136 50 64 52 64 999 1862 1001 1864
81 2 -1
139 85 45 86 45 1002 1865 1003 1866
82 2 -1
140 98 35 96 35 1003 1866 1007 1870
83 1 -1
141 60 70 63 72 1004 1867 1009 1872
84 0 -1
144 96 48 97 51 1007 1870 1012 1875
85 2 -1
145 8 93 8 95 1008 1871 1010 1873
86 0 -1
146 5 55 5 56 1009 1872 1010 1873
87 3 -1
147 12 31 13 31 1010 1873 1011 1874
88 0 -1
148 0 1 0 1 1011 1874 1012 1875
89 2 -1
149 63 29 63 30 1012 1875 1014 1877
90 2 -1
150 34 88 36 90 1013 1876 1019 1882
91 2 -1
153 81 77 82 77 1016 1879 1017 1880
92 0 -1
154 96 56 99 56 1017 1880 1021 1884
93 3 -1
155 12 7 12 8 1018 1881 1019 1882
94 3 -1
156 77 76 81 76 1019 1882 1024 1887
95 2 -1
157 76 80 78 83 1020 1883 1025 1888
96 0 -1
160 59 20 60 23 1023 1886 1029 1892
97 2 -1
162 79 1 79 2 1025 1888 1026 1889
98 2 -1
163 11 35 12 35 1026 1889 1027 1890
99 2 -1
166 73 97 74 97 1029 1892 1031 1894
100 0 -1
167 34 18 34 21 1030 1893 1035 1898
101 0 -1
168 73 65 74 66 1031 1894 1033 1896
102 2 -1
169 9 12 10 16 1032 1895 1037 1900
103 1 -1
170 55 48 58 49 1033 1896 1038 1901
104 1 -1
172 25 74 26 77 1035 1898 1040 1903
105 2 -1
173 53 13 55 13 1036 1899 1041 1904
106 1 -1
174 68 23 68 24 1037 1900 1039 1902
107 3 -1
179 36 53 36 53 1042 1905 1043 1906
108 3 -1
183 22 7 26 8 1046 1909 1051 1914
109 0 -1
184 14 19 15 19 1047 1910 1049 1912
110 0 -1
185 93 86 93 87 1048 1911 1050 1913
111 2 -1
186 47 38 56 38 1049 1912 1058 1921
112 3 -1
187 43 39 45 43 1050 1913 1056 1919
113 3 -1
189 37 41 42 41 1052 1915 1057 1920
114 0 -1
190 48 33 48 34 1053 1916 1058 1921
115 0 -1
193 77 96 78 96 1056 1919 1057 1920
116 2 -1
196 64 32 65 32 1059 1922 1061 1924
117 0 -1
197 21 9 21 9 1060 1923 1061 1924
118 1 -1
198 15 90 23 94 1061 1924 1079 1942
119 0 -1
199 12 0 12 1 1062 1925 1063 1926
120 3 -1
200 51 34 52 35 1063 1926 1065 1928
121 3 -1
201 18 29 18 30 1064 1927 1065 1928
122 3 -1
204 91 2 91 3 1067 1930 1068 1931
123 3 -1
208 30 74 31 74 1071 1934 1072 1935
124 0 -1
209 22 61 23 61 1072 1935 1073 1936
125 0 -1
211 3 76 3 77 1074 1937 1077 1940
126 1 -1
212 62 59 62 61 1075 1938 1077 1940
127 1 -1
213 54 90 60 92 1076 1939 1084 1947
128 0 -1
214 63 91 67 92 1077 1940 1082 1945
129 0 -1
218 33 93 37 95 1081 1944 1088 1951
130 0 -1
219 18 1 18 1 1082 1945 1084 1947
131 0 -1
224 32 44 34 44 1087 1950 1090 1953
132 0 -1
225 80 56 82 56 1088 1951 1090 1953
133 1 -1
229 41 92 44 93 1092 1955 1098 1961
134 0 -1
230 77 27 77 27 1093 1956 1094 1957
135 1 -1
231 88 46 90 46 1094 1957 1097 1960
136 2 -1
236 68 44 69 45 1099 1962 1101 1964
137 2 -1
237 18 24 18 24 1100 1963 1102 1965
138 0 -1
240 95 36 86 38 1103 1966 1114 1977
139 1 -1
242 44 13 45 13 1105 1968 1107 1970
140 2 -1
244 92 71 96 71 1107 1970 1112 1975
141 2 -1
245 88 16 94 16 1108 1971 1114 1977
142 0 -1
246 94 3 94 3 1109 1972 1112 1975
143 2 -1
247 22 63 23 64 1110 1973 1113 1976
144 1 -1
248 26 58 27 58 1111 1974 1114 1977
145 3 -1
250 52 7 52 7 1113 1976 1115 1978
146 1 -1
251 73 22 73 24 1114 1977 1117 1980
147 3 -1
253 97 31 98 31 1116 1979 1117 1980
148 1 -1
255 43 81 43 83 1118 1981 1120 1983
149 0 -1
256 88 22 88 26 1119 1982 1123 1986
150 2 -1
257 47 81 47 85 1120 1983 1124 1987
151 2 -1
258 64 47 64 47 1121 1984 1122 1985
152 2 -1
260 61 13 61 13 1123 1986 1125 1988
153 1 -1
261 3 61 11 63 1124 1987 1136 1999
154 1 -1
266 91 79 91 83 1129 1992 1133 1996
155 3 -1
267 97 7 98 9 1130 1993 1133 1996
156 1 -1
268 26 20 26 21 1131 1994 1133 1996
157 2 -1
269 82 73 83 73 1132 1995 1133 1996
158 1 -1
271 63 3 65 5 1134 1997 1140 2003
159 2 -1
272 77 88 78 88 1135 1998 1136 1999
160 2 -1
274 96 43 91 46 1137 2000 1150 2013
161 1 -1
277 75 65 75 67 1140 2003 1142 2005
162 3 -1
278 8 99 14 99 1141 2004 1147 2010
163 3 -1
279 59 60 59 62 1142 2005 1146 2009
164 0 -1
280 61 14 61 14 1143 2006 1146 2009
165 0 -1
283 62 14 63 14 1146 2009 1147 2010
166 1 -1
285 8 94 9 94 1148 2011 1151 2014
167 0 -1
286 80 29 80 31 1149 2012 1152 2015
168 2 -1
289 62 2 65 2 1152 2015 1155 2018
169 0 -1
293 8 44 11 44 1156 2019 1160 2023
170 1 -1
294 78 45 78 45 1157 2020 1158 2021
171 0 -1
295 92 13 94 13 1158 2021 1160 2023
172 3 -1
296 46 70 49 71 1159 2022 1163 2026
173 3 -1
303 82 95 83 96 1166 2029 1175 2038
174 1 -1
305 13 98 17 99 1168 2031 1173 2036
175 1 -1
306 39 43 39 43 1169 2032 1170 2033
176 1 -1
307 37 49 38 50 1170 2033 1172 2035
177 2 -1
310 21 7 25 7 1173 2036 1177 2040
178 3 -1
311 7 78 7 82 1174 2037 1178 2041
179 0 -1
312 55 91 61 92 1175 2038 1184 2047
180 3 -1
313 57 57 57 58 1176 2039 1177 2040
181 2 -1
315 24 32 25 32 1178 2041 1180 2043
182 2 -1
320 7 0 7 1 1183 2046 1199 2062
183 3 -1
321 35 64 35 64 1184 2047 1187 2050
184 2 -1
323 48 75 61 75 1186 2049 1199 2062
185 2 -1
325 63 75 64 77 1188 2051 1196 2059
186 2 -1
326 91 52 92 52 1189 2052 1190 2053
187 2 -1
327 97 39 99 39 1190 2053 1193 2056
188 2 -1
328 73 23 74 25 1191 2054 1196 2059
189 2 -1
329 2 78 5 78 1192 2055 1195 2058
190 1 -1
330 87 52 90 53 1193 2056 1198 2061
191 1 -1
337 35 52 39 58 1200 2063 1213 2076
192 2 -1
340 60 81 62 81 1203 2066 1206 2069
193 0 -1
342 35 19 35 20 1205 2068 1206 2069
194 1 -1
343 70 42 72 43 1206 2069 1209 2072
195 2 -1
345 72 60 79 65 1208 2071 1220 2083
196 3 -1
349 92 63 92 63 1212 2075 1213 2076
197 3 -1
351 49 41 50 41 1214 2077 1215 2078
198 0 -1
354 94 41 95 42 1217 2080 1223 2086
199 0 -1
356 5 33 5 34 1219 2082 1220 2083
200 0 -1
357 42 22 45 23 1220 2083 1224 2087
201 0 -1
358 74 68 75 68 1221 2084 1228 2091
202 3 -1
359 91 87 94 87 1222 2085 1225 2088
203 3 -1
360 61 68 63 68 1223 2086 1225 2088
204 1 -1
361 41 56 43 56 1224 2087 1230 2093
205 0 -1
363 39 22 39 22 1226 2089 1227 2090
206 2 -1
364 64 30 65 30 1227 2090 1228 2091
207 3 -1
365 25 95 25 97 1228 2091 1230 2093
208 1 -1
367 98 38 95 41 1230 2093 1236 2099
209 1 -1
371 65 34 66 34 1234 2097 1235 2098
210 3 -1
372 64 90 66 92 1235 2098 1243 2106
211 2 -1
373 24 93 24 96 1236 2099 1239 2102
212 0 -1
374 81 5 81 6 1237 2100 1238 2101
213 0 -1
375 19 18 20 18 1238 2101 1239 2102
214 0 -1
377 35 58 35 59 1240 2103 1241 2104
215 0 -1
379 45 53 46 53 1242 2105 1243 2106
216 0 -1
380 9 78 9 79 1243 2106 1244 2107
217 1 -1
381 40 0 41 0 1244 2107 1249 2112
218 0 -1
382 48 59 48 61 1245 2108 1247 2110
219 3 -1
383 76 57 76 58 1246 2109 1247 2110
220 3 -1
388 80 50 80 51 1251 2114 1252 2115
221 3 -1
391 47 16 47 16 1254 2117 1256 2119
222 3 -1
392 79 45 80 45 1255 2118 1257 2120
223 1 -1
394 28 35 28 37 1257 2120 1260 2123
224 3 -1
396 30 87 31 91 1259 2122 1264 2127
225 0 -1
397 50 17 50 18 1260 2123 1261 2124
226 1 -1
400 88 60 90 60 1263 2126 1265 2128
227 0 -1
401 13 28 13 30 1264 2127 1266 2129
228 2 -1
403 15 62 16 63 1266 2129 1271 2134
229 3 -1
404 18 65 18 65 1267 2130 1269 2132
230 3 -1
407 62 91 63 91 1270 2133 1271 2134
231 0 -1
408 53 5 56 5 1271 2134 1274 2137
232 3 -1
411 62 11 64 11 1274 2137 1276 2139
233 0 -1
412 50 90 50 91 1275 2138 1276 2139
234 0 -1
414 55 31 55 31 1277 2140 1278 2141
235 1 -1
418 74 82 75 82 1281 2144 1282 2145
236 3 -1
420 95 42 96 42 1283 2146 1284 2147
237 2 -1
421 98 18 98 20 1284 2147 1286 2149
238 2 -1
423 54 83 55 83 1286 2149 1287 2150
239 1 -1
426 96 21 98 23 1289 2152 1294 2157
240 3 -1
428 29 49 31 49 1291 2154 1293 2156
241 0 -1
433 78 86 79 87 1296 2159 1298 2161
242 3 -1
437 19 85 20 85 1300 2163 1301 2164
243 0 -1
439 97 25 97 26 1302 2165 1304 2167
244 2 -1
441 67 47 67 47 1304 2167 1312 2175
245 2 -1
446 10 30 11 30 1309 2172 1313 2176
246 0 -1
448 36 48 37 50 1311 2174 1314 2177
247 1 -1
450 74 22 77 25 1313 2176 1321 2184
248 2 -1
452 11 87 11 87 1315 2178 1318 2181
249 1 -1
455 83 84 83 84 1318 2181 1321 2184
250 1 -1
460 20 15 23 17 1323 2186 1329 2192
251 2 -1
461 97 21 97 22 1324 2187 1326 2189
252 2 -1
462 15 4 18 4 1325 2188 1328 2191
253 3 -1
464 87 28 89 28 1327 2190 1329 2192
254 1 -1
469 80 23 81 24 1332 2195 1334 2197
255 1 -1
471 93 82 94 89 1334 2197 1345 2208
256 3 -1
475 96 86 98 86 1338 2201 1340 2203
257 0 -1
478 1 50 4 50 1341 2204 1345 2208
258 3 -1
479 98 34 96 34 1342 2205 1344 2207
259 0 -1
480 28 52 30 56 1343 2206 1351 2214
260 2 -1
481 86 25 88 28 1344 2207 1350 2213
261 2 -1
482 65 73 65 74 1345 2208 1346 2209
262 3 -1
484 74 34 75 37 1347 2210 1351 2214
263 3 -1
486 44 66 45 68 1349 2212 1352 2215
264 3 -1
488 18 61 18 63 1351 2214 1354 2217
265 0 -1
489 72 86 73 93 1352 2215 1365 2228
266 1 -1
491 80 39 81 39 1354 2217 1356 2219
267 1 -1
493 8 3 9 3 1356 2219 1357 2220
268 0 -1
496 34 95 35 95 1359 2222 1360 2223
269 0 -1
501 50 21 50 23 1364 2227 1366 2229
270 1 -1
502 47 85 50 85 1365 2228 1369 2232
271 1 -1
505 8 25 9 25 1368 2231 1370 2233
272 2 -1
506 97 53 93 54 1369 2232 1374 2237
273 3 -1
507 47 67 47 68 1370 2233 1371 2234
274 2 -1
509 10 81 11 81 1372 2235 1373 2236
275 2 -1
511 14 68 16 68 1374 2237 1376 2239
276 3 -1
512 91 48 91 48 1375 2238 1376 2239
277 3 -1
515 82 75 83 76 1378 2241 1381 2244
278 0 -1
516 47 26 55 28 1379 2242 1392 2255
279 3 -1
517 16 23 20 23 1380 2243 1384 2247
280 3 -1
518 82 97 83 98 1381 2244 1383 2246
281 1 -1
520 38 8 39 8 1383 2246 1384 2247
282 0 -1
522 27 64 28 65 1385 2248 1394 2257
283 1 -1
523 71 88 71 89 1386 2249 1387 2250
284 3 -1
525 96 21 96 21 1388 2251 1390 2253
285 1 -1
526 5 56 5 58 1389 2252 1391 2254
286 1 -1
528 46 27 50 27 1391 2254 1396 2259
287 0 -1
530 76 68 79 69 1393 2256 1397 2260
288 0 -1
533 26 21 27 21 1396 2259 1398 2261
289 2 -1
535 82 57 85 57 1398 2261 1401 2264
290 2 -1
536 33 36 34 36 1399 2262 1401 2264
291 0 -1
537 4 1 5 1 1400 2263 1401 2264
292 1 -1
538 58 28 61 28 1401 2264 1404 2267
293 0 -1
540 60 47 60 47 1403 2266 1407 2270
294 1 -1
541 81 47 81 48 1404 2267 1407 2270
295 0 -1
542 38 61 44 62 1405 2268 1413 2276
296 2 -1
543 74 86 76 86 1406 2269 1408 2271
297 0 -1
546 87 90 89 90 1409 2272 1411 2274
298 2 -1
547 62 73 64 73 1410 2273 1412 2275
299 3 -1
550 57 63 57 63 1413 2276 1414 2277
300 2 -1
552 48 69 51 69 1415 2278 1418 2281
301 1 -1
553 22 69 24 69 1416 2279 1418 2281
302 0 -1
555 22 21 24 23 1418 2281 1423 2286
303 0 -1
556 72 88 74 88 1419 2282 1421 2284
304 0 -1
558 32 31 33 31 1421 2284 1422 2285
305 3 -1
559 52 83 54 85 1422 2285 1427 2290
306 1 -1
560 13 73 15 73 1423 2286 1425 2288
307 1 -1
562 85 88 85 88 1425 2288 1426 2289
308 2 -1
565 68 51 68 55 1428 2291 1432 2295
309 1 -1
566 68 18 69 21 1429 2292 1433 2296
310 2 -1
567 58 66 59 66 1430 2293 1431 2294
311 3 -1
570 18 16 21 16 1433 2296 1437 2300
312 3 -1
572 13 9 15 10 1435 2298 1438 2301
313 1 -1
573 80 42 81 43 1436 2299 1439 2302
314 2 -1
575 74 37 76 37 1438 2301 1440 2303
315 1 -1
577 85 75 85 76 1440 2303 1441 2304
316 0 -1
578 70 5 71 5 1441 2304 1443 2306
317 0 -1
579 51 42 53 43 1442 2305 1447 2310
318 2 -1
580 1 88 2 88 1443 2306 1444 2307
319 1 -1
585 34 42 34 42 1448 2311 1451 2314
320 1 -1
588 64 20 64 24 1451 2314 1456 2319
321 2 -1
589 36 81 48 83 1452 2315 1467 2330
322 1 -1
592 26 84 26 85 1455 2318 1456 2319
323 3 -1
594 96 9 97 10 1457 2320 1459 2322
324 1 -1
595 46 14 46 17 1458 2321 1473 2336
325 3 -1
596 45 29 46 30 1459 2322 1463 2326
326 1 -1
597 33 80 33 82 1460 2323 1468 2331
327 3 -1
599 75 8 78 9 1462 2325 1470 2333
328 1 -1
600 3 27 5 28 1463 2326 1466 2329
329 0 -1
601 90 77 92 77 1464 2327 1466 2329
330 2 -1
603 14 57 16 57 1466 2329 1468 2331
331 1 -1
608 97 8 94 8 1471 2334 1474 2337
332 0 -1
609 76 87 77 87 1472 2335 1473 2336
333 1 -1
610 89 5 94 5 1473 2336 1478 2341
334 0 -1
611 72 2 75 3 1474 2337 1478 2341
335 0 -1
613 81 16 82 17 1476 2339 1484 2347
336 2 -1
614 9 63 10 65 1477 2340 1483 2346
337 0 -1
615 31 18 32 18 1478 2341 1479 2342
338 3 -1
616 48 55 48 57 1479 2342 1481 2344
339 3 -1
619 80 95 85 95 1482 2345 1487 2350
340 0 -1
620 25 99 26 100 1483 2346 1485 2348
341 0 -1
621 70 88 75 88 1484 2347 1489 2352
342 3 -1
622 15 12 16 12 1485 2348 1488 2351
343 3 -1
623 47 32 48 33 1486 2349 1488 2351
344 1 -1
624 17 47 18 47 1487 2350 1488 2351
345 0 -1
625 36 80 37 81 1488 2351 1490 2353
346 3 -1
628 91 81 92 81 1491 2354 1492 2355
347 0 -1
629 6 63 9 65 1492 2355 1497 2360
348 2 -1
630 15 10 16 10 1493 2356 1494 2357
349 2 -1
634 54 16 55 16 1497 2360 1498 2361
350 0 -1
635 60 84 61 84 1498 2361 1500 2363
351 3 -1
636 26 49 28 49 1499 2362 1501 2364
352 2 -1
637 95 96 95 97 1500 2363 1502 2365
353 1 -1
639 16 39 17 39 1502 2365 1503 2366
354 3 -1
640 98 95 96 95 1503 2366 1505 2368
355 1 -1
641 8 58 8 58 1504 2367 1506 2369
356 0 -1
643 9 99 11 95 1506 2369 1512 2375
357 2 -1
645 2 94 2 96 1508 2371 1510 2373
358 3 -1
646 91 69 92 70 1509 2372 1511 2374
359 2 -1
648 99 30 99 30 1511 2374 1512 2375
360 0 -1
649 40 16 46 20 1512 2375 1522 2385
361 1 -1
650 83 70 83 71 1513 2376 1514 2377
362 1 -1
651 30 35 34 35 1514 2377 1518 2381
363 0 -1
652 58 64 60 68 1515 2378 1530 2393
364 2 -1
653 86 0 87 0 1516 2379 1517 2380
365 0 -1
656 2 38 3 38 1519 2382 1520 2383
366 0 -1
662 39 63 40 64 1525 2388 1527 2390
367 0 -1
663 98 7 95 8 1526 2389 1534 2397
368 2 -1
664 45 6 45 6 1527 2390 1529 2392
369 1 -1
665 4 70 5 70 1528 2391 1529 2392
370 0 -1
666 9 19 11 19 1529 2392 1531 2394
371 0 -1
667 28 34 29 34 1530 2393 1533 2396
372 2 -1
669 78 45 78 46 1532 2395 1533 2396
373 2 -1
672 79 89 82 89 1535 2398 1539 2402
374 3 -1
673 74 1 76 1 1536 2399 1538 2401
375 3 -1
674 64 32 68 32 1537 2400 1541 2404
376 2 -1
675 24 53 28 53 1538 2401 1543 2406
377 2 -1
678 79 75 79 75 1541 2404 1542 2405
378 1 -1
679 61 89 63 89 1542 2405 1545 2408
379 2 -1
680 65 3 65 3 1543 2406 1549 2412
380 0 -1
681 26 28 27 29 1544 2407 1546 2409
381 0 -1
682 58 47 58 49 1545 2408 1547 2410
382 3 -1
684 31 27 32 27 1547 2410 1549 2412
383 3 -1
685 2 46 4 46 1548 2411 1553 2416
384 3 -1
687 26 14 29 16 1550 2413 1555 2418
385 3 -1
688 2 69 2 69 1551 2414 1553 2416
386 0 -1
689 45 84 47 84 1552 2415 1554 2417
387 3 -1
690 71 39 73 39 1553 2416 1555 2418
388 1 -1
691 47 55 47 55 1554 2417 1556 2419
389 0 -1
692 21 83 22 83 1555 2418 1557 2420
390 2 -1
694 1 73 1 75 1557 2420 1560 2423
391 1 -1
696 47 50 48 51 1559 2422 1561 2424
392 1 -1
698 73 6 74 10 1561 2424 1566 2429
393 3 -1
700 19 59 19 59 1563 2426 1564 2427
394 2 -1
701 99 77 99 78 1564 2427 1565 2428
395 0 -1
702 7 83 14 83 1565 2428 1572 2435
396 2 -1
703 70 64 72 64 1566 2429 1568 2431
397 3 -1
704 66 14 67 15 1567 2430 1569 2432
398 1 -1
705 16 36 19 36 1568 2431 1572 2435
399 0 -1
706 77 71 78 72 1569 2432 1571 2434
400 0 -1
707 3 10 4 13 1570 2433 1574 2437
401 1 -1
708 78 21 82 22 1571 2434 1578 2441
402 1 -1
710 34 67 34 70 1573 2436 1576 2439
403 0 -1
712 12 36 12 37 1575 2438 1576 2439
404 3 -1
714 9 30 10 30 1577 2440 1578 2441
405 1 -1
716 38 45 38 45 1579 2442 1580 2443
406 2 -1
718 17 35 23 35 1581 2444 1589 2452
407 0 -1
719 66 37 67 37 1582 2445 1583 2446
408 0 -1
720 24 77 26 77 1583 2446 1585 2448
409 1 -1
722 16 30 17 31 1585 2448 1587 2450
410 3 -1
724 93 4 95 4 1587 2450 1589 2452
411 3 -1
725 54 90 55 100 1588 2451 1599 2462
412 0 -1
726 39 46 42 46 1589 2452 1593 2456
413 0 -1
727 43 35 46 35 1590 2453 1593 2456
414 2 -1
728 52 88 52 88 1591 2454 1596 2459
415 0 -1
729 40 77 40 78 1592 2455 1593 2456
416 1 -1
731 85 66 85 67 1594 2457 1595 2458
417 3 -1
733 11 67 11 69 1596 2459 1598 2461
418 3 -1
734 22 4 22 4 1597 2460 1599 2462
419 2 -1
735 45 86 46 87 1598 2461 1601 2464
420 1 -1
736 22 65 24 65 1599 2462 1601 2464
421 0 -1
737 44 59 44 61 1600 2463 1603 2466
422 0 -1
742 39 14 42 16 1605 2468 1610 2473
423 1 -1
744 89 99 91 99 1607 2470 1609 2472
424 3 -1
745 84 76 87 76 1608 2471 1613 2476
425 2 -1
748 33 81 33 82 1611 2474 1613 2476
426 1 -1
750 52 18 53 18 1613 2476 1614 2477
427 3 -1
751 79 32 80 32 1614 2477 1615 2478
428 2 -1
752 52 54 52 57 1615 2478 1618 2481
429 1 -1
753 90 12 90 12 1616 2479 1617 2480
430 2 -1
754 45 37 49 37 1617 2480 1623 2486
431 0 -1
755 47 82 49 82 1618 2481 1620 2483
432 0 -1
757 42 86 44 86 1620 2483 1622 2485
433 0 -1
758 45 70 52 71 1621 2484 1629 2492
434 3 -1
759 38 44 40 44 1622 2485 1624 2487
435 0 -1
760 75 44 75 44 1623 2486 1624 2487
436 1 -1
766 47 47 48 48 1629 2492 1631 2494
437 3 -1
767 3 80 5 80 1630 2493 1632 2495
438 1 -1
768 6 1 7 1 1631 2494 1634 2497
439 2 -1
771 42 81 42 82 1634 2497 1635 2498
440 0 -1
772 55 42 56 42 1635 2498 1637 2500
441 1 -1
773 59 32 60 33 1636 2499 1639 2502
442 3 -1
775 43 14 48 14 1638 2501 1643 2506
443 0 -1
777 64 69 65 70 1640 2503 1642 2505
444 3 -1
778 7 97 8 97 1641 2504 1643 2506
445 0 -1
779 97 26 99 27 1642 2505 1645 2508
446 2 -1
781 52 60 53 60 1644 2507 1645 2508
447 1 -1
782 93 83 95 85 1645 2508 1649 2512
448 1 -1
784 93 83 95 83 1647 2510 1649 2512
449 2 -1
787 27 5 29 5 1650 2513 1652 2515
450 3 -1
788 56 72 56 72 1651 2514 1652 2515
451 2 -1
789 1 43 4 44 1652 2515 1656 2519
452 1 -1
790 29 24 31 24 1653 2516 1655 2518
453 0 -1
791 15 65 17 66 1654 2517 1659 2522
454 3 -1
793 98 34 95 34 1656 2519 1659 2522
455 1 -1
794 23 25 27 25 1657 2520 1661 2524
456 1 -1
795 21 73 21 73 1658 2521 1660 2523
457 0 -1
796 80 78 83 78 1659 2522 1663 2526
458 3 -1
797 57 72 58 72 1660 2523 1661 2524
459 3 -1
798 84 87 86 87 1661 2524 1664 2527
460 1 -1
799 89 17 91 17 1662 2525 1664 2527
461 3 -1
800 84 55 84 59 1663 2526 1668 2531
462 3 -1
802 27 15 31 15 1665 2528 1669 2532
463 3 -1
803 35 77 37 77 1666 2529 1668 2531
464 2 -1
805 81 23 84 25 1668 2531 1673 2536
465 2 -1
806 96 7 92 8 1669 2532 1678 2541
466 2 -1
807 48 43 48 44 1670 2533 1672 2535
467 3 -1
810 63 84 64 84 1673 2536 1674 2537
468 1 -1
813 36 1 36 2 1676 2539 1677 2540
469 1 -1
818 55 26 57 26 1681 2544 1683 2546
470 2 -1
820 46 49 47 51 1683 2546 1686 2549
471 2 -1
824 63 66 65 66 1687 2550 1689 2552
472 1 -1
825 82 64 82 67 1688 2551 1691 2554
473 0 -1
827 77 16 77 17 1690 2553 1691 2554
474 3 -1
828 56 47 57 47 1691 2554 1701 2564
475 0 -1
830 52 8 55 8 1693 2556 1696 2559
476 3 -1
831 27 40 28 40 1694 2557 1695 2558
477 0 -1
833 83 28 85 28 1696 2559 1698 2561
478 1 -1
834 31 49 33 49 1697 2560 1699 2562
479 3 -1
835 19 43 19 46 1698 2561 1708 2571
480 3 -1
839 98 3 96 3 1702 2565 1704 2567
481 1 -1
841 63 91 66 91 1704 2567 1708 2571
482 0 -1
842 29 22 30 23 1705 2568 1707 2570
483 2 -1
844 15 31 19 31 1707 2570 1712 2575
484 1 -1
845 95 90 95 90 1708 2571 1710 2573
485 1 -1
846 9 7 11 7 1709 2572 1715 2578
486 3 -1
847 99 30 98 30 1710 2573 1711 2574
487 3 -1
850 64 1 67 1 1713 2576 1716 2579
488 1 -1
851 65 17 69 17 1714 2577 1718 2581
489 0 -1
854 31 42 31 43 1717 2580 1718 2581
490 3 -1
856 24 75 24 77 1719 2582 1722 2585
491 1 -1
859 70 61 75 61 1722 2585 1727 2590
492 1 -1
860 80 62 81 62 1723 2586 1724 2587
493 0 -1
861 30 98 30 99 1724 2587 1726 2589
494 3 -1
864 51 88 53 88 1727 2590 1730 2593
495 3 -1
867 62 82 63 82 1730 2593 1731 2594
496 1 -1
868 10 66 11 66 1731 2594 1733 2596
497 1 -1
871 41 28 44 40 1734 2597 1750 2613
498 3 -1
873 19 46 20 47 1736 2599 1738 2601
499 0 -1
874 97 33 92 33 1737 2600 1742 2605
500 3 -1
875 8 80 9 81 1738 2601 1741 2604
501 3 -1
877 78 27 81 27 1740 2603 1743 2606
502 1 -1
878 41 37 43 37 1741 2604 1743 2606
503 1 -1
879 47 89 47 89 1742 2605 1744 2607
504 3 -1
880 50 96 52 98 1743 2606 1747 2610
505 2 -1
881 64 6 65 6 1744 2607 1750 2613
506 0 -1
882 12 36 13 37 1745 2608 1747 2610
507 1 -1
885 53 59 54 59 1748 2611 1749 2612
508 3 -1
887 31 94 33 95 1750 2613 1753 2616
509 0 -1
889 2 52 3 53 1752 2615 1755 2618
510 2 -1
891 87 86 89 86 1754 2617 1756 2619
511 0 -1
893 73 31 75 31 1756 2619 1758 2621
512 3 -1
894 63 59 66 59 1757 2620 1760 2623
513 1 -1
895 62 26 62 29 1758 2621 1761 2624
514 2 -1
896 68 57 68 59 1759 2622 1761 2624
515 0 -1
897 92 10 93 10 1760 2623 1761 2624
516 2 -1
898 38 68 40 68 1761 2624 1763 2626
517 2 -1
899 61 46 62 46 1762 2625 1764 2627
518 2 -1
900 18 95 19 96 1763 2626 1769 2632
519 0 -1
901 1 22 3 22 1764 2627 1766 2629
520 1 -1
902 86 73 87 73 1765 2628 1766 2629
521 0 -1
905 46 83 46 83 1768 2631 1769 2632
522 2 -1
910 32 63 32 63 1773 2636 1774 2637
523 0 -1
912 88 27 93 31 1775 2638 1785 2648
524 0 -1
914 50 67 55 69 1777 2640 1784 2647
525 2 -1
917 4 95 7 96 1780 2643 1784 2647
526 0 -1
919 0 69 1 69 1782 2645 1784 2647
527 1 -1
920 8 62 9 62 1783 2646 1786 2649
528 3 -1
921 26 47 27 47 1784 2647 1785 2648
529 2 -1
923 25 16 26 16 1786 2649 1787 2650
530 2 -1
925 49 4 51 4 1788 2651 1791 2654
531 1 -1
926 78 86 79 93 1789 2652 1798 2661
532 1 -1
927 86 52 89 52 1790 2653 1793 2656
533 3 -1
928 51 37 51 38 1791 2654 1792 2655
534 0 -1
929 98 2 98 2 1792 2655 1793 2656
535 2 -1
931 88 88 90 88 1794 2657 1796 2659
536 0 -1
933 12 72 18 73 1796 2659 1803 2666
537 3 -1
935 63 3 64 4 1798 2661 1800 2663
538 3 -1
936 71 22 72 22 1799 2662 1800 2663
539 1 -1
937 27 2 27 5 1800 2663 1804 2667
540 3 -1
938 47 71 50 71 1801 2664 1805 2668
541 0 -1
940 97 35 97 36 1803 2666 1805 2668
542 1 -1
942 68 15 68 16 1805 2668 1806 2669
543 0 -1
943 15 76 22 76 1806 2669 1813 2676
544 0 -1
944 31 24 32 24 1807 2670 1808 2671
545 2 -1
945 40 81 40 83 1808 2671 1811 2674
546 0 -1
947 84 68 94 70 1810 2673 1823 2686
547 2 -1
948 52 54 55 54 1811 2674 1814 2677
548 2 -1
950 32 51 33 51 1813 2676 1815 2678
549 0 -1
951 31 90 32 90 1814 2677 1816 2679
550 1 -1
954 45 30 47 30 1817 2680 1819 2682
551 2 -1
955 95 46 96 46 1818 2681 1819 2682
552 1 -1
957 48 2 48 4 1820 2683 1823 2686
553 3 -1
958 57 60 57 60 1821 2684 1822 2685
554 3 -1
963 88 63 89 64 1826 2689 1829 2692
555 0 -1
964 17 36 18 36 1827 2690 1829 2692
556 0 -1
966 6 51 6 53 1829 2692 1831 2694
557 2 -1
969 19 92 19 92 1832 2695 1834 2697
558 0 -1
972 27 17 30 17 1835 2698 1841 2704
559 3 -1
973 7 44 7 46 1836 2699 1840 2703
560 1 -1
974 85 82 95 82 1837 2700 1847 2710
561 2 -1
976 56 86 57 89 1839 2702 1844 2707
562 1 -1
979 67 41 70 41 1842 2705 1846 2709
563 0 -1
981 85 19 85 20 1844 2707 1845 2708
564 2 -1
983 15 47 16 49 1846 2709 1849 2712
565 1 -1
984 28 21 32 23 1847 2710 1853 2716
566 0 -1
987 34 84 37 85 1850 2713 1854 2717
567 1 -1
989 49 92 51 93 1852 2715 1855 2718
568 2 -1
990 82 91 86 91 1853 2716 1857 2720
569 3 -1
992 75 26 79 26 1855 2718 1859 2722
570 2 -1
993 61 23 63 23 1856 2719 1858 2721
571 3 -1
994 43 2 45 3 1857 2720 1861 2724
572 1 -1
996 79 51 81 51 1859 2722 1861 2724
573 2 -1
997 92 58 93 58 1860 2723 1862 2725
574 0 -1
998 97 69 98 69 1861 2724 1862 2725
575 1 -1
999 3 31 5 31 1862 2725 1864 2727
576 3 -1
1001 4 69 12 83 1864 2727 1913 2776
577 2 -1
1004 45 31 47 31 1867 2730 1869 2732
578 1 -1
1008 65 71 66 71 1871 2734 1872 2735
579 2 -1
1010 97 82 97 83 1873 2736 1875 2738
580 2 -1
1012 98 41 98 41 1875 2738 1876 2739
581 0 -1
1015 45 23 46 23 1878 2741 1879 2742
582 2 -1
1016 8 58 9 58 1879 2742 1880 2743
583 2 -1
1017 52 85 53 86 1880 2743 1883 2746
584 1 -1
1018 3 20 11 26 1881 2744 1895 2758
585 2 -1
1019 48 1 50 6 1882 2745 1892 2755
586 2 -1
1020 69 60 69 62 1883 2746 1886 2749
587 3 -1
1021 55 30 55 30 1884 2747 1885 2748
588 1 -1
1022 79 15 89 15 1885 2748 1899 2762
589 2 -1
1025 59 85 59 85 1888 2751 1893 2756
590 0 -1
1027 16 47 16 47 1890 2753 1891 2754
591 1 -1
1028 42 35 43 35 1891 2754 1892 2755
592 1 -1
1031 35 20 37 21 1894 2757 1903 2766
593 1 -1
1032 88 55 90 58 1895 2758 1902 2765
594 3 -1
1033 88 91 92 91 1896 2759 1900 2763
595 0 -1
1035 47 89 47 90 1898 2761 1900 2763
596 3 -1
1036 8 99 9 99 1899 2762 1901 2764
597 3 -1
1037 70 84 70 84 1900 2763 1901 2764
598 3 -1
1039 69 16 69 17 1902 2765 1903 2766
599 3 -1
1040 51 40 51 40 1903 2766 1904 2767
600 1 -1
1042 16 12 21 17 1905 2768 1916 2779
601 0 -1
1044 85 89 86 89 1907 2770 1908 2771
602 0 -1
1045 96 7 98 7 1908 2771 1911 2774
603 3 -1
1051 14 35 14 36 1914 2777 1915 2778
604 3 -1
1053 96 98 97 98 1916 2779 1917 2780
605 3 -1
1056 84 2 84 3 1919 2782 1921 2784
606 0 -1
1057 65 29 66 30 1920 2783 1922 2785
607 0 -1
1059 69 11 73 11 1922 2785 1926 2789
608 0 -1
1060 27 83 27 87 1923 2786 1928 2791
609 0 -1
1063 6 3 9 3 1926 2789 1929 2792
610 2 -1
1065 82 45 82 47 1928 2791 1931 2794
611 3 -1
1066 26 23 28 23 1929 2792 1931 2794
612 0 -1
1067 23 98 23 99 1930 2793 1931 2794
613 2 -1
1070 90 58 78 58 1933 2796 1945 2808
614 3 -1
1071 78 97 78 92 1934 2797 1939 2802
615 2 -1
1073 51 95 63 98 1936 2799 1951 2814
616 0 -1
1074 34 61 34 61 1937 2800 1938 2801
617 3 -1
1075 53 5 56 5 1938 2801 1941 2804
618 1 -1
1078 41 26 43 27 1941 2804 1945 2808
619 0 -1
1082 65 68 65 69 1945 2808 1946 2809
620 0 -1
1083 38 17 40 17 1946 2809 1948 2811
621 2 -1
1084 48 65 48 71 1947 2810 1953 2816
622 1 -1
1085 56 45 58 45 1948 2811 1951 2814
623 2 -1
1086 27 18 31 18 1949 2812 1953 2816
624 0 -1
1090 53 64 54 64 1953 2816 1954 2817
625 2 -1
1091 25 43 26 43 1954 2817 1955 2818
626 1 -1
1092 95 50 96 50 1955 2818 1956 2819
627 2 -1
1095 32 17 33 17 1958 2821 1961 2824
628 0 -1
1097 92 12 95 12 1960 2823 1963 2826
629 1 -1
1098 86 58 90 58 1961 2824 1965 2828
630 1 -1
1099 51 35 56 35 1962 2825 1967 2830
631 2 -1
1100 38 74 38 74 1963 2826 1968 2831
632 2 -1
1102 23 51 23 51 1965 2828 1968 2831
633 0 -1
1103 22 78 23 82 1966 2829 1973 2836
634 0 -1
1104 98 72 99 72 1967 2830 1968 2831
635 3 -1
1105 32 69 32 69 1968 2831 1969 2832
636 2 -1
1107 27 61 30 64 1970 2833 1980 2843
637 3 -1
1109 85 27 87 28 1972 2835 1975 2838
638 1 -1
1111 32 0 34 0 1974 2837 1976 2839
639 3 -1
1113 2 5 3 5 1976 2839 1977 2840
640 1 -1
1114 49 95 50 95 1977 2840 1978 2841
641 0 -1
1115 73 69 73 72 1978 2841 1981 2844
642 3 -1
1116 99 12 99 16 1979 2842 1990 2853
643 2 -1
1118 69 7 69 8 1981 2844 1983 2846
644 3 -1
1120 73 89 75 89 1983 2846 1985 2848
645 1 -1
1121 50 79 51 79 1984 2847 1985 2848
646 3 -1
1122 46 54 48 54 1985 2848 1988 2851
647 3 -1
1124 20 44 22 47 1987 2850 1994 2857
648 0 -1
1125 55 58 57 58 1988 2851 1990 2853
649 1 -1
1126 19 20 23 28 1989 2852 2001 2864
650 2 -1
1129 56 67 56 68 1992 2855 1993 2856
651 2 -1
1130 66 26 66 26 1993 2856 1994 2857
652 2 -1
1132 75 25 77 25 1995 2858 1997 2860
653 2 -1
1133 6 67 7 69 1996 2859 1999 2862
654 1 -1
1137 61 20 63 20 2000 2863 2004 2867
655 2 -1
1138 53 6 53 7 2001 2864 2002 2865
656 2 -1
1139 35 60 35 60 2002 2865 2003 2866
657 1 -1
1141 30 30 30 31 2004 2867 2006 2869
658 1 -1
1142 9 67 10 68 2005 2868 2008 2871
659 1 -1
1144 93 46 93 48 2007 2870 2010 2873
660 2 -1
1147 49 75 50 75 2010 2873 2011 2874
661 3 -1
1150 11 37 12 37 2013 2876 2014 2877
662 2 -1
1151 24 69 25 70 2014 2877 2016 2879
663 1 -1
1154 50 88 51 88 2017 2880 2018 2881
664 0 -1
1156 56 95 58 95 2019 2882 2021 2884
665 2 -1
1157 40 78 45 78 2020 2883 2025 2888
666 1 -1
1158 98 31 98 34 2021 2884 2025 2888
667 3 -1
1159 33 25 35 25 2022 2885 2024 2887
668 3 -1
1164 34 24 36 24 2027 2890 2030 2893
669 1 -1
1166 45 29 46 30 2029 2892 2032 2895
670 1 -1
1169 77 10 77 11 2032 2895 2035 2898
671 3 -1
1170 50 96 52 96 2033 2896 2036 2899
672 3 -1
1171 85 59 89 59 2034 2897 2043 2906
673 0 -1
1172 87 68 88 68 2035 2898 2036 2899
674 2 -1
1174 25 94 25 94 2037 2900 2044 2907
675 0 -1
1175 23 85 23 86 2038 2901 2041 2904
676 0 -1
1176 35 21 35 22 2039 2902 2041 2904
677 2 -1
1177 67 24 69 24 2040 2903 2042 2905
678 0 -1
1179 42 98 42 98 2042 2905 2043 2906
679 3 -1
1186 18 31 18 32 2049 2912 2051 2914
680 0 -1
1187 40 66 42 66 2050 2913 2052 2915
681 2 -1
1188 8 43 8 43 2051 2914 2052 2915
682 3 -1
1190 52 67 53 67 2053 2916 2054 2917
683 0 -1
1191 75 44 76 44 2054 2917 2056 2919
684 2 -1
1194 15 32 15 34 2057 2920 2059 2922
685 0 -1
1195 53 59 54 59 2058 2921 2061 2924
686 1 -1
1197 49 27 51 27 2060 2923 2063 2926
687 0 -1
1198 43 59 43 60 2061 2924 2065 2928
688 0 -1
1201 82 54 84 55 2064 2927 2069 2932
689 3 -1
1202 58 78 59 78 2065 2928 2066 2929
690 2 -1
1203 98 21 98 21 2066 2929 2067 2930
691 3 -1
1205 6 55 7 55 2068 2931 2071 2934
692 1 -1
1207 28 94 28 94 2070 2933 2074 2937
693 2 -1
1208 49 1 50 1 2071 2934 2073 2936
694 3 -1
1209 82 8 82 9 2072 2935 2073 2936
695 1 -1
1211 18 13 19 16 2074 2937 2078 2941
696 1 -1
1214 71 13 75 14 2077 2940 2083 2946
697 3 -1
1217 73 2 73 3 2080 2943 2082 2945
698 0 -1
1218 31 64 31 64 2081 2944 2082 2945
699 1 -1
1219 15 5 16 6 2082 2945 2089 2952
700 2 -1
1220 74 53 74 53 2083 2946 2084 2947
701 0 -1
1222 95 89 96 90 2085 2948 2088 2951
702 1 -1
1223 24 2 28 2 2086 2949 2090 2953
703 3 -1
1226 84 11 85 13 2089 2952 2092 2955
704 0 -1
1227 64 7 64 7 2090 2953 2091 2954
705 1 -1
1229 49 85 50 85 2092 2955 2093 2956
706 2 -1
1230 73 68 77 69 2093 2956 2098 2961
707 3 -1
1231 42 17 43 17 2094 2957 2095 2958
708 3 -1
1233 94 5 95 5 2096 2959 2098 2961
709 3 -1
1235 25 26 26 26 2098 2961 2099 2962
710 2 -1
1236 31 64 31 66 2099 2962 2104 2967
711 2 -1
1237 90 20 94 21 2100 2963 2105 2968
712 3 -1
1238 60 6 65 6 2101 2964 2106 2969
713 3 -1
1240 29 33 33 33 2103 2966 2107 2970
714 3 -1
1241 26 93 27 93 2104 2967 2105 2968
715 2 -1
1242 63 62 75 62 2105 2968 2118 2981
716 1 -1
1243 82 10 83 10 2106 2969 2108 2971
717 3 -1
1244 64 79 67 80 2107 2970 2114 2977
718 2 -1
1246 51 42 55 46 2109 2972 2118 2981
719 0 -1
1250 34 33 35 33 2113 2976 2114 2977
720 2 -1
1254 2 34 2 36 2117 2980 2124 2987
721 2 -1
1255 77 67 77 70 2118 2981 2122 2985
722 0 -1
1258 85 37 87 42 2121 2984 2137 3000
723 3 -1
1259 2 94 11 99 2122 2985 2140 3003
724 0 -1
1260 67 35 67 41 2123 2986 2129 2992
725 2 -1
1261 11 23 12 29 2124 2987 2131 2994
726 2 -1
1263 82 3 84 5 2126 2989 2133 2996
727 3 -1
1264 0 93 1 95 2127 2990 2131 2994
728 1 -1
1265 67 45 68 45 2128 2991 2130 2993
729 3 -1
1266 94 28 95 28 2129 2992 2130 2993
730 1 -1
1268 52 2 52 2 2131 2994 2134 2997
731 0 -1
1276 24 38 24 38 2139 3002 2140 3003
732 3 -1
1277 14 96 18 97 2140 3003 2145 3008
733 3 -1
1281 51 32 52 32 2144 3007 2146 3009
734 2 -1
1284 94 27 96 27 2147 3010 2149 3012
735 2 -1
1287 97 91 94 92 2150 3013 2154 3017
736 0 -1
1290 93 32 86 32 2153 3016 2160 3023
737 1 -1
1291 20 14 20 17 2154 3017 2157 3020
738 0 -1
1292 48 11 49 29 2155 3018 2181 3044
739 1 -1
1297 39 38 42 38 2160 3023 2163 3026
740 3 -1
1298 35 31 36 31 2161 3024 2162 3025
741 0 -1
1299 48 66 49 68 2162 3025 2165 3028
742 1 -1
1300 82 20 84 20 2163 3026 2165 3028
743 1 -1
1307 81 52 82 52 2170 3033 2171 3034
744 3 -1
1309 15 11 17 11 2172 3035 2174 3037
745 3 -1
1312 1 80 2 81 2175 3038 2177 3040
746 1 -1
1313 54 93 54 93 2176 3039 2177 3040
747 2 -1
1314 99 63 98 63 2177 3040 2181 3044
748 3 -1
1315 41 47 43 47 2178 3041 2183 3046
749 2 -1
1316 6 53 6 54 2179 3042 2181 3044
750 2 -1
1317 14 83 16 83 2180 3043 2182 3045
751 3 -1
1318 47 25 50 25 2181 3044 2184 3047
752 3 -1
1319 97 26 99 26 2182 3045 2184 3047
753 2 -1
1320 85 32 86 32 2183 3046 2184 3047
754 0 -1
1321 99 92 98 93 2184 3047 2186 3049
755 3 -1
1323 72 63 73 63 2186 3049 2188 3051
756 2 -1
1324 2 24 2 28 2187 3050 2192 3055
757 2 -1
1325 11 23 17 23 2188 3051 2194 3057
758 1 -1
1326 39 2 40 2 2189 3052 2190 3053
759 3 -1
1327 10 50 20 50 2190 3053 2200 3063
760 0 -1
1329 6 36 7 37 2192 3055 2194 3057
761 1 -1
1332 41 84 42 84 2195 3058 2197 3060
762 2 -1
1333 65 82 66 82 2196 3059 2197 3060
763 0 -1
1335 15 99 22 94 2198 3061 2214 3077
764 1 -1
1336 97 3 98 3 2199 3062 2200 3063
765 0 -1
1338 33 75 34 77 2201 3064 2204 3067
766 2 -1
1340 85 75 88 79 2203 3066 2210 3073
767 3 -1
1342 51 33 53 33 2205 3068 2208 3071
768 3 -1
1344 26 47 27 47 2207 3070 2209 3072
769 2 -1
1345 87 78 88 78 2208 3071 2209 3072
770 2 -1
1347 33 94 34 94 2210 3073 2213 3076
771 2 -1
1348 19 54 22 56 2211 3074 2216 3079
772 3 -1
1349 64 52 68 54 2212 3075 2218 3081
773 2 -1
1354 35 20 37 20 2217 3080 2220 3083
774 3 -1
1355 86 57 89 57 2218 3081 2223 3086
775 2 -1
1359 96 1 91 1 2222 3085 2227 3090
776 3 -1
1362 37 11 38 11 2225 3088 2227 3090
777 1 -1
1365 28 18 29 18 2228 3091 2229 3092
778 3 -1
1368 63 30 64 30 2231 3094 2233 3096
779 3 -1
1369 79 12 83 19 2232 3095 2267 3130
780 3 -1
1370 83 42 85 42 2233 3096 2235 3098
781 2 -1
1372 63 91 63 92 2235 3098 2240 3103
782 2 -1
1374 37 77 37 78 2237 3100 2239 3102
783 0 -1
1375 31 83 38 83 2238 3101 2245 3108
784 1 -1
1376 43 64 43 64 2239 3102 2240 3103
785 1 -1
1377 61 46 64 46 2240 3103 2243 3106
786 3 -1
1378 35 5 36 5 2241 3104 2242 3105
787 1 -1
1379 57 86 59 87 2242 3105 2246 3109
788 1 -1
1381 23 71 24 73 2244 3107 2247 3110
789 2 -1
1382 13 8 15 9 2245 3108 2248 3111
790 0 -1
1383 75 46 76 46 2246 3109 2248 3111
791 3 -1
1385 65 94 68 94 2248 3111 2254 3117
792 3 -1
1386 36 12 38 12 2249 3112 2252 3115
793 2 -1
1387 24 9 31 10 2250 3113 2261 3124
794 3 -1
1388 44 82 44 84 2251 3114 2254 3117
795 1 -1
1389 0 48 2 48 2252 3115 2254 3117
796 2 -1
1390 48 31 48 31 2253 3116 2255 3118
797 2 -1
1391 59 7 61 7 2254 3117 2256 3119
798 3 -1
1393 47 58 47 60 2256 3119 2258 3121
799 1 -1
1395 55 94 62 95 2258 3121 2266 3129
800 2 -1
1396 38 6 39 6 2259 3122 2260 3123
801 1 -1
1400 14 6 16 7 2263 3126 2266 3129
802 0 -1
1401 71 86 73 87 2264 3127 2267 3130
803 0 -1
1402 91 27 96 29 2265 3128 2272 3135
804 0 -1
1403 7 77 9 77 2266 3129 2268 3131
805 3 -1
1406 67 97 68 97 2269 3132 2270 3133
806 3 -1
1411 26 35 26 37 2274 3137 2276 3139
807 3 -1
1412 17 47 18 51 2275 3138 2281 3144
808 0 -1
1413 40 60 41 60 2276 3139 2277 3140
809 1 -1
1414 72 21 72 21 2277 3140 2279 3142
810 2 -1
1415 39 18 39 19 2278 3141 2280 3143
811 0 -1
1417 31 37 32 37 2280 3143 2281 3144
812 0 -1
1418 10 76 12 76 2281 3144 2286 3149
813 1 -1
1419 16 35 19 36 2282 3145 2289 3152
814 2 -1
1420 15 80 15 83 2283 3146 2291 3154
815 1 -1
1423 88 86 88 86 2286 3149 2287 3150
816 1 -1
1426 20 32 22 32 2289 3152 2291 3154
817 0 -1
1428 9 55 12 55 2291 3154 2294 3157
818 3 -1
1429 21 12 22 13 2292 3155 2294 3157
819 0 -1
1430 71 18 72 18 2293 3156 2294 3157
820 2 -1
1431 49 74 52 74 2294 3157 2297 3160
821 0 -1
1432 83 73 84 73 2295 3158 2296 3159
822 1 -1
1434 35 76 35 77 2297 3160 2298 3161
823 0 -1
1435 97 31 93 31 2298 3161 2305 3168
824 1 -1
1436 6 72 7 72 2299 3162 2301 3164
825 2 -1
1438 1 37 5 37 2301 3164 2305 3168
826 3 -1
1439 46 13 47 13 2302 3165 2303 3166
827 0 -1
1440 88 47 91 47 2303 3166 2306 3169
828 3 -1
1441 49 37 52 39 2304 3167 2311 3174
829 1 -1
1442 3 25 4 25 2305 3168 2307 3170
830 2 -1
1443 95 68 96 72 2306 3169 2311 3174
831 2 -1
1444 10 30 10 30 2307 3170 2309 3172
832 3 -1
1446 18 59 18 63 2309 3172 2315 3178
833 0 -1
1447 49 81 51 81 2310 3173 2312 3175
834 1 -1
1448 37 11 37 11 2311 3174 2313 3176
835 0 -1
1452 22 40 22 40 2315 3178 2316 3179
836 3 -1
1454 70 27 74 27 2317 3180 2321 3184
837 3 -1
1455 64 58 64 60 2318 3181 2320 3183
838 2 -1
1456 72 28 73 28 2319 3182 2320 3183
839 3 -1
1457 55 57 58 59 2320 3183 2326 3189
840 2 -1
1458 11 21 14 23 2321 3184 2331 3194
841 3 -1
1461 17 93 20 93 2324 3187 2327 3190
842 1 -1
1462 19 4 20 5 2325 3188 2329 3192
843 3 -1
1463 80 82 82 82 2326 3189 2328 3191
844 3 -1
1465 97 64 97 64 2328 3191 2330 3193
845 1 -1
1466 0 99 1 99 2329 3192 2331 3194
846 0 -1
1468 76 53 76 54 2331 3194 2332 3195
847 0 -1
1469 31 59 32 60 2332 3195 2337 3200
848 2 -1
1470 57 17 57 17 2333 3196 2334 3197
849 2 -1
1472 80 34 81 36 2335 3198 2340 3203
850 0 -1
1473 92 25 93 28 2336 3199 2341 3204
851 2 -1
1474 79 22 81 30 2337 3200 2348 3211
852 0 -1
1475 51 33 53 33 2338 3201 2340 3203
853 2 -1
1478 42 70 48 70 2341 3204 2347 3210
854 2 -1
1479 28 93 28 93 2342 3205 2344 3207
855 0 -1
1481 81 38 81 40 2344 3207 2346 3209
856 3 -1
1483 73 56 83 57 2346 3209 2357 3220
857 0 -1
1486 30 18 31 18 2349 3212 2354 3217
858 0 -1
1487 35 57 38 58 2350 3213 2354 3217
859 0 -1
1493 69 20 71 20 2356 3219 2358 3221
860 3 -1
1495 17 8 18 8 2358 3221 2359 3222
861 3 -1
1496 51 55 53 56 2359 3222 2363 3226
862 2 -1
1497 51 54 54 54 2360 3223 2364 3227
863 0 -1
1499 25 1 27 1 2362 3225 2364 3227
864 3 -1
1500 48 10 48 11 2363 3226 2365 3228
865 1 -1
1501 31 16 36 16 2364 3227 2372 3235
866 0 -1
1502 14 99 18 99 2365 3228 2369 3232
867 1 -1
1504 10 35 12 40 2367 3230 2380 3243
868 3 -1
1505 9 85 9 92 2368 3231 2378 3241
869 1 -1
1506 31 72 32 72 2369 3232 2371 3234
870 2 -1
1507 25 98 26 100 2370 3233 2373 3236
871 1 -1
1508 93 61 95 65 2371 3234 2377 3240
872 3 -1
1509 65 22 66 22 2372 3235 2373 3236
873 0 -1
1511 60 98 60 100 2374 3237 2376 3239
874 1 -1
1513 60 94 65 94 2376 3239 2381 3244
875 2 -1
1515 79 30 80 30 2378 3241 2379 3242
876 2 -1
1516 62 15 64 15 2379 3242 2382 3245
877 1 -1
1517 90 42 91 43 2380 3243 2383 3246
878 1 -1
1518 98 31 99 33 2381 3244 2384 3247
879 3 -1
1519 65 79 65 79 2382 3245 2383 3246
880 1 -1
1521 46 37 50 37 2384 3247 2388 3251
881 3 -1
1522 6 30 7 31 2385 3248 2387 3250
882 2 -1
1523 95 88 95 90 2386 3249 2388 3251
883 3 -1
1527 10 19 14 19 2390 3253 2394 3257
884 0 -1
1528 49 6 50 6 2391 3254 2392 3255
885 0 -1
1533 93 0 93 1 2396 3259 2397 3260
886 1 -1
1534 74 98 77 94 2397 3260 2406 3269
887 0 -1
1535 91 80 94 80 2398 3261 2401 3264
888 1 -1
1536 24 32 24 32 2399 3262 2401 3264
889 2 -1
1538 76 8 78 8 2401 3264 2405 3268
890 3 -1
1540 26 18 26 18 2403 3266 2404 3267
891 3 -1
1543 29 92 30 92 2406 3269 2409 3272
892 1 -1
1544 12 70 13 70 2407 3270 2409 3272
893 2 -1
1545 83 58 83 60 2408 3271 2410 3273
894 3 -1
1547 15 19 20 19 2410 3273 2415 3278
895 3 -1
1550 69 45 71 45 2413 3276 2415 3278
896 1 -1
1551 60 30 62 30 2414 3277 2416 3279
897 2 -1
1552 37 47 41 48 2415 3278 2420 3283
898 3 -1
1554 90 77 90 79 2417 3280 2421 3284
899 2 -1
1555 57 51 59 51 2418 3281 2420 3283
900 3 -1
1556 43 75 43 77 2419 3282 2421 3284
901 0 -1
1559 57 36 59 37 2422 3285 2428 3291
902 0 -1
1560 49 12 54 12 2423 3286 2429 3292
903 1 -1
1562 95 41 97 41 2425 3288 2427 3290
904 1 -1
1563 71 35 78 35 2426 3289 2436 3299
905 2 -1
1564 27 9 27 9 2427 3290 2429 3292
906 3 -1
1566 28 7 30 7 2429 3292 2431 3294
907 1 -1
1567 51 61 55 61 2430 3293 2434 3297
908 0 -1
1573 82 7 85 8 2436 3299 2444 3307
909 2 -1
1575 77 80 77 80 2438 3301 2439 3302
910 0 -1
1576 94 69 96 69 2439 3302 2441 3304
911 1 -1
1577 55 65 55 65 2440 3303 2442 3305
912 0 -1
1579 18 54 20 54 2442 3305 2445 3308
913 1 -1
1580 60 76 62 76 2443 3306 2445 3308
914 0 -1
1582 75 97 75 97 2445 3308 2446 3309
915 3 -1
1584 58 76 59 76 2447 3310 2448 3311
916 3 -1
1587 34 75 36 80 2450 3313 2462 3325
917 2 -1
1588 25 43 28 44 2451 3314 2455 3318
918 2 -1
1589 29 25 29 25 2452 3315 2454 3317
919 3 -1
1590 62 58 62 58 2453 3316 2456 3319
920 1 -1
1591 13 93 17 94 2454 3317 2459 3322
921 2 -1
1593 96 16 92 16 2456 3319 2460 3323
922 3 -1
1594 81 42 81 43 2457 3320 2459 3322
923 1 -1
1596 29 37 29 37 2459 3322 2461 3324
924 3 -1
1598 54 32 55 32 2461 3324 2462 3325
925 1 -1
1599 45 36 46 37 2462 3325 2466 3329
926 1 -1
1600 23 37 24 37 2463 3326 2464 3327
927 0 -1
1603 71 20 71 21 2466 3329 2467 3330
928 0 -1
1606 45 34 47 34 2469 3332 2471 3334
929 2 -1
1608 58 75 59 75 2471 3334 2472 3335
930 0 -1
1609 47 84 49 84 2472 3335 2474 3337
931 2 -1
1610 18 79 19 79 2473 3336 2474 3337
932 3 -1
1611 87 20 89 20 2474 3337 2476 3339
933 3 -1
1613 58 33 59 33 2476 3339 2478 3341
934 3 -1
1615 90 68 91 68 2478 3341 2479 3342
935 3 -1
1618 8 1 8 3 2481 3344 2484 3347
936 0 -1
1620 65 69 66 70 2483 3346 2488 3351
937 2 -1
1621 35 29 38 30 2484 3347 2491 3354
938 0 -1
1623 92 52 94 52 2486 3349 2491 3354
939 1 -1
1624 17 83 18 83 2487 3350 2488 3351
940 2 -1
1625 65 47 66 47 2488 3351 2491 3354
941 1 -1
1626 76 36 78 36 2489 3352 2491 3354
942 0 -1
1627 94 14 95 21 2490 3353 2503 3366
943 3 -1
1629 67 65 67 66 2492 3355 2493 3356
944 1 -1
1631 86 50 87 51 2494 3357 2496 3359
945 3 -1
1633 84 86 90 90 2496 3359 2506 3369
946 3 -1
1634 22 48 23 49 2497 3360 2499 3362
947 1 -1
1637 87 20 88 20 2500 3363 2501 3364
948 0 -1
1638 81 93 82 95 2501 3364 2504 3367
949 0 -1
1640 36 79 37 80 2503 3366 2513 3376
950 3 -1
1641 25 70 27 71 2504 3367 2507 3370
951 1 -1
1642 93 54 94 56 2505 3368 2509 3372
952 1 -1
1645 20 96 20 96 2508 3371 2509 3372
953 3 -1
1648 98 28 96 28 2511 3374 2513 3376
954 2 -1
1649 17 34 18 34 2512 3375 2514 3377
955 3 -1
1650 28 17 29 17 2513 3376 2514 3377
956 2 -1
1656 92 62 95 62 2519 3382 2523 3386
957 1 -1
1657 6 52 8 52 2520 3383 2523 3386
958 1 -1
1659 8 68 8 68 2522 3385 2526 3389
959 2 -1
1660 37 57 39 59 2523 3386 2527 3390
960 1 -1
1661 85 65 90 65 2524 3387 2531 3394
961 1 -1
1662 56 24 61 24 2525 3388 2532 3395
962 2 -1
1663 13 28 20 28 2526 3389 2533 3396
963 1 -1
1664 29 91 29 91 2527 3390 2529 3392
964 3 -1
1665 32 18 32 19 2528 3391 2529 3392
965 2 -1
1668 58 69 60 70 2531 3394 2534 3397
966 1 -1
1671 81 59 82 63 2534 3397 2542 3405
967 3 -1
1672 23 9 23 9 2535 3398 2536 3399
968 0 -1
1673 19 1 22 1 2536 3399 2541 3404
969 1 -1
1675 59 92 59 93 2538 3401 2539 3402
970 1 -1
1676 65 10 65 12 2539 3402 2542 3405
971 1 -1
1678 71 43 71 44 2541 3404 2544 3407
972 2 -1
1679 14 21 18 23 2542 3405 2549 3412
973 3 -1
1680 56 20 56 24 2543 3406 2547 3410
974 2 -1
1683 59 7 61 11 2546 3409 2553 3416
975 1 -1
1685 57 39 59 40 2548 3411 2551 3414
976 3 -1
1686 79 88 86 90 2549 3412 2559 3422
977 0 -1
1687 5 70 9 70 2550 3413 2554 3417
978 0 -1
1688 76 69 78 73 2551 3414 2557 3420
979 0 -1
1690 11 10 14 11 2553 3416 2557 3420
980 3 -1
1691 88 54 88 54 2554 3417 2556 3419
981 3 -1
1692 70 18 70 20 2555 3418 2558 3421
982 3 -1
1694 67 77 67 77 2557 3420 2558 3421
983 1 -1
1695 84 32 88 32 2558 3421 2562 3425
984 2 -1
1696 34 98 34 95 2559 3422 2562 3425
985 2 -1
1697 63 22 64 23 2560 3423 2562 3425
986 3 -1
1698 19 87 19 88 2561 3424 2563 3426
987 1 -1
1700 79 94 79 95 2563 3426 2565 3428
988 2 -1
1702 51 61 57 61 2565 3428 2579 3442
989 1 -1
1703 62 43 63 43 2566 3429 2567 3430
990 3 -1
1704 58 1 58 3 2567 3430 2570 3433
991 1 -1
1709 32 9 33 11 2572 3435 2575 3438
992 1 -1
1712 45 10 48 10 2575 3438 2578 3441
993 0 -1
1714 17 77 18 77 2577 3440 2578 3441
994 3 -1
1717 78 26 81 26 2580 3443 2584 3447
995 2 -1
1718 68 91 70 91 2581 3444 2583 3446
996 1 -1
1720 8 76 12 77 2583 3446 2589 3452
997 3 -1
1722 44 19 44 20 2585 3448 2586 3449
998 3 -1
1723 89 65 89 66 2586 3449 2588 3451
999 0 -1
1725 86 33 88 33 2588 3451 2590 3453
1000 0 -1
1726 61 53 61 54 2589 3452 2592 3455
