100 100 1107
16
0 60 61
1 86 17
2 83 40
3 15 79
4 65 78
5 89 1
6 47 9
7 34 12
8 29 81
9 76 98
10 84 95
11 3 73
12 66 71
13 21 70
14 54 34
15 36 30
16
0 0 0 100 6
0
1 1 0 100 6
0
2 2 0 100 6
0
3 3 0 100 6
0
4 4 0 100 6
0
5 5 0 100 6
0
6 6 0 100 6
0
7 7 0 100 6
0
8 8 0 100 6
0
9 9 0 100 6
0
10 10 0 100 6
0
11 11 0 100 6
0
12 12 0 100 6
0
13 13 0 100 6
0
14 14 0 100 6
0
15 15 0 100 6
0
300
1 13 -1
2 25 63 26 65 278 554 281 557
2 10 -1
5 85 60 88 62 281 557 286 562
3 3 -1
7 47 22 48 22 283 559 287 563
4 9 -1
8 4 26 10 28 284 560 293 569
5 8 -1
9 62 74 62 78 285 561 291 567
6 1 -1
10 97 70 99 70 286 562 290 566
7 10 -1
11 1 17 7 17 287 563 293 569
8 9 -1
12 33 44 34 44 288 564 290 566
9 7 -1
13 54 76 54 78 289 565 291 567
10 1 -1
14 77 10 80 10 290 566 293 569
11 6 -1
15 31 6 37 6 291 567 297 573
12 10 -1
17 79 39 82 40 293 569 297 573
13 1 -1
18 40 22 45 22 294 570 300 576
14 5 -1
19 11 40 12 40 295 571 296 572
15 2 -1
20 76 98 77 98 296 572 298 574
16 4 -1
21 99 94 97 94 297 573 299 575
17 11 -1
22 12 45 14 45 298 574 302 578
18 7 -1
24 25 24 25 25 300 576 302 578
19 6 -1
29 49 69 50 73 305 581 311 587
20 1 -1
30 25 71 25 71 306 582 308 584
21 9 -1
31 71 41 71 42 307 583 309 585
22 0 -1
33 39 56 39 57 309 585 315 591
23 3 -1
35 81 42 82 42 311 587 312 588
24 15 -1
36 82 33 82 33 312 588 314 590
25 12 -1
39 0 84 1 84 315 591 316 592
26 15 -1
40 4 30 5 30 316 592 317 593
27 2 -1
41 49 19 49 21 317 593 319 595
28 3 -1
42 10 98 10 99 318 594 319 595
29 15 -1
43 11 20 12 20 319 595 320 596
30 12 -1
45 98 32 96 32 321 597 323 599
31 8 -1
49 16 15 17 17 325 601 328 604
32 7 -1
52 91 21 91 22 328 604 335 611
33 0 -1
53 84 88 86 91 329 605 334 610
34 2 -1
54 83 47 83 47 330 606 331 607
35 6 -1
56 38 77 45 82 332 608 349 625
36 8 -1
57 48 7 49 7 333 609 335 611
37 8 -1
59 87 57 87 58 335 611 336 612
38 15 -1
61 44 67 46 67 337 613 339 615
39 13 -1
62 20 27 26 29 338 614 346 622
40 9 -1
64 7 15 7 22 340 616 359 635
41 2 -1
69 48 75 48 75 345 621 347 623
42 14 -1
71 53 99 54 94 347 623 355 631
43 9 -1
73 78 69 81 71 349 625 354 630
44 14 -1
76 83 11 86 11 352 628 355 631
45 3 -1
78 6 14 7 14 354 630 356 632
46 5 -1
80 73 62 76 62 356 632 359 635
47 6 -1
81 27 95 27 97 357 633 359 635
48 4 -1
82 88 74 93 74 358 634 364 640
49 8 -1
83 35 19 40 19 359 635 364 640
50 11 -1
84 74 15 75 15 360 636 361 637
51 7 -1
86 24 43 31 46 362 638 372 648
52 10 -1
87 40 94 40 94 363 639 364 640
53 1 -1
90 34 0 35 0 366 642 367 643
54 1 -1
91 56 95 59 96 367 643 371 647
55 15 -1
92 13 72 14 72 368 644 369 645
56 11 -1
93 96 5 97 7 369 645 372 648
57 13 -1
94 83 29 88 29 370 646 376 652
58 11 -1
96 2 86 4 86 372 648 374 650
59 1 -1
103 31 66 34 66 379 655 382 658
60 14 -1
105 72 49 72 50 381 657 383 659
61 6 -1
106 19 14 29 14 382 658 392 668
62 15 -1
107 31 68 32 70 383 659 386 662
63 7 -1
108 96 35 96 40 384 660 392 668
64 5 -1
110 71 72 72 72 386 662 394 670
65 6 -1
111 55 28 55 28 387 663 388 664
66 12 -1
114 63 36 63 38 390 666 396 672
67 1 -1
115 21 6 24 6 391 667 396 672
68 12 -1
116 75 78 78 86 392 668 404 680
69 0 -1
119 47 78 48 79 395 671 398 674
70 2 -1
120 57 79 58 79 396 672 397 673
71 8 -1
122 54 70 58 70 398 674 402 678
72 14 -1
123 2 61 3 62 399 675 402 678
73 6 -1
124 92 73 95 74 400 676 404 680
74 6 -1
127 95 18 95 18 403 679 404 680
75 4 -1
128 7 98 19 99 404 680 423 699
76 5 -1
130 92 71 92 72 406 682 407 683
77 8 -1
132 50 90 61 94 408 684 423 699
78 11 -1
134 79 89 80 89 410 686 411 687
79 12 -1
135 35 46 42 48 411 687 422 698
80 7 -1
136 5 12 5 12 412 688 414 690
81 12 -1
139 80 88 80 88 415 691 416 692
82 0 -1
140 83 75 84 75 416 692 420 696
83 3 -1
141 63 46 68 46 417 693 422 698
84 8 -1
144 77 28 78 28 420 696 425 701
85 9 -1
145 91 0 92 0 421 697 423 699
86 12 -1
146 59 33 60 33 422 698 423 699
87 6 -1
147 83 63 84 63 423 699 424 700
88 8 -1
148 41 64 42 64 424 700 425 701
89 2 -1
149 6 14 7 15 425 701 427 703
90 2 -1
150 87 98 92 99 426 702 432 708
91 4 -1
153 97 93 98 93 429 705 430 706
92 3 -1
154 81 95 82 95 430 706 434 710
93 7 -1
155 3 27 6 27 431 707 435 711
94 7 -1
156 84 79 85 80 432 708 437 713
95 1 -1
157 60 25 63 27 433 709 438 714
96 14 -1
160 53 63 54 67 436 712 442 718
97 13 -1
162 73 84 73 84 438 714 439 715
98 4 -1
163 87 22 88 22 439 715 440 716
99 5 -1
166 30 15 32 15 442 718 444 720
100 12 -1
167 64 64 69 64 443 719 448 724
101 6 -1
168 31 24 31 25 444 720 446 722
102 2 -1
169 19 44 19 47 445 721 450 726
103 4 -1
170 69 79 71 80 446 722 451 727
104 9 -1
172 17 77 22 77 448 724 453 729
105 2 -1
173 78 60 81 61 449 725 454 730
106 11 -1
174 5 53 7 53 450 726 452 728
107 13 -1
179 96 23 97 23 455 731 456 732
108 8 -1
183 46 79 48 81 459 735 464 740
109 15 -1
184 2 2 4 2 460 736 462 738
110 7 -1
185 96 8 96 9 461 737 463 739
111 13 -1
186 66 49 70 53 462 738 471 747
112 3 -1
187 54 63 60 63 463 739 469 745
113 13 -1
189 29 36 32 38 465 741 470 746
114 13 -1
190 6 88 11 88 466 742 471 747
115 13 -1
193 36 47 36 47 469 745 470 746
116 14 -1
196 99 40 99 41 472 748 474 750
117 14 -1
197 65 86 66 86 473 749 474 750
118 15 -1
198 71 31 88 32 474 750 492 768
119 11 -1
199 85 68 85 68 475 751 476 752
120 14 -1
200 0 31 1 32 476 752 478 754
121 14 -1
201 61 82 61 82 477 753 478 754
122 10 -1
204 91 33 91 33 480 756 481 757
123 9 -1
208 3 81 3 82 484 760 485 761
124 15 -1
209 83 29 84 29 485 761 486 762
125 10 -1
211 99 17 97 18 487 763 490 766
126 1 -1
212 7 76 7 77 488 764 490 766
127 5 -1
213 94 8 87 8 489 765 497 773
128 15 -1
214 93 79 97 80 490 766 495 771
129 0 -1
218 73 85 78 85 494 770 501 777
130 3 -1
219 4 3 5 3 495 771 497 773
131 3 -1
224 27 65 29 66 500 776 503 779
132 4 -1
225 75 28 75 30 501 777 503 779
133 4 -1
229 93 44 96 47 505 781 511 787
134 11 -1
230 29 54 30 54 506 782 507 783
135 6 -1
231 19 36 22 36 507 783 510 786
136 0 -1
236 36 87 37 87 512 788 514 790
137 7 -1
237 42 72 44 72 513 789 515 791
138 14 -1
240 93 91 86 93 516 792 527 803
139 3 -1
242 88 40 88 40 518 794 520 796
140 0 -1
244 60 93 60 97 520 796 525 801
141 0 -1
245 9 55 15 55 521 797 527 803
142 13 -1
246 0 78 0 80 522 798 525 801
143 5 -1
247 67 1 70 1 523 799 526 802
144 4 -1
248 46 51 47 53 524 800 527 803
145 4 -1
250 74 93 74 94 526 802 528 804
146 3 -1
251 82 62 84 63 527 803 530 806
147 9 -1
253 83 90 84 90 529 805 530 806
148 11 -1
255 57 38 58 38 531 807 533 809
149 4 -1
256 93 4 95 6 532 808 536 812
150 7 -1
257 83 0 83 3 533 809 537 813
151 15 -1
258 37 76 37 77 534 810 535 811
152 12 -1
260 53 46 55 46 536 812 538 814
153 15 -1
261 30 54 35 57 537 813 549 825
154 5 -1
266 37 58 41 58 542 818 546 822
155 0 -1
267 47 75 47 77 543 819 546 822
156 8 -1
268 92 13 94 13 544 820 546 822
157 14 -1
269 10 0 11 0 545 821 546 822
158 6 -1
271 18 16 18 21 547 823 553 829
159 2 -1
272 63 52 63 52 548 824 549 825
160 10 -1
274 30 15 40 17 550 826 563 839
161 15 -1
277 0 36 1 37 553 829 555 831
162 6 -1
278 45 32 46 33 554 830 560 836
163 0 -1
279 34 1 37 1 555 831 559 835
164 6 -1
280 91 0 92 2 556 832 559 835
165 7 -1
283 18 74 18 75 559 835 560 836
166 11 -1
285 68 49 71 49 561 837 564 840
167 5 -1
286 6 50 8 50 562 838 565 841
168 7 -1
289 86 7 87 8 565 841 568 844
169 2 -1
293 73 76 76 76 569 845 573 849
170 2 -1
294 80 56 84 56 570 846 574 850
171 7 -1
295 64 59 65 59 571 847 573 849
172 14 -1
296 60 1 60 3 572 848 576 852
173 5 -1
303 42 43 44 48 579 855 588 864
174 13 -1
305 2 60 5 62 581 857 586 862
175 15 -1
306 26 48 27 48 582 858 583 859
176 0 -1
307 25 51 26 52 583 859 585 861
177 12 -1
310 34 86 35 87 586 862 590 866
178 5 -1
311 10 70 10 73 587 863 591 867
179 4 -1
312 53 88 58 92 588 864 597 873
180 12 -1
313 70 53 71 53 589 865 590 866
181 10 -1
315 31 15 33 15 591 867 593 869
182 11 -1
320 30 38 34 47 596 872 612 888
183 0 -1
321 41 21 43 22 597 873 600 876
184 9 -1
323 52 95 52 97 599 875 612 888
185 4 -1
325 95 20 99 22 601 877 609 885
186 2 -1
326 38 56 38 57 602 878 603 879
187 14 -1
327 43 39 45 40 603 879 606 882
188 3 -1
328 73 27 73 30 604 880 609 885
189 0 -1
329 28 77 30 78 605 881 608 884
190 9 -1
330 97 76 93 77 606 882 611 887
191 8 -1
337 41 45 48 49 613 889 626 902
192 15 -1
340 63 8 64 8 616 892 619 895
193 15 -1
342 80 58 81 58 618 894 619 895
194 6 -1
343 8 42 11 42 619 895 622 898
195 12 -1
345 41 91 50 93 621 897 633 909
196 11 -1
349 38 61 38 62 625 901 626 902
197 11 -1
351 92 57 93 57 627 903 628 904
198 1 -1
354 22 89 22 89 630 906 636 912
199 14 -1
356 51 36 51 37 632 908 633 909
200 8 -1
357 68 55 72 55 633 909 637 913
201 4 -1
358 61 44 65 47 634 910 641 917
202 8 -1
359 31 37 34 37 635 911 638 914
203 7 -1
360 19 13 20 13 636 912 638 914
204 2 -1
361 79 57 84 58 637 913 643 919
205 8 -1
363 87 91 87 91 639 915 640 916
206 9 -1
364 7 27 7 27 640 916 641 917
207 3 -1
365 17 63 17 63 641 917 643 919
208 14 -1
367 69 62 70 67 643 919 649 925
209 12 -1
371 15 37 15 38 647 923 648 924
210 2 -1
372 82 80 89 80 648 924 656 932
211 9 -1
373 25 36 26 38 649 925 652 928
212 0 -1
374 11 58 12 58 650 926 651 927
213 13 -1
375 60 19 61 19 651 927 652 928
214 1 -1
377 76 9 76 10 653 929 654 930
215 5 -1
379 19 70 19 70 655 931 656 932
216 3 -1
380 53 28 54 28 656 932 657 933
217 2 -1
381 56 54 61 54 657 933 662 938
218 13 -1
382 68 99 70 99 658 934 660 936
219 8 -1
383 11 52 12 52 659 935 660 936
220 8 -1
388 84 84 84 84 664 940 665 941
221 9 -1
391 26 7 27 8 667 943 669 945
222 0 -1
392 5 40 5 42 668 944 670 946
223 9 -1
394 33 19 34 19 670 946 673 949
224 11 -1
396 91 74 96 74 672 948 677 953
225 1 -1
397 35 83 36 83 673 949 674 950
226 11 -1
400 93 90 94 90 676 952 678 954
227 12 -1
401 91 19 93 19 677 953 679 955
228 14 -1
403 73 62 73 67 679 955 684 960
229 9 -1
404 77 17 79 17 680 956 682 958
230 5 -1
407 41 33 41 34 683 959 684 960
231 3 -1
408 92 45 93 46 684 960 687 963
232 13 -1
411 52 14 54 14 687 963 689 965
233 3 -1
412 94 46 94 46 688 964 689 965
234 10 -1
414 63 60 63 61 690 966 691 967
235 9 -1
418 52 53 53 53 694 970 695 971
236 4 -1
420 57 73 57 74 696 972 697 973
237 6 -1
421 23 42 23 43 697 973 699 975
238 12 -1
423 43 0 43 0 699 975 700 976
239 10 -1
426 4 12 7 12 702 978 707 983
240 10 -1
428 9 61 9 61 704 980 706 982
241 15 -1
433 96 5 97 6 709 985 711 987
242 3 -1
437 72 29 72 29 713 989 714 990
243 8 -1
439 46 0 47 1 715 991 717 993
244 7 -1
441 6 49 12 49 717 993 725 1001
245 11 -1
446 86 36 86 40 722 998 726 1002
246 3 -1
448 11 73 13 74 724 1000 727 1003
247 3 -1
450 85 1 89 1 726 1002 734 1010
248 6 -1
452 87 91 87 93 728 1004 731 1007
249 15 -1
455 86 53 88 53 731 1007 734 1010
250 9 -1
460 67 78 69 81 736 1012 742 1018
251 10 -1
461 47 43 47 43 737 1013 739 1015
252 0 -1
462 95 67 96 69 738 1014 741 1017
253 3 -1
464 37 85 37 85 740 1016 742 1018
254 13 -1
469 87 64 87 64 745 1021 747 1023
255 5 -1
471 66 72 76 72 747 1023 758 1034
256 12 -1
475 57 91 57 91 751 1027 753 1029
257 15 -1
478 18 54 19 56 754 1030 758 1034
258 12 -1
479 10 39 12 39 755 1031 757 1033
259 2 -1
480 63 67 65 73 756 1032 764 1040
260 5 -1
481 52 30 53 33 757 1033 763 1039
261 5 -1
482 12 52 13 52 758 1034 759 1035
262 2 -1
484 9 13 9 15 760 1036 764 1040
263 15 -1
486 63 99 63 100 762 1038 765 1041
264 11 -1
488 88 27 89 27 764 1040 767 1043
265 5 -1
489 90 60 78 61 765 1041 778 1054
266 3 -1
491 71 89 71 90 767 1043 769 1045
267 7 -1
493 76 40 76 40 769 1045 770 1046
268 13 -1
496 1 90 2 90 772 1048 773 1049
269 4 -1
501 94 24 96 24 777 1053 779 1055
270 8 -1
502 71 37 72 38 778 1054 782 1058
271 3 -1
505 22 80 24 80 781 1057 783 1059
272 1 -1
506 1 96 2 99 782 1058 787 1063
273 3 -1
507 39 78 39 80 783 1059 787 1063
274 5 -1
509 92 85 93 85 785 1061 786 1062
275 6 -1
511 31 26 32 27 787 1063 789 1065
276 8 -1
512 93 32 94 32 788 1064 789 1065
277 7 -1
515 29 16 30 17 791 1067 794 1070
278 13 -1
516 16 1 27 1 792 1068 805 1081
279 11 -1
517 81 4 81 7 793 1069 797 1073
280 6 -1
518 32 31 33 32 794 1070 796 1072
281 4 -1
520 95 37 95 37 796 1072 797 1073
282 14 -1
522 32 96 37 99 798 1074 807 1083
283 5 -1
523 54 89 54 90 799 1075 800 1076
284 1 -1
525 70 62 71 62 801 1077 803 1079
285 13 -1
526 41 46 41 47 802 1078 804 1080
286 12 -1
528 88 99 91 99 804 1080 809 1085
287 6 -1
530 19 37 21 37 806 1082 810 1086
288 11 -1
533 0 8 1 9 809 1085 811 1087
289 0 -1
535 14 87 14 88 811 1087 814 1090
290 9 -1
536 81 89 83 89 812 1088 814 1090
291 7 -1
537 1 87 2 87 813 1089 814 1090
292 10 -1
538 60 14 62 14 814 1090 817 1093
293 11 -1
540 65 32 69 32 816 1092 820 1096
294 6 -1
541 55 46 56 47 817 1093 820 1096
295 14 -1
542 95 69 87 69 818 1094 826 1102
296 9 -1
543 77 0 79 0 819 1095 821 1097
297 7 -1
546 14 52 16 52 822 1098 824 1100
298 4 -1
547 89 22 90 23 823 1099 825 1101
299 14 -1
550 2 93 3 93 826 1102 827 1103
300 3 -1
552 46 48 48 48 828 1104 831 1107
