100 100 2073
16
0 37 47
1 15 11
2 98 58
3 71 44
4 66 67
5 81 81
6 57 52
7 39 62
8 23 21
9 53 62
10 20 46
11 99 91
12 44 5
13 72 83
14 90 50
15 39 41
32
0 0 0 100 6
0
1 0 -1 100 6
0
2 1 0 100 6
0
3 1 -1 100 6
0
4 2 0 100 6
0
5 2 -1 100 6
0
6 3 0 100 6
0
7 3 -1 100 6
0
8 4 0 100 6
0
9 4 -1 100 6
0
10 5 0 100 6
0
11 5 -1 100 6
0
12 6 0 100 6
0
13 6 -1 100 6
0
14 7 0 100 6
0
15 7 -1 100 6
0
16 8 0 100 6
0
17 8 -1 100 6
0
18 9 0 100 6
0
19 9 -1 100 6
0
20 10 0 100 6
0
21 10 -1 100 6
0
22 11 0 100 6
0
23 11 -1 100 6
0
24 12 0 100 6
0
25 12 -1 100 6
0
26 13 0 100 6
0
27 13 -1 100 6
0
28 14 0 100 6
0
29 14 -1 100 6
0
30 15 0 100 6
0
31 15 -1 100 6
0
1000
1 6 -1
2 88 81 88 84 174 346 177 349
2 8 -1
5 92 7 96 7 177 349 182 354
3 7 -1
7 41 14 42 16 179 351 183 355
4 8 -1
8 45 47 46 54 180 352 189 361
5 11 -1
9 92 47 97 48 181 353 187 359
6 4 -1
10 64 25 67 26 182 354 186 358
7 13 -1
11 80 32 82 35 183 355 189 361
8 5 -1
12 18 89 19 89 184 356 186 358
9 0 -1
13 2 50 2 51 185 357 187 359
10 14 -1
14 29 57 29 60 186 358 189 361
11 3 -1
15 91 53 94 56 187 359 193 365
12 9 -1
17 33 39 37 39 189 361 193 365
13 10 -1
18 73 32 78 32 190 362 196 368
14 2 -1
19 53 35 54 35 191 363 192 364
15 10 -1
20 36 95 36 96 192 364 194 366
16 8 -1
21 98 37 96 37 193 365 195 367
17 12 -1
22 76 72 76 76 194 366 198 370
18 4 -1
24 95 61 95 62 196 368 198 370
19 4 -1
29 38 64 40 64 201 373 207 379
20 10 -1
30 19 59 21 59 202 374 204 376
21 1 -1
31 95 47 96 48 203 375 205 377
22 7 -1
33 65 91 66 94 205 377 211 383
23 7 -1
35 88 0 88 1 207 379 208 380
24 15 -1
36 85 88 85 90 208 380 210 382
25 4 -1
39 3 1 4 1 211 383 212 384
26 9 -1
40 73 21 73 22 212 384 213 385
27 2 -1
41 18 47 19 47 213 385 215 387
28 12 -1
42 95 60 95 61 214 386 215 387
29 9 -1
43 13 8 14 8 215 387 216 388
30 3 -1
45 65 12 67 12 217 389 219 391
31 5 -1
49 48 6 50 7 221 393 224 396
32 15 -1
52 93 39 94 40 224 396 231 403
33 15 -1
53 21 6 22 8 225 397 230 402
34 6 -1
54 62 66 62 67 226 398 227 399
35 10 -1
56 17 16 17 19 228 400 245 417
36 0 -1
57 64 2 66 2 229 401 231 403
37 9 -1
59 25 35 25 36 231 403 232 404
38 12 -1
61 74 33 75 33 233 405 235 407
39 2 -1
62 76 36 81 39 234 406 242 414
40 3 -1
64 10 3 29 3 236 408 255 427
41 5 -1
69 85 41 85 42 241 413 243 415
42 0 -1
71 41 91 43 91 243 415 251 423
43 14 -1
73 89 32 93 33 245 417 250 422
44 4 -1
76 88 16 90 17 248 420 251 423
45 15 -1
78 88 52 90 52 250 422 252 424
46 10 -1
80 54 91 57 91 252 424 255 427
47 11 -1
81 60 19 61 19 253 425 255 427
48 11 -1
82 19 9 23 11 254 426 260 432
49 12 -1
83 70 0 74 1 255 427 260 432
50 1 -1
84 44 45 45 45 256 428 257 429
51 11 -1
86 51 0 58 3 258 430 268 440
52 8 -1
87 43 70 44 70 259 431 260 432
53 1 -1
90 66 46 67 46 262 434 263 435
54 13 -1
91 32 35 33 38 263 435 267 439
55 10 -1
92 85 91 85 92 264 436 265 437
56 14 -1
93 56 24 56 27 265 437 268 440
57 4 -1
94 68 71 69 72 266 438 272 444
58 12 -1
96 79 4 79 4 268 440 270 442
59 6 -1
103 69 28 72 28 275 447 278 450
60 15 -1
105 15 22 17 22 277 449 279 451
61 15 -1
106 30 59 37 59 278 450 288 460
62 10 -1
107 82 78 84 78 279 451 282 454
63 12 -1
108 21 82 21 85 280 452 288 460
64 6 -1
110 23 99 23 100 282 454 290 462
65 3 -1
111 61 17 62 17 283 455 284 456
66 6 -1
114 36 29 41 29 286 458 292 464
67 6 -1
115 21 59 21 61 287 459 292 464
68 11 -1
116 25 27 34 29 288 460 300 472
69 15 -1
119 80 31 83 31 291 463 294 466
70 1 -1
120 26 39 27 39 292 464 293 465
71 7 -1
122 22 53 26 53 294 466 298 470
72 0 -1
123 45 22 47 22 295 467 298 470
73 7 -1
124 28 36 28 38 296 468 300 472
74 6 -1
127 10 49 11 49 299 471 300 472
75 14 -1
128 57 17 62 22 300 472 319 491
76 12 -1
130 72 14 72 14 302 474 303 475
77 12 -1
132 82 58 95 60 304 476 319 491
78 10 -1
134 27 57 27 57 306 478 307 479
79 14 -1
135 8 97 14 99 307 479 318 490
80 7 -1
136 18 88 20 88 308 480 310 482
81 13 -1
139 68 67 69 67 311 483 312 484
82 13 -1
140 33 57 37 57 312 484 316 488
83 15 -1
141 0 12 0 14 313 485 318 490
84 10 -1
144 66 4 70 5 316 488 321 493
85 12 -1
145 92 52 94 52 317 489 319 491
86 15 -1
146 79 77 80 77 318 490 319 491
87 14 -1
147 72 19 72 20 319 491 320 492
88 5 -1
148 8 50 9 50 320 492 321 493
89 9 -1
149 54 30 56 30 321 493 323 495
90 2 -1
150 68 10 69 10 322 494 328 500
91 2 -1
153 35 19 35 20 325 497 326 498
92 9 -1
154 96 32 97 32 326 498 330 502
93 11 -1
155 28 9 30 11 327 499 331 503
94 15 -1
156 38 21 41 22 328 500 333 505
95 12 -1
157 70 9 74 10 329 501 334 506
96 8 -1
160 25 34 25 35 332 504 338 510
97 1 -1
162 61 77 62 77 334 506 335 507
98 15 -1
163 91 21 92 21 335 507 336 508
99 15 -1
166 61 30 63 30 338 510 340 512
100 12 -1
167 27 62 29 63 339 511 344 516
101 9 -1
168 56 37 56 37 340 512 342 514
102 0 -1
169 38 25 41 27 341 513 346 518
103 10 -1
170 8 44 12 45 342 514 347 519
104 9 -1
172 13 83 14 85 344 516 349 521
105 2 -1
173 68 66 71 68 345 517 350 522
106 0 -1
174 3 7 3 8 346 518 348 520
107 15 -1
179 40 89 41 89 351 523 352 524
108 11 -1
183 5 43 10 43 355 527 360 532
109 7 -1
184 6 27 7 27 356 528 358 530
110 15 -1
185 21 97 22 97 357 529 359 531
111 8 -1
186 97 67 90 68 358 530 367 539
112 14 -1
187 13 1 14 6 359 531 365 537
113 7 -1
189 20 83 25 83 361 533 366 538
114 14 -1
190 33 7 34 8 362 534 367 539
115 7 -1
193 81 27 81 28 365 537 366 538
116 7 -1
196 60 41 61 42 368 540 370 542
117 13 -1
197 6 59 7 59 369 541 370 542
118 0 -1
198 21 54 34 55 370 542 388 560
119 9 -1
199 58 60 59 60 371 543 372 544
120 14 -1
200 95 10 95 10 372 544 374 546
121 1 -1
201 36 38 37 38 373 545 374 546
122 12 -1
204 65 29 65 30 376 548 377 549
123 11 -1
208 52 16 52 16 380 552 381 553
124 9 -1
209 74 68 74 68 381 553 382 554
125 1 -1
211 14 85 16 86 383 555 386 558
126 10 -1
212 3 92 5 92 384 556 386 558
127 9 -1
213 29 61 36 61 385 557 393 565
128 3 -1
214 15 14 16 17 386 558 391 563
129 0 -1
218 55 13 59 14 390 562 397 569
130 5 -1
219 85 35 85 36 391 563 393 565
131 14 -1
224 39 20 42 20 396 568 399 571
132 8 -1
225 68 62 69 62 397 569 399 571
133 15 -1
229 6 77 12 77 401 573 407 579
134 4 -1
230 93 48 93 49 402 574 403 575
135 5 -1
231 15 68 16 70 403 575 406 578
136 1 -1
236 80 69 81 69 408 580 410 582
137 0 -1
237 56 96 58 96 409 581 411 583
138 12 -1
240 77 39 88 39 412 584 423 595
139 3 -1
242 50 51 50 52 414 586 416 588
140 12 -1
244 44 70 44 72 416 588 421 593
141 11 -1
245 87 9 93 9 417 589 423 595
142 14 -1
246 61 69 62 70 418 590 421 593
143 11 -1
247 0 55 0 58 419 591 422 594
144 13 -1
248 51 87 54 87 420 592 423 595
145 7 -1
250 30 4 32 4 422 594 424 596
146 6 -1
251 6 33 7 33 423 595 426 598
147 5 -1
253 67 79 68 79 425 597 426 598
148 9 -1
255 19 67 19 67 427 599 429 601
149 2 -1
256 66 54 69 55 428 600 432 604
150 5 -1
257 9 39 12 39 429 601 433 605
151 2 -1
258 35 77 35 77 430 602 431 603
152 5 -1
260 1 68 2 68 432 604 434 606
153 4 -1
261 60 82 62 85 433 605 445 617
154 7 -1
266 81 12 84 12 438 610 442 614
155 8 -1
267 96 77 97 79 439 611 442 614
156 1 -1
268 44 80 45 80 440 612 442 614
157 9 -1
269 93 59 93 60 441 613 442 614
158 4 -1
271 69 13 72 15 443 615 449 621
159 9 -1
272 80 44 81 44 444 616 445 617
160 12 -1
274 10 16 16 18 446 618 459 631
161 0 -1
277 1 95 3 95 449 621 451 623
162 4 -1
278 29 86 32 89 450 622 456 628
163 7 -1
279 84 79 85 82 451 623 455 627
164 2 -1
280 42 85 43 86 452 624 455 627
165 1 -1
283 54 51 54 52 455 627 456 628
166 13 -1
285 85 73 88 73 457 629 460 632
167 14 -1
286 63 53 64 55 458 630 461 633
168 14 -1
289 76 52 79 52 461 633 464 636
169 3 -1
293 91 60 93 61 465 637 469 641
170 2 -1
294 20 94 24 94 466 638 470 642
171 4 -1
295 83 22 85 22 467 639 469 641
172 6 -1
296 57 52 60 53 468 640 472 644
173 0 -1
303 12 60 18 62 475 647 484 656
174 1 -1
305 49 51 54 51 477 649 482 654
175 7 -1
306 72 56 72 57 478 650 479 651
176 10 -1
307 26 36 26 37 479 651 481 653
177 4 -1
310 35 42 36 43 482 654 486 658
178 10 -1
311 36 41 39 42 483 655 487 659
179 4 -1
312 33 78 37 78 484 656 493 665
180 8 -1
313 77 45 77 46 485 657 486 658
181 8 -1
315 79 96 81 96 487 659 489 661
182 2 -1
320 92 55 92 60 492 664 508 680
183 7 -1
321 74 74 74 76 493 665 496 668
184 8 -1
323 52 83 60 87 495 667 508 680
185 1 -1
325 71 50 75 53 497 669 505 677
186 14 -1
326 58 31 59 31 498 670 499 671
187 14 -1
327 7 13 7 13 499 671 502 674
188 1 -1
328 15 5 19 6 500 672 505 677
189 4 -1
329 15 22 18 22 501 673 504 676
190 10 -1
330 14 80 17 80 502 674 507 679
191 14 -1
337 90 78 91 90 509 681 522 694
192 9 -1
340 87 24 90 24 512 684 515 687
193 2 -1
342 46 42 47 42 514 686 515 687
194 14 -1
343 17 66 19 66 515 687 518 690
195 14 -1
345 27 72 30 78 517 689 529 701
196 14 -1
349 83 69 83 70 521 693 522 694
197 12 -1
351 60 82 60 82 523 695 524 696
198 9 -1
354 71 49 71 51 526 698 532 704
199 7 -1
356 39 50 39 50 528 700 529 701
200 1 -1
357 36 18 40 18 529 701 533 705
201 10 -1
358 74 88 78 88 530 702 537 709
202 7 -1
359 38 46 38 48 531 703 534 706
203 2 -1
360 79 52 80 53 532 704 534 706
204 11 -1
361 85 91 86 92 533 705 539 711
205 1 -1
363 41 29 41 30 535 707 536 708
206 11 -1
364 18 53 18 53 536 708 537 709
207 14 -1
365 5 85 5 87 537 709 539 711
208 9 -1
367 59 44 62 47 539 711 545 717
209 9 -1
371 6 19 7 19 543 715 544 716
210 1 -1
372 21 58 29 58 544 716 552 724
211 1 -1
373 94 99 94 99 545 717 548 720
212 15 -1
374 70 8 71 8 546 718 547 719
213 12 -1
375 58 66 59 66 547 719 548 720
214 11 -1
377 85 73 85 74 549 721 550 722
215 15 -1
379 14 51 15 51 551 723 552 724
216 12 -1
380 74 62 74 62 552 724 553 725
217 8 -1
381 15 35 20 35 553 725 558 730
218 11 -1
382 5 61 5 61 554 726 556 728
219 6 -1
383 37 85 38 85 555 727 556 728
220 14 -1
388 86 5 86 5 560 732 561 733
221 8 -1
391 35 17 36 17 563 735 565 737
222 11 -1
392 81 45 82 45 564 736 566 738
223 1 -1
394 88 99 90 100 566 738 569 741
224 4 -1
396 21 94 26 94 568 740 573 745
225 12 -1
397 36 97 37 97 569 741 570 742
226 11 -1
400 91 75 92 75 572 744 574 746
227 10 -1
401 66 51 68 51 573 745 575 747
228 4 -1
403 83 6 84 8 575 747 580 752
229 8 -1
404 54 23 55 24 576 748 578 750
230 12 -1
407 74 40 74 41 579 751 580 752
231 7 -1
408 72 74 72 76 580 752 583 755
232 2 -1
411 90 12 90 12 583 755 585 757
233 2 -1
412 94 36 95 36 584 756 585 757
234 9 -1
414 32 73 32 73 586 758 587 759
235 1 -1
418 97 78 98 78 590 762 591 763
236 6 -1
420 61 86 61 86 592 764 593 765
237 6 -1
421 1 17 2 18 593 765 595 767
238 1 -1
423 41 41 42 41 595 767 596 768
239 2 -1
426 15 53 17 53 598 770 603 775
240 9 -1
428 69 92 71 92 600 772 602 774
241 6 -1
433 28 71 29 72 605 777 607 779
242 2 -1
437 89 83 90 83 609 781 610 782
243 0 -1
439 51 26 52 26 611 783 613 785
244 6 -1
441 33 27 36 32 613 785 621 793
245 1 -1
446 74 0 74 2 618 790 622 794
246 7 -1
448 57 13 59 13 620 792 623 795
247 5 -1
450 16 9 22 10 622 794 630 802
248 3 -1
452 98 0 99 2 624 796 627 799
249 12 -1
455 97 19 94 19 627 799 630 802
250 3 -1
460 23 27 29 27 632 804 638 810
251 2 -1
461 45 87 47 87 633 805 635 807
252 3 -1
462 43 70 43 72 634 806 637 809
253 0 -1
464 48 68 50 68 636 808 638 810
254 10 -1
469 2 63 3 63 641 813 643 815
255 11 -1
471 65 12 70 18 643 815 654 826
256 12 -1
475 36 54 37 54 647 819 649 821
257 4 -1
478 46 37 46 41 650 822 654 826
258 3 -1
479 80 70 82 70 651 823 653 825
259 1 -1
480 17 99 20 95 652 824 660 832
260 9 -1
481 91 86 97 86 653 825 659 831
261 11 -1
482 63 56 63 57 654 826 655 827
262 13 -1
484 40 35 43 35 656 828 660 832
263 15 -1
486 53 28 53 30 658 830 661 833
264 14 -1
488 62 72 62 72 660 832 663 835
265 3 -1
489 56 69 59 78 661 833 674 846
266 15 -1
491 92 52 94 52 663 835 665 837
267 5 -1
493 7 17 7 17 665 837 666 838
268 5 -1
496 30 17 31 17 668 840 669 841
269 11 -1
501 56 78 57 79 673 845 675 847
270 4 -1
502 3 41 4 41 674 846 678 850
271 10 -1
505 91 7 92 7 677 849 679 851
272 15 -1
506 80 3 82 6 678 850 683 855
273 4 -1
507 33 75 36 76 679 851 683 855
274 9 -1
509 45 54 46 54 681 853 682 854
275 4 -1
511 17 93 18 93 683 855 685 857
276 1 -1
512 19 31 20 31 684 856 685 857
277 7 -1
515 66 85 69 85 687 859 690 862
278 10 -1
516 37 92 47 94 688 860 701 873
279 2 -1
517 55 58 57 58 689 861 693 865
280 11 -1
518 51 14 51 15 690 862 692 864
281 4 -1
520 26 44 27 44 692 864 693 865
282 1 -1
522 56 29 60 30 694 866 703 875
283 2 -1
523 51 19 51 19 695 867 696 868
284 4 -1
525 81 94 83 94 697 869 699 871
285 6 -1
526 91 83 93 83 698 870 700 872
286 4 -1
528 61 28 61 30 700 872 705 877
287 2 -1
530 31 57 32 58 702 874 706 878
288 15 -1
533 25 52 25 53 705 877 707 879
289 10 -1
535 32 36 35 36 707 879 710 882
290 7 -1
536 9 82 10 82 708 880 710 882
291 0 -1
537 94 31 95 31 709 881 710 882
292 11 -1
538 8 56 9 56 710 882 713 885
293 1 -1
540 0 19 0 22 712 884 716 888
294 10 -1
541 28 24 30 24 713 885 716 888
295 12 -1
542 22 9 30 9 714 886 722 894
296 9 -1
543 39 59 39 60 715 887 717 889
297 9 -1
546 81 22 82 22 718 890 720 892
298 10 -1
547 43 75 45 75 719 891 721 893
299 0 -1
550 52 10 52 11 722 894 723 895
300 0 -1
552 42 45 44 45 724 896 727 899
301 9 -1
553 40 39 41 39 725 897 727 899
302 8 -1
555 21 22 23 25 727 899 732 904
303 13 -1
556 43 49 45 49 728 900 730 902
304 1 -1
558 65 70 65 70 730 902 731 903
305 14 -1
559 98 14 98 17 731 903 736 908
306 10 -1
560 85 90 85 90 732 904 734 906
307 12 -1
562 91 17 92 17 734 906 735 907
308 15 -1
565 68 43 71 43 737 909 741 913
309 10 -1
566 80 3 80 4 738 910 742 914
310 4 -1
567 28 30 28 30 739 911 740 912
311 2 -1
570 76 51 77 51 742 914 746 918
312 8 -1
572 74 57 77 57 744 916 747 919
313 9 -1
573 84 23 86 23 745 917 748 920
314 0 -1
575 76 13 76 13 747 919 749 921
315 11 -1
577 36 75 37 75 749 921 750 922
316 7 -1
578 35 31 35 32 750 922 752 924
317 7 -1
579 39 22 42 23 751 923 756 928
318 9 -1
580 24 13 24 14 752 924 753 925
319 0 -1
585 24 82 24 85 757 929 760 932
320 7 -1
588 44 59 46 61 760 932 765 937
321 11 -1
589 94 15 85 20 761 933 776 948
322 6 -1
592 79 1 79 1 764 936 765 937
323 5 -1
594 84 27 84 29 766 938 768 940
324 6 -1
595 42 71 57 71 767 939 782 954
325 5 -1
596 26 30 28 30 768 940 772 944
326 12 -1
597 98 39 90 39 769 941 777 949
327 1 -1
599 31 54 33 57 771 943 779 951
328 12 -1
600 93 36 93 36 772 944 775 947
329 15 -1
601 66 87 68 87 773 945 775 947
330 13 -1
603 7 46 9 46 775 947 777 949
331 3 -1
608 5 64 7 65 780 952 783 955
332 7 -1
609 39 53 39 53 781 953 782 954
333 12 -1
610 45 32 46 34 782 954 787 959
334 3 -1
611 49 50 51 50 783 955 787 959
335 6 -1
613 86 0 88 3 785 957 793 965
336 2 -1
614 4 74 10 74 786 958 792 964
337 5 -1
615 18 43 19 43 787 959 788 960
338 7 -1
616 80 0 81 0 788 960 790 962
339 2 -1
619 64 74 64 75 791 963 796 968
340 11 -1
620 25 48 27 48 792 964 794 966
341 0 -1
621 7 89 7 94 793 965 798 970
342 9 -1
622 64 25 65 27 794 966 797 969
343 14 -1
623 72 22 73 22 795 967 797 969
344 14 -1
624 65 29 66 29 796 968 797 969
345 6 -1
625 60 67 62 67 797 969 799 971
346 13 -1
628 20 47 21 47 800 972 801 973
347 4 -1
629 41 19 45 20 801 973 806 978
348 2 -1
630 23 65 23 66 802 974 803 975
349 6 -1
634 82 77 82 78 806 978 807 979
350 7 -1
635 3 41 3 41 807 979 809 981
351 13 -1
636 9 73 9 74 808 980 810 982
352 11 -1
637 54 53 54 53 809 981 811 983
353 8 -1
639 33 28 34 28 811 983 812 984
354 0 -1
640 66 63 66 63 812 984 814 986
355 0 -1
641 17 82 17 82 813 985 815 987
356 10 -1
643 5 28 7 28 815 987 821 993
357 3 -1
645 41 83 42 83 817 989 819 991
358 0 -1
646 74 1 75 2 818 990 820 992
359 2 -1
648 96 66 96 67 820 992 821 993
360 0 -1
649 24 89 34 89 821 993 831 1003
361 14 -1
650 55 82 55 83 822 994 823 995
362 9 -1
651 31 56 33 58 823 995 827 999
363 6 -1
652 41 80 45 82 824 996 839 1011
364 9 -1
653 71 18 71 18 825 997 826 998
365 9 -1
656 62 0 63 0 828 1000 829 1001
366 4 -1
662 17 95 18 96 834 1006 836 1008
367 7 -1
663 70 75 71 79 835 1007 843 1015
368 5 -1
664 5 82 5 82 836 1008 838 1010
369 3 -1
665 92 27 93 27 837 1009 838 1010
370 13 -1
666 22 71 22 71 838 1010 840 1012
371 8 -1
667 98 77 98 78 839 1011 842 1014
372 12 -1
669 71 93 71 93 841 1013 842 1014
373 10 -1
672 44 52 44 56 844 1016 848 1020
374 11 -1
673 43 77 45 77 845 1017 847 1019
375 2 -1
674 28 36 29 39 846 1018 850 1022
376 13 -1
675 41 79 46 79 847 1019 852 1024
377 0 -1
678 68 83 70 84 850 1022 854 1026
378 5 -1
679 37 34 38 36 851 1023 854 1026
379 9 -1
680 16 70 19 72 852 1024 858 1030
380 15 -1
681 36 59 36 61 853 1025 855 1027
381 6 -1
682 12 32 14 32 854 1026 856 1028
382 0 -1
684 16 22 16 22 856 1028 858 1030
383 7 -1
685 63 23 64 27 857 1029 862 1034
384 11 -1
687 16 51 17 55 859 1031 864 1036
385 8 -1
688 89 75 89 76 860 1032 862 1034
386 9 -1
689 25 50 27 50 861 1033 863 1035
387 4 -1
690 73 64 74 64 862 1034 864 1036
388 12 -1
691 39 44 39 44 863 1035 865 1037
389 8 -1
692 15 97 15 98 864 1036 866 1038
390 1 -1
694 90 0 93 0 866 1038 869 1041
391 8 -1
696 43 36 44 36 868 1040 870 1042
392 2 -1
698 13 63 16 65 870 1042 875 1047
393 6 -1
700 71 33 72 33 872 1044 873 1045
394 12 -1
701 6 46 6 46 873 1045 874 1046
395 12 -1
702 5 64 5 70 874 1046 881 1053
396 10 -1
703 77 5 78 6 875 1047 877 1049
397 3 -1
704 37 94 39 94 876 1048 878 1050
398 9 -1
705 61 41 61 44 877 1049 881 1053
399 12 -1
706 16 92 18 92 878 1050 880 1052
400 7 -1
707 10 6 14 6 879 1051 883 1055
401 6 -1
708 49 27 51 28 880 1052 887 1059
402 1 -1
710 62 18 62 19 882 1054 885 1057
403 7 -1
712 97 94 98 94 884 1056 885 1057
404 8 -1
714 11 75 11 75 886 1058 887 1059
405 6 -1
716 23 11 24 11 888 1060 889 1061
406 2 -1
718 58 4 64 4 890 1062 898 1070
407 7 -1
719 42 65 42 65 891 1063 892 1064
408 11 -1
720 61 55 63 55 892 1064 894 1066
409 6 -1
722 29 13 30 13 894 1066 896 1068
410 2 -1
724 81 34 82 35 896 1068 898 1070
411 4 -1
725 61 71 70 73 897 1069 908 1080
412 7 -1
726 36 82 40 82 898 1070 902 1074
413 5 -1
727 16 52 18 53 899 1071 902 1074
414 4 -1
728 88 61 92 61 900 1072 905 1077
415 7 -1
729 21 75 21 76 901 1073 902 1074
416 10 -1
731 86 53 86 54 903 1075 904 1076
417 13 -1
733 45 30 46 30 905 1077 907 1079
418 6 -1
734 98 84 96 84 906 1078 908 1080
419 6 -1
735 47 27 49 27 907 1079 910 1082
420 5 -1
736 77 19 77 19 908 1080 910 1082
421 5 -1
737 27 30 27 31 909 1081 912 1084
422 4 -1
742 26 35 27 36 914 1086 919 1091
423 9 -1
744 50 62 50 63 916 1088 918 1090
424 2 -1
745 91 45 96 45 917 1089 922 1094
425 4 -1
748 93 97 94 98 920 1092 922 1094
426 10 -1
750 61 39 61 39 922 1094 923 1095
427 6 -1
751 12 92 12 92 923 1095 924 1096
428 14 -1
752 18 99 21 99 924 1096 927 1099
429 14 -1
753 29 68 29 68 925 1097 926 1098
430 7 -1
754 9 25 10 27 926 1098 932 1104
431 6 -1
755 63 36 65 36 927 1099 929 1101
432 11 -1
757 37 62 39 62 929 1101 931 1103
433 9 -1
758 80 74 82 75 930 1102 938 1110
434 11 -1
759 11 32 13 32 931 1103 933 1105
435 11 -1
760 29 85 29 86 932 1104 933 1105
436 15 -1
766 94 36 94 36 938 1110 940 1112
437 4 -1
767 16 88 16 88 939 1111 941 1113
438 8 -1
768 91 44 91 47 940 1112 943 1115
439 1 -1
771 82 9 83 9 943 1115 944 1116
440 6 -1
772 47 81 48 82 944 1116 946 1118
441 2 -1
773 15 24 15 25 945 1117 948 1120
442 3 -1
775 68 51 72 51 947 1119 952 1124
443 9 -1
777 56 2 57 2 949 1121 951 1123
444 11 -1
778 14 9 15 10 950 1122 952 1124
445 5 -1
779 90 89 91 91 951 1123 954 1126
446 15 -1
781 75 20 76 20 953 1125 954 1126
447 10 -1
782 78 20 80 20 954 1126 958 1130
448 7 -1
784 3 92 5 92 956 1128 958 1130
449 8 -1
787 79 53 80 54 959 1131 961 1133
450 7 -1
788 83 85 83 85 960 1132 961 1133
451 14 -1
789 14 88 15 88 961 1133 965 1137
452 12 -1
790 98 12 98 12 962 1134 964 1136
453 1 -1
791 43 71 47 71 963 1135 968 1140
454 12 -1
793 14 82 15 84 965 1137 968 1140
455 6 -1
794 82 77 82 79 966 1138 970 1142
456 13 -1
795 37 71 38 72 967 1139 969 1141
457 11 -1
796 73 77 76 78 968 1140 972 1144
458 0 -1
797 25 72 25 73 969 1141 970 1142
459 2 -1
798 63 71 64 72 970 1142 973 1145
460 0 -1
799 70 53 71 54 971 1143 973 1145
461 5 -1
800 0 41 5 41 972 1144 977 1149
462 10 -1
802 44 60 46 61 974 1146 978 1150
463 12 -1
803 15 93 15 94 975 1147 977 1149
464 5 -1
805 96 69 98 71 977 1149 982 1154
465 2 -1
806 23 80 23 82 978 1150 987 1159
466 8 -1
807 72 21 74 21 979 1151 981 1153
467 13 -1
810 52 88 53 88 982 1154 983 1155
468 0 -1
813 6 35 6 35 985 1157 986 1158
469 5 -1
818 47 12 48 13 990 1162 992 1164
470 8 -1
820 79 85 80 87 992 1164 995 1167
471 12 -1
824 76 11 76 11 996 1168 998 1170
472 6 -1
825 24 93 25 94 997 1169 1000 1172
473 10 -1
827 12 14 12 15 999 1171 1000 1172
474 9 -1
828 68 23 70 27 1000 1172 1010 1182
475 14 -1
830 11 35 11 35 1002 1174 1005 1177
476 15 -1
831 25 51 26 51 1003 1175 1004 1176
477 3 -1
833 54 33 56 33 1005 1177 1007 1179
478 0 -1
834 80 85 80 87 1006 1178 1008 1180
479 9 -1
835 71 54 75 54 1007 1179 1017 1189
480 4 -1
839 61 79 61 80 1011 1183 1013 1185
481 5 -1
841 28 29 31 30 1013 1185 1017 1189
482 1 -1
842 83 31 84 31 1014 1186 1016 1188
483 6 -1
844 89 99 91 100 1016 1188 1021 1193
484 12 -1
845 56 58 58 58 1017 1189 1019 1191
485 0 -1
846 9 80 12 80 1018 1190 1024 1196
486 0 -1
847 40 27 41 27 1019 1191 1020 1192
487 2 -1
850 67 13 68 13 1022 1194 1025 1197
488 12 -1
851 54 45 58 45 1023 1195 1027 1199
489 7 -1
854 88 12 88 12 1026 1198 1027 1199
490 9 -1
856 29 89 29 92 1028 1200 1031 1203
491 1 -1
859 47 10 51 11 1031 1203 1036 1208
492 10 -1
860 72 3 73 3 1032 1204 1033 1205
493 2 -1
861 14 31 14 32 1033 1205 1035 1207
494 0 -1
864 81 96 81 99 1036 1208 1039 1211
495 14 -1
867 52 71 52 71 1039 1211 1040 1212
496 8 -1
868 78 63 80 63 1040 1212 1042 1214
497 5 -1
871 24 12 37 14 1043 1215 1059 1231
498 6 -1
873 50 77 52 77 1045 1217 1047 1219
499 11 -1
874 37 26 41 26 1046 1218 1051 1223
500 11 -1
875 64 15 65 16 1047 1219 1050 1222
501 11 -1
877 59 61 60 62 1049 1221 1052 1224
502 7 -1
878 27 82 28 82 1050 1222 1052 1224
503 12 -1
879 65 14 65 15 1051 1223 1053 1225
504 7 -1
880 2 81 4 83 1052 1224 1056 1228
505 7 -1
881 63 5 65 5 1053 1225 1059 1231
506 8 -1
882 75 50 76 50 1054 1226 1056 1228
507 8 -1
885 38 81 38 81 1057 1229 1058 1230
508 3 -1
887 78 80 81 80 1059 1231 1062 1234
509 8 -1
889 10 60 11 60 1061 1233 1064 1236
510 1 -1
891 9 13 9 14 1063 1235 1065 1237
511 4 -1
893 13 5 13 7 1065 1237 1067 1239
512 15 -1
894 38 13 38 14 1066 1238 1069 1241
513 7 -1
895 47 49 48 50 1067 1239 1070 1242
514 13 -1
896 60 14 62 14 1068 1240 1070 1242
515 4 -1
897 98 93 99 93 1069 1241 1070 1242
516 0 -1
898 28 60 28 62 1070 1242 1072 1244
517 5 -1
899 53 49 53 51 1071 1243 1073 1245
518 15 -1
900 62 33 62 39 1072 1244 1078 1250
519 7 -1
901 96 16 96 16 1073 1245 1075 1247
520 13 -1
902 65 46 66 46 1074 1246 1075 1247
521 0 -1
905 45 9 46 9 1077 1249 1078 1250
522 7 -1
910 81 15 81 15 1082 1254 1083 1255
523 6 -1
912 32 20 36 25 1084 1256 1094 1266
524 3 -1
914 62 53 65 56 1086 1258 1093 1265
525 10 -1
917 39 54 40 56 1089 1261 1093 1265
526 8 -1
919 92 6 94 6 1091 1263 1093 1265
527 5 -1
920 58 95 61 95 1092 1264 1095 1267
528 1 -1
921 20 57 20 57 1093 1265 1094 1266
529 12 -1
923 80 42 80 42 1095 1267 1096 1268
530 6 -1
925 74 28 76 29 1097 1269 1100 1272
531 1 -1
926 85 12 90 12 1098 1270 1107 1279
532 2 -1
927 35 96 36 98 1099 1271 1102 1274
533 11 -1
928 66 13 66 14 1100 1272 1104 1276
534 2 -1
929 12 95 13 95 1101 1273 1102 1274
535 3 -1
931 94 79 96 79 1103 1275 1105 1277
536 7 -1
933 24 46 31 46 1105 1277 1112 1284
537 0 -1
935 5 76 5 76 1107 1279 1109 1281
538 15 -1
936 33 12 33 12 1108 1280 1109 1281
539 1 -1
937 77 32 81 32 1109 1281 1113 1285
540 4 -1
938 27 64 28 67 1110 1282 1114 1286
541 1 -1
940 98 79 98 80 1112 1284 1114 1286
542 8 -1
942 84 68 84 69 1114 1286 1115 1287
543 5 -1
943 10 6 10 9 1115 1287 1122 1294
544 11 -1
944 13 31 13 32 1116 1288 1117 1289
545 8 -1
945 75 14 77 14 1117 1289 1120 1292
546 7 -1
947 91 21 78 21 1119 1291 1132 1304
547 12 -1
948 16 37 17 39 1120 1292 1123 1295
548 9 -1
950 17 92 19 92 1122 1294 1124 1296
549 13 -1
951 66 20 66 20 1123 1295 1125 1297
550 14 -1
954 79 41 81 41 1126 1298 1128 1300
551 4 -1
955 65 25 65 25 1127 1299 1128 1300
552 5 -1
957 59 40 61 41 1129 1301 1132 1304
553 13 -1
958 58 75 58 76 1130 1302 1131 1303
554 6 -1
963 6 83 8 83 1135 1307 1138 1310
555 6 -1
964 1 97 1 99 1136 1308 1138 1310
556 5 -1
966 41 89 41 91 1138 1310 1140 1312
557 11 -1
969 74 54 76 54 1141 1313 1143 1315
558 8 -1
972 59 40 64 41 1144 1316 1150 1322
559 1 -1
973 86 11 90 11 1145 1317 1149 1321
560 13 -1
974 85 35 91 36 1146 1318 1156 1328
561 11 -1
976 95 87 95 91 1148 1320 1153 1325
562 2 -1
979 2 50 4 51 1151 1323 1155 1327
563 12 -1
981 77 11 78 11 1153 1325 1154 1326
564 2 -1
983 35 24 36 26 1155 1327 1158 1330
565 12 -1
984 8 94 14 94 1156 1328 1162 1334
566 8 -1
987 50 34 53 35 1159 1331 1163 1335
567 12 -1
989 61 61 64 61 1161 1333 1164 1336
568 14 -1
990 90 74 91 76 1162 1334 1166 1338
569 9 -1
992 49 93 49 93 1164 1336 1168 1340
570 7 -1
993 18 43 19 43 1165 1337 1167 1339
571 12 -1
994 56 33 60 33 1166 1338 1170 1342
572 9 -1
996 85 28 85 28 1168 1340 1170 1342
573 2 -1
997 5 43 5 43 1169 1341 1171 1343
574 11 -1
998 0 65 1 65 1170 1342 1171 1343
575 2 -1
999 99 8 97 8 1171 1343 1173 1345
576 0 -1
1001 85 34 69 48 1173 1345 1222 1394
577 14 -1
1004 82 86 82 86 1176 1348 1178 1350
578 0 -1
1008 22 30 23 30 1180 1352 1181 1353
579 6 -1
1010 58 7 58 7 1182 1354 1184 1356
580 7 -1
1012 10 4 10 5 1184 1356 1185 1357
581 1 -1
1015 25 88 25 88 1187 1359 1188 1360
582 3 -1
1016 18 26 18 27 1188 1360 1189 1361
583 15 -1
1017 40 23 41 25 1189 1361 1192 1364
584 0 -1
1018 7 39 10 44 1190 1362 1204 1376
585 3 -1
1019 40 33 40 39 1191 1363 1201 1373
586 15 -1
1020 17 75 17 78 1192 1364 1195 1367
587 11 -1
1021 43 17 44 17 1193 1365 1194 1366
588 8 -1
1022 54 67 57 72 1194 1366 1208 1380
589 15 -1
1025 93 43 97 44 1197 1369 1202 1374
590 14 -1
1027 11 33 11 33 1199 1371 1200 1372
591 12 -1
1028 72 42 72 43 1200 1372 1201 1373
592 9 -1
1031 79 56 85 58 1203 1375 1212 1384
593 11 -1
1032 64 17 67 17 1204 1376 1211 1383
594 4 -1
1033 36 36 37 36 1205 1377 1209 1381
595 9 -1
1035 0 79 1 79 1207 1379 1209 1381
596 4 -1
1036 89 85 90 86 1208 1380 1210 1382
597 13 -1
1037 21 21 21 22 1209 1381 1210 1382
598 7 -1
1039 56 93 56 94 1211 1383 1212 1384
599 12 -1
1040 26 57 27 57 1212 1384 1213 1385
600 7 -1
1042 64 33 64 43 1214 1386 1225 1397
601 1 -1
1044 18 22 20 22 1216 1388 1220 1392
602 7 -1
1045 58 13 59 14 1217 1389 1220 1392
603 1 -1
1051 86 18 87 18 1223 1395 1224 1396
604 15 -1
1053 0 87 0 88 1225 1397 1226 1398
605 6 -1
1056 28 32 28 33 1228 1400 1230 1402
606 12 -1
1057 99 39 98 40 1229 1401 1231 1403
607 13 -1
1059 38 74 39 75 1231 1403 1235 1407
608 7 -1
1060 34 68 38 68 1232 1404 1237 1409
609 10 -1
1063 55 87 57 88 1235 1407 1238 1410
610 13 -1
1065 72 64 73 65 1237 1409 1240 1412
611 0 -1
1066 55 56 56 56 1238 1410 1240 1412
612 13 -1
1067 1 20 2 20 1239 1411 1240 1412
613 10 -1
1070 80 4 86 9 1242 1414 1254 1426
614 7 -1
1071 57 92 58 93 1243 1415 1248 1420
615 3 -1
1073 94 93 88 95 1245 1417 1260 1432
616 4 -1
1074 91 42 92 42 1246 1418 1247 1419
617 8 -1
1075 68 81 69 83 1247 1419 1250 1422
618 4 -1
1078 46 79 47 79 1250 1422 1254 1426
619 8 -1
1082 48 42 48 42 1254 1426 1255 1427
620 13 -1
1083 34 51 36 51 1255 1427 1257 1429
621 9 -1
1084 59 90 61 94 1256 1428 1262 1434
622 10 -1
1085 65 70 66 70 1257 1429 1260 1432
623 8 -1
1086 27 33 28 35 1258 1430 1262 1434
624 6 -1
1090 93 61 93 61 1262 1434 1263 1435
625 8 -1
1091 31 10 32 13 1263 1435 1267 1439
626 6 -1
1092 11 28 11 29 1264 1436 1265 1437
627 10 -1
1095 69 26 69 26 1267 1439 1270 1442
628 13 -1
1097 0 18 1 20 1269 1441 1272 1444
629 3 -1
1098 19 27 21 27 1270 1442 1274 1446
630 13 -1
1099 31 67 33 67 1271 1443 1276 1448
631 0 -1
1100 1 20 4 22 1272 1444 1277 1449
632 7 -1
1102 48 99 51 99 1274 1446 1277 1449
633 11 -1
1103 90 19 95 19 1275 1447 1282 1454
634 14 -1
1104 57 1 58 1 1276 1448 1277 1449
635 1 -1
1105 48 43 48 43 1277 1449 1278 1450
636 11 -1
1107 68 22 76 22 1279 1451 1289 1461
637 9 -1
1109 6 54 9 54 1281 1453 1284 1456
638 7 -1
1111 6 47 6 48 1283 1455 1285 1457
639 1 -1
1113 47 32 47 33 1285 1457 1286 1458
640 7 -1
1114 29 16 30 16 1286 1458 1287 1459
641 4 -1
1115 23 34 23 37 1287 1459 1290 1462
642 0 -1
1116 55 17 58 22 1288 1460 1299 1471
643 1 -1
1118 17 29 19 29 1290 1462 1292 1464
644 4 -1
1120 32 72 33 72 1292 1464 1294 1466
645 12 -1
1121 85 13 86 13 1293 1465 1294 1466
646 2 -1
1122 97 71 97 74 1294 1466 1297 1469
647 7 -1
1124 33 43 38 44 1296 1468 1303 1475
648 7 -1
1125 26 59 28 59 1297 1469 1299 1471
649 2 -1
1126 28 88 33 93 1298 1470 1310 1482
650 13 -1
1129 58 51 58 52 1301 1473 1302 1474
651 6 -1
1130 12 53 13 53 1302 1474 1303 1475
652 5 -1
1132 90 74 92 74 1304 1476 1306 1478
653 5 -1
1133 63 98 63 98 1305 1477 1308 1480
654 3 -1
1137 71 3 75 3 1309 1481 1313 1485
655 0 -1
1138 40 84 41 84 1310 1482 1311 1483
656 5 -1
1139 69 13 70 13 1311 1483 1312 1484
657 15 -1
1141 78 57 80 57 1313 1485 1315 1487
658 7 -1
1142 10 46 11 48 1314 1486 1317 1489
659 5 -1
1144 93 85 95 85 1316 1488 1319 1491
660 9 -1
1147 35 15 38 16 1319 1491 1323 1495
661 4 -1
1150 88 12 89 12 1322 1494 1323 1495
662 6 -1
1151 91 8 92 9 1323 1495 1325 1497
663 4 -1
1154 31 0 32 0 1326 1498 1327 1499
664 13 -1
1156 48 20 50 20 1328 1500 1330 1502
665 8 -1
1157 99 21 99 21 1329 1501 1334 1506
666 5 -1
1158 60 9 60 10 1330 1502 1334 1506
667 8 -1
1159 80 73 82 73 1331 1503 1333 1505
668 8 -1
1164 90 51 93 51 1336 1508 1339 1511
669 5 -1
1166 71 94 73 94 1338 1510 1341 1513
670 2 -1
1169 17 27 18 28 1341 1513 1344 1516
671 4 -1
1170 29 99 31 99 1342 1514 1345 1517
672 12 -1
1171 59 10 66 11 1343 1515 1352 1524
673 11 -1
1172 38 76 38 76 1344 1516 1345 1517
674 14 -1
1174 95 49 99 52 1346 1518 1353 1525
675 9 -1
1175 0 61 1 61 1347 1519 1350 1522
676 10 -1
1176 29 71 31 71 1348 1520 1350 1522
677 11 -1
1177 59 97 60 98 1349 1521 1351 1523
678 13 -1
1179 27 92 27 93 1351 1523 1352 1524
679 3 -1
1186 12 50 14 50 1358 1530 1360 1532
680 6 -1
1187 45 60 47 60 1359 1531 1361 1533
681 12 -1
1188 34 70 35 70 1360 1532 1361 1533
682 2 -1
1190 27 81 28 81 1362 1534 1363 1535
683 15 -1
1191 22 27 22 27 1363 1535 1365 1537
684 4 -1
1194 55 15 55 16 1366 1538 1368 1540
685 6 -1
1195 83 76 83 78 1367 1539 1370 1542
686 5 -1
1197 49 31 52 31 1369 1541 1372 1544
687 14 -1
1198 58 10 59 13 1370 1542 1374 1546
688 9 -1
1201 2 45 5 45 1373 1545 1378 1550
689 9 -1
1202 93 62 93 63 1374 1546 1375 1547
690 13 -1
1203 90 97 91 97 1375 1547 1376 1548
691 8 -1
1205 60 28 63 28 1377 1549 1380 1552
692 9 -1
1207 89 91 91 93 1379 1551 1383 1555
693 5 -1
1208 6 35 6 36 1380 1552 1382 1554
694 11 -1
1209 96 58 96 59 1381 1553 1382 1554
695 10 -1
1211 20 51 20 54 1383 1555 1387 1559
696 5 -1
1214 20 49 20 51 1386 1558 1392 1564
697 10 -1
1217 65 18 67 18 1389 1561 1391 1563
698 11 -1
1218 31 69 31 69 1390 1562 1391 1563
699 5 -1
1219 37 4 38 10 1391 1563 1398 1570
700 8 -1
1220 26 79 27 79 1392 1564 1393 1565
701 13 -1
1222 15 59 17 59 1394 1566 1397 1569
702 3 -1
1223 24 98 28 98 1395 1567 1399 1571
703 13 -1
1226 18 70 21 70 1398 1570 1401 1573
704 3 -1
1227 79 62 80 62 1399 1571 1400 1572
705 2 -1
1229 40 34 40 34 1401 1573 1402 1574
706 14 -1
1230 75 9 80 9 1402 1574 1407 1579
707 13 -1
1231 82 19 82 19 1403 1575 1404 1576
708 11 -1
1233 47 25 47 26 1405 1577 1407 1579
709 4 -1
1235 75 91 75 95 1407 1579 1411 1583
710 12 -1
1236 1 3 2 4 1408 1580 1413 1585
711 0 -1
1237 4 84 7 86 1409 1581 1414 1586
712 5 -1
1238 19 22 20 25 1410 1582 1415 1587
713 13 -1
1240 87 38 87 39 1412 1584 1416 1588
714 12 -1
1241 65 96 66 96 1413 1585 1414 1586
715 4 -1
1242 80 6 87 10 1414 1586 1427 1599
716 14 -1
1243 21 98 22 98 1415 1587 1417 1589
717 15 -1
1244 48 53 48 56 1416 1588 1423 1595
718 0 -1
1246 86 98 91 95 1418 1590 1427 1599
719 8 -1
1250 34 80 35 80 1422 1594 1423 1595
720 9 -1
1254 58 15 60 17 1426 1598 1433 1605
721 15 -1
1255 69 12 72 13 1427 1599 1431 1603
722 15 -1
1258 63 27 64 33 1430 1602 1446 1618
723 14 -1
1259 62 30 72 36 1431 1603 1449 1621
724 14 -1
1260 9 50 13 50 1432 1604 1438 1610
725 12 -1
1261 25 69 26 69 1433 1605 1440 1612
726 2 -1
1263 56 42 60 42 1435 1607 1442 1614
727 13 -1
1264 60 34 60 34 1436 1608 1440 1612
728 6 -1
1265 87 27 89 27 1437 1609 1439 1611
729 8 -1
1266 46 15 47 15 1438 1610 1439 1611
730 12 -1
1268 0 43 1 45 1440 1612 1443 1615
731 15 -1
1276 76 26 77 26 1448 1620 1449 1621
732 11 -1
1277 98 23 96 26 1449 1621 1454 1626
733 11 -1
1281 39 35 40 36 1453 1625 1455 1627
734 4 -1
1284 62 25 62 27 1456 1628 1458 1630
735 12 -1
1287 28 0 31 1 1459 1631 1463 1635
736 0 -1
1290 52 0 56 0 1462 1634 1469 1641
737 5 -1
1291 33 70 35 70 1463 1635 1466 1638
738 2 -1
1292 10 23 29 23 1464 1636 1490 1662
739 8 -1
1297 46 41 46 44 1469 1641 1472 1644
740 6 -1
1298 67 1 67 1 1470 1642 1471 1643
741 1 -1
1299 39 13 42 13 1471 1643 1474 1646
742 7 -1
1300 62 19 62 21 1472 1644 1474 1646
743 1 -1
1307 54 69 55 69 1479 1651 1480 1652
744 1 -1
1309 4 30 6 30 1481 1653 1483 1655
745 4 -1
1312 49 20 49 22 1484 1656 1486 1658
746 6 -1
1313 80 58 81 58 1485 1657 1486 1658
747 7 -1
1314 9 64 9 65 1486 1658 1490 1662
748 7 -1
1315 79 47 84 47 1487 1659 1492 1664
749 11 -1
1316 32 9 34 9 1488 1660 1490 1662
750 0 -1
1317 87 46 88 46 1489 1661 1491 1663
751 14 -1
1318 50 30 50 33 1490 1662 1493 1665
752 12 -1
1319 50 47 52 47 1491 1663 1493 1665
753 12 -1
1320 75 50 76 50 1492 1664 1493 1665
754 7 -1
1321 43 86 44 86 1493 1665 1495 1667
755 15 -1
1323 64 20 64 20 1495 1667 1497 1669
756 7 -1
1324 60 19 63 21 1496 1668 1501 1673
757 13 -1
1325 0 60 6 60 1497 1669 1503 1675
758 2 -1
1326 12 49 13 49 1498 1670 1499 1671
759 0 -1
1327 52 5 58 5 1499 1671 1509 1681
760 3 -1
1329 81 35 83 35 1501 1673 1503 1675
761 15 -1
1332 91 83 91 83 1504 1676 1506 1678
762 15 -1
1333 2 25 3 25 1505 1677 1506 1678
763 9 -1
1335 34 94 41 95 1507 1679 1523 1695
764 14 -1
1336 73 96 74 96 1508 1680 1509 1681
765 12 -1
1338 78 46 81 46 1510 1682 1513 1685
766 9 -1
1340 81 99 81 95 1512 1684 1519 1691
767 13 -1
1342 43 6 46 6 1514 1686 1517 1689
768 2 -1
1344 46 29 48 29 1516 1688 1518 1690
769 7 -1
1345 78 17 78 17 1517 1689 1518 1690
770 0 -1
1347 13 24 15 24 1519 1691 1522 1694
771 15 -1
1348 17 11 17 12 1520 1692 1525 1697
772 6 -1
1349 58 89 64 89 1521 1693 1527 1699
773 0 -1
1354 48 26 49 27 1526 1698 1529 1701
774 13 -1
1355 45 98 48 98 1527 1699 1532 1704
775 8 -1
1359 52 3 55 3 1531 1703 1536 1708
776 15 -1
1362 63 72 64 72 1534 1706 1536 1708
777 5 -1
1365 82 97 82 97 1537 1709 1538 1710
778 12 -1
1368 61 64 63 64 1540 1712 1542 1714
779 15 -1
1369 75 25 41 26 1541 1713 1576 1748
780 15 -1
1370 71 88 71 89 1542 1714 1544 1716
781 10 -1
1372 12 72 13 73 1544 1716 1549 1721
782 7 -1
1374 44 70 45 71 1546 1718 1548 1720
783 15 -1
1375 33 83 40 83 1547 1719 1554 1726
784 0 -1
1376 73 83 73 84 1548 1720 1549 1721
785 5 -1
1377 35 65 36 66 1549 1721 1552 1724
786 7 -1
1378 67 5 68 5 1550 1722 1551 1723
787 11 -1
1379 98 6 99 6 1551 1723 1555 1727
788 7 -1
1381 95 59 97 60 1553 1725 1556 1728
789 12 -1
1382 45 63 45 64 1554 1726 1557 1729
790 9 -1
1383 46 42 47 42 1555 1727 1557 1729
791 14 -1
1385 7 86 7 90 1557 1729 1563 1735
792 12 -1
1386 65 25 65 26 1558 1730 1561 1733
793 1 -1
1387 79 44 85 49 1559 1731 1570 1742
794 15 -1
1388 75 13 78 13 1560 1732 1563 1735
795 6 -1
1389 23 50 24 50 1561 1733 1563 1735
796 4 -1
1390 74 75 74 76 1562 1734 1564 1736
797 5 -1
1391 18 4 19 4 1563 1735 1565 1737
798 15 -1
1393 17 89 19 89 1565 1737 1567 1739
799 12 -1
1395 34 43 39 45 1567 1739 1575 1747
800 5 -1
1396 79 45 79 45 1568 1740 1569 1741
801 11 -1
1400 15 83 18 83 1572 1744 1575 1747
802 12 -1
1401 21 21 22 22 1573 1745 1576 1748
803 1 -1
1402 60 10 60 16 1574 1746 1581 1753
804 2 -1
1403 45 34 45 36 1575 1747 1577 1749
805 15 -1
1406 83 96 84 96 1578 1750 1579 1751
806 13 -1
1411 52 2 53 3 1583 1755 1585 1757
807 9 -1
1412 44 27 49 27 1584 1756 1590 1762
808 10 -1
1413 91 90 91 91 1585 1757 1586 1758
809 14 -1
1414 23 4 24 4 1586 1758 1588 1760
810 2 -1
1415 93 52 95 52 1587 1759 1589 1761
811 9 -1
1417 79 92 79 92 1589 1761 1590 1762
812 9 -1
1418 39 56 42 56 1590 1762 1595 1767
813 9 -1
1419 83 99 86 99 1591 1763 1598 1770
814 1 -1
1420 82 34 90 34 1592 1764 1600 1772
815 12 -1
1423 80 53 81 53 1595 1767 1596 1768
816 15 -1
1426 57 42 58 43 1598 1770 1600 1772
817 5 -1
1428 68 38 69 38 1600 1772 1603 1775
818 8 -1
1429 63 51 64 52 1601 1773 1603 1775
819 8 -1
1430 62 33 63 33 1602 1774 1603 1775
820 11 -1
1431 50 48 51 49 1603 1775 1606 1778
821 3 -1
1432 95 38 96 38 1604 1776 1605 1777
822 14 -1
1434 30 48 31 48 1606 1778 1607 1779
823 2 -1
1435 6 82 12 83 1607 1779 1614 1786
824 9 -1
1436 96 91 98 91 1608 1780 1610 1782
825 1 -1
1438 59 29 59 30 1610 1782 1614 1786
826 6 -1
1439 63 62 64 62 1611 1783 1612 1784
827 2 -1
1440 60 40 63 40 1612 1784 1615 1787
828 10 -1
1441 57 76 57 78 1613 1785 1620 1792
829 9 -1
1442 21 76 22 77 1614 1786 1616 1788
830 13 -1
1443 87 93 92 93 1615 1787 1620 1792
831 6 -1
1444 16 29 17 30 1616 1788 1618 1790
832 12 -1
1446 1 73 2 78 1618 1790 1624 1796
833 12 -1
1447 59 15 61 15 1619 1791 1621 1793
834 2 -1
1448 92 45 92 46 1620 1792 1622 1794
835 12 -1
1452 20 61 20 62 1624 1796 1625 1797
836 5 -1
1454 8 25 12 25 1626 1798 1630 1802
837 7 -1
1455 0 79 0 81 1627 1799 1629 1801
838 12 -1
1456 75 61 76 61 1628 1800 1629 1801
839 1 -1
1457 63 94 67 94 1629 1801 1635 1807
840 12 -1
1458 7 80 12 85 1630 1802 1640 1812
841 0 -1
1461 41 97 41 99 1633 1805 1636 1808
842 4 -1
1462 57 85 61 85 1634 1806 1638 1810
843 7 -1
1463 64 12 66 12 1635 1807 1637 1809
844 12 -1
1465 67 51 67 51 1637 1809 1639 1811
845 10 -1
1466 41 8 43 8 1638 1810 1640 1812
846 12 -1
1468 46 31 47 31 1640 1812 1641 1813
847 14 -1
1469 93 63 96 64 1641 1813 1646 1818
848 4 -1
1470 77 72 78 72 1642 1814 1643 1815
849 13 -1
1472 57 72 61 73 1644 1816 1649 1821
850 12 -1
1473 91 20 91 25 1645 1817 1650 1822
851 12 -1
1474 49 77 57 77 1646 1818 1657 1829
852 4 -1
1475 52 2 53 2 1647 1819 1649 1821
853 10 -1
1478 67 15 69 15 1650 1822 1656 1828
854 3 -1
1479 88 84 89 85 1651 1823 1653 1825
855 1 -1
1481 42 32 44 32 1653 1825 1655 1827
856 15 -1
1483 16 65 19 72 1655 1827 1666 1838
857 11 -1
1486 98 57 96 57 1658 1830 1663 1835
858 3 -1
1487 11 97 13 97 1659 1831 1663 1835
859 10 -1
1493 41 62 42 63 1665 1837 1667 1839
860 0 -1
1495 97 76 97 76 1667 1839 1668 1840
861 2 -1
1496 67 88 69 88 1668 1840 1672 1844
862 5 -1
1497 11 49 11 52 1669 1841 1673 1845
863 1 -1
1499 36 43 38 43 1671 1843 1673 1845
864 11 -1
1500 1 42 1 42 1672 1844 1674 1846
865 14 -1
1501 75 82 83 82 1673 1845 1681 1853
866 9 -1
1502 30 88 30 90 1674 1846 1678 1850
867 2 -1
1504 50 61 51 64 1676 1848 1689 1861
868 14 -1
1505 45 75 49 76 1677 1849 1687 1859
869 0 -1
1506 74 95 76 95 1678 1850 1680 1852
870 5 -1
1507 98 56 99 57 1679 1851 1682 1854
871 0 -1
1508 66 85 69 88 1680 1852 1686 1858
872 13 -1
1509 7 30 7 31 1681 1853 1682 1854
873 13 -1
1511 44 31 45 32 1683 1855 1685 1857
874 8 -1
1513 7 52 12 52 1685 1857 1690 1862
875 3 -1
1515 29 74 29 74 1687 1859 1688 1860
876 11 -1
1516 9 31 10 32 1688 1860 1691 1863
877 0 -1
1517 92 17 92 20 1689 1861 1692 1864
878 5 -1
1518 3 40 5 41 1690 1862 1693 1865
879 6 -1
1519 66 36 67 37 1691 1863 1695 1867
880 13 -1
1521 61 20 65 20 1693 1865 1697 1869
881 5 -1
1522 41 73 41 75 1694 1866 1696 1868
882 14 -1
1523 74 5 74 6 1695 1867 1697 1869
883 5 -1
1527 7 58 10 59 1699 1871 1703 1875
884 3 -1
1528 53 55 53 55 1700 1872 1701 1873
885 9 -1
1533 98 80 99 80 1705 1877 1706 1878
886 8 -1
1534 3 75 9 77 1706 1878 1715 1887
887 13 -1
1535 22 48 24 49 1707 1879 1710 1882
888 9 -1
1536 70 44 71 45 1708 1880 1710 1882
889 9 -1
1538 74 85 74 87 1710 1882 1714 1886
890 14 -1
1540 29 56 30 56 1712 1884 1713 1885
891 7 -1
1543 23 3 24 4 1715 1887 1718 1890
892 2 -1
1544 52 1 52 2 1716 1888 1718 1890
893 10 -1
1545 20 19 22 19 1717 1889 1719 1891
894 6 -1
1547 9 34 12 36 1719 1891 1724 1896
895 9 -1
1550 59 91 59 93 1722 1894 1724 1896
896 14 -1
1551 45 17 45 19 1723 1895 1725 1897
897 2 -1
1552 53 48 54 52 1724 1896 1729 1901
898 13 -1
1554 48 37 49 38 1726 1898 1730 1902
899 6 -1
1555 9 45 9 47 1727 1899 1729 1901
900 3 -1
1556 94 90 94 92 1728 1900 1730 1902
901 14 -1
1559 60 2 62 4 1731 1903 1737 1909
902 6 -1
1560 64 32 69 33 1732 1904 1738 1910
903 10 -1
1562 96 50 97 50 1734 1906 1736 1908
904 6 -1
1563 13 79 23 79 1735 1907 1745 1917
905 7 -1
1564 58 78 60 78 1736 1908 1738 1910
906 12 -1
1566 2 47 4 47 1738 1910 1740 1912
907 15 -1
1567 55 72 58 72 1739 1911 1743 1915
908 14 -1
1573 2 43 4 44 1745 1917 1753 1925
909 4 -1
1575 4 9 4 9 1747 1919 1748 1920
910 3 -1
1576 20 67 20 67 1748 1920 1750 1922
911 10 -1
1577 24 32 25 32 1749 1921 1751 1923
912 5 -1
1579 6 31 6 32 1751 1923 1754 1926
913 0 -1
1580 17 30 19 30 1752 1924 1754 1926
914 1 -1
1582 83 69 83 69 1754 1926 1755 1927
915 2 -1
1584 73 81 74 81 1756 1928 1757 1929
916 11 -1
1587 52 24 59 26 1759 1931 1771 1943
917 9 -1
1588 17 11 17 12 1760 1932 1764 1936
918 9 -1
1589 18 6 19 7 1761 1933 1763 1935
919 15 -1
1590 92 86 95 86 1762 1934 1765 1937
920 5 -1
1591 63 1 65 2 1763 1935 1768 1940
921 15 -1
1593 87 56 89 58 1765 1937 1769 1941
922 14 -1
1594 62 89 63 90 1766 1938 1768 1940
923 3 -1
1596 36 9 37 9 1768 1940 1770 1942
924 14 -1
1598 59 19 60 19 1770 1942 1771 1943
925 3 -1
1599 57 39 57 39 1771 1943 1775 1947
926 6 -1
1600 52 95 52 95 1772 1944 1773 1945
927 15 -1
1603 31 24 32 24 1775 1947 1776 1948
928 15 -1
1606 29 43 30 44 1778 1950 1780 1952
929 4 -1
1608 22 45 22 46 1780 1952 1781 1953
930 11 -1
1609 64 34 64 34 1781 1953 1783 1955
931 14 -1
1610 44 44 44 44 1782 1954 1783 1955
932 15 -1
1611 92 46 92 46 1783 1955 1785 1957
933 10 -1
1613 41 79 42 79 1785 1957 1787 1959
934 14 -1
1615 71 12 72 12 1787 1959 1788 1960
935 9 -1
1618 53 0 54 2 1790 1962 1793 1965
936 5 -1
1620 94 78 97 78 1792 1964 1797 1969
937 0 -1
1621 39 72 41 72 1793 1965 1800 1972
938 11 -1
1623 8 92 10 95 1795 1967 1800 1972
939 13 -1
1624 94 85 95 85 1796 1968 1797 1969
940 1 -1
1625 99 2 99 2 1797 1969 1800 1972
941 11 -1
1626 80 12 82 12 1798 1970 1800 1972
942 15 -1
1627 51 77 62 77 1799 1971 1812 1984
943 6 -1
1629 86 9 87 9 1801 1973 1802 1974
944 9 -1
1631 31 13 33 13 1803 1975 1805 1977
945 1 -1
1633 47 59 53 62 1805 1977 1815 1987
946 4 -1
1634 49 78 51 78 1806 1978 1808 1980
947 7 -1
1637 17 61 18 61 1809 1981 1810 1982
948 3 -1
1638 83 71 83 74 1810 1982 1813 1985
949 5 -1
1640 66 99 76 99 1812 1984 1822 1994
950 10 -1
1641 58 82 59 82 1813 1985 1816 1988
951 10 -1
1642 88 9 89 9 1814 1986 1818 1990
952 10 -1
1645 13 48 14 48 1817 1989 1818 1990
953 1 -1
1648 17 40 17 40 1820 1992 1822 1994
954 4 -1
1649 7 52 8 53 1821 1993 1823 1995
955 0 -1
1650 4 66 5 66 1822 1994 1823 1995
956 5 -1
1656 24 19 26 20 1828 2000 1832 2004
957 13 -1
1657 83 49 86 49 1829 2001 1832 2004
958 10 -1
1659 74 81 74 81 1831 2003 1835 2007
959 6 -1
1660 42 34 46 34 1832 2004 1836 2008
960 13 -1
1661 53 87 56 90 1833 2005 1840 2012
961 3 -1
1662 39 50 44 50 1834 2006 1841 2013
962 3 -1
1663 48 53 55 53 1835 2007 1842 2014
963 7 -1
1664 84 63 85 64 1836 2008 1838 2010
964 9 -1
1665 75 3 76 3 1837 2009 1838 2010
965 0 -1
1668 53 73 54 73 1840 2012 1843 2015
966 15 -1
1671 45 66 50 69 1843 2015 1851 2023
967 4 -1
1672 97 77 93 77 1844 2016 1848 2020
968 4 -1
1673 72 53 76 53 1845 2017 1850 2022
969 11 -1
1675 62 96 63 96 1847 2019 1848 2020
970 13 -1
1676 56 77 59 77 1848 2020 1851 2023
971 2 -1
1678 25 88 27 89 1850 2022 1853 2025
972 11 -1
1679 92 4 99 4 1851 2023 1858 2030
973 9 -1
1680 77 7 79 7 1852 2024 1856 2028
974 3 -1
1683 39 75 43 76 1855 2027 1862 2034
975 8 -1
1685 48 58 48 58 1857 2029 1860 2032
976 6 -1
1686 30 16 30 21 1858 2030 1868 2040
977 6 -1
1687 69 51 70 53 1859 2031 1863 2035
978 8 -1
1688 94 90 98 92 1860 2032 1866 2038
979 14 -1
1690 86 36 89 36 1862 2034 1866 2038
980 7 -1
1691 89 72 90 72 1863 2035 1865 2037
981 12 -1
1692 81 83 81 84 1864 2036 1867 2039
982 2 -1
1694 69 51 69 52 1866 2038 1867 2039
983 11 -1
1695 52 92 54 93 1867 2039 1871 2043
984 10 -1
1696 91 99 93 100 1868 2040 1871 2043
985 15 -1
1697 47 83 47 83 1869 2041 1871 2043
986 6 -1
1698 2 35 2 36 1870 2042 1872 2044
987 12 -1
1700 57 60 58 61 1872 2044 1874 2046
988 0 -1
1702 51 69 63 71 1874 2046 1888 2060
989 11 -1
1703 87 3 87 4 1875 2047 1876 2048
990 9 -1
1704 71 81 71 82 1876 2048 1879 2051
991 2 -1
1709 91 42 91 42 1881 2053 1884 2056
992 3 -1
1712 4 83 5 84 1884 2056 1887 2059
993 11 -1
1714 33 18 33 18 1886 2058 1890 2062
994 8 -1
1717 24 34 25 35 1889 2061 1893 2065
995 6 -1
1718 7 84 7 86 1890 2062 1892 2064
996 8 -1
1720 75 71 77 74 1892 2064 1898 2070
997 13 -1
1722 59 69 59 70 1894 2066 1895 2067
998 3 -1
1723 58 30 60 30 1895 2067 1897 2069
999 5 -1
1725 72 92 74 92 1897 2069 1899 2071
1000 10 -1
1726 5 38 5 40 1898 2070 1901 2073
