100 100 1797
4
0 62 30
1 72 64
2 64 29
3 10 21
52
0 0 0 100 6
0
1 0 0 100 6
0
2 0 0 100 6
0
3 0 0 100 6
0
4 0 0 100 6
0
5 0 0 100 6
0
6 0 0 100 6
0
7 0 0 100 6
0
8 0 0 100 6
0
9 0 0 100 6
0
10 0 0 100 6
0
11 0 0 100 6
0
12 0 0 100 6
0
13 1 0 100 6
0
14 1 0 100 6
0
15 1 0 100 6
0
16 1 0 100 6
0
17 1 0 100 6
0
18 1 0 100 6
0
19 1 0 100 6
0
20 1 0 100 6
0
21 1 0 100 6
0
22 1 0 100 6
0
23 1 0 100 6
0
24 1 0 100 6
0
25 1 0 100 6
0
26 2 0 100 6
0
27 2 0 100 6
0
28 2 0 100 6
0
29 2 0 100 6
0
30 2 0 100 6
0
31 2 0 100 6
0
32 2 0 100 6
0
33 2 0 100 6
0
34 2 0 100 6
0
35 2 0 100 6
0
36 2 0 100 6
0
37 2 0 100 6
0
38 2 0 100 6
0
39 3 0 100 6
0
40 3 0 100 6
0
41 3 0 100 6
0
42 3 0 100 6
0
43 3 0 100 6
0
44 3 0 100 6
0
45 3 0 100 6
0
46 3 0 100 6
0
47 3 0 100 6
0
48 3 0 100 6
0
49 3 0 100 6
0
50 3 0 100 6
0
51 3 0 100 6
0
1000
1 2 -1
2 42 23 45 23 36 70 39 73
2 3 -1
5 76 13 76 14 39 73 44 78
3 3 -1
7 59 40 60 42 41 75 45 79
4 3 -1
8 17 97 26 97 42 76 51 85
5 3 -1
9 97 14 94 17 43 77 49 83
6 2 -1
10 68 62 68 64 44 78 48 82
7 3 -1
11 76 27 76 27 45 79 51 85
8 1 -1
12 97 45 97 46 46 80 48 82
9 2 -1
13 71 70 73 70 47 81 49 83
10 0 -1
14 76 33 76 35 48 82 51 85
11 1 -1
15 85 47 86 49 49 83 55 89
12 0 -1
17 32 96 35 97 51 85 55 89
13 0 -1
18 55 41 57 41 52 86 58 92
14 2 -1
19 31 0 32 0 53 87 54 88
15 3 -1
20 6 39 8 39 54 88 56 90
16 1 -1
21 32 90 34 90 55 89 57 91
17 1 -1
22 1 2 5 2 56 90 60 94
18 2 -1
24 46 6 48 6 58 92 60 94
19 1 -1
29 59 81 60 83 63 97 69 103
20 2 -1
30 97 57 98 57 64 98 66 100
21 3 -1
31 90 25 90 27 65 99 67 101
22 3 -1
33 82 71 83 71 67 101 73 107
23 0 -1
35 89 75 89 75 69 103 70 104
24 3 -1
36 24 38 24 38 70 104 72 106
25 2 -1
39 38 41 39 41 73 107 74 108
26 3 -1
40 86 53 86 53 74 108 75 109
27 3 -1
41 39 40 40 40 75 109 77 111
28 2 -1
42 82 97 82 98 76 110 77 111
29 2 -1
43 99 25 98 25 77 111 78 112
30 1 -1
45 33 83 34 83 79 113 81 115
31 2 -1
49 46 6 49 6 83 117 86 120
32 3 -1
52 24 99 27 95 86 120 93 127
33 0 -1
53 71 70 75 70 87 121 92 126
34 2 -1
54 12 22 12 23 88 122 89 123
35 0 -1
56 76 42 81 54 90 124 107 141
36 3 -1
57 88 49 89 50 91 125 93 127
37 3 -1
59 40 95 40 95 93 127 94 128
38 1 -1
61 78 84 78 85 95 129 97 131
39 0 -1
62 23 25 24 28 96 130 104 138
40 1 -1
64 40 45 48 46 98 132 117 151
41 1 -1
69 7 48 8 49 103 137 105 139
42 2 -1
71 95 61 89 61 105 139 113 147
43 3 -1
73 33 44 36 46 107 141 112 146
44 3 -1
76 14 7 15 8 110 144 113 147
45 3 -1
78 35 24 37 24 112 146 114 148
46 1 -1
80 19 14 19 17 114 148 117 151
47 2 -1
81 92 13 93 14 115 149 117 151
48 0 -1
82 33 43 35 47 116 150 122 156
49 3 -1
83 84 69 86 72 117 151 122 156
50 2 -1
84 36 31 36 32 118 152 119 153
51 3 -1
86 68 98 75 95 120 154 130 164
52 3 -1
87 98 55 99 55 121 155 122 156
53 2 -1
90 34 33 34 34 124 158 125 159
54 3 -1
91 97 77 98 80 125 159 129 163
55 3 -1
92 80 66 81 66 126 160 127 161
56 0 -1
93 29 60 32 60 127 161 130 164
57 0 -1
94 27 73 27 74 128 162 134 168
58 2 -1
96 63 71 65 71 130 164 132 166
59 3 -1
103 31 29 33 29 137 171 140 174
60 3 -1
105 45 33 46 33 139 173 141 175
61 2 -1
106 99 84 97 91 140 174 150 184
62 2 -1
107 43 52 45 53 141 175 144 178
63 2 -1
108 88 90 88 94 142 176 150 184
64 3 -1
110 42 50 45 50 144 178 152 186
65 2 -1
111 12 32 13 32 145 179 146 180
66 1 -1
114 99 67 99 70 148 182 154 188
67 3 -1
115 40 19 40 24 149 183 154 188
68 3 -1
116 13 97 21 100 150 184 162 196
69 1 -1
119 22 61 25 61 153 187 156 190
70 2 -1
120 84 62 85 62 154 188 155 189
71 1 -1
122 3 46 5 47 156 190 160 194
72 3 -1
123 49 69 49 71 157 191 160 194
73 1 -1
124 77 89 81 89 158 192 162 196
74 0 -1
127 12 33 13 33 161 195 162 196
75 0 -1
128 30 5 48 5 162 196 181 215
76 1 -1
130 50 73 51 73 164 198 165 199
77 1 -1
132 98 59 84 59 166 200 181 215
78 3 -1
134 73 20 74 20 168 202 169 203
79 3 -1
135 60 48 69 49 169 203 180 214
80 3 -1
136 3 15 5 15 170 204 172 206
81 0 -1
139 27 14 27 14 173 207 174 208
82 0 -1
140 52 42 54 44 174 208 178 212
83 0 -1
141 38 54 43 54 175 209 180 214
84 0 -1
144 64 44 66 47 178 212 183 217
85 0 -1
145 31 8 33 8 179 213 181 215
86 2 -1
146 84 43 84 43 180 214 181 215
87 2 -1
147 77 85 77 86 181 215 182 216
88 3 -1
148 1 48 1 49 182 216 183 217
89 3 -1
149 26 54 26 55 183 217 185 219
90 2 -1
150 67 37 70 38 184 218 190 224
91 2 -1
153 84 52 84 52 187 221 188 222
92 2 -1
154 63 27 63 31 188 222 192 226
93 3 -1
155 84 93 85 93 189 223 190 224
94 1 -1
156 78 48 82 48 190 224 195 229
95 0 -1
157 20 95 20 95 191 225 196 230
96 3 -1
160 86 72 92 72 194 228 200 234
97 3 -1
162 74 3 75 3 196 230 197 231
98 2 -1
163 33 81 33 82 197 231 198 232
99 1 -1
166 61 0 62 1 200 234 202 236
100 3 -1
167 75 78 77 80 201 235 206 240
101 0 -1
168 15 64 16 65 202 236 204 238
102 0 -1
169 55 37 56 41 203 237 208 242
103 2 -1
170 98 31 96 34 204 238 209 243
104 2 -1
172 20 70 25 70 206 240 211 245
105 2 -1
173 35 51 35 51 207 241 212 246
106 2 -1
174 95 12 96 13 208 242 210 244
107 3 -1
179 17 80 17 80 213 247 214 248
108 0 -1
183 87 60 91 61 217 251 222 256
109 2 -1
184 39 76 40 76 218 252 220 254
110 3 -1
185 87 48 88 48 219 253 221 255
111 3 -1
186 56 6 63 6 220 254 229 263
112 1 -1
187 58 72 64 72 221 255 227 261
113 1 -1
189 0 39 2 40 223 257 228 262
114 3 -1
190 34 90 35 90 224 258 229 263
115 2 -1
193 53 36 54 36 227 261 228 262
116 1 -1
196 35 35 37 35 230 264 232 266
117 1 -1
197 0 90 0 90 231 265 232 266
118 2 -1
198 70 40 70 40 232 266 250 284
119 1 -1
199 87 62 88 62 233 267 234 268
120 0 -1
200 54 83 56 83 234 268 236 270
121 2 -1
201 76 99 77 99 235 269 236 270
122 0 -1
204 40 97 40 98 238 272 239 273
123 1 -1
208 49 12 50 12 242 276 243 277
124 0 -1
209 46 45 47 45 243 277 244 278
125 0 -1
211 37 41 38 42 245 279 248 282
126 0 -1
212 13 71 14 71 246 280 248 282
127 2 -1
213 59 0 65 2 247 281 255 289
128 3 -1
214 68 47 69 47 248 282 253 287
129 2 -1
218 36 16 41 18 252 286 259 293
130 3 -1
219 16 51 18 51 253 287 255 289
131 0 -1
224 65 9 65 9 258 292 261 295
132 3 -1
225 33 94 35 94 259 293 261 295
133 0 -1
229 5 58 7 61 263 297 269 303
134 2 -1
230 93 15 93 16 264 298 265 299
135 0 -1
231 68 76 71 76 265 299 268 302
136 0 -1
236 83 26 85 26 270 304 272 306
137 1 -1
237 0 60 1 60 271 305 273 307
138 0 -1
240 68 30 78 30 274 308 285 319
139 2 -1
242 47 89 49 89 276 310 278 312
140 1 -1
244 5 45 7 45 278 312 283 317
141 3 -1
245 83 70 87 72 279 313 285 319
142 2 -1
246 96 75 99 75 280 314 283 317
143 3 -1
247 83 16 84 18 281 315 284 318
144 2 -1
248 58 34 61 34 282 316 285 319
145 2 -1
250 87 26 88 27 284 318 286 320
146 0 -1
251 31 27 32 29 285 319 288 322
147 2 -1
253 72 95 73 95 287 321 288 322
148 1 -1
255 18 33 20 33 289 323 291 325
149 1 -1
256 48 57 48 59 290 324 294 328
150 3 -1
257 14 12 15 14 291 325 295 329
151 0 -1
258 94 21 95 21 292 326 293 327
152 0 -1
260 45 70 47 70 294 328 296 330
153 2 -1
261 5 92 8 98 295 329 307 341
154 3 -1
266 86 5 90 5 300 334 304 338
155 2 -1
267 65 85 68 85 301 335 304 338
156 3 -1
268 84 61 86 61 302 336 304 338
157 3 -1
269 57 59 58 59 303 337 304 338
158 1 -1
271 47 24 49 25 305 339 311 345
159 1 -1
272 39 33 40 33 306 340 307 341
160 3 -1
274 26 71 37 73 308 342 321 355
161 1 -1
277 43 75 43 75 311 345 313 347
162 1 -1
278 85 6 86 6 312 346 318 352
163 3 -1
279 62 57 64 59 313 347 317 351
164 1 -1
280 47 74 49 74 314 348 317 351
165 3 -1
283 78 84 78 85 317 351 318 352
166 1 -1
285 87 92 89 92 319 353 322 356
167 0 -1
286 17 43 17 45 320 354 323 357
168 1 -1
289 4 68 7 68 323 357 326 360
169 1 -1
293 59 63 59 66 327 361 331 365
170 3 -1
294 80 61 81 61 328 362 329 363
171 3 -1
295 83 27 85 27 329 363 331 365
172 2 -1
296 35 91 39 91 330 364 334 368
173 3 -1
303 21 67 23 67 337 371 346 380
174 3 -1
305 10 90 14 90 339 373 344 378
175 0 -1
306 83 30 83 30 340 374 341 375
176 3 -1
307 85 22 86 22 341 375 343 377
177 3 -1
310 66 30 66 31 344 378 348 382
178 1 -1
311 77 75 79 76 345 379 349 383
179 2 -1
312 97 93 91 93 346 380 355 389
180 3 -1
313 74 14 74 15 347 381 348 382
181 3 -1
315 9 42 11 42 349 383 351 385
182 3 -1
320 70 56 77 61 354 388 370 404
183 0 -1
321 95 64 96 66 355 389 358 392
184 2 -1
323 23 89 33 89 357 391 370 404
185 1 -1
325 6 68 8 71 359 393 367 401
186 0 -1
326 37 77 37 78 360 394 361 395
187 3 -1
327 60 67 62 68 361 395 364 398
188 2 -1
328 4 99 5 95 362 396 367 401
189 2 -1
329 22 96 23 97 363 397 366 400
190 1 -1
330 53 55 53 60 364 398 369 403
191 3 -1
337 55 76 57 77 371 405 384 418
192 3 -1
340 12 7 12 10 374 408 377 411
193 1 -1
342 14 81 15 81 376 410 377 411
194 3 -1
343 84 7 84 8 377 411 380 414
195 2 -1
345 61 61 65 67 379 413 391 425
196 0 -1
349 83 61 84 61 383 417 384 418
197 3 -1
351 29 41 29 42 385 419 386 420
198 2 -1
354 21 2 23 6 388 422 394 428
199 0 -1
356 53 87 54 87 390 424 391 425
200 1 -1
357 36 3 40 3 391 425 395 429
201 0 -1
358 69 37 69 43 392 426 399 433
202 2 -1
359 12 57 15 57 393 427 396 430
203 1 -1
360 71 49 72 50 394 428 396 430
204 2 -1
361 71 19 72 22 395 429 401 435
205 2 -1
363 4 32 4 32 397 431 398 432
206 2 -1
364 30 39 31 39 398 432 399 433
207 3 -1
365 89 60 89 62 399 433 401 435
208 3 -1
367 11 92 12 96 401 435 407 441
209 3 -1
371 52 60 52 60 405 439 406 440
210 2 -1
372 79 24 87 24 406 440 414 448
211 0 -1
373 76 23 77 25 407 441 410 444
212 3 -1
374 81 70 82 70 408 442 409 443
213 3 -1
375 50 57 50 57 409 443 410 444
214 0 -1
377 86 70 87 70 411 445 412 446
215 1 -1
379 20 4 20 4 413 447 414 448
216 1 -1
380 59 13 59 14 414 448 415 449
217 0 -1
381 33 86 33 87 415 449 420 454
218 1 -1
382 24 82 25 82 416 450 418 452
219 1 -1
383 44 4 44 5 417 451 418 452
220 2 -1
388 26 29 27 29 422 456 423 457
221 2 -1
391 75 86 75 87 425 459 427 461
222 3 -1
392 29 51 30 51 426 460 428 462
223 3 -1
394 32 81 33 82 428 462 431 465
224 1 -1
396 26 66 30 67 430 464 435 469
225 0 -1
397 70 33 70 34 431 465 432 466
226 1 -1
400 8 3 10 3 434 468 436 470
227 3 -1
401 46 62 46 63 435 469 437 471
228 1 -1
403 3 21 6 23 437 471 442 476
229 3 -1
404 24 22 25 22 438 472 440 474
230 1 -1
407 72 97 73 97 441 475 442 476
231 3 -1
408 89 76 91 76 442 476 445 479
232 2 -1
411 37 4 38 5 445 479 447 481
233 0 -1
412 10 72 10 72 446 480 447 481
234 3 -1
414 3 32 4 32 448 482 449 483
235 0 -1
418 21 56 21 56 452 486 453 487
236 1 -1
420 52 64 53 64 454 488 455 489
237 1 -1
421 5 45 7 45 455 489 457 491
238 1 -1
423 46 41 46 41 457 491 458 492
239 3 -1
426 54 8 56 9 460 494 465 499
240 0 -1
428 27 72 27 73 462 496 464 498
241 3 -1
433 5 23 7 23 467 501 469 503
242 1 -1
437 13 9 13 10 471 505 472 506
243 2 -1
439 59 14 61 14 473 507 475 509
244 2 -1
441 52 88 57 88 475 509 483 517
245 1 -1
446 51 70 54 70 480 514 484 518
246 0 -1
448 22 38 25 38 482 516 485 519
247 1 -1
450 11 20 12 23 484 518 492 526
248 1 -1
452 14 92 16 92 486 520 489 523
249 0 -1
455 83 35 86 35 489 523 492 526
250 1 -1
460 12 72 16 74 494 528 500 534
251 0 -1
461 58 3 58 3 495 529 497 531
252 3 -1
462 65 78 67 78 496 530 499 533
253 2 -1
464 87 44 89 44 498 532 500 534
254 1 -1
469 86 76 88 76 503 537 505 539
255 1 -1
471 82 16 82 17 505 539 516 550
256 0 -1
475 95 70 97 70 509 543 511 545
257 2 -1
478 66 15 70 15 512 546 516 550
258 3 -1
479 52 87 54 87 513 547 515 549
259 3 -1
480 56 54 59 54 514 548 522 556
260 3 -1
481 46 22 51 23 515 549 521 555
261 3 -1
482 83 53 84 53 516 550 517 551
262 3 -1
484 3 68 5 68 518 552 522 556
263 3 -1
486 16 19 16 22 520 554 523 557
264 3 -1
488 88 2 88 2 522 556 525 559
265 3 -1
489 78 76 89 78 523 557 536 570
266 0 -1
491 59 34 60 34 525 559 527 561
267 2 -1
493 21 35 22 35 527 561 528 562
268 1 -1
496 17 22 18 22 530 564 531 565
269 1 -1
501 93 47 95 47 535 569 537 571
270 2 -1
502 65 76 66 77 536 570 540 574
271 1 -1
505 28 92 29 93 539 573 541 575
272 1 -1
506 35 15 36 17 540 574 545 579
273 1 -1
507 74 83 74 84 541 575 542 576
274 3 -1
509 40 79 41 79 543 577 544 578
275 3 -1
511 38 99 39 100 545 579 547 581
276 0 -1
512 55 26 55 27 546 580 547 581
277 1 -1
515 22 49 23 50 549 583 552 586
278 3 -1
516 90 22 91 26 550 584 563 597
279 0 -1
517 51 80 55 80 551 585 555 589
280 1 -1
518 3 13 5 13 552 586 554 588
281 2 -1
520 31 56 31 57 554 588 555 589
282 1 -1
522 86 1 95 1 556 590 565 599
283 2 -1
523 45 41 45 42 557 591 558 592
284 3 -1
525 25 51 27 51 559 593 561 595
285 2 -1
526 90 37 92 37 560 594 562 596
286 0 -1
528 63 64 68 64 562 596 567 601
287 3 -1
530 13 20 16 20 564 598 568 602
288 2 -1
533 72 19 73 20 567 601 569 603
289 0 -1
535 58 48 61 48 569 603 572 606
290 3 -1
536 95 35 96 36 570 604 572 606
291 1 -1
537 73 48 73 49 571 605 572 606
292 2 -1
538 74 19 76 20 572 606 575 609
293 2 -1
540 29 5 33 5 574 608 578 612
294 0 -1
541 52 5 53 7 575 609 578 612
295 0 -1
542 58 72 63 72 576 610 584 618
296 2 -1
543 87 19 88 20 577 611 579 613
297 3 -1
546 12 44 13 45 580 614 582 616
298 0 -1
547 57 0 59 0 581 615 583 617
299 1 -1
550 8 37 9 37 584 618 585 619
300 2 -1
552 52 61 52 61 586 620 589 623
301 1 -1
553 98 22 96 22 587 621 589 623
302 2 -1
555 21 78 26 78 589 623 594 628
303 1 -1
556 68 39 68 39 590 624 592 626
304 1 -1
558 57 2 58 2 592 626 593 627
305 1 -1
559 8 78 13 78 593 627 598 632
306 0 -1
560 48 48 50 48 594 628 596 630
307 1 -1
562 59 45 60 45 596 630 597 631
308 3 -1
565 59 56 61 57 599 633 603 637
309 1 -1
566 48 90 49 90 600 634 604 638
310 0 -1
567 36 9 37 9 601 635 602 636
311 1 -1
570 47 15 50 15 604 638 608 642
312 1 -1
572 11 26 12 26 606 640 609 643
313 3 -1
573 10 76 11 76 607 641 610 644
314 1 -1
575 0 85 1 86 609 643 611 645
315 1 -1
577 48 99 49 99 611 645 612 646
316 1 -1
578 33 40 35 40 612 646 614 648
317 3 -1
579 36 23 41 23 613 647 618 652
318 0 -1
580 21 34 22 34 614 648 615 649
319 2 -1
585 1 44 1 44 619 653 622 656
320 2 -1
588 79 99 80 96 622 656 627 661
321 1 -1
589 12 94 25 96 623 657 638 672
322 3 -1
592 51 28 52 28 626 660 627 661
323 3 -1
594 92 89 94 89 628 662 630 664
324 3 -1
595 93 37 98 40 629 663 644 678
325 3 -1
596 11 86 12 86 630 664 634 668
326 3 -1
597 66 33 66 33 631 665 639 673
327 2 -1
599 26 10 26 17 633 667 641 675
328 3 -1
600 0 22 0 22 634 668 637 671
329 3 -1
601 6 6 8 6 635 669 637 671
330 2 -1
603 20 22 20 24 637 671 639 673
331 1 -1
608 23 75 25 76 642 676 645 679
332 1 -1
609 36 2 36 2 643 677 644 678
333 3 -1
610 21 20 24 21 644 678 649 683
334 2 -1
611 77 5 81 5 645 679 649 683
335 1 -1
613 71 23 72 26 647 681 655 689
336 1 -1
614 35 13 40 13 648 682 654 688
337 1 -1
615 86 8 87 8 649 683 650 684
338 2 -1
616 8 41 10 41 650 684 652 686
339 3 -1
619 16 69 21 69 653 687 658 692
340 2 -1
620 40 69 42 69 654 688 656 690
341 2 -1
621 84 10 84 15 655 689 660 694
342 0 -1
622 18 3 21 3 656 690 659 693
343 3 -1
623 56 84 57 84 657 691 659 693
344 3 -1
624 59 74 59 74 658 692 659 693
345 0 -1
625 53 74 54 74 659 693 661 695
346 1 -1
628 5 57 6 57 662 696 663 697
347 1 -1
629 45 88 48 88 663 697 668 702
348 0 -1
630 75 94 75 95 664 698 665 699
349 0 -1
634 82 84 82 84 668 702 669 703
350 3 -1
635 16 78 17 78 669 703 671 705
351 1 -1
636 2 24 2 24 670 704 672 706
352 2 -1
637 81 87 83 87 671 705 673 707
353 2 -1
639 95 16 96 16 673 707 674 708
354 0 -1
640 70 54 72 54 674 708 676 710
355 0 -1
641 65 5 67 5 675 709 677 711
356 0 -1
643 40 94 45 95 677 711 683 717
357 0 -1
645 74 69 75 69 679 713 681 715
358 0 -1
646 39 24 41 24 680 714 682 716
359 2 -1
648 77 93 77 93 682 716 683 717
360 2 -1
649 26 83 36 83 683 717 693 727
361 2 -1
650 45 85 46 85 684 718 685 719
362 2 -1
651 65 92 67 94 685 719 689 723
363 1 -1
652 61 5 67 8 686 720 701 735
364 0 -1
653 96 17 97 17 687 721 688 722
365 1 -1
656 54 22 55 22 690 724 691 725
366 3 -1
662 84 0 86 0 696 730 698 732
367 0 -1
663 90 93 94 95 697 731 705 739
368 0 -1
664 28 81 30 81 698 732 700 734
369 3 -1
665 76 11 76 12 699 733 700 734
370 3 -1
666 3 42 5 42 700 734 702 736
371 3 -1
667 30 62 30 63 701 735 704 738
372 2 -1
669 59 50 60 50 703 737 704 738
373 3 -1
672 9 33 12 34 706 740 710 744
374 3 -1
673 21 1 23 1 707 741 709 743
375 2 -1
674 16 89 18 89 708 742 712 746
376 3 -1
675 63 55 65 55 709 743 714 748
377 1 -1
678 57 10 57 10 712 746 713 747
378 1 -1
679 56 6 57 6 713 747 716 750
379 3 -1
680 68 22 74 22 714 748 720 754
380 3 -1
681 3 70 5 70 715 749 717 751
381 0 -1
682 32 33 32 35 716 750 718 752
382 3 -1
684 96 9 97 10 718 752 720 754
383 1 -1
685 77 81 77 85 719 753 724 758
384 1 -1
687 47 26 49 26 721 755 726 760
385 2 -1
688 28 91 28 92 722 756 724 758
386 0 -1
689 77 30 77 32 723 757 725 759
387 0 -1
690 92 20 92 21 724 758 726 760
388 3 -1
691 76 15 77 16 725 759 727 761
389 3 -1
692 7 57 9 57 726 760 728 762
390 1 -1
694 42 66 43 66 728 762 731 765
391 1 -1
696 7 19 9 19 730 764 732 766
392 1 -1
698 65 55 65 55 732 766 737 771
393 3 -1
700 33 66 34 66 734 768 735 769
394 1 -1
701 54 25 55 25 735 769 736 770
395 3 -1
702 56 69 63 69 736 770 743 777
396 2 -1
703 4 32 4 32 737 771 739 773
397 2 -1
704 59 26 61 26 738 772 740 774
398 1 -1
705 46 55 47 55 739 773 743 777
399 0 -1
706 60 50 62 50 740 774 742 776
400 3 -1
707 72 13 74 14 741 775 745 779
401 3 -1
708 15 26 19 27 742 776 749 783
402 1 -1
710 32 26 35 26 744 778 747 781
403 1 -1
712 2 42 3 42 746 780 747 781
404 2 -1
714 81 46 82 46 748 782 749 783
405 3 -1
716 3 81 3 82 750 784 751 785
406 1 -1
718 32 72 32 75 752 786 760 794
407 3 -1
719 75 75 76 75 753 787 754 788
408 1 -1
720 71 32 71 33 754 788 756 790
409 2 -1
722 17 46 19 46 756 790 758 792
410 1 -1
724 33 60 35 60 758 792 760 794
411 2 -1
725 38 35 44 40 759 793 770 804
412 0 -1
726 77 29 80 29 760 794 764 798
413 0 -1
727 88 5 90 5 761 795 764 798
414 3 -1
728 85 16 86 19 762 796 767 801
415 0 -1
729 55 60 55 61 763 797 764 798
416 3 -1
731 6 41 7 41 765 799 766 800
417 0 -1
733 38 86 39 87 767 801 769 803
418 0 -1
734 63 91 65 91 768 802 770 804
419 0 -1
735 64 60 67 60 769 803 772 806
420 3 -1
736 37 13 38 14 770 804 772 806
421 2 -1
737 75 53 78 53 771 805 774 808
422 3 -1
742 58 56 59 60 776 810 781 815
423 3 -1
744 37 76 38 77 778 812 780 814
424 0 -1
745 8 83 13 83 779 813 784 818
425 2 -1
748 84 44 85 45 782 816 784 818
426 3 -1
750 41 44 41 44 784 818 785 819
427 3 -1
751 95 66 96 66 785 819 786 820
428 2 -1
752 39 32 40 32 786 820 789 823
429 1 -1
753 79 95 79 96 787 821 788 822
430 2 -1
754 57 32 62 33 788 822 794 828
431 0 -1
755 42 88 42 88 789 823 791 825
432 3 -1
757 35 94 37 94 791 825 793 827
433 3 -1
758 86 89 93 89 792 826 800 834
434 2 -1
759 97 79 97 80 793 827 795 829
435 0 -1
760 14 6 14 7 794 828 795 829
436 1 -1
766 48 99 50 99 800 834 802 836
437 3 -1
767 76 15 76 16 801 835 803 837
438 0 -1
768 91 82 94 82 802 836 805 839
439 3 -1
771 31 79 32 79 805 839 806 840
440 3 -1
772 98 46 99 47 806 840 808 842
441 3 -1
773 58 94 61 94 807 841 810 844
442 3 -1
775 80 40 83 41 809 843 814 848
443 2 -1
777 93 45 93 46 811 845 813 847
444 1 -1
778 97 60 97 60 812 846 814 848
445 2 -1
779 31 55 34 55 813 847 816 850
446 1 -1
781 32 23 32 23 815 849 816 850
447 2 -1
782 36 31 36 31 816 850 820 854
448 2 -1
784 95 55 97 55 818 852 820 854
449 0 -1
787 76 60 76 61 821 855 823 857
450 3 -1
788 23 27 24 27 822 856 823 857
451 2 -1
789 2 92 2 94 823 857 827 861
452 2 -1
790 3 66 4 67 824 858 826 860
453 0 -1
791 6 74 11 74 825 859 830 864
454 1 -1
793 48 51 50 52 827 861 830 864
455 3 -1
794 51 70 52 72 828 862 832 866
456 1 -1
795 89 54 91 54 829 863 831 865
457 2 -1
796 59 7 63 7 830 864 834 868
458 2 -1
797 68 49 69 49 831 865 832 866
459 2 -1
798 59 4 59 7 832 866 835 869
460 1 -1
799 9 36 11 36 833 867 835 869
461 0 -1
800 46 78 48 78 834 868 839 873
462 0 -1
802 41 24 43 26 836 870 840 874
463 0 -1
803 95 76 95 76 837 871 839 873
464 0 -1
805 15 60 17 61 839 873 844 878
465 0 -1
806 86 37 87 43 840 874 849 883
466 0 -1
807 14 11 15 11 841 875 843 877
467 3 -1
810 65 95 65 96 844 878 845 879
468 3 -1
813 66 14 67 14 847 881 848 882
469 1 -1
818 50 6 51 7 852 886 854 888
470 3 -1
820 57 24 58 26 854 888 857 891
471 0 -1
824 21 93 21 95 858 892 860 894
472 0 -1
825 33 8 35 9 859 893 862 896
473 3 -1
827 12 27 13 27 861 895 862 896
474 1 -1
828 91 12 99 12 862 896 872 906
475 0 -1
830 20 46 20 49 864 898 867 901
476 1 -1
831 83 27 83 28 865 899 866 900
477 1 -1
833 96 20 98 20 867 901 869 903
478 0 -1
834 78 3 79 4 868 902 870 904
479 2 -1
835 24 26 24 27 869 903 879 913
480 0 -1
839 81 3 83 3 873 907 875 909
481 1 -1
841 0 95 3 95 875 909 879 913
482 1 -1
842 66 40 66 40 876 910 878 912
483 2 -1
844 32 86 35 87 878 912 883 917
484 2 -1
845 48 96 49 97 879 913 881 915
485 1 -1
846 99 83 98 85 880 914 886 920
486 2 -1
847 18 52 19 52 881 915 882 916
487 1 -1
850 56 48 59 48 884 918 887 921
488 0 -1
851 59 18 63 18 885 919 889 923
489 3 -1
854 81 74 81 74 888 922 889 923
490 1 -1
856 70 46 71 48 890 924 893 927
491 1 -1
859 98 9 94 10 893 927 898 932
492 1 -1
860 85 66 85 66 894 928 895 929
493 2 -1
861 67 8 68 9 895 929 897 931
494 0 -1
864 61 86 64 86 898 932 901 935
495 2 -1
867 8 41 8 42 901 935 902 936
496 0 -1
868 95 84 96 85 902 936 904 938
497 0 -1
871 33 65 46 67 905 939 921 955
498 1 -1
873 55 7 57 7 907 941 909 943
499 0 -1
874 2 74 3 74 908 942 913 947
500 2 -1
875 91 34 92 35 909 943 912 946
501 2 -1
877 61 40 63 40 911 945 914 948
502 3 -1
878 92 47 94 47 912 946 914 948
503 0 -1
879 98 98 99 98 913 947 915 949
504 0 -1
880 93 9 95 11 914 948 918 952
505 1 -1
881 90 29 91 29 915 949 921 955
506 2 -1
882 90 68 92 68 916 950 918 952
507 3 -1
885 48 54 48 55 919 953 920 954
508 2 -1
887 17 6 18 6 921 955 924 958
509 0 -1
889 3 95 5 95 923 957 926 960
510 1 -1
891 35 13 36 14 925 959 927 961
511 0 -1
893 69 46 69 46 927 961 929 963
512 0 -1
894 3 60 5 61 928 962 931 965
513 0 -1
895 4 85 7 85 929 963 932 966
514 0 -1
896 89 18 91 18 930 964 932 966
515 2 -1
897 44 29 45 29 931 965 932 966
516 3 -1
898 98 49 98 51 932 966 934 968
517 0 -1
899 78 33 80 33 933 967 935 969
518 3 -1
900 98 64 96 66 934 968 940 974
519 0 -1
901 71 9 73 9 935 969 937 971
520 1 -1
902 73 17 74 17 936 970 937 971
521 2 -1
905 70 61 71 61 939 973 940 974
522 1 -1
910 6 15 6 15 944 978 945 979
523 1 -1
912 77 46 85 46 946 980 956 990
524 0 -1
914 86 41 91 43 948 982 955 989
525 1 -1
917 91 47 94 47 951 985 955 989
526 1 -1
919 7 77 8 78 953 987 955 989
527 0 -1
920 9 77 9 77 954 988 957 991
528 3 -1
921 93 98 93 98 955 989 956 990
529 2 -1
923 30 15 30 16 957 991 958 992
530 1 -1
925 30 5 33 5 959 993 962 996
531 1 -1
926 71 4 79 4 960 994 969 1003
532 0 -1
927 19 77 20 79 961 995 964 998
533 2 -1
928 20 44 20 44 962 996 963 997
534 2 -1
929 17 20 17 20 963 997 964 998
535 1 -1
931 64 1 65 1 965 999 967 1001
536 0 -1
933 67 1 70 3 967 1001 974 1008
537 1 -1
935 92 26 93 27 969 1003 971 1005
538 3 -1
936 35 49 35 49 970 1004 971 1005
539 0 -1
937 68 79 72 79 971 1005 975 1009
540 1 -1
938 93 23 95 23 972 1006 976 1010
541 3 -1
940 46 87 48 87 974 1008 976 1010
542 1 -1
942 44 83 44 83 976 1010 977 1011
543 2 -1
943 70 10 76 10 977 1011 984 1018
544 0 -1
944 1 97 1 97 978 1012 979 1013
545 0 -1
945 8 89 8 90 979 1013 982 1016
546 0 -1
947 81 54 86 58 981 1015 994 1028
547 1 -1
948 9 74 10 76 982 1016 985 1019
548 2 -1
950 31 96 31 97 984 1018 986 1020
549 2 -1
951 93 39 94 40 985 1019 987 1021
550 0 -1
954 83 51 84 52 988 1022 990 1024
551 1 -1
955 59 0 59 1 989 1023 990 1024
552 3 -1
957 71 4 72 5 991 1025 994 1028
553 3 -1
958 57 72 57 72 992 1026 993 1027
554 0 -1
963 2 78 5 78 997 1031 1000 1034
555 3 -1
964 22 79 24 79 998 1032 1000 1034
556 3 -1
966 43 89 45 89 1000 1034 1002 1036
557 3 -1
969 31 59 31 59 1003 1037 1005 1039
558 3 -1
972 61 39 67 39 1006 1040 1012 1046
559 2 -1
973 45 28 48 28 1007 1041 1011 1045
560 3 -1
974 31 2 34 6 1008 1042 1018 1052
561 3 -1
976 74 4 74 7 1010 1044 1015 1049
562 1 -1
979 67 12 69 12 1013 1047 1017 1051
563 3 -1
981 53 10 54 10 1015 1049 1016 1050
564 2 -1
983 76 20 76 23 1017 1051 1020 1054
565 0 -1
984 88 66 93 67 1018 1052 1024 1058
566 2 -1
987 63 1 63 3 1021 1055 1025 1059
567 1 -1
989 44 81 46 81 1023 1057 1026 1060
568 1 -1
990 96 71 99 72 1024 1058 1028 1062
569 3 -1
992 57 33 58 34 1026 1060 1030 1064
570 1 -1
993 92 81 94 81 1027 1061 1029 1063
571 2 -1
994 51 84 52 84 1028 1062 1032 1066
572 3 -1
996 57 21 59 21 1030 1064 1032 1066
573 3 -1
997 19 75 19 76 1031 1065 1033 1067
574 0 -1
998 9 47 9 47 1032 1066 1033 1067
575 1 -1
999 24 72 24 74 1033 1067 1035 1069
576 2 -1
1001 36 72 57 84 1035 1069 1084 1118
577 0 -1
1004 63 23 65 23 1038 1072 1040 1074
578 3 -1
1008 65 66 65 67 1042 1076 1043 1077
579 0 -1
1010 46 10 46 11 1044 1078 1046 1080
580 2 -1
1012 79 31 80 31 1046 1080 1047 1081
581 0 -1
1015 29 5 30 5 1049 1083 1050 1084
582 1 -1
1016 15 93 15 93 1050 1084 1051 1085
583 0 -1
1017 21 11 21 11 1051 1085 1054 1088
584 2 -1
1018 8 73 15 77 1052 1086 1066 1100
585 2 -1
1019 39 84 44 84 1053 1087 1063 1097
586 1 -1
1020 99 15 98 16 1054 1088 1057 1091
587 3 -1
1021 94 39 94 39 1055 1089 1056 1090
588 3 -1
1022 5 0 18 0 1056 1090 1070 1104
589 3 -1
1025 41 51 44 52 1059 1093 1064 1098
590 2 -1
1027 12 6 13 6 1061 1095 1062 1096
591 2 -1
1028 18 60 19 60 1062 1096 1063 1097
592 3 -1
1031 37 6 46 6 1065 1099 1074 1108
593 3 -1
1032 2 21 8 22 1066 1100 1073 1107
594 1 -1
1033 20 28 23 28 1067 1101 1071 1105
595 0 -1
1035 85 87 87 87 1069 1103 1071 1105
596 2 -1
1036 66 32 66 32 1070 1104 1072 1106
597 2 -1
1037 41 66 42 66 1071 1105 1072 1106
598 3 -1
1039 49 23 49 24 1073 1107 1074 1108
599 2 -1
1040 85 72 86 72 1074 1108 1075 1109
600 1 -1
1042 43 47 44 48 1076 1110 1087 1121
601 0 -1
1044 5 5 5 6 1078 1112 1079 1113
602 1 -1
1045 84 97 86 98 1079 1113 1082 1116
603 0 -1
1051 42 0 42 1 1085 1119 1086 1120
604 2 -1
1053 44 60 45 60 1087 1121 1088 1122
605 1 -1
1056 2 72 4 72 1090 1124 1092 1126
606 0 -1
1057 23 50 24 50 1091 1125 1093 1127
607 3 -1
1059 82 61 84 61 1093 1127 1097 1131
608 3 -1
1060 63 31 64 33 1094 1128 1099 1133
609 3 -1
1063 89 60 92 60 1097 1131 1100 1134
610 0 -1
1065 71 56 74 56 1099 1133 1102 1136
611 2 -1
1066 89 42 91 42 1100 1134 1102 1136
612 3 -1
1067 8 97 8 97 1101 1135 1102 1136
613 3 -1
1070 88 42 99 42 1104 1138 1116 1150
614 0 -1
1071 85 33 85 38 1105 1139 1110 1144
615 0 -1
1073 80 78 90 80 1107 1141 1122 1156
616 1 -1
1074 89 86 90 86 1108 1142 1109 1143
617 2 -1
1075 63 66 66 66 1109 1143 1112 1146
618 3 -1
1078 3 8 4 10 1112 1146 1116 1150
619 1 -1
1082 55 54 55 54 1116 1150 1117 1151
620 1 -1
1083 92 27 93 27 1117 1151 1119 1153
621 1 -1
1084 7 9 10 10 1118 1152 1124 1158
622 1 -1
1085 18 96 18 98 1119 1153 1122 1156
623 1 -1
1086 87 11 90 11 1120 1154 1124 1158
624 2 -1
1090 74 53 75 53 1124 1158 1125 1159
625 3 -1
1091 61 10 61 10 1125 1159 1126 1160
626 2 -1
1092 31 84 32 84 1126 1160 1127 1161
627 3 -1
1095 88 56 88 59 1129 1163 1132 1166
628 1 -1
1097 27 97 29 97 1131 1165 1134 1168
629 1 -1
1098 26 24 26 25 1132 1166 1136 1170
630 3 -1
1099 62 29 63 30 1133 1167 1138 1172
631 1 -1
1100 11 23 16 23 1134 1168 1139 1173
632 2 -1
1102 69 58 69 58 1136 1170 1139 1173
633 0 -1
1103 72 10 77 12 1137 1171 1144 1178
634 1 -1
1104 52 51 53 51 1138 1172 1139 1173
635 1 -1
1105 40 53 40 54 1139 1173 1140 1174
636 1 -1
1107 20 61 28 63 1141 1175 1151 1185
637 2 -1
1109 33 0 34 2 1143 1177 1146 1180
638 1 -1
1111 22 50 23 51 1145 1179 1147 1181
639 1 -1
1113 99 62 99 63 1147 1181 1148 1182
640 0 -1
1114 73 33 73 34 1148 1182 1149 1183
641 2 -1
1115 13 64 13 65 1149 1183 1152 1186
642 3 -1
1116 48 4 58 4 1150 1184 1161 1195
643 2 -1
1118 5 82 6 82 1152 1186 1154 1188
644 3 -1
1120 22 1 22 2 1154 1188 1156 1190
645 3 -1
1121 11 99 12 99 1155 1189 1156 1190
646 0 -1
1122 41 7 44 7 1156 1190 1159 1193
647 1 -1
1124 91 4 98 4 1158 1192 1165 1199
648 1 -1
1125 29 89 30 90 1159 1193 1161 1195
649 2 -1
1126 51 68 58 68 1160 1194 1172 1206
650 2 -1
1129 77 74 77 74 1163 1197 1164 1198
651 2 -1
1130 1 9 1 10 1164 1198 1165 1199
652 3 -1
1132 7 50 7 50 1166 1200 1168 1202
653 0 -1
1133 93 86 93 88 1167 1201 1170 1204
654 0 -1
1137 13 32 17 32 1171 1205 1175 1209
655 1 -1
1138 86 19 86 20 1172 1206 1173 1207
656 3 -1
1139 64 33 64 34 1173 1207 1174 1208
657 1 -1
1141 91 76 91 76 1175 1209 1177 1211
658 3 -1
1142 22 94 23 95 1176 1210 1179 1213
659 1 -1
1144 16 37 16 39 1178 1212 1181 1215
660 0 -1
1147 62 88 63 88 1181 1215 1182 1216
661 3 -1
1150 45 17 45 18 1184 1218 1185 1219
662 0 -1
1151 18 20 18 22 1185 1219 1187 1221
663 1 -1
1154 14 33 14 34 1188 1222 1189 1223
664 1 -1
1156 66 89 67 89 1190 1224 1192 1226
665 1 -1
1157 69 19 72 19 1191 1225 1196 1230
666 1 -1
1158 65 73 67 73 1192 1226 1196 1230
667 1 -1
1159 80 4 82 4 1193 1227 1195 1229
668 3 -1
1164 81 74 83 74 1198 1232 1201 1235
669 0 -1
1166 17 0 19 0 1200 1234 1203 1237
670 1 -1
1169 27 73 30 73 1203 1237 1206 1240
671 2 -1
1170 30 28 30 30 1204 1238 1207 1241
672 2 -1
1171 63 63 63 66 1205 1239 1214 1248
673 0 -1
1172 70 4 71 4 1206 1240 1207 1241
674 2 -1
1174 18 38 22 38 1208 1242 1215 1249
675 0 -1
1175 86 43 88 44 1209 1243 1212 1246
676 0 -1
1176 82 86 82 87 1210 1244 1212 1246
677 1 -1
1177 43 38 44 39 1211 1245 1213 1247
678 3 -1
1179 29 7 29 8 1213 1247 1214 1248
679 2 -1
1186 94 96 95 97 1220 1254 1222 1256
680 0 -1
1187 40 17 40 19 1221 1255 1223 1257
681 2 -1
1188 10 84 11 84 1222 1256 1223 1257
682 0 -1
1190 72 35 72 35 1224 1258 1225 1259
683 0 -1
1191 33 3 34 3 1225 1259 1227 1261
684 1 -1
1194 57 78 58 79 1228 1262 1230 1264
685 1 -1
1195 24 63 26 64 1229 1263 1232 1266
686 0 -1
1197 11 50 12 52 1231 1265 1234 1268
687 3 -1
1198 4 86 6 86 1232 1266 1236 1270
688 1 -1
1201 88 3 90 3 1235 1269 1240 1274
689 3 -1
1202 55 93 55 93 1236 1270 1237 1271
690 3 -1
1203 8 47 9 47 1237 1271 1238 1272
691 2 -1
1205 22 40 24 40 1239 1273 1242 1276
692 1 -1
1207 5 86 8 86 1241 1275 1245 1279
693 0 -1
1208 52 76 54 76 1242 1276 1244 1278
694 2 -1
1209 19 77 19 78 1243 1277 1244 1278
695 0 -1
1211 94 53 94 55 1245 1279 1249 1283
696 2 -1
1214 20 2 26 2 1248 1282 1254 1288
697 0 -1
1217 26 8 27 8 1251 1285 1253 1287
698 1 -1
1218 22 30 22 30 1252 1286 1253 1287
699 3 -1
1219 47 81 50 84 1253 1287 1260 1294
700 2 -1
1220 49 5 49 5 1254 1288 1255 1289
701 0 -1
1222 11 75 13 75 1256 1290 1259 1293
702 1 -1
1223 93 53 96 53 1257 1291 1261 1295
703 0 -1
1226 64 33 66 34 1260 1294 1263 1297
704 3 -1
1227 12 41 13 41 1261 1295 1262 1296
705 2 -1
1229 7 59 8 59 1263 1297 1264 1298
706 3 -1
1230 57 73 61 73 1264 1298 1269 1303
707 0 -1
1231 1 52 2 52 1265 1299 1266 1300
708 2 -1
1233 5 57 5 58 1267 1301 1269 1303
709 3 -1
1235 39 44 40 44 1269 1303 1270 1304
710 3 -1
1236 77 37 81 37 1270 1304 1275 1309
711 0 -1
1237 8 1 8 4 1271 1305 1276 1310
712 0 -1
1238 50 96 51 98 1272 1306 1277 1311
713 3 -1
1240 74 94 76 95 1274 1308 1278 1312
714 3 -1
1241 99 12 99 13 1275 1309 1276 1310
715 3 -1
1242 21 87 22 91 1276 1310 1289 1323
716 3 -1
1243 44 23 44 24 1277 1311 1279 1313
717 3 -1
1244 8 11 11 13 1278 1312 1285 1319
718 3 -1
1246 80 50 88 51 1280 1314 1289 1323
719 0 -1
1250 46 44 47 44 1284 1318 1285 1319
720 2 -1
1254 34 83 37 86 1288 1322 1295 1329
721 0 -1
1255 57 99 61 99 1289 1323 1293 1327
722 3 -1
1258 40 91 41 98 1292 1326 1308 1342
723 3 -1
1259 26 9 33 20 1293 1327 1311 1345
724 1 -1
1260 46 70 51 70 1294 1328 1300 1334
725 3 -1
1261 35 51 39 51 1295 1329 1302 1336
726 3 -1
1263 91 58 93 61 1297 1331 1304 1338
727 1 -1
1264 93 97 97 97 1298 1332 1302 1336
728 2 -1
1265 42 60 43 60 1299 1333 1301 1335
729 2 -1
1266 0 37 0 38 1300 1334 1301 1335
730 2 -1
1268 70 56 70 56 1302 1336 1305 1339
731 0 -1
1276 70 78 70 79 1310 1344 1311 1345
732 3 -1
1277 43 83 44 83 1311 1345 1316 1350
733 0 -1
1281 72 30 73 30 1315 1349 1317 1351
734 0 -1
1284 34 65 34 67 1318 1352 1320 1354
735 0 -1
1287 15 85 17 85 1321 1355 1325 1359
736 2 -1
1290 44 4 45 10 1324 1358 1331 1365
737 3 -1
1291 95 47 96 47 1325 1359 1328 1362
738 1 -1
1292 12 12 34 13 1326 1360 1352 1386
739 3 -1
1297 81 59 82 59 1331 1365 1334 1368
740 1 -1
1298 62 28 63 28 1332 1366 1333 1367
741 0 -1
1299 62 84 64 84 1333 1367 1336 1370
742 0 -1
1300 26 83 26 84 1334 1368 1336 1370
743 1 -1
1307 35 53 36 53 1341 1375 1342 1376
744 3 -1
1309 4 93 5 94 1343 1377 1345 1379
745 1 -1
1312 92 70 94 70 1346 1380 1348 1382
746 3 -1
1313 69 63 70 63 1347 1381 1348 1382
747 0 -1
1314 47 22 49 22 1348 1382 1352 1386
748 0 -1
1315 44 54 46 57 1349 1383 1354 1388
749 3 -1
1316 90 54 91 54 1350 1384 1352 1386
750 0 -1
1317 55 29 57 29 1351 1385 1353 1387
751 1 -1
1318 80 53 80 55 1352 1386 1355 1389
752 1 -1
1319 8 3 9 4 1353 1387 1355 1389
753 3 -1
1320 13 62 14 62 1354 1388 1355 1389
754 2 -1
1321 23 72 25 72 1355 1389 1357 1391
755 3 -1
1323 5 86 6 86 1357 1391 1359 1393
756 3 -1
1324 60 5 60 8 1358 1392 1363 1397
757 1 -1
1325 17 36 19 38 1359 1393 1365 1399
758 1 -1
1326 76 81 77 81 1360 1394 1361 1395
759 1 -1
1327 82 97 90 99 1361 1395 1371 1405
760 3 -1
1329 88 39 88 40 1363 1397 1365 1399
761 0 -1
1332 91 90 91 91 1366 1400 1368 1402
762 0 -1
1333 10 7 11 7 1367 1401 1368 1402
763 3 -1
1335 77 62 82 70 1369 1403 1385 1419
764 0 -1
1336 82 76 83 76 1370 1404 1371 1405
765 1 -1
1338 18 53 21 53 1372 1406 1375 1409
766 1 -1
1340 82 64 86 67 1374 1408 1381 1415
767 2 -1
1342 77 85 79 86 1376 1410 1379 1413
768 3 -1
1344 68 89 69 90 1378 1412 1380 1414
769 1 -1
1345 63 33 64 33 1379 1413 1380 1414
770 2 -1
1347 41 90 42 90 1381 1415 1384 1418
771 2 -1
1348 81 65 86 65 1382 1416 1387 1421
772 1 -1
1349 50 16 55 17 1383 1417 1389 1423
773 2 -1
1354 21 2 22 4 1388 1422 1391 1425
774 1 -1
1355 60 85 63 85 1389 1423 1394 1428
775 0 -1
1359 81 77 86 77 1393 1427 1398 1432
776 1 -1
1362 44 66 45 67 1396 1430 1398 1432
777 0 -1
1365 70 37 71 37 1399 1433 1400 1434
778 0 -1
1368 75 70 77 70 1402 1436 1404 1438
779 2 -1
1369 49 50 54 61 1403 1437 1438 1472
780 0 -1
1370 51 50 52 50 1404 1438 1406 1440
781 0 -1
1372 57 2 61 3 1406 1440 1411 1445
782 1 -1
1374 90 50 90 50 1408 1442 1410 1444
783 3 -1
1375 12 66 13 67 1409 1443 1416 1450
784 1 -1
1376 11 78 12 78 1410 1444 1411 1445
785 3 -1
1377 9 71 11 71 1411 1445 1414 1448
786 3 -1
1378 8 79 9 79 1412 1446 1413 1447
787 1 -1
1379 81 77 85 77 1413 1447 1417 1451
788 3 -1
1381 65 76 65 78 1415 1449 1418 1452
789 2 -1
1382 7 39 10 39 1416 1450 1419 1453
790 1 -1
1383 61 45 61 45 1417 1451 1419 1453
791 3 -1
1385 17 86 20 87 1419 1453 1425 1459
792 2 -1
1386 29 26 31 26 1420 1454 1423 1457
793 1 -1
1387 2 11 9 12 1421 1455 1432 1466
794 1 -1
1388 66 77 68 77 1422 1456 1425 1459
795 0 -1
1389 2 39 4 39 1423 1457 1425 1459
796 1 -1
1390 76 71 77 71 1424 1458 1426 1460
797 2 -1
1391 45 14 45 14 1425 1459 1427 1461
798 1 -1
1393 81 71 82 71 1427 1461 1429 1463
799 3 -1
1395 56 13 59 15 1429 1463 1437 1471
800 3 -1
1396 37 19 37 20 1430 1464 1431 1465
801 2 -1
1400 82 35 84 35 1434 1468 1437 1471
802 0 -1
1401 22 57 23 59 1435 1469 1438 1472
803 3 -1
1402 15 29 18 30 1436 1470 1443 1477
804 1 -1
1403 77 80 78 80 1437 1471 1439 1473
805 2 -1
1406 20 36 21 36 1440 1474 1441 1475
806 3 -1
1411 12 94 13 94 1445 1479 1447 1481
807 3 -1
1412 90 4 91 5 1446 1480 1452 1486
808 3 -1
1413 63 53 63 53 1447 1481 1448 1482
809 1 -1
1414 89 30 91 30 1448 1482 1450 1484
810 1 -1
1415 51 33 51 35 1449 1483 1451 1485
811 3 -1
1417 52 91 52 92 1451 1485 1452 1486
812 2 -1
1418 58 9 61 10 1452 1486 1457 1491
813 0 -1
1419 8 66 8 70 1453 1487 1460 1494
814 1 -1
1420 47 93 55 93 1454 1488 1462 1496
815 2 -1
1423 0 36 1 36 1457 1491 1458 1492
816 2 -1
1426 87 82 88 83 1460 1494 1462 1496
817 3 -1
1428 32 5 32 6 1462 1496 1465 1499
818 1 -1
1429 91 51 92 51 1463 1497 1465 1499
819 1 -1
1430 56 65 57 65 1464 1498 1465 1499
820 0 -1
1431 80 61 82 62 1465 1499 1468 1502
821 1 -1
1432 48 23 48 24 1466 1500 1467 1501
822 3 -1
1434 3 59 3 59 1468 1502 1469 1503
823 1 -1
1435 84 11 91 11 1469 1503 1476 1510
824 3 -1
1436 76 77 77 78 1470 1504 1472 1506
825 3 -1
1438 31 4 32 7 1472 1506 1476 1510
826 0 -1
1439 3 4 4 4 1473 1507 1474 1508
827 0 -1
1440 42 15 43 17 1474 1508 1477 1511
828 1 -1
1441 93 20 86 20 1475 1509 1482 1516
829 1 -1
1442 45 72 47 72 1476 1510 1478 1512
830 3 -1
1443 7 0 10 1 1477 1511 1482 1516
831 0 -1
1444 54 64 56 64 1478 1512 1480 1514
832 3 -1
1446 4 27 8 27 1480 1514 1486 1520
833 3 -1
1447 52 62 52 62 1481 1515 1483 1517
834 1 -1
1448 1 35 1 35 1482 1516 1484 1518
835 2 -1
1452 57 91 57 92 1486 1520 1487 1521
836 0 -1
1454 19 45 23 45 1488 1522 1492 1526
837 3 -1
1455 31 5 32 5 1489 1523 1491 1525
838 0 -1
1456 56 70 57 70 1490 1524 1491 1525
839 1 -1
1457 77 12 83 12 1491 1525 1497 1531
840 3 -1
1458 58 32 58 41 1492 1526 1502 1536
841 0 -1
1461 9 6 10 7 1495 1529 1498 1532
842 1 -1
1462 47 57 48 57 1496 1530 1500 1534
843 2 -1
1463 41 5 43 5 1497 1531 1499 1533
844 2 -1
1465 80 82 82 82 1499 1533 1501 1535
845 1 -1
1466 31 55 33 55 1500 1534 1502 1536
846 3 -1
1468 46 8 46 8 1502 1536 1503 1537
847 1 -1
1469 15 55 19 55 1503 1537 1508 1542
848 3 -1
1470 78 87 79 87 1504 1538 1505 1539
849 1 -1
1472 23 95 23 98 1506 1540 1511 1545
850 3 -1
1473 11 19 11 23 1507 1541 1512 1546
851 2 -1
1474 80 51 87 53 1508 1542 1519 1553
852 3 -1
1475 24 79 26 79 1509 1543 1511 1545
853 3 -1
1478 46 4 49 4 1512 1546 1518 1552
854 3 -1
1479 86 51 86 53 1513 1547 1515 1549
855 2 -1
1481 58 76 58 78 1515 1549 1517 1551
856 0 -1
1483 39 69 41 70 1517 1551 1528 1562
857 1 -1
1486 14 81 14 84 1520 1554 1525 1559
858 3 -1
1487 39 74 40 75 1521 1555 1525 1559
859 3 -1
1493 90 1 91 1 1527 1561 1529 1563
860 3 -1
1495 47 70 47 71 1529 1563 1530 1564
861 1 -1
1496 72 74 73 74 1530 1564 1534 1568
862 1 -1
1497 98 92 98 96 1531 1565 1535 1569
863 2 -1
1499 51 32 51 33 1533 1567 1535 1569
864 0 -1
1500 99 16 97 16 1534 1568 1536 1570
865 3 -1
1501 12 73 20 73 1535 1569 1543 1577
866 1 -1
1502 67 47 68 49 1536 1570 1540 1574
867 2 -1
1504 31 44 38 45 1538 1572 1551 1585
868 0 -1
1505 17 50 19 52 1539 1573 1549 1583
869 3 -1
1506 2 47 2 47 1540 1574 1542 1576
870 3 -1
1507 73 26 74 27 1541 1575 1544 1578
871 1 -1
1508 68 5 68 5 1542 1576 1548 1582
872 1 -1
1509 16 58 17 58 1543 1577 1544 1578
873 2 -1
1511 36 57 37 58 1545 1579 1547 1581
874 2 -1
1513 27 75 30 77 1547 1581 1552 1586
875 2 -1
1515 25 87 26 87 1549 1583 1550 1584
876 1 -1
1516 85 19 87 19 1550 1584 1553 1587
877 1 -1
1517 19 27 19 30 1551 1585 1554 1588
878 0 -1
1518 29 47 32 47 1552 1586 1555 1589
879 2 -1
1519 10 7 10 8 1553 1587 1554 1588
880 3 -1
1521 36 5 40 5 1555 1589 1559 1593
881 0 -1
1522 2 64 2 66 1556 1590 1558 1592
882 0 -1
1523 85 68 85 70 1557 1591 1559 1593
883 2 -1
1527 53 67 55 68 1561 1595 1565 1599
884 1 -1
1528 46 11 46 12 1562 1596 1563 1597
885 3 -1
1533 88 61 88 62 1567 1601 1568 1602
886 0 -1
1534 98 11 94 15 1568 1602 1577 1611
887 2 -1
1535 71 85 73 86 1569 1603 1572 1606
888 0 -1
1536 4 74 4 75 1570 1604 1572 1606
889 1 -1
1538 27 11 27 14 1572 1606 1576 1610
890 1 -1
1540 36 51 37 51 1574 1608 1575 1609
891 0 -1
1543 10 78 10 81 1577 1611 1580 1614
892 1 -1
1544 64 7 66 7 1578 1612 1580 1614
893 1 -1
1545 45 13 45 14 1579 1613 1581 1615
894 2 -1
1547 19 7 22 7 1581 1615 1586 1620
895 2 -1
1550 73 55 73 56 1584 1618 1586 1620
896 1 -1
1551 18 6 19 7 1585 1619 1587 1621
897 3 -1
1552 30 64 30 68 1586 1620 1591 1625
898 2 -1
1554 33 69 33 70 1588 1622 1592 1626
899 3 -1
1555 85 73 87 73 1589 1623 1591 1625
900 2 -1
1556 24 7 25 8 1590 1624 1592 1626
901 0 -1
1559 43 37 48 38 1593 1627 1599 1633
902 0 -1
1560 99 94 94 94 1594 1628 1600 1634
903 0 -1
1562 80 6 81 7 1596 1630 1598 1632
904 3 -1
1563 2 62 8 66 1597 1631 1607 1641
905 1 -1
1564 52 22 52 24 1598 1632 1600 1634
906 0 -1
1566 20 5 20 5 1600 1634 1602 1636
907 0 -1
1567 57 5 58 6 1601 1635 1605 1639
908 3 -1
1573 55 11 63 11 1607 1641 1615 1649
909 0 -1
1575 27 58 27 58 1609 1643 1610 1644
910 1 -1
1576 50 86 52 86 1610 1644 1612 1646
911 1 -1
1577 92 63 94 63 1611 1645 1613 1647
912 1 -1
1579 13 60 13 62 1613 1647 1616 1650
913 2 -1
1580 60 22 61 22 1614 1648 1616 1650
914 0 -1
1582 35 58 36 58 1616 1650 1617 1651
915 3 -1
1584 6 36 6 36 1618 1652 1619 1653
916 0 -1
1587 82 33 85 37 1621 1655 1633 1667
917 1 -1
1588 81 34 82 36 1622 1656 1626 1660
918 2 -1
1589 61 6 62 7 1623 1657 1625 1659
919 0 -1
1590 69 10 72 10 1624 1658 1627 1661
920 0 -1
1591 85 42 88 43 1625 1659 1630 1664
921 3 -1
1593 46 38 47 40 1627 1661 1631 1665
922 0 -1
1594 69 60 69 60 1628 1662 1630 1664
923 0 -1
1596 68 79 69 80 1630 1664 1632 1666
924 2 -1
1598 15 65 15 66 1632 1666 1633 1667
925 3 -1
1599 20 50 20 51 1633 1667 1637 1671
926 0 -1
1600 28 97 29 97 1634 1668 1635 1669
927 1 -1
1603 42 65 43 65 1637 1671 1638 1672
928 2 -1
1606 60 91 62 91 1640 1674 1642 1676
929 2 -1
1608 32 50 32 51 1642 1676 1643 1677
930 0 -1
1609 30 47 32 47 1643 1677 1645 1679
931 2 -1
1610 91 29 91 30 1644 1678 1645 1679
932 0 -1
1611 59 90 59 92 1645 1679 1647 1681
933 0 -1
1613 15 52 17 52 1647 1681 1649 1683
934 0 -1
1615 9 69 9 69 1649 1683 1650 1684
935 1 -1
1618 56 5 57 5 1652 1686 1655 1689
936 0 -1
1620 70 43 75 43 1654 1688 1659 1693
937 2 -1
1621 77 53 84 53 1655 1689 1662 1696
938 3 -1
1623 43 16 45 18 1657 1691 1662 1696
939 0 -1
1624 15 17 16 17 1658 1692 1659 1693
940 0 -1
1625 79 23 80 25 1659 1693 1662 1696
941 1 -1
1626 58 9 60 9 1660 1694 1662 1696
942 2 -1
1627 90 90 78 91 1661 1695 1674 1708
943 3 -1
1629 25 69 25 70 1663 1697 1664 1698
944 1 -1
1631 70 34 70 36 1665 1699 1667 1701
945 3 -1
1633 1 47 2 49 1667 1701 1677 1711
946 3 -1
1634 38 49 39 49 1668 1702 1670 1704
947 1 -1
1637 32 95 33 95 1671 1705 1672 1706
948 3 -1
1638 71 91 74 91 1672 1706 1675 1709
949 2 -1
1640 70 32 74 32 1674 1708 1684 1718
950 0 -1
1641 71 23 73 23 1675 1709 1678 1712
951 3 -1
1642 14 1 16 2 1676 1710 1680 1714
952 3 -1
1645 83 77 83 77 1679 1713 1680 1714
953 1 -1
1648 72 80 73 80 1682 1716 1684 1718
954 1 -1
1649 27 51 28 52 1683 1717 1685 1719
955 0 -1
1650 65 53 66 53 1684 1718 1685 1719
956 2 -1
1656 63 63 67 63 1690 1724 1694 1728
957 1 -1
1657 74 31 75 31 1691 1725 1694 1728
958 0 -1
1659 54 86 54 88 1693 1727 1697 1731
959 0 -1
1660 9 86 10 86 1694 1728 1698 1732
960 1 -1
1661 71 49 72 51 1695 1729 1702 1736
961 1 -1
1662 28 65 29 66 1696 1730 1703 1737
962 0 -1
1663 42 1 43 2 1697 1731 1704 1738
963 1 -1
1664 94 53 96 53 1698 1732 1700 1734
964 3 -1
1665 83 69 83 70 1699 1733 1700 1734
965 2 -1
1668 0 13 3 13 1702 1736 1705 1739
966 2 -1
1671 92 31 94 36 1705 1739 1713 1747
967 0 -1
1672 65 59 65 60 1706 1740 1707 1741
968 1 -1
1673 85 95 90 95 1707 1741 1712 1746
969 1 -1
1675 78 71 79 71 1709 1743 1710 1744
970 3 -1
1676 16 51 19 51 1710 1744 1713 1747
971 0 -1
1678 85 70 87 70 1712 1746 1715 1749
972 0 -1
1679 40 12 44 12 1713 1747 1720 1754
973 2 -1
1680 65 61 67 62 1714 1748 1718 1752
974 0 -1
1683 52 74 59 74 1717 1751 1724 1758
975 2 -1
1685 27 96 30 96 1719 1753 1722 1756
976 0 -1
1686 3 51 5 53 1720 1754 1730 1764
977 2 -1
1687 4 57 6 58 1721 1755 1725 1759
978 1 -1
1688 73 59 78 60 1722 1756 1728 1762
979 2 -1
1690 66 42 68 44 1724 1758 1728 1762
980 2 -1
1691 60 15 60 17 1725 1759 1727 1761
981 2 -1
1692 80 89 82 89 1726 1760 1729 1763
982 1 -1
1694 76 61 77 61 1728 1762 1729 1763
983 0 -1
1695 56 85 58 85 1729 1763 1733 1767
984 2 -1
1696 87 18 88 18 1730 1764 1733 1767
985 3 -1
1697 53 99 55 99 1731 1765 1733 1767
986 2 -1
1698 88 29 89 29 1732 1766 1734 1768
987 0 -1
1700 55 57 57 57 1734 1768 1736 1770
988 0 -1
1702 38 18 39 20 1736 1770 1750 1784
989 1 -1
1703 56 26 56 27 1737 1771 1738 1772
990 0 -1
1704 83 12 83 14 1738 1772 1741 1775
991 1 -1
1709 54 7 56 7 1743 1777 1746 1780
992 1 -1
1712 87 48 89 49 1746 1780 1749 1783
993 0 -1
1714 99 14 98 14 1748 1782 1749 1783
994 0 -1
1717 55 85 55 85 1751 1785 1755 1789
995 3 -1
1718 62 47 62 48 1752 1786 1754 1788
996 0 -1
1720 93 33 96 33 1754 1788 1760 1794
997 0 -1
1722 86 84 87 84 1756 1790 1757 1791
998 2 -1
1723 99 93 99 94 1757 1791 1759 1793
999 0 -1
1725 54 30 54 31 1759 1793 1761 1795
1000 3 -1
1726 80 15 82 15 1760 1794 1763 1797
