100 100 831
4
0 46 44
1 57 50
2 19 36
3 51 28
16
0 0 0 100 6
0
1 0 0 100 6
0
2 0 0 100 6
0
3 0 0 100 6
0
4 1 0 100 6
0
5 1 0 100 6
0
6 1 0 100 6
0
7 1 0 100 6
0
8 2 0 100 6
0
9 2 0 100 6
0
10 2 0 100 6
0
11 2 0 100 6
0
12 3 0 100 6
0
13 3 0 100 6
0
14 3 0 100 6
0
15 3 0 100 6
0
300
1 3 -1
2 62 45 65 45 140 278 143 281
2 0 -1
5 47 76 47 81 143 281 148 286
3 1 -1
7 71 93 72 95 145 283 149 287
4 1 -1
8 80 63 86 65 146 284 155 293
5 0 -1
9 84 24 84 28 147 285 153 291
6 2 -1
10 75 99 78 99 148 286 152 290
7 0 -1
11 4 91 5 93 149 287 155 293
8 1 -1
12 32 0 32 2 150 288 152 290
9 1 -1
13 61 77 63 77 151 289 153 291
10 0 -1
14 93 95 95 96 152 290 155 293
11 3 -1
15 37 2 38 7 153 291 159 297
12 1 -1
17 25 42 27 44 155 293 159 297
13 2 -1
18 44 20 49 21 156 294 162 300
14 0 -1
19 34 11 34 11 157 295 158 296
15 2 -1
20 25 67 27 67 158 296 160 298
16 3 -1
21 30 74 30 74 159 297 161 299
17 0 -1
22 62 16 65 17 160 298 164 302
18 3 -1
24 59 19 59 21 162 300 164 302
19 2 -1
29 0 92 6 92 167 305 173 311
20 3 -1
30 77 80 78 80 168 306 170 308
21 1 -1
31 4 50 5 50 169 307 171 309
22 1 -1
33 90 93 91 96 171 309 177 315
23 3 -1
35 23 50 24 50 173 311 174 312
24 2 -1
36 65 26 65 27 174 312 176 314
25 2 -1
39 91 10 92 10 177 315 178 316
26 1 -1
40 3 59 3 59 178 316 179 317
27 2 -1
41 14 58 15 59 179 317 181 319
28 3 -1
42 68 50 68 50 180 318 181 319
29 3 -1
43 96 90 96 91 181 319 182 320
30 0 -1
45 83 66 85 66 183 321 185 323
31 2 -1
49 21 68 22 69 187 325 190 328
32 2 -1
52 91 52 93 54 190 328 197 335
33 3 -1
53 27 34 30 35 191 329 196 334
34 2 -1
54 75 97 76 97 192 330 193 331
35 3 -1
56 51 11 68 11 194 332 211 349
36 1 -1
57 84 22 84 24 195 333 197 335
37 3 -1
59 50 29 50 29 197 335 198 336
38 1 -1
61 59 84 59 84 199 337 201 339
39 0 -1
62 97 66 92 66 200 338 208 346
40 1 -1
64 94 93 80 95 202 340 221 359
41 2 -1
69 64 9 65 9 207 345 209 347
42 1 -1
71 5 69 11 70 209 347 217 355
43 0 -1
73 28 0 28 5 211 349 216 354
44 1 -1
76 9 60 11 60 214 352 217 355
45 3 -1
78 6 15 6 17 216 354 218 356
46 3 -1
80 92 46 92 46 218 356 221 359
47 3 -1
81 33 55 34 56 219 357 221 359
48 0 -1
82 38 66 40 69 220 358 226 364
49 2 -1
83 96 16 96 21 221 359 226 364
50 1 -1
84 6 13 7 13 222 360 223 361
51 0 -1
86 41 85 46 85 224 362 234 372
52 2 -1
87 54 30 55 30 225 363 226 364
53 2 -1
90 82 18 83 18 228 366 229 367
54 2 -1
91 10 1 11 3 229 367 233 371
55 1 -1
92 29 87 30 87 230 368 231 369
56 3 -1
93 63 64 65 65 231 369 234 372
57 2 -1
94 31 26 33 29 232 370 238 376
58 1 -1
96 75 59 75 60 234 372 236 374
59 3 -1
103 7 96 7 97 241 379 244 382
60 1 -1
105 95 76 97 76 243 381 245 383
61 2 -1
106 92 3 92 8 244 382 254 392
62 0 -1
107 51 12 52 13 245 383 248 386
63 1 -1
108 2 56 7 58 246 384 254 392
64 1 -1
110 32 70 33 74 248 386 256 394
65 2 -1
111 48 38 49 38 249 387 250 388
66 3 -1
114 13 45 13 45 252 390 258 396
67 0 -1
115 8 22 11 23 253 391 258 396
68 2 -1
116 98 29 86 29 254 392 266 404
69 0 -1
119 31 11 32 11 257 395 260 398
70 3 -1
120 4 47 5 47 258 396 259 397
71 2 -1
122 15 4 19 4 260 398 264 402
72 0 -1
123 64 37 65 39 261 399 264 402
73 1 -1
124 18 58 22 58 262 400 266 404
74 0 -1
127 79 49 80 49 265 403 266 404
75 3 -1
128 53 10 65 10 266 404 285 423
76 1 -1
130 71 6 72 6 268 406 269 407
77 2 -1
132 67 26 72 30 270 408 285 423
78 0 -1
134 70 91 71 91 272 410 273 411
79 1 -1
135 54 58 60 63 273 411 284 422
80 0 -1
136 83 36 85 36 274 412 276 414
81 0 -1
139 26 2 26 2 277 415 278 416
82 1 -1
140 51 81 51 82 278 416 282 420
83 2 -1
141 39 52 43 53 279 417 284 422
84 3 -1
144 93 8 96 9 282 420 287 425
85 0 -1
145 72 90 73 91 283 421 285 423
86 3 -1
146 55 2 56 2 284 422 285 423
87 0 -1
147 29 68 30 68 285 423 286 424
88 3 -1
148 88 82 88 83 286 424 287 425
89 1 -1
149 36 81 38 81 287 425 289 427
90 1 -1
150 96 38 90 38 288 426 294 432
91 3 -1
153 31 48 32 48 291 429 292 430
92 3 -1
154 82 88 82 88 292 430 296 434
93 3 -1
155 48 3 48 3 293 431 294 432
94 2 -1
156 88 14 92 14 294 432 299 437
95 3 -1
157 90 65 95 65 295 433 300 438
96 2 -1
160 67 56 68 61 298 436 304 442
97 1 -1
162 14 64 15 64 300 438 301 439
98 3 -1
163 99 90 99 91 301 439 302 440
99 2 -1
166 19 55 21 55 304 442 306 444
100 2 -1
167 99 77 99 78 305 443 310 448
101 0 -1
168 72 96 72 96 306 444 308 446
102 1 -1
169 33 35 37 36 307 445 312 450
103 3 -1
170 30 57 34 57 308 446 313 451
104 0 -1
172 21 10 23 12 310 448 315 453
105 2 -1
173 33 22 36 23 311 449 316 454
106 2 -1
174 89 30 90 30 312 450 314 452
107 1 -1
179 59 90 60 90 317 455 318 456
108 0 -1
183 34 96 38 96 321 459 326 464
109 2 -1
184 23 80 25 80 322 460 324 462
110 1 -1
185 49 35 49 37 323 461 325 463
111 3 -1
186 56 56 61 59 324 462 333 471
112 1 -1
187 24 69 26 71 325 463 331 469
113 0 -1
189 3 61 3 62 327 465 332 470
114 3 -1
190 39 19 40 22 328 466 333 471
115 2 -1
193 48 14 49 14 331 469 332 470
116 0 -1
196 68 25 69 25 334 472 336 474
117 0 -1
197 74 50 74 51 335 473 336 474
118 1 -1
198 6 12 9 17 336 474 354 492
119 1 -1
199 36 33 37 33 337 475 338 476
120 3 -1
200 86 58 87 58 338 476 340 478
121 0 -1
201 45 2 46 2 339 477 340 478
122 2 -1
204 97 94 97 95 342 480 343 481
123 3 -1
208 55 94 56 94 346 484 347 485
124 2 -1
209 24 82 25 82 347 485 348 486
125 1 -1
211 57 44 59 45 349 487 352 490
126 1 -1
212 57 44 59 44 350 488 352 490
127 2 -1
213 40 74 41 74 351 489 359 497
128 0 -1
214 71 92 75 93 352 490 357 495
129 3 -1
218 61 98 67 99 356 494 363 501
130 2 -1
219 21 39 22 39 357 495 359 497
131 1 -1
224 69 25 69 25 362 500 365 503
132 3 -1
225 78 4 79 4 363 501 365 503
133 1 -1
229 61 87 61 91 367 505 373 511
134 0 -1
230 17 5 18 5 368 506 369 507
135 2 -1
231 9 40 12 40 369 507 372 510
136 2 -1
236 14 46 16 46 374 512 376 514
137 1 -1
237 27 41 29 41 375 513 377 515
138 3 -1
240 25 30 36 30 378 516 389 527
139 2 -1
242 31 85 32 85 380 518 382 520
140 1 -1
244 14 26 17 26 382 520 387 525
141 2 -1
245 11 96 11 91 383 521 389 527
142 2 -1
246 60 53 60 54 384 522 387 525
143 0 -1
247 92 39 93 39 385 523 388 526
144 0 -1
248 88 24 90 24 386 524 389 527
145 2 -1
250 95 82 97 82 388 526 390 528
146 0 -1
251 30 91 30 93 389 527 392 530
147 3 -1
253 33 23 33 24 391 529 392 530
148 3 -1
255 31 67 33 67 393 531 395 533
149 3 -1
256 86 71 88 72 394 532 398 536
150 1 -1
257 2 13 6 13 395 533 399 537
151 2 -1
258 28 68 28 69 396 534 397 535
152 0 -1
260 46 68 48 68 398 536 400 538
153 2 -1
261 53 64 61 68 399 537 411 549
154 0 -1
266 52 54 56 54 404 542 408 546
155 2 -1
267 50 76 50 77 405 543 408 546
156 1 -1
268 24 54 25 55 406 544 408 546
157 2 -1
269 86 32 86 33 407 545 408 546
158 1 -1
271 68 78 70 80 409 547 415 553
159 2 -1
272 78 3 79 3 410 548 411 549
160 0 -1
274 33 21 41 21 412 550 425 563
161 0 -1
277 1 66 2 66 415 553 417 555
162 3 -1
278 41 89 46 89 416 554 422 560
163 0 -1
279 76 25 77 28 417 555 421 559
164 0 -1
280 97 51 98 53 418 556 421 559
165 0 -1
283 60 43 61 43 421 559 422 560
166 2 -1
285 37 39 40 39 423 561 426 564
167 0 -1
286 15 68 15 71 424 562 427 565
168 3 -1
289 63 79 65 80 427 565 430 568
169 0 -1
293 23 62 26 63 431 569 435 573
170 3 -1
294 40 82 40 82 432 570 433 571
171 3 -1
295 26 69 28 69 433 571 435 573
172 1 -1
296 88 13 90 14 434 572 438 576
173 1 -1
303 51 39 57 41 441 579 450 588
174 3 -1
305 97 23 97 26 443 581 448 586
175 1 -1
306 41 45 42 45 444 582 445 583
176 2 -1
307 60 53 60 53 445 583 447 585
177 0 -1
310 7 78 11 78 448 586 452 590
178 2 -1
311 45 1 46 1 449 587 453 591
179 1 -1
312 2 25 8 26 450 588 459 597
180 3 -1
313 0 18 0 18 451 589 452 590
181 3 -1
315 18 63 19 64 453 591 455 593
182 1 -1
320 60 47 71 48 458 596 474 612
183 3 -1
321 69 61 72 61 459 597 462 600
184 0 -1
323 60 9 70 11 461 599 474 612
185 1 -1
325 41 58 43 63 463 601 471 609
186 1 -1
326 25 19 26 19 464 602 465 603
187 3 -1
327 51 30 54 30 465 603 468 606
188 3 -1
328 19 98 20 98 466 604 471 609
189 2 -1
329 92 19 92 22 467 605 470 608
190 3 -1
330 19 88 19 90 468 606 473 611
191 1 -1
337 38 34 41 42 475 613 488 626
192 2 -1
340 65 96 68 96 478 616 481 619
193 2 -1
342 87 27 87 27 480 618 481 619
194 2 -1
343 52 45 54 45 481 619 484 622
195 3 -1
345 83 98 90 98 483 621 495 633
196 0 -1
349 67 59 68 59 487 625 488 626
197 2 -1
351 16 36 16 37 489 627 490 628
198 1 -1
354 81 57 81 57 492 630 498 636
199 3 -1
356 96 30 96 30 494 632 495 633
200 2 -1
357 12 54 14 55 495 633 499 637
201 1 -1
358 57 96 57 100 496 634 503 641
202 1 -1
359 71 0 72 2 497 635 500 638
203 0 -1
360 57 72 58 73 498 636 500 638
204 1 -1
361 59 57 64 57 499 637 505 643
205 0 -1
363 16 88 16 88 501 639 502 640
206 1 -1
364 15 12 15 13 502 640 503 641
207 1 -1
365 9 71 9 73 503 641 505 643
208 2 -1
367 70 27 74 27 505 643 511 649
209 2 -1
371 88 42 89 42 509 647 510 648
210 1 -1
372 56 21 61 24 510 648 518 656
211 2 -1
373 21 49 23 50 511 649 514 652
212 0 -1
374 44 97 44 98 512 650 513 651
213 1 -1
375 34 10 35 10 513 651 514 652
214 3 -1
377 51 8 52 8 515 653 516 654
215 2 -1
379 88 99 89 99 517 655 518 656
216 1 -1
380 49 39 49 39 518 656 519 657
217 3 -1
381 51 79 52 80 519 657 524 662
218 1 -1
382 74 94 75 94 520 658 522 660
219 3 -1
383 83 32 84 32 521 659 522 660
220 2 -1
388 34 58 34 58 526 664 527 665
221 0 -1
391 86 14 86 14 529 667 531 669
222 1 -1
392 66 75 68 75 530 668 532 670
223 3 -1
394 32 32 32 33 532 670 535 673
224 1 -1
396 83 2 88 2 534 672 539 677
225 0 -1
397 31 29 31 30 535 673 536 674
226 3 -1
400 75 36 75 37 538 676 540 678
227 3 -1
401 57 14 57 16 539 677 541 679
228 1 -1
403 68 63 71 63 541 679 546 684
229 0 -1
404 86 3 86 3 542 680 544 682
230 3 -1
407 27 0 28 0 545 683 546 684
231 0 -1
408 83 59 85 59 546 684 549 687
232 0 -1
411 81 53 83 53 549 687 551 689
233 0 -1
412 63 26 64 26 550 688 551 689
234 1 -1
414 57 96 57 96 552 690 553 691
235 2 -1
418 93 6 93 7 556 694 557 695
236 0 -1
420 86 33 87 33 558 696 559 697
237 0 -1
421 4 66 4 67 559 697 561 699
238 1 -1
423 64 56 65 56 561 699 562 700
239 2 -1
426 57 79 59 81 564 702 569 707
240 0 -1
428 16 5 18 5 566 704 568 706
241 3 -1
433 54 20 55 20 571 709 573 711
242 2 -1
437 85 5 86 5 575 713 576 714
243 0 -1
439 68 95 69 95 577 715 579 717
244 2 -1
441 40 82 47 83 579 717 587 725
245 2 -1
446 55 43 55 46 584 722 588 726
246 2 -1
448 0 5 0 6 586 724 589 727
247 2 -1
450 66 0 66 0 588 726 596 734
248 0 -1
452 64 56 67 56 590 728 593 731
249 0 -1
455 98 15 99 17 593 731 596 734
250 2 -1
460 10 80 13 82 598 736 604 742
251 1 -1
461 61 82 62 82 599 737 601 739
252 0 -1
462 89 26 92 26 600 738 603 741
253 1 -1
464 56 24 56 24 602 740 604 742
254 3 -1
469 48 30 50 30 607 745 609 747
255 1 -1
471 37 99 45 100 609 747 620 758
256 0 -1
475 40 25 41 26 613 751 615 753
257 3 -1
478 98 52 98 52 616 754 620 758
258 3 -1
479 22 8 23 8 617 755 619 757
259 1 -1
480 87 44 88 46 618 756 626 764
260 2 -1
481 39 54 40 56 619 757 625 763
261 2 -1
482 19 53 19 53 620 758 621 759
262 1 -1
484 63 48 63 50 622 760 626 764
263 2 -1
486 67 44 68 44 624 762 627 765
264 2 -1
488 11 2 13 2 626 764 629 767
265 2 -1
489 55 95 66 95 627 765 640 778
266 1 -1
491 65 66 66 67 629 767 631 769
267 2 -1
493 96 12 97 12 631 769 632 770
268 2 -1
496 60 87 60 88 634 772 635 773
269 0 -1
501 85 42 85 44 639 777 641 779
270 3 -1
502 17 6 21 6 640 778 644 782
271 1 -1
505 38 16 38 18 643 781 645 783
272 2 -1
506 35 14 39 14 644 782 649 787
273 1 -1
507 89 40 89 41 645 783 646 784
274 3 -1
509 52 40 52 41 647 785 648 786
275 2 -1
511 41 67 41 68 649 787 651 789
276 2 -1
512 55 67 56 67 650 788 651 789
277 1 -1
515 50 1 52 2 653 791 656 794
278 1 -1
516 32 26 32 34 654 792 667 805
279 2 -1
517 13 18 17 18 655 793 659 797
280 0 -1
518 64 90 65 91 656 794 658 796
281 3 -1
520 26 59 26 60 658 796 659 797
282 3 -1
522 61 95 64 98 660 798 669 807
283 0 -1
523 10 82 10 83 661 799 662 800
284 0 -1
525 40 8 40 8 663 801 665 803
285 2 -1
526 54 9 56 9 664 802 666 804
286 3 -1
528 0 85 5 85 666 804 671 809
287 0 -1
530 44 99 45 97 668 806 672 810
288 2 -1
533 59 83 61 83 671 809 673 811
289 3 -1
535 55 70 58 70 673 811 676 814
290 3 -1
536 32 32 33 33 674 812 676 814
291 2 -1
537 93 73 93 73 675 813 676 814
292 1 -1
538 21 16 21 17 676 814 679 817
293 2 -1
540 33 11 33 13 678 816 682 820
294 1 -1
541 69 79 72 79 679 817 682 820
295 1 -1
542 92 19 99 19 680 818 688 826
296 0 -1
543 20 53 21 54 681 819 683 821
297 3 -1
546 12 84 12 85 684 822 686 824
298 2 -1
547 55 31 55 33 685 823 687 825
299 2 -1
550 46 62 47 62 688 826 689 827
300 1 -1
552 76 5 79 5 690 828 693 831
