100 100 2073
1
0 86 30
72
0 0 0 100 6
0
1 0 0 100 6
0
2 0 0 100 6
0
3 0 0 100 6
0
4 0 0 100 6
0
5 0 0 100 6
0
6 0 0 100 6
0
7 0 0 100 6
0
8 0 0 100 6
0
9 0 0 100 6
0
10 0 0 100 6
0
11 0 0 100 6
0
12 0 0 100 6
0
13 0 0 100 6
0
14 0 0 100 6
0
15 0 0 100 6
0
16 0 0 100 6
0
17 0 0 100 6
0
18 0 -1 100 6
0
19 0 -1 100 6
0
20 0 -1 100 6
0
21 0 -1 100 6
0
22 0 -1 100 6
0
23 0 -1 100 6
0
24 0 -1 100 6
0
25 0 -1 100 6
0
26 0 -1 100 6
0
27 0 -1 100 6
0
28 0 -1 100 6
0
29 0 -1 100 6
0
30 0 -1 100 6
0
31 0 -1 100 6
0
32 0 -1 100 6
0
33 0 -1 100 6
0
34 0 -1 100 6
0
35 0 -1 100 6
0
36 0 -1 100 6
0
37 0 -1 100 6
0
38 0 -1 100 6
0
39 0 -1 100 6
0
40 0 -1 100 6
0
41 0 -1 100 6
0
42 0 -1 100 6
0
43 0 -1 100 6
0
44 0 -1 100 6
0
45 0 -1 100 6
0
46 0 -1 100 6
0
47 0 -1 100 6
0
48 0 -1 100 6
0
49 0 -1 100 6
0
50 0 -1 100 6
0
51 0 -1 100 6
0
52 0 -1 100 6
0
53 0 -1 100 6
0
54 0 -1 100 6
0
55 0 -1 100 6
0
56 0 -1 100 6
0
57 0 -1 100 6
0
58 0 -1 100 6
0
59 0 -1 100 6
0
60 0 -1 100 6
0
61 0 -1 100 6
0
62 0 -1 100 6
0
63 0 -1 100 6
0
64 0 -1 100 6
0
65 0 -1 100 6
0
66 0 -1 100 6
0
67 0 -1 100 6
0
68 0 -1 100 6
0
69 0 -1 100 6
0
70 0 -1 100 6
0
71 0 -1 100 6
0
1000
1 0 -1
2 41 11 41 11 174 346 177 349
2 0 -1
5 74 6 76 7 177 349 182 354
3 0 -1
7 20 69 23 69 179 351 183 355
4 0 -1
8 89 40 91 44 180 352 189 361
5 0 -1
9 39 48 43 48 181 353 187 359
6 0 -1
10 58 93 62 93 182 354 186 358
7 0 -1
11 8 51 11 54 183 355 189 361
8 0 -1
12 5 77 5 79 184 356 186 358
9 0 -1
13 5 3 5 5 185 357 187 359
10 0 -1
14 72 14 74 15 186 358 189 361
11 0 -1
15 98 18 93 19 187 359 193 365
12 0 -1
17 94 99 94 97 189 361 193 365
13 0 -1
18 28 27 33 27 190 362 196 368
14 0 -1
19 10 51 11 51 191 363 192 364
15 0 -1
20 32 16 32 17 192 364 194 366
16 0 -1
21 45 79 46 80 193 365 195 367
17 0 -1
22 56 16 58 18 194 366 198 370
18 0 -1
24 93 59 95 59 196 368 198 370
19 0 -1
29 72 98 77 98 201 373 207 379
20 0 -1
30 23 46 25 46 202 374 204 376
21 0 -1
31 58 94 60 94 203 375 205 377
22 0 -1
33 47 44 49 44 205 377 211 383
23 0 -1
35 18 61 18 62 207 379 208 380
24 0 -1
36 99 95 97 95 208 380 210 382
25 0 -1
39 5 73 6 73 211 383 212 384
26 0 -1
40 23 67 23 68 212 384 213 385
27 0 -1
41 2 2 3 3 213 385 215 387
28 0 -1
42 19 51 20 51 214 386 215 387
29 0 -1
43 76 6 77 6 215 387 216 388
30 0 -1
45 2 6 3 7 217 389 219 391
31 0 -1
49 8 93 9 95 221 393 224 396
32 0 -1
52 52 60 59 60 224 396 231 403
33 0 -1
53 27 43 30 43 225 397 230 402
34 0 -1
54 40 77 41 77 226 398 227 399
35 0 -1
56 68 23 77 30 228 400 245 417
36 0 -1
57 68 6 68 6 229 401 231 403
37 0 -1
59 18 40 18 40 231 403 232 404
38 0 -1
61 60 15 61 15 233 405 235 407
39 0 -1
62 96 87 89 88 234 406 242 414
40 0 -1
64 72 4 75 17 236 408 255 427
41 0 -1
69 75 89 76 90 241 413 243 415
42 0 -1
71 79 39 87 39 243 415 251 423
43 0 -1
73 80 20 85 20 245 417 250 422
44 0 -1
76 75 1 76 1 248 420 251 423
45 0 -1
78 99 95 97 95 250 422 252 424
46 0 -1
80 6 81 9 81 252 424 255 427
47 0 -1
81 31 18 33 18 253 425 255 427
48 0 -1
82 89 54 93 55 254 426 260 432
49 0 -1
83 36 85 38 85 255 427 260 432
50 0 -1
84 15 72 16 72 256 428 257 429
51 0 -1
86 7 12 13 15 258 430 268 440
52 0 -1
87 69 37 69 37 259 431 260 432
53 0 -1
90 38 20 39 20 262 434 263 435
54 0 -1
91 91 11 94 11 263 435 267 439
55 0 -1
92 46 8 47 8 264 436 265 437
56 0 -1
93 44 35 45 35 265 437 268 440
57 0 -1
94 87 46 88 46 266 438 272 444
58 0 -1
96 21 21 21 23 268 440 270 442
59 0 -1
103 78 53 80 54 275 447 278 450
60 0 -1
105 21 59 23 59 277 449 279 451
61 0 -1
106 1 46 11 46 278 450 288 460
62 0 -1
107 37 38 39 39 279 451 282 454
63 0 -1
108 88 40 95 40 280 452 288 460
64 0 -1
110 43 5 43 13 282 454 290 462
65 0 -1
111 3 82 4 82 283 455 284 456
66 0 -1
114 53 6 59 6 286 458 292 464
67 0 -1
115 8 15 9 16 287 459 292 464
68 0 -1
116 90 51 98 51 288 460 300 472
69 0 -1
119 96 33 98 33 291 463 294 466
70 0 -1
120 39 47 39 48 292 464 293 465
71 0 -1
122 19 96 23 96 294 466 298 470
72 0 -1
123 89 11 92 11 295 467 298 470
73 0 -1
124 76 95 76 96 296 468 300 472
74 0 -1
127 57 55 58 55 299 471 300 472
75 0 -1
128 23 14 38 15 300 472 319 491
76 0 -1
130 17 14 18 14 302 474 303 475
77 0 -1
132 40 49 48 53 304 476 319 491
78 0 -1
134 37 95 37 95 306 478 307 479
79 0 -1
135 76 15 84 18 307 479 318 490
80 0 -1
136 35 85 37 85 308 480 310 482
81 0 -1
139 55 38 56 38 311 483 312 484
82 0 -1
140 79 30 82 31 312 484 316 488
83 0 -1
141 4 14 8 15 313 485 318 490
84 0 -1
144 93 62 94 66 316 488 321 493
85 0 -1
145 7 92 9 92 317 489 319 491
86 0 -1
146 11 64 11 65 318 490 319 491
87 0 -1
147 70 81 71 81 319 491 320 492
88 0 -1
148 54 29 54 29 320 492 321 493
89 0 -1
149 78 8 80 8 321 493 323 495
90 0 -1
150 40 5 41 7 322 494 328 500
91 0 -1
153 95 39 96 39 325 497 326 498
92 0 -1
154 3 55 6 55 326 498 330 502
93 0 -1
155 80 26 82 27 327 499 331 503
94 0 -1
156 35 84 39 84 328 500 333 505
95 0 -1
157 56 81 60 81 329 501 334 506
96 0 -1
160 49 99 49 93 332 504 338 510
97 0 -1
162 3 27 4 27 334 506 335 507
98 0 -1
163 19 42 19 43 335 507 336 508
99 0 -1
166 5 55 7 55 338 510 340 512
100 0 -1
167 86 24 86 27 339 511 344 516
101 0 -1
168 81 12 83 12 340 512 342 514
102 0 -1
169 49 82 54 82 341 513 346 518
103 0 -1
170 92 43 96 44 342 514 347 519
104 0 -1
172 75 39 80 39 344 516 349 521
105 0 -1
173 49 93 50 96 345 517 350 522
106 0 -1
174 71 7 71 9 346 518 348 520
107 0 -1
179 82 80 83 80 351 523 352 524
108 0 -1
183 71 97 75 97 355 527 360 532
109 0 -1
184 77 73 79 73 356 528 358 530
110 0 -1
185 52 95 52 96 357 529 359 531
111 0 -1
186 93 71 95 77 358 530 367 539
112 0 -1
187 27 54 31 54 359 531 365 537
113 0 -1
189 33 28 34 31 361 533 366 538
114 0 -1
190 10 86 10 90 362 534 367 539
115 0 -1
193 66 32 67 32 365 537 366 538
116 0 -1
196 54 53 56 53 368 540 370 542
117 0 -1
197 67 84 68 84 369 541 370 542
118 0 -1
198 70 83 73 83 370 542 388 560
119 0 -1
199 81 83 81 84 371 543 372 544
120 0 -1
200 31 35 31 37 372 544 374 546
121 0 -1
201 46 59 46 59 373 545 374 546
122 0 -1
204 61 15 61 16 376 548 377 549
123 0 -1
208 30 75 30 75 380 552 381 553
124 0 -1
209 36 18 37 18 381 553 382 554
125 0 -1
211 30 35 32 35 383 555 386 558
126 0 -1
212 46 11 47 11 384 556 386 558
127 0 -1
213 9 85 12 85 385 557 393 565
128 0 -1
214 27 35 32 35 386 558 391 563
129 0 -1
218 66 80 73 80 390 562 397 569
130 0 -1
219 54 54 54 54 391 563 393 565
131 0 -1
224 13 26 14 27 396 568 399 571
132 0 -1
225 26 22 26 24 397 569 399 571
133 0 -1
229 12 66 18 66 401 573 407 579
134 0 -1
230 82 32 82 32 402 574 403 575
135 0 -1
231 13 99 14 97 403 575 406 578
136 0 -1
236 59 67 61 67 408 580 410 582
137 0 -1
237 62 79 63 79 409 581 411 583
138 0 -1
240 84 88 87 90 412 584 423 595
139 0 -1
242 19 78 19 79 414 586 416 588
140 0 -1
244 17 2 20 4 416 588 421 593
141 0 -1
245 62 16 62 18 417 589 423 595
142 0 -1
246 20 84 22 84 418 590 421 593
143 0 -1
247 36 79 37 79 419 591 422 594
144 0 -1
248 17 59 18 60 420 592 423 595
145 0 -1
250 89 47 91 47 422 594 424 596
146 0 -1
251 60 57 61 58 423 595 426 598
147 0 -1
253 66 36 67 36 425 597 426 598
148 0 -1
255 80 32 81 32 427 599 429 601
149 0 -1
256 99 63 97 65 428 600 432 604
150 0 -1
257 44 38 45 40 429 601 433 605
151 0 -1
258 30 66 30 66 430 602 431 603
152 0 -1
260 61 6 63 6 432 604 434 606
153 0 -1
261 36 16 41 20 433 605 445 617
154 0 -1
266 87 93 87 97 438 610 442 614
155 0 -1
267 41 17 43 17 439 611 442 614
156 0 -1
268 12 90 14 90 440 612 442 614
157 0 -1
269 46 69 47 69 441 613 442 614
158 0 -1
271 23 37 25 41 443 615 449 621
159 0 -1
272 86 84 86 85 444 616 445 617
160 0 -1
274 30 77 32 86 446 618 459 631
161 0 -1
277 57 36 58 36 449 621 451 623
162 0 -1
278 96 92 97 92 450 622 456 628
163 0 -1
279 64 23 65 26 451 623 455 627
164 0 -1
280 73 99 74 97 452 624 455 627
165 0 -1
283 9 35 9 35 455 627 456 628
166 0 -1
285 12 25 12 26 457 629 460 632
167 0 -1
286 18 90 21 90 458 630 461 633
168 0 -1
289 78 58 79 59 461 633 464 636
169 0 -1
293 87 48 90 48 465 637 469 641
170 0 -1
294 37 5 39 6 466 638 470 642
171 0 -1
295 37 54 38 54 467 639 469 641
172 0 -1
296 56 46 57 46 468 640 472 644
173 0 -1
303 4 96 10 98 475 647 484 656
174 0 -1
305 8 65 8 65 477 649 482 654
175 0 -1
306 63 23 64 23 478 650 479 651
176 0 -1
307 92 8 94 8 479 651 481 653
177 0 -1
310 77 77 77 78 482 654 486 658
178 0 -1
311 60 85 60 88 483 655 487 659
179 0 -1
312 83 34 87 35 484 656 493 665
180 0 -1
313 54 56 55 56 485 657 486 658
181 0 -1
315 56 36 58 36 487 659 489 661
182 0 -1
320 63 48 64 53 492 664 508 680
183 0 -1
321 30 41 32 41 493 665 496 668
184 0 -1
323 32 36 35 46 495 667 508 680
185 0 -1
325 24 40 25 46 497 669 505 677
186 0 -1
326 11 40 11 41 498 670 499 671
187 0 -1
327 6 74 7 75 499 671 502 674
188 0 -1
328 2 99 4 96 500 672 505 677
189 0 -1
329 55 17 57 17 501 673 504 676
190 0 -1
330 14 14 18 14 502 674 507 679
191 0 -1
337 6 17 8 22 509 681 522 694
192 0 -1
340 33 39 33 39 512 684 515 687
193 0 -1
342 53 79 53 80 514 686 515 687
194 0 -1
343 78 74 80 74 515 687 518 690
195 0 -1
345 83 69 93 70 517 689 529 701
196 0 -1
349 66 65 67 65 521 693 522 694
197 0 -1
351 96 19 97 19 523 695 524 696
198 0 -1
354 47 46 49 50 526 698 532 704
199 0 -1
356 66 60 67 60 528 700 529 701
200 0 -1
357 59 43 59 43 529 701 533 705
201 0 -1
358 60 28 61 31 530 702 537 709
202 0 -1
359 62 24 64 24 531 703 534 706
203 0 -1
360 35 43 35 45 532 704 534 706
204 0 -1
361 17 25 20 26 533 705 539 711
205 0 -1
363 54 1 55 1 535 707 536 708
206 0 -1
364 59 95 60 95 536 708 537 709
207 0 -1
365 95 74 97 74 537 709 539 711
208 0 -1
367 29 72 35 72 539 711 545 717
209 0 -1
371 28 19 28 20 543 715 544 716
210 0 -1
372 61 4 68 5 544 716 552 724
211 0 -1
373 51 98 53 99 545 717 548 720
212 0 -1
374 65 18 65 18 546 718 547 719
213 0 -1
375 68 83 69 83 547 719 548 720
214 0 -1
377 92 3 93 3 549 721 550 722
215 0 -1
379 35 45 36 45 551 723 552 724
216 0 -1
380 12 78 13 78 552 724 553 725
217 0 -1
381 97 5 97 10 553 725 558 730
218 0 -1
382 69 23 71 23 554 726 556 728
219 0 -1
383 56 89 56 89 555 727 556 728
220 0 -1
388 56 15 57 15 560 732 561 733
221 0 -1
391 90 68 91 68 563 735 565 737
222 0 -1
392 26 99 27 99 564 736 566 738
223 0 -1
394 72 59 75 59 566 738 569 741
224 0 -1
396 19 65 19 66 568 740 573 745
225 0 -1
397 56 17 57 17 569 741 570 742
226 0 -1
400 50 25 52 25 572 744 574 746
227 0 -1
401 53 75 55 75 573 745 575 747
228 0 -1
403 9 58 10 62 575 747 580 752
229 0 -1
404 80 87 82 87 576 748 578 750
230 0 -1
407 81 39 81 40 579 751 580 752
231 0 -1
408 72 62 75 62 580 752 583 755
232 0 -1
411 78 18 80 18 583 755 585 757
233 0 -1
412 47 13 47 14 584 756 585 757
234 0 -1
414 58 21 59 21 586 758 587 759
235 0 -1
418 98 52 98 52 590 762 591 763
236 0 -1
420 68 21 68 21 592 764 593 765
237 0 -1
421 15 79 16 79 593 765 595 767
238 0 -1
423 28 45 29 45 595 767 596 768
239 0 -1
426 46 94 49 96 598 770 603 775
240 0 -1
428 60 23 60 25 600 772 602 774
241 0 -1
433 40 55 40 56 605 777 607 779
242 0 -1
437 60 98 60 98 609 781 610 782
243 0 -1
439 98 53 99 53 611 783 613 785
244 0 -1
441 82 72 90 72 613 785 621 793
245 0 -1
446 48 50 52 50 618 790 622 794
246 0 -1
448 41 52 42 54 620 792 623 795
247 0 -1
450 19 79 21 79 622 794 630 802
248 0 -1
452 14 34 17 34 624 796 627 799
249 0 -1
455 17 3 17 5 627 799 630 802
250 0 -1
460 64 66 69 66 632 804 638 810
251 0 -1
461 99 35 97 35 633 805 635 807
252 0 -1
462 70 44 73 44 634 806 637 809
253 0 -1
464 43 19 45 19 636 808 638 810
254 0 -1
469 14 56 16 56 641 813 643 815
255 0 -1
471 49 47 55 49 643 815 654 826
256 0 -1
475 37 44 37 45 647 819 649 821
257 0 -1
478 48 93 50 95 650 822 654 826
258 0 -1
479 21 93 21 93 651 823 653 825
259 0 -1
480 76 8 83 9 652 824 660 832
260 0 -1
481 12 53 13 55 653 825 659 831
261 0 -1
482 6 48 7 48 654 826 655 827
262 0 -1
484 35 58 36 58 656 828 660 832
263 0 -1
486 26 55 28 56 658 830 661 833
264 0 -1
488 60 38 60 39 660 832 663 835
265 0 -1
489 1 12 6 15 661 833 674 846
266 0 -1
491 72 41 72 42 663 835 665 837
267 0 -1
493 10 27 11 27 665 837 666 838
268 0 -1
496 65 74 66 74 668 840 669 841
269 0 -1
501 39 28 39 30 673 845 675 847
270 0 -1
502 46 12 49 12 674 846 678 850
271 0 -1
505 35 20 36 21 677 849 679 851
272 0 -1
506 77 88 77 92 678 850 683 855
273 0 -1
507 30 80 34 80 679 851 683 855
274 0 -1
509 26 55 27 55 681 853 682 854
275 0 -1
511 66 2 68 2 683 855 685 857
276 0 -1
512 85 73 85 73 684 856 685 857
277 0 -1
515 65 95 68 95 687 859 690 862
278 0 -1
516 92 87 97 88 688 860 701 873
279 0 -1
517 81 8 83 10 689 861 693 865
280 0 -1
518 85 14 85 15 690 862 692 864
281 0 -1
520 78 45 78 45 692 864 693 865
282 0 -1
522 69 35 75 37 694 866 703 875
283 0 -1
523 32 67 32 67 695 867 696 868
284 0 -1
525 12 30 12 30 697 869 699 871
285 0 -1
526 9 90 9 92 698 870 700 872
286 0 -1
528 2 17 4 17 700 872 705 877
287 0 -1
530 71 13 73 15 702 874 706 878
288 0 -1
533 18 52 20 52 705 877 707 879
289 0 -1
535 0 1 1 1 707 879 710 882
290 0 -1
536 15 67 16 67 708 880 710 882
291 0 -1
537 42 10 42 11 709 881 710 882
292 0 -1
538 44 9 45 10 710 882 713 885
293 0 -1
540 68 18 70 19 712 884 716 888
294 0 -1
541 12 60 13 61 713 885 716 888
295 0 -1
542 68 19 68 21 714 886 722 894
296 0 -1
543 71 15 73 15 715 887 717 889
297 0 -1
546 75 86 77 86 718 890 720 892
298 0 -1
547 15 66 16 66 719 891 721 893
299 0 -1
550 77 92 78 92 722 894 723 895
300 0 -1
552 27 51 28 52 724 896 727 899
301 0 -1
553 13 86 13 86 725 897 727 899
302 0 -1
555 87 78 89 78 727 899 732 904
303 0 -1
556 63 22 65 22 728 900 730 902
304 0 -1
558 97 22 98 22 730 902 731 903
305 0 -1
559 79 46 82 47 731 903 736 908
306 0 -1
560 45 60 47 60 732 904 734 906
307 0 -1
562 13 68 14 68 734 906 735 907
308 0 -1
565 27 61 30 62 737 909 741 913
309 0 -1
566 28 74 30 75 738 910 742 914
310 0 -1
567 20 64 20 64 739 911 740 912
311 0 -1
570 86 88 89 89 742 914 746 918
312 0 -1
572 83 27 86 27 744 916 747 919
313 0 -1
573 53 94 54 96 745 917 748 920
314 0 -1
575 10 21 10 21 747 919 749 921
315 0 -1
577 91 32 91 32 749 921 750 922
316 0 -1
578 37 28 38 28 750 922 752 924
317 0 -1
579 57 73 59 74 751 923 756 928
318 0 -1
580 27 92 27 92 752 924 753 925
319 0 -1
585 86 35 87 35 757 929 760 932
320 0 -1
588 51 48 53 51 760 932 765 937
321 0 -1
589 17 43 26 45 761 933 776 948
322 0 -1
592 61 46 61 46 764 936 765 937
323 0 -1
594 5 33 7 33 766 938 768 940
324 0 -1
595 27 30 30 36 767 939 782 954
325 0 -1
596 23 93 25 95 768 940 772 944
326 0 -1
597 79 37 86 38 769 941 777 949
327 0 -1
599 39 49 45 50 771 943 779 951
328 0 -1
600 98 25 98 26 772 944 775 947
329 0 -1
601 75 45 75 45 773 945 775 947
330 0 -1
603 83 8 84 8 775 947 777 949
331 0 -1
608 21 51 24 51 780 952 783 955
332 0 -1
609 19 93 19 93 781 953 782 954
333 0 -1
610 20 60 22 61 782 954 787 959
334 0 -1
611 78 40 79 42 783 955 787 959
335 0 -1
613 41 30 46 32 785 957 793 965
336 0 -1
614 37 26 39 27 786 958 792 964
337 0 -1
615 43 89 43 90 787 959 788 960
338 0 -1
616 23 41 24 42 788 960 790 962
339 0 -1
619 86 52 88 54 791 963 796 968
340 0 -1
620 76 35 77 35 792 964 794 966
341 0 -1
621 50 74 55 74 793 965 798 970
342 0 -1
622 61 56 64 56 794 966 797 969
343 0 -1
623 7 90 7 90 795 967 797 969
344 0 -1
624 53 80 54 80 796 968 797 969
345 0 -1
625 15 79 15 81 797 969 799 971
346 0 -1
628 91 4 91 4 800 972 801 973
347 0 -1
629 85 58 88 60 801 973 806 978
348 0 -1
630 53 82 53 82 802 974 803 975
349 0 -1
634 74 51 75 51 806 978 807 979
350 0 -1
635 38 4 39 4 807 979 809 981
351 0 -1
636 56 72 58 72 808 980 810 982
352 0 -1
637 39 73 39 74 809 981 811 983
353 0 -1
639 12 98 13 98 811 983 812 984
354 0 -1
640 58 70 59 70 812 984 814 986
355 0 -1
641 54 62 54 63 813 985 815 987
356 0 -1
643 77 89 82 89 815 987 821 993
357 0 -1
645 27 64 28 65 817 989 819 991
358 0 -1
646 85 89 87 89 818 990 820 992
359 0 -1
648 46 92 47 92 820 992 821 993
360 0 -1
649 54 42 57 49 821 993 831 1003
361 0 -1
650 2 60 2 60 822 994 823 995
362 0 -1
651 70 90 71 92 823 995 827 999
363 0 -1
652 46 90 51 97 824 996 839 1011
364 0 -1
653 11 67 12 67 825 997 826 998
365 0 -1
656 62 20 63 20 828 1000 829 1001
366 0 -1
662 90 65 91 65 834 1006 836 1008
367 0 -1
663 48 6 53 8 835 1007 843 1015
368 0 -1
664 32 9 34 9 836 1008 838 1010
369 0 -1
665 59 72 59 73 837 1009 838 1010
370 0 -1
666 52 93 54 93 838 1010 840 1012
371 0 -1
667 13 47 15 47 839 1011 842 1014
372 0 -1
669 8 29 9 29 841 1013 842 1014
373 0 -1
672 82 42 86 42 844 1016 848 1020
374 0 -1
673 41 29 43 29 845 1017 847 1019
375 0 -1
674 36 16 40 16 846 1018 850 1022
376 0 -1
675 18 48 23 48 847 1019 852 1024
377 0 -1
678 59 21 62 22 850 1022 854 1026
378 0 -1
679 57 71 58 72 851 1023 854 1026
379 0 -1
680 80 7 82 11 852 1024 858 1030
380 0 -1
681 97 2 99 2 853 1025 855 1027
381 0 -1
682 41 98 43 98 854 1026 856 1028
382 0 -1
684 53 80 53 80 856 1028 858 1030
383 0 -1
685 31 53 34 55 857 1029 862 1034
384 0 -1
687 91 61 93 61 859 1031 864 1036
385 0 -1
688 32 73 33 74 860 1032 862 1034
386 0 -1
689 66 30 66 30 861 1033 863 1035
387 0 -1
690 50 67 51 67 862 1034 864 1036
388 0 -1
691 86 95 88 95 863 1035 865 1037
389 0 -1
692 0 50 2 50 864 1036 866 1038
390 0 -1
694 38 89 40 90 866 1038 869 1041
391 0 -1
696 99 60 98 61 868 1040 870 1042
392 0 -1
698 22 74 26 75 870 1042 875 1047
393 0 -1
700 76 58 77 58 872 1044 873 1045
394 0 -1
701 65 18 66 18 873 1045 874 1046
395 0 -1
702 98 27 99 33 874 1046 881 1053
396 0 -1
703 66 53 68 53 875 1047 877 1049
397 0 -1
704 89 17 91 17 876 1048 878 1050
398 0 -1
705 96 83 96 85 877 1049 881 1053
399 0 -1
706 87 24 88 24 878 1050 880 1052
400 0 -1
707 56 65 59 66 879 1051 883 1055
401 0 -1
708 29 22 32 25 880 1052 887 1059
402 0 -1
710 38 14 38 16 882 1054 885 1057
403 0 -1
712 15 25 16 25 884 1056 885 1057
404 0 -1
714 98 87 99 87 886 1058 887 1059
405 0 -1
716 61 44 62 44 888 1060 889 1061
406 0 -1
718 42 90 42 91 890 1062 898 1070
407 0 -1
719 49 85 49 86 891 1063 892 1064
408 0 -1
720 62 84 63 84 892 1064 894 1066
409 0 -1
722 64 93 65 93 894 1066 896 1068
410 0 -1
724 83 97 84 97 896 1068 898 1070
411 0 -1
725 67 42 71 46 897 1069 908 1080
412 0 -1
726 7 26 7 29 898 1070 902 1074
413 0 -1
727 33 85 33 87 899 1071 902 1074
414 0 -1
728 7 79 9 80 900 1072 905 1077
415 0 -1
729 11 51 11 51 901 1073 902 1074
416 0 -1
731 38 87 39 87 903 1075 904 1076
417 0 -1
733 12 27 14 27 905 1077 907 1079
418 0 -1
734 27 71 28 72 906 1078 908 1080
419 0 -1
735 53 63 54 63 907 1079 910 1082
420 0 -1
736 72 66 73 67 908 1080 910 1082
421 0 -1
737 62 24 63 25 909 1081 912 1084
422 0 -1
742 49 1 52 2 914 1086 919 1091
423 0 -1
744 4 12 5 12 916 1088 918 1090
424 0 -1
745 3 3 3 4 917 1089 922 1094
425 0 -1
748 79 12 81 12 920 1092 922 1094
426 0 -1
750 40 26 41 26 922 1094 923 1095
427 0 -1
751 74 70 74 71 923 1095 924 1096
428 0 -1
752 35 31 36 31 924 1096 927 1099
429 0 -1
753 33 95 34 95 925 1097 926 1098
430 0 -1
754 20 33 23 34 926 1098 932 1104
431 0 -1
755 75 26 77 26 927 1099 929 1101
432 0 -1
757 53 17 55 17 929 1101 931 1103
433 0 -1
758 94 93 98 96 930 1102 938 1110
434 0 -1
759 98 45 96 45 931 1103 933 1105
435 0 -1
760 53 48 54 48 932 1104 933 1105
436 0 -1
766 11 84 12 84 938 1110 940 1112
437 0 -1
767 2 55 4 55 939 1111 941 1113
438 0 -1
768 85 39 86 40 940 1112 943 1115
439 0 -1
771 39 13 40 13 943 1115 944 1116
440 0 -1
772 44 90 45 90 944 1116 946 1118
441 0 -1
773 50 22 52 22 945 1117 948 1120
442 0 -1
775 70 11 71 14 947 1119 952 1124
443 0 -1
777 11 39 13 39 949 1121 951 1123
444 0 -1
778 70 23 70 23 950 1122 952 1124
445 0 -1
779 96 43 96 44 951 1123 954 1126
446 0 -1
781 66 78 67 78 953 1125 954 1126
447 0 -1
782 56 10 59 10 954 1126 958 1130
448 0 -1
784 3 55 5 55 956 1128 958 1130
449 0 -1
787 77 99 79 99 959 1131 961 1133
450 0 -1
788 97 99 97 100 960 1132 961 1133
451 0 -1
789 82 72 85 73 961 1133 965 1137
452 0 -1
790 30 88 31 89 962 1134 964 1136
453 0 -1
791 93 65 98 65 963 1135 968 1140
454 0 -1
793 25 9 27 9 965 1137 968 1140
455 0 -1
794 12 61 13 61 966 1138 970 1142
456 0 -1
795 62 85 62 87 967 1139 969 1141
457 0 -1
796 63 27 64 27 968 1140 972 1144
458 0 -1
797 10 54 10 54 969 1141 970 1142
459 0 -1
798 10 33 13 33 970 1142 973 1145
460 0 -1
799 35 17 36 17 971 1143 973 1145
461 0 -1
800 82 64 84 66 972 1144 977 1149
462 0 -1
802 34 6 37 6 974 1146 978 1150
463 0 -1
803 10 36 11 36 975 1147 977 1149
464 0 -1
805 81 82 83 82 977 1149 982 1154
465 0 -1
806 5 90 14 90 978 1150 987 1159
466 0 -1
807 74 40 76 40 979 1151 981 1153
467 0 -1
810 26 12 26 13 982 1154 983 1155
468 0 -1
813 16 16 16 17 985 1157 986 1158
469 0 -1
818 15 50 15 50 990 1162 992 1164
470 0 -1
820 19 9 22 9 992 1164 995 1167
471 0 -1
824 47 85 49 85 996 1168 998 1170
472 0 -1
825 12 68 13 70 997 1169 1000 1172
473 0 -1
827 44 80 45 80 999 1171 1000 1172
474 0 -1
828 68 31 74 35 1000 1172 1010 1182
475 0 -1
830 13 36 13 38 1002 1174 1005 1177
476 0 -1
831 39 56 40 56 1003 1175 1004 1176
477 0 -1
833 28 42 30 42 1005 1177 1007 1179
478 0 -1
834 29 14 30 15 1006 1178 1008 1180
479 0 -1
835 60 75 64 79 1007 1179 1017 1189
480 0 -1
839 26 43 26 45 1011 1183 1013 1185
481 0 -1
841 66 95 67 95 1013 1185 1017 1189
482 0 -1
842 92 20 93 21 1014 1186 1016 1188
483 0 -1
844 70 56 71 60 1016 1188 1021 1193
484 0 -1
845 42 74 43 74 1017 1189 1019 1191
485 0 -1
846 17 34 17 35 1018 1190 1024 1196
486 0 -1
847 88 39 89 39 1019 1191 1020 1192
487 0 -1
850 50 64 51 66 1022 1194 1025 1197
488 0 -1
851 80 97 80 93 1023 1195 1027 1199
489 0 -1
854 3 33 3 34 1026 1198 1027 1199
490 0 -1
856 48 32 48 32 1028 1200 1031 1203
491 0 -1
859 22 89 22 94 1031 1203 1036 1208
492 0 -1
860 38 42 38 42 1032 1204 1033 1205
493 0 -1
861 19 9 21 9 1033 1205 1035 1207
494 0 -1
864 70 92 71 93 1036 1208 1039 1211
495 0 -1
867 20 94 20 94 1039 1211 1040 1212
496 0 -1
868 28 51 28 51 1040 1212 1042 1214
497 0 -1
871 68 73 68 77 1043 1215 1059 1231
498 0 -1
873 35 8 37 8 1045 1217 1047 1219
499 0 -1
874 21 44 24 46 1046 1218 1051 1223
500 0 -1
875 84 81 85 82 1047 1219 1050 1222
501 0 -1
877 42 81 43 83 1049 1221 1052 1224
502 0 -1
878 32 21 34 21 1050 1222 1052 1224
503 0 -1
879 32 33 32 33 1051 1223 1053 1225
504 0 -1
880 23 15 24 17 1052 1224 1056 1228
505 0 -1
881 29 53 29 53 1053 1225 1059 1231
506 0 -1
882 33 28 34 28 1054 1226 1056 1228
507 0 -1
885 45 34 45 35 1057 1229 1058 1230
508 0 -1
887 52 96 55 96 1059 1231 1062 1234
509 0 -1
889 75 67 77 67 1061 1233 1064 1236
510 0 -1
891 76 2 77 2 1063 1235 1065 1237
511 0 -1
893 40 24 42 24 1065 1237 1067 1239
512 0 -1
894 91 99 93 100 1066 1238 1069 1241
513 0 -1
895 75 1 75 2 1067 1239 1070 1242
514 0 -1
896 60 23 60 24 1068 1240 1070 1242
515 0 -1
897 15 87 16 87 1069 1241 1070 1242
516 0 -1
898 93 3 93 5 1070 1242 1072 1244
517 0 -1
899 87 68 88 68 1071 1243 1073 1245
518 0 -1
900 94 49 99 49 1072 1244 1078 1250
519 0 -1
901 92 45 94 45 1073 1245 1075 1247
520 0 -1
902 82 17 82 17 1074 1246 1075 1247
521 0 -1
905 59 30 60 30 1077 1249 1078 1250
522 0 -1
910 89 85 89 85 1082 1254 1083 1255
523 0 -1
912 66 63 74 65 1084 1256 1094 1266
524 0 -1
914 82 56 83 57 1086 1258 1093 1265
525 0 -1
917 93 26 96 27 1089 1261 1093 1265
526 0 -1
919 49 19 49 21 1091 1263 1093 1265
527 0 -1
920 31 98 32 100 1092 1264 1095 1267
528 0 -1
921 7 74 8 74 1093 1265 1094 1266
529 0 -1
923 89 5 89 6 1095 1267 1096 1268
530 0 -1
925 59 76 61 77 1097 1269 1100 1272
531 0 -1
926 44 99 46 93 1098 1270 1107 1279
532 0 -1
927 67 67 70 67 1099 1271 1102 1274
533 0 -1
928 76 98 76 100 1100 1272 1104 1276
534 0 -1
929 73 52 74 52 1101 1273 1102 1274
535 0 -1
931 97 29 97 30 1103 1275 1105 1277
536 0 -1
933 52 74 57 74 1105 1277 1112 1284
537 0 -1
935 71 82 72 83 1107 1279 1109 1281
538 0 -1
936 29 25 30 25 1108 1280 1109 1281
539 0 -1
937 18 55 22 55 1109 1281 1113 1285
540 0 -1
938 80 19 81 21 1110 1282 1114 1286
541 0 -1
940 10 6 12 6 1112 1284 1114 1286
542 0 -1
942 57 77 57 77 1114 1286 1115 1287
543 0 -1
943 8 73 15 73 1115 1287 1122 1294
544 0 -1
944 72 53 73 53 1116 1288 1117 1289
545 0 -1
945 78 21 80 22 1117 1289 1120 1292
546 0 -1
947 26 53 32 59 1119 1291 1132 1304
547 0 -1
948 88 10 90 10 1120 1292 1123 1295
548 0 -1
950 16 85 16 86 1122 1294 1124 1296
549 0 -1
951 17 62 17 63 1123 1295 1125 1297
550 0 -1
954 61 83 63 83 1126 1298 1128 1300
551 0 -1
955 53 5 54 5 1127 1299 1128 1300
552 0 -1
957 45 51 45 54 1129 1301 1132 1304
553 0 -1
958 61 10 62 10 1130 1302 1131 1303
554 0 -1
963 97 26 99 26 1135 1307 1138 1310
555 0 -1
964 42 32 44 32 1136 1308 1138 1310
556 0 -1
966 0 97 2 97 1138 1310 1140 1312
557 0 -1
969 86 31 87 31 1141 1313 1143 1315
558 0 -1
972 91 56 91 60 1144 1316 1150 1322
559 0 -1
973 16 33 18 35 1145 1317 1149 1321
560 0 -1
974 19 95 22 99 1146 1318 1156 1328
561 0 -1
976 38 14 40 15 1148 1320 1153 1325
562 0 -1
979 62 58 65 59 1151 1323 1155 1327
563 0 -1
981 73 98 74 98 1153 1325 1154 1326
564 0 -1
983 87 11 90 11 1155 1327 1158 1330
565 0 -1
984 52 37 55 39 1156 1328 1162 1334
566 0 -1
987 87 23 88 24 1159 1331 1163 1335
567 0 -1
989 20 74 20 77 1161 1333 1164 1336
568 0 -1
990 70 45 74 45 1162 1334 1166 1338
569 0 -1
992 16 90 16 93 1164 1336 1168 1340
570 0 -1
993 44 35 44 37 1165 1337 1167 1339
571 0 -1
994 9 57 10 58 1166 1338 1170 1342
572 0 -1
996 41 53 42 53 1168 1340 1170 1342
573 0 -1
997 16 10 18 10 1169 1341 1171 1343
574 0 -1
998 68 48 69 48 1170 1342 1171 1343
575 0 -1
999 51 55 51 55 1171 1343 1173 1345
576 0 -1
1001 36 97 48 60 1173 1345 1222 1394
577 0 -1
1004 63 37 64 38 1176 1348 1178 1350
578 0 -1
1008 70 86 71 86 1180 1352 1181 1353
579 0 -1
1010 87 98 89 98 1182 1354 1184 1356
580 0 -1
1012 71 4 71 4 1184 1356 1185 1357
581 0 -1
1015 13 85 13 86 1187 1359 1188 1360
582 0 -1
1016 73 86 73 86 1188 1360 1189 1361
583 0 -1
1017 76 76 78 77 1189 1361 1192 1364
584 0 -1
1018 71 2 78 2 1190 1362 1204 1376
585 0 -1
1019 8 65 13 68 1191 1363 1201 1373
586 0 -1
1020 33 95 36 95 1192 1364 1195 1367
587 0 -1
1021 86 86 87 86 1193 1365 1194 1366
588 0 -1
1022 98 55 99 64 1194 1366 1208 1380
589 0 -1
1025 25 23 28 25 1197 1369 1202 1374
590 0 -1
1027 13 11 13 12 1199 1371 1200 1372
591 0 -1
1028 27 75 27 76 1200 1372 1201 1373
592 0 -1
1031 4 76 8 78 1203 1375 1212 1384
593 0 -1
1032 99 39 99 46 1204 1376 1211 1383
594 0 -1
1033 67 88 70 89 1205 1377 1209 1381
595 0 -1
1035 47 27 49 27 1207 1379 1209 1381
596 0 -1
1036 32 20 32 22 1208 1380 1210 1382
597 0 -1
1037 99 89 98 89 1209 1381 1210 1382
598 0 -1
1039 1 40 2 40 1211 1383 1212 1384
599 0 -1
1040 65 22 66 22 1212 1384 1213 1385
600 0 -1
1042 44 16 45 22 1214 1386 1225 1397
601 0 -1
1044 94 48 97 48 1216 1388 1220 1392
602 0 -1
1045 6 55 8 55 1217 1389 1220 1392
603 0 -1
1051 40 86 40 87 1223 1395 1224 1396
604 0 -1
1053 6 26 7 26 1225 1397 1226 1398
605 0 -1
1056 92 21 93 21 1228 1400 1230 1402
606 0 -1
1057 71 62 72 62 1229 1401 1231 1403
607 0 -1
1059 51 40 53 40 1231 1403 1235 1407
608 0 -1
1060 58 59 59 63 1232 1404 1237 1409
609 0 -1
1063 91 88 91 91 1235 1407 1238 1410
610 0 -1
1065 61 86 61 86 1237 1409 1240 1412
611 0 -1
1066 71 20 71 22 1238 1410 1240 1412
612 0 -1
1067 89 59 89 60 1239 1411 1240 1412
613 0 -1
1070 74 89 74 94 1242 1414 1254 1426
614 0 -1
1071 46 43 47 43 1243 1415 1248 1420
615 0 -1
1073 64 24 78 25 1245 1417 1260 1432
616 0 -1
1074 89 36 89 37 1246 1418 1247 1419
617 0 -1
1075 73 15 73 17 1247 1419 1250 1422
618 0 -1
1078 87 62 90 63 1250 1422 1254 1426
619 0 -1
1082 42 43 43 43 1254 1426 1255 1427
620 0 -1
1083 87 39 88 40 1255 1427 1257 1429
621 0 -1
1084 6 2 10 2 1256 1428 1262 1434
622 0 -1
1085 45 14 45 15 1257 1429 1260 1432
623 0 -1
1086 30 24 33 24 1258 1430 1262 1434
624 0 -1
1090 98 23 99 23 1262 1434 1263 1435
625 0 -1
1091 24 26 24 27 1263 1435 1267 1439
626 0 -1
1092 30 64 31 64 1264 1436 1265 1437
627 0 -1
1095 85 57 86 57 1267 1439 1270 1442
628 0 -1
1097 19 63 21 63 1269 1441 1272 1444
629 0 -1
1098 48 56 51 56 1270 1442 1274 1446
630 0 -1
1099 32 93 33 97 1271 1443 1276 1448
631 0 -1
1100 85 64 89 65 1272 1444 1277 1449
632 0 -1
1102 37 52 40 52 1274 1446 1277 1449
633 0 -1
1103 88 30 89 30 1275 1447 1282 1454
634 0 -1
1104 42 45 43 45 1276 1448 1277 1449
635 0 -1
1105 9 53 10 53 1277 1449 1278 1450
636 0 -1
1107 3 47 8 49 1279 1451 1289 1461
637 0 -1
1109 13 38 15 39 1281 1453 1284 1456
638 0 -1
1111 11 10 11 10 1283 1455 1285 1457
639 0 -1
1113 82 30 82 30 1285 1457 1286 1458
640 0 -1
1114 38 63 39 63 1286 1458 1287 1459
641 0 -1
1115 61 53 61 55 1287 1459 1290 1462
642 0 -1
1116 77 24 84 24 1288 1460 1299 1471
643 0 -1
1118 16 11 18 11 1290 1462 1292 1464
644 0 -1
1120 1 5 1 7 1292 1464 1294 1466
645 0 -1
1121 57 46 57 46 1293 1465 1294 1466
646 0 -1
1122 53 87 53 88 1294 1466 1297 1469
647 0 -1
1124 34 62 37 62 1296 1468 1303 1475
648 0 -1
1125 18 21 19 21 1297 1469 1299 1471
649 0 -1
1126 33 92 42 93 1298 1470 1310 1482
650 0 -1
1129 11 44 12 44 1301 1473 1302 1474
651 0 -1
1130 13 59 13 59 1302 1474 1303 1475
652 0 -1
1132 39 28 40 28 1304 1476 1306 1478
653 0 -1
1133 34 96 37 96 1305 1477 1308 1480
654 0 -1
1137 5 85 8 85 1309 1481 1313 1485
655 0 -1
1138 40 67 40 67 1310 1482 1311 1483
656 0 -1
1139 97 94 97 95 1311 1483 1312 1484
657 0 -1
1141 90 94 90 95 1313 1485 1315 1487
658 0 -1
1142 97 34 94 34 1314 1486 1317 1489
659 0 -1
1144 38 95 40 95 1316 1488 1319 1491
660 0 -1
1147 30 19 32 21 1319 1491 1323 1495
661 0 -1
1150 41 53 42 53 1322 1494 1323 1495
662 0 -1
1151 22 20 23 20 1323 1495 1325 1497
663 0 -1
1154 56 28 56 28 1326 1498 1327 1499
664 0 -1
1156 14 74 16 74 1328 1500 1330 1502
665 0 -1
1157 51 24 51 27 1329 1501 1334 1506
666 0 -1
1158 74 72 75 75 1330 1502 1334 1506
667 0 -1
1159 51 54 52 55 1331 1503 1333 1505
668 0 -1
1164 43 40 45 40 1336 1508 1339 1511
669 0 -1
1166 2 90 3 90 1338 1510 1341 1513
670 0 -1
1169 16 92 17 94 1341 1513 1344 1516
671 0 -1
1170 22 75 25 75 1342 1514 1345 1517
672 0 -1
1171 90 74 95 75 1343 1515 1352 1524
673 0 -1
1172 23 42 24 42 1344 1516 1345 1517
674 0 -1
1174 33 71 40 71 1346 1518 1353 1525
675 0 -1
1175 27 9 30 9 1347 1519 1350 1522
676 0 -1
1176 77 78 78 79 1348 1520 1350 1522
677 0 -1
1177 58 32 58 34 1349 1521 1351 1523
678 0 -1
1179 55 36 56 36 1351 1523 1352 1524
679 0 -1
1186 25 40 27 40 1358 1530 1360 1532
680 0 -1
1187 88 35 90 35 1359 1531 1361 1533
681 0 -1
1188 65 70 65 70 1360 1532 1361 1533
682 0 -1
1190 88 42 88 43 1362 1534 1363 1535
683 0 -1
1191 56 21 58 21 1363 1535 1365 1537
684 0 -1
1194 37 85 38 86 1366 1538 1368 1540
685 0 -1
1195 1 73 3 74 1367 1539 1370 1542
686 0 -1
1197 28 98 28 100 1369 1541 1372 1544
687 0 -1
1198 18 76 21 77 1370 1542 1374 1546
688 0 -1
1201 99 61 95 61 1373 1545 1378 1550
689 0 -1
1202 4 78 5 78 1374 1546 1375 1547
690 0 -1
1203 14 78 15 78 1375 1547 1376 1548
691 0 -1
1205 67 22 67 22 1377 1549 1380 1552
692 0 -1
1207 63 51 66 52 1379 1551 1383 1555
693 0 -1
1208 91 20 92 20 1380 1552 1382 1554
694 0 -1
1209 16 29 16 29 1381 1553 1382 1554
695 0 -1
1211 95 16 95 19 1383 1555 1387 1559
696 0 -1
1214 50 38 53 41 1386 1558 1392 1564
697 0 -1
1217 39 62 41 62 1389 1561 1391 1563
698 0 -1
1218 73 42 73 42 1390 1562 1391 1563
699 0 -1
1219 85 47 87 47 1391 1563 1398 1570
700 0 -1
1220 58 3 58 3 1392 1564 1393 1565
701 0 -1
1222 58 1 61 1 1394 1566 1397 1569
702 0 -1
1223 11 24 12 25 1395 1567 1399 1571
703 0 -1
1226 52 28 55 28 1398 1570 1401 1573
704 0 -1
1227 94 8 95 8 1399 1571 1400 1572
705 0 -1
1229 20 56 21 56 1401 1573 1402 1574
706 0 -1
1230 77 18 81 19 1402 1574 1407 1579
707 0 -1
1231 88 7 88 8 1403 1575 1404 1576
708 0 -1
1233 55 58 57 58 1405 1577 1407 1579
709 0 -1
1235 19 95 23 95 1407 1579 1411 1583
710 0 -1
1236 43 4 48 4 1408 1580 1413 1585
711 0 -1
1237 83 25 85 25 1409 1581 1414 1586
712 0 -1
1238 36 18 38 21 1410 1582 1415 1587
713 0 -1
1240 48 48 48 52 1412 1584 1416 1588
714 0 -1
1241 23 79 24 79 1413 1585 1414 1586
715 0 -1
1242 6 65 10 66 1414 1586 1427 1599
716 0 -1
1243 32 93 32 93 1415 1587 1417 1589
717 0 -1
1244 76 7 83 7 1416 1588 1423 1595
718 0 -1
1246 16 39 25 39 1418 1590 1427 1599
719 0 -1
1250 96 55 96 56 1422 1594 1423 1595
720 0 -1
1254 60 20 61 20 1426 1598 1433 1605
721 0 -1
1255 21 73 23 75 1427 1599 1431 1603
722 0 -1
1258 69 73 70 80 1430 1602 1446 1618
723 0 -1
1259 58 86 74 88 1431 1603 1449 1621
724 0 -1
1260 24 74 29 74 1432 1604 1438 1610
725 0 -1
1261 38 12 43 13 1433 1605 1440 1612
726 0 -1
1263 64 81 67 81 1435 1607 1442 1614
727 0 -1
1264 42 83 42 86 1436 1608 1440 1612
728 0 -1
1265 22 29 22 30 1437 1609 1439 1611
729 0 -1
1266 59 38 59 38 1438 1610 1439 1611
730 0 -1
1268 79 51 80 52 1440 1612 1443 1615
731 0 -1
1276 89 29 89 29 1448 1620 1449 1621
732 0 -1
1277 14 94 15 97 1449 1621 1454 1626
733 0 -1
1281 25 88 25 90 1453 1625 1455 1627
734 0 -1
1284 5 31 6 32 1456 1628 1458 1630
735 0 -1
1287 92 99 93 96 1459 1631 1463 1635
736 0 -1
1290 25 60 31 60 1462 1634 1469 1641
737 0 -1
1291 57 0 57 0 1463 1635 1466 1638
738 0 -1
1292 67 26 76 38 1464 1636 1490 1662
739 0 -1
1297 44 99 44 100 1469 1641 1472 1644
740 0 -1
1298 38 13 39 13 1470 1642 1471 1643
741 0 -1
1299 87 77 89 78 1471 1643 1474 1646
742 0 -1
1300 51 33 52 33 1472 1644 1474 1646
743 0 -1
1307 63 45 63 46 1479 1651 1480 1652
744 0 -1
1309 77 12 79 12 1481 1653 1483 1655
745 0 -1
1312 53 85 53 87 1484 1656 1486 1658
746 0 -1
1313 94 82 95 82 1485 1657 1486 1658
747 0 -1
1314 69 93 69 95 1486 1658 1490 1662
748 0 -1
1315 99 32 98 35 1487 1659 1492 1664
749 0 -1
1316 41 73 42 74 1488 1660 1490 1662
750 0 -1
1317 24 5 26 5 1489 1661 1491 1663
751 0 -1
1318 52 91 55 91 1490 1662 1493 1665
752 0 -1
1319 7 30 7 31 1491 1663 1493 1665
753 0 -1
1320 82 16 82 17 1492 1664 1493 1665
754 0 -1
1321 61 16 61 16 1493 1665 1495 1667
755 0 -1
1323 74 35 74 35 1495 1667 1497 1669
756 0 -1
1324 96 24 98 24 1496 1668 1501 1673
757 0 -1
1325 39 27 40 27 1497 1669 1503 1675
758 0 -1
1326 48 17 48 18 1498 1670 1499 1671
759 0 -1
1327 97 57 93 60 1499 1671 1509 1681
760 0 -1
1329 3 61 4 62 1501 1673 1503 1675
761 0 -1
1332 43 54 45 54 1504 1676 1506 1678
762 0 -1
1333 32 80 32 81 1505 1677 1506 1678
763 0 -1
1335 13 45 13 48 1507 1679 1523 1695
764 0 -1
1336 26 39 26 39 1508 1680 1509 1681
765 0 -1
1338 44 69 45 71 1510 1682 1513 1685
766 0 -1
1340 70 92 77 92 1512 1684 1519 1691
767 0 -1
1342 11 99 13 99 1514 1686 1517 1689
768 0 -1
1344 42 9 43 9 1516 1688 1518 1690
769 0 -1
1345 88 93 88 93 1517 1689 1518 1690
770 0 -1
1347 55 20 55 21 1519 1691 1522 1694
771 0 -1
1348 77 37 80 39 1520 1692 1525 1697
772 0 -1
1349 2 15 2 18 1521 1693 1527 1699
773 0 -1
1354 73 2 74 2 1526 1698 1529 1701
774 0 -1
1355 38 76 40 77 1527 1699 1532 1704
775 0 -1
1359 79 75 81 77 1531 1703 1536 1708
776 0 -1
1362 81 39 82 40 1534 1706 1536 1708
777 0 -1
1365 8 81 9 81 1537 1709 1538 1710
778 0 -1
1368 26 4 28 4 1540 1712 1542 1714
779 0 -1
1369 31 93 45 84 1541 1713 1576 1748
780 0 -1
1370 23 67 24 67 1542 1714 1544 1716
781 0 -1
1372 40 91 42 91 1544 1716 1549 1721
782 0 -1
1374 34 98 36 98 1546 1718 1548 1720
783 0 -1
1375 8 64 9 65 1547 1719 1554 1726
784 0 -1
1376 8 25 8 25 1548 1720 1549 1721
785 0 -1
1377 99 73 99 74 1549 1721 1552 1724
786 0 -1
1378 54 2 54 2 1550 1722 1551 1723
787 0 -1
1379 84 84 87 85 1551 1723 1555 1727
788 0 -1
1381 2 52 3 53 1553 1725 1556 1728
789 0 -1
1382 81 45 84 45 1554 1726 1557 1729
790 0 -1
1383 73 53 74 54 1555 1727 1557 1729
791 0 -1
1385 56 95 56 97 1557 1729 1563 1735
792 0 -1
1386 48 40 48 43 1558 1730 1561 1733
793 0 -1
1387 0 61 4 68 1559 1731 1570 1742
794 0 -1
1388 67 89 70 89 1560 1732 1563 1735
795 0 -1
1389 44 89 45 90 1561 1733 1563 1735
796 0 -1
1390 34 88 34 89 1562 1734 1564 1736
797 0 -1
1391 8 65 8 67 1563 1735 1565 1737
798 0 -1
1393 90 51 91 51 1565 1737 1567 1739
799 0 -1
1395 69 65 76 65 1567 1739 1575 1747
800 0 -1
1396 9 39 10 39 1568 1740 1569 1741
801 0 -1
1400 0 96 3 96 1572 1744 1575 1747
802 0 -1
1401 63 86 63 87 1573 1745 1576 1748
803 0 -1
1402 86 75 88 78 1574 1746 1581 1753
804 0 -1
1403 17 96 17 98 1575 1747 1577 1749
805 0 -1
1406 40 9 40 10 1578 1750 1579 1751
806 0 -1
1411 60 3 62 3 1583 1755 1585 1757
807 0 -1
1412 54 16 60 16 1584 1756 1590 1762
808 0 -1
1413 38 59 39 59 1585 1757 1586 1758
809 0 -1
1414 18 74 18 74 1586 1758 1588 1760
810 0 -1
1415 9 83 11 83 1587 1759 1589 1761
811 0 -1
1417 44 63 45 63 1589 1761 1590 1762
812 0 -1
1418 3 59 6 61 1590 1762 1595 1767
813 0 -1
1419 35 74 41 75 1591 1763 1598 1770
814 0 -1
1420 73 26 77 28 1592 1764 1600 1772
815 0 -1
1423 68 40 68 41 1595 1767 1596 1768
816 0 -1
1426 51 87 51 88 1598 1770 1600 1772
817 0 -1
1428 13 74 14 74 1600 1772 1603 1775
818 0 -1
1429 23 53 25 53 1601 1773 1603 1775
819 0 -1
1430 31 52 32 52 1602 1774 1603 1775
820 0 -1
1431 52 49 52 52 1603 1775 1606 1778
821 0 -1
1432 65 27 65 28 1604 1776 1605 1777
822 0 -1
1434 32 5 33 5 1606 1778 1607 1779
823 0 -1
1435 47 90 51 91 1607 1779 1614 1786
824 0 -1
1436 95 58 97 58 1608 1780 1610 1782
825 0 -1
1438 88 47 89 49 1610 1782 1614 1786
826 0 -1
1439 11 45 12 45 1611 1783 1612 1784
827 0 -1
1440 12 95 14 95 1612 1784 1615 1787
828 0 -1
1441 84 24 84 24 1613 1785 1620 1792
829 0 -1
1442 3 30 3 31 1614 1786 1616 1788
830 0 -1
1443 51 38 51 43 1615 1787 1620 1792
831 0 -1
1444 49 89 50 89 1616 1788 1618 1790
832 0 -1
1446 30 45 36 45 1618 1790 1624 1796
833 0 -1
1447 8 31 10 31 1619 1791 1621 1793
834 0 -1
1448 91 41 92 42 1620 1792 1622 1794
835 0 -1
1452 87 81 88 81 1624 1796 1625 1797
836 0 -1
1454 6 58 6 61 1626 1798 1630 1802
837 0 -1
1455 49 34 51 34 1627 1799 1629 1801
838 0 -1
1456 36 54 37 54 1628 1800 1629 1801
839 0 -1
1457 45 72 47 73 1629 1801 1635 1807
840 0 -1
1458 10 25 18 25 1630 1802 1640 1812
841 0 -1
1461 99 10 98 11 1633 1805 1636 1808
842 0 -1
1462 95 62 97 62 1634 1806 1638 1810
843 0 -1
1463 83 36 83 37 1635 1807 1637 1809
844 0 -1
1465 3 12 4 12 1637 1809 1639 1811
845 0 -1
1466 81 74 82 74 1638 1810 1640 1812
846 0 -1
1468 80 76 81 76 1640 1812 1641 1813
847 0 -1
1469 47 37 49 39 1641 1813 1646 1818
848 0 -1
1470 90 12 90 13 1642 1814 1643 1815
849 0 -1
1472 42 24 43 28 1644 1816 1649 1821
850 0 -1
1473 11 1 15 1 1645 1817 1650 1822
851 0 -1
1474 97 98 86 98 1646 1818 1657 1829
852 0 -1
1475 63 97 64 98 1647 1819 1649 1821
853 0 -1
1478 79 44 84 44 1650 1822 1656 1828
854 0 -1
1479 47 53 49 53 1651 1823 1653 1825
855 0 -1
1481 72 76 74 76 1653 1825 1655 1827
856 0 -1
1483 17 30 22 32 1655 1827 1666 1838
857 0 -1
1486 10 29 11 30 1658 1830 1663 1835
858 0 -1
1487 39 88 43 88 1659 1831 1663 1835
859 0 -1
1493 35 11 37 11 1665 1837 1667 1839
860 0 -1
1495 17 37 17 38 1667 1839 1668 1840
861 0 -1
1496 91 30 91 30 1668 1840 1672 1844
862 0 -1
1497 66 33 66 33 1669 1841 1673 1845
863 0 -1
1499 57 92 58 93 1671 1843 1673 1845
864 0 -1
1500 94 7 96 7 1672 1844 1674 1846
865 0 -1
1501 60 66 61 72 1673 1845 1681 1853
866 0 -1
1502 29 58 32 59 1674 1846 1678 1850
867 0 -1
1504 90 60 98 60 1676 1848 1689 1861
868 0 -1
1505 27 86 30 90 1677 1849 1687 1859
869 0 -1
1506 1 93 1 93 1678 1850 1680 1852
870 0 -1
1507 77 53 80 53 1679 1851 1682 1854
871 0 -1
1508 30 86 35 86 1680 1852 1686 1858
872 0 -1
1509 34 43 34 44 1681 1853 1682 1854
873 0 -1
1511 41 24 41 25 1683 1855 1685 1857
874 0 -1
1513 39 52 44 52 1685 1857 1690 1862
875 0 -1
1515 41 44 42 44 1687 1859 1688 1860
876 0 -1
1516 61 10 63 10 1688 1860 1691 1863
877 0 -1
1517 8 2 10 2 1689 1861 1692 1864
878 0 -1
1518 31 74 34 74 1690 1862 1693 1865
879 0 -1
1519 74 79 76 81 1691 1863 1695 1867
880 0 -1
1521 68 78 71 78 1693 1865 1697 1869
881 0 -1
1522 50 96 50 97 1694 1866 1696 1868
882 0 -1
1523 48 80 50 80 1695 1867 1697 1869
883 0 -1
1527 18 62 18 64 1699 1871 1703 1875
884 0 -1
1528 31 40 32 40 1700 1872 1701 1873
885 0 -1
1533 43 90 43 91 1705 1877 1706 1878
886 0 -1
1534 31 82 36 85 1706 1878 1715 1887
887 0 -1
1535 13 94 15 95 1707 1879 1710 1882
888 0 -1
1536 10 54 10 56 1708 1880 1710 1882
889 0 -1
1538 42 24 44 25 1710 1882 1714 1886
890 0 -1
1540 27 99 27 100 1712 1884 1713 1885
891 0 -1
1543 82 84 83 85 1715 1887 1718 1890
892 0 -1
1544 49 74 50 75 1716 1888 1718 1890
893 0 -1
1545 33 52 35 52 1717 1889 1719 1891
894 0 -1
1547 74 97 74 99 1719 1891 1724 1896
895 0 -1
1550 40 74 42 74 1722 1894 1724 1896
896 0 -1
1551 30 16 30 18 1723 1895 1725 1897
897 0 -1
1552 9 13 11 16 1724 1896 1729 1901
898 0 -1
1554 39 49 42 50 1726 1898 1730 1902
899 0 -1
1555 77 59 79 59 1727 1899 1729 1901
900 0 -1
1556 4 55 6 55 1728 1900 1730 1902
901 0 -1
1559 25 28 30 29 1731 1903 1737 1909
902 0 -1
1560 62 60 68 60 1732 1904 1738 1910
903 0 -1
1562 47 85 49 85 1734 1906 1736 1908
904 0 -1
1563 48 44 51 50 1735 1907 1745 1917
905 0 -1
1564 9 28 11 28 1736 1908 1738 1910
906 0 -1
1566 52 99 53 100 1738 1910 1740 1912
907 0 -1
1567 66 83 69 83 1739 1911 1743 1915
908 0 -1
1573 20 99 25 96 1745 1917 1753 1925
909 0 -1
1575 74 90 75 90 1747 1919 1748 1920
910 0 -1
1576 59 30 61 30 1748 1920 1750 1922
911 0 -1
1577 55 1 56 1 1749 1921 1751 1923
912 0 -1
1579 27 13 30 13 1751 1923 1754 1926
913 0 -1
1580 32 40 33 41 1752 1924 1754 1926
914 0 -1
1582 71 1 71 1 1754 1926 1755 1927
915 0 -1
1584 96 10 96 11 1756 1928 1757 1929
916 0 -1
1587 22 23 25 29 1759 1931 1771 1943
917 0 -1
1588 90 60 92 62 1760 1932 1764 1936
918 0 -1
1589 76 3 76 4 1761 1933 1763 1935
919 0 -1
1590 51 15 54 15 1762 1934 1765 1937
920 0 -1
1591 72 35 73 35 1763 1935 1768 1940
921 0 -1
1593 33 84 36 84 1765 1937 1769 1941
922 0 -1
1594 31 26 32 26 1766 1938 1768 1940
923 0 -1
1596 43 70 44 71 1768 1940 1770 1942
924 0 -1
1598 38 18 38 18 1770 1942 1771 1943
925 0 -1
1599 92 62 95 62 1771 1943 1775 1947
926 0 -1
1600 22 52 22 53 1772 1944 1773 1945
927 0 -1
1603 18 80 18 80 1775 1947 1776 1948
928 0 -1
1606 95 25 97 25 1778 1950 1780 1952
929 0 -1
1608 55 77 55 78 1780 1952 1781 1953
930 0 -1
1609 39 72 40 73 1781 1953 1783 1955
931 0 -1
1610 1 40 2 40 1782 1954 1783 1955
932 0 -1
1611 56 4 57 4 1783 1955 1785 1957
933 0 -1
1613 35 65 36 66 1785 1957 1787 1959
934 0 -1
1615 70 30 71 30 1787 1959 1788 1960
935 0 -1
1618 84 7 86 7 1790 1962 1793 1965
936 0 -1
1620 99 42 97 45 1792 1964 1797 1969
937 0 -1
1621 53 99 60 99 1793 1965 1800 1972
938 0 -1
1623 32 71 37 71 1795 1967 1800 1972
939 0 -1
1624 35 70 36 70 1796 1968 1797 1969
940 0 -1
1625 21 76 23 76 1797 1969 1800 1972
941 0 -1
1626 65 10 66 10 1798 1970 1800 1972
942 0 -1
1627 59 65 65 71 1799 1971 1812 1984
943 0 -1
1629 25 19 26 19 1801 1973 1802 1974
944 0 -1
1631 60 1 61 2 1803 1975 1805 1977
945 0 -1
1633 25 71 28 73 1805 1977 1815 1987
946 0 -1
1634 50 98 52 98 1806 1978 1808 1980
947 0 -1
1637 6 31 7 31 1809 1981 1810 1982
948 0 -1
1638 60 4 60 4 1810 1982 1813 1985
949 0 -1
1640 71 92 76 95 1812 1984 1822 1994
950 0 -1
1641 85 21 85 24 1813 1985 1816 1988
951 0 -1
1642 57 23 57 26 1814 1986 1818 1990
952 0 -1
1645 27 90 27 91 1817 1989 1818 1990
953 0 -1
1648 29 32 30 33 1820 1992 1822 1994
954 0 -1
1649 54 77 54 79 1821 1993 1823 1995
955 0 -1
1650 2 10 3 10 1822 1994 1823 1995
956 0 -1
1656 61 43 65 43 1828 2000 1832 2004
957 0 -1
1657 19 84 22 84 1829 2001 1832 2004
958 0 -1
1659 56 25 60 25 1831 2003 1835 2007
959 0 -1
1660 54 84 56 85 1832 2004 1836 2008
960 0 -1
1661 25 2 28 5 1833 2005 1840 2012
961 0 -1
1662 59 36 63 36 1834 2006 1841 2013
962 0 -1
1663 89 33 96 33 1835 2007 1842 2014
963 0 -1
1664 29 13 30 13 1836 2008 1838 2010
964 0 -1
1665 69 60 69 61 1837 2009 1838 2010
965 0 -1
1668 30 93 30 94 1840 2012 1843 2015
966 0 -1
1671 66 70 74 70 1843 2015 1851 2023
967 0 -1
1672 18 92 22 92 1844 2016 1848 2020
968 0 -1
1673 84 54 84 57 1845 2017 1850 2022
969 0 -1
1675 74 71 75 71 1847 2019 1848 2020
970 0 -1
1676 87 49 89 49 1848 2020 1851 2023
971 0 -1
1678 57 95 58 96 1850 2022 1853 2025
972 0 -1
1679 19 29 22 32 1851 2023 1858 2030
973 0 -1
1680 71 21 71 25 1852 2024 1856 2028
974 0 -1
1683 95 92 96 94 1855 2027 1862 2034
975 0 -1
1685 77 48 77 48 1857 2029 1860 2032
976 0 -1
1686 99 77 96 83 1858 2030 1868 2040
977 0 -1
1687 41 50 41 51 1859 2031 1863 2035
978 0 -1
1688 47 67 49 69 1860 2032 1866 2038
979 0 -1
1690 80 72 84 72 1862 2034 1866 2038
980 0 -1
1691 30 86 31 87 1863 2035 1865 2037
981 0 -1
1692 11 27 13 27 1864 2036 1867 2039
982 0 -1
1694 77 58 78 58 1866 2038 1867 2039
983 0 -1
1695 76 85 80 85 1867 2039 1871 2043
984 0 -1
1696 70 10 72 10 1868 2040 1871 2043
985 0 -1
1697 13 65 13 66 1869 2041 1871 2043
986 0 -1
1698 4 9 4 10 1870 2042 1872 2044
987 0 -1
1700 14 27 15 28 1872 2044 1874 2046
988 0 -1
1702 6 16 13 20 1874 2046 1888 2060
989 0 -1
1703 70 58 71 58 1875 2047 1876 2048
990 0 -1
1704 77 11 79 12 1876 2048 1879 2051
991 0 -1
1709 85 81 86 83 1881 2053 1884 2056
992 0 -1
1712 3 3 3 5 1884 2056 1887 2059
993 0 -1
1714 51 77 51 81 1886 2058 1890 2062
994 0 -1
1717 34 25 35 25 1889 2061 1893 2065
995 0 -1
1718 7 12 8 13 1890 2062 1892 2064
996 0 -1
1720 48 56 48 56 1892 2064 1898 2070
997 0 -1
1722 46 87 46 88 1894 2066 1895 2067
998 0 -1
1723 2 57 3 58 1895 2067 1897 2069
999 0 -1
1725 2 85 2 86 1897 2069 1899 2071
1000 0 -1
1726 89 0 92 0 1898 2070 1901 2073
