100 100 831
1
0 56 60
16
0 0 0 100 6
0
1 0 0 100 6
0
2 0 0 100 6
0
3 0 0 100 6
0
4 0 0 100 6
0
5 0 0 100 6
0
6 0 0 100 6
0
7 0 0 100 6
0
8 0 0 100 6
0
9 0 0 100 6
0
10 0 0 100 6
0
11 0 0 100 6
0
12 0 0 100 6
0
13 0 0 100 6
0
14 0 0 100 6
0
15 0 0 100 6
0
300
1 0 -1
2 3 55 3 57 140 278 143 281
2 0 -1
5 68 12 68 15 143 281 148 286
3 0 -1
7 77 30 81 30 145 283 149 287
4 0 -1
8 3 0 6 3 146 284 155 293
5 0 -1
9 74 62 80 62 147 285 153 291
6 0 -1
10 32 48 32 51 148 286 152 290
7 0 -1
11 44 41 47 41 149 287 155 293
8 0 -1
12 45 6 45 8 150 288 152 290
9 0 -1
13 70 56 70 58 151 289 153 291
10 0 -1
14 88 91 90 92 152 290 155 293
11 0 -1
15 84 59 85 60 153 291 159 297
12 0 -1
17 96 60 92 60 155 293 159 297
13 0 -1
18 93 26 96 27 156 294 162 300
14 0 -1
19 76 41 76 41 157 295 158 296
15 0 -1
20 66 70 66 72 158 296 160 298
16 0 -1
21 48 58 48 58 159 297 161 299
17 0 -1
22 23 86 25 88 160 298 164 302
18 0 -1
24 74 40 76 40 162 300 164 302
19 0 -1
29 13 3 14 3 167 305 173 311
20 0 -1
30 94 45 94 45 168 306 170 308
21 0 -1
31 7 89 9 89 169 307 171 309
22 0 -1
33 77 40 77 40 171 309 177 315
23 0 -1
35 19 63 20 63 173 311 174 312
24 0 -1
36 51 52 51 54 174 312 176 314
25 0 -1
39 71 66 71 67 177 315 178 316
26 0 -1
40 64 13 64 14 178 316 179 317
27 0 -1
41 24 76 26 76 179 317 181 319
28 0 -1
42 13 82 14 82 180 318 181 319
29 0 -1
43 0 81 1 81 181 319 182 320
30 0 -1
45 89 72 91 72 183 321 185 323
31 0 -1
49 65 39 67 40 187 325 190 328
32 0 -1
52 55 70 56 76 190 328 197 335
33 0 -1
53 26 34 30 34 191 329 196 334
34 0 -1
54 60 34 60 34 192 330 193 331
35 0 -1
56 28 75 42 78 194 332 211 349
36 0 -1
57 0 73 2 73 195 333 197 335
37 0 -1
59 31 19 32 19 197 335 198 336
38 0 -1
61 92 59 92 59 199 337 201 339
39 0 -1
62 83 96 83 96 200 338 208 346
40 0 -1
64 99 69 84 71 202 340 221 359
41 0 -1
69 49 58 49 60 207 345 209 347
42 0 -1
71 37 91 42 94 209 347 217 355
43 0 -1
73 50 71 51 73 211 349 216 354
44 0 -1
76 28 11 28 11 214 352 217 355
45 0 -1
78 8 10 10 10 216 354 218 356
46 0 -1
80 39 39 39 39 218 356 221 359
47 0 -1
81 0 94 0 95 219 357 221 359
48 0 -1
82 73 40 79 40 220 358 226 364
49 0 -1
83 56 53 61 53 221 359 226 364
50 0 -1
84 52 50 52 50 222 360 223 361
51 0 -1
86 98 97 99 92 224 362 234 372
52 0 -1
87 77 89 78 89 225 363 226 364
53 0 -1
90 43 26 43 27 228 366 229 367
54 0 -1
91 53 66 54 68 229 367 233 371
55 0 -1
92 24 93 24 93 230 368 231 369
56 0 -1
93 46 42 49 42 231 369 234 372
57 0 -1
94 86 12 89 14 232 370 238 376
58 0 -1
96 99 78 98 79 234 372 236 374
59 0 -1
103 66 32 68 33 241 379 244 382
60 0 -1
105 30 12 31 12 243 381 245 383
61 0 -1
106 88 96 92 96 244 382 254 392
62 0 -1
107 37 64 37 67 245 383 248 386
63 0 -1
108 0 89 1 89 246 384 254 392
64 0 -1
110 69 9 77 9 248 386 256 394
65 0 -1
111 75 2 75 2 249 387 250 388
66 0 -1
114 11 21 13 24 252 390 258 396
67 0 -1
115 38 65 38 70 253 391 258 396
68 0 -1
116 7 87 19 87 254 392 266 404
69 0 -1
119 88 83 88 83 257 395 260 398
70 0 -1
120 69 43 70 43 258 396 259 397
71 0 -1
122 55 91 56 91 260 398 264 402
72 0 -1
123 8 25 8 26 261 399 264 402
73 0 -1
124 22 30 23 30 262 400 266 404
74 0 -1
127 42 23 42 24 265 403 266 404
75 0 -1
128 30 96 33 80 266 404 285 423
76 0 -1
130 74 7 74 8 268 406 269 407
77 0 -1
132 8 47 19 48 270 408 285 423
78 0 -1
134 0 57 1 57 272 410 273 411
79 0 -1
135 49 3 58 3 273 411 284 422
80 0 -1
136 21 54 22 54 274 412 276 414
81 0 -1
139 30 48 30 48 277 415 278 416
82 0 -1
140 10 6 13 7 278 416 282 420
83 0 -1
141 50 63 50 66 279 417 284 422
84 0 -1
144 77 88 81 89 282 420 287 425
85 0 -1
145 17 18 18 18 283 421 285 423
86 0 -1
146 72 55 73 55 284 422 285 423
87 0 -1
147 50 10 51 10 285 423 286 424
88 0 -1
148 10 59 10 59 286 424 287 425
89 0 -1
149 36 2 36 2 287 425 289 427
90 0 -1
150 11 74 16 75 288 426 294 432
91 0 -1
153 73 47 74 47 291 429 292 430
92 0 -1
154 38 9 38 10 292 430 296 434
93 0 -1
155 59 82 59 82 293 431 294 432
94 0 -1
156 74 18 77 19 294 432 299 437
95 0 -1
157 22 59 26 60 295 433 300 438
96 0 -1
160 2 41 2 41 298 436 304 442
97 0 -1
162 1 47 1 48 300 438 301 439
98 0 -1
163 95 96 96 96 301 439 302 440
99 0 -1
166 76 39 77 40 304 442 306 444
100 0 -1
167 25 27 25 29 305 443 310 448
101 0 -1
168 22 25 22 26 306 444 308 446
102 0 -1
169 70 85 72 87 307 445 312 450
103 0 -1
170 96 55 98 57 308 446 313 451
104 0 -1
172 28 87 32 88 310 448 315 453
105 0 -1
173 70 83 73 84 311 449 316 454
106 0 -1
174 3 55 5 55 312 450 314 452
107 0 -1
179 8 9 9 9 317 455 318 456
108 0 -1
183 68 14 69 16 321 459 326 464
109 0 -1
184 96 87 98 87 322 460 324 462
110 0 -1
185 90 20 92 20 323 461 325 463
111 0 -1
186 90 70 95 70 324 462 333 471
112 0 -1
187 35 88 36 88 325 463 331 469
113 0 -1
189 13 6 18 6 327 465 332 470
114 0 -1
190 98 87 93 87 328 466 333 471
115 0 -1
193 1 76 1 77 331 469 332 470
116 0 -1
196 94 71 95 71 334 472 336 474
117 0 -1
197 90 60 91 60 335 473 336 474
118 0 -1
198 41 44 48 45 336 474 354 492
119 0 -1
199 17 92 17 92 337 475 338 476
120 0 -1
200 68 53 68 54 338 476 340 478
121 0 -1
201 76 65 77 65 339 477 340 478
122 0 -1
204 66 41 66 41 342 480 343 481
123 0 -1
208 8 32 9 32 346 484 347 485
124 0 -1
209 44 29 44 29 347 485 348 486
125 0 -1
211 63 33 65 34 349 487 352 490
126 0 -1
212 5 75 7 75 350 488 352 490
127 0 -1
213 60 52 68 52 351 489 359 497
128 0 -1
214 49 84 49 86 352 490 357 495
129 0 -1
218 10 26 17 26 356 494 363 501
130 0 -1
219 98 7 99 7 357 495 359 497
131 0 -1
224 20 19 22 20 362 500 365 503
132 0 -1
225 9 9 9 11 363 501 365 503
133 0 -1
229 22 6 27 6 367 505 373 511
134 0 -1
230 88 34 88 34 368 506 369 507
135 0 -1
231 37 83 39 84 369 507 372 510
136 0 -1
236 58 81 60 81 374 512 376 514
137 0 -1
237 85 58 86 58 375 513 377 515
138 0 -1
240 10 54 20 54 378 516 389 527
139 0 -1
242 79 86 79 86 380 518 382 520
140 0 -1
244 83 77 85 77 382 520 387 525
141 0 -1
245 40 70 40 73 383 521 389 527
142 0 -1
246 13 80 16 80 384 522 387 525
143 0 -1
247 14 4 14 6 385 523 388 526
144 0 -1
248 52 53 55 53 386 524 389 527
145 0 -1
250 29 6 31 6 388 526 390 528
146 0 -1
251 28 95 30 96 389 527 392 530
147 0 -1
253 61 94 61 94 391 529 392 530
148 0 -1
255 10 15 10 16 393 531 395 533
149 0 -1
256 35 84 35 86 394 532 398 536
150 0 -1
257 42 91 44 91 395 533 399 537
151 0 -1
258 75 68 76 68 396 534 397 535
152 0 -1
260 64 80 64 81 398 536 400 538
153 0 -1
261 35 8 43 9 399 537 411 549
154 0 -1
266 98 58 98 58 404 542 408 546
155 0 -1
267 8 73 11 73 405 543 408 546
156 0 -1
268 45 26 45 28 406 544 408 546
157 0 -1
269 12 5 12 5 407 545 408 546
158 0 -1
271 94 29 99 30 409 547 415 553
159 0 -1
272 20 29 21 29 410 548 411 549
160 0 -1
274 40 68 53 68 412 550 425 563
161 0 -1
277 78 80 80 80 415 553 417 555
162 0 -1
278 76 66 77 66 416 554 422 560
163 0 -1
279 37 30 39 31 417 555 421 559
164 0 -1
280 79 3 82 3 418 556 421 559
165 0 -1
283 97 11 98 11 421 559 422 560
166 0 -1
285 46 36 48 36 423 561 426 564
167 0 -1
286 58 62 59 64 424 562 427 565
168 0 -1
289 32 50 33 50 427 565 430 568
169 0 -1
293 60 24 60 27 431 569 435 573
170 0 -1
294 40 37 41 37 432 570 433 571
171 0 -1
295 91 19 91 21 433 571 435 573
172 0 -1
296 69 32 72 33 434 572 438 576
173 0 -1
303 94 60 96 67 441 579 450 588
174 0 -1
305 71 90 73 92 443 581 448 586
175 0 -1
306 95 11 96 11 444 582 445 583
176 0 -1
307 34 15 34 16 445 583 447 585
177 0 -1
310 32 1 36 1 448 586 452 590
178 0 -1
311 36 82 37 85 449 587 453 591
179 0 -1
312 13 40 15 41 450 588 459 597
180 0 -1
313 64 76 64 77 451 589 452 590
181 0 -1
315 1 1 2 2 453 591 455 593
182 0 -1
320 37 42 43 52 458 596 474 612
183 0 -1
321 7 2 8 2 459 597 462 600
184 0 -1
323 49 35 55 39 461 599 474 612
185 0 -1
325 32 20 40 20 463 601 471 609
186 0 -1
326 66 23 67 23 464 602 465 603
187 0 -1
327 94 62 97 62 465 603 468 606
188 0 -1
328 12 56 12 57 466 604 471 609
189 0 -1
329 76 33 77 33 467 605 470 608
190 0 -1
330 53 11 54 12 468 606 473 611
191 0 -1
337 55 83 66 85 475 613 488 626
192 0 -1
340 36 89 37 91 478 616 481 619
193 0 -1
342 0 63 0 63 480 618 481 619
194 0 -1
343 70 70 71 72 481 619 484 622
195 0 -1
345 15 89 16 98 483 621 495 633
196 0 -1
349 97 95 98 95 487 625 488 626
197 0 -1
351 20 97 21 97 489 627 490 628
198 0 -1
354 56 73 59 75 492 630 498 636
199 0 -1
356 35 97 35 98 494 632 495 633
200 0 -1
357 46 81 49 82 495 633 499 637
201 0 -1
358 65 23 69 23 496 634 503 641
202 0 -1
359 58 82 59 84 497 635 500 638
203 0 -1
360 60 19 61 20 498 636 500 638
204 0 -1
361 27 54 33 54 499 637 505 643
205 0 -1
363 46 6 46 6 501 639 502 640
206 0 -1
364 20 6 21 6 502 640 503 641
207 0 -1
365 14 99 16 99 503 641 505 643
208 0 -1
367 4 63 7 65 505 643 511 649
209 0 -1
371 98 27 99 27 509 647 510 648
210 0 -1
372 44 8 51 8 510 648 518 656
211 0 -1
373 80 40 81 41 511 649 514 652
212 0 -1
374 39 39 39 39 512 650 513 651
213 0 -1
375 15 35 15 36 513 651 514 652
214 0 -1
377 47 86 47 86 515 653 516 654
215 0 -1
379 59 25 60 25 517 655 518 656
216 0 -1
380 47 55 47 56 518 656 519 657
217 0 -1
381 47 74 52 74 519 657 524 662
218 0 -1
382 55 91 55 92 520 658 522 660
219 0 -1
383 11 28 11 29 521 659 522 660
220 0 -1
388 51 37 52 37 526 664 527 665
221 0 -1
391 22 56 22 57 529 667 531 669
222 0 -1
392 0 67 0 67 530 668 532 670
223 0 -1
394 37 19 38 21 532 670 535 673
224 0 -1
396 14 11 19 11 534 672 539 677
225 0 -1
397 91 99 91 100 535 673 536 674
226 0 -1
400 24 91 25 91 538 676 540 678
227 0 -1
401 50 70 51 70 539 677 541 679
228 0 -1
403 29 55 30 58 541 679 546 684
229 0 -1
404 92 83 93 84 542 680 544 682
230 0 -1
407 84 54 84 54 545 683 546 684
231 0 -1
408 33 5 33 5 546 684 549 687
232 0 -1
411 73 75 73 76 549 687 551 689
233 0 -1
412 67 89 67 90 550 688 551 689
234 0 -1
414 1 59 2 59 552 690 553 691
235 0 -1
418 71 67 71 67 556 694 557 695
236 0 -1
420 65 73 66 73 558 696 559 697
237 0 -1
421 81 5 82 6 559 697 561 699
238 0 -1
423 64 69 64 69 561 699 562 700
239 0 -1
426 4 32 6 35 564 702 569 707
240 0 -1
428 26 56 28 56 566 704 568 706
241 0 -1
433 15 53 15 53 571 709 573 711
242 0 -1
437 82 50 83 50 575 713 576 714
243 0 -1
439 16 4 16 5 577 715 579 717
244 0 -1
441 3 93 5 98 579 717 587 725
245 0 -1
446 26 41 29 42 584 722 588 726
246 0 -1
448 12 34 12 34 586 724 589 727
247 0 -1
450 80 24 86 26 588 726 596 734
248 0 -1
452 84 49 86 49 590 728 593 731
249 0 -1
455 60 43 61 43 593 731 596 734
250 0 -1
460 61 7 61 9 598 736 604 742
251 0 -1
461 36 31 37 31 599 737 601 739
252 0 -1
462 36 90 39 90 600 738 603 741
253 0 -1
464 87 50 87 51 602 740 604 742
254 0 -1
469 25 37 27 37 607 745 609 747
255 0 -1
471 24 75 32 76 609 747 620 758
256 0 -1
475 94 64 94 64 613 751 615 753
257 0 -1
478 31 87 31 89 616 754 620 758
258 0 -1
479 60 4 62 4 617 755 619 757
259 0 -1
480 22 88 26 89 618 756 626 764
260 0 -1
481 48 25 53 25 619 757 625 763
261 0 -1
482 81 11 82 11 620 758 621 759
262 0 -1
484 71 66 75 66 622 760 626 764
263 0 -1
486 10 25 12 26 624 762 627 765
264 0 -1
488 23 36 24 36 626 764 629 767
265 0 -1
489 28 20 41 20 627 765 640 778
266 0 -1
491 32 70 32 72 629 767 631 769
267 0 -1
493 92 83 93 83 631 769 632 770
268 0 -1
496 93 54 94 54 634 772 635 773
269 0 -1
501 90 67 92 67 639 777 641 779
270 0 -1
502 9 27 11 29 640 778 644 782
271 0 -1
505 9 84 9 84 643 781 645 783
272 0 -1
506 18 37 22 38 644 782 649 787
273 0 -1
507 59 79 60 79 645 783 646 784
274 0 -1
509 30 9 30 10 647 785 648 786
275 0 -1
511 22 67 22 67 649 787 651 789
276 0 -1
512 84 9 84 10 650 788 651 789
277 0 -1
515 72 4 73 4 653 791 656 794
278 0 -1
516 32 14 33 16 654 792 667 805
279 0 -1
517 58 2 61 2 655 793 659 797
280 0 -1
518 27 55 28 56 656 794 658 796
281 0 -1
520 23 24 24 24 658 796 659 797
282 0 -1
522 22 8 27 10 660 798 669 807
283 0 -1
523 40 92 41 92 661 799 662 800
284 0 -1
525 68 3 68 5 663 801 665 803
285 0 -1
526 33 85 33 87 664 802 666 804
286 0 -1
528 57 74 59 76 666 804 671 809
287 0 -1
530 46 92 46 96 668 806 672 810
288 0 -1
533 76 59 76 59 671 809 673 811
289 0 -1
535 34 22 37 22 673 811 676 814
290 0 -1
536 92 95 93 96 674 812 676 814
291 0 -1
537 56 34 56 34 675 813 676 814
292 0 -1
538 0 62 3 62 676 814 679 817
293 0 -1
540 98 22 99 23 678 816 682 820
294 0 -1
541 33 48 35 48 679 817 682 820
295 0 -1
542 41 80 41 84 680 818 688 826
296 0 -1
543 23 24 24 25 681 819 683 821
297 0 -1
546 20 73 20 73 684 822 686 824
298 0 -1
547 90 13 92 13 685 823 687 825
299 0 -1
550 64 83 65 83 688 826 689 827
300 0 -1
552 56 98 57 99 690 828 693 831
