100 100 2591
1
0 49 86
72
0 0 0 100 6
0
1 0 0 100 6
0
2 0 0 100 6
0
3 0 0 100 6
0
4 0 0 100 6
0
5 0 0 100 6
0
6 0 0 100 6
0
7 0 0 100 6
0
8 0 0 100 6
0
9 0 0 100 6
0
10 0 0 100 6
0
11 0 0 100 6
0
12 0 0 100 6
0
13 0 0 100 6
0
14 0 0 100 6
0
15 0 0 100 6
0
16 0 0 100 6
0
17 0 0 100 6
0
18 0 0 100 6
0
19 0 0 100 6
0
20 0 0 100 6
0
21 0 0 100 6
0
22 0 0 100 6
0
23 0 0 100 6
0
24 0 0 100 6
0
25 0 0 100 6
0
26 0 0 100 6
0
27 0 0 100 6
0
28 0 0 100 6
0
29 0 0 100 6
0
30 0 0 100 6
0
31 0 0 100 6
0
32 0 0 100 6
0
33 0 0 100 6
0
34 0 0 100 6
0
35 0 0 100 6
0
36 0 0 100 6
0
37 0 0 100 6
0
38 0 0 100 6
0
39 0 0 100 6
0
40 0 0 100 6
0
41 0 0 100 6
0
42 0 0 100 6
0
43 0 0 100 6
0
44 0 0 100 6
0
45 0 0 100 6
0
46 0 0 100 6
0
47 0 0 100 6
0
48 0 0 100 6
0
49 0 0 100 6
0
50 0 0 100 6
0
51 0 0 100 6
0
52 0 0 100 6
0
53 0 0 100 6
0
54 0 0 100 6
0
55 0 0 100 6
0
56 0 0 100 6
0
57 0 0 100 6
0
58 0 0 100 6
0
59 0 0 100 6
0
60 0 0 100 6
0
61 0 0 100 6
0
62 0 0 100 6
0
63 0 0 100 6
0
64 0 0 100 6
0
65 0 0 100 6
0
66 0 0 100 6
0
67 0 0 100 6
0
68 0 0 100 6
0
69 0 0 100 6
0
70 0 0 100 6
0
71 0 0 100 6
0
1000
1 0 -1
2 45 29 46 30 433 864 436 867
2 0 -1
5 96 1 99 3 436 867 441 872
3 0 -1
7 55 54 58 54 438 869 442 873
4 0 -1
8 19 54 24 56 439 870 448 879
5 0 -1
9 84 58 84 58 440 871 446 877
6 0 -1
10 49 98 52 98 441 872 445 876
7 0 -1
11 4 77 5 82 442 873 448 879
8 0 -1
12 13 85 14 86 443 874 445 876
9 0 -1
13 5 60 6 61 444 875 446 877
10 0 -1
14 87 65 87 65 445 876 448 879
11 0 -1
15 80 33 83 36 446 877 452 883
12 0 -1
17 16 61 16 64 448 879 452 883
13 0 -1
18 44 46 44 46 449 880 455 886
14 0 -1
19 51 29 51 30 450 881 451 882
15 0 -1
20 27 12 27 13 451 882 453 884
16 0 -1
21 74 69 76 69 452 883 454 885
17 0 -1
22 46 65 49 66 453 884 457 888
18 0 -1
24 12 1 14 1 455 886 457 888
19 0 -1
29 15 97 19 97 460 891 466 897
20 0 -1
30 34 22 35 22 461 892 463 894
21 0 -1
31 31 45 33 45 462 893 464 895
22 0 -1
33 76 92 78 95 464 895 470 901
23 0 -1
35 16 47 16 48 466 897 467 898
24 0 -1
36 74 59 76 59 467 898 469 900
25 0 -1
39 59 83 59 84 470 901 471 902
26 0 -1
40 28 82 29 82 471 902 472 903
27 0 -1
41 81 7 81 8 472 903 474 905
28 0 -1
42 70 25 71 25 473 904 474 905
29 0 -1
43 43 50 44 50 474 905 475 906
30 0 -1
45 55 45 55 46 476 907 478 909
31 0 -1
49 81 68 82 70 480 911 483 914
32 0 -1
52 1 85 6 87 483 914 490 921
33 0 -1
53 94 68 96 70 484 915 489 920
34 0 -1
54 91 83 91 84 485 916 486 917
35 0 -1
56 44 65 45 80 487 918 504 935
36 0 -1
57 10 8 12 8 488 919 490 921
37 0 -1
59 15 99 16 99 490 921 491 922
38 0 -1
61 41 76 43 76 492 923 494 925
39 0 -1
62 7 44 12 45 493 924 501 932
40 0 -1
64 91 10 76 10 495 926 514 945
41 0 -1
69 74 35 74 37 500 931 502 933
42 0 -1
71 49 58 52 62 502 933 510 941
43 0 -1
73 63 79 65 80 504 935 509 940
44 0 -1
76 9 47 11 48 507 938 510 941
45 0 -1
78 75 78 75 78 509 940 511 942
46 0 -1
80 78 9 80 10 511 942 514 945
47 0 -1
81 3 15 3 17 512 943 514 945
48 0 -1
82 35 69 38 70 513 944 519 950
49 0 -1
83 13 53 17 54 514 945 519 950
50 0 -1
84 94 45 94 46 515 946 516 947
51 0 -1
86 13 55 18 60 517 948 527 958
52 0 -1
87 38 33 38 34 518 949 519 950
53 0 -1
90 92 47 93 47 521 952 522 953
54 0 -1
91 85 62 85 63 522 953 526 957
55 0 -1
92 99 45 99 45 523 954 524 955
56 0 -1
93 54 26 54 28 524 955 527 958
57 0 -1
94 65 45 66 49 525 956 531 962
58 0 -1
96 49 7 49 9 527 958 529 960
59 0 -1
103 81 4 84 4 534 965 537 968
60 0 -1
105 66 35 67 35 536 967 538 969
61 0 -1
106 27 91 29 97 537 968 547 978
62 0 -1
107 2 51 2 52 538 969 541 972
63 0 -1
108 14 47 22 47 539 970 547 978
64 0 -1
110 70 89 70 93 541 972 549 980
65 0 -1
111 84 27 85 27 542 973 543 974
66 0 -1
114 36 69 42 69 545 976 551 982
67 0 -1
115 61 9 63 11 546 977 551 982
68 0 -1
116 35 38 45 40 547 978 559 990
69 0 -1
119 9 30 12 30 550 981 553 984
70 0 -1
120 74 65 75 65 551 982 552 983
71 0 -1
122 61 59 61 61 553 984 557 988
72 0 -1
123 45 11 47 12 554 985 557 988
73 0 -1
124 31 85 33 87 555 986 559 990
74 0 -1
127 44 19 44 19 558 989 559 990
75 0 -1
128 2 43 19 43 559 990 578 1009
76 0 -1
130 49 1 50 1 561 992 562 993
77 0 -1
132 7 24 18 26 563 994 578 1009
78 0 -1
134 78 6 78 6 565 996 566 997
79 0 -1
135 61 62 63 66 566 997 577 1008
80 0 -1
136 59 36 61 36 567 998 569 1000
81 0 -1
139 49 77 50 77 570 1001 571 1002
82 0 -1
140 59 98 62 99 571 1002 575 1006
83 0 -1
141 47 25 51 26 572 1003 577 1008
84 0 -1
144 58 21 60 21 575 1006 580 1011
85 0 -1
145 31 46 32 46 576 1007 578 1009
86 0 -1
146 61 21 61 21 577 1008 578 1009
87 0 -1
147 85 50 85 50 578 1009 579 1010
88 0 -1
148 44 30 45 30 579 1010 580 1011
89 0 -1
149 72 96 74 96 580 1011 582 1013
90 0 -1
150 26 49 26 52 581 1012 587 1018
91 0 -1
153 20 92 20 93 584 1015 585 1016
92 0 -1
154 52 38 52 41 585 1016 589 1020
93 0 -1
155 56 72 57 75 586 1017 590 1021
94 0 -1
156 2 38 4 39 587 1018 592 1023
95 0 -1
157 82 46 83 48 588 1019 593 1024
96 0 -1
160 91 84 91 84 591 1022 597 1028
97 0 -1
162 69 74 69 74 593 1024 594 1025
98 0 -1
163 39 15 39 16 594 1025 595 1026
99 0 -1
166 68 5 70 5 597 1028 599 1030
100 0 -1
167 3 41 5 42 598 1029 603 1034
101 0 -1
168 45 79 46 79 599 1030 601 1032
102 0 -1
169 58 92 63 92 600 1031 605 1036
103 0 -1
170 84 99 89 99 601 1032 606 1037
104 0 -1
172 8 55 11 57 603 1034 608 1039
105 0 -1
173 84 66 89 66 604 1035 609 1040
106 0 -1
174 39 6 40 6 605 1036 607 1038
107 0 -1
179 14 23 15 23 610 1041 611 1042
108 0 -1
183 47 13 50 13 614 1045 619 1050
109 0 -1
184 58 7 58 8 615 1046 617 1048
110 0 -1
185 4 6 4 6 616 1047 618 1049
111 0 -1
186 79 63 87 64 617 1048 626 1057
112 0 -1
187 90 21 92 25 618 1049 624 1055
113 0 -1
189 75 86 76 86 620 1051 625 1056
114 0 -1
190 95 76 96 77 621 1052 626 1057
115 0 -1
193 73 77 74 77 624 1055 625 1056
116 0 -1
196 98 10 98 12 627 1058 629 1060
117 0 -1
197 17 26 17 27 628 1059 629 1060
118 0 -1
198 42 69 60 69 629 1060 647 1078
119 0 -1
199 54 38 54 38 630 1061 631 1062
120 0 -1
200 96 79 96 80 631 1062 633 1064
121 0 -1
201 99 98 99 99 632 1063 633 1064
122 0 -1
204 3 87 3 88 635 1066 636 1067
123 0 -1
208 2 81 2 82 639 1070 640 1071
124 0 -1
209 72 19 73 19 640 1071 641 1072
125 0 -1
211 77 4 79 4 642 1073 645 1076
126 0 -1
212 77 26 79 26 643 1074 645 1076
127 0 -1
213 25 27 26 27 644 1075 652 1083
128 0 -1
214 6 8 9 10 645 1076 650 1081
129 0 -1
218 22 87 24 92 649 1080 656 1087
130 0 -1
219 91 85 93 85 650 1081 652 1083
131 0 -1
224 90 58 92 59 655 1086 658 1089
132 0 -1
225 54 93 54 93 656 1087 658 1089
133 0 -1
229 70 28 76 28 660 1091 666 1097
134 0 -1
230 13 31 14 31 661 1092 662 1093
135 0 -1
231 83 12 83 12 662 1093 665 1096
136 0 -1
236 74 63 75 63 667 1098 669 1100
137 0 -1
237 37 8 38 8 668 1099 670 1101
138 0 -1
240 72 38 80 40 671 1102 682 1113
139 0 -1
242 63 34 65 34 673 1104 675 1106
140 0 -1
244 76 51 79 52 675 1106 680 1111
141 0 -1
245 68 84 69 89 676 1107 682 1113
142 0 -1
246 72 13 74 14 677 1108 680 1111
143 0 -1
247 71 14 73 14 678 1109 681 1112
144 0 -1
248 70 46 72 46 679 1110 682 1113
145 0 -1
250 33 54 34 54 681 1112 683 1114
146 0 -1
251 66 75 67 75 682 1113 685 1116
147 0 -1
253 44 55 44 56 684 1115 685 1116
148 0 -1
255 71 14 71 16 686 1117 688 1119
149 0 -1
256 66 2 67 5 687 1118 691 1122
150 0 -1
257 12 33 16 33 688 1119 692 1123
151 0 -1
258 41 41 42 41 689 1120 690 1121
152 0 -1
260 40 11 41 11 691 1122 693 1124
153 0 -1
261 3 83 5 88 692 1123 704 1135
154 0 -1
266 40 10 42 10 697 1128 701 1132
155 0 -1
267 7 11 7 13 698 1129 701 1132
156 0 -1
268 63 73 65 73 699 1130 701 1132
157 0 -1
269 55 9 55 10 700 1131 701 1132
158 0 -1
271 44 21 49 22 702 1133 708 1139
159 0 -1
272 95 3 96 3 703 1134 704 1135
160 0 -1
274 5 94 8 86 705 1136 718 1149
161 0 -1
277 34 91 36 91 708 1139 710 1141
162 0 -1
278 1 70 1 72 709 1140 715 1146
163 0 -1
279 12 10 13 13 710 1141 714 1145
164 0 -1
280 52 15 55 15 711 1142 714 1145
165 0 -1
283 75 32 75 33 714 1145 715 1146
166 0 -1
285 72 44 74 44 716 1147 719 1150
167 0 -1
286 7 34 9 34 717 1148 720 1151
168 0 -1
289 30 68 32 69 720 1151 723 1154
169 0 -1
293 91 8 92 9 724 1155 728 1159
170 0 -1
294 25 14 28 15 725 1156 729 1160
171 0 -1
295 91 64 93 64 726 1157 728 1159
172 0 -1
296 35 50 37 52 727 1158 731 1162
173 0 -1
303 9 41 12 41 734 1165 743 1174
174 0 -1
305 84 67 88 68 736 1167 741 1172
175 0 -1
306 44 52 44 53 737 1168 738 1169
176 0 -1
307 97 52 97 53 738 1169 740 1171
177 0 -1
310 76 34 80 34 741 1172 745 1176
178 0 -1
311 58 82 60 84 742 1173 746 1177
179 0 -1
312 59 25 67 26 743 1174 752 1183
180 0 -1
313 27 14 27 14 744 1175 745 1176
181 0 -1
315 90 47 92 47 746 1177 748 1179
182 0 -1
320 91 89 82 91 751 1182 767 1198
183 0 -1
321 90 10 92 10 752 1183 755 1186
184 0 -1
323 14 27 22 31 754 1185 767 1198
185 0 -1
325 4 70 8 72 756 1187 764 1195
186 0 -1
326 34 12 34 13 757 1188 758 1189
187 0 -1
327 58 37 60 37 758 1189 761 1192
188 0 -1
328 81 70 81 71 759 1190 764 1195
189 0 -1
329 51 74 52 76 760 1191 763 1194
190 0 -1
330 12 18 17 18 761 1192 766 1197
191 0 -1
337 36 40 40 45 768 1199 781 1212
192 0 -1
340 26 18 26 19 771 1202 774 1205
193 0 -1
342 1 11 1 11 773 1204 774 1205
194 0 -1
343 69 7 72 7 774 1205 777 1208
195 0 -1
345 65 27 67 31 776 1207 788 1219
196 0 -1
349 41 67 41 68 780 1211 781 1212
197 0 -1
351 6 82 7 82 782 1213 783 1214
198 0 -1
354 87 3 92 3 785 1216 791 1222
199 0 -1
356 36 98 36 99 787 1218 788 1219
200 0 -1
357 22 90 22 90 788 1219 792 1223
201 0 -1
358 9 54 10 56 789 1220 796 1227
202 0 -1
359 8 57 9 57 790 1221 793 1224
203 0 -1
360 42 53 42 53 791 1222 793 1224
204 0 -1
361 3 83 6 85 792 1223 798 1229
205 0 -1
363 89 61 90 61 794 1225 795 1226
206 0 -1
364 90 12 90 12 795 1226 796 1227
207 0 -1
365 96 44 97 45 796 1227 798 1229
208 0 -1
367 16 32 22 32 798 1229 804 1235
209 0 -1
371 16 7 17 7 802 1233 803 1234
210 0 -1
372 21 98 26 98 803 1234 811 1242
211 0 -1
373 21 3 24 3 804 1235 807 1238
212 0 -1
374 58 6 59 6 805 1236 806 1237
213 0 -1
375 12 67 12 67 806 1237 807 1238
214 0 -1
377 6 15 7 15 808 1239 809 1240
215 0 -1
379 26 91 27 91 810 1241 811 1242
216 0 -1
380 42 40 43 40 811 1242 812 1243
217 0 -1
381 95 39 98 41 812 1243 817 1248
218 0 -1
382 95 64 95 66 813 1244 815 1246
219 0 -1
383 27 31 27 32 814 1245 815 1246
220 0 -1
388 50 16 50 17 819 1250 820 1251
221 0 -1
391 58 21 59 22 822 1253 824 1255
222 0 -1
392 83 29 85 29 823 1254 825 1256
223 0 -1
394 20 89 21 89 825 1256 828 1259
224 0 -1
396 0 97 2 100 827 1258 832 1263
225 0 -1
397 69 92 69 93 828 1259 829 1260
226 0 -1
400 51 46 53 46 831 1262 833 1264
227 0 -1
401 37 10 37 12 832 1263 834 1265
228 0 -1
403 19 1 24 1 834 1265 839 1270
229 0 -1
404 9 1 9 1 835 1266 837 1268
230 0 -1
407 5 17 6 17 838 1269 839 1270
231 0 -1
408 29 96 32 96 839 1270 842 1273
232 0 -1
411 69 87 70 87 842 1273 844 1275
233 0 -1
412 13 22 13 22 843 1274 844 1275
234 0 -1
414 76 6 76 6 845 1276 846 1277
235 0 -1
418 61 23 62 23 849 1280 850 1281
236 0 -1
420 34 27 35 27 851 1282 852 1283
237 0 -1
421 64 40 64 41 852 1283 854 1285
238 0 -1
423 34 86 35 86 854 1285 855 1286
239 0 -1
426 14 57 17 58 857 1288 862 1293
240 0 -1
428 78 28 78 29 859 1290 861 1292
241 0 -1
433 37 75 38 75 864 1295 866 1297
242 0 -1
437 78 27 78 28 868 1299 869 1300
243 0 -1
439 93 95 94 95 870 1301 872 1303
244 0 -1
441 67 86 74 86 872 1303 880 1311
245 0 -1
446 52 45 54 46 877 1308 881 1312
246 0 -1
448 49 41 49 41 879 1310 882 1313
247 0 -1
450 5 14 9 18 881 1312 889 1320
248 0 -1
452 58 34 61 34 883 1314 886 1317
249 0 -1
455 82 12 83 13 886 1317 889 1320
250 0 -1
460 46 75 46 76 891 1322 897 1328
251 0 -1
461 81 86 82 86 892 1323 894 1325
252 0 -1
462 37 61 39 61 893 1324 896 1327
253 0 -1
464 8 24 8 24 895 1326 897 1328
254 0 -1
469 0 66 0 67 900 1331 902 1333
255 0 -1
471 38 23 45 27 902 1333 913 1344
256 0 -1
475 12 9 12 10 906 1337 908 1339
257 0 -1
478 29 29 32 30 909 1340 913 1344
258 0 -1
479 66 34 67 35 910 1341 912 1343
259 0 -1
480 37 8 37 10 911 1342 919 1350
260 0 -1
481 23 41 25 41 912 1343 918 1349
261 0 -1
482 41 47 41 48 913 1344 914 1345
262 0 -1
484 26 72 29 73 915 1346 919 1350
263 0 -1
486 56 3 56 3 917 1348 920 1351
264 0 -1
488 82 81 82 83 919 1350 922 1353
265 0 -1
489 79 71 85 76 920 1351 933 1364
266 0 -1
491 98 27 96 27 922 1353 924 1355
267 0 -1
493 58 94 59 94 924 1355 925 1356
268 0 -1
496 61 3 61 4 927 1358 928 1359
269 0 -1
501 46 76 48 76 932 1363 934 1365
270 0 -1
502 70 68 71 71 933 1364 937 1368
271 0 -1
505 20 28 20 28 936 1367 938 1369
272 0 -1
506 85 91 90 91 937 1368 942 1373
273 0 -1
507 39 35 43 35 938 1369 942 1373
274 0 -1
509 32 24 33 24 940 1371 941 1372
275 0 -1
511 56 79 57 80 942 1373 944 1375
276 0 -1
512 65 45 66 45 943 1374 944 1375
277 0 -1
515 33 72 34 72 946 1377 949 1380
278 0 -1
516 80 71 86 77 947 1378 960 1391
279 0 -1
517 66 62 66 62 948 1379 952 1383
280 0 -1
518 71 24 73 24 949 1380 951 1382
281 0 -1
520 58 4 59 4 951 1382 952 1383
282 0 -1
522 87 44 95 45 953 1384 962 1393
283 0 -1
523 51 26 52 26 954 1385 955 1386
284 0 -1
525 78 24 79 24 956 1387 958 1389
285 0 -1
526 36 93 37 93 957 1388 959 1390
286 0 -1
528 7 27 8 31 959 1390 964 1395
287 0 -1
530 18 92 20 92 961 1392 965 1396
288 0 -1
533 95 2 97 2 964 1395 966 1397
289 0 -1
535 92 75 95 75 966 1397 969 1400
290 0 -1
536 76 52 78 52 967 1398 969 1400
291 0 -1
537 33 37 34 37 968 1399 969 1400
292 0 -1
538 90 91 93 91 969 1400 972 1403
293 0 -1
540 17 35 21 35 971 1402 975 1406
294 0 -1
541 75 49 77 50 972 1403 975 1406
295 0 -1
542 97 76 97 79 973 1404 981 1412
296 0 -1
543 46 41 48 41 974 1405 976 1407
297 0 -1
546 28 10 29 11 977 1408 979 1410
298 0 -1
547 75 37 77 37 978 1409 980 1411
299 0 -1
550 1 84 1 84 981 1412 982 1413
300 0 -1
552 67 62 69 62 983 1414 986 1417
301 0 -1
553 97 82 98 83 984 1415 986 1417
302 0 -1
555 30 32 31 34 986 1417 991 1422
303 0 -1
556 58 17 58 18 987 1418 989 1420
304 0 -1
558 35 75 36 75 989 1420 990 1421
305 0 -1
559 51 36 55 36 990 1421 995 1426
306 0 -1
560 65 28 66 28 991 1422 993 1424
307 0 -1
562 18 33 18 33 993 1424 994 1425
308 0 -1
565 97 70 97 71 996 1427 1000 1431
309 0 -1
566 67 56 70 57 997 1428 1001 1432
310 0 -1
567 5 77 5 78 998 1429 999 1430
311 0 -1
570 41 26 44 26 1001 1432 1005 1436
312 0 -1
572 98 64 98 67 1003 1434 1006 1437
313 0 -1
573 95 51 95 53 1004 1435 1007 1438
314 0 -1
575 58 97 59 98 1006 1437 1008 1439
315 0 -1
577 91 89 92 89 1008 1439 1009 1440
316 0 -1
578 47 13 48 13 1009 1440 1011 1442
317 0 -1
579 99 54 98 55 1010 1441 1015 1446
318 0 -1
580 25 94 25 94 1011 1442 1012 1443
319 0 -1
585 27 38 29 38 1016 1447 1019 1450
320 0 -1
588 22 49 24 52 1019 1450 1024 1455
321 0 -1
589 45 91 48 96 1020 1451 1035 1466
322 0 -1
592 46 4 47 4 1023 1454 1024 1455
323 0 -1
594 56 54 58 54 1025 1456 1027 1458
324 0 -1
595 38 26 44 32 1026 1457 1041 1472
325 0 -1
596 51 26 53 27 1027 1458 1031 1462
326 0 -1
597 73 48 77 48 1028 1459 1036 1467
327 0 -1
599 38 14 39 20 1030 1461 1038 1469
328 0 -1
600 8 97 9 97 1031 1462 1034 1465
329 0 -1
601 66 52 68 52 1032 1463 1034 1465
330 0 -1
603 63 87 65 87 1034 1465 1036 1467
331 0 -1
608 37 61 38 63 1039 1470 1042 1473
332 0 -1
609 72 3 73 3 1040 1471 1041 1472
333 0 -1
610 2 61 4 63 1041 1472 1046 1477
334 0 -1
611 12 48 12 51 1042 1473 1046 1477
335 0 -1
613 43 13 47 14 1044 1475 1052 1483
336 0 -1
614 67 66 72 66 1045 1476 1051 1482
337 0 -1
615 85 12 86 12 1046 1477 1047 1478
338 0 -1
616 15 10 16 10 1047 1478 1049 1480
339 0 -1
619 90 44 94 44 1050 1481 1055 1486
340 0 -1
620 5 82 5 84 1051 1482 1053 1484
341 0 -1
621 99 57 98 61 1052 1483 1057 1488
342 0 -1
622 96 61 96 63 1053 1484 1056 1487
343 0 -1
623 35 8 37 8 1054 1485 1056 1487
344 0 -1
624 69 7 69 7 1055 1486 1056 1487
345 0 -1
625 82 68 84 68 1056 1487 1058 1489
346 0 -1
628 74 60 74 60 1059 1490 1060 1491
347 0 -1
629 57 41 62 41 1060 1491 1065 1496
348 0 -1
630 57 49 57 49 1061 1492 1062 1493
349 0 -1
634 88 97 88 97 1065 1496 1066 1497
350 0 -1
635 9 56 9 57 1066 1497 1068 1499
351 0 -1
636 60 62 62 62 1067 1498 1069 1500
352 0 -1
637 30 83 32 83 1068 1499 1070 1501
353 0 -1
639 11 6 11 6 1070 1501 1071 1502
354 0 -1
640 89 46 91 46 1071 1502 1073 1504
355 0 -1
641 24 68 24 69 1072 1503 1074 1505
356 0 -1
643 75 34 80 35 1074 1505 1080 1511
357 0 -1
645 58 10 59 11 1076 1507 1078 1509
358 0 -1
646 34 26 35 27 1077 1508 1079 1510
359 0 -1
648 8 5 9 5 1079 1510 1080 1511
360 0 -1
649 27 21 31 22 1080 1511 1090 1521
361 0 -1
650 47 77 47 77 1081 1512 1082 1513
362 0 -1
651 13 16 17 16 1082 1513 1086 1517
363 0 -1
652 14 94 17 82 1083 1514 1098 1529
364 0 -1
653 92 51 92 51 1084 1515 1085 1516
365 0 -1
656 69 39 69 39 1087 1518 1088 1519
366 0 -1
662 54 24 54 25 1093 1524 1095 1526
367 0 -1
663 27 55 27 58 1094 1525 1102 1533
368 0 -1
664 85 93 86 93 1095 1526 1097 1528
369 0 -1
665 52 6 52 6 1096 1527 1097 1528
370 0 -1
666 56 93 58 93 1097 1528 1099 1530
371 0 -1
667 13 28 14 30 1098 1529 1101 1532
372 0 -1
669 37 4 38 4 1100 1531 1101 1532
373 0 -1
672 7 51 10 51 1103 1534 1107 1538
374 0 -1
673 74 79 74 79 1104 1535 1106 1537
375 0 -1
674 81 64 85 64 1105 1536 1109 1540
376 0 -1
675 73 37 76 38 1106 1537 1111 1542
377 0 -1
678 36 25 39 26 1109 1540 1113 1544
378 0 -1
679 2 36 4 36 1110 1541 1113 1544
379 0 -1
680 30 60 32 63 1111 1542 1117 1548
380 0 -1
681 99 2 97 2 1112 1543 1114 1545
381 0 -1
682 29 23 31 23 1113 1544 1115 1546
382 0 -1
684 42 8 42 9 1115 1546 1117 1548
383 0 -1
685 98 59 93 59 1116 1547 1121 1552
384 0 -1
687 41 68 42 68 1118 1549 1123 1554
385 0 -1
688 80 12 80 12 1119 1550 1121 1552
386 0 -1
689 9 36 10 36 1120 1551 1122 1553
387 0 -1
690 32 47 34 47 1121 1552 1123 1554
388 0 -1
691 62 37 64 37 1122 1553 1124 1555
389 0 -1
692 22 94 22 96 1123 1554 1125 1556
390 0 -1
694 18 13 19 13 1125 1556 1128 1559
391 0 -1
696 72 33 72 35 1127 1558 1129 1560
392 0 -1
698 53 41 57 42 1129 1560 1134 1565
393 0 -1
700 78 63 79 63 1131 1562 1132 1563
394 0 -1
701 40 85 41 85 1132 1563 1133 1564
395 0 -1
702 35 3 36 4 1133 1564 1140 1571
396 0 -1
703 99 88 97 88 1134 1565 1136 1567
397 0 -1
704 12 25 14 25 1135 1566 1137 1568
398 0 -1
705 84 4 88 4 1136 1567 1140 1571
399 0 -1
706 69 6 70 7 1137 1568 1139 1570
400 0 -1
707 83 11 86 12 1138 1569 1142 1573
401 0 -1
708 71 63 75 65 1139 1570 1146 1577
402 0 -1
710 88 29 89 31 1141 1572 1144 1575
403 0 -1
712 36 61 37 61 1143 1574 1144 1575
404 0 -1
714 1 44 2 44 1145 1576 1146 1577
405 0 -1
716 97 25 97 25 1147 1578 1148 1579
406 0 -1
718 80 56 85 56 1149 1580 1157 1588
407 0 -1
719 78 23 79 23 1150 1581 1151 1582
408 0 -1
720 29 21 31 21 1151 1582 1153 1584
409 0 -1
722 22 33 23 33 1153 1584 1155 1586
410 0 -1
724 29 40 29 41 1155 1586 1157 1588
411 0 -1
725 69 5 73 7 1156 1587 1167 1598
412 0 -1
726 22 13 25 13 1157 1588 1161 1592
413 0 -1
727 21 72 23 73 1158 1589 1161 1592
414 0 -1
728 44 95 48 95 1159 1590 1164 1595
415 0 -1
729 16 2 16 2 1160 1591 1161 1592
416 0 -1
731 35 87 35 87 1162 1593 1163 1594
417 0 -1
733 38 84 38 86 1164 1595 1166 1597
418 0 -1
734 95 50 95 52 1165 1596 1167 1598
419 0 -1
735 79 19 82 19 1166 1597 1169 1600
420 0 -1
736 77 94 77 94 1167 1598 1169 1600
421 0 -1
737 99 72 96 72 1168 1599 1171 1602
422 0 -1
742 21 56 25 56 1173 1604 1178 1609
423 0 -1
744 73 96 73 97 1175 1606 1177 1608
424 0 -1
745 18 47 18 49 1176 1607 1181 1612
425 0 -1
748 94 42 94 43 1179 1610 1181 1612
426 0 -1
750 36 28 36 29 1181 1612 1182 1613
427 0 -1
751 58 22 59 22 1182 1613 1183 1614
428 0 -1
752 31 85 33 86 1183 1614 1186 1617
429 0 -1
753 4 52 4 52 1184 1615 1185 1616
430 0 -1
754 12 59 14 63 1185 1616 1191 1622
431 0 -1
755 13 6 13 6 1186 1617 1188 1619
432 0 -1
757 43 89 45 89 1188 1619 1190 1621
433 0 -1
758 70 1 75 1 1189 1620 1197 1628
434 0 -1
759 19 59 20 60 1190 1621 1192 1623
435 0 -1
760 84 35 84 35 1191 1622 1192 1623
436 0 -1
766 54 93 54 94 1197 1628 1199 1630
437 0 -1
767 20 32 22 32 1198 1629 1200 1631
438 0 -1
768 34 58 36 59 1199 1630 1202 1633
439 0 -1
771 81 17 82 17 1202 1633 1203 1634
440 0 -1
772 73 62 75 62 1203 1634 1205 1636
441 0 -1
773 29 92 30 92 1204 1635 1207 1638
442 0 -1
775 2 57 5 57 1206 1637 1211 1642
443 0 -1
777 6 11 6 12 1208 1639 1210 1641
444 0 -1
778 6 28 7 28 1209 1640 1211 1642
445 0 -1
779 19 55 22 55 1210 1641 1213 1644
446 0 -1
781 50 25 50 25 1212 1643 1213 1644
447 0 -1
782 21 14 21 18 1213 1644 1217 1648
448 0 -1
784 91 80 92 80 1215 1646 1217 1648
449 0 -1
787 62 84 63 84 1218 1649 1220 1651
450 0 -1
788 36 10 36 11 1219 1650 1220 1651
451 0 -1
789 84 45 87 46 1220 1651 1224 1655
452 0 -1
790 97 7 97 8 1221 1652 1223 1654
453 0 -1
791 36 19 40 20 1222 1653 1227 1658
454 0 -1
793 99 7 96 7 1224 1655 1227 1658
455 0 -1
794 48 40 52 40 1225 1656 1229 1660
456 0 -1
795 72 62 73 63 1226 1657 1228 1659
457 0 -1
796 87 47 87 47 1227 1658 1231 1662
458 0 -1
797 40 94 40 94 1228 1659 1229 1660
459 0 -1
798 94 7 94 7 1229 1660 1232 1663
460 0 -1
799 63 17 64 17 1230 1661 1232 1663
461 0 -1
800 27 52 28 55 1231 1662 1236 1667
462 0 -1
802 17 88 20 89 1233 1664 1237 1668
463 0 -1
803 82 71 82 71 1234 1665 1236 1667
464 0 -1
805 84 84 86 87 1236 1667 1241 1672
465 0 -1
806 73 42 73 45 1237 1668 1246 1677
466 0 -1
807 37 17 38 17 1238 1669 1240 1671
467 0 -1
810 79 68 80 68 1241 1672 1242 1673
468 0 -1
813 35 59 35 59 1244 1675 1245 1676
469 0 -1
818 36 49 37 50 1249 1680 1251 1682
470 0 -1
820 6 93 8 93 1251 1682 1254 1685
471 0 -1
824 1 43 3 43 1255 1686 1257 1688
472 0 -1
825 69 33 70 33 1256 1687 1259 1690
473 0 -1
827 96 38 96 38 1258 1689 1259 1690
474 0 -1
828 47 90 56 91 1259 1690 1269 1700
475 0 -1
830 51 29 54 29 1261 1692 1264 1695
476 0 -1
831 40 69 40 70 1262 1693 1263 1694
477 0 -1
833 34 80 36 80 1264 1695 1266 1697
478 0 -1
834 67 77 67 77 1265 1696 1267 1698
479 0 -1
835 13 87 14 94 1266 1697 1276 1707
480 0 -1
839 58 34 59 34 1270 1701 1272 1703
481 0 -1
841 77 0 80 1 1272 1703 1276 1707
482 0 -1
842 28 44 28 46 1273 1704 1275 1706
483 0 -1
844 43 22 46 22 1275 1706 1280 1711
484 0 -1
845 47 89 49 89 1276 1707 1278 1709
485 0 -1
846 80 47 85 47 1277 1708 1283 1714
486 0 -1
847 96 96 97 96 1278 1709 1279 1710
487 0 -1
850 79 42 80 44 1281 1712 1284 1715
488 0 -1
851 58 37 60 39 1282 1713 1286 1717
489 0 -1
854 44 3 44 3 1285 1716 1286 1717
490 0 -1
856 83 84 86 84 1287 1718 1290 1721
491 0 -1
859 52 51 57 51 1290 1721 1295 1726
492 0 -1
860 31 92 31 93 1291 1722 1292 1723
493 0 -1
861 84 39 85 39 1292 1723 1294 1725
494 0 -1
864 36 8 36 8 1295 1726 1298 1729
495 0 -1
867 94 24 95 24 1298 1729 1299 1730
496 0 -1
868 44 68 45 69 1299 1730 1301 1732
497 0 -1
871 71 55 79 59 1302 1733 1318 1749
498 0 -1
873 13 53 14 54 1304 1735 1306 1737
499 0 -1
874 23 48 25 50 1305 1736 1310 1741
500 0 -1
875 23 73 25 74 1306 1737 1309 1740
501 0 -1
877 55 17 57 17 1308 1739 1311 1742
502 0 -1
878 2 58 3 58 1309 1740 1311 1742
503 0 -1
879 31 22 33 22 1310 1741 1312 1743
504 0 -1
880 44 88 46 88 1311 1742 1315 1746
505 0 -1
881 26 91 27 96 1312 1743 1318 1749
506 0 -1
882 81 70 82 70 1313 1744 1315 1746
507 0 -1
885 46 42 46 42 1316 1747 1317 1748
508 0 -1
887 26 77 27 77 1318 1749 1321 1752
509 0 -1
889 38 91 40 91 1320 1751 1323 1754
510 0 -1
891 35 4 36 4 1322 1753 1324 1755
511 0 -1
893 8 70 8 72 1324 1755 1326 1757
512 0 -1
894 89 49 90 50 1325 1756 1328 1759
513 0 -1
895 63 98 63 100 1326 1757 1329 1760
514 0 -1
896 94 8 95 8 1327 1758 1329 1760
515 0 -1
897 93 35 94 35 1328 1759 1329 1760
516 0 -1
898 84 24 84 25 1329 1760 1331 1762
517 0 -1
899 84 7 85 7 1330 1761 1332 1763
518 0 -1
900 53 10 57 11 1331 1762 1337 1768
519 0 -1
901 77 69 77 69 1332 1763 1334 1765
520 0 -1
902 19 28 20 28 1333 1764 1334 1765
521 0 -1
905 40 74 40 74 1336 1767 1337 1768
522 0 -1
910 37 20 37 20 1341 1772 1342 1773
523 0 -1
912 11 67 19 69 1343 1774 1353 1784
524 0 -1
914 90 10 94 10 1345 1776 1352 1783
525 0 -1
917 51 96 51 97 1348 1779 1352 1783
526 0 -1
919 35 69 35 70 1350 1781 1352 1783
527 0 -1
920 57 62 59 62 1351 1782 1354 1785
528 0 -1
921 95 38 95 39 1352 1783 1353 1784
529 0 -1
923 84 30 85 30 1354 1785 1355 1786
530 0 -1
925 81 38 83 38 1356 1787 1359 1790
531 0 -1
926 29 47 31 51 1357 1788 1366 1797
532 0 -1
927 97 4 94 4 1358 1789 1361 1792
533 0 -1
928 25 64 25 64 1359 1790 1363 1794
534 0 -1
929 89 82 89 82 1360 1791 1361 1792
535 0 -1
931 4 42 6 42 1362 1793 1364 1795
536 0 -1
933 92 13 93 17 1364 1795 1371 1802
537 0 -1
935 13 40 15 40 1366 1797 1368 1799
538 0 -1
936 5 45 6 45 1367 1798 1368 1799
539 0 -1
937 63 33 65 34 1368 1799 1372 1803
540 0 -1
938 91 60 95 60 1369 1800 1373 1804
541 0 -1
940 15 72 15 72 1371 1802 1373 1804
542 0 -1
942 60 5 61 5 1373 1804 1374 1805
543 0 -1
943 88 52 89 52 1374 1805 1381 1812
544 0 -1
944 28 88 28 89 1375 1806 1376 1807
545 0 -1
945 65 41 68 41 1376 1807 1379 1810
546 0 -1
947 31 41 34 45 1378 1809 1391 1822
547 0 -1
948 30 68 30 71 1379 1810 1382 1813
548 0 -1
950 90 4 92 4 1381 1812 1383 1814
549 0 -1
951 21 62 23 62 1382 1813 1384 1815
550 0 -1
954 89 46 91 46 1385 1816 1387 1818
551 0 -1
955 11 51 12 51 1386 1817 1387 1818
552 0 -1
957 43 26 43 28 1388 1819 1391 1822
553 0 -1
958 33 77 33 78 1389 1820 1390 1821
554 0 -1
963 66 66 66 67 1394 1825 1397 1828
555 0 -1
964 29 19 31 19 1395 1826 1397 1828
556 0 -1
966 17 40 18 41 1397 1828 1399 1830
557 0 -1
969 0 73 1 73 1400 1831 1402 1833
558 0 -1
972 38 13 41 16 1403 1834 1409 1840
559 0 -1
973 64 17 65 19 1404 1835 1408 1839
560 0 -1
974 76 73 81 75 1405 1836 1415 1846
561 0 -1
976 26 86 29 88 1407 1838 1412 1843
562 0 -1
979 52 64 54 64 1410 1841 1414 1845
563 0 -1
981 49 86 50 86 1412 1843 1413 1844
564 0 -1
983 59 97 59 100 1414 1845 1417 1848
565 0 -1
984 91 42 92 42 1415 1846 1421 1852
566 0 -1
987 46 27 46 29 1418 1849 1422 1853
567 0 -1
989 16 36 18 37 1420 1851 1423 1854
568 0 -1
990 16 48 16 48 1421 1852 1425 1856
569 0 -1
992 12 63 16 63 1423 1854 1427 1858
570 0 -1
993 62 65 62 66 1424 1855 1426 1857
571 0 -1
994 3 96 4 96 1425 1856 1429 1860
572 0 -1
996 29 93 29 94 1427 1858 1429 1860
573 0 -1
997 86 56 87 56 1428 1859 1430 1861
574 0 -1
998 87 62 88 62 1429 1860 1430 1861
575 0 -1
999 11 77 12 77 1430 1861 1432 1863
576 0 -1
1001 20 31 41 40 1432 1863 1481 1912
577 0 -1
1004 88 1 90 1 1435 1866 1437 1868
578 0 -1
1008 88 10 88 10 1439 1870 1440 1871
579 0 -1
1010 16 77 16 78 1441 1872 1443 1874
580 0 -1
1012 18 22 18 23 1443 1874 1444 1875
581 0 -1
1015 54 57 55 57 1446 1877 1447 1878
582 0 -1
1016 52 11 52 12 1447 1878 1448 1879
583 0 -1
1017 28 32 28 34 1448 1879 1451 1882
584 0 -1
1018 40 49 53 50 1449 1880 1463 1894
585 0 -1
1019 28 46 30 54 1450 1881 1460 1891
586 0 -1
1020 41 35 43 35 1451 1882 1454 1885
587 0 -1
1021 23 83 23 83 1452 1883 1453 1884
588 0 -1
1022 22 83 26 83 1453 1884 1467 1898
589 0 -1
1025 46 37 48 38 1456 1887 1461 1892
590 0 -1
1027 99 95 99 96 1458 1889 1459 1890
591 0 -1
1028 77 43 77 43 1459 1890 1460 1891
592 0 -1
1031 27 74 28 74 1462 1893 1471 1902
593 0 -1
1032 47 65 54 65 1463 1894 1470 1901
594 0 -1
1033 24 33 24 34 1464 1895 1468 1899
595 0 -1
1035 18 62 19 62 1466 1897 1468 1899
596 0 -1
1036 60 11 60 13 1467 1898 1469 1900
597 0 -1
1037 58 65 58 66 1468 1899 1469 1900
598 0 -1
1039 78 49 78 50 1470 1901 1471 1902
599 0 -1
1040 79 17 79 18 1471 1902 1472 1903
600 0 -1
1042 96 34 85 34 1473 1904 1484 1915
601 0 -1
1044 83 76 87 76 1475 1906 1479 1910
602 0 -1
1045 2 45 4 45 1476 1907 1479 1910
603 0 -1
1051 99 71 98 71 1482 1913 1483 1914
604 0 -1
1053 26 76 27 76 1484 1915 1485 1916
605 0 -1
1056 62 63 62 65 1487 1918 1489 1920
606 0 -1
1057 76 66 76 66 1488 1919 1490 1921
607 0 -1
1059 43 8 45 9 1490 1921 1494 1925
608 0 -1
1060 42 74 47 74 1491 1922 1496 1927
609 0 -1
1063 76 89 76 89 1494 1925 1497 1928
610 0 -1
1065 19 68 19 70 1496 1927 1499 1930
611 0 -1
1066 44 5 46 5 1497 1928 1499 1930
612 0 -1
1067 10 17 10 17 1498 1929 1499 1930
613 0 -1
1070 55 20 64 23 1501 1932 1513 1944
614 0 -1
1071 22 68 24 70 1502 1933 1507 1938
615 0 -1
1073 3 65 10 68 1504 1935 1519 1950
616 0 -1
1074 78 94 78 95 1505 1936 1506 1937
617 0 -1
1075 17 17 20 17 1506 1937 1509 1940
618 0 -1
1078 88 29 89 29 1509 1940 1513 1944
619 0 -1
1082 26 45 26 46 1513 1944 1514 1945
620 0 -1
1083 4 20 4 20 1514 1945 1516 1947
621 0 -1
1084 7 54 11 54 1515 1946 1521 1952
622 0 -1
1085 42 7 44 7 1516 1947 1519 1950
623 0 -1
1086 84 55 87 56 1517 1948 1521 1952
624 0 -1
1090 16 72 16 73 1521 1952 1522 1953
625 0 -1
1091 81 57 81 59 1522 1953 1526 1957
626 0 -1
1092 29 89 29 90 1523 1954 1524 1955
627 0 -1
1095 41 7 43 8 1526 1957 1529 1960
628 0 -1
1097 32 20 33 21 1528 1959 1531 1962
629 0 -1
1098 23 96 24 96 1529 1960 1533 1964
630 0 -1
1099 1 67 1 70 1530 1961 1535 1966
631 0 -1
1100 87 37 91 38 1531 1962 1536 1967
632 0 -1
1102 77 14 78 15 1533 1964 1536 1967
633 0 -1
1103 37 26 38 30 1534 1965 1541 1972
634 0 -1
1104 61 44 61 45 1535 1966 1536 1967
635 0 -1
1105 40 56 40 56 1536 1967 1537 1968
636 0 -1
1107 49 44 49 44 1538 1969 1548 1979
637 0 -1
1109 73 98 74 99 1540 1971 1543 1974
638 0 -1
1111 26 8 27 9 1542 1973 1544 1975
639 0 -1
1113 25 43 26 43 1544 1975 1545 1976
640 0 -1
1114 45 49 45 49 1545 1976 1546 1977
641 0 -1
1115 67 10 69 10 1546 1977 1549 1980
642 0 -1
1116 8 28 15 31 1547 1978 1558 1989
643 0 -1
1118 30 46 32 46 1549 1980 1551 1982
644 0 -1
1120 18 93 20 93 1551 1982 1553 1984
645 0 -1
1121 34 84 34 85 1552 1983 1553 1984
646 0 -1
1122 60 95 62 95 1553 1984 1556 1987
647 0 -1
1124 89 84 94 84 1555 1986 1562 1993
648 0 -1
1125 53 44 53 45 1556 1987 1558 1989
649 0 -1
1126 18 16 27 19 1557 1988 1569 2000
650 0 -1
1129 59 21 59 22 1560 1991 1561 1992
651 0 -1
1130 31 53 32 53 1561 1992 1562 1993
652 0 -1
1132 36 62 38 62 1563 1994 1565 1996
653 0 -1
1133 26 98 28 98 1564 1995 1567 1998
654 0 -1
1137 45 58 48 58 1568 1999 1572 2003
655 0 -1
1138 82 87 83 87 1569 2000 1570 2001
656 0 -1
1139 89 56 90 56 1570 2001 1571 2002
657 0 -1
1141 82 13 83 14 1572 2003 1574 2005
658 0 -1
1142 85 69 85 70 1573 2004 1576 2007
659 0 -1
1144 50 23 52 24 1575 2006 1578 2009
660 0 -1
1147 4 88 5 91 1578 2009 1582 2013
661 0 -1
1150 43 72 43 73 1581 2012 1582 2013
662 0 -1
1151 97 60 98 61 1582 2013 1584 2015
663 0 -1
1154 71 14 71 15 1585 2016 1586 2017
664 0 -1
1156 37 34 38 34 1587 2018 1589 2020
665 0 -1
1157 22 61 27 61 1588 2019 1593 2024
666 0 -1
1158 72 53 72 55 1589 2020 1593 2024
667 0 -1
1159 61 86 63 86 1590 2021 1592 2023
668 0 -1
1164 75 17 78 17 1595 2026 1598 2029
669 0 -1
1166 13 33 16 33 1597 2028 1600 2031
670 0 -1
1169 73 53 76 53 1600 2031 1603 2034
671 0 -1
1170 24 28 26 28 1601 2032 1604 2035
672 0 -1
1171 88 36 96 36 1602 2033 1611 2042
673 0 -1
1172 26 24 27 24 1603 2034 1604 2035
674 0 -1
1174 75 69 81 70 1605 2036 1612 2043
675 0 -1
1175 62 92 64 92 1606 2037 1609 2040
676 0 -1
1176 71 94 72 95 1607 2038 1609 2040
677 0 -1
1177 97 25 98 26 1608 2039 1610 2041
678 0 -1
1179 81 77 81 77 1610 2041 1611 2042
679 0 -1
1186 91 30 92 30 1617 2048 1619 2050
680 0 -1
1187 58 69 58 71 1618 2049 1620 2051
681 0 -1
1188 77 42 78 42 1619 2050 1620 2051
682 0 -1
1190 45 36 45 37 1621 2052 1622 2053
683 0 -1
1191 81 78 82 79 1622 2053 1624 2055
684 0 -1
1194 50 33 52 33 1625 2056 1627 2058
685 0 -1
1195 16 87 18 87 1626 2057 1629 2060
686 0 -1
1197 39 12 42 12 1628 2059 1631 2062
687 0 -1
1198 31 23 31 25 1629 2060 1633 2064
688 0 -1
1201 13 69 15 69 1632 2063 1637 2068
689 0 -1
1202 36 54 36 54 1633 2064 1634 2065
690 0 -1
1203 26 98 27 98 1634 2065 1635 2066
691 0 -1
1205 84 17 84 20 1636 2067 1639 2070
692 0 -1
1207 43 59 45 60 1638 2069 1642 2073
693 0 -1
1208 56 14 58 14 1639 2070 1641 2072
694 0 -1
1209 71 7 71 7 1640 2071 1641 2072
695 0 -1
1211 36 46 36 46 1642 2073 1646 2077
696 0 -1
1214 42 48 46 49 1645 2076 1651 2082
697 0 -1
1217 27 58 27 60 1648 2079 1650 2081
698 0 -1
1218 92 69 93 69 1649 2080 1650 2081
699 0 -1
1219 4 77 5 80 1650 2081 1657 2088
700 0 -1
1220 24 94 25 94 1651 2082 1652 2083
701 0 -1
1222 49 45 50 46 1653 2084 1656 2087
702 0 -1
1223 63 90 67 90 1654 2085 1658 2089
703 0 -1
1226 73 23 75 23 1657 2088 1660 2091
704 0 -1
1227 36 16 37 16 1658 2089 1659 2090
705 0 -1
1229 26 67 26 67 1660 2091 1661 2092
706 0 -1
1230 21 76 24 77 1661 2092 1666 2097
707 0 -1
1231 34 5 35 5 1662 2093 1663 2094
708 0 -1
1233 83 73 83 73 1664 2095 1666 2097
709 0 -1
1235 92 52 92 52 1666 2097 1670 2101
710 0 -1
1236 81 61 86 61 1667 2098 1672 2103
711 0 -1
1237 37 56 41 56 1668 2099 1673 2104
712 0 -1
1238 75 54 76 57 1669 2100 1674 2105
713 0 -1
1240 36 37 40 37 1671 2102 1675 2106
714 0 -1
1241 1 66 1 67 1672 2103 1673 2104
715 0 -1
1242 35 3 38 7 1673 2104 1686 2117
716 0 -1
1243 10 61 11 61 1674 2105 1676 2107
717 0 -1
1244 35 37 40 37 1675 2106 1682 2113
718 0 -1
1246 44 13 52 13 1677 2108 1686 2117
719 0 -1
1250 85 62 85 63 1681 2112 1682 2113
720 0 -1
1254 48 88 52 88 1685 2116 1692 2123
721 0 -1
1255 5 50 6 51 1686 2117 1690 2121
722 0 -1
1258 95 23 84 23 1689 2120 1705 2136
723 0 -1
1259 72 13 86 16 1690 2121 1708 2139
724 0 -1
1260 87 79 89 79 1691 2122 1697 2128
725 0 -1
1261 59 28 63 29 1692 2123 1699 2130
726 0 -1
1263 65 96 67 98 1694 2125 1701 2132
727 0 -1
1264 94 80 94 81 1695 2126 1699 2130
728 0 -1
1265 3 44 3 46 1696 2127 1698 2129
729 0 -1
1266 99 66 98 66 1697 2128 1698 2129
730 0 -1
1268 59 43 59 44 1699 2130 1702 2133
731 0 -1
1276 72 12 72 12 1707 2138 1708 2139
732 0 -1
1277 60 18 61 22 1708 2139 1713 2144
733 0 -1
1281 75 31 76 32 1712 2143 1714 2145
734 0 -1
1284 38 90 40 90 1715 2146 1717 2148
735 0 -1
1287 8 21 8 25 1718 2149 1722 2153
736 0 -1
1290 65 62 68 62 1721 2152 1728 2159
737 0 -1
1291 8 26 11 26 1722 2153 1725 2156
738 0 -1
1292 60 28 71 31 1723 2154 1749 2180
739 0 -1
1297 71 28 73 29 1728 2159 1731 2162
740 0 -1
1298 81 1 82 1 1729 2160 1730 2161
741 0 -1
1299 98 91 99 92 1730 2161 1733 2164
742 0 -1
1300 3 87 3 88 1731 2162 1733 2164
743 0 -1
1307 95 67 96 67 1738 2169 1739 2170
744 0 -1
1309 18 48 18 49 1740 2171 1742 2173
745 0 -1
1312 61 46 61 48 1743 2174 1745 2176
746 0 -1
1313 32 35 33 35 1744 2175 1745 2176
747 0 -1
1314 91 33 95 33 1745 2176 1749 2180
748 0 -1
1315 25 25 27 27 1746 2177 1751 2182
749 0 -1
1316 86 94 86 96 1747 2178 1749 2180
750 0 -1
1317 80 15 80 15 1748 2179 1750 2181
751 0 -1
1318 10 72 12 72 1749 2180 1752 2183
752 0 -1
1319 84 48 84 48 1750 2181 1752 2183
753 0 -1
1320 33 37 33 37 1751 2182 1752 2183
754 0 -1
1321 46 18 46 20 1752 2183 1754 2185
755 0 -1
1323 9 56 11 56 1754 2185 1756 2187
756 0 -1
1324 83 99 86 97 1755 2186 1760 2191
757 0 -1
1325 93 58 93 63 1756 2187 1762 2193
758 0 -1
1326 76 43 77 43 1757 2188 1758 2189
759 0 -1
1327 35 14 38 18 1758 2189 1768 2199
760 0 -1
1329 30 71 30 72 1760 2191 1762 2193
761 0 -1
1332 67 48 68 48 1763 2194 1765 2196
762 0 -1
1333 89 10 90 10 1764 2195 1765 2196
763 0 -1
1335 37 71 49 74 1766 2197 1782 2213
764 0 -1
1336 48 71 48 72 1767 2198 1768 2199
765 0 -1
1338 87 84 90 84 1769 2200 1772 2203
766 0 -1
1340 95 72 98 74 1771 2202 1778 2209
767 0 -1
1342 44 13 44 13 1773 2204 1776 2207
768 0 -1
1344 81 76 82 76 1775 2206 1777 2208
769 0 -1
1345 66 36 67 36 1776 2207 1777 2208
770 0 -1
1347 82 57 83 57 1778 2209 1781 2212
771 0 -1
1348 77 79 79 81 1779 2210 1784 2215
772 0 -1
1349 84 99 85 99 1780 2211 1786 2217
773 0 -1
1354 22 11 24 11 1785 2216 1788 2219
774 0 -1
1355 40 81 42 82 1786 2217 1791 2222
775 0 -1
1359 88 22 92 23 1790 2221 1795 2226
776 0 -1
1362 78 19 78 20 1793 2224 1795 2226
777 0 -1
1365 7 10 8 10 1796 2227 1797 2228
778 0 -1
1368 44 89 45 89 1799 2230 1801 2232
779 0 -1
1369 94 20 69 30 1800 2231 1835 2266
780 0 -1
1370 17 35 17 36 1801 2232 1803 2234
781 0 -1
1372 35 94 38 95 1803 2234 1808 2239
782 0 -1
1374 26 55 28 55 1805 2236 1807 2238
783 0 -1
1375 20 47 25 47 1806 2237 1813 2244
784 0 -1
1376 46 93 46 94 1807 2238 1808 2239
785 0 -1
1377 52 48 54 48 1808 2239 1811 2242
786 0 -1
1378 77 87 78 87 1809 2240 1810 2241
787 0 -1
1379 8 79 12 79 1810 2241 1814 2245
788 0 -1
1381 9 13 10 15 1812 2243 1815 2246
789 0 -1
1382 46 47 46 49 1813 2244 1816 2247
790 0 -1
1383 61 77 62 77 1814 2245 1816 2247
791 0 -1
1385 86 43 89 44 1816 2247 1822 2253
792 0 -1
1386 14 5 14 8 1817 2248 1820 2251
793 0 -1
1387 66 7 68 8 1818 2249 1829 2260
794 0 -1
1388 52 81 55 81 1819 2250 1822 2253
795 0 -1
1389 30 97 32 97 1820 2251 1822 2253
796 0 -1
1390 4 78 5 78 1821 2252 1823 2254
797 0 -1
1391 53 29 53 30 1822 2253 1824 2255
798 0 -1
1393 47 42 49 42 1824 2255 1826 2257
799 0 -1
1395 22 52 29 52 1826 2257 1834 2265
800 0 -1
1396 8 51 8 52 1827 2258 1828 2259
801 0 -1
1400 21 85 22 86 1831 2262 1834 2265
802 0 -1
1401 41 57 43 57 1832 2263 1835 2266
803 0 -1
1402 36 12 42 12 1833 2264 1840 2271
804 0 -1
1403 52 99 54 99 1834 2265 1836 2267
805 0 -1
1406 2 82 3 82 1837 2268 1838 2269
806 0 -1
1411 80 70 82 70 1842 2273 1844 2275
807 0 -1
1412 16 75 20 75 1843 2274 1849 2280
808 0 -1
1413 72 12 73 12 1844 2275 1845 2276
809 0 -1
1414 41 44 41 44 1845 2276 1847 2278
810 0 -1
1415 96 39 98 39 1846 2277 1848 2279
811 0 -1
1417 18 29 19 29 1848 2279 1849 2280
812 0 -1
1418 4 13 8 14 1849 2280 1854 2285
813 0 -1
1419 15 7 21 7 1850 2281 1857 2288
814 0 -1
1420 11 80 13 84 1851 2282 1859 2290
815 0 -1
1423 74 49 75 49 1854 2285 1855 2286
816 0 -1
1426 23 43 23 45 1857 2288 1859 2290
817 0 -1
1428 4 65 7 65 1859 2290 1862 2293
818 0 -1
1429 69 52 69 53 1860 2291 1862 2293
819 0 -1
1430 72 83 72 83 1861 2292 1862 2293
820 0 -1
1431 50 68 53 68 1862 2293 1865 2296
821 0 -1
1432 94 98 95 98 1863 2294 1864 2295
822 0 -1
1434 23 71 24 71 1865 2296 1866 2297
823 0 -1
1435 97 0 91 0 1866 2297 1873 2304
824 0 -1
1436 26 33 28 33 1867 2298 1869 2300
825 0 -1
1438 23 73 24 75 1869 2300 1873 2304
826 0 -1
1439 0 41 1 41 1870 2301 1871 2302
827 0 -1
1440 70 38 72 39 1871 2302 1874 2305
828 0 -1
1441 57 97 63 98 1872 2303 1879 2310
829 0 -1
1442 28 34 28 36 1873 2304 1875 2306
830 0 -1
1443 1 62 1 62 1874 2305 1879 2310
831 0 -1
1444 30 72 30 74 1875 2306 1877 2308
832 0 -1
1446 91 39 97 39 1877 2308 1883 2314
833 0 -1
1447 99 38 98 39 1878 2309 1880 2311
834 0 -1
1448 49 79 49 79 1879 2310 1881 2312
835 0 -1
1452 42 7 42 8 1883 2314 1884 2315
836 0 -1
1454 2 94 3 94 1885 2316 1889 2320
837 0 -1
1455 2 36 4 36 1886 2317 1888 2319
838 0 -1
1456 49 90 50 90 1887 2318 1888 2319
839 0 -1
1457 7 70 10 70 1888 2319 1894 2325
840 0 -1
1458 7 17 7 20 1889 2320 1899 2330
841 0 -1
1461 27 81 28 82 1892 2323 1895 2326
842 0 -1
1462 14 23 15 24 1893 2324 1897 2328
843 0 -1
1463 16 63 17 64 1894 2325 1896 2327
844 0 -1
1465 7 0 9 0 1896 2327 1898 2329
845 0 -1
1466 23 23 24 24 1897 2328 1899 2330
846 0 -1
1468 25 12 25 13 1899 2330 1900 2331
847 0 -1
1469 51 89 56 89 1900 2331 1905 2336
848 0 -1
1470 69 2 70 2 1901 2332 1902 2333
849 0 -1
1472 82 67 85 67 1903 2334 1908 2339
850 0 -1
1473 72 19 74 19 1904 2335 1909 2340
851 0 -1
1474 82 18 87 21 1905 2336 1916 2347
852 0 -1
1475 20 19 20 19 1906 2337 1908 2339
853 0 -1
1478 68 17 68 17 1909 2340 1915 2346
854 0 -1
1479 56 88 58 88 1910 2341 1912 2343
855 0 -1
1481 41 9 41 9 1912 2343 1914 2345
856 0 -1
1483 54 38 64 38 1914 2345 1925 2356
857 0 -1
1486 65 59 70 59 1917 2348 1922 2353
858 0 -1
1487 69 31 70 34 1918 2349 1922 2353
859 0 -1
1493 45 11 47 11 1924 2355 1926 2357
860 0 -1
1495 32 83 33 83 1926 2357 1927 2358
861 0 -1
1496 74 33 74 34 1927 2358 1931 2362
862 0 -1
1497 73 71 75 73 1928 2359 1932 2363
863 0 -1
1499 62 0 62 0 1930 2361 1932 2363
864 0 -1
1500 1 22 1 24 1931 2362 1933 2364
865 0 -1
1501 20 86 23 86 1932 2363 1940 2371
866 0 -1
1502 1 95 5 95 1933 2364 1937 2368
867 0 -1
1504 85 32 95 34 1935 2366 1948 2379
868 0 -1
1505 51 23 60 23 1936 2367 1946 2377
869 0 -1
1506 6 6 8 6 1937 2368 1939 2370
870 0 -1
1507 28 58 31 58 1938 2369 1941 2372
871 0 -1
1508 76 12 80 14 1939 2370 1945 2376
872 0 -1
1509 34 46 34 47 1940 2371 1941 2372
873 0 -1
1511 57 47 58 47 1942 2373 1944 2375
874 0 -1
1513 69 67 69 67 1944 2375 1949 2380
875 0 -1
1515 80 79 80 80 1946 2377 1947 2378
876 0 -1
1516 47 19 48 20 1947 2378 1950 2381
877 0 -1
1517 3 82 3 82 1948 2379 1951 2382
878 0 -1
1518 18 55 18 57 1949 2380 1952 2383
879 0 -1
1519 43 54 44 57 1950 2381 1954 2385
880 0 -1
1521 31 0 33 0 1952 2383 1956 2387
881 0 -1
1522 43 76 45 76 1953 2384 1955 2386
882 0 -1
1523 94 11 94 12 1954 2385 1956 2387
883 0 -1
1527 3 72 4 73 1958 2389 1962 2393
884 0 -1
1528 79 4 80 4 1959 2390 1960 2391
885 0 -1
1533 93 68 94 68 1964 2395 1965 2396
886 0 -1
1534 57 77 64 79 1965 2396 1974 2405
887 0 -1
1535 25 1 27 2 1966 2397 1969 2400
888 0 -1
1536 26 44 28 44 1967 2398 1969 2400
889 0 -1
1538 49 90 50 90 1969 2400 1973 2404
890 0 -1
1540 46 66 46 67 1971 2402 1972 2403
891 0 -1
1543 37 0 40 0 1974 2405 1977 2408
892 0 -1
1544 5 68 5 70 1975 2406 1977 2408
893 0 -1
1545 65 9 67 9 1976 2407 1978 2409
894 0 -1
1547 81 28 84 28 1978 2409 1983 2414
895 0 -1
1550 60 70 62 70 1981 2412 1983 2414
896 0 -1
1551 40 69 42 69 1982 2413 1984 2415
897 0 -1
1552 81 16 82 18 1983 2414 1988 2419
898 0 -1
1554 42 2 42 4 1985 2416 1989 2420
899 0 -1
1555 78 91 79 91 1986 2417 1988 2419
900 0 -1
1556 59 12 60 12 1987 2418 1989 2420
901 0 -1
1559 76 68 81 69 1990 2421 1996 2427
902 0 -1
1560 20 58 26 58 1991 2422 1997 2428
903 0 -1
1562 2 48 2 49 1993 2424 1995 2426
904 0 -1
1563 38 21 44 24 1994 2425 2004 2435
905 0 -1
1564 47 32 49 32 1995 2426 1997 2428
906 0 -1
1566 8 36 8 38 1997 2428 1999 2430
907 0 -1
1567 93 7 95 8 1998 2429 2002 2433
908 0 -1
1573 40 91 41 96 2004 2435 2012 2443
909 0 -1
1575 95 91 96 91 2006 2437 2007 2438
910 0 -1
1576 17 63 19 63 2007 2438 2009 2440
911 0 -1
1577 1 84 1 86 2008 2439 2010 2441
912 0 -1
1579 18 51 19 53 2010 2441 2013 2444
913 0 -1
1580 67 37 67 38 2011 2442 2013 2444
914 0 -1
1582 64 56 65 56 2013 2444 2014 2445
915 0 -1
1584 84 70 84 70 2015 2446 2016 2447
916 0 -1
1587 14 3 22 7 2018 2449 2030 2461
917 0 -1
1588 84 7 86 7 2019 2450 2023 2454
918 0 -1
1589 52 95 54 95 2020 2451 2022 2453
919 0 -1
1590 95 36 97 37 2021 2452 2024 2455
920 0 -1
1591 97 45 93 45 2022 2453 2027 2458
921 0 -1
1593 71 67 71 67 2024 2455 2028 2459
922 0 -1
1594 0 42 0 42 2025 2456 2027 2458
923 0 -1
1596 67 33 69 33 2027 2458 2029 2460
924 0 -1
1598 45 56 45 56 2029 2460 2030 2461
925 0 -1
1599 29 62 31 62 2030 2461 2034 2465
926 0 -1
1600 99 95 99 95 2031 2462 2032 2463
927 0 -1
1603 28 60 29 60 2034 2465 2035 2466
928 0 -1
1606 74 91 76 91 2037 2468 2039 2470
929 0 -1
1608 75 70 76 70 2039 2470 2040 2471
930 0 -1
1609 84 71 86 71 2040 2471 2042 2473
931 0 -1
1610 36 36 36 36 2041 2472 2042 2473
932 0 -1
1611 32 77 34 77 2042 2473 2044 2475
933 0 -1
1613 82 87 82 89 2044 2475 2046 2477
934 0 -1
1615 81 83 82 83 2046 2477 2047 2478
935 0 -1
1618 86 64 86 66 2049 2480 2052 2483
936 0 -1
1620 52 48 56 49 2051 2482 2056 2487
937 0 -1
1621 41 33 46 33 2052 2483 2059 2490
938 0 -1
1623 18 81 19 82 2054 2485 2059 2490
939 0 -1
1624 46 6 46 7 2055 2486 2056 2487
940 0 -1
1625 60 9 62 10 2056 2487 2059 2490
941 0 -1
1626 67 61 69 61 2057 2488 2059 2490
942 0 -1
1627 30 17 35 20 2058 2489 2071 2502
943 0 -1
1629 89 11 90 11 2060 2491 2061 2492
944 0 -1
1631 9 50 9 52 2062 2493 2064 2495
945 0 -1
1633 99 74 98 79 2064 2495 2074 2505
946 0 -1
1634 65 48 66 48 2065 2496 2067 2498
947 0 -1
1637 17 25 18 25 2068 2499 2069 2500
948 0 -1
1638 10 28 10 31 2069 2500 2072 2503
949 0 -1
1640 86 9 91 9 2071 2502 2081 2512
950 0 -1
1641 83 6 84 8 2072 2503 2075 2506
951 0 -1
1642 85 28 88 29 2073 2504 2077 2508
952 0 -1
1645 84 75 85 75 2076 2507 2077 2508
953 0 -1
1648 11 47 13 47 2079 2510 2081 2512
954 0 -1
1649 79 60 79 60 2080 2511 2082 2513
955 0 -1
1650 21 79 22 79 2081 2512 2082 2513
956 0 -1
1656 5 69 7 70 2087 2518 2091 2522
957 0 -1
1657 63 89 66 89 2088 2519 2091 2522
958 0 -1
1659 51 58 53 59 2090 2521 2094 2525
959 0 -1
1660 72 46 76 46 2091 2522 2095 2526
960 0 -1
1661 14 40 15 44 2092 2523 2099 2530
961 0 -1
1662 4 54 4 55 2093 2524 2100 2531
962 0 -1
1663 17 16 18 19 2094 2525 2101 2532
963 0 -1
1664 98 5 99 5 2095 2526 2097 2528
964 0 -1
1665 20 91 20 91 2096 2527 2097 2528
965 0 -1
1668 73 5 75 5 2099 2530 2102 2533
966 0 -1
1671 10 19 16 20 2102 2533 2110 2541
967 0 -1
1672 35 43 38 43 2103 2534 2107 2538
968 0 -1
1673 82 65 85 66 2104 2535 2109 2540
969 0 -1
1675 17 59 17 59 2106 2537 2107 2538
970 0 -1
1676 74 13 75 13 2107 2538 2110 2541
971 0 -1
1678 75 80 78 80 2109 2540 2112 2543
972 0 -1
1679 16 11 21 11 2110 2541 2117 2548
973 0 -1
1680 50 74 50 76 2111 2542 2115 2546
974 0 -1
1683 16 66 18 66 2114 2545 2121 2552
975 0 -1
1685 48 70 51 70 2116 2547 2119 2550
976 0 -1
1686 23 62 30 63 2117 2548 2127 2558
977 0 -1
1687 98 39 95 40 2118 2549 2122 2553
978 0 -1
1688 46 21 51 21 2119 2550 2125 2556
979 0 -1
1690 21 96 21 100 2121 2552 2125 2556
980 0 -1
1691 7 67 7 67 2122 2553 2124 2555
981 0 -1
1692 76 4 76 6 2123 2554 2126 2557
982 0 -1
1694 59 34 59 34 2125 2556 2126 2557
983 0 -1
1695 0 78 3 79 2126 2557 2130 2561
984 0 -1
1696 98 92 95 92 2127 2558 2130 2561
985 0 -1
1697 0 65 0 65 2128 2559 2130 2561
986 0 -1
1698 53 74 53 74 2129 2560 2131 2562
987 0 -1
1700 55 31 57 31 2131 2562 2133 2564
988 0 -1
1702 61 58 64 67 2133 2564 2147 2578
989 0 -1
1703 14 77 14 78 2134 2565 2135 2566
990 0 -1
1704 51 48 53 49 2135 2566 2138 2569
991 0 -1
1709 85 58 88 58 2140 2571 2143 2574
992 0 -1
1712 53 75 53 77 2143 2574 2146 2577
993 0 -1
1714 62 72 62 72 2145 2576 2149 2580
994 0 -1
1717 84 45 87 46 2148 2579 2152 2583
995 0 -1
1718 3 12 4 12 2149 2580 2151 2582
996 0 -1
1720 42 40 42 40 2151 2582 2157 2588
997 0 -1
1722 43 58 43 59 2153 2584 2154 2585
998 0 -1
1723 58 65 60 65 2154 2585 2156 2587
999 0 -1
1725 83 83 83 84 2156 2587 2158 2589
1000 0 -1
1726 65 98 68 98 2157 2588 2160 2591
