100 100 2591
1
0 74 96
54
0 0 0 100 6
0
1 0 0 100 6
0
2 0 0 100 6
0
3 0 0 100 6
0
4 0 0 100 6
0
5 0 0 100 6
0
6 0 0 100 6
0
7 0 0 100 6
0
8 0 0 100 6
0
9 0 0 100 6
0
10 0 0 100 6
0
11 0 0 100 6
0
12 0 0 100 6
0
13 0 0 100 6
0
14 0 0 100 6
0
15 0 0 100 6
0
16 0 0 100 6
0
17 0 0 100 6
0
18 0 0 100 6
0
19 0 0 100 6
0
20 0 0 100 6
0
21 0 0 100 6
0
22 0 0 100 6
0
23 0 0 100 6
0
24 0 0 100 6
0
25 0 0 100 6
0
26 0 0 100 6
0
27 0 0 100 6
0
28 0 0 100 6
0
29 0 0 100 6
0
30 0 0 100 6
0
31 0 0 100 6
0
32 0 0 100 6
0
33 0 0 100 6
0
34 0 0 100 6
0
35 0 0 100 6
0
36 0 -1 100 6
0
37 0 -1 100 6
0
38 0 -1 100 6
0
39 0 -1 100 6
0
40 0 -1 100 6
0
41 0 -1 100 6
0
42 0 -1 100 6
0
43 0 -1 100 6
0
44 0 -1 100 6
0
45 0 -1 100 6
0
46 0 -1 100 6
0
47 0 -1 100 6
0
48 0 -1 100 6
0
49 0 -1 100 6
0
50 0 -1 100 6
0
51 0 -1 100 6
0
52 0 -1 100 6
0
53 0 -1 100 6
0
1000
1 0 -1
2 81 99 82 100 433 864 436 867
2 0 -1
5 87 87 87 91 436 867 441 872
3 0 -1
7 26 71 29 72 438 869 442 873
4 0 -1
8 4 96 6 100 439 870 448 879
5 0 -1
9 11 53 15 53 440 871 446 877
6 0 -1
10 63 32 64 32 441 872 445 876
7 0 -1
11 96 3 97 4 442 873 448 879
8 0 -1
12 14 32 14 32 443 874 445 876
9 0 -1
13 46 44 47 44 444 875 446 877
10 0 -1
14 38 84 38 87 445 876 448 879
11 0 -1
15 2 80 4 80 446 877 452 883
12 0 -1
17 47 39 51 39 448 879 452 883
13 0 -1
18 29 97 29 99 449 880 455 886
14 0 -1
19 16 58 16 59 450 881 451 882
15 0 -1
20 34 68 35 68 451 882 453 884
16 0 -1
21 6 25 8 25 452 883 454 885
17 0 -1
22 33 97 37 97 453 884 457 888
18 0 -1
24 20 12 20 13 455 886 457 888
19 0 -1
29 90 94 95 95 460 891 466 897
20 0 -1
30 29 58 29 59 461 892 463 894
21 0 -1
31 32 44 32 44 462 893 464 895
22 0 -1
33 47 19 50 21 464 895 470 901
23 0 -1
35 33 97 34 97 466 897 467 898
24 0 -1
36 20 34 21 35 467 898 469 900
25 0 -1
39 68 58 69 58 470 901 471 902
26 0 -1
40 24 8 25 8 471 902 472 903
27 0 -1
41 21 31 22 32 472 903 474 905
28 0 -1
42 21 55 22 55 473 904 474 905
29 0 -1
43 81 86 82 86 474 905 475 906
30 0 -1
45 90 39 90 39 476 907 478 909
31 0 -1
49 60 71 61 72 480 911 483 914
32 0 -1
52 17 49 22 49 483 914 490 921
33 0 -1
53 85 66 89 67 484 915 489 920
34 0 -1
54 4 14 5 14 485 916 486 917
35 0 -1
56 7 8 13 16 487 918 504 935
36 0 -1
57 40 11 40 12 488 919 490 921
37 0 -1
59 23 57 24 57 490 921 491 922
38 0 -1
61 29 45 30 46 492 923 494 925
39 0 -1
62 3 81 5 82 493 924 501 932
40 0 -1
64 31 23 40 32 495 926 514 945
41 0 -1
69 68 8 68 8 500 931 502 933
42 0 -1
71 9 4 9 5 502 933 510 941
43 0 -1
73 1 6 4 8 504 935 509 940
44 0 -1
76 35 0 38 0 507 938 510 941
45 0 -1
78 77 86 79 86 509 940 511 942
46 0 -1
80 40 28 40 28 511 942 514 945
47 0 -1
81 18 39 20 39 512 943 514 945
48 0 -1
82 66 21 71 21 513 944 519 950
49 0 -1
83 14 2 16 2 514 945 519 950
50 0 -1
84 12 61 12 61 515 946 516 947
51 0 -1
86 94 90 87 92 517 948 527 958
52 0 -1
87 81 31 81 31 518 949 519 950
53 0 -1
90 56 70 57 70 521 952 522 953
54 0 -1
91 84 32 86 32 522 953 526 957
55 0 -1
92 75 78 75 78 523 954 524 955
56 0 -1
93 85 51 87 51 524 955 527 958
57 0 -1
94 86 73 90 74 525 956 531 962
58 0 -1
96 36 9 38 9 527 958 529 960
59 0 -1
103 29 5 29 7 534 965 537 968
60 0 -1
105 76 8 76 9 536 967 538 969
61 0 -1
106 37 17 45 19 537 968 547 978
62 0 -1
107 27 15 29 15 538 969 541 972
63 0 -1
108 26 82 26 84 539 970 547 978
64 0 -1
110 25 89 27 91 541 972 549 980
65 0 -1
111 46 9 47 9 542 973 543 974
66 0 -1
114 44 23 50 23 545 976 551 982
67 0 -1
115 66 47 71 47 546 977 551 982
68 0 -1
116 7 31 13 31 547 978 559 990
69 0 -1
119 90 69 92 69 550 981 553 984
70 0 -1
120 39 3 39 3 551 982 552 983
71 0 -1
122 86 84 86 85 553 984 557 988
72 0 -1
123 22 30 22 30 554 985 557 988
73 0 -1
124 93 13 93 16 555 986 559 990
74 0 -1
127 74 65 74 65 558 989 559 990
75 0 -1
128 6 15 12 27 559 990 578 1009
76 0 -1
130 53 57 54 57 561 992 562 993
77 0 -1
132 28 26 38 30 563 994 578 1009
78 0 -1
134 91 23 91 24 565 996 566 997
79 0 -1
135 66 6 67 11 566 997 577 1008
80 0 -1
136 16 50 16 52 567 998 569 1000
81 0 -1
139 59 81 59 82 570 1001 571 1002
82 0 -1
140 71 55 75 55 571 1002 575 1006
83 0 -1
141 16 25 18 26 572 1003 577 1008
84 0 -1
144 57 2 57 3 575 1006 580 1011
85 0 -1
145 75 66 76 66 576 1007 578 1009
86 0 -1
146 13 91 14 91 577 1008 578 1009
87 0 -1
147 55 98 55 99 578 1009 579 1010
88 0 -1
148 35 14 36 14 579 1010 580 1011
89 0 -1
149 27 60 27 61 580 1011 582 1013
90 0 -1
150 4 42 7 43 581 1012 587 1018
91 0 -1
153 25 67 26 67 584 1015 585 1016
92 0 -1
154 69 41 69 45 585 1016 589 1020
93 0 -1
155 26 50 30 50 586 1017 590 1021
94 0 -1
156 6 71 10 71 587 1018 592 1023
95 0 -1
157 97 65 97 70 588 1019 593 1024
96 0 -1
160 29 92 34 93 591 1022 597 1028
97 0 -1
162 94 42 95 42 593 1024 594 1025
98 0 -1
163 84 83 85 83 594 1025 595 1026
99 0 -1
166 34 71 35 72 597 1028 599 1030
100 0 -1
167 71 11 74 11 598 1029 603 1034
101 0 -1
168 23 86 25 86 599 1030 601 1032
102 0 -1
169 58 47 58 51 600 1031 605 1036
103 0 -1
170 2 78 5 79 601 1032 606 1037
104 0 -1
172 52 5 52 7 603 1034 608 1039
105 0 -1
173 78 8 82 8 604 1035 609 1040
106 0 -1
174 26 94 27 94 605 1036 607 1038
107 0 -1
179 42 87 42 88 610 1041 611 1042
108 0 -1
183 6 14 6 15 614 1045 619 1050
109 0 -1
184 15 67 16 67 615 1046 617 1048
110 0 -1
185 91 97 93 97 616 1047 618 1049
111 0 -1
186 62 29 62 35 617 1048 626 1057
112 0 -1
187 10 81 14 83 618 1049 624 1055
113 0 -1
189 27 36 32 36 620 1051 625 1056
114 0 -1
190 40 1 41 3 621 1052 626 1057
115 0 -1
193 68 70 68 71 624 1055 625 1056
116 0 -1
196 6 96 7 97 627 1058 629 1060
117 0 -1
197 25 49 25 49 628 1059 629 1060
118 0 -1
198 21 69 36 69 629 1060 647 1078
119 0 -1
199 41 16 42 16 630 1061 631 1062
120 0 -1
200 24 24 24 25 631 1062 633 1064
121 0 -1
201 27 1 27 2 632 1063 633 1064
122 0 -1
204 61 18 61 18 635 1066 636 1067
123 0 -1
208 9 24 10 24 639 1070 640 1071
124 0 -1
209 11 17 11 18 640 1071 641 1072
125 0 -1
211 14 74 15 74 642 1073 645 1076
126 0 -1
212 55 31 55 32 643 1074 645 1076
127 0 -1
213 27 22 32 25 644 1075 652 1083
128 0 -1
214 58 72 61 74 645 1076 650 1081
129 0 -1
218 26 12 28 13 649 1080 656 1087
130 0 -1
219 96 13 98 13 650 1081 652 1083
131 0 -1
224 60 77 62 77 655 1086 658 1089
132 0 -1
225 39 30 41 30 656 1087 658 1089
133 0 -1
229 33 16 34 19 660 1091 666 1097
134 0 -1
230 6 66 6 66 661 1092 662 1093
135 0 -1
231 62 54 65 54 662 1093 665 1096
136 0 -1
236 93 7 95 7 667 1098 669 1100
137 0 -1
237 98 22 96 22 668 1099 670 1101
138 0 -1
240 21 13 28 13 671 1102 682 1113
139 0 -1
242 54 71 54 72 673 1104 675 1106
140 0 -1
244 9 99 10 97 675 1106 680 1111
141 0 -1
245 95 70 90 70 676 1107 682 1113
142 0 -1
246 25 93 26 93 677 1108 680 1111
143 0 -1
247 14 96 15 98 678 1109 681 1112
144 0 -1
248 56 99 57 99 679 1110 682 1113
145 0 -1
250 79 12 81 12 681 1112 683 1114
146 0 -1
251 47 36 48 36 682 1113 685 1116
147 0 -1
253 61 15 62 15 684 1115 685 1116
148 0 -1
255 44 97 45 97 686 1117 688 1119
149 0 -1
256 25 16 29 16 687 1118 691 1122
150 0 -1
257 5 25 7 25 688 1119 692 1123
151 0 -1
258 83 91 83 92 689 1120 690 1121
152 0 -1
260 95 59 96 59 691 1122 693 1124
153 0 -1
261 11 39 23 39 692 1123 704 1135
154 0 -1
266 97 11 98 11 697 1128 701 1132
155 0 -1
267 4 78 6 79 698 1129 701 1132
156 0 -1
268 95 86 95 87 699 1130 701 1132
157 0 -1
269 70 95 71 95 700 1131 701 1132
158 0 -1
271 4 95 5 98 702 1133 708 1139
159 0 -1
272 10 25 11 25 703 1134 704 1135
160 0 -1
274 25 40 35 43 705 1136 718 1149
161 0 -1
277 73 53 74 53 708 1139 710 1141
162 0 -1
278 30 85 30 89 709 1140 715 1146
163 0 -1
279 28 80 32 80 710 1141 714 1145
164 0 -1
280 15 51 18 51 711 1142 714 1145
165 0 -1
283 57 40 58 40 714 1145 715 1146
166 0 -1
285 64 79 65 81 716 1147 719 1150
167 0 -1
286 90 19 93 19 717 1148 720 1151
168 0 -1
289 64 92 66 92 720 1151 723 1154
169 0 -1
293 3 49 5 50 724 1155 728 1159
170 0 -1
294 53 82 53 85 725 1156 729 1160
171 0 -1
295 2 19 4 19 726 1157 728 1159
172 0 -1
296 75 80 78 80 727 1158 731 1162
173 0 -1
303 5 0 7 3 734 1165 743 1174
174 0 -1
305 43 93 47 93 736 1167 741 1172
175 0 -1
306 83 5 83 6 737 1168 738 1169
176 0 -1
307 14 43 14 43 738 1169 740 1171
177 0 -1
310 72 99 74 97 741 1172 745 1176
178 0 -1
311 33 91 34 93 742 1173 746 1177
179 0 -1
312 23 83 32 83 743 1174 752 1183
180 0 -1
313 77 62 77 62 744 1175 745 1176
181 0 -1
315 71 1 71 1 746 1177 748 1179
182 0 -1
320 8 70 14 70 751 1182 767 1198
183 0 -1
321 67 37 68 39 752 1183 755 1186
184 0 -1
323 70 27 77 28 754 1185 767 1198
185 0 -1
325 33 39 38 42 756 1187 764 1195
186 0 -1
326 46 56 47 56 757 1188 758 1189
187 0 -1
327 43 41 44 42 758 1189 761 1192
188 0 -1
328 31 20 33 23 759 1190 764 1195
189 0 -1
329 14 48 16 49 760 1191 763 1194
190 0 -1
330 43 12 44 16 761 1192 766 1197
191 0 -1
337 73 7 79 11 768 1199 781 1212
192 0 -1
340 63 10 64 11 771 1202 774 1205
193 0 -1
342 98 87 99 87 773 1204 774 1205
194 0 -1
343 27 82 28 84 774 1205 777 1208
195 0 -1
345 85 60 91 62 776 1207 788 1219
196 0 -1
349 5 78 6 78 780 1211 781 1212
197 0 -1
351 15 1 15 2 782 1213 783 1214
198 0 -1
354 68 8 70 9 785 1216 791 1222
199 0 -1
356 26 51 27 51 787 1218 788 1219
200 0 -1
357 30 88 31 91 788 1219 792 1223
201 0 -1
358 29 40 30 45 789 1220 796 1227
202 0 -1
359 19 86 19 88 790 1221 793 1224
203 0 -1
360 38 61 39 62 791 1222 793 1224
204 0 -1
361 80 63 85 63 792 1223 798 1229
205 0 -1
363 40 4 41 4 794 1225 795 1226
206 0 -1
364 78 79 79 79 795 1226 796 1227
207 0 -1
365 23 38 23 38 796 1227 798 1229
208 0 -1
367 62 76 67 76 798 1229 804 1235
209 0 -1
371 36 25 36 26 802 1233 803 1234
210 0 -1
372 85 98 86 92 803 1234 811 1242
211 0 -1
373 50 69 52 69 804 1235 807 1238
212 0 -1
374 91 83 92 83 805 1236 806 1237
213 0 -1
375 28 3 29 3 806 1237 807 1238
214 0 -1
377 96 81 97 81 808 1239 809 1240
215 0 -1
379 74 86 74 86 810 1241 811 1242
216 0 -1
380 69 43 69 44 811 1242 812 1243
217 0 -1
381 21 90 23 92 812 1243 817 1248
218 0 -1
382 11 79 11 81 813 1244 815 1246
219 0 -1
383 37 28 38 28 814 1245 815 1246
220 0 -1
388 6 15 6 15 819 1250 820 1251
221 0 -1
391 76 52 77 52 822 1253 824 1255
222 0 -1
392 0 3 0 3 823 1254 825 1256
223 0 -1
394 89 96 89 98 825 1256 828 1259
224 0 -1
396 20 55 23 57 827 1258 832 1263
225 0 -1
397 42 55 43 55 828 1259 829 1260
226 0 -1
400 72 77 73 78 831 1262 833 1264
227 0 -1
401 34 1 35 1 832 1263 834 1265
228 0 -1
403 11 87 13 87 834 1265 839 1270
229 0 -1
404 41 9 43 9 835 1266 837 1268
230 0 -1
407 81 72 82 72 838 1269 839 1270
231 0 -1
408 49 61 52 61 839 1270 842 1273
232 0 -1
411 6 73 6 75 842 1273 844 1275
233 0 -1
412 32 85 33 85 843 1274 844 1275
234 0 -1
414 33 11 33 11 845 1276 846 1277
235 0 -1
418 6 48 6 49 849 1280 850 1281
236 0 -1
420 68 78 68 79 851 1282 852 1283
237 0 -1
421 98 68 96 68 852 1283 854 1285
238 0 -1
423 78 87 79 87 854 1285 855 1286
239 0 -1
426 12 71 12 71 857 1288 862 1293
240 0 -1
428 15 2 16 2 859 1290 861 1292
241 0 -1
433 37 76 37 78 864 1295 866 1297
242 0 -1
437 61 97 62 97 868 1299 869 1300
243 0 -1
439 5 97 6 98 870 1301 872 1303
244 0 -1
441 69 87 71 91 872 1303 880 1311
245 0 -1
446 74 44 75 47 877 1308 881 1312
246 0 -1
448 37 94 37 95 879 1310 882 1313
247 0 -1
450 44 92 49 95 881 1312 889 1320
248 0 -1
452 58 26 60 27 883 1314 886 1317
249 0 -1
455 41 59 42 61 886 1317 889 1320
250 0 -1
460 63 11 65 12 891 1322 897 1328
251 0 -1
461 20 21 22 21 892 1323 894 1325
252 0 -1
462 32 11 32 12 893 1324 896 1327
253 0 -1
464 84 48 85 48 895 1326 897 1328
254 0 -1
469 30 68 30 70 900 1331 902 1333
255 0 -1
471 51 62 59 65 902 1333 913 1344
256 0 -1
475 8 85 10 85 906 1337 908 1339
257 0 -1
478 39 51 42 52 909 1340 913 1344
258 0 -1
479 38 98 39 98 910 1341 912 1343
259 0 -1
480 90 55 96 55 911 1342 919 1350
260 0 -1
481 64 2 66 2 912 1343 918 1349
261 0 -1
482 77 15 77 16 913 1344 914 1345
262 0 -1
484 97 24 93 24 915 1346 919 1350
263 0 -1
486 99 42 99 43 917 1348 920 1351
264 0 -1
488 4 19 6 20 919 1350 922 1353
265 0 -1
489 81 59 81 60 920 1351 933 1364
266 0 -1
491 6 8 6 9 922 1353 924 1355
267 0 -1
493 21 37 22 37 924 1355 925 1356
268 0 -1
496 55 14 56 14 927 1358 928 1359
269 0 -1
501 7 66 7 67 932 1363 934 1365
270 0 -1
502 6 34 7 36 933 1364 937 1368
271 0 -1
505 30 26 31 27 936 1367 938 1369
272 0 -1
506 43 30 47 30 937 1368 942 1373
273 0 -1
507 18 31 18 31 938 1369 942 1373
274 0 -1
509 25 87 26 87 940 1371 941 1372
275 0 -1
511 70 32 70 32 942 1373 944 1375
276 0 -1
512 93 43 94 43 943 1374 944 1375
277 0 -1
515 82 85 83 87 946 1377 949 1380
278 0 -1
516 75 59 77 61 947 1378 960 1391
279 0 -1
517 86 60 90 60 948 1379 952 1383
280 0 -1
518 37 92 37 92 949 1380 951 1382
281 0 -1
520 38 15 38 16 951 1382 952 1383
282 0 -1
522 38 35 38 42 953 1384 962 1393
283 0 -1
523 95 36 96 36 954 1385 955 1386
284 0 -1
525 53 45 54 46 956 1387 958 1389
285 0 -1
526 27 67 27 69 957 1388 959 1390
286 0 -1
528 14 77 19 77 959 1390 964 1395
287 0 -1
530 69 66 69 69 961 1392 965 1396
288 0 -1
533 51 65 52 66 964 1395 966 1397
289 0 -1
535 79 0 80 2 966 1397 969 1400
290 0 -1
536 49 90 49 90 967 1398 969 1400
291 0 -1
537 52 80 52 80 968 1399 969 1400
292 0 -1
538 78 66 81 66 969 1400 972 1403
293 0 -1
540 57 59 58 60 971 1402 975 1406
294 0 -1
541 15 46 16 46 972 1403 975 1406
295 0 -1
542 93 4 97 8 973 1404 981 1412
296 0 -1
543 28 30 28 31 974 1405 976 1407
297 0 -1
546 93 19 94 19 977 1408 979 1410
298 0 -1
547 52 2 53 2 978 1409 980 1411
299 0 -1
550 52 39 52 39 981 1412 982 1413
300 0 -1
552 54 10 55 12 983 1414 986 1417
301 0 -1
553 90 40 92 40 984 1415 986 1417
302 0 -1
555 37 45 37 48 986 1417 991 1422
303 0 -1
556 24 78 25 78 987 1418 989 1420
304 0 -1
558 26 28 26 29 989 1420 990 1421
305 0 -1
559 99 28 96 28 990 1421 995 1426
306 0 -1
560 50 35 51 36 991 1422 993 1424
307 0 -1
562 11 59 12 59 993 1424 994 1425
308 0 -1
565 9 35 10 38 996 1427 1000 1431
309 0 -1
566 86 99 86 97 997 1428 1001 1432
310 0 -1
567 23 87 23 88 998 1429 999 1430
311 0 -1
570 64 9 64 12 1001 1432 1005 1436
312 0 -1
572 32 35 33 37 1003 1434 1006 1437
313 0 -1
573 82 86 83 86 1004 1435 1007 1438
314 0 -1
575 9 1 11 1 1006 1437 1008 1439
315 0 -1
577 21 63 21 63 1008 1439 1009 1440
316 0 -1
578 98 75 98 77 1009 1440 1011 1442
317 0 -1
579 10 76 12 79 1010 1441 1015 1446
318 0 -1
580 72 30 73 30 1011 1442 1012 1443
319 0 -1
585 68 30 69 31 1016 1447 1019 1450
320 0 -1
588 26 68 26 72 1019 1450 1024 1455
321 0 -1
589 17 25 25 32 1020 1451 1035 1466
322 0 -1
592 49 41 49 41 1023 1454 1024 1455
323 0 -1
594 55 7 56 7 1025 1456 1027 1458
324 0 -1
595 33 90 47 90 1026 1457 1041 1472
325 0 -1
596 17 76 19 76 1027 1458 1031 1462
326 0 -1
597 96 16 91 16 1028 1459 1036 1467
327 0 -1
599 10 65 12 67 1030 1461 1038 1469
328 0 -1
600 78 43 80 44 1031 1462 1034 1465
329 0 -1
601 72 6 72 7 1032 1463 1034 1465
330 0 -1
603 74 46 76 46 1034 1465 1036 1467
331 0 -1
608 80 5 81 5 1039 1470 1042 1473
332 0 -1
609 61 31 62 31 1040 1471 1041 1472
333 0 -1
610 40 24 42 25 1041 1472 1046 1477
334 0 -1
611 59 9 62 9 1042 1473 1046 1477
335 0 -1
613 6 47 12 47 1044 1475 1052 1483
336 0 -1
614 38 98 38 92 1045 1476 1051 1482
337 0 -1
615 49 2 49 3 1046 1477 1047 1478
338 0 -1
616 66 3 67 3 1047 1478 1049 1480
339 0 -1
619 71 80 74 81 1050 1481 1055 1486
340 0 -1
620 97 74 98 74 1051 1482 1053 1484
341 0 -1
621 1 35 6 35 1052 1483 1057 1488
342 0 -1
622 71 32 71 34 1053 1484 1056 1487
343 0 -1
623 91 69 93 69 1054 1485 1056 1487
344 0 -1
624 55 35 56 35 1055 1486 1056 1487
345 0 -1
625 45 43 45 45 1056 1487 1058 1489
346 0 -1
628 38 69 38 69 1059 1490 1060 1491
347 0 -1
629 73 90 73 91 1060 1491 1065 1496
348 0 -1
630 85 18 86 18 1061 1492 1062 1493
349 0 -1
634 98 6 98 6 1065 1496 1066 1497
350 0 -1
635 52 42 52 44 1066 1497 1068 1499
351 0 -1
636 73 51 73 53 1067 1498 1069 1500
352 0 -1
637 51 45 51 46 1068 1499 1070 1501
353 0 -1
639 12 12 12 13 1070 1501 1071 1502
354 0 -1
640 17 87 17 87 1071 1502 1073 1504
355 0 -1
641 23 3 25 3 1072 1503 1074 1505
356 0 -1
643 90 26 96 26 1074 1505 1080 1511
357 0 -1
645 26 31 26 31 1076 1507 1078 1509
358 0 -1
646 71 23 71 24 1077 1508 1079 1510
359 0 -1
648 17 3 18 3 1079 1510 1080 1511
360 0 -1
649 32 66 37 67 1080 1511 1090 1521
361 0 -1
650 51 29 52 29 1081 1512 1082 1513
362 0 -1
651 69 56 72 57 1082 1513 1086 1517
363 0 -1
652 6 21 6 35 1083 1514 1098 1529
364 0 -1
653 4 69 4 70 1084 1515 1085 1516
365 0 -1
656 43 84 43 85 1087 1518 1088 1519
366 0 -1
662 23 31 25 31 1093 1524 1095 1526
367 0 -1
663 39 3 39 8 1094 1525 1102 1533
368 0 -1
664 30 36 30 38 1095 1526 1097 1528
369 0 -1
665 15 54 16 54 1096 1527 1097 1528
370 0 -1
666 71 21 72 21 1097 1528 1099 1530
371 0 -1
667 48 34 49 35 1098 1529 1101 1532
372 0 -1
669 21 27 21 27 1100 1531 1101 1532
373 0 -1
672 62 54 62 57 1103 1534 1107 1538
374 0 -1
673 94 44 94 45 1104 1535 1106 1537
375 0 -1
674 50 49 53 50 1105 1536 1109 1540
376 0 -1
675 20 74 23 74 1106 1537 1111 1542
377 0 -1
678 56 69 58 69 1109 1540 1113 1544
378 0 -1
679 97 41 98 43 1110 1541 1113 1544
379 0 -1
680 62 52 67 52 1111 1542 1117 1548
380 0 -1
681 3 29 4 29 1112 1543 1114 1545
381 0 -1
682 72 45 72 45 1113 1544 1115 1546
382 0 -1
684 62 26 63 26 1115 1546 1117 1548
383 0 -1
685 69 57 72 58 1116 1547 1121 1552
384 0 -1
687 48 53 48 55 1118 1549 1123 1554
385 0 -1
688 53 38 55 38 1119 1550 1121 1552
386 0 -1
689 17 19 18 19 1120 1551 1122 1553
387 0 -1
690 62 9 62 11 1121 1552 1123 1554
388 0 -1
691 18 67 19 68 1122 1553 1124 1555
389 0 -1
692 37 35 38 36 1123 1554 1125 1556
390 0 -1
694 5 45 7 45 1125 1556 1128 1559
391 0 -1
696 35 18 35 18 1127 1558 1129 1560
392 0 -1
698 75 84 77 87 1129 1560 1134 1565
393 0 -1
700 19 81 19 81 1131 1562 1132 1563
394 0 -1
701 96 80 97 80 1132 1563 1133 1564
395 0 -1
702 45 19 52 19 1133 1564 1140 1571
396 0 -1
703 65 76 65 76 1134 1565 1136 1567
397 0 -1
704 27 43 27 45 1135 1566 1137 1568
398 0 -1
705 25 66 27 66 1136 1567 1140 1571
399 0 -1
706 81 38 83 38 1137 1568 1139 1570
400 0 -1
707 6 39 7 42 1138 1569 1142 1573
401 0 -1
708 4 5 7 6 1139 1570 1146 1577
402 0 -1
710 26 36 26 38 1141 1572 1144 1575
403 0 -1
712 2 88 3 88 1143 1574 1144 1575
404 0 -1
714 9 0 10 0 1145 1576 1146 1577
405 0 -1
716 90 23 90 23 1147 1578 1148 1579
406 0 -1
718 17 72 25 72 1149 1580 1157 1588
407 0 -1
719 2 12 3 12 1150 1581 1151 1582
408 0 -1
720 25 58 26 59 1151 1582 1153 1584
409 0 -1
722 40 78 41 79 1153 1584 1155 1586
410 0 -1
724 33 74 33 74 1155 1586 1157 1588
411 0 -1
725 85 25 96 25 1156 1587 1167 1598
412 0 -1
726 93 24 97 24 1157 1588 1161 1592
413 0 -1
727 85 92 87 93 1158 1589 1161 1592
414 0 -1
728 49 44 50 45 1159 1590 1164 1595
415 0 -1
729 42 79 42 79 1160 1591 1161 1592
416 0 -1
731 88 73 88 73 1162 1593 1163 1594
417 0 -1
733 19 51 19 53 1164 1595 1166 1597
418 0 -1
734 12 44 13 44 1165 1596 1167 1598
419 0 -1
735 89 37 90 39 1166 1597 1169 1600
420 0 -1
736 6 96 7 96 1167 1598 1169 1600
421 0 -1
737 5 97 8 97 1168 1599 1171 1602
422 0 -1
742 86 53 88 54 1173 1604 1178 1609
423 0 -1
744 60 82 61 82 1175 1606 1177 1608
424 0 -1
745 21 33 26 33 1176 1607 1181 1612
425 0 -1
748 74 85 76 85 1179 1610 1181 1612
426 0 -1
750 72 29 72 30 1181 1612 1182 1613
427 0 -1
751 3 1 4 1 1182 1613 1183 1614
428 0 -1
752 31 48 32 50 1183 1614 1186 1617
429 0 -1
753 71 30 71 30 1184 1615 1185 1616
430 0 -1
754 5 3 11 3 1185 1616 1191 1622
431 0 -1
755 22 80 23 81 1186 1617 1188 1619
432 0 -1
757 56 88 58 88 1188 1619 1190 1621
433 0 -1
758 50 41 57 42 1189 1620 1197 1628
434 0 -1
759 89 93 89 93 1190 1621 1192 1623
435 0 -1
760 8 13 9 13 1191 1622 1192 1623
436 0 -1
766 0 27 0 29 1197 1628 1199 1630
437 0 -1
767 71 39 71 40 1198 1629 1200 1631
438 0 -1
768 64 20 65 20 1199 1630 1202 1633
439 0 -1
771 46 39 47 39 1202 1633 1203 1634
440 0 -1
772 33 76 34 77 1203 1634 1205 1636
441 0 -1
773 33 37 33 40 1204 1635 1207 1638
442 0 -1
775 44 72 45 73 1206 1637 1211 1642
443 0 -1
777 5 43 5 45 1208 1639 1210 1641
444 0 -1
778 91 79 92 80 1209 1640 1211 1642
445 0 -1
779 87 49 90 49 1210 1641 1213 1644
446 0 -1
781 75 15 76 15 1212 1643 1213 1644
447 0 -1
782 87 61 91 61 1213 1644 1217 1648
448 0 -1
784 59 80 59 81 1215 1646 1217 1648
449 0 -1
787 5 74 7 74 1218 1649 1220 1651
450 0 -1
788 35 47 36 47 1219 1650 1220 1651
451 0 -1
789 87 56 87 60 1220 1651 1224 1655
452 0 -1
790 57 65 58 66 1221 1652 1223 1654
453 0 -1
791 44 79 44 84 1222 1653 1227 1658
454 0 -1
793 10 77 11 77 1224 1655 1227 1658
455 0 -1
794 54 13 54 17 1225 1656 1229 1660
456 0 -1
795 75 11 77 11 1226 1657 1228 1659
457 0 -1
796 46 87 50 87 1227 1658 1231 1662
458 0 -1
797 14 48 15 48 1228 1659 1229 1660
459 0 -1
798 93 64 96 64 1229 1660 1232 1663
460 0 -1
799 6 44 8 44 1230 1661 1232 1663
461 0 -1
800 35 91 36 93 1231 1662 1236 1667
462 0 -1
802 2 5 2 9 1233 1664 1237 1668
463 0 -1
803 45 17 47 17 1234 1665 1236 1667
464 0 -1
805 83 31 87 32 1236 1667 1241 1672
465 0 -1
806 13 0 21 0 1237 1668 1246 1677
466 0 -1
807 81 55 83 55 1238 1669 1240 1671
467 0 -1
810 58 42 59 42 1241 1672 1242 1673
468 0 -1
813 76 11 76 12 1244 1675 1245 1676
469 0 -1
818 67 36 67 38 1249 1680 1251 1682
470 0 -1
820 28 24 29 26 1251 1682 1254 1685
471 0 -1
824 90 25 92 25 1255 1686 1257 1688
472 0 -1
825 8 98 11 98 1256 1687 1259 1690
473 0 -1
827 0 60 0 61 1258 1689 1259 1690
474 0 -1
828 49 59 53 59 1259 1690 1269 1700
475 0 -1
830 64 12 66 13 1261 1692 1264 1695
476 0 -1
831 81 43 81 44 1262 1693 1263 1694
477 0 -1
833 90 72 90 73 1264 1695 1266 1697
478 0 -1
834 51 62 52 62 1265 1696 1267 1698
479 0 -1
835 7 85 9 87 1266 1697 1276 1707
480 0 -1
839 55 21 55 22 1270 1701 1272 1703
481 0 -1
841 89 22 91 22 1272 1703 1276 1707
482 0 -1
842 10 38 12 38 1273 1704 1275 1706
483 0 -1
844 10 73 15 73 1275 1706 1280 1711
484 0 -1
845 97 83 97 83 1276 1707 1278 1709
485 0 -1
846 94 99 98 97 1277 1708 1283 1714
486 0 -1
847 56 76 56 76 1278 1709 1279 1710
487 0 -1
850 95 72 95 72 1281 1712 1284 1715
488 0 -1
851 10 32 13 32 1282 1713 1286 1717
489 0 -1
854 51 11 52 11 1285 1716 1286 1717
490 0 -1
856 98 21 99 23 1287 1718 1290 1721
491 0 -1
859 17 54 22 54 1290 1721 1295 1726
492 0 -1
860 32 93 32 93 1291 1722 1292 1723
493 0 -1
861 45 38 45 40 1292 1723 1294 1725
494 0 -1
864 51 49 53 50 1295 1726 1298 1729
495 0 -1
867 49 75 49 76 1298 1729 1299 1730
496 0 -1
868 9 65 11 65 1299 1730 1301 1732
497 0 -1
871 36 65 46 68 1302 1733 1318 1749
498 0 -1
873 3 70 3 71 1304 1735 1306 1737
499 0 -1
874 98 83 96 85 1305 1736 1310 1741
500 0 -1
875 43 28 44 29 1306 1737 1309 1740
501 0 -1
877 1 32 2 34 1308 1739 1311 1742
502 0 -1
878 99 58 99 60 1309 1740 1311 1742
503 0 -1
879 91 58 92 58 1310 1741 1312 1743
504 0 -1
880 41 73 41 76 1311 1742 1315 1746
505 0 -1
881 12 9 12 11 1312 1743 1318 1749
506 0 -1
882 43 67 43 67 1313 1744 1315 1746
507 0 -1
885 42 34 43 34 1316 1747 1317 1748
508 0 -1
887 1 8 4 8 1318 1749 1321 1752
509 0 -1
889 57 6 60 6 1320 1751 1323 1754
510 0 -1
891 58 76 60 76 1322 1753 1324 1755
511 0 -1
893 18 86 20 86 1324 1755 1326 1757
512 0 -1
894 69 79 70 79 1325 1756 1328 1759
513 0 -1
895 78 24 80 25 1326 1757 1329 1760
514 0 -1
896 2 98 4 98 1327 1758 1329 1760
515 0 -1
897 91 55 91 55 1328 1759 1329 1760
516 0 -1
898 31 63 33 63 1329 1760 1331 1762
517 0 -1
899 72 50 73 50 1330 1761 1332 1763
518 0 -1
900 3 80 7 82 1331 1762 1337 1768
519 0 -1
901 33 66 34 67 1332 1763 1334 1765
520 0 -1
902 38 30 39 30 1333 1764 1334 1765
521 0 -1
905 72 64 72 64 1336 1767 1337 1768
522 0 -1
910 84 0 85 0 1341 1772 1342 1773
523 0 -1
912 91 77 81 77 1343 1774 1353 1784
524 0 -1
914 11 59 15 62 1345 1776 1352 1783
525 0 -1
917 14 93 16 94 1348 1779 1352 1783
526 0 -1
919 86 41 88 41 1350 1781 1352 1783
527 0 -1
920 5 13 8 13 1351 1782 1354 1785
528 0 -1
921 78 66 79 66 1352 1783 1353 1784
529 0 -1
923 98 8 98 8 1354 1785 1355 1786
530 0 -1
925 6 49 9 49 1356 1787 1359 1790
531 0 -1
926 87 82 91 83 1357 1788 1366 1797
532 0 -1
927 26 8 26 10 1358 1789 1361 1792
533 0 -1
928 15 76 15 80 1359 1790 1363 1794
534 0 -1
929 29 10 30 10 1360 1791 1361 1792
535 0 -1
931 66 97 68 97 1362 1793 1364 1795
536 0 -1
933 2 53 2 58 1364 1795 1371 1802
537 0 -1
935 25 19 26 19 1366 1797 1368 1799
538 0 -1
936 0 60 1 60 1367 1798 1368 1799
539 0 -1
937 72 85 76 85 1368 1799 1372 1803
540 0 -1
938 61 3 62 4 1369 1800 1373 1804
541 0 -1
940 49 45 51 45 1371 1802 1373 1804
542 0 -1
942 79 98 80 98 1373 1804 1374 1805
543 0 -1
943 91 90 92 91 1374 1805 1381 1812
544 0 -1
944 57 38 57 38 1375 1806 1376 1807
545 0 -1
945 62 48 63 49 1376 1807 1379 1810
546 0 -1
947 7 68 14 68 1378 1809 1391 1822
547 0 -1
948 21 71 22 71 1379 1810 1382 1813
548 0 -1
950 84 58 86 58 1381 1812 1383 1814
549 0 -1
951 96 23 98 23 1382 1813 1384 1815
550 0 -1
954 25 11 26 12 1385 1816 1387 1818
551 0 -1
955 59 76 59 77 1386 1817 1387 1818
552 0 -1
957 10 20 10 20 1388 1819 1391 1822
553 0 -1
958 44 32 44 32 1389 1820 1390 1821
554 0 -1
963 59 70 59 72 1394 1825 1397 1828
555 0 -1
964 17 80 18 80 1395 1826 1397 1828
556 0 -1
966 87 61 89 61 1397 1828 1399 1830
557 0 -1
969 7 77 9 77 1400 1831 1402 1833
558 0 -1
972 23 75 26 75 1403 1834 1409 1840
559 0 -1
973 52 44 52 48 1404 1835 1408 1839
560 0 -1
974 56 75 66 75 1405 1836 1415 1846
561 0 -1
976 41 26 41 28 1407 1838 1412 1843
562 0 -1
979 36 22 36 26 1410 1841 1414 1845
563 0 -1
981 28 40 28 40 1412 1843 1413 1844
564 0 -1
983 44 34 45 36 1414 1845 1417 1848
565 0 -1
984 96 84 97 84 1415 1846 1421 1852
566 0 -1
987 30 41 30 43 1418 1849 1422 1853
567 0 -1
989 65 26 66 27 1420 1851 1423 1854
568 0 -1
990 0 13 1 16 1421 1852 1425 1856
569 0 -1
992 37 23 41 23 1423 1854 1427 1858
570 0 -1
993 0 42 0 44 1424 1855 1426 1857
571 0 -1
994 47 72 50 72 1425 1856 1429 1860
572 0 -1
996 13 27 14 27 1427 1858 1429 1860
573 0 -1
997 51 99 51 97 1428 1859 1430 1861
574 0 -1
998 35 72 36 72 1429 1860 1430 1861
575 0 -1
999 29 50 30 51 1430 1861 1432 1863
576 0 -1
1001 76 6 90 31 1432 1863 1481 1912
577 0 -1
1004 82 65 84 65 1435 1866 1437 1868
578 0 -1
1008 99 87 99 87 1439 1870 1440 1871
579 0 -1
1010 57 96 58 96 1441 1872 1443 1874
580 0 -1
1012 44 61 45 61 1443 1874 1444 1875
581 0 -1
1015 52 25 53 25 1446 1877 1447 1878
582 0 -1
1016 84 5 84 6 1447 1878 1448 1879
583 0 -1
1017 76 5 77 5 1448 1879 1451 1882
584 0 -1
1018 71 66 75 72 1449 1880 1463 1894
585 0 -1
1019 51 36 55 37 1450 1881 1460 1891
586 0 -1
1020 73 37 74 38 1451 1882 1454 1885
587 0 -1
1021 52 63 53 63 1452 1883 1453 1884
588 0 -1
1022 89 18 77 20 1453 1884 1467 1898
589 0 -1
1025 38 74 38 79 1456 1887 1461 1892
590 0 -1
1027 13 45 13 45 1458 1889 1459 1890
591 0 -1
1028 62 93 63 93 1459 1890 1460 1891
592 0 -1
1031 12 89 13 92 1462 1893 1471 1902
593 0 -1
1032 51 56 54 58 1463 1894 1470 1901
594 0 -1
1033 19 92 21 94 1464 1895 1468 1899
595 0 -1
1035 85 95 87 95 1466 1897 1468 1899
596 0 -1
1036 8 33 9 33 1467 1898 1469 1900
597 0 -1
1037 92 44 92 44 1468 1899 1469 1900
598 0 -1
1039 72 4 72 4 1470 1901 1471 1902
599 0 -1
1040 74 15 74 15 1471 1902 1472 1903
600 0 -1
1042 69 59 73 59 1473 1904 1484 1915
601 0 -1
1044 75 53 79 53 1475 1906 1479 1910
602 0 -1
1045 5 39 7 40 1476 1907 1479 1910
603 0 -1
1051 95 57 95 58 1482 1913 1483 1914
604 0 -1
1053 67 53 68 53 1484 1915 1485 1916
605 0 -1
1056 66 67 67 68 1487 1918 1489 1920
606 0 -1
1057 47 87 49 87 1488 1919 1490 1921
607 0 -1
1059 70 92 73 93 1490 1921 1494 1925
608 0 -1
1060 84 6 89 6 1491 1922 1496 1927
609 0 -1
1063 9 48 10 49 1494 1925 1497 1928
610 0 -1
1065 75 63 77 64 1496 1927 1499 1930
611 0 -1
1066 36 32 37 32 1497 1928 1499 1930
612 0 -1
1067 71 69 71 69 1498 1929 1499 1930
613 0 -1
1070 47 50 55 53 1501 1932 1513 1944
614 0 -1
1071 85 42 88 42 1502 1933 1507 1938
615 0 -1
1073 28 27 32 28 1504 1935 1519 1950
616 0 -1
1074 66 73 66 74 1505 1936 1506 1937
617 0 -1
1075 85 52 85 55 1506 1937 1509 1940
618 0 -1
1078 38 49 41 50 1509 1940 1513 1944
619 0 -1
1082 96 77 97 77 1513 1944 1514 1945
620 0 -1
1083 24 2 25 2 1514 1945 1516 1947
621 0 -1
1084 86 7 91 7 1515 1946 1521 1952
622 0 -1
1085 73 89 73 89 1516 1947 1519 1950
623 0 -1
1086 4 56 7 56 1517 1948 1521 1952
624 0 -1
1090 22 44 23 44 1521 1952 1522 1953
625 0 -1
1091 78 17 81 17 1522 1953 1526 1957
626 0 -1
1092 25 54 26 54 1523 1954 1524 1955
627 0 -1
1095 57 94 57 97 1526 1957 1529 1960
628 0 -1
1097 55 66 55 68 1528 1959 1531 1962
629 0 -1
1098 15 43 16 46 1529 1960 1533 1964
630 0 -1
1099 70 2 73 3 1530 1961 1535 1966
631 0 -1
1100 36 99 41 99 1531 1962 1536 1967
632 0 -1
1102 47 43 47 44 1533 1964 1536 1967
633 0 -1
1103 45 89 52 89 1534 1965 1541 1972
634 0 -1
1104 43 73 44 73 1535 1966 1536 1967
635 0 -1
1105 49 80 50 80 1536 1967 1537 1968
636 0 -1
1107 25 52 28 56 1538 1969 1548 1979
637 0 -1
1109 64 26 65 26 1540 1971 1543 1974
638 0 -1
1111 83 83 83 83 1542 1973 1544 1975
639 0 -1
1113 31 32 32 32 1544 1975 1545 1976
640 0 -1
1114 79 74 80 74 1545 1976 1546 1977
641 0 -1
1115 49 75 49 75 1546 1977 1549 1980
642 0 -1
1116 44 19 48 21 1547 1978 1558 1989
643 0 -1
1118 52 42 53 43 1549 1980 1551 1982
644 0 -1
1120 6 65 6 65 1551 1982 1553 1984
645 0 -1
1121 63 75 63 75 1552 1983 1553 1984
646 0 -1
1122 70 45 72 46 1553 1984 1556 1987
647 0 -1
1124 1 2 4 6 1555 1986 1562 1993
648 0 -1
1125 13 22 13 24 1556 1987 1558 1989
649 0 -1
1126 74 9 84 11 1557 1988 1569 2000
650 0 -1
1129 22 99 22 99 1560 1991 1561 1992
651 0 -1
1130 35 60 35 60 1561 1992 1562 1993
652 0 -1
1132 93 70 94 70 1563 1994 1565 1996
653 0 -1
1133 92 17 92 17 1564 1995 1567 1998
654 0 -1
1137 81 9 82 11 1568 1999 1572 2003
655 0 -1
1138 89 33 89 33 1569 2000 1570 2001
656 0 -1
1139 15 53 15 53 1570 2001 1571 2002
657 0 -1
1141 48 92 48 93 1572 2003 1574 2005
658 0 -1
1142 92 50 94 50 1573 2004 1576 2007
659 0 -1
1144 51 11 54 11 1575 2006 1578 2009
660 0 -1
1147 15 8 15 12 1578 2009 1582 2013
661 0 -1
1150 68 10 69 10 1581 2012 1582 2013
662 0 -1
1151 16 6 17 6 1582 2013 1584 2015
663 0 -1
1154 76 32 76 32 1585 2016 1586 2017
664 0 -1
1156 7 29 8 30 1587 2018 1589 2020
665 0 -1
1157 28 86 31 88 1588 2019 1593 2024
666 0 -1
1158 96 17 97 18 1589 2020 1593 2024
667 0 -1
1159 50 63 51 64 1590 2021 1592 2023
668 0 -1
1164 15 60 18 60 1595 2026 1598 2029
669 0 -1
1166 51 72 52 74 1597 2028 1600 2031
670 0 -1
1169 32 49 35 49 1600 2031 1603 2034
671 0 -1
1170 45 6 46 8 1601 2032 1604 2035
672 0 -1
1171 2 99 3 93 1602 2033 1611 2042
673 0 -1
1172 3 31 4 31 1603 2034 1604 2035
674 0 -1
1174 63 55 68 56 1605 2036 1612 2043
675 0 -1
1175 70 31 72 32 1606 2037 1609 2040
676 0 -1
1176 9 60 9 61 1607 2038 1609 2040
677 0 -1
1177 38 70 39 70 1608 2039 1610 2041
678 0 -1
1179 90 86 90 87 1610 2041 1611 2042
679 0 -1
1186 27 91 27 93 1617 2048 1619 2050
680 0 -1
1187 62 22 63 23 1618 2049 1620 2051
681 0 -1
1188 13 25 13 26 1619 2050 1620 2051
682 0 -1
1190 35 20 35 21 1621 2052 1622 2053
683 0 -1
1191 79 1 81 1 1622 2053 1624 2055
684 0 -1
1194 63 62 63 63 1625 2056 1627 2058
685 0 -1
1195 66 35 69 35 1626 2057 1629 2060
686 0 -1
1197 75 26 77 27 1628 2059 1631 2062
687 0 -1
1198 69 54 69 57 1629 2060 1633 2064
688 0 -1
1201 31 89 35 90 1632 2063 1637 2068
689 0 -1
1202 12 17 13 17 1633 2064 1634 2065
690 0 -1
1203 92 49 92 50 1634 2065 1635 2066
691 0 -1
1205 14 57 16 57 1636 2067 1639 2070
692 0 -1
1207 61 37 61 38 1638 2069 1642 2073
693 0 -1
1208 65 94 67 94 1639 2070 1641 2072
694 0 -1
1209 19 5 19 5 1640 2071 1641 2072
695 0 -1
1211 9 5 13 5 1642 2073 1646 2077
696 0 -1
1214 22 57 23 62 1645 2076 1651 2082
697 0 -1
1217 75 10 75 12 1648 2079 1650 2081
698 0 -1
1218 73 73 73 73 1649 2080 1650 2081
699 0 -1
1219 56 28 61 28 1650 2081 1657 2088
700 0 -1
1220 41 94 41 94 1651 2082 1652 2083
701 0 -1
1222 36 95 36 95 1653 2084 1656 2087
702 0 -1
1223 3 31 6 32 1654 2085 1658 2089
703 0 -1
1226 57 12 58 14 1657 2088 1660 2091
704 0 -1
1227 62 35 63 35 1658 2089 1659 2090
705 0 -1
1229 21 68 21 69 1660 2091 1661 2092
706 0 -1
1230 36 10 41 10 1661 2092 1666 2097
707 0 -1
1231 7 31 7 32 1662 2093 1663 2094
708 0 -1
1233 90 0 90 2 1664 2095 1666 2097
709 0 -1
1235 36 51 37 51 1666 2097 1670 2101
710 0 -1
1236 74 64 75 66 1667 2098 1672 2103
711 0 -1
1237 25 94 29 94 1668 2099 1673 2104
712 0 -1
1238 57 55 58 55 1669 2100 1674 2105
713 0 -1
1240 94 24 98 24 1671 2102 1675 2106
714 0 -1
1241 31 82 32 82 1672 2103 1673 2104
715 0 -1
1242 52 46 57 52 1673 2104 1686 2117
716 0 -1
1243 97 1 98 2 1674 2105 1676 2107
717 0 -1
1244 12 80 18 81 1675 2106 1682 2113
718 0 -1
1246 0 72 8 73 1677 2108 1686 2117
719 0 -1
1250 8 83 8 83 1681 2112 1682 2113
720 0 -1
1254 83 25 85 28 1685 2116 1692 2123
721 0 -1
1255 96 6 99 6 1686 2117 1690 2121
722 0 -1
1258 42 80 51 82 1689 2120 1705 2136
723 0 -1
1259 86 8 95 16 1690 2121 1708 2139
724 0 -1
1260 15 40 18 43 1691 2122 1697 2128
725 0 -1
1261 25 93 31 94 1692 2123 1699 2130
726 0 -1
1263 48 14 48 16 1694 2125 1701 2132
727 0 -1
1264 62 88 64 89 1695 2126 1699 2130
728 0 -1
1265 37 95 38 95 1696 2127 1698 2129
729 0 -1
1266 15 32 16 32 1697 2128 1698 2129
730 0 -1
1268 28 74 29 74 1699 2130 1702 2133
731 0 -1
1276 38 49 39 49 1707 2138 1708 2139
732 0 -1
1277 98 75 94 76 1708 2139 1713 2144
733 0 -1
1281 67 69 68 70 1712 2143 1714 2145
734 0 -1
1284 63 59 63 60 1715 2146 1717 2148
735 0 -1
1287 68 53 70 55 1718 2149 1722 2153
736 0 -1
1290 14 17 20 17 1721 2152 1728 2159
737 0 -1
1291 54 97 57 97 1722 2153 1725 2156
738 0 -1
1292 66 96 91 96 1723 2154 1749 2180
739 0 -1
1297 67 78 68 78 1728 2159 1731 2162
740 0 -1
1298 38 92 39 92 1729 2160 1730 2161
741 0 -1
1299 59 53 59 55 1730 2161 1733 2164
742 0 -1
1300 99 94 97 94 1731 2162 1733 2164
743 0 -1
1307 28 61 28 61 1738 2169 1739 2170
744 0 -1
1309 93 18 95 18 1740 2171 1742 2173
745 0 -1
1312 52 82 53 82 1743 2174 1745 2176
746 0 -1
1313 94 1 95 1 1744 2175 1745 2176
747 0 -1
1314 64 47 68 47 1745 2176 1749 2180
748 0 -1
1315 56 76 57 76 1746 2177 1751 2182
749 0 -1
1316 50 46 52 46 1747 2178 1749 2180
750 0 -1
1317 72 57 74 57 1748 2179 1750 2181
751 0 -1
1318 75 62 77 63 1749 2180 1752 2183
752 0 -1
1319 2 5 2 5 1750 2181 1752 2183
753 0 -1
1320 55 66 56 66 1751 2182 1752 2183
754 0 -1
1321 30 73 32 73 1752 2183 1754 2185
755 0 -1
1323 51 93 53 93 1754 2185 1756 2187
756 0 -1
1324 65 41 68 43 1755 2186 1760 2191
757 0 -1
1325 59 29 60 29 1756 2187 1762 2193
758 0 -1
1326 14 55 15 55 1757 2188 1758 2189
759 0 -1
1327 91 58 95 58 1758 2189 1768 2199
760 0 -1
1329 39 62 41 62 1760 2191 1762 2193
761 0 -1
1332 90 32 90 34 1763 2194 1765 2196
762 0 -1
1333 47 51 48 51 1764 2195 1765 2196
763 0 -1
1335 52 27 58 32 1766 2197 1782 2213
764 0 -1
1336 53 32 53 33 1767 2198 1768 2199
765 0 -1
1338 75 52 77 53 1769 2200 1772 2203
766 0 -1
1340 91 54 98 54 1771 2202 1778 2209
767 0 -1
1342 55 72 58 72 1773 2204 1776 2207
768 0 -1
1344 49 50 49 50 1775 2206 1777 2208
769 0 -1
1345 72 39 73 39 1776 2207 1777 2208
770 0 -1
1347 35 74 35 77 1778 2209 1781 2212
771 0 -1
1348 47 3 51 4 1779 2210 1784 2215
772 0 -1
1349 51 7 52 11 1780 2211 1786 2217
773 0 -1
1354 68 77 70 78 1785 2216 1788 2219
774 0 -1
1355 2 17 5 19 1786 2217 1791 2222
775 0 -1
1359 45 73 46 77 1790 2221 1795 2226
776 0 -1
1362 66 13 68 13 1793 2224 1795 2226
777 0 -1
1365 8 89 8 90 1796 2227 1797 2228
778 0 -1
1368 26 98 26 99 1799 2230 1801 2232
779 0 -1
1369 66 64 88 77 1800 2231 1835 2266
780 0 -1
1370 18 85 19 86 1801 2232 1803 2234
781 0 -1
1372 45 5 48 5 1803 2234 1808 2239
782 0 -1
1374 54 57 54 58 1805 2236 1807 2238
783 0 -1
1375 85 60 88 61 1806 2237 1813 2244
784 0 -1
1376 38 94 38 95 1807 2238 1808 2239
785 0 -1
1377 1 57 3 58 1808 2239 1811 2242
786 0 -1
1378 85 35 85 35 1809 2240 1810 2241
787 0 -1
1379 14 97 15 97 1810 2241 1814 2245
788 0 -1
1381 75 88 76 90 1812 2243 1815 2246
789 0 -1
1382 60 58 62 59 1813 2244 1816 2247
790 0 -1
1383 92 72 94 72 1814 2245 1816 2247
791 0 -1
1385 55 66 56 71 1816 2247 1822 2253
792 0 -1
1386 93 0 94 1 1817 2248 1820 2251
793 0 -1
1387 61 95 62 99 1818 2249 1829 2260
794 0 -1
1388 41 42 41 44 1819 2250 1822 2253
795 0 -1
1389 49 86 51 86 1820 2251 1822 2253
796 0 -1
1390 4 49 4 51 1821 2252 1823 2254
797 0 -1
1391 33 48 33 49 1822 2253 1824 2255
798 0 -1
1393 14 45 14 46 1824 2255 1826 2257
799 0 -1
1395 2 37 8 37 1826 2257 1834 2265
800 0 -1
1396 91 11 91 11 1827 2258 1828 2259
801 0 -1
1400 66 52 69 52 1831 2262 1834 2265
802 0 -1
1401 13 32 13 32 1832 2263 1835 2266
803 0 -1
1402 82 42 89 42 1833 2264 1840 2271
804 0 -1
1403 46 76 48 76 1834 2265 1836 2267
805 0 -1
1406 3 35 3 36 1837 2268 1838 2269
806 0 -1
1411 91 50 92 50 1842 2273 1844 2275
807 0 -1
1412 74 30 79 30 1843 2274 1849 2280
808 0 -1
1413 96 15 96 16 1844 2275 1845 2276
809 0 -1
1414 70 27 71 28 1845 2276 1847 2278
810 0 -1
1415 37 28 39 28 1846 2277 1848 2279
811 0 -1
1417 12 81 13 81 1848 2279 1849 2280
812 0 -1
1418 60 70 60 72 1849 2280 1854 2285
813 0 -1
1419 37 24 38 28 1850 2281 1857 2288
814 0 -1
1420 73 59 78 60 1851 2282 1859 2290
815 0 -1
1423 38 1 39 1 1854 2285 1855 2286
816 0 -1
1426 78 0 80 0 1857 2288 1859 2290
817 0 -1
1428 40 5 42 6 1859 2290 1862 2293
818 0 -1
1429 80 12 82 12 1860 2291 1862 2293
819 0 -1
1430 31 72 32 72 1861 2292 1862 2293
820 0 -1
1431 86 90 89 90 1862 2293 1865 2296
821 0 -1
1432 24 26 24 26 1863 2294 1864 2295
822 0 -1
1434 68 52 68 52 1865 2296 1866 2297
823 0 -1
1435 0 23 7 23 1866 2297 1873 2304
824 0 -1
1436 62 62 62 64 1867 2298 1869 2300
825 0 -1
1438 2 15 3 16 1869 2300 1873 2304
826 0 -1
1439 43 15 43 15 1870 2301 1871 2302
827 0 -1
1440 11 9 11 11 1871 2302 1874 2305
828 0 -1
1441 3 2 10 2 1872 2303 1879 2310
829 0 -1
1442 50 81 50 82 1873 2304 1875 2306
830 0 -1
1443 69 57 72 58 1874 2305 1879 2310
831 0 -1
1444 71 24 72 24 1875 2306 1877 2308
832 0 -1
1446 69 80 71 80 1877 2308 1883 2314
833 0 -1
1447 52 44 53 45 1878 2309 1880 2311
834 0 -1
1448 57 41 58 42 1879 2310 1881 2312
835 0 -1
1452 4 57 4 58 1883 2314 1884 2315
836 0 -1
1454 70 67 74 67 1885 2316 1889 2320
837 0 -1
1455 66 12 68 12 1886 2317 1888 2319
838 0 -1
1456 65 39 66 39 1887 2318 1888 2319
839 0 -1
1457 91 8 92 8 1888 2319 1894 2325
840 0 -1
1458 90 96 90 96 1889 2320 1899 2330
841 0 -1
1461 57 77 58 77 1892 2323 1895 2326
842 0 -1
1462 52 93 52 97 1893 2324 1897 2328
843 0 -1
1463 63 59 65 59 1894 2325 1896 2327
844 0 -1
1465 64 84 66 84 1896 2327 1898 2329
845 0 -1
1466 48 51 49 52 1897 2328 1899 2330
846 0 -1
1468 19 50 20 50 1899 2330 1900 2331
847 0 -1
1469 86 86 90 87 1900 2331 1905 2336
848 0 -1
1470 87 18 88 18 1901 2332 1902 2333
849 0 -1
1472 72 65 72 65 1903 2334 1908 2339
850 0 -1
1473 6 90 10 90 1904 2335 1909 2340
851 0 -1
1474 30 36 41 36 1905 2336 1916 2347
852 0 -1
1475 68 1 70 1 1906 2337 1908 2339
853 0 -1
1478 59 68 64 69 1909 2340 1915 2346
854 0 -1
1479 60 35 62 35 1910 2341 1912 2343
855 0 -1
1481 82 81 82 83 1912 2343 1914 2345
856 0 -1
1483 79 59 84 65 1914 2345 1925 2356
857 0 -1
1486 29 26 34 26 1917 2348 1922 2353
858 0 -1
1487 5 46 8 46 1918 2349 1922 2353
859 0 -1
1493 4 99 5 99 1924 2355 1926 2357
860 0 -1
1495 50 1 51 1 1926 2357 1927 2358
861 0 -1
1496 85 65 86 66 1927 2358 1931 2362
862 0 -1
1497 43 52 43 56 1928 2359 1932 2363
863 0 -1
1499 37 56 38 57 1930 2361 1932 2363
864 0 -1
1500 39 68 40 68 1931 2362 1933 2364
865 0 -1
1501 86 9 92 11 1932 2363 1940 2371
866 0 -1
1502 43 14 47 14 1933 2364 1937 2368
867 0 -1
1504 16 3 28 4 1935 2366 1948 2379
868 0 -1
1505 95 27 98 30 1936 2367 1946 2377
869 0 -1
1506 99 61 98 62 1937 2368 1939 2370
870 0 -1
1507 56 17 57 19 1938 2369 1941 2372
871 0 -1
1508 27 66 28 68 1939 2370 1945 2376
872 0 -1
1509 15 56 15 57 1940 2371 1941 2372
873 0 -1
1511 77 13 78 14 1942 2373 1944 2375
874 0 -1
1513 79 8 81 10 1944 2375 1949 2380
875 0 -1
1515 72 27 72 28 1946 2377 1947 2378
876 0 -1
1516 79 43 82 43 1947 2378 1950 2381
877 0 -1
1517 43 7 44 8 1948 2379 1951 2382
878 0 -1
1518 48 96 50 97 1949 2380 1952 2383
879 0 -1
1519 13 78 14 81 1950 2381 1954 2385
880 0 -1
1521 20 12 23 13 1952 2383 1956 2387
881 0 -1
1522 76 27 76 28 1953 2384 1955 2386
882 0 -1
1523 86 57 88 57 1954 2385 1956 2387
883 0 -1
1527 26 98 28 100 1958 2389 1962 2393
884 0 -1
1528 38 72 39 72 1959 2390 1960 2391
885 0 -1
1533 10 15 11 15 1964 2395 1965 2396
886 0 -1
1534 36 34 39 37 1965 2396 1974 2405
887 0 -1
1535 23 74 23 76 1966 2397 1969 2400
888 0 -1
1536 51 94 52 94 1967 2398 1969 2400
889 0 -1
1538 64 64 64 64 1969 2400 1973 2404
890 0 -1
1540 23 19 24 19 1971 2402 1972 2403
891 0 -1
1543 68 59 70 59 1974 2405 1977 2408
892 0 -1
1544 25 67 27 67 1975 2406 1977 2408
893 0 -1
1545 73 60 74 60 1976 2407 1978 2409
894 0 -1
1547 94 53 98 53 1978 2409 1983 2414
895 0 -1
1550 21 98 22 98 1981 2412 1983 2414
896 0 -1
1551 50 96 51 97 1982 2413 1984 2415
897 0 -1
1552 55 66 58 68 1983 2414 1988 2419
898 0 -1
1554 6 20 9 21 1985 2416 1989 2420
899 0 -1
1555 44 80 45 81 1986 2417 1988 2419
900 0 -1
1556 83 66 85 66 1987 2418 1989 2420
901 0 -1
1559 26 38 26 41 1990 2421 1996 2427
902 0 -1
1560 23 13 29 13 1991 2422 1997 2428
903 0 -1
1562 76 2 78 2 1993 2424 1995 2426
904 0 -1
1563 68 4 73 4 1994 2425 2004 2435
905 0 -1
1564 25 80 26 81 1995 2426 1997 2428
906 0 -1
1566 99 86 99 87 1997 2428 1999 2430
907 0 -1
1567 58 66 59 66 1998 2429 2002 2433
908 0 -1
1573 10 79 10 81 2004 2435 2012 2443
909 0 -1
1575 21 83 22 83 2006 2437 2007 2438
910 0 -1
1576 81 43 81 43 2007 2438 2009 2440
911 0 -1
1577 0 33 0 34 2008 2439 2010 2441
912 0 -1
1579 33 13 34 13 2010 2441 2013 2444
913 0 -1
1580 44 19 46 19 2011 2442 2013 2444
914 0 -1
1582 64 91 64 92 2013 2444 2014 2445
915 0 -1
1584 71 37 72 37 2015 2446 2016 2447
916 0 -1
1587 79 50 88 52 2018 2449 2030 2461
917 0 -1
1588 66 18 67 20 2019 2450 2023 2454
918 0 -1
1589 10 44 11 45 2020 2451 2022 2453
919 0 -1
1590 35 89 35 89 2021 2452 2024 2455
920 0 -1
1591 63 40 63 45 2022 2453 2027 2458
921 0 -1
1593 81 5 81 8 2024 2455 2028 2459
922 0 -1
1594 50 41 50 41 2025 2456 2027 2458
923 0 -1
1596 93 90 95 90 2027 2458 2029 2460
924 0 -1
1598 5 96 6 96 2029 2460 2030 2461
925 0 -1
1599 30 1 31 4 2030 2461 2034 2465
926 0 -1
1600 95 1 95 1 2031 2462 2032 2463
927 0 -1
1603 28 66 28 67 2034 2465 2035 2466
928 0 -1
1606 85 85 86 86 2037 2468 2039 2470
929 0 -1
1608 11 67 11 68 2039 2470 2040 2471
930 0 -1
1609 76 90 77 91 2040 2471 2042 2473
931 0 -1
1610 99 15 98 15 2041 2472 2042 2473
932 0 -1
1611 43 25 45 25 2042 2473 2044 2475
933 0 -1
1613 71 56 71 58 2044 2475 2046 2477
934 0 -1
1615 3 73 4 73 2046 2477 2047 2478
935 0 -1
1618 57 52 58 54 2049 2480 2052 2483
936 0 -1
1620 18 46 18 47 2051 2482 2056 2487
937 0 -1
1621 63 79 69 79 2052 2483 2059 2490
938 0 -1
1623 14 76 19 76 2054 2485 2059 2490
939 0 -1
1624 39 73 40 73 2055 2486 2056 2487
940 0 -1
1625 61 10 64 10 2056 2487 2059 2490
941 0 -1
1626 52 88 53 89 2057 2488 2059 2490
942 0 -1
1627 54 43 64 43 2058 2489 2071 2502
943 0 -1
1629 25 63 25 64 2060 2491 2061 2492
944 0 -1
1631 14 89 14 89 2062 2493 2064 2495
945 0 -1
1633 68 43 77 43 2064 2495 2074 2505
946 0 -1
1634 34 67 35 68 2065 2496 2067 2498
947 0 -1
1637 38 89 39 89 2068 2499 2069 2500
948 0 -1
1638 51 24 51 24 2069 2500 2072 2503
949 0 -1
1640 70 79 74 80 2071 2502 2081 2512
950 0 -1
1641 96 54 97 54 2072 2503 2075 2506
951 0 -1
1642 2 40 6 40 2073 2504 2077 2508
952 0 -1
1645 35 63 36 63 2076 2507 2077 2508
953 0 -1
1648 60 79 61 80 2079 2510 2081 2512
954 0 -1
1649 96 66 97 66 2080 2511 2082 2513
955 0 -1
1650 68 31 69 31 2081 2512 2082 2513
956 0 -1
1656 7 92 10 93 2087 2518 2091 2522
957 0 -1
1657 18 86 18 86 2088 2519 2091 2522
958 0 -1
1659 5 56 8 56 2090 2521 2094 2525
959 0 -1
1660 66 35 68 36 2091 2522 2095 2526
960 0 -1
1661 6 84 7 85 2092 2523 2099 2530
961 0 -1
1662 86 93 89 93 2093 2524 2100 2531
962 0 -1
1663 61 52 63 57 2094 2525 2101 2532
963 0 -1
1664 56 96 57 97 2095 2526 2097 2528
964 0 -1
1665 54 28 54 28 2096 2527 2097 2528
965 0 -1
1668 47 98 48 98 2099 2530 2102 2533
966 0 -1
1671 99 42 94 43 2102 2533 2110 2541
967 0 -1
1672 86 96 86 99 2103 2534 2107 2538
968 0 -1
1673 6 23 10 24 2104 2535 2109 2540
969 0 -1
1675 18 60 19 60 2106 2537 2107 2538
970 0 -1
1676 87 21 87 23 2107 2538 2110 2541
971 0 -1
1678 13 8 16 8 2109 2540 2112 2543
972 0 -1
1679 39 72 40 76 2110 2541 2117 2548
973 0 -1
1680 95 35 98 35 2111 2542 2115 2546
974 0 -1
1683 39 96 46 96 2114 2545 2121 2552
975 0 -1
1685 60 37 63 37 2116 2547 2119 2550
976 0 -1
1686 20 93 23 93 2117 2548 2127 2558
977 0 -1
1687 94 76 94 80 2118 2549 2122 2553
978 0 -1
1688 26 36 30 38 2119 2550 2125 2556
979 0 -1
1690 34 40 37 41 2121 2552 2125 2556
980 0 -1
1691 7 83 8 84 2122 2553 2124 2555
981 0 -1
1692 89 67 92 67 2123 2554 2126 2557
982 0 -1
1694 36 36 36 36 2125 2556 2126 2557
983 0 -1
1695 57 75 58 75 2126 2557 2130 2561
984 0 -1
1696 77 4 77 6 2127 2558 2130 2561
985 0 -1
1697 62 89 64 89 2128 2559 2130 2561
986 0 -1
1698 57 21 58 21 2129 2560 2131 2562
987 0 -1
1700 45 54 47 54 2131 2562 2133 2564
988 0 -1
1702 33 23 47 23 2133 2564 2147 2578
989 0 -1
1703 87 33 87 34 2134 2565 2135 2566
990 0 -1
1704 79 41 81 41 2135 2566 2138 2569
991 0 -1
1709 41 48 41 49 2140 2571 2143 2574
992 0 -1
1712 37 97 39 97 2143 2574 2146 2577
993 0 -1
1714 4 26 8 26 2145 2576 2149 2580
994 0 -1
1717 30 71 31 74 2148 2579 2152 2583
995 0 -1
1718 47 18 49 18 2149 2580 2151 2582
996 0 -1
1720 49 63 55 63 2151 2582 2157 2588
997 0 -1
1722 62 33 62 33 2153 2584 2154 2585
998 0 -1
1723 58 89 60 89 2154 2585 2156 2587
999 0 -1
1725 34 27 35 27 2156 2587 2158 2589
1000 0 -1
1726 98 15 98 18 2157 2588 2160 2591
