100 100 831
4
0 2 72
1 68 41
2 95 55
3 26 30
8
0 0 0 100 6
0
1 0 0 100 6
0
2 1 0 100 6
0
3 1 0 100 6
0
4 2 0 100 6
0
5 2 0 100 6
0
6 3 0 100 6
0
7 3 0 100 6
0
300
1 0 -1
2 60 62 61 63 140 278 143 281
2 3 -1
5 67 64 70 65 143 281 148 286
3 3 -1
7 83 61 84 64 145 283 149 287
4 0 -1
8 43 71 43 78 146 284 155 293
5 1 -1
9 0 82 1 87 147 285 153 291
6 3 -1
10 64 84 67 85 148 286 152 290
7 3 -1
11 11 18 13 18 149 287 155 293
8 0 -1
12 46 12 48 12 150 288 152 290
9 0 -1
13 19 24 19 24 151 289 153 291
10 0 -1
14 95 41 97 42 152 290 155 293
11 1 -1
15 10 45 14 46 153 291 159 297
12 3 -1
17 12 59 16 59 155 293 159 297
13 2 -1
18 97 96 92 96 156 294 162 300
14 2 -1
19 97 28 98 28 157 295 158 296
15 2 -1
20 79 70 80 71 158 296 160 298
16 2 -1
21 1 41 2 42 159 297 161 299
17 0 -1
22 27 18 29 19 160 298 164 302
18 1 -1
24 79 22 80 22 162 300 164 302
19 0 -1
29 54 46 58 47 167 305 173 311
20 1 -1
30 39 69 39 69 168 306 170 308
21 2 -1
31 39 12 39 14 169 307 171 309
22 3 -1
33 6 46 10 46 171 309 177 315
23 2 -1
35 88 77 88 77 173 311 174 312
24 0 -1
36 44 57 45 57 174 312 176 314
25 2 -1
39 59 0 59 1 177 315 178 316
26 0 -1
40 17 5 18 5 178 316 179 317
27 3 -1
41 51 34 51 34 179 317 181 319
28 1 -1
42 19 73 20 73 180 318 181 319
29 3 -1
43 82 74 82 74 181 319 182 320
30 3 -1
45 26 17 27 17 183 321 185 323
31 0 -1
49 42 45 44 45 187 325 190 328
32 3 -1
52 22 97 24 99 190 328 197 335
33 3 -1
53 97 81 97 86 191 329 196 334
34 1 -1
54 3 51 4 51 192 330 193 331
35 1 -1
56 21 64 27 65 194 332 211 349
36 3 -1
57 19 47 21 47 195 333 197 335
37 2 -1
59 67 73 68 73 197 335 198 336
38 0 -1
61 16 92 16 93 199 337 201 339
39 2 -1
62 71 8 74 9 200 338 208 346
40 1 -1
64 92 25 77 25 202 340 221 359
41 3 -1
69 30 78 31 78 207 345 209 347
42 0 -1
71 57 57 65 57 209 347 217 355
43 3 -1
73 42 97 45 98 211 349 216 354
44 2 -1
76 0 47 2 47 214 352 217 355
45 2 -1
78 32 71 34 71 216 354 218 356
46 1 -1
80 44 78 45 78 218 356 221 359
47 2 -1
81 71 23 72 23 219 357 221 359
48 1 -1
82 9 54 14 54 220 358 226 364
49 3 -1
83 65 49 68 50 221 359 226 364
50 3 -1
84 90 56 90 56 222 360 223 361
51 2 -1
86 38 8 42 8 224 362 234 372
52 1 -1
87 73 65 74 65 225 363 226 364
53 3 -1
90 21 66 21 67 228 366 229 367
54 2 -1
91 49 13 51 14 229 367 233 371
55 1 -1
92 88 53 89 53 230 368 231 369
56 2 -1
93 97 94 98 94 231 369 234 372
57 0 -1
94 67 40 68 45 232 370 238 376
58 2 -1
96 35 40 37 40 234 372 236 374
59 2 -1
103 87 0 87 2 241 379 244 382
60 2 -1
105 14 48 14 48 243 381 245 383
61 3 -1
106 50 77 55 79 244 382 254 392
62 3 -1
107 60 44 61 45 245 383 248 386
63 1 -1
108 50 10 56 12 246 384 254 392
64 2 -1
110 23 57 23 59 248 386 256 394
65 0 -1
111 26 78 27 78 249 387 250 388
66 1 -1
114 46 51 51 52 252 390 258 396
67 2 -1
115 50 79 55 79 253 391 258 396
68 3 -1
116 89 75 98 78 254 392 266 404
69 1 -1
119 29 43 32 43 257 395 260 398
70 2 -1
120 33 22 33 22 258 396 259 397
71 3 -1
122 29 45 32 46 260 398 264 402
72 2 -1
123 20 53 20 54 261 399 264 402
73 3 -1
124 43 21 46 21 262 400 266 404
74 1 -1
127 44 69 45 69 265 403 266 404
75 0 -1
128 2 2 15 6 266 404 285 423
76 0 -1
130 23 34 24 34 268 406 269 407
77 3 -1
132 2 50 9 53 270 408 285 423
78 1 -1
134 9 7 10 7 272 410 273 411
79 1 -1
135 17 42 22 44 273 411 284 422
80 2 -1
136 56 93 56 93 274 412 276 414
81 0 -1
139 98 65 98 65 277 415 278 416
82 1 -1
140 15 70 15 73 278 416 282 420
83 0 -1
141 68 75 73 75 279 417 284 422
84 3 -1
144 61 67 66 67 282 420 287 425
85 2 -1
145 75 34 75 35 283 421 285 423
86 0 -1
146 1 94 1 95 284 422 285 423
87 2 -1
147 15 35 15 36 285 423 286 424
88 0 -1
148 97 26 97 27 286 424 287 425
89 0 -1
149 62 28 62 30 287 425 289 427
90 2 -1
150 49 52 49 54 288 426 294 432
91 3 -1
153 45 5 45 6 291 429 292 430
92 0 -1
154 91 13 93 14 292 430 296 434
93 1 -1
155 12 6 16 6 293 431 297 435
94 1 -1
156 31 33 31 35 294 432 299 437
95 3 -1
157 65 65 69 66 295 433 300 438
96 2 -1
160 51 40 56 41 298 436 304 442
97 1 -1
162 94 71 94 72 300 438 301 439
98 2 -1
163 4 46 5 46 301 439 302 440
99 1 -1
166 9 87 9 88 304 442 306 444
100 3 -1
167 85 37 90 37 305 443 310 448
101 2 -1
168 79 34 81 34 306 444 308 446
102 3 -1
169 86 98 89 98 307 445 312 450
103 0 -1
170 73 20 75 20 308 446 313 451
104 2 -1
172 4 26 8 26 310 448 315 453
105 1 -1
173 60 52 61 54 311 449 316 454
106 0 -1
174 58 79 58 80 312 450 314 452
107 0 -1
179 59 24 59 24 317 455 318 456
108 0 -1
183 86 25 90 25 321 459 326 464
109 3 -1
184 68 95 69 95 322 460 324 462
110 2 -1
185 23 99 24 99 323 461 325 463
111 3 -1
186 18 11 25 11 324 462 333 471
112 1 -1
187 66 23 72 23 325 463 331 469
113 1 -1
189 40 61 40 65 327 465 332 470
114 2 -1
190 16 32 18 33 328 466 333 471
115 2 -1
193 13 6 14 6 331 469 332 470
116 0 -1
196 89 64 89 64 334 472 336 474
117 0 -1
197 26 0 27 0 335 473 336 474
118 2 -1
198 63 62 80 63 336 474 354 492
119 2 -1
199 97 6 98 6 337 475 338 476
120 3 -1
200 98 0 98 0 338 476 340 478
121 3 -1
201 0 38 1 38 339 477 340 478
122 1 -1
204 98 52 98 53 342 480 343 481
123 1 -1
208 95 86 95 87 346 484 347 485
124 0 -1
209 38 52 39 52 347 485 348 486
125 1 -1
211 98 68 98 69 349 487 352 490
126 2 -1
212 56 88 58 88 350 488 352 490
127 3 -1
213 18 79 18 80 351 489 359 497
128 0 -1
214 57 6 57 6 352 490 357 495
129 0 -1
218 99 3 95 6 356 494 363 501
130 1 -1
219 0 27 1 28 357 495 359 497
131 3 -1
224 89 92 91 93 362 500 365 503
132 3 -1
225 90 16 91 16 363 501 365 503
133 3 -1
229 13 62 13 63 367 505 373 511
134 2 -1
230 48 44 49 44 368 506 369 507
135 1 -1
231 87 47 87 50 369 507 372 510
136 2 -1
236 15 54 16 55 374 512 376 514
137 1 -1
237 29 96 31 96 375 513 377 515
138 2 -1
240 56 66 62 70 378 516 389 527
139 2 -1
242 21 16 23 16 380 518 382 520
140 3 -1
244 30 77 33 78 382 520 387 525
141 0 -1
245 54 49 59 49 383 521 389 527
142 0 -1
246 66 25 66 25 384 522 387 525
143 0 -1
247 25 92 27 92 385 523 388 526
144 3 -1
248 12 16 12 17 386 524 389 527
145 3 -1
250 82 78 84 78 388 526 390 528
146 3 -1
251 36 69 37 71 389 527 392 530
147 1 -1
253 80 45 81 45 391 529 392 530
148 2 -1
255 74 71 76 71 393 531 395 533
149 3 -1
256 77 25 80 26 394 532 398 536
150 1 -1
257 46 83 47 84 395 533 399 537
151 1 -1
258 5 91 6 91 396 534 397 535
152 3 -1
260 16 61 17 61 398 536 400 538
153 0 -1
261 45 21 54 23 399 537 411 549
154 1 -1
266 16 21 16 22 404 542 408 546
155 3 -1
267 76 8 76 10 405 543 408 546
156 2 -1
268 44 47 44 47 406 544 408 546
157 1 -1
269 16 49 17 49 407 545 408 546
158 0 -1
271 62 8 68 8 409 547 415 553
159 1 -1
272 50 78 50 79 410 548 411 549
160 2 -1
274 14 40 27 40 412 550 425 563
161 2 -1
277 44 81 44 81 415 553 417 555
162 0 -1
278 49 53 50 54 416 554 422 560
163 0 -1
279 93 69 96 70 417 555 421 559
164 0 -1
280 6 54 8 55 418 556 421 559
165 0 -1
283 77 17 77 18 421 559 422 560
166 0 -1
285 98 37 99 39 423 561 426 564
167 3 -1
286 15 79 17 80 424 562 427 565
168 3 -1
289 49 26 50 27 427 565 430 568
169 3 -1
293 39 21 41 23 431 569 435 573
170 1 -1
294 50 49 50 53 432 570 436 574
171 2 -1
295 20 63 21 63 433 571 435 573
172 3 -1
296 32 83 35 84 434 572 438 576
173 1 -1
303 16 2 17 7 441 579 450 588
174 2 -1
305 38 2 42 2 443 581 448 586
175 1 -1
306 52 89 52 89 444 582 445 583
176 1 -1
307 18 99 20 99 445 583 447 585
177 0 -1
310 9 68 11 68 448 586 452 590
178 3 -1
311 50 46 51 49 449 587 453 591
179 1 -1
312 64 35 72 36 450 588 459 597
180 3 -1
313 66 71 66 71 451 589 452 590
181 3 -1
315 48 17 48 18 453 591 455 593
182 2 -1
320 6 86 15 92 458 596 474 612
183 0 -1
321 49 59 50 60 459 597 462 600
184 2 -1
323 68 93 80 94 461 599 474 612
185 0 -1
325 61 35 65 35 463 601 471 609
186 2 -1
326 23 86 23 86 464 602 465 603
187 0 -1
327 89 90 91 91 465 603 468 606
188 0 -1
328 66 99 67 96 466 604 471 609
189 2 -1
329 53 0 53 2 467 605 470 608
190 2 -1
330 23 76 25 78 468 606 473 611
191 0 -1
337 74 39 87 39 475 613 488 626
192 3 -1
340 80 50 82 50 478 616 481 619
193 3 -1
342 85 97 85 97 480 618 481 619
194 1 -1
343 6 11 9 11 481 619 484 622
195 2 -1
345 19 43 24 47 483 621 495 633
196 3 -1
349 49 64 49 65 487 625 488 626
197 2 -1
351 62 12 63 12 489 627 490 628
198 1 -1
354 97 93 98 93 492 630 498 636
199 2 -1
356 24 43 25 43 494 632 495 633
200 2 -1
357 85 47 87 47 495 633 499 637
201 3 -1
358 1 66 2 67 496 634 503 641
202 2 -1
359 1 68 1 69 497 635 500 638
203 2 -1
360 44 3 45 4 498 636 500 638
204 3 -1
361 61 82 61 87 499 637 505 643
205 0 -1
363 61 13 61 14 501 639 502 640
206 0 -1
364 99 22 98 22 502 640 503 641
207 2 -1
365 73 29 73 31 503 641 505 643
208 2 -1
367 79 18 83 20 505 643 511 649
209 1 -1
371 32 26 33 26 509 647 510 648
210 0 -1
372 71 83 75 86 510 648 518 656
211 3 -1
373 6 67 7 68 511 649 514 652
212 1 -1
374 7 42 7 42 512 650 513 651
213 3 -1
375 74 88 74 89 513 651 514 652
214 2 -1
377 1 66 2 66 515 653 516 654
215 1 -1
379 64 42 64 43 517 655 518 656
216 3 -1
380 77 2 78 2 518 656 519 657
217 2 -1
381 46 88 46 93 519 657 524 662
218 2 -1
382 23 66 23 67 520 658 522 660
219 2 -1
383 51 47 51 48 521 659 522 660
220 0 -1
388 47 0 48 0 526 664 527 665
221 1 -1
391 6 71 7 71 529 667 531 669
222 2 -1
392 71 12 73 12 530 668 532 670
223 0 -1
394 58 86 60 87 532 670 535 673
224 0 -1
396 6 46 8 49 534 672 539 677
225 1 -1
397 5 33 6 33 535 673 536 674
226 0 -1
400 96 56 97 57 538 676 540 678
227 2 -1
401 95 8 97 8 539 677 541 679
228 2 -1
403 16 92 20 93 541 679 546 684
229 2 -1
404 58 67 58 67 542 680 544 682
230 3 -1
407 19 27 19 28 545 683 546 684
231 2 -1
408 50 96 52 97 546 684 549 687
232 0 -1
411 85 85 85 87 549 687 551 689
233 0 -1
412 94 75 95 75 550 688 551 689
234 0 -1
414 1 90 1 90 552 690 553 691
235 1 -1
418 69 9 70 9 556 694 557 695
236 3 -1
420 11 31 11 32 558 696 559 697
237 0 -1
421 2 77 2 78 559 697 561 699
238 0 -1
423 83 64 83 65 561 699 562 700
239 0 -1
426 85 50 85 50 564 702 569 707
240 2 -1
428 70 60 71 61 566 704 568 706
241 0 -1
433 0 84 2 84 571 709 573 711
242 3 -1
437 96 13 97 13 575 713 576 714
243 3 -1
439 19 56 20 57 577 715 579 717
244 2 -1
441 72 71 77 71 579 717 587 725
245 1 -1
446 72 58 73 61 584 722 588 726
246 2 -1
448 62 81 62 82 586 724 589 727
247 0 -1
450 39 27 47 27 588 726 596 734
248 0 -1
452 23 48 26 48 590 728 593 731
249 1 -1
455 67 26 70 26 593 731 596 734
250 0 -1
460 90 59 91 60 598 736 604 742
251 2 -1
461 74 52 75 53 599 737 601 739
252 2 -1
462 55 37 58 37 600 738 603 741
253 0 -1
464 59 36 60 37 602 740 604 742
254 1 -1
469 14 41 16 41 607 745 609 747
255 2 -1
471 82 78 92 79 609 747 620 758
256 1 -1
475 38 72 39 73 613 751 615 753
257 3 -1
478 76 9 80 9 616 754 620 758
258 3 -1
479 61 93 63 93 617 755 619 757
259 3 -1
480 78 43 83 45 618 756 626 764
260 0 -1
481 10 67 14 69 619 757 625 763
261 0 -1
482 32 44 32 44 620 758 621 759
262 1 -1
484 27 79 27 83 622 760 626 764
263 1 -1
486 90 68 91 70 624 762 627 765
264 1 -1
488 33 16 36 16 626 764 629 767
265 0 -1
489 67 50 76 54 627 765 640 778
266 0 -1
491 91 10 92 11 629 767 631 769
267 0 -1
493 63 89 63 89 631 769 632 770
268 3 -1
496 58 42 58 43 634 772 635 773
269 2 -1
501 73 44 75 44 639 777 641 779
270 1 -1
502 63 7 66 8 640 778 644 782
271 3 -1
505 16 41 18 41 643 781 645 783
272 0 -1
506 76 8 79 10 644 782 649 787
273 0 -1
507 1 22 1 23 645 783 649 787
274 1 -1
509 41 69 42 69 647 785 648 786
275 0 -1
511 62 34 63 35 649 787 651 789
276 3 -1
512 93 37 93 38 650 788 651 789
277 1 -1
515 84 83 84 86 653 791 656 794
278 2 -1
516 35 8 40 8 654 792 667 805
279 3 -1
517 89 66 89 66 655 793 659 797
280 0 -1
518 4 44 5 45 656 794 658 796
281 2 -1
520 87 35 87 35 658 796 659 797
282 3 -1
522 49 52 56 52 660 798 669 807
283 1 -1
523 22 65 22 65 661 799 662 800
284 3 -1
525 90 1 92 1 663 801 665 803
285 2 -1
526 94 64 95 64 664 802 666 804
286 0 -1
528 61 16 62 18 666 804 671 809
287 1 -1
530 55 42 57 43 668 806 672 810
288 1 -1
533 75 14 76 15 671 809 673 811
289 1 -1
535 82 58 85 58 673 811 676 814
290 3 -1
536 71 16 73 16 674 812 676 814
291 1 -1
537 14 87 15 87 675 813 676 814
292 1 -1
538 1 98 1 98 676 814 679 817
293 1 -1
540 74 52 74 54 678 816 682 820
294 2 -1
541 38 48 38 51 679 817 682 820
295 1 -1
542 45 26 45 31 680 818 688 826
296 1 -1
543 41 76 43 76 681 819 683 821
297 0 -1
546 50 13 51 14 684 822 686 824
298 2 -1
547 57 40 59 40 685 823 687 825
299 2 -1
550 54 17 55 17 688 826 689 827
300 0 -1
552 94 45 95 47 690 828 693 831
