100 100 2591
4
0 18 55
1 51 73
2 0 75
3 61 22
52
0 0 0 100 6
0
1 0 0 100 6
0
2 0 0 100 6
0
3 0 0 100 6
0
4 0 0 100 6
0
5 0 0 100 6
0
6 0 0 100 6
0
7 0 0 100 6
0
8 0 0 100 6
0
9 0 0 100 6
0
10 0 0 100 6
0
11 0 0 100 6
0
12 0 0 100 6
0
13 1 0 100 6
0
14 1 0 100 6
0
15 1 0 100 6
0
16 1 0 100 6
0
17 1 0 100 6
0
18 1 0 100 6
0
19 1 0 100 6
0
20 1 0 100 6
0
21 1 0 100 6
0
22 1 0 100 6
0
23 1 0 100 6
0
24 1 0 100 6
0
25 1 0 100 6
0
26 2 0 100 6
0
27 2 0 100 6
0
28 2 0 100 6
0
29 2 0 100 6
0
30 2 0 100 6
0
31 2 0 100 6
0
32 2 0 100 6
0
33 2 0 100 6
0
34 2 0 100 6
0
35 2 0 100 6
0
36 2 0 100 6
0
37 2 0 100 6
0
38 2 0 100 6
0
39 3 0 100 6
0
40 3 0 100 6
0
41 3 0 100 6
0
42 3 0 100 6
0
43 3 0 100 6
0
44 3 0 100 6
0
45 3 0 100 6
0
46 3 0 100 6
0
47 3 0 100 6
0
48 3 0 100 6
0
49 3 0 100 6
0
50 3 0 100 6
0
51 3 0 100 6
0
1000
1 2 -1
2 7 95 7 97 433 864 436 867
2 2 -1
5 93 51 96 52 436 867 441 872
3 2 -1
7 87 12 87 14 438 869 442 873
4 3 -1
8 86 43 95 43 439 870 448 879
5 3 -1
9 96 56 98 60 440 871 446 877
6 0 -1
10 81 93 85 93 441 872 445 876
7 3 -1
11 5 76 9 78 442 873 448 879
8 0 -1
12 6 42 6 44 443 874 445 876
9 0 -1
13 57 29 58 30 444 875 446 877
10 0 -1
14 97 8 99 9 445 876 448 879
11 2 -1
15 37 28 37 28 446 877 452 883
12 0 -1
17 54 66 58 66 448 879 452 883
13 2 -1
18 47 71 53 71 449 880 455 886
14 1 -1
19 11 24 11 24 450 881 451 882
15 3 -1
20 58 88 59 89 451 882 453 884
16 3 -1
21 88 95 89 95 452 883 454 885
17 1 -1
22 3 19 5 19 453 884 457 888
18 3 -1
24 98 85 99 86 455 886 457 888
19 1 -1
29 23 47 27 48 460 891 466 897
20 1 -1
30 42 59 42 60 461 892 463 894
21 1 -1
31 45 21 47 21 462 893 464 895
22 0 -1
33 94 66 94 68 464 895 470 901
23 0 -1
35 80 2 80 3 466 897 467 898
24 3 -1
36 96 2 98 2 467 898 469 900
25 0 -1
39 35 71 35 71 470 901 471 902
26 0 -1
40 31 27 31 28 471 902 472 903
27 1 -1
41 15 83 15 83 472 903 474 905
28 2 -1
42 79 55 79 56 473 904 474 905
29 2 -1
43 95 62 95 62 474 905 475 906
30 1 -1
45 69 37 71 37 476 907 478 909
31 0 -1
49 23 19 23 20 480 911 483 914
32 1 -1
52 57 25 57 30 483 914 490 921
33 2 -1
53 4 70 6 71 484 915 489 920
34 0 -1
54 56 94 56 95 485 916 486 917
35 2 -1
56 74 81 80 83 487 918 504 935
36 1 -1
57 33 89 34 90 488 919 490 921
37 1 -1
59 78 89 79 89 490 921 491 922
38 0 -1
61 77 5 79 5 492 923 494 925
39 0 -1
62 16 70 17 71 493 924 501 932
40 0 -1
64 5 73 20 74 495 926 514 945
41 2 -1
69 31 11 33 11 500 931 502 933
42 2 -1
71 77 85 80 89 502 933 510 941
43 2 -1
73 95 88 98 88 504 935 509 940
44 3 -1
76 18 83 18 85 507 938 510 941
45 2 -1
78 88 71 90 71 509 940 511 942
46 3 -1
80 1 98 2 98 511 942 514 945
47 2 -1
81 30 15 32 15 512 943 514 945
48 3 -1
82 12 41 17 42 513 944 519 950
49 3 -1
83 15 80 15 80 514 945 519 950
50 2 -1
84 73 5 73 6 515 946 516 947
51 0 -1
86 6 70 14 70 517 948 527 958
52 2 -1
87 60 72 61 72 518 949 519 950
53 3 -1
90 95 99 95 100 521 952 522 953
54 3 -1
91 55 79 58 79 522 953 526 957
55 0 -1
92 24 89 24 90 523 954 524 955
56 3 -1
93 69 16 69 18 524 955 527 958
57 1 -1
94 43 64 47 64 525 956 531 962
58 0 -1
96 31 38 31 40 527 958 529 960
59 1 -1
103 39 5 42 5 534 965 537 968
60 0 -1
105 42 25 42 25 536 967 538 969
61 3 -1
106 11 79 13 81 537 968 547 978
62 3 -1
107 43 97 45 97 538 969 541 972
63 0 -1
108 22 21 28 23 539 970 547 978
64 2 -1
110 21 7 27 7 541 972 549 980
65 2 -1
111 21 72 22 72 542 973 543 974
66 0 -1
114 32 73 38 73 545 976 551 982
67 0 -1
115 22 26 24 29 546 977 551 982
68 3 -1
116 42 68 50 70 547 978 559 990
69 3 -1
119 22 14 23 15 550 981 553 984
70 1 -1
120 93 13 93 14 551 982 552 983
71 1 -1
122 78 10 82 10 553 984 557 988
72 3 -1
123 25 5 26 5 554 985 557 988
73 0 -1
124 62 44 66 44 555 986 559 990
74 2 -1
127 62 88 62 88 558 989 559 990
75 3 -1
128 38 68 56 69 559 990 578 1009
76 2 -1
130 34 68 35 68 561 992 562 993
77 3 -1
132 19 19 31 20 563 994 578 1009
78 3 -1
134 2 34 3 34 565 996 566 997
79 0 -1
135 4 42 15 42 566 997 577 1008
80 1 -1
136 12 59 13 60 567 998 569 1000
81 0 -1
139 88 66 88 67 570 1001 571 1002
82 1 -1
140 48 26 49 26 571 1002 575 1006
83 0 -1
141 25 45 30 45 572 1003 577 1008
84 3 -1
144 77 56 82 56 575 1006 580 1011
85 3 -1
145 67 3 67 4 576 1007 578 1009
86 2 -1
146 60 75 61 75 577 1008 578 1009
87 1 -1
147 36 5 37 5 578 1009 579 1010
88 3 -1
148 65 10 66 10 579 1010 580 1011
89 0 -1
149 44 33 45 34 580 1011 582 1013
90 0 -1
150 2 93 4 96 581 1012 587 1018
91 3 -1
153 86 4 86 4 584 1015 585 1016
92 1 -1
154 28 47 29 47 585 1016 589 1020
93 0 -1
155 39 84 40 86 586 1017 590 1021
94 2 -1
156 31 95 31 98 587 1018 592 1023
95 2 -1
157 4 97 4 92 588 1019 593 1024
96 3 -1
160 48 67 50 71 591 1022 597 1028
97 3 -1
162 93 18 93 19 593 1024 594 1025
98 3 -1
163 5 51 5 52 594 1025 595 1026
99 1 -1
166 72 81 72 83 597 1028 599 1030
100 2 -1
167 87 12 89 15 598 1029 603 1034
101 2 -1
168 43 11 45 11 599 1030 601 1032
102 0 -1
169 95 78 95 82 600 1031 605 1036
103 3 -1
170 34 2 37 3 601 1032 606 1037
104 3 -1
172 99 97 98 97 603 1034 608 1039
105 2 -1
173 89 87 94 87 604 1035 609 1040
106 1 -1
174 76 9 77 9 605 1036 607 1038
107 0 -1
179 91 10 91 11 610 1041 611 1042
108 3 -1
183 40 64 43 64 614 1045 619 1050
109 1 -1
184 1 96 2 96 615 1046 617 1048
110 0 -1
185 96 67 97 67 616 1047 618 1049
111 1 -1
186 75 45 78 48 617 1048 626 1057
112 2 -1
187 58 79 64 79 618 1049 624 1055
113 0 -1
189 49 63 53 64 620 1051 625 1056
114 3 -1
190 11 77 13 78 621 1052 626 1057
115 1 -1
193 31 2 32 2 624 1055 625 1056
116 1 -1
196 72 60 74 60 627 1058 629 1060
117 1 -1
197 39 15 39 15 628 1059 629 1060
118 0 -1
198 31 0 38 9 629 1060 647 1078
119 3 -1
199 92 42 92 43 630 1061 631 1062
120 3 -1
200 32 36 32 36 631 1062 633 1064
121 1 -1
201 62 62 62 63 632 1063 633 1064
122 3 -1
204 42 70 42 71 635 1066 636 1067
123 1 -1
208 99 48 98 48 639 1070 640 1071
124 2 -1
209 7 82 8 82 640 1071 641 1072
125 2 -1
211 73 60 76 60 642 1073 645 1076
126 2 -1
212 65 1 67 1 643 1074 645 1076
127 1 -1
213 90 56 94 59 644 1075 652 1083
128 3 -1
214 37 93 39 94 645 1076 650 1081
129 3 -1
218 81 85 82 91 649 1080 656 1087
130 0 -1
219 88 43 88 43 650 1081 652 1083
131 1 -1
224 3 5 3 6 655 1086 658 1089
132 1 -1
225 84 57 86 57 656 1087 658 1089
133 1 -1
229 50 34 55 34 660 1091 666 1097
134 3 -1
230 61 56 61 57 661 1092 662 1093
135 1 -1
231 87 96 88 96 662 1093 665 1096
136 3 -1
236 52 41 53 41 667 1098 669 1100
137 0 -1
237 88 69 90 69 668 1099 670 1101
138 0 -1
240 42 50 49 51 671 1102 682 1113
139 3 -1
242 11 35 12 36 673 1104 675 1106
140 0 -1
244 97 52 92 52 675 1106 680 1111
141 1 -1
245 36 62 42 62 676 1107 682 1113
142 3 -1
246 49 12 50 14 677 1108 680 1111
143 0 -1
247 5 76 5 78 678 1109 681 1112
144 2 -1
248 88 63 91 63 679 1110 682 1113
145 0 -1
250 41 53 41 53 681 1112 683 1114
146 3 -1
251 91 35 94 35 682 1113 685 1116
147 1 -1
253 44 63 44 64 684 1115 685 1116
148 1 -1
255 72 75 74 75 686 1117 688 1119
149 0 -1
256 76 6 80 6 687 1118 691 1122
150 1 -1
257 63 16 63 20 688 1119 692 1123
151 1 -1
258 40 25 41 25 689 1120 690 1121
152 3 -1
260 92 84 93 85 691 1122 693 1124
153 2 -1
261 30 24 40 24 692 1123 704 1135
154 3 -1
266 99 69 95 69 697 1128 701 1132
155 2 -1
267 33 13 34 14 698 1129 701 1132
156 2 -1
268 20 14 22 14 699 1130 701 1132
157 0 -1
269 35 71 35 72 700 1131 701 1132
158 3 -1
271 66 13 69 14 702 1133 708 1139
159 1 -1
272 88 59 88 59 703 1134 704 1135
160 3 -1
274 85 94 95 94 705 1136 718 1149
161 0 -1
277 84 73 86 73 708 1139 710 1141
162 1 -1
278 32 7 33 9 709 1140 715 1146
163 2 -1
279 92 37 95 37 710 1141 714 1145
164 2 -1
280 29 80 32 80 711 1142 714 1145
165 3 -1
283 27 81 28 81 714 1145 715 1146
166 2 -1
285 92 11 93 11 716 1147 719 1150
167 0 -1
286 6 57 7 57 717 1148 720 1151
168 1 -1
289 79 35 79 36 720 1151 723 1154
169 3 -1
293 0 53 4 53 724 1155 728 1159
170 1 -1
294 64 31 65 32 725 1156 729 1160
171 0 -1
295 96 8 96 10 726 1157 728 1159
172 2 -1
296 84 84 85 87 727 1158 731 1162
173 1 -1
303 92 86 93 86 734 1165 743 1174
174 2 -1
305 5 70 7 70 736 1167 741 1172
175 2 -1
306 61 42 61 43 737 1168 738 1169
176 3 -1
307 44 89 46 89 738 1169 740 1171
177 0 -1
310 15 19 19 19 741 1172 745 1176
178 2 -1
311 5 20 7 21 742 1173 746 1177
179 2 -1
312 99 90 98 90 743 1174 752 1183
180 2 -1
313 48 0 48 1 744 1175 745 1176
181 1 -1
315 23 9 25 9 746 1177 748 1179
182 3 -1
320 93 4 82 8 751 1182 767 1198
183 3 -1
321 49 41 50 41 752 1183 755 1186
184 2 -1
323 46 84 47 93 754 1185 767 1198
185 3 -1
325 87 20 94 21 756 1187 764 1195
186 1 -1
326 4 52 5 52 757 1188 758 1189
187 0 -1
327 59 24 60 24 758 1189 761 1192
188 0 -1
328 61 71 61 71 759 1190 764 1195
189 3 -1
329 37 3 38 4 760 1191 763 1194
190 2 -1
330 85 70 90 70 761 1192 766 1197
191 1 -1
337 71 26 78 27 768 1199 781 1212
192 3 -1
340 40 27 41 28 771 1202 774 1205
193 3 -1
342 36 25 37 25 773 1204 774 1205
194 0 -1
343 38 24 40 25 774 1205 777 1208
195 1 -1
345 6 25 15 27 776 1207 788 1219
196 0 -1
349 72 90 72 90 780 1211 781 1212
197 3 -1
351 93 65 94 65 782 1213 783 1214
198 2 -1
354 94 64 96 66 785 1216 791 1222
199 3 -1
356 50 82 50 82 787 1218 788 1219
200 0 -1
357 13 92 17 92 788 1219 792 1223
201 3 -1
358 54 15 55 21 789 1220 796 1227
202 3 -1
359 4 2 4 2 790 1221 793 1224
203 3 -1
360 29 58 31 58 791 1222 793 1224
204 2 -1
361 99 31 99 34 792 1223 798 1229
205 3 -1
363 53 99 54 99 794 1225 795 1226
206 0 -1
364 92 44 93 44 795 1226 796 1227
207 0 -1
365 15 29 15 30 796 1227 798 1229
208 0 -1
367 86 32 89 33 798 1229 804 1235
209 0 -1
371 99 34 98 34 802 1233 803 1234
210 0 -1
372 16 11 16 13 803 1234 811 1242
211 0 -1
373 48 3 48 5 804 1235 807 1238
212 3 -1
374 67 32 68 32 805 1236 806 1237
213 0 -1
375 8 16 9 16 806 1237 807 1238
214 1 -1
377 57 82 58 82 808 1239 809 1240
215 3 -1
379 89 79 90 79 810 1241 811 1242
216 3 -1
380 64 82 65 82 811 1242 812 1243
217 2 -1
381 97 56 92 56 812 1243 817 1248
218 2 -1
382 14 45 16 45 813 1244 815 1246
219 3 -1
383 13 70 13 70 814 1245 815 1246
220 1 -1
388 6 67 6 68 819 1250 820 1251
221 1 -1
391 13 11 13 12 822 1253 824 1255
222 1 -1
392 46 34 48 34 823 1254 825 1256
223 1 -1
394 83 82 84 84 825 1256 828 1259
224 0 -1
396 91 23 96 23 827 1258 832 1263
225 1 -1
397 67 36 67 36 828 1259 829 1260
226 2 -1
400 56 75 56 77 831 1262 833 1264
227 2 -1
401 93 56 94 56 832 1263 834 1265
228 3 -1
403 45 18 49 19 834 1265 839 1270
229 2 -1
404 17 39 17 40 835 1266 837 1268
230 0 -1
407 90 98 90 99 838 1269 839 1270
231 0 -1
408 0 56 3 56 839 1270 842 1273
232 1 -1
411 72 92 74 92 842 1273 844 1275
233 0 -1
412 33 49 34 49 843 1274 844 1275
234 0 -1
414 95 93 96 93 845 1276 846 1277
235 1 -1
418 38 49 38 50 849 1280 850 1281
236 0 -1
420 26 87 27 87 851 1282 852 1283
237 0 -1
421 53 75 54 76 852 1283 854 1285
238 1 -1
423 19 22 19 22 854 1285 855 1286
239 3 -1
426 51 58 55 58 857 1288 862 1293
240 2 -1
428 13 28 14 29 859 1290 861 1292
241 3 -1
433 80 36 81 37 864 1295 866 1297
242 1 -1
437 60 95 61 95 868 1299 869 1300
243 2 -1
439 76 55 77 55 870 1301 872 1303
244 2 -1
441 98 79 95 82 872 1303 880 1311
245 2 -1
446 2 65 5 66 877 1308 881 1312
246 3 -1
448 36 56 39 56 879 1310 882 1313
247 1 -1
450 27 35 32 35 881 1312 889 1320
248 2 -1
452 81 61 81 61 883 1314 886 1317
249 0 -1
455 69 98 72 98 886 1317 889 1320
250 3 -1
460 68 77 72 77 891 1322 897 1328
251 0 -1
461 61 50 62 51 892 1323 894 1325
252 0 -1
462 23 61 24 62 893 1324 896 1327
253 1 -1
464 83 4 83 5 895 1326 897 1328
254 0 -1
469 93 90 94 90 900 1331 902 1333
255 1 -1
471 37 37 43 39 902 1333 913 1344
256 0 -1
475 30 75 31 76 906 1337 908 1339
257 1 -1
478 20 10 21 13 909 1340 913 1344
258 2 -1
479 49 45 49 47 910 1341 912 1343
259 1 -1
480 13 52 20 52 911 1342 919 1350
260 1 -1
481 49 43 52 46 912 1343 918 1349
261 1 -1
482 74 88 74 88 913 1344 914 1345
262 2 -1
484 4 97 8 97 915 1346 919 1350
263 0 -1
486 21 62 22 63 917 1348 920 1351
264 3 -1
488 92 78 92 81 919 1350 922 1353
265 0 -1
489 26 3 26 10 920 1351 933 1364
266 2 -1
491 89 67 90 67 922 1353 924 1355
267 1 -1
493 86 78 87 78 924 1355 925 1356
268 3 -1
496 86 2 87 2 927 1358 928 1359
269 1 -1
501 45 46 47 46 932 1363 934 1365
270 2 -1
502 87 68 87 71 933 1364 937 1368
271 0 -1
505 81 85 83 85 936 1367 938 1369
272 2 -1
506 45 31 47 31 937 1368 942 1373
273 2 -1
507 15 47 15 50 938 1369 942 1373
274 0 -1
509 1 8 1 9 940 1371 941 1372
275 1 -1
511 10 30 11 31 942 1373 944 1375
276 0 -1
512 71 83 71 83 943 1374 944 1375
277 2 -1
515 20 98 22 98 946 1377 949 1380
278 3 -1
516 8 82 21 82 947 1378 960 1391
279 2 -1
517 87 42 87 45 948 1379 952 1383
280 2 -1
518 66 58 68 58 949 1380 951 1382
281 3 -1
520 1 84 2 84 951 1382 952 1383
282 0 -1
522 38 14 45 14 953 1384 962 1393
283 3 -1
523 61 90 62 90 954 1385 955 1386
284 2 -1
525 15 10 15 12 956 1387 958 1389
285 2 -1
526 61 25 62 26 957 1388 959 1390
286 3 -1
528 7 25 7 29 959 1390 964 1395
287 2 -1
530 54 64 56 64 961 1392 965 1396
288 2 -1
533 90 7 90 9 964 1395 966 1397
289 3 -1
535 57 4 59 5 966 1397 969 1400
290 3 -1
536 61 76 62 77 967 1398 969 1400
291 3 -1
537 49 11 50 11 968 1399 969 1400
292 1 -1
538 42 16 43 18 969 1400 972 1403
293 0 -1
540 15 20 15 22 971 1402 975 1406
294 2 -1
541 75 24 76 25 972 1403 975 1406
295 0 -1
542 99 9 96 12 973 1404 981 1412
296 2 -1
543 93 48 93 50 974 1405 976 1407
297 3 -1
546 57 35 59 35 977 1408 979 1410
298 1 -1
547 17 17 18 18 978 1409 980 1411
299 1 -1
550 67 70 68 70 981 1412 982 1413
300 1 -1
552 2 15 3 17 983 1414 986 1417
301 2 -1
553 31 71 33 71 984 1415 986 1417
302 0 -1
555 0 72 0 76 986 1417 991 1422
303 3 -1
556 57 66 57 68 987 1418 989 1420
304 0 -1
558 66 30 66 31 989 1420 990 1421
305 0 -1
559 42 51 42 55 990 1421 995 1426
306 2 -1
560 31 33 33 33 991 1422 993 1424
307 2 -1
562 5 1 5 1 993 1424 994 1425
308 2 -1
565 1 26 5 26 996 1427 1000 1431
309 1 -1
566 19 13 21 15 997 1428 1001 1432
310 1 -1
567 2 5 2 6 998 1429 999 1430
311 2 -1
570 4 75 6 76 1001 1432 1005 1436
312 2 -1
572 53 68 55 69 1003 1434 1006 1437
313 1 -1
573 95 92 96 92 1004 1435 1007 1438
314 2 -1
575 66 84 67 84 1006 1437 1008 1439
315 1 -1
577 98 59 99 59 1008 1439 1009 1440
316 0 -1
578 33 78 35 78 1009 1440 1011 1442
317 3 -1
579 83 3 84 3 1010 1441 1015 1446
318 1 -1
580 23 82 23 82 1011 1442 1012 1443
319 2 -1
585 77 6 78 6 1016 1447 1019 1450
320 3 -1
588 91 94 96 94 1019 1450 1024 1455
321 1 -1
589 10 33 19 33 1020 1451 1035 1466
322 2 -1
592 3 40 3 41 1023 1454 1024 1455
323 1 -1
594 80 75 80 76 1025 1456 1027 1458
324 2 -1
595 99 96 85 97 1026 1457 1041 1472
325 0 -1
596 17 30 20 30 1027 1458 1031 1462
326 2 -1
597 46 19 52 21 1028 1459 1036 1467
327 2 -1
599 11 78 15 82 1030 1461 1038 1469
328 2 -1
600 35 83 35 85 1031 1462 1034 1465
329 0 -1
601 1 10 1 10 1032 1463 1034 1465
330 0 -1
603 2 0 4 0 1034 1465 1036 1467
331 2 -1
608 66 75 67 75 1039 1470 1042 1473
332 2 -1
609 56 39 57 39 1040 1471 1041 1472
333 2 -1
610 43 60 44 64 1041 1472 1046 1477
334 0 -1
611 45 16 45 19 1042 1473 1046 1477
335 3 -1
613 86 25 93 25 1044 1475 1052 1483
336 2 -1
614 45 7 46 12 1045 1476 1051 1482
337 2 -1
615 84 41 85 41 1046 1477 1047 1478
338 2 -1
616 50 63 50 63 1047 1478 1049 1480
339 1 -1
619 81 70 83 71 1050 1481 1055 1486
340 1 -1
620 87 58 87 58 1051 1482 1053 1484
341 1 -1
621 96 46 96 48 1052 1483 1057 1488
342 2 -1
622 83 7 85 7 1053 1484 1056 1487
343 2 -1
623 87 46 87 48 1054 1485 1056 1487
344 0 -1
624 81 79 82 79 1055 1486 1056 1487
345 3 -1
625 57 25 59 25 1056 1487 1058 1489
346 3 -1
628 5 22 6 22 1059 1490 1060 1491
347 1 -1
629 81 41 81 42 1060 1491 1065 1496
348 1 -1
630 4 5 5 5 1061 1492 1062 1493
349 2 -1
634 85 52 86 52 1065 1496 1066 1497
350 0 -1
635 54 25 55 25 1066 1497 1068 1499
351 2 -1
636 78 88 80 88 1067 1498 1069 1500
352 2 -1
637 25 19 26 20 1068 1499 1070 1501
353 2 -1
639 6 23 7 23 1070 1501 1071 1502
354 2 -1
640 64 8 64 9 1071 1502 1073 1504
355 0 -1
641 61 60 61 62 1072 1503 1074 1505
356 3 -1
643 64 82 66 83 1074 1505 1080 1511
357 1 -1
645 72 46 74 46 1076 1507 1078 1509
358 2 -1
646 42 67 43 68 1077 1508 1079 1510
359 3 -1
648 83 67 83 67 1079 1510 1080 1511
360 2 -1
649 53 11 60 12 1080 1511 1090 1521
361 3 -1
650 25 64 25 65 1081 1512 1082 1513
362 1 -1
651 64 34 67 34 1082 1513 1086 1517
363 2 -1
652 3 14 6 22 1083 1514 1098 1529
364 3 -1
653 47 31 48 31 1084 1515 1085 1516
365 2 -1
656 28 89 28 89 1087 1518 1088 1519
366 0 -1
662 91 11 92 11 1093 1524 1095 1526
367 3 -1
663 13 37 16 41 1094 1525 1102 1533
368 1 -1
664 21 47 21 47 1095 1526 1097 1528
369 0 -1
665 15 80 16 80 1096 1527 1097 1528
370 1 -1
666 95 41 96 42 1097 1528 1099 1530
371 0 -1
667 54 79 55 79 1098 1529 1101 1532
372 3 -1
669 15 71 15 71 1100 1531 1101 1532
373 0 -1
672 40 50 44 50 1103 1534 1107 1538
374 0 -1
673 81 24 83 24 1104 1535 1106 1537
375 1 -1
674 58 80 59 80 1105 1536 1109 1540
376 2 -1
675 73 79 73 83 1106 1537 1111 1542
377 1 -1
678 75 80 79 80 1109 1540 1113 1544
378 1 -1
679 23 27 24 28 1110 1541 1113 1544
379 0 -1
680 76 40 80 40 1111 1542 1117 1548
380 3 -1
681 64 21 65 22 1112 1543 1114 1545
381 1 -1
682 43 31 43 31 1113 1544 1115 1546
382 1 -1
684 55 45 55 47 1115 1546 1117 1548
383 3 -1
685 61 20 65 20 1116 1547 1121 1552
384 0 -1
687 6 10 9 10 1118 1549 1123 1554
385 2 -1
688 62 15 64 15 1119 1550 1121 1552
386 2 -1
689 84 76 84 77 1120 1551 1122 1553
387 0 -1
690 90 69 92 69 1121 1552 1123 1554
388 3 -1
691 66 27 67 27 1122 1553 1124 1555
389 2 -1
692 77 63 79 63 1123 1554 1125 1556
390 0 -1
694 23 43 24 45 1125 1556 1128 1559
391 3 -1
696 28 50 29 50 1127 1558 1129 1560
392 0 -1
698 59 94 60 95 1129 1560 1134 1565
393 1 -1
700 19 77 20 77 1131 1562 1132 1563
394 2 -1
701 2 42 2 43 1132 1563 1133 1564
395 3 -1
702 86 4 93 4 1133 1564 1140 1571
396 1 -1
703 42 50 42 50 1134 1565 1136 1567
397 1 -1
704 97 71 99 71 1135 1566 1137 1568
398 2 -1
705 94 34 96 36 1136 1567 1140 1571
399 2 -1
706 86 65 88 65 1137 1568 1139 1570
400 0 -1
707 19 1 19 5 1138 1569 1142 1573
401 0 -1
708 49 40 55 40 1139 1570 1146 1577
402 0 -1
710 71 14 71 17 1141 1572 1144 1575
403 3 -1
712 33 39 34 39 1143 1574 1144 1575
404 0 -1
714 3 53 4 53 1145 1576 1146 1577
405 0 -1
716 1 24 2 24 1147 1578 1148 1579
406 0 -1
718 8 40 10 46 1149 1580 1157 1588
407 0 -1
719 78 34 78 35 1150 1581 1151 1582
408 0 -1
720 6 87 6 88 1151 1582 1153 1584
409 0 -1
722 56 39 58 39 1153 1584 1155 1586
410 2 -1
724 29 69 29 69 1155 1586 1157 1588
411 1 -1
725 31 7 35 8 1156 1587 1167 1598
412 1 -1
726 48 77 49 80 1157 1588 1161 1592
413 2 -1
727 87 15 88 15 1158 1589 1161 1592
414 1 -1
728 12 1 14 3 1159 1590 1164 1595
415 3 -1
729 39 64 40 64 1160 1591 1161 1592
416 1 -1
731 58 20 58 20 1162 1593 1163 1594
417 2 -1
733 59 0 59 1 1164 1595 1166 1597
418 1 -1
734 29 92 30 93 1165 1596 1167 1598
419 3 -1
735 73 43 74 43 1166 1597 1169 1600
420 1 -1
736 50 34 51 35 1167 1598 1169 1600
421 0 -1
737 98 93 96 93 1168 1599 1171 1602
422 3 -1
742 45 11 48 12 1173 1604 1178 1609
423 0 -1
744 66 89 66 90 1175 1606 1177 1608
424 1 -1
745 7 75 8 77 1176 1607 1181 1612
425 1 -1
748 37 35 38 35 1179 1610 1181 1612
426 2 -1
750 90 99 91 99 1181 1612 1182 1613
427 3 -1
751 13 50 14 50 1182 1613 1183 1614
428 0 -1
752 93 52 96 52 1183 1614 1186 1617
429 3 -1
753 65 40 65 40 1184 1615 1185 1616
430 1 -1
754 59 65 65 65 1185 1616 1191 1622
431 2 -1
755 29 43 30 44 1186 1617 1188 1619
432 0 -1
757 72 19 74 19 1188 1619 1190 1621
433 1 -1
758 22 91 24 97 1189 1620 1197 1628
434 0 -1
759 42 54 44 54 1190 1621 1192 1623
435 2 -1
760 86 55 86 56 1191 1622 1192 1623
436 0 -1
766 34 97 35 98 1197 1628 1199 1630
437 2 -1
767 5 70 7 70 1198 1629 1200 1631
438 1 -1
768 51 19 54 19 1199 1630 1202 1633
439 1 -1
771 81 25 82 25 1202 1633 1203 1634
440 2 -1
772 59 85 60 86 1203 1634 1205 1636
441 3 -1
773 79 81 79 84 1204 1635 1207 1638
442 2 -1
775 69 23 71 24 1206 1637 1211 1642
443 0 -1
777 35 19 35 20 1208 1639 1210 1641
444 3 -1
778 83 52 84 52 1209 1640 1211 1642
445 2 -1
779 62 12 65 12 1210 1641 1213 1644
446 1 -1
781 42 11 43 11 1212 1643 1213 1644
447 0 -1
782 58 4 58 5 1213 1644 1217 1648
448 2 -1
784 14 97 16 97 1215 1646 1217 1648
449 1 -1
787 67 72 67 74 1218 1649 1220 1651
450 1 -1
788 11 14 11 15 1219 1650 1220 1651
451 2 -1
789 73 78 77 78 1220 1651 1224 1655
452 1 -1
790 91 98 91 99 1221 1652 1223 1654
453 0 -1
791 86 20 87 24 1222 1653 1227 1658
454 1 -1
793 2 23 4 23 1224 1655 1227 1658
455 2 -1
794 1 69 1 69 1225 1656 1229 1660
456 3 -1
795 0 78 2 78 1226 1657 1228 1659
457 1 -1
796 76 15 78 15 1227 1658 1231 1662
458 2 -1
797 91 39 91 39 1228 1659 1229 1660
459 3 -1
798 6 67 7 69 1229 1660 1232 1663
460 1 -1
799 79 65 81 65 1230 1661 1232 1663
461 2 -1
800 0 19 5 19 1231 1662 1236 1667
462 3 -1
802 0 57 1 57 1233 1664 1237 1668
463 2 -1
803 1 0 1 2 1234 1665 1236 1667
464 3 -1
805 46 45 51 45 1236 1667 1241 1672
465 0 -1
806 53 18 57 21 1237 1668 1246 1677
466 2 -1
807 65 77 67 77 1238 1669 1240 1671
467 3 -1
810 95 19 95 19 1241 1672 1242 1673
468 0 -1
813 21 83 21 84 1244 1675 1245 1676
469 1 -1
818 20 31 21 31 1249 1680 1251 1682
470 0 -1
820 12 77 14 78 1251 1682 1254 1685
471 2 -1
824 75 41 76 41 1255 1686 1257 1688
472 3 -1
825 13 4 15 5 1256 1687 1259 1690
473 2 -1
827 23 24 23 24 1258 1689 1259 1690
474 1 -1
828 81 37 85 38 1259 1690 1269 1700
475 2 -1
830 37 58 38 59 1261 1692 1264 1695
476 1 -1
831 45 30 45 31 1262 1693 1263 1694
477 2 -1
833 18 44 19 45 1264 1695 1266 1697
478 3 -1
834 53 31 53 32 1265 1696 1267 1698
479 3 -1
835 58 72 60 80 1266 1697 1276 1707
480 3 -1
839 56 82 58 82 1270 1701 1272 1703
481 0 -1
841 23 48 27 48 1272 1703 1276 1707
482 3 -1
842 96 54 96 55 1273 1704 1275 1706
483 3 -1
844 47 53 51 53 1275 1706 1280 1711
484 0 -1
845 66 1 66 2 1276 1707 1278 1709
485 0 -1
846 45 50 46 52 1277 1708 1283 1714
486 1 -1
847 81 57 81 58 1278 1709 1279 1710
487 1 -1
850 16 74 19 74 1281 1712 1284 1715
488 0 -1
851 45 33 47 35 1282 1713 1286 1717
489 0 -1
854 40 12 41 12 1285 1716 1286 1717
490 3 -1
856 25 91 28 91 1287 1718 1290 1721
491 1 -1
859 34 85 38 86 1290 1721 1295 1726
492 2 -1
860 36 17 36 17 1291 1722 1292 1723
493 2 -1
861 22 75 22 77 1292 1723 1294 1725
494 0 -1
864 85 92 88 92 1295 1726 1298 1729
495 3 -1
867 19 7 20 7 1298 1729 1299 1730
496 2 -1
868 53 0 55 0 1299 1730 1301 1732
497 0 -1
871 49 14 51 20 1302 1733 1318 1749
498 2 -1
873 14 74 14 74 1304 1735 1306 1737
499 1 -1
874 74 89 76 92 1305 1736 1310 1741
500 2 -1
875 5 95 5 98 1306 1737 1309 1740
501 3 -1
877 94 16 95 18 1308 1739 1311 1742
502 3 -1
878 22 74 24 74 1309 1740 1311 1742
503 3 -1
879 36 95 37 96 1310 1741 1312 1743
504 0 -1
880 82 5 85 6 1311 1742 1315 1746
505 3 -1
881 13 6 14 8 1312 1743 1318 1749
506 1 -1
882 38 97 39 97 1313 1744 1315 1746
507 2 -1
885 0 0 1 0 1316 1747 1317 1748
508 1 -1
887 11 30 13 30 1318 1749 1321 1752
509 1 -1
889 30 16 31 17 1320 1751 1323 1754
510 0 -1
891 30 0 31 1 1322 1753 1324 1755
511 3 -1
893 39 35 41 35 1324 1755 1326 1757
512 0 -1
894 27 65 30 65 1325 1756 1328 1759
513 2 -1
895 0 80 3 80 1326 1757 1329 1760
514 1 -1
896 79 16 81 16 1327 1758 1329 1760
515 2 -1
897 37 37 38 37 1328 1759 1329 1760
516 0 -1
898 28 35 28 36 1329 1760 1331 1762
517 3 -1
899 4 70 5 71 1330 1761 1332 1763
518 2 -1
900 77 4 77 8 1331 1762 1337 1768
519 2 -1
901 76 66 78 66 1332 1763 1334 1765
520 0 -1
902 61 12 61 13 1333 1764 1334 1765
521 0 -1
905 50 86 50 87 1336 1767 1337 1768
522 1 -1
910 84 83 84 83 1341 1772 1342 1773
523 1 -1
912 1 29 8 31 1343 1774 1353 1784
524 2 -1
914 95 57 99 60 1345 1776 1352 1783
525 3 -1
917 57 29 58 32 1348 1779 1352 1783
526 3 -1
919 26 74 27 74 1350 1781 1352 1783
527 1 -1
920 25 59 27 59 1351 1782 1354 1785
528 0 -1
921 1 20 1 21 1352 1783 1353 1784
529 2 -1
923 74 18 74 19 1354 1785 1355 1786
530 2 -1
925 32 68 33 70 1356 1787 1359 1790
531 1 -1
926 74 71 79 73 1357 1788 1366 1797
532 1 -1
927 62 26 65 26 1358 1789 1361 1792
533 3 -1
928 28 8 29 8 1359 1790 1363 1794
534 1 -1
929 3 81 4 81 1360 1791 1361 1792
535 2 -1
931 22 50 24 50 1362 1793 1364 1795
536 3 -1
933 17 29 24 29 1364 1795 1371 1802
537 0 -1
935 57 98 57 99 1366 1797 1368 1799
538 3 -1
936 34 84 35 84 1367 1798 1368 1799
539 3 -1
937 20 24 21 24 1368 1799 1372 1803
540 2 -1
938 97 4 98 4 1369 1800 1373 1804
541 0 -1
940 56 1 57 2 1371 1802 1373 1804
542 2 -1
942 32 93 32 93 1373 1804 1374 1805
543 1 -1
943 35 1 42 1 1374 1805 1381 1812
544 1 -1
944 2 28 2 29 1375 1806 1376 1807
545 3 -1
945 91 51 93 52 1376 1807 1379 1810
546 0 -1
947 14 90 26 90 1378 1809 1391 1822
547 3 -1
948 37 82 37 82 1379 1810 1382 1813
548 1 -1
950 45 61 47 61 1381 1812 1383 1814
549 0 -1
951 91 54 93 54 1382 1813 1384 1815
550 0 -1
954 24 76 24 78 1385 1816 1387 1818
551 0 -1
955 26 36 27 36 1386 1817 1387 1818
552 2 -1
957 86 55 88 55 1388 1819 1391 1822
553 2 -1
958 50 5 51 5 1389 1820 1390 1821
554 1 -1
963 38 33 41 33 1394 1825 1397 1828
555 1 -1
964 90 41 92 41 1395 1826 1397 1828
556 3 -1
966 16 52 17 52 1397 1828 1399 1830
557 2 -1
969 12 19 12 20 1400 1831 1402 1833
558 2 -1
972 37 72 43 72 1403 1834 1409 1840
559 0 -1
973 34 4 34 7 1404 1835 1408 1839
560 0 -1
974 70 60 74 62 1405 1836 1415 1846
561 3 -1
976 18 21 21 23 1407 1838 1412 1843
562 2 -1
979 95 92 99 92 1410 1841 1414 1845
563 3 -1
981 7 27 7 28 1412 1843 1413 1844
564 0 -1
983 65 25 65 28 1414 1845 1417 1848
565 1 -1
984 43 55 49 55 1415 1846 1421 1852
566 1 -1
987 98 92 94 92 1418 1849 1422 1853
567 0 -1
989 1 31 2 32 1420 1851 1423 1854
568 1 -1
990 63 72 66 72 1421 1852 1425 1856
569 3 -1
992 39 26 42 26 1423 1854 1427 1858
570 3 -1
993 79 36 80 37 1424 1855 1426 1857
571 2 -1
994 87 41 90 41 1425 1856 1429 1860
572 0 -1
996 34 55 34 57 1427 1858 1429 1860
573 2 -1
997 92 49 93 50 1428 1859 1430 1861
574 0 -1
998 82 82 83 82 1429 1860 1430 1861
575 2 -1
999 73 30 75 30 1430 1861 1432 1863
576 2 -1
1001 2 60 33 77 1432 1863 1481 1912
577 0 -1
1004 16 40 18 40 1435 1866 1437 1868
578 2 -1
1008 88 0 89 0 1439 1870 1440 1871
579 3 -1
1010 22 24 23 25 1441 1872 1443 1874
580 0 -1
1012 95 69 96 69 1443 1874 1444 1875
581 1 -1
1015 13 68 14 68 1446 1877 1447 1878
582 3 -1
1016 57 22 58 22 1447 1878 1448 1879
583 1 -1
1017 82 67 82 67 1448 1879 1451 1882
584 2 -1
1018 95 62 83 62 1449 1880 1463 1894
585 2 -1
1019 55 62 60 63 1450 1881 1460 1891
586 2 -1
1020 65 24 68 24 1451 1882 1454 1885
587 3 -1
1021 28 61 29 61 1452 1883 1453 1884
588 0 -1
1022 99 28 98 39 1453 1884 1467 1898
589 0 -1
1025 33 83 38 83 1456 1887 1461 1892
590 1 -1
1027 92 75 93 75 1458 1889 1459 1890
591 3 -1
1028 75 5 76 5 1459 1890 1460 1891
592 3 -1
1031 52 91 53 93 1462 1893 1471 1902
593 2 -1
1032 7 8 11 8 1463 1894 1470 1901
594 0 -1
1033 43 67 43 67 1464 1895 1468 1899
595 1 -1
1035 76 2 77 2 1466 1897 1468 1899
596 0 -1
1036 8 25 8 26 1467 1898 1469 1900
597 1 -1
1037 42 45 43 45 1468 1899 1469 1900
598 1 -1
1039 57 33 57 34 1470 1901 1471 1902
599 3 -1
1040 62 35 62 35 1471 1902 1472 1903
600 2 -1
1042 57 42 66 42 1473 1904 1484 1915
601 0 -1
1044 12 40 13 42 1475 1906 1479 1910
602 3 -1
1045 59 94 60 95 1476 1907 1479 1910
603 1 -1
1051 3 70 3 70 1482 1913 1483 1914
604 0 -1
1053 75 80 75 81 1484 1915 1485 1916
605 2 -1
1056 84 45 86 45 1487 1918 1489 1920
606 2 -1
1057 37 20 39 20 1488 1919 1490 1921
607 3 -1
1059 13 42 13 45 1490 1921 1494 1925
608 1 -1
1060 23 5 23 8 1491 1922 1496 1927
609 3 -1
1063 92 21 93 21 1494 1925 1497 1928
610 3 -1
1065 63 24 63 26 1496 1927 1499 1930
611 3 -1
1066 42 92 44 92 1497 1928 1499 1930
612 3 -1
1067 5 0 5 0 1498 1929 1499 1930
613 2 -1
1070 63 77 66 79 1501 1932 1513 1944
614 2 -1
1071 56 70 59 72 1502 1933 1507 1938
615 1 -1
1073 36 17 44 19 1504 1935 1519 1950
616 1 -1
1074 73 49 73 49 1505 1936 1506 1937
617 1 -1
1075 11 18 11 21 1506 1937 1509 1940
618 1 -1
1078 81 39 83 40 1509 1940 1513 1944
619 2 -1
1082 29 54 29 54 1513 1944 1514 1945
620 2 -1
1083 33 13 35 13 1514 1945 1516 1947
621 0 -1
1084 25 40 25 40 1515 1946 1521 1952
622 1 -1
1085 28 93 29 93 1516 1947 1519 1950
623 3 -1
1086 4 96 5 96 1517 1948 1521 1952
624 2 -1
1090 27 73 28 73 1521 1952 1522 1953
625 0 -1
1091 21 64 24 64 1522 1953 1526 1957
626 1 -1
1092 40 95 40 96 1523 1954 1524 1955
627 1 -1
1095 56 18 59 18 1526 1957 1529 1960
628 2 -1
1097 88 96 88 96 1528 1959 1531 1962
629 3 -1
1098 18 18 20 18 1529 1960 1533 1964
630 0 -1
1099 24 75 26 78 1530 1961 1535 1966
631 2 -1
1100 42 16 43 18 1531 1962 1536 1967
632 1 -1
1102 67 21 69 21 1533 1964 1536 1967
633 2 -1
1103 62 30 62 33 1534 1965 1541 1972
634 2 -1
1104 83 11 83 11 1535 1966 1536 1967
635 3 -1
1105 48 6 49 6 1536 1967 1537 1968
636 0 -1
1107 1 71 8 73 1538 1969 1548 1979
637 3 -1
1109 49 15 49 15 1540 1971 1543 1974
638 3 -1
1111 70 65 70 66 1542 1973 1544 1975
639 2 -1
1113 88 88 88 89 1544 1975 1545 1976
640 2 -1
1114 19 0 20 0 1545 1976 1546 1977
641 1 -1
1115 73 73 75 73 1546 1977 1549 1980
642 0 -1
1116 8 19 17 19 1547 1978 1558 1989
643 1 -1
1118 12 41 14 41 1549 1980 1551 1982
644 3 -1
1120 34 2 35 3 1551 1982 1553 1984
645 3 -1
1121 30 16 31 16 1552 1983 1553 1984
646 2 -1
1122 83 75 85 75 1553 1984 1556 1987
647 3 -1
1124 0 51 1 55 1555 1986 1562 1993
648 1 -1
1125 17 30 17 30 1556 1987 1558 1989
649 0 -1
1126 85 51 93 54 1557 1988 1569 2000
650 2 -1
1129 89 93 90 93 1560 1991 1561 1992
651 3 -1
1130 99 75 99 76 1561 1992 1562 1993
652 3 -1
1132 82 60 83 61 1563 1994 1565 1996
653 1 -1
1133 91 26 93 27 1564 1995 1567 1998
654 0 -1
1137 9 25 12 26 1568 1999 1572 2003
655 3 -1
1138 59 24 59 25 1569 2000 1570 2001
656 0 -1
1139 89 92 89 93 1570 2001 1571 2002
657 2 -1
1141 8 46 9 47 1572 2003 1574 2005
658 2 -1
1142 39 75 41 75 1573 2004 1576 2007
659 3 -1
1144 33 39 33 39 1575 2006 1578 2009
660 1 -1
1147 52 70 56 70 1578 2009 1582 2013
661 1 -1
1150 74 26 75 26 1581 2012 1582 2013
662 2 -1
1151 48 83 50 83 1582 2013 1584 2015
663 1 -1
1154 26 8 27 8 1585 2016 1586 2017
664 1 -1
1156 73 19 74 19 1587 2018 1589 2020
665 0 -1
1157 21 22 26 22 1588 2019 1593 2024
666 3 -1
1158 64 10 66 11 1589 2020 1593 2024
667 1 -1
1159 97 97 99 97 1590 2021 1592 2023
668 1 -1
1164 30 65 30 67 1595 2026 1598 2029
669 1 -1
1166 25 50 26 50 1597 2028 1600 2031
670 1 -1
1169 99 45 99 46 1600 2031 1603 2034
671 3 -1
1170 58 37 58 40 1601 2032 1604 2035
672 2 -1
1171 38 98 44 100 1602 2033 1611 2042
673 3 -1
1172 42 21 43 21 1603 2034 1604 2035
674 1 -1
1174 74 44 81 44 1605 2036 1612 2043
675 3 -1
1175 63 45 66 45 1606 2037 1609 2040
676 1 -1
1176 38 94 38 94 1607 2038 1609 2040
677 1 -1
1177 73 87 74 88 1608 2039 1610 2041
678 0 -1
1179 3 35 3 35 1610 2041 1611 2042
679 2 -1
1186 2 14 4 14 1617 2048 1619 2050
680 3 -1
1187 3 21 3 22 1618 2049 1620 2051
681 0 -1
1188 83 50 83 50 1619 2050 1620 2051
682 0 -1
1190 38 29 38 30 1621 2052 1622 2053
683 3 -1
1191 75 2 75 2 1622 2053 1624 2055
684 2 -1
1194 62 14 62 16 1625 2056 1627 2058
685 1 -1
1195 33 41 34 41 1626 2057 1629 2060
686 1 -1
1197 23 80 24 81 1628 2059 1631 2062
687 0 -1
1198 43 59 47 59 1629 2060 1633 2064
688 1 -1
1201 87 98 88 94 1632 2063 1637 2068
689 1 -1
1202 17 17 17 18 1633 2064 1634 2065
690 0 -1
1203 67 31 67 31 1634 2065 1635 2066
691 0 -1
1205 87 44 90 44 1636 2067 1639 2070
692 3 -1
1207 10 18 14 18 1638 2069 1642 2073
693 1 -1
1208 95 54 95 54 1639 2070 1641 2072
694 0 -1
1209 49 24 50 24 1640 2071 1641 2072
695 3 -1
1211 53 37 55 37 1642 2073 1646 2077
696 1 -1
1214 60 74 62 76 1645 2076 1651 2082
697 3 -1
1217 52 74 52 74 1648 2079 1650 2081
698 0 -1
1218 13 65 13 66 1649 2080 1650 2081
699 2 -1
1219 74 82 80 83 1650 2081 1657 2088
700 0 -1
1220 38 99 39 99 1651 2082 1652 2083
701 3 -1
1222 19 2 20 3 1653 2084 1656 2087
702 3 -1
1223 20 20 22 22 1654 2085 1658 2089
703 2 -1
1226 49 55 50 55 1657 2088 1660 2091
704 3 -1
1227 88 39 89 39 1658 2089 1659 2090
705 0 -1
1229 3 34 3 34 1660 2091 1661 2092
706 1 -1
1230 91 74 92 78 1661 2092 1666 2097
707 3 -1
1231 92 74 92 75 1662 2093 1663 2094
708 2 -1
1233 23 77 25 77 1664 2095 1666 2097
709 3 -1
1235 56 21 60 21 1666 2097 1670 2101
710 3 -1
1236 22 14 24 16 1667 2098 1672 2103
711 0 -1
1237 56 67 61 67 1668 2099 1673 2104
712 0 -1
1238 3 43 6 44 1669 2100 1674 2105
713 2 -1
1240 77 86 81 86 1671 2102 1675 2106
714 0 -1
1241 34 46 35 46 1672 2103 1673 2104
715 3 -1
1242 62 37 72 37 1673 2104 1686 2117
716 3 -1
1243 63 0 64 0 1674 2105 1676 2107
717 2 -1
1244 63 6 66 7 1675 2106 1682 2113
718 2 -1
1246 93 54 85 54 1677 2108 1686 2117
719 0 -1
1250 62 78 63 78 1681 2112 1682 2113
720 0 -1
1254 93 47 94 50 1685 2116 1692 2123
721 2 -1
1255 45 10 47 12 1686 2117 1690 2121
722 2 -1
1258 2 98 9 92 1689 2120 1705 2136
723 3 -1
1259 12 19 17 25 1690 2121 1708 2139
724 2 -1
1260 55 65 58 68 1691 2122 1697 2128
725 1 -1
1261 47 48 52 50 1692 2123 1699 2130
726 1 -1
1263 55 79 61 79 1694 2125 1701 2132
727 0 -1
1264 56 39 60 39 1695 2126 1699 2130
728 2 -1
1265 71 76 73 76 1696 2127 1698 2129
729 2 -1
1266 63 40 64 40 1697 2128 1698 2129
730 0 -1
1268 60 17 63 17 1699 2130 1702 2133
731 1 -1
1276 66 4 66 5 1707 2138 1708 2139
732 2 -1
1277 14 91 17 93 1708 2139 1713 2144
733 0 -1
1281 24 28 25 28 1712 2143 1714 2145
734 1 -1
1284 68 64 69 65 1715 2146 1717 2148
735 0 -1
1287 95 70 95 72 1718 2149 1722 2153
736 2 -1
1290 5 17 9 18 1721 2152 1728 2159
737 1 -1
1291 13 37 15 37 1722 2153 1725 2156
738 3 -1
1292 98 63 81 67 1723 2154 1749 2180
739 2 -1
1297 81 49 83 49 1728 2159 1731 2162
740 3 -1
1298 69 20 70 20 1729 2160 1730 2161
741 1 -1
1299 3 4 5 5 1730 2161 1733 2164
742 0 -1
1300 22 55 24 55 1731 2162 1733 2164
743 3 -1
1307 68 71 69 71 1738 2169 1739 2170
744 3 -1
1309 45 68 46 69 1740 2171 1742 2173
745 1 -1
1312 27 37 29 37 1743 2174 1745 2176
746 0 -1
1313 5 20 6 20 1744 2175 1745 2176
747 3 -1
1314 50 1 54 1 1745 2176 1749 2180
748 3 -1
1315 77 62 78 65 1746 2177 1751 2182
749 2 -1
1316 30 94 31 94 1747 2178 1749 2180
750 2 -1
1317 98 51 99 52 1748 2179 1750 2181
751 3 -1
1318 95 96 96 96 1749 2180 1752 2183
752 0 -1
1319 43 79 43 79 1750 2181 1752 2183
753 1 -1
1320 82 9 82 9 1751 2182 1752 2183
754 1 -1
1321 80 22 80 23 1752 2183 1754 2185
755 0 -1
1323 91 1 93 1 1754 2185 1756 2187
756 2 -1
1324 22 57 26 58 1755 2186 1760 2191
757 2 -1
1325 94 26 95 26 1756 2187 1762 2193
758 1 -1
1326 94 5 95 5 1757 2188 1758 2189
759 2 -1
1327 77 92 80 96 1758 2189 1768 2199
760 2 -1
1329 28 80 30 80 1760 2191 1762 2193
761 3 -1
1332 34 42 34 43 1763 2194 1765 2196
762 3 -1
1333 68 60 68 61 1764 2195 1765 2196
763 0 -1
1335 97 39 98 53 1766 2197 1782 2213
764 0 -1
1336 3 97 4 97 1767 2198 1768 2199
765 1 -1
1338 0 57 1 59 1769 2200 1772 2203
766 3 -1
1340 38 25 44 26 1771 2202 1778 2209
767 1 -1
1342 25 56 26 56 1773 2204 1776 2207
768 1 -1
1344 65 50 67 50 1775 2206 1777 2208
769 3 -1
1345 56 27 56 27 1776 2207 1777 2208
770 2 -1
1347 59 74 60 74 1778 2209 1781 2212
771 1 -1
1348 74 54 77 55 1779 2210 1784 2215
772 1 -1
1349 72 14 76 16 1780 2211 1786 2217
773 3 -1
1354 47 19 48 21 1785 2216 1788 2219
774 2 -1
1355 2 3 3 6 1786 2217 1791 2222
775 1 -1
1359 46 44 51 44 1790 2221 1795 2226
776 3 -1
1362 2 45 3 45 1793 2224 1795 2226
777 3 -1
1365 35 19 35 19 1796 2227 1797 2228
778 1 -1
1368 93 43 95 43 1799 2230 1801 2232
779 3 -1
1369 42 80 77 80 1800 2231 1835 2266
780 3 -1
1370 18 59 20 59 1801 2232 1803 2234
781 1 -1
1372 29 14 29 18 1803 2234 1808 2239
782 2 -1
1374 87 43 88 44 1805 2236 1807 2238
783 3 -1
1375 55 64 56 65 1806 2237 1813 2244
784 1 -1
1376 92 95 93 95 1807 2238 1808 2239
785 2 -1
1377 47 73 50 73 1808 2239 1811 2242
786 1 -1
1378 86 84 86 85 1809 2240 1810 2241
787 1 -1
1379 93 18 95 20 1810 2241 1814 2245
788 2 -1
1381 85 40 88 40 1812 2243 1815 2246
789 3 -1
1382 52 85 54 86 1813 2244 1816 2247
790 1 -1
1383 28 60 29 60 1814 2245 1816 2247
791 3 -1
1385 29 79 31 82 1816 2247 1822 2253
792 3 -1
1386 2 40 2 41 1817 2248 1820 2251
793 3 -1
1387 27 94 36 94 1818 2249 1829 2260
794 2 -1
1388 21 37 22 39 1819 2250 1822 2253
795 2 -1
1389 41 32 41 33 1820 2251 1822 2253
796 1 -1
1390 22 85 23 86 1821 2252 1823 2254
797 1 -1
1391 41 81 41 83 1822 2253 1824 2255
798 1 -1
1393 50 29 50 31 1824 2255 1826 2257
799 0 -1
1395 87 88 94 89 1826 2257 1834 2265
800 3 -1
1396 81 95 81 96 1827 2258 1828 2259
801 0 -1
1400 76 5 79 5 1831 2262 1834 2265
802 1 -1
1401 76 68 77 70 1832 2263 1835 2266
803 1 -1
1402 81 9 84 10 1833 2264 1840 2271
804 1 -1
1403 76 83 78 83 1834 2265 1836 2267
805 3 -1
1406 64 23 64 24 1837 2268 1838 2269
806 3 -1
1411 3 69 4 70 1842 2273 1844 2275
807 1 -1
1412 62 90 63 94 1843 2274 1849 2280
808 1 -1
1413 74 56 74 57 1844 2275 1845 2276
809 2 -1
1414 32 85 33 86 1845 2276 1847 2278
810 1 -1
1415 46 58 47 59 1846 2277 1848 2279
811 0 -1
1417 65 3 65 3 1848 2279 1849 2280
812 1 -1
1418 91 2 91 7 1849 2280 1854 2285
813 2 -1
1419 82 71 85 72 1850 2281 1857 2288
814 1 -1
1420 5 64 9 65 1851 2282 1859 2290
815 1 -1
1423 22 19 23 19 1854 2285 1855 2286
816 1 -1
1426 6 50 7 51 1857 2288 1859 2290
817 2 -1
1428 35 59 36 61 1859 2290 1862 2293
818 1 -1
1429 24 90 25 90 1860 2291 1862 2293
819 2 -1
1430 63 54 63 54 1861 2292 1862 2293
820 0 -1
1431 80 39 83 39 1862 2293 1865 2296
821 3 -1
1432 84 63 84 63 1863 2294 1864 2295
822 3 -1
1434 16 89 16 89 1865 2296 1866 2297
823 0 -1
1435 21 24 26 26 1866 2297 1873 2304
824 1 -1
1436 9 49 11 49 1867 2298 1869 2300
825 3 -1
1438 35 87 39 87 1869 2300 1873 2304
826 3 -1
1439 59 11 60 11 1870 2301 1871 2302
827 2 -1
1440 61 57 61 60 1871 2302 1874 2305
828 3 -1
1441 47 70 54 70 1872 2303 1879 2310
829 1 -1
1442 9 13 10 14 1873 2304 1875 2306
830 3 -1
1443 77 53 78 53 1874 2305 1879 2310
831 1 -1
1444 55 54 57 54 1875 2306 1877 2308
832 3 -1
1446 93 43 98 44 1877 2308 1883 2314
833 3 -1
1447 65 0 65 1 1878 2309 1880 2311
834 2 -1
1448 73 38 73 40 1879 2310 1881 2312
835 0 -1
1452 86 69 87 69 1883 2314 1884 2315
836 3 -1
1454 22 82 23 85 1885 2316 1889 2320
837 1 -1
1455 23 69 25 69 1886 2317 1888 2319
838 0 -1
1456 30 43 30 44 1887 2318 1888 2319
839 1 -1
1457 65 82 70 82 1888 2319 1894 2325
840 1 -1
1458 47 89 52 89 1889 2320 1899 2330
841 0 -1
1461 68 34 71 34 1892 2323 1895 2326
842 2 -1
1462 88 41 92 41 1893 2324 1897 2328
843 1 -1
1463 15 4 16 4 1894 2325 1896 2327
844 2 -1
1465 40 14 41 15 1896 2327 1898 2329
845 2 -1
1466 94 96 95 97 1897 2328 1899 2330
846 1 -1
1468 0 82 0 82 1899 2330 1900 2331
847 3 -1
1469 80 7 81 9 1900 2331 1905 2336
848 2 -1
1470 22 81 23 81 1901 2332 1902 2333
849 0 -1
1472 56 7 59 8 1903 2334 1908 2339
850 0 -1
1473 65 41 66 41 1904 2335 1909 2340
851 3 -1
1474 13 45 13 52 1905 2336 1916 2347
852 3 -1
1475 25 93 26 93 1906 2337 1908 2339
853 2 -1
1478 48 2 49 7 1909 2340 1915 2346
854 0 -1
1479 46 74 46 75 1910 2341 1912 2343
855 3 -1
1481 51 82 53 82 1912 2343 1914 2345
856 0 -1
1483 49 45 52 45 1914 2345 1925 2356
857 2 -1
1486 15 35 19 35 1917 2348 1922 2353
858 1 -1
1487 97 8 98 8 1918 2349 1922 2353
859 2 -1
1493 72 91 73 92 1924 2355 1926 2357
860 1 -1
1495 14 75 14 76 1926 2357 1927 2358
861 0 -1
1496 84 8 86 8 1927 2358 1931 2362
862 2 -1
1497 21 16 24 16 1928 2359 1932 2363
863 1 -1
1499 30 60 32 60 1930 2361 1932 2363
864 1 -1
1500 13 50 13 52 1931 2362 1933 2364
865 2 -1
1501 29 58 30 65 1932 2363 1940 2371
866 3 -1
1502 23 3 27 3 1933 2364 1937 2368
867 0 -1
1504 37 73 50 73 1935 2366 1948 2379
868 1 -1
1505 76 10 80 15 1936 2367 1946 2377
869 0 -1
1506 32 93 32 95 1937 2368 1939 2370
870 0 -1
1507 63 4 66 4 1938 2369 1941 2372
871 0 -1
1508 58 76 58 80 1939 2370 1945 2376
872 1 -1
1509 87 2 88 2 1940 2371 1941 2372
873 1 -1
1511 32 65 34 65 1942 2373 1944 2375
874 2 -1
1513 57 0 57 2 1944 2375 1949 2380
875 3 -1
1515 33 52 34 52 1946 2377 1947 2378
876 0 -1
1516 14 18 17 18 1947 2378 1950 2381
877 0 -1
1517 0 14 3 14 1948 2379 1951 2382
878 1 -1
1518 2 97 5 97 1949 2380 1952 2383
879 1 -1
1519 42 22 45 23 1950 2381 1954 2385
880 3 -1
1521 12 76 13 79 1952 2383 1956 2387
881 3 -1
1522 25 37 27 37 1953 2384 1955 2386
882 1 -1
1523 33 46 33 48 1954 2385 1956 2387
883 0 -1
1527 51 9 53 10 1958 2389 1962 2393
884 2 -1
1528 64 81 65 81 1959 2390 1960 2391
885 3 -1
1533 4 2 4 2 1964 2395 1965 2396
886 0 -1
1534 90 72 98 73 1965 2396 1974 2405
887 0 -1
1535 37 98 40 98 1966 2397 1969 2400
888 2 -1
1536 86 78 87 79 1967 2398 1969 2400
889 1 -1
1538 66 11 69 12 1969 2400 1973 2404
890 1 -1
1540 11 74 11 74 1971 2402 1972 2403
891 2 -1
1543 5 32 6 34 1974 2405 1977 2408
892 1 -1
1544 0 86 0 86 1975 2406 1977 2408
893 1 -1
1545 56 99 58 99 1976 2407 1978 2409
894 1 -1
1547 43 75 43 79 1978 2409 1983 2414
895 2 -1
1550 41 0 41 0 1981 2412 1983 2414
896 0 -1
1551 24 37 25 37 1982 2413 1984 2415
897 2 -1
1552 62 27 63 30 1983 2414 1988 2419
898 2 -1
1554 6 21 8 22 1985 2416 1989 2420
899 0 -1
1555 12 88 14 88 1986 2417 1988 2419
900 3 -1
1556 83 93 85 93 1987 2418 1989 2420
901 0 -1
1559 56 34 56 34 1990 2421 1996 2427
902 1 -1
1560 96 78 92 79 1991 2422 1997 2428
903 2 -1
1562 3 90 3 92 1993 2424 1995 2426
904 2 -1
1563 75 58 82 61 1994 2425 2004 2435
905 2 -1
1564 53 17 53 18 1995 2426 1997 2428
906 2 -1
1566 45 95 46 96 1997 2428 1999 2430
907 1 -1
1567 24 60 24 61 1998 2429 2002 2433
908 2 -1
1573 54 1 57 4 2004 2435 2012 2443
909 3 -1
1575 45 84 45 84 2006 2437 2007 2438
910 1 -1
1576 99 82 98 82 2007 2438 2009 2440
911 2 -1
1577 29 77 29 78 2008 2439 2010 2441
912 2 -1
1579 21 70 24 70 2010 2441 2013 2444
913 3 -1
1580 89 59 90 59 2011 2442 2013 2444
914 3 -1
1582 66 4 67 4 2013 2444 2014 2445
915 1 -1
1584 87 40 87 41 2015 2446 2016 2447
916 1 -1
1587 78 29 90 29 2018 2449 2030 2461
917 2 -1
1588 13 0 17 0 2019 2450 2023 2454
918 1 -1
1589 40 93 40 95 2020 2451 2022 2453
919 3 -1
1590 63 22 63 22 2021 2452 2024 2455
920 3 -1
1591 70 31 75 31 2022 2453 2027 2458
921 2 -1
1593 10 51 10 52 2024 2455 2028 2459
922 3 -1
1594 3 18 5 18 2025 2456 2027 2458
923 0 -1
1596 46 36 46 37 2027 2458 2029 2460
924 3 -1
1598 60 14 61 14 2029 2460 2030 2461
925 0 -1
1599 94 30 95 32 2030 2461 2034 2465
926 0 -1
1600 32 58 32 59 2031 2462 2032 2463
927 3 -1
1603 16 22 16 22 2034 2465 2035 2466
928 0 -1
1606 38 53 39 53 2037 2468 2039 2470
929 1 -1
1608 12 11 13 11 2039 2470 2040 2471
930 2 -1
1609 75 57 75 59 2040 2471 2042 2473
931 0 -1
1610 54 89 54 89 2041 2472 2042 2473
932 3 -1
1611 38 54 38 55 2042 2473 2044 2475
933 3 -1
1613 69 27 69 28 2044 2475 2046 2477
934 3 -1
1615 21 26 22 26 2046 2477 2047 2478
935 3 -1
1618 91 92 91 93 2049 2480 2052 2483
936 1 -1
1620 13 88 14 91 2051 2482 2056 2487
937 2 -1
1621 39 13 40 18 2052 2483 2059 2490
938 1 -1
1623 33 94 34 96 2054 2485 2059 2490
939 0 -1
1624 27 63 27 63 2055 2486 2056 2487
940 0 -1
1625 58 92 58 93 2056 2487 2059 2490
941 2 -1
1626 71 23 73 23 2057 2488 2059 2490
942 1 -1
1627 38 24 50 24 2058 2489 2071 2502
943 3 -1
1629 48 20 49 20 2060 2491 2061 2492
944 0 -1
1631 96 69 97 69 2062 2493 2064 2495
945 1 -1
1633 28 26 36 26 2064 2495 2074 2505
946 3 -1
1634 27 0 28 1 2065 2496 2067 2498
947 2 -1
1637 27 64 27 64 2068 2499 2069 2500
948 0 -1
1638 46 16 46 19 2069 2500 2072 2503
949 1 -1
1640 50 86 51 90 2071 2502 2081 2512
950 0 -1
1641 74 31 75 32 2072 2503 2075 2506
951 2 -1
1642 53 39 56 39 2073 2504 2077 2508
952 1 -1
1645 26 83 26 84 2076 2507 2077 2508
953 0 -1
1648 22 77 24 77 2079 2510 2081 2512
954 2 -1
1649 77 25 78 26 2080 2511 2082 2513
955 0 -1
1650 32 35 33 35 2081 2512 2082 2513
956 3 -1
1656 76 3 80 3 2087 2518 2091 2522
957 0 -1
1657 9 17 12 17 2088 2519 2091 2522
958 0 -1
1659 81 87 83 88 2090 2521 2094 2525
959 2 -1
1660 96 40 98 40 2091 2522 2095 2526
960 1 -1
1661 66 6 70 7 2092 2523 2099 2530
961 0 -1
1662 71 63 75 63 2093 2524 2100 2531
962 2 -1
1663 65 59 72 59 2094 2525 2101 2532
963 2 -1
1664 54 94 54 94 2095 2526 2097 2528
964 1 -1
1665 88 32 89 32 2096 2527 2097 2528
965 3 -1
1668 40 87 41 87 2099 2530 2102 2533
966 3 -1
1671 12 48 14 50 2102 2533 2110 2541
967 0 -1
1672 33 21 33 25 2103 2534 2107 2538
968 2 -1
1673 48 95 48 95 2104 2535 2109 2540
969 3 -1
1675 91 72 91 73 2106 2537 2107 2538
970 0 -1
1676 77 82 77 84 2107 2538 2110 2541
971 0 -1
1678 91 84 94 84 2109 2540 2112 2543
972 2 -1
1679 39 93 39 98 2110 2541 2117 2548
973 2 -1
1680 76 0 80 0 2111 2542 2115 2546
974 1 -1
1683 70 55 75 56 2114 2545 2121 2552
975 2 -1
1685 90 17 92 17 2116 2547 2119 2550
976 0 -1
1686 89 89 97 91 2117 2548 2127 2558
977 1 -1
1687 49 4 49 8 2118 2549 2122 2553
978 2 -1
1688 88 97 88 92 2119 2550 2125 2556
979 3 -1
1690 18 79 21 80 2121 2552 2125 2556
980 0 -1
1691 54 58 55 59 2122 2553 2124 2555
981 1 -1
1692 34 63 34 64 2123 2554 2126 2557
982 1 -1
1694 83 52 83 53 2125 2556 2126 2557
983 2 -1
1695 62 31 65 32 2126 2557 2130 2561
984 0 -1
1696 95 14 98 14 2127 2558 2130 2561
985 0 -1
1697 6 74 6 76 2128 2559 2130 2561
986 1 -1
1698 98 48 99 48 2129 2560 2131 2562
987 2 -1
1700 30 20 32 20 2131 2562 2133 2564
988 3 -1
1702 79 92 79 97 2133 2564 2147 2578
989 2 -1
1703 50 69 51 69 2134 2565 2135 2566
990 2 -1
1704 67 8 67 11 2135 2566 2138 2569
991 3 -1
1709 53 8 55 8 2140 2571 2143 2574
992 0 -1
1712 95 34 95 35 2143 2574 2146 2577
993 0 -1
1714 70 93 70 95 2145 2576 2149 2580
994 0 -1
1717 19 54 21 56 2148 2579 2152 2583
995 3 -1
1718 21 89 23 89 2149 2580 2151 2582
996 0 -1
1720 27 13 31 13 2151 2582 2157 2588
997 3 -1
1722 43 55 43 55 2153 2584 2154 2585
998 3 -1
1723 85 64 86 65 2154 2585 2156 2587
999 0 -1
1725 26 69 27 70 2156 2587 2158 2589
1000 2 -1
1726 15 55 17 55 2157 2588 2160 2591
