100 100 2591
16
0 42 49
1 0 87
2 57 56
3 32 51
4 76 69
5 62 31
6 40 22
7 54 33
8 92 16
9 39 25
10 65 86
11 47 33
12 7 84
13 4 32
14 4 55
15 86 34
48
0 0 0 100 6
0
1 0 -1 100 6
0
2 0 -1 100 6
0
3 1 0 100 6
0
4 1 -1 100 6
0
5 1 -1 100 6
0
6 2 0 100 6
0
7 2 -1 100 6
0
8 2 -1 100 6
0
9 3 0 100 6
0
10 3 -1 100 6
0
11 3 -1 100 6
0
12 4 0 100 6
0
13 4 -1 100 6
0
14 4 -1 100 6
0
15 5 0 100 6
0
16 5 -1 100 6
0
17 5 -1 100 6
0
18 6 0 100 6
0
19 6 -1 100 6
0
20 6 -1 100 6
0
21 7 0 100 6
0
22 7 -1 100 6
0
23 7 -1 100 6
0
24 8 0 100 6
0
25 8 -1 100 6
0
26 8 -1 100 6
0
27 9 0 100 6
0
28 9 -1 100 6
0
29 9 -1 100 6
0
30 10 0 100 6
0
31 10 -1 100 6
0
32 10 -1 100 6
0
33 11 0 100 6
0
34 11 -1 100 6
0
35 11 -1 100 6
0
36 12 0 100 6
0
37 12 -1 100 6
0
38 12 -1 100 6
0
39 13 0 100 6
0
40 13 -1 100 6
0
41 13 -1 100 6
0
42 14 0 100 6
0
43 14 -1 100 6
0
44 14 -1 100 6
0
45 15 0 100 6
0
46 15 -1 100 6
0
47 15 -1 100 6
0
1000
1 9 -1
2 36 91 38 91 433 864 436 867
2 2 -1
5 74 57 78 57 436 867 441 872
3 11 -1
7 83 85 84 85 438 869 442 873
4 7 -1
8 12 49 14 51 439 870 448 879
5 7 -1
9 31 64 33 64 440 871 446 877
6 1 -1
10 36 57 36 60 441 872 445 876
7 11 -1
11 70 74 76 74 442 873 448 879
8 5 -1
12 7 36 8 37 443 874 445 876
9 2 -1
13 35 44 35 44 444 875 446 877
10 9 -1
14 76 93 76 96 445 876 448 879
11 3 -1
15 47 0 51 0 446 877 452 883
12 3 -1
17 99 35 98 38 448 879 452 883
13 9 -1
18 27 95 29 96 449 880 455 886
14 10 -1
19 57 96 58 96 450 881 451 882
15 12 -1
20 8 77 8 79 451 882 453 884
16 9 -1
21 3 2 4 3 452 883 454 885
17 6 -1
22 33 93 34 94 453 884 457 888
18 4 -1
24 12 52 14 52 455 886 457 888
19 6 -1
29 66 93 68 95 460 891 466 897
20 4 -1
30 54 36 55 37 461 892 463 894
21 12 -1
31 33 3 33 4 462 893 464 895
22 5 -1
33 54 75 58 76 464 895 470 901
23 4 -1
35 25 20 26 20 466 897 467 898
24 4 -1
36 64 26 64 26 467 898 469 900
25 14 -1
39 33 69 33 69 470 901 471 902
26 11 -1
40 57 81 58 81 471 902 472 903
27 10 -1
41 88 87 90 87 472 903 474 905
28 10 -1
42 57 33 57 34 473 904 474 905
29 2 -1
43 29 51 29 52 474 905 475 906
30 12 -1
45 6 85 6 87 476 907 478 909
31 10 -1
49 31 64 33 64 480 911 483 914
32 3 -1
52 11 38 15 40 483 914 490 921
33 8 -1
53 90 88 90 89 484 915 489 920
34 12 -1
54 82 86 82 86 485 916 486 917
35 10 -1
56 62 63 62 72 487 918 504 935
36 7 -1
57 78 18 80 18 488 919 490 921
37 13 -1
59 36 42 37 42 490 921 491 922
38 3 -1
61 90 81 92 81 492 923 494 925
39 2 -1
62 50 9 55 9 493 924 501 932
40 0 -1
64 48 10 66 11 495 926 514 945
41 3 -1
69 98 5 98 5 500 931 502 933
42 9 -1
71 93 7 99 8 502 933 510 941
43 10 -1
73 13 37 17 37 504 935 509 940
44 8 -1
76 59 64 60 65 507 938 510 941
45 3 -1
78 79 96 81 96 509 940 511 942
46 13 -1
80 39 60 40 60 511 942 514 945
47 4 -1
81 43 50 44 51 512 943 514 945
48 15 -1
82 85 14 90 15 513 944 519 950
49 0 -1
83 17 96 19 96 514 945 519 950
50 10 -1
84 91 16 91 17 515 946 516 947
51 9 -1
86 56 0 64 0 517 948 527 958
52 15 -1
87 17 38 18 38 518 949 519 950
53 3 -1
90 78 60 78 61 521 952 522 953
54 13 -1
91 39 68 40 70 522 953 526 957
55 6 -1
92 86 73 87 73 523 954 524 955
56 3 -1
93 51 75 54 75 524 955 527 958
57 7 -1
94 54 47 55 48 525 956 531 962
58 9 -1
96 8 28 9 28 527 958 529 960
59 11 -1
103 71 0 71 2 534 965 537 968
60 4 -1
105 33 78 34 79 536 967 538 969
61 1 -1
106 15 81 19 82 537 968 547 978
62 7 -1
107 28 70 30 71 538 969 541 972
63 14 -1
108 95 57 88 57 539 970 547 978
64 0 -1
110 14 62 16 65 541 972 549 980
65 12 -1
111 77 69 77 69 542 973 543 974
66 13 -1
114 35 18 39 19 545 976 551 982
67 8 -1
115 0 28 1 31 546 977 551 982
68 10 -1
116 11 89 18 91 547 978 559 990
69 5 -1
119 38 38 40 39 550 981 553 984
70 1 -1
120 66 21 67 21 551 982 552 983
71 13 -1
122 66 75 68 76 553 984 557 988
72 11 -1
123 56 2 59 2 554 985 557 988
73 4 -1
124 83 26 84 26 555 986 559 990
74 9 -1
127 72 71 73 71 558 989 559 990
75 13 -1
128 73 61 79 64 559 990 578 1009
76 3 -1
130 14 93 14 93 561 992 562 993
77 8 -1
132 90 50 99 56 563 994 578 1009
78 5 -1
134 27 19 28 19 565 996 566 997
79 15 -1
135 49 78 54 80 566 997 577 1008
80 0 -1
136 14 97 15 97 567 998 569 1000
81 5 -1
139 77 4 78 4 570 1001 571 1002
82 13 -1
140 49 13 53 13 571 1002 575 1006
83 15 -1
141 86 81 89 83 572 1003 577 1008
84 14 -1
144 12 14 15 14 575 1006 580 1011
85 9 -1
145 17 47 18 47 576 1007 578 1009
86 15 -1
146 5 4 5 4 577 1008 578 1009
87 5 -1
147 77 73 77 74 578 1009 579 1010
88 14 -1
148 45 5 46 5 579 1010 580 1011
89 9 -1
149 2 3 4 3 580 1011 582 1013
90 13 -1
150 22 70 25 71 581 1012 587 1018
91 14 -1
153 11 25 12 25 584 1015 585 1016
92 8 -1
154 32 16 34 18 585 1016 589 1020
93 14 -1
155 90 40 94 40 586 1017 590 1021
94 8 -1
156 50 6 52 9 587 1018 592 1023
95 13 -1
157 47 80 49 83 588 1019 593 1024
96 4 -1
160 76 57 78 60 591 1022 597 1028
97 2 -1
162 33 67 34 67 593 1024 594 1025
98 13 -1
163 62 97 63 97 594 1025 595 1026
99 8 -1
166 72 4 73 4 597 1028 599 1030
100 3 -1
167 91 76 92 80 598 1029 603 1034
101 8 -1
168 0 89 0 90 599 1030 601 1032
102 5 -1
169 85 68 85 70 600 1031 605 1036
103 8 -1
170 74 45 74 46 601 1032 606 1037
104 9 -1
172 55 47 57 47 603 1034 608 1039
105 12 -1
173 66 98 69 98 604 1035 609 1040
106 6 -1
174 66 14 66 16 605 1036 607 1038
107 5 -1
179 1 20 1 21 610 1041 611 1042
108 5 -1
183 67 87 68 88 614 1045 619 1050
109 1 -1
184 98 96 96 96 615 1046 617 1048
110 5 -1
185 79 81 80 82 616 1047 618 1049
111 15 -1
186 12 26 15 28 617 1048 626 1057
112 12 -1
187 94 38 88 38 618 1049 624 1055
113 7 -1
189 62 9 65 10 620 1051 625 1056
114 12 -1
190 25 36 28 38 621 1052 626 1057
115 14 -1
193 92 34 93 34 624 1055 625 1056
116 3 -1
196 32 86 33 87 627 1058 629 1060
117 9 -1
197 41 50 42 50 628 1059 629 1060
118 12 -1
198 8 88 13 91 629 1060 647 1078
119 6 -1
199 31 4 32 4 630 1061 631 1062
120 11 -1
200 49 43 50 44 631 1062 633 1064
121 6 -1
201 23 83 24 83 632 1063 633 1064
122 2 -1
204 27 86 28 86 635 1066 636 1067
123 13 -1
208 82 72 82 73 639 1070 640 1071
124 11 -1
209 81 10 81 11 640 1071 641 1072
125 4 -1
211 18 63 19 64 642 1073 645 1076
126 8 -1
212 16 89 16 89 643 1074 645 1076
127 3 -1
213 70 18 74 20 644 1075 652 1083
128 4 -1
214 84 75 85 75 645 1076 650 1081
129 2 -1
218 72 44 77 46 649 1080 656 1087
130 5 -1
219 25 48 25 49 650 1081 652 1083
131 4 -1
224 70 48 71 49 655 1086 658 1089
132 5 -1
225 53 75 53 76 656 1087 658 1089
133 4 -1
229 71 70 76 71 660 1091 666 1097
134 6 -1
230 64 41 65 41 661 1092 662 1093
135 0 -1
231 21 21 22 21 662 1093 665 1096
136 0 -1
236 9 4 10 5 667 1098 669 1100
137 10 -1
237 54 56 56 56 668 1099 670 1101
138 14 -1
240 27 33 31 36 671 1102 682 1113
139 9 -1
242 56 19 57 19 673 1104 675 1106
140 14 -1
244 74 51 76 52 675 1106 680 1111
141 7 -1
245 85 90 88 92 676 1107 682 1113
142 6 -1
246 75 48 78 48 677 1108 680 1111
143 3 -1
247 62 83 64 83 678 1109 681 1112
144 4 -1
248 18 45 18 48 679 1110 682 1113
145 2 -1
250 79 56 79 58 681 1112 683 1114
146 8 -1
251 62 87 62 89 682 1113 685 1116
147 8 -1
253 62 92 63 92 684 1115 685 1116
148 0 -1
255 33 4 33 4 686 1117 688 1119
149 4 -1
256 83 93 83 97 687 1118 691 1122
150 14 -1
257 83 36 84 37 688 1119 692 1123
151 6 -1
258 91 60 92 60 689 1120 690 1121
152 5 -1
260 65 93 67 93 691 1122 693 1124
153 15 -1
261 61 74 61 86 692 1123 704 1135
154 9 -1
266 14 79 18 79 697 1128 701 1132
155 15 -1
267 24 54 24 55 698 1129 701 1132
156 8 -1
268 30 25 31 25 699 1130 701 1132
157 11 -1
269 0 92 1 92 700 1131 701 1132
158 3 -1
271 35 18 37 18 702 1133 708 1139
159 10 -1
272 74 59 75 59 703 1134 704 1135
160 15 -1
274 30 88 34 94 705 1136 718 1149
161 14 -1
277 1 97 2 98 708 1139 710 1141
162 10 -1
278 34 85 35 86 709 1140 715 1146
163 6 -1
279 89 29 89 29 710 1141 714 1145
164 3 -1
280 20 73 22 73 711 1142 714 1145
165 5 -1
283 95 84 95 85 714 1145 715 1146
166 1 -1
285 10 35 11 36 716 1147 719 1150
167 10 -1
286 63 18 64 20 717 1148 720 1151
168 13 -1
289 80 85 82 86 720 1151 723 1154
169 3 -1
293 70 4 71 6 724 1155 728 1159
170 9 -1
294 19 9 21 11 725 1156 729 1160
171 11 -1
295 41 86 41 86 726 1157 728 1159
172 14 -1
296 74 9 77 10 727 1158 731 1162
173 10 -1
303 42 53 42 56 734 1165 743 1174
174 15 -1
305 60 32 63 32 736 1167 741 1172
175 0 -1
306 94 72 94 72 737 1168 738 1169
176 1 -1
307 8 71 10 71 738 1169 740 1171
177 12 -1
310 38 30 38 31 741 1172 745 1176
178 1 -1
311 68 80 71 81 742 1173 746 1177
179 7 -1
312 56 98 64 98 743 1174 752 1183
180 11 -1
313 6 88 7 88 744 1175 745 1176
181 8 -1
315 38 1 40 1 746 1177 748 1179
182 2 -1
320 98 41 82 41 751 1182 767 1198
183 14 -1
321 43 47 45 47 752 1183 755 1186
184 15 -1
323 2 90 12 90 754 1185 767 1198
185 2 -1
325 88 69 95 69 756 1187 764 1195
186 12 -1
326 96 55 97 55 757 1188 758 1189
187 10 -1
327 57 86 58 87 758 1189 761 1192
188 13 -1
328 70 3 71 4 759 1190 764 1195
189 4 -1
329 13 44 13 45 760 1191 763 1194
190 13 -1
330 59 76 61 76 761 1192 766 1197
191 0 -1
337 35 79 42 81 768 1199 781 1212
192 12 -1
340 75 81 77 81 771 1202 774 1205
193 4 -1
342 2 41 3 41 773 1204 774 1205
194 1 -1
343 67 58 67 60 774 1205 777 1208
195 10 -1
345 82 53 90 55 776 1207 788 1219
196 8 -1
349 50 56 51 56 780 1211 781 1212
197 4 -1
351 0 94 0 94 782 1213 783 1214
198 9 -1
354 19 65 22 67 785 1216 791 1222
199 9 -1
356 31 29 31 30 787 1218 788 1219
200 0 -1
357 68 30 69 32 788 1219 792 1223
201 6 -1
358 4 43 8 46 789 1220 796 1227
202 10 -1
359 0 67 1 67 790 1221 793 1224
203 14 -1
360 24 71 25 71 791 1222 793 1224
204 4 -1
361 46 94 51 94 792 1223 798 1229
205 6 -1
363 77 7 77 8 794 1225 795 1226
206 7 -1
364 82 52 83 52 795 1226 796 1227
207 4 -1
365 86 98 88 98 796 1227 798 1229
208 2 -1
367 65 23 67 24 798 1229 804 1235
209 4 -1
371 45 26 45 26 802 1233 803 1234
210 13 -1
372 13 34 18 34 803 1234 811 1242
211 2 -1
373 62 11 62 13 804 1235 807 1238
212 1 -1
374 70 84 71 84 805 1236 806 1237
213 11 -1
375 45 87 46 87 806 1237 807 1238
214 5 -1
377 12 61 13 61 808 1239 809 1240
215 9 -1
379 95 5 95 6 810 1241 811 1242
216 13 -1
380 84 95 84 96 811 1242 812 1243
217 13 -1
381 94 92 94 95 812 1243 817 1248
218 0 -1
382 67 63 69 63 813 1244 815 1246
219 15 -1
383 86 42 87 42 814 1245 815 1246
220 2 -1
388 67 94 67 94 819 1250 820 1251
221 0 -1
391 96 68 96 70 822 1253 824 1255
222 0 -1
392 71 12 73 12 823 1254 825 1256
223 3 -1
394 40 41 43 41 825 1256 828 1259
224 1 -1
396 56 58 57 62 827 1258 832 1263
225 2 -1
397 25 32 26 32 828 1259 829 1260
226 2 -1
400 20 42 22 42 831 1262 833 1264
227 5 -1
401 75 2 76 2 832 1263 834 1265
228 4 -1
403 14 41 17 43 834 1265 839 1270
229 3 -1
404 38 29 38 29 835 1266 837 1268
230 0 -1
407 21 38 21 38 838 1269 839 1270
231 2 -1
408 48 74 50 75 839 1270 842 1273
232 8 -1
411 63 61 63 63 842 1273 844 1275
233 0 -1
412 44 17 44 18 843 1274 844 1275
234 8 -1
414 34 76 35 76 845 1276 846 1277
235 4 -1
418 32 11 33 11 849 1280 850 1281
236 0 -1
420 41 51 41 52 851 1282 852 1283
237 12 -1
421 92 97 93 98 852 1283 854 1285
238 6 -1
423 12 24 12 25 854 1285 855 1286
239 3 -1
426 26 74 28 76 857 1288 862 1293
240 13 -1
428 72 53 72 55 859 1290 861 1292
241 10 -1
433 94 27 95 27 864 1295 866 1297
242 7 -1
437 20 25 21 25 868 1299 869 1300
243 7 -1
439 10 57 11 57 870 1301 872 1303
244 0 -1
441 69 2 74 3 872 1303 880 1311
245 9 -1
446 7 53 8 56 877 1308 881 1312
246 1 -1
448 93 79 95 79 879 1310 882 1313
247 5 -1
450 74 2 79 5 881 1312 889 1320
248 4 -1
452 8 5 10 6 883 1314 886 1317
249 13 -1
455 87 85 90 85 886 1317 889 1320
250 9 -1
460 23 65 27 67 891 1322 897 1328
251 5 -1
461 72 6 73 6 892 1323 894 1325
252 15 -1
462 41 67 44 67 893 1324 896 1327
253 14 -1
464 1 86 3 86 895 1326 897 1328
254 3 -1
469 91 70 91 72 900 1331 902 1333
255 11 -1
471 1 81 6 87 902 1333 913 1344
256 14 -1
475 11 23 13 23 906 1337 908 1339
257 9 -1
478 52 10 52 10 909 1340 913 1344
258 4 -1
479 98 79 98 79 910 1341 912 1343
259 10 -1
480 98 21 96 21 911 1342 919 1350
260 2 -1
481 46 79 51 80 912 1343 918 1349
261 9 -1
482 62 75 62 76 913 1344 914 1345
262 6 -1
484 20 71 23 72 915 1346 919 1350
263 14 -1
486 29 23 32 23 917 1348 920 1351
264 9 -1
488 86 5 86 5 919 1350 922 1353
265 14 -1
489 69 69 69 69 920 1351 933 1364
266 4 -1
491 83 90 85 90 922 1353 924 1355
267 14 -1
493 48 98 48 99 924 1355 925 1356
268 11 -1
496 75 38 75 38 927 1358 928 1359
269 2 -1
501 15 77 16 77 932 1363 934 1365
270 3 -1
502 28 16 30 18 933 1364 937 1368
271 10 -1
505 43 95 44 96 936 1367 938 1369
272 0 -1
506 42 66 47 66 937 1368 942 1373
273 7 -1
507 26 30 26 34 938 1369 942 1373
274 15 -1
509 33 1 33 2 940 1371 941 1372
275 5 -1
511 92 28 92 30 942 1373 944 1375
276 14 -1
512 83 78 83 79 943 1374 944 1375
277 1 -1
515 2 50 2 53 946 1377 949 1380
278 9 -1
516 80 61 85 66 947 1378 960 1391
279 6 -1
517 14 81 16 82 948 1379 952 1383
280 13 -1
518 30 70 32 70 949 1380 951 1382
281 0 -1
520 5 53 5 54 951 1382 952 1383
282 3 -1
522 26 82 27 82 953 1384 962 1393
283 13 -1
523 5 27 5 28 954 1385 955 1386
284 9 -1
525 78 87 78 88 956 1387 958 1389
285 13 -1
526 95 50 97 50 957 1388 959 1390
286 15 -1
528 56 80 61 80 959 1390 964 1395
287 6 -1
530 28 86 30 87 961 1392 965 1396
288 5 -1
533 49 66 50 67 964 1395 966 1397
289 15 -1
535 52 16 55 16 966 1397 969 1400
290 7 -1
536 73 58 75 58 967 1398 969 1400
291 6 -1
537 38 80 39 80 968 1399 969 1400
292 0 -1
538 6 30 7 31 969 1400 972 1403
293 11 -1
540 40 68 40 68 971 1402 975 1406
294 3 -1
541 36 97 38 98 972 1403 975 1406
295 3 -1
542 71 91 76 92 973 1404 981 1412
296 8 -1
543 50 63 51 64 974 1405 976 1407
297 4 -1
546 69 15 69 15 977 1408 979 1410
298 6 -1
547 6 93 6 94 978 1409 980 1411
299 1 -1
550 89 68 89 69 981 1412 982 1413
300 15 -1
552 94 92 94 94 983 1414 986 1417
301 4 -1
553 58 61 60 61 984 1415 986 1417
302 15 -1
555 74 96 79 96 986 1417 991 1422
303 12 -1
556 31 49 31 50 987 1418 989 1420
304 4 -1
558 34 51 35 51 989 1420 990 1421
305 8 -1
559 79 53 82 54 990 1421 995 1426
306 6 -1
560 27 53 28 53 991 1422 993 1424
307 7 -1
562 85 78 86 78 993 1424 994 1425
308 12 -1
565 49 14 50 14 996 1427 1000 1431
309 4 -1
566 8 13 10 13 997 1428 1001 1432
310 11 -1
567 80 63 80 64 998 1429 999 1430
311 4 -1
570 9 88 9 92 1001 1432 1005 1436
312 5 -1
572 72 70 73 71 1003 1434 1006 1437
313 11 -1
573 44 95 44 97 1004 1435 1007 1438
314 9 -1
575 39 67 40 67 1006 1437 1008 1439
315 4 -1
577 92 90 93 90 1008 1439 1009 1440
316 4 -1
578 78 7 79 8 1009 1440 1011 1442
317 7 -1
579 72 92 74 94 1010 1441 1015 1446
318 6 -1
580 34 76 34 76 1011 1442 1012 1443
319 12 -1
585 68 19 70 19 1016 1447 1019 1450
320 9 -1
588 67 25 71 26 1019 1450 1024 1455
321 8 -1
589 73 40 88 40 1020 1451 1035 1466
322 0 -1
592 75 77 75 78 1023 1454 1024 1455
323 10 -1
594 18 94 20 94 1025 1456 1027 1458
324 5 -1
595 70 98 80 94 1026 1457 1041 1472
325 11 -1
596 48 97 48 98 1027 1458 1031 1462
326 14 -1
597 95 26 99 30 1028 1459 1036 1467
327 1 -1
599 65 45 65 46 1030 1461 1038 1469
328 12 -1
600 71 28 74 28 1031 1462 1034 1465
329 3 -1
601 57 2 58 2 1032 1463 1034 1465
330 3 -1
603 32 61 32 62 1034 1465 1036 1467
331 15 -1
608 15 63 17 63 1039 1470 1042 1473
332 9 -1
609 89 0 89 1 1040 1471 1041 1472
333 6 -1
610 56 22 57 22 1041 1472 1046 1477
334 7 -1
611 8 28 11 28 1042 1473 1046 1477
335 13 -1
613 42 0 50 0 1044 1475 1052 1483
336 0 -1
614 4 29 6 32 1045 1476 1051 1482
337 10 -1
615 71 80 72 80 1046 1477 1047 1478
338 4 -1
616 59 29 59 29 1047 1478 1049 1480
339 12 -1
619 20 98 24 98 1050 1481 1055 1486
340 8 -1
620 49 41 51 41 1051 1482 1053 1484
341 15 -1
621 64 46 65 50 1052 1483 1057 1488
342 15 -1
622 10 59 12 59 1053 1484 1056 1487
343 15 -1
623 87 98 89 98 1054 1485 1056 1487
344 5 -1
624 55 89 55 90 1055 1486 1056 1487
345 5 -1
625 99 13 98 13 1056 1487 1058 1489
346 14 -1
628 48 75 49 75 1059 1490 1060 1491
347 15 -1
629 35 17 35 19 1060 1491 1065 1496
348 2 -1
630 37 76 38 76 1061 1492 1062 1493
349 1 -1
634 29 62 29 62 1065 1496 1066 1497
350 15 -1
635 81 39 81 40 1066 1497 1068 1499
351 10 -1
636 60 5 61 5 1067 1498 1069 1500
352 11 -1
637 33 20 33 21 1068 1499 1070 1501
353 14 -1
639 15 71 15 72 1070 1501 1071 1502
354 8 -1
640 40 29 41 30 1071 1502 1073 1504
355 13 -1
641 47 93 47 95 1072 1503 1074 1505
356 5 -1
643 38 77 43 78 1074 1505 1080 1511
357 4 -1
645 32 67 32 69 1076 1507 1078 1509
358 10 -1
646 22 41 23 42 1077 1508 1079 1510
359 10 -1
648 71 90 71 90 1079 1510 1080 1511
360 15 -1
649 59 88 66 90 1080 1511 1090 1521
361 15 -1
650 65 91 66 91 1081 1512 1082 1513
362 1 -1
651 75 36 75 39 1082 1513 1086 1517
363 9 -1
652 57 9 69 10 1083 1514 1098 1529
364 8 -1
653 18 54 18 55 1084 1515 1085 1516
365 4 -1
656 65 48 66 48 1087 1518 1088 1519
366 5 -1
662 35 98 37 98 1093 1524 1095 1526
367 0 -1
663 23 11 23 19 1094 1525 1102 1533
368 6 -1
664 43 22 44 23 1095 1526 1097 1528
369 8 -1
665 71 0 72 0 1096 1527 1097 1528
370 0 -1
666 16 93 18 93 1097 1528 1099 1530
371 13 -1
667 3 46 5 46 1098 1529 1101 1532
372 3 -1
669 83 73 84 73 1100 1531 1101 1532
373 13 -1
672 96 10 92 10 1103 1534 1107 1538
374 11 -1
673 44 3 45 3 1104 1535 1106 1537
375 8 -1
674 43 31 44 33 1105 1536 1109 1540
376 0 -1
675 18 17 23 17 1106 1537 1111 1542
377 11 -1
678 39 89 41 89 1109 1540 1113 1544
378 1 -1
679 89 84 91 85 1110 1541 1113 1544
379 8 -1
680 64 53 68 55 1111 1542 1117 1548
380 5 -1
681 14 22 14 23 1112 1543 1114 1545
381 3 -1
682 86 80 86 82 1113 1544 1115 1546
382 2 -1
684 67 6 69 6 1115 1546 1117 1548
383 13 -1
685 10 64 12 66 1116 1547 1121 1552
384 7 -1
687 20 47 25 47 1118 1549 1123 1554
385 6 -1
688 52 65 54 65 1119 1550 1121 1552
386 9 -1
689 89 97 89 98 1120 1551 1122 1553
387 0 -1
690 72 31 74 31 1121 1552 1123 1554
388 1 -1
691 30 13 30 14 1122 1553 1124 1555
389 12 -1
692 76 9 77 9 1123 1554 1125 1556
390 7 -1
694 27 94 30 94 1125 1556 1128 1559
391 1 -1
696 20 84 20 86 1127 1558 1129 1560
392 9 -1
698 80 32 82 32 1129 1560 1134 1565
393 13 -1
700 23 84 24 84 1131 1562 1132 1563
394 5 -1
701 37 32 37 32 1132 1563 1133 1564
395 10 -1
702 62 43 69 43 1133 1564 1140 1571
396 1 -1
703 20 46 20 48 1134 1565 1136 1567
397 13 -1
704 44 85 45 86 1135 1566 1137 1568
398 13 -1
705 36 13 38 13 1136 1567 1140 1571
399 5 -1
706 61 76 62 77 1137 1568 1139 1570
400 15 -1
707 46 11 49 11 1138 1569 1142 1573
401 11 -1
708 0 52 2 54 1139 1570 1146 1577
402 3 -1
710 94 23 95 24 1141 1572 1144 1575
403 11 -1
712 30 23 30 23 1143 1574 1144 1575
404 15 -1
714 2 60 3 60 1145 1576 1146 1577
405 15 -1
716 48 79 48 79 1147 1578 1148 1579
406 13 -1
718 91 22 99 22 1149 1580 1157 1588
407 4 -1
719 70 27 70 28 1150 1581 1151 1582
408 14 -1
720 50 8 52 8 1151 1582 1153 1584
409 10 -1
722 67 82 69 82 1153 1584 1155 1586
410 14 -1
724 29 20 31 20 1155 1586 1157 1588
411 14 -1
725 97 12 86 12 1156 1587 1167 1598
412 14 -1
726 50 39 53 40 1157 1588 1161 1592
413 7 -1
727 1 39 1 39 1158 1589 1161 1592
414 8 -1
728 62 62 66 63 1159 1590 1164 1595
415 0 -1
729 68 52 69 52 1160 1591 1161 1592
416 3 -1
731 67 61 67 62 1162 1593 1163 1594
417 9 -1
733 31 95 32 95 1164 1595 1166 1597
418 4 -1
734 55 78 55 80 1165 1596 1167 1598
419 1 -1
735 2 35 5 35 1166 1597 1169 1600
420 14 -1
736 58 90 59 91 1167 1598 1169 1600
421 9 -1
737 92 44 93 45 1168 1599 1171 1602
422 15 -1
742 16 3 18 5 1173 1604 1178 1609
423 13 -1
744 12 22 13 22 1175 1606 1177 1608
424 3 -1
745 13 54 14 58 1176 1607 1181 1612
425 0 -1
748 84 17 85 17 1179 1610 1181 1612
426 5 -1
750 94 21 94 21 1181 1612 1182 1613
427 9 -1
751 15 89 15 90 1182 1613 1183 1614
428 13 -1
752 45 33 45 33 1183 1614 1186 1617
429 5 -1
753 47 92 47 93 1184 1615 1185 1616
430 8 -1
754 1 50 5 51 1185 1616 1191 1622
431 13 -1
755 56 38 57 39 1186 1617 1188 1619
432 14 -1
757 0 42 1 42 1188 1619 1190 1621
433 3 -1
758 13 53 17 56 1189 1620 1197 1628
434 2 -1
759 15 53 16 54 1190 1621 1192 1623
435 12 -1
760 92 64 93 64 1191 1622 1192 1623
436 5 -1
766 67 22 69 22 1197 1628 1199 1630
437 12 -1
767 95 38 97 38 1198 1629 1200 1631
438 15 -1
768 35 14 38 14 1199 1630 1202 1633
439 11 -1
771 12 13 13 13 1202 1633 1203 1634
440 13 -1
772 18 94 18 96 1203 1634 1205 1636
441 7 -1
773 97 92 98 93 1204 1635 1207 1638
442 3 -1
775 46 55 49 57 1206 1637 1211 1642
443 14 -1
777 49 41 51 41 1208 1639 1210 1641
444 8 -1
778 99 34 97 34 1209 1640 1211 1642
445 9 -1
779 91 3 91 3 1210 1641 1213 1644
446 4 -1
781 71 9 72 9 1212 1643 1213 1644
447 3 -1
782 33 88 37 88 1213 1644 1217 1648
448 6 -1
784 94 78 95 79 1215 1646 1217 1648
449 11 -1
787 62 82 63 82 1218 1649 1220 1651
450 1 -1
788 72 17 72 17 1219 1650 1220 1651
451 7 -1
789 37 18 38 21 1220 1651 1224 1655
452 3 -1
790 63 40 65 40 1221 1652 1223 1654
453 4 -1
791 74 79 79 79 1222 1653 1227 1658
454 4 -1
793 43 81 45 81 1224 1655 1227 1658
455 15 -1
794 53 58 55 60 1225 1656 1229 1660
456 6 -1
795 63 88 65 88 1226 1657 1228 1659
457 5 -1
796 83 34 84 34 1227 1658 1231 1662
458 10 -1
797 92 63 92 64 1228 1659 1229 1660
459 0 -1
798 55 96 58 96 1229 1660 1232 1663
460 14 -1
799 54 60 54 61 1230 1661 1232 1663
461 6 -1
800 71 55 72 57 1231 1662 1236 1667
462 14 -1
802 40 97 44 97 1233 1664 1237 1668
463 12 -1
803 90 97 91 98 1234 1665 1236 1667
464 12 -1
805 33 1 37 2 1236 1667 1241 1672
465 2 -1
806 32 49 34 49 1237 1668 1246 1677
466 14 -1
807 20 44 21 44 1238 1669 1240 1671
467 7 -1
810 36 30 36 30 1241 1672 1242 1673
468 15 -1
813 87 1 87 1 1244 1675 1245 1676
469 11 -1
818 83 67 84 68 1249 1680 1251 1682
470 13 -1
820 34 54 36 54 1251 1682 1254 1685
471 10 -1
824 83 90 83 91 1255 1686 1257 1688
472 11 -1
825 15 31 15 34 1256 1687 1259 1690
473 6 -1
827 12 61 13 61 1258 1689 1259 1690
474 3 -1
828 89 0 93 4 1259 1690 1269 1700
475 12 -1
830 23 88 25 89 1261 1692 1264 1695
476 4 -1
831 98 39 98 40 1262 1693 1263 1694
477 10 -1
833 25 31 27 31 1264 1695 1266 1697
478 13 -1
834 58 70 59 71 1265 1696 1267 1698
479 10 -1
835 96 65 88 67 1266 1697 1276 1707
480 10 -1
839 86 45 86 46 1270 1701 1272 1703
481 4 -1
841 80 51 82 52 1272 1703 1276 1707
482 12 -1
842 13 54 13 56 1273 1704 1275 1706
483 13 -1
844 22 52 27 52 1275 1706 1280 1711
484 13 -1
845 92 39 94 39 1276 1707 1278 1709
485 1 -1
846 1 28 3 30 1277 1708 1283 1714
486 14 -1
847 20 40 20 41 1278 1709 1279 1710
487 12 -1
850 90 77 92 78 1281 1712 1284 1715
488 14 -1
851 52 83 56 83 1282 1713 1286 1717
489 3 -1
854 7 0 7 0 1285 1716 1286 1717
490 0 -1
856 84 24 86 25 1287 1718 1290 1721
491 4 -1
859 14 24 16 26 1290 1721 1295 1726
492 8 -1
860 56 43 56 43 1291 1722 1292 1723
493 10 -1
861 72 60 72 60 1292 1723 1294 1725
494 4 -1
864 99 42 97 43 1295 1726 1298 1729
495 11 -1
867 84 68 84 69 1298 1729 1299 1730
496 10 -1
868 96 19 96 20 1299 1730 1301 1732
497 8 -1
871 46 79 58 82 1302 1733 1318 1749
498 15 -1
873 54 80 54 81 1304 1735 1306 1737
499 7 -1
874 34 77 39 77 1305 1736 1310 1741
500 5 -1
875 32 61 35 61 1306 1737 1309 1740
501 1 -1
877 47 22 47 22 1308 1739 1311 1742
502 1 -1
878 82 97 84 97 1309 1740 1311 1742
503 0 -1
879 26 64 27 64 1310 1741 1312 1743
504 1 -1
880 71 41 71 44 1311 1742 1315 1746
505 13 -1
881 83 2 86 4 1312 1743 1318 1749
506 0 -1
882 38 41 40 41 1313 1744 1315 1746
507 10 -1
885 18 11 19 11 1316 1747 1317 1748
508 11 -1
887 84 31 86 32 1318 1749 1321 1752
509 14 -1
889 54 90 56 90 1320 1751 1323 1754
510 2 -1
891 98 54 96 54 1322 1753 1324 1755
511 12 -1
893 56 19 58 19 1324 1755 1326 1757
512 8 -1
894 26 58 26 59 1325 1756 1328 1759
513 15 -1
895 46 74 46 77 1326 1757 1329 1760
514 6 -1
896 32 99 34 99 1327 1758 1329 1760
515 10 -1
897 33 61 34 61 1328 1759 1329 1760
516 13 -1
898 21 22 23 22 1329 1760 1331 1762
517 15 -1
899 17 36 17 38 1330 1761 1332 1763
518 7 -1
900 95 23 96 24 1331 1762 1337 1768
519 8 -1
901 93 48 94 49 1332 1763 1334 1765
520 6 -1
902 66 45 66 45 1333 1764 1334 1765
521 15 -1
905 3 12 3 13 1336 1767 1337 1768
522 11 -1
910 69 35 69 36 1341 1772 1342 1773
523 3 -1
912 52 22 53 28 1343 1774 1353 1784
524 6 -1
914 14 22 15 23 1345 1776 1352 1783
525 11 -1
917 51 54 54 55 1348 1779 1352 1783
526 14 -1
919 5 87 5 88 1350 1781 1352 1783
527 10 -1
920 44 52 47 52 1351 1782 1354 1785
528 14 -1
921 69 37 69 38 1352 1783 1353 1784
529 4 -1
923 86 59 86 60 1354 1785 1355 1786
530 1 -1
925 12 6 15 6 1356 1787 1359 1790
531 9 -1
926 65 7 72 7 1357 1788 1366 1797
532 5 -1
927 84 57 84 57 1358 1789 1361 1792
533 0 -1
928 81 32 82 33 1359 1790 1363 1794
534 2 -1
929 94 21 94 21 1360 1791 1361 1792
535 0 -1
931 69 78 70 78 1362 1793 1364 1795
536 10 -1
933 30 8 31 13 1364 1795 1371 1802
537 0 -1
935 56 37 57 38 1366 1797 1368 1799
538 6 -1
936 46 44 46 45 1367 1798 1368 1799
539 2 -1
937 13 3 14 4 1368 1799 1372 1803
540 2 -1
938 41 50 44 50 1369 1800 1373 1804
541 10 -1
940 47 4 47 5 1371 1802 1373 1804
542 5 -1
942 20 47 21 47 1373 1804 1374 1805
543 9 -1
943 17 38 18 44 1374 1805 1381 1812
544 2 -1
944 38 47 39 47 1375 1806 1376 1807
545 7 -1
945 40 6 41 7 1376 1807 1379 1810
546 5 -1
947 62 72 65 79 1378 1809 1391 1822
547 7 -1
948 99 75 99 77 1379 1810 1382 1813
548 9 -1
950 4 44 4 46 1381 1812 1383 1814
549 10 -1
951 89 28 89 30 1382 1813 1384 1815
550 0 -1
954 19 83 20 83 1385 1816 1387 1818
551 8 -1
955 54 9 55 9 1386 1817 1387 1818
552 14 -1
957 8 22 8 25 1388 1819 1391 1822
553 13 -1
958 18 79 18 80 1389 1820 1390 1821
554 14 -1
963 98 19 96 20 1394 1825 1397 1828
555 7 -1
964 74 78 76 78 1395 1826 1397 1828
556 11 -1
966 30 32 30 32 1397 1828 1399 1830
557 5 -1
969 16 92 18 92 1400 1831 1402 1833
558 4 -1
972 30 47 35 48 1403 1834 1409 1840
559 15 -1
973 25 85 29 85 1404 1835 1408 1839
560 7 -1
974 4 91 5 91 1405 1836 1415 1846
561 9 -1
976 67 75 72 75 1407 1838 1412 1843
562 7 -1
979 41 22 44 22 1410 1841 1414 1845
563 6 -1
981 18 4 18 5 1412 1843 1413 1844
564 10 -1
983 53 13 53 14 1414 1845 1417 1848
565 1 -1
984 71 36 76 37 1415 1846 1421 1852
566 1 -1
987 91 55 94 56 1418 1849 1422 1853
567 1 -1
989 48 28 48 29 1420 1851 1423 1854
568 0 -1
990 4 72 4 75 1421 1852 1425 1856
569 14 -1
992 40 51 40 53 1423 1854 1427 1858
570 3 -1
993 97 72 98 72 1424 1855 1426 1857
571 5 -1
994 74 55 78 55 1425 1856 1429 1860
572 15 -1
996 99 46 97 46 1427 1858 1429 1860
573 9 -1
997 24 60 26 60 1428 1859 1430 1861
574 2 -1
998 13 98 13 98 1429 1860 1430 1861
575 15 -1
999 45 63 45 63 1430 1861 1432 1863
576 9 -1
1001 29 98 53 84 1432 1863 1481 1912
577 2 -1
1004 98 54 99 55 1435 1866 1437 1868
578 13 -1
1008 55 47 55 48 1439 1870 1440 1871
579 2 -1
1010 98 38 96 38 1441 1872 1443 1874
580 15 -1
1012 91 59 91 59 1443 1874 1444 1875
581 13 -1
1015 10 91 10 91 1446 1877 1447 1878
582 5 -1
1016 78 19 79 19 1447 1878 1448 1879
583 7 -1
1017 32 86 34 87 1448 1879 1451 1882
584 11 -1
1018 39 46 46 46 1449 1880 1463 1894
585 2 -1
1019 20 55 25 56 1450 1881 1460 1891
586 5 -1
1020 82 95 82 95 1451 1882 1454 1885
587 4 -1
1021 51 13 52 13 1452 1883 1453 1884
588 4 -1
1022 73 80 73 94 1453 1884 1467 1898
589 8 -1
1025 77 52 82 52 1456 1887 1461 1892
590 12 -1
1027 98 5 98 5 1458 1889 1459 1890
591 12 -1
1028 32 81 33 81 1459 1890 1460 1891
592 11 -1
1031 67 54 70 57 1462 1893 1471 1902
593 7 -1
1032 35 72 41 72 1463 1894 1470 1901
594 11 -1
1033 4 66 4 67 1464 1895 1468 1899
595 0 -1
1035 34 76 34 77 1466 1897 1468 1899
596 11 -1
1036 10 7 10 7 1467 1898 1469 1900
597 15 -1
1037 26 79 26 79 1468 1899 1469 1900
598 11 -1
1039 37 53 37 54 1470 1901 1471 1902
599 3 -1
1040 49 37 49 37 1471 1902 1472 1903
600 6 -1
1042 63 8 70 11 1473 1904 1484 1915
601 14 -1
1044 99 3 98 6 1475 1906 1479 1910
602 1 -1
1045 86 3 89 3 1476 1907 1479 1910
603 9 -1
1051 72 79 72 80 1482 1913 1483 1914
604 9 -1
1053 60 0 61 0 1484 1915 1485 1916
605 15 -1
1056 38 52 40 52 1487 1918 1489 1920
606 4 -1
1057 58 47 58 47 1488 1919 1490 1921
607 10 -1
1059 97 29 94 30 1490 1921 1494 1925
608 8 -1
1060 20 88 22 88 1491 1922 1496 1927
609 12 -1
1063 25 8 28 8 1494 1925 1497 1928
610 3 -1
1065 68 73 69 75 1496 1927 1499 1930
611 6 -1
1066 80 74 81 75 1497 1928 1499 1930
612 0 -1
1067 59 83 60 83 1498 1929 1499 1930
613 11 -1
1070 53 39 55 47 1501 1932 1513 1944
614 1 -1
1071 66 98 68 100 1502 1933 1507 1938
615 15 -1
1073 91 53 82 56 1504 1935 1519 1950
616 15 -1
1074 23 59 24 59 1505 1936 1506 1937
617 13 -1
1075 57 70 59 70 1506 1937 1509 1940
618 8 -1
1078 62 17 66 17 1509 1940 1513 1944
619 1 -1
1082 59 63 59 64 1513 1944 1514 1945
620 7 -1
1083 55 13 57 13 1514 1945 1516 1947
621 6 -1
1084 18 37 24 37 1515 1946 1521 1952
622 12 -1
1085 38 62 41 62 1516 1947 1519 1950
623 9 -1
1086 78 41 81 42 1517 1948 1521 1952
624 13 -1
1090 86 38 86 39 1521 1952 1522 1953
625 5 -1
1091 79 63 83 63 1522 1953 1526 1957
626 3 -1
1092 15 37 16 37 1523 1954 1524 1955
627 11 -1
1095 31 65 31 65 1526 1957 1529 1960
628 5 -1
1097 70 99 70 99 1528 1959 1531 1962
629 4 -1
1098 34 28 36 30 1529 1960 1533 1964
630 6 -1
1099 55 61 59 62 1530 1961 1535 1966
631 7 -1
1100 1 19 5 20 1531 1962 1536 1967
632 12 -1
1102 52 51 52 53 1533 1964 1536 1967
633 4 -1
1103 61 10 62 14 1534 1965 1541 1972
634 5 -1
1104 74 53 75 53 1535 1966 1536 1967
635 11 -1
1105 26 56 26 57 1536 1967 1537 1968
636 13 -1
1107 17 0 18 0 1538 1969 1548 1979
637 15 -1
1109 48 12 51 12 1540 1971 1543 1974
638 4 -1
1111 70 71 70 71 1542 1973 1544 1975
639 4 -1
1113 22 16 23 16 1544 1975 1545 1976
640 7 -1
1114 6 21 7 21 1545 1976 1546 1977
641 10 -1
1115 72 77 72 77 1546 1977 1549 1980
642 5 -1
1116 57 72 62 74 1547 1978 1558 1989
643 2 -1
1118 56 84 57 84 1549 1980 1551 1982
644 7 -1
1120 47 12 47 13 1551 1982 1553 1984
645 7 -1
1121 72 89 72 89 1552 1983 1553 1984
646 4 -1
1122 47 74 48 75 1553 1984 1556 1987
647 4 -1
1124 84 35 85 35 1555 1986 1562 1993
648 12 -1
1125 33 12 34 12 1556 1987 1558 1989
649 5 -1
1126 95 11 95 20 1557 1988 1569 2000
650 4 -1
1129 88 48 88 48 1560 1991 1561 1992
651 8 -1
1130 44 63 44 64 1561 1992 1562 1993
652 10 -1
1132 34 98 34 99 1563 1994 1565 1996
653 7 -1
1133 41 47 43 47 1564 1995 1567 1998
654 0 -1
1137 73 26 74 28 1568 1999 1572 2003
655 8 -1
1138 74 85 75 85 1569 2000 1570 2001
656 8 -1
1139 19 51 19 52 1570 2001 1571 2002
657 12 -1
1141 14 71 15 72 1572 2003 1574 2005
658 8 -1
1142 18 41 18 41 1573 2004 1576 2007
659 11 -1
1144 83 42 83 43 1575 2006 1578 2009
660 14 -1
1147 68 65 68 67 1578 2009 1582 2013
661 9 -1
1150 95 51 95 52 1581 2012 1582 2013
662 2 -1
1151 55 69 56 70 1582 2013 1584 2015
663 13 -1
1154 99 24 99 25 1585 2016 1586 2017
664 3 -1
1156 28 43 30 43 1587 2018 1589 2020
665 9 -1
1157 41 92 43 95 1588 2019 1593 2024
666 1 -1
1158 48 98 51 98 1589 2020 1593 2024
667 15 -1
1159 51 56 52 57 1590 2021 1592 2023
668 6 -1
1164 78 44 79 46 1595 2026 1598 2029
669 10 -1
1166 33 82 36 82 1597 2028 1600 2031
670 12 -1
1169 39 53 41 54 1600 2031 1603 2034
671 4 -1
1170 27 25 28 27 1601 2032 1604 2035
672 15 -1
1171 86 52 91 55 1602 2033 1611 2042
673 13 -1
1172 85 10 86 10 1603 2034 1604 2035
674 11 -1
1174 12 65 14 68 1605 2036 1612 2043
675 7 -1
1175 24 49 25 49 1606 2037 1609 2040
676 13 -1
1176 75 62 76 62 1607 2038 1609 2040
677 8 -1
1177 23 29 25 29 1608 2039 1610 2041
678 14 -1
1179 91 27 91 28 1610 2041 1611 2042
679 13 -1
1186 0 69 1 69 1617 2048 1619 2050
680 13 -1
1187 39 57 40 58 1618 2049 1620 2051
681 1 -1
1188 86 81 86 81 1619 2050 1620 2051
682 2 -1
1190 3 9 4 9 1621 2052 1622 2053
683 8 -1
1191 46 10 48 10 1622 2053 1624 2055
684 15 -1
1194 91 66 93 66 1625 2056 1627 2058
685 12 -1
1195 91 52 91 53 1626 2057 1629 2060
686 7 -1
1197 16 8 17 10 1628 2059 1631 2062
687 11 -1
1198 90 74 93 74 1629 2060 1633 2064
688 13 -1
1201 15 88 19 88 1632 2063 1637 2068
689 15 -1
1202 39 9 40 9 1633 2064 1634 2065
690 9 -1
1203 25 58 25 59 1634 2065 1635 2066
691 7 -1
1205 7 53 9 53 1636 2067 1639 2070
692 2 -1
1207 14 66 16 67 1638 2069 1642 2073
693 13 -1
1208 87 36 87 37 1639 2070 1641 2072
694 8 -1
1209 66 1 66 1 1640 2071 1641 2072
695 3 -1
1211 37 13 41 13 1642 2073 1646 2077
696 12 -1
1214 28 69 34 69 1645 2076 1651 2082
697 0 -1
1217 74 28 74 28 1648 2079 1650 2081
698 6 -1
1218 0 75 0 75 1649 2080 1650 2081
699 12 -1
1219 83 21 83 28 1650 2081 1657 2088
700 5 -1
1220 71 31 71 32 1651 2082 1652 2083
701 10 -1
1222 95 63 96 63 1653 2084 1656 2087
702 5 -1
1223 23 57 25 57 1654 2085 1658 2089
703 13 -1
1226 11 37 12 37 1657 2088 1660 2091
704 2 -1
1227 37 57 37 57 1658 2089 1659 2090
705 15 -1
1229 39 94 40 94 1660 2091 1661 2092
706 3 -1
1230 61 37 64 38 1661 2092 1666 2097
707 2 -1
1231 6 26 6 27 1662 2093 1663 2094
708 11 -1
1233 17 30 17 31 1664 2095 1666 2097
709 0 -1
1235 20 47 23 47 1666 2097 1670 2101
710 3 -1
1236 63 36 68 36 1667 2098 1672 2103
711 5 -1
1237 81 23 85 23 1668 2099 1673 2104
712 6 -1
1238 57 32 62 32 1669 2100 1674 2105
713 13 -1
1240 13 17 15 18 1671 2102 1675 2106
714 12 -1
1241 53 25 54 25 1672 2103 1673 2104
715 15 -1
1242 14 12 15 20 1673 2104 1686 2117
716 9 -1
1243 49 76 51 76 1674 2105 1676 2107
717 6 -1
1244 74 9 76 10 1675 2106 1682 2113
718 10 -1
1246 95 60 90 64 1677 2108 1686 2117
719 12 -1
1250 37 87 37 87 1681 2112 1682 2113
720 3 -1
1254 20 50 25 50 1685 2116 1692 2123
721 0 -1
1255 29 58 32 58 1686 2117 1690 2121
722 3 -1
1258 77 27 89 29 1689 2120 1705 2136
723 7 -1
1259 54 80 69 80 1690 2121 1708 2139
724 4 -1
1260 64 23 67 25 1691 2122 1697 2128
725 3 -1
1261 73 41 77 42 1692 2123 1699 2130
726 14 -1
1263 62 39 62 41 1694 2125 1701 2132
727 7 -1
1264 26 64 27 65 1695 2126 1699 2130
728 4 -1
1265 97 13 98 13 1696 2127 1698 2129
729 2 -1
1266 49 83 50 83 1697 2128 1698 2129
730 14 -1
1268 92 21 95 21 1699 2130 1702 2133
731 6 -1
1276 80 76 80 76 1707 2138 1708 2139
732 7 -1
1277 94 76 95 80 1708 2139 1713 2144
733 8 -1
1281 11 52 11 52 1712 2143 1714 2145
734 14 -1
1284 43 44 44 45 1715 2146 1717 2148
735 3 -1
1287 75 75 79 75 1718 2149 1722 2153
736 2 -1
1290 25 37 28 41 1721 2152 1728 2159
737 11 -1
1291 58 40 61 40 1722 2153 1725 2156
738 14 -1
1292 67 43 80 55 1723 2154 1749 2180
739 0 -1
1297 99 47 97 48 1728 2159 1731 2162
740 2 -1
1298 22 91 23 91 1729 2160 1730 2161
741 7 -1
1299 10 88 13 88 1730 2161 1733 2164
742 8 -1
1300 30 94 31 94 1731 2162 1733 2164
743 2 -1
1307 26 70 26 71 1738 2169 1739 2170
744 6 -1
1309 72 55 73 55 1740 2171 1742 2173
745 7 -1
1312 36 26 38 26 1743 2174 1745 2176
746 9 -1
1313 9 7 10 7 1744 2175 1745 2176
747 6 -1
1314 43 66 45 67 1745 2176 1749 2180
748 12 -1
1315 0 0 2 3 1746 2177 1751 2182
749 6 -1
1316 95 45 96 46 1747 2178 1749 2180
750 2 -1
1317 65 31 67 31 1748 2179 1750 2181
751 4 -1
1318 18 19 19 20 1749 2180 1752 2183
752 4 -1
1319 4 77 4 77 1750 2181 1752 2183
753 7 -1
1320 0 24 0 25 1751 2182 1752 2183
754 13 -1
1321 77 32 78 33 1752 2183 1754 2185
755 5 -1
1323 38 64 38 65 1754 2185 1756 2187
756 11 -1
1324 97 45 92 45 1755 2186 1760 2191
757 15 -1
1325 86 97 86 93 1756 2187 1762 2193
758 1 -1
1326 32 29 33 29 1757 2188 1758 2189
759 14 -1
1327 54 5 56 5 1758 2189 1768 2199
760 10 -1
1329 30 61 32 61 1760 2191 1762 2193
761 4 -1
1332 82 29 82 30 1763 2194 1765 2196
762 12 -1
1333 91 27 91 28 1764 2195 1765 2196
763 1 -1
1335 39 77 41 83 1766 2197 1782 2213
764 2 -1
1336 54 4 54 5 1767 2198 1768 2199
765 3 -1
1338 74 49 75 50 1769 2200 1772 2203
766 10 -1
1340 57 32 59 37 1771 2202 1778 2209
767 11 -1
1342 6 70 9 70 1773 2204 1776 2207
768 2 -1
1344 22 41 24 41 1775 2206 1777 2208
769 1 -1
1345 32 54 32 54 1776 2207 1777 2208
770 15 -1
1347 43 88 45 88 1778 2209 1781 2212
771 11 -1
1348 79 42 83 43 1779 2210 1784 2215
772 11 -1
1349 94 94 96 98 1780 2211 1786 2217
773 6 -1
1354 9 41 10 42 1785 2216 1788 2219
774 9 -1
1355 23 25 27 25 1786 2217 1791 2222
775 9 -1
1359 23 16 24 19 1790 2221 1795 2226
776 9 -1
1362 17 91 18 92 1793 2224 1795 2226
777 14 -1
1365 6 25 6 26 1796 2227 1797 2228
778 9 -1
1368 95 32 97 32 1799 2230 1801 2232
779 8 -1
1369 39 3 68 3 1800 2231 1835 2266
780 12 -1
1370 97 94 99 94 1801 2232 1803 2234
781 8 -1
1372 87 85 92 85 1803 2234 1808 2239
782 12 -1
1374 13 47 14 48 1805 2236 1807 2238
783 2 -1
1375 36 80 39 83 1806 2237 1813 2244
784 13 -1
1376 98 41 98 41 1807 2238 1808 2239
785 1 -1
1377 20 41 23 41 1808 2239 1811 2242
786 15 -1
1378 47 78 48 78 1809 2240 1810 2241
787 7 -1
1379 37 70 39 71 1810 2241 1814 2245
788 10 -1
1381 50 81 50 84 1812 2243 1815 2246
789 9 -1
1382 83 3 84 3 1813 2244 1816 2247
790 6 -1
1383 44 23 44 25 1814 2245 1816 2247
791 14 -1
1385 78 23 81 25 1816 2247 1822 2253
792 14 -1
1386 24 57 27 57 1817 2248 1820 2251
793 13 -1
1387 44 63 47 66 1818 2249 1829 2260
794 3 -1
1388 39 52 42 52 1819 2250 1822 2253
795 6 -1
1389 84 10 86 10 1820 2251 1822 2253
796 12 -1
1390 9 26 10 27 1821 2252 1823 2254
797 9 -1
1391 68 16 69 16 1822 2253 1824 2255
798 2 -1
1393 80 61 81 62 1824 2255 1826 2257
799 8 -1
1395 7 39 10 41 1826 2257 1834 2265
800 2 -1
1396 30 93 31 93 1827 2258 1828 2259
801 10 -1
1400 31 11 32 12 1831 2262 1834 2265
802 9 -1
1401 16 94 17 95 1832 2263 1835 2266
803 7 -1
1402 20 88 26 89 1833 2264 1840 2271
804 8 -1
1403 72 96 74 96 1834 2265 1836 2267
805 5 -1
1406 76 79 77 79 1837 2268 1838 2269
806 5 -1
1411 38 17 38 19 1842 2273 1844 2275
807 10 -1
1412 24 24 26 27 1843 2274 1849 2280
808 6 -1
1413 20 7 20 8 1844 2275 1845 2276
809 13 -1
1414 66 58 67 58 1845 2276 1847 2278
810 13 -1
1415 47 77 49 77 1846 2277 1848 2279
811 11 -1
1417 2 50 2 51 1848 2279 1849 2280
812 15 -1
1418 82 80 83 80 1849 2280 1854 2285
813 1 -1
1419 49 11 53 14 1850 2281 1857 2288
814 1 -1
1420 83 93 84 93 1851 2282 1859 2290
815 3 -1
1423 1 4 2 4 1854 2285 1855 2286
816 3 -1
1426 99 42 99 43 1857 2288 1859 2290
817 5 -1
1428 78 37 79 37 1859 2290 1862 2293
818 8 -1
1429 8 75 9 75 1860 2291 1862 2293
819 11 -1
1430 66 89 66 90 1861 2292 1862 2293
820 1 -1
1431 26 61 29 61 1862 2293 1865 2296
821 12 -1
1432 25 82 26 82 1863 2294 1864 2295
822 13 -1
1434 13 10 13 11 1865 2296 1866 2297
823 6 -1
1435 7 56 8 62 1866 2297 1873 2304
824 2 -1
1436 0 66 0 67 1867 2298 1869 2300
825 15 -1
1438 55 88 58 88 1869 2300 1873 2304
826 10 -1
1439 26 88 26 88 1870 2301 1871 2302
827 6 -1
1440 81 84 81 84 1871 2302 1874 2305
828 6 -1
1441 5 9 10 10 1872 2303 1879 2310
829 10 -1
1442 7 19 7 19 1873 2304 1875 2306
830 2 -1
1443 33 51 38 51 1874 2305 1879 2310
831 7 -1
1444 64 96 65 96 1875 2306 1877 2308
832 10 -1
1446 33 66 37 66 1877 2308 1883 2314
833 10 -1
1447 42 40 43 41 1878 2309 1880 2311
834 9 -1
1448 41 56 43 56 1879 2310 1881 2312
835 14 -1
1452 13 7 14 7 1883 2314 1884 2315
836 7 -1
1454 48 21 50 23 1885 2316 1889 2320
837 12 -1
1455 96 91 97 91 1886 2317 1888 2319
838 9 -1
1456 82 87 82 87 1887 2318 1888 2319
839 8 -1
1457 27 61 30 64 1888 2319 1894 2325
840 13 -1
1458 20 3 29 3 1889 2320 1899 2330
841 0 -1
1461 48 29 50 30 1892 2323 1895 2326
842 11 -1
1462 71 79 75 79 1893 2324 1897 2328
843 4 -1
1463 7 68 7 68 1894 2325 1896 2327
844 12 -1
1465 46 44 48 44 1896 2327 1898 2329
845 12 -1
1466 34 24 34 26 1897 2328 1899 2330
846 12 -1
1468 37 69 38 69 1899 2330 1900 2331
847 6 -1
1469 90 68 94 68 1900 2331 1905 2336
848 8 -1
1470 64 43 65 43 1901 2332 1902 2333
849 15 -1
1472 47 57 47 58 1903 2334 1908 2339
850 3 -1
1473 43 68 48 68 1904 2335 1909 2340
851 7 -1
1474 49 25 52 31 1905 2336 1916 2347
852 13 -1
1475 24 12 25 12 1906 2337 1908 2339
853 2 -1
1478 22 84 26 86 1909 2340 1915 2346
854 15 -1
1479 70 97 72 97 1910 2341 1912 2343
855 12 -1
1481 36 84 37 84 1912 2343 1914 2345
856 11 -1
1483 94 79 84 79 1914 2345 1925 2356
857 1 -1
1486 46 17 47 17 1917 2348 1922 2353
858 6 -1
1487 43 43 43 45 1918 2349 1922 2353
859 9 -1
1493 65 78 67 78 1924 2355 1926 2357
860 2 -1
1495 59 52 59 53 1926 2357 1927 2358
861 7 -1
1496 48 73 52 73 1927 2358 1931 2362
862 2 -1
1497 10 40 13 40 1928 2359 1932 2363
863 0 -1
1499 91 63 91 65 1930 2361 1932 2363
864 9 -1
1500 13 85 15 85 1931 2362 1933 2364
865 0 -1
1501 83 9 88 10 1932 2363 1940 2371
866 14 -1
1502 71 36 72 36 1933 2364 1937 2368
867 10 -1
1504 80 71 82 80 1935 2366 1948 2379
868 15 -1
1505 65 58 67 65 1936 2367 1946 2377
869 2 -1
1506 26 73 27 74 1937 2368 1939 2370
870 1 -1
1507 79 51 80 53 1938 2369 1941 2372
871 0 -1
1508 14 94 16 95 1939 2370 1945 2376
872 5 -1
1509 96 20 97 20 1940 2371 1941 2372
873 6 -1
1511 53 16 53 16 1942 2373 1944 2375
874 3 -1
1513 27 26 31 26 1944 2375 1949 2380
875 8 -1
1515 44 99 45 99 1946 2377 1947 2378
876 3 -1
1516 35 80 35 80 1947 2378 1950 2381
877 15 -1
1517 74 2 77 2 1948 2379 1951 2382
878 2 -1
1518 54 27 54 29 1949 2380 1952 2383
879 12 -1
1519 54 14 56 14 1950 2381 1954 2385
880 11 -1
1521 51 46 51 48 1952 2383 1956 2387
881 7 -1
1522 10 23 11 24 1953 2384 1955 2386
882 5 -1
1523 67 34 67 34 1954 2385 1956 2387
883 13 -1
1527 24 83 25 85 1958 2389 1962 2393
884 1 -1
1528 70 16 71 16 1959 2390 1960 2391
885 14 -1
1533 45 76 45 77 1964 2395 1965 2396
886 10 -1
1534 69 60 78 60 1965 2396 1974 2405
887 14 -1
1535 30 91 31 92 1966 2397 1969 2400
888 8 -1
1536 18 62 18 63 1967 2398 1969 2400
889 9 -1
1538 19 31 20 31 1969 2400 1973 2404
890 0 -1
1540 84 83 84 84 1971 2402 1972 2403
891 4 -1
1543 75 93 75 93 1974 2405 1977 2408
892 13 -1
1544 97 99 97 97 1975 2406 1977 2408
893 1 -1
1545 18 90 19 90 1976 2407 1978 2409
894 9 -1
1547 40 79 44 80 1978 2409 1983 2414
895 13 -1
1550 40 80 40 81 1981 2412 1983 2414
896 7 -1
1551 92 11 94 11 1982 2413 1984 2415
897 3 -1
1552 13 1 18 1 1983 2414 1988 2419
898 5 -1
1554 3 56 4 59 1985 2416 1989 2420
899 1 -1
1555 91 31 93 31 1986 2417 1988 2419
900 3 -1
1556 2 93 2 93 1987 2418 1989 2420
901 10 -1
1559 31 43 37 43 1990 2421 1996 2427
902 13 -1
1560 93 8 99 8 1991 2422 1997 2428
903 0 -1
1562 53 21 55 21 1993 2424 1995 2426
904 5 -1
1563 95 72 86 72 1994 2425 2004 2435
905 0 -1
1564 27 70 29 70 1995 2426 1997 2428
906 12 -1
1566 41 59 43 59 1997 2428 1999 2430
907 11 -1
1567 68 58 71 58 1998 2429 2002 2433
908 1 -1
1573 15 41 23 41 2004 2435 2012 2443
909 12 -1
1575 2 78 3 78 2006 2437 2007 2438
910 15 -1
1576 78 28 79 29 2007 2438 2009 2440
911 10 -1
1577 90 14 90 15 2008 2439 2010 2441
912 4 -1
1579 1 22 2 22 2010 2441 2013 2444
913 9 -1
1580 35 23 36 23 2011 2442 2013 2444
914 3 -1
1582 15 48 15 49 2013 2444 2014 2445
915 12 -1
1584 60 76 60 77 2015 2446 2016 2447
916 3 -1
1587 85 33 96 34 2018 2449 2030 2461
917 14 -1
1588 50 69 54 69 2019 2450 2023 2454
918 2 -1
1589 33 31 35 31 2020 2451 2022 2453
919 11 -1
1590 25 49 28 49 2021 2452 2024 2455
920 12 -1
1591 44 41 46 44 2022 2453 2027 2458
921 11 -1
1593 25 39 25 43 2024 2455 2028 2459
922 9 -1
1594 59 65 59 66 2025 2456 2027 2458
923 8 -1
1596 11 23 12 24 2027 2458 2029 2460
924 2 -1
1598 72 38 72 39 2029 2460 2030 2461
925 5 -1
1599 84 88 84 92 2030 2461 2034 2465
926 15 -1
1600 49 4 49 4 2031 2462 2032 2463
927 2 -1
1603 74 80 75 80 2034 2465 2035 2466
928 10 -1
1606 72 23 72 24 2037 2468 2039 2470
929 15 -1
1608 57 53 57 53 2039 2470 2040 2471
930 1 -1
1609 1 28 2 29 2040 2471 2042 2473
931 8 -1
1610 55 43 55 44 2041 2472 2042 2473
932 2 -1
1611 33 4 34 5 2042 2473 2044 2475
933 9 -1
1613 65 73 65 75 2044 2475 2046 2477
934 1 -1
1615 81 2 82 2 2046 2477 2047 2478
935 12 -1
1618 22 76 25 76 2049 2480 2052 2483
936 4 -1
1620 83 56 87 57 2051 2482 2056 2487
937 6 -1
1621 88 53 94 54 2052 2483 2059 2490
938 4 -1
1623 89 11 92 11 2054 2485 2059 2490
939 2 -1
1624 40 10 40 11 2055 2486 2056 2487
940 4 -1
1625 29 88 32 88 2056 2487 2059 2490
941 5 -1
1626 69 19 69 19 2057 2488 2059 2490
942 13 -1
1627 12 90 15 98 2058 2489 2071 2502
943 4 -1
1629 71 77 71 77 2060 2491 2061 2492
944 8 -1
1631 70 63 72 63 2062 2493 2064 2495
945 2 -1
1633 73 76 83 76 2064 2495 2074 2505
946 14 -1
1634 38 61 38 62 2065 2496 2067 2498
947 11 -1
1637 40 88 41 88 2068 2499 2069 2500
948 5 -1
1638 35 85 38 85 2069 2500 2072 2503
949 14 -1
1640 97 7 91 7 2071 2502 2081 2512
950 6 -1
1641 17 52 18 53 2072 2503 2075 2506
951 15 -1
1642 28 85 29 85 2073 2504 2077 2508
952 13 -1
1645 2 91 3 91 2076 2507 2077 2508
953 10 -1
1648 0 29 0 31 2079 2510 2081 2512
954 4 -1
1649 65 18 66 19 2080 2511 2082 2513
955 9 -1
1650 87 97 87 97 2081 2512 2082 2513
956 11 -1
1656 89 0 92 0 2087 2518 2091 2522
957 12 -1
1657 64 87 65 87 2088 2519 2091 2522
958 10 -1
1659 36 51 37 53 2090 2521 2094 2525
959 11 -1
1660 30 52 32 54 2091 2522 2095 2526
960 3 -1
1661 10 82 17 82 2092 2523 2099 2530
961 13 -1
1662 72 43 76 43 2093 2524 2100 2531
962 10 -1
1663 48 0 52 1 2094 2525 2101 2532
963 12 -1
1664 5 37 6 37 2095 2526 2097 2528
964 2 -1
1665 19 3 19 4 2096 2527 2097 2528
965 2 -1
1668 67 86 67 86 2099 2530 2102 2533
966 12 -1
1671 89 53 92 54 2102 2533 2110 2541
967 14 -1
1672 76 57 79 57 2103 2534 2107 2538
968 4 -1
1673 47 88 47 92 2104 2535 2109 2540
969 3 -1
1675 51 17 52 17 2106 2537 2107 2538
970 9 -1
1676 99 49 97 49 2107 2538 2110 2541
971 2 -1
1678 14 67 15 67 2109 2540 2112 2543
972 4 -1
1679 80 65 85 67 2110 2541 2117 2548
973 6 -1
1680 54 82 58 82 2111 2542 2115 2546
974 7 -1
1683 53 5 60 5 2114 2545 2121 2552
975 4 -1
1685 33 50 36 50 2116 2547 2119 2550
976 7 -1
1686 46 80 52 81 2117 2548 2127 2558
977 5 -1
1687 17 0 21 0 2118 2549 2122 2553
978 8 -1
1688 85 88 88 90 2119 2550 2125 2556
979 11 -1
1690 81 20 85 20 2121 2552 2125 2556
980 9 -1
1691 58 84 58 84 2122 2553 2124 2555
981 2 -1
1692 54 59 56 59 2123 2554 2126 2557
982 7 -1
1694 23 89 23 89 2125 2556 2126 2557
983 11 -1
1695 47 23 50 24 2126 2557 2130 2561
984 13 -1
1696 56 89 59 89 2127 2558 2130 2561
985 2 -1
1697 49 14 51 14 2128 2559 2130 2561
986 14 -1
1698 23 91 23 92 2129 2560 2131 2562
987 2 -1
1700 14 88 15 89 2131 2562 2133 2564
988 10 -1
1702 22 28 31 31 2133 2564 2147 2578
989 4 -1
1703 60 90 60 91 2134 2565 2135 2566
990 9 -1
1704 7 42 7 42 2135 2566 2138 2569
991 8 -1
1709 58 65 60 65 2140 2571 2143 2574
992 10 -1
1712 0 14 2 15 2143 2574 2146 2577
993 3 -1
1714 49 50 51 50 2145 2576 2149 2580
994 11 -1
1717 55 67 55 71 2148 2579 2152 2583
995 15 -1
1718 1 43 2 43 2149 2580 2151 2582
996 8 -1
1720 52 46 55 49 2151 2582 2157 2588
997 14 -1
1722 76 83 76 83 2153 2584 2154 2585
998 5 -1
1723 10 40 11 41 2154 2585 2156 2587
999 15 -1
1725 48 54 50 54 2156 2587 2158 2589
1000 13 -1
1726 25 80 28 80 2157 2588 2160 2591
