100 100 2591
1
0 73 8
35
0 0 0 100 6
0
1 0 0 100 6
0
2 0 0 100 6
0
3 0 0 100 6
0
4 0 0 100 6
0
5 0 0 100 6
0
6 0 0 100 6
0
7 0 0 100 6
0
8 0 0 100 6
0
9 0 0 100 6
0
10 0 0 100 6
0
11 0 0 100 6
0
12 0 0 100 6
0
13 0 0 100 6
0
14 0 0 100 6
0
15 0 0 100 6
0
16 0 0 100 6
0
17 0 0 100 6
0
18 0 0 100 6
0
19 0 0 100 6
0
20 0 0 100 6
0
21 0 0 100 6
0
22 0 0 100 6
0
23 0 0 100 6
0
24 0 0 100 6
0
25 0 0 100 6
0
26 0 0 100 6
0
27 0 0 100 6
0
28 0 0 100 6
0
29 0 0 100 6
0
30 0 0 100 6
0
31 0 0 100 6
0
32 0 0 100 6
0
33 0 0 100 6
0
34 0 0 100 6
0
1000
1 0 -1
2 64 35 67 35 433 864 436 867
2 0 -1
5 17 30 21 30 436 867 441 872
3 0 -1
7 48 86 51 86 438 869 442 873
4 0 -1
8 63 68 68 69 439 870 448 879
5 0 -1
9 20 41 24 43 440 871 446 877
6 0 -1
10 41 56 43 58 441 872 445 876
7 0 -1
11 81 52 86 53 442 873 448 879
8 0 -1
12 25 9 27 9 443 874 445 876
9 0 -1
13 25 70 25 72 444 875 446 877
10 0 -1
14 37 18 38 20 445 876 448 879
11 0 -1
15 49 8 52 9 446 877 452 883
12 0 -1
17 76 39 78 41 448 879 452 883
13 0 -1
18 19 29 20 33 449 880 455 886
14 0 -1
19 47 61 47 61 450 881 451 882
15 0 -1
20 25 72 26 73 451 882 453 884
16 0 -1
21 81 38 83 38 452 883 454 885
17 0 -1
22 24 55 28 55 453 884 457 888
18 0 -1
24 50 98 51 98 455 886 457 888
19 0 -1
29 70 76 70 81 460 891 466 897
20 0 -1
30 89 73 90 74 461 892 463 894
21 0 -1
31 3 90 3 92 462 893 464 895
22 0 -1
33 15 55 16 56 464 895 470 901
23 0 -1
35 18 74 18 74 466 897 467 898
24 0 -1
36 18 57 18 58 467 898 469 900
25 0 -1
39 44 94 44 95 470 901 471 902
26 0 -1
40 77 30 78 30 471 902 472 903
27 0 -1
41 24 49 24 51 472 903 474 905
28 0 -1
42 86 18 87 18 473 904 474 905
29 0 -1
43 69 25 70 25 474 905 475 906
30 0 -1
45 37 14 38 14 476 907 478 909
31 0 -1
49 68 5 71 5 480 911 483 914
32 0 -1
52 65 73 72 73 483 914 490 921
33 0 -1
53 57 90 59 93 484 915 489 920
34 0 -1
54 63 5 63 6 485 916 486 917
35 0 -1
56 48 10 61 13 487 918 504 935
36 0 -1
57 56 65 57 65 488 919 490 921
37 0 -1
59 98 15 98 15 490 921 491 922
38 0 -1
61 14 41 15 42 492 923 494 925
39 0 -1
62 83 51 91 51 493 924 501 932
40 0 -1
64 92 4 84 13 495 926 514 945
41 0 -1
69 75 63 77 63 500 931 502 933
42 0 -1
71 78 87 79 89 502 933 510 941
43 0 -1
73 10 85 15 85 504 935 509 940
44 0 -1
76 52 80 53 82 507 938 510 941
45 0 -1
78 77 83 77 83 509 940 511 942
46 0 -1
80 36 8 39 8 511 942 514 945
47 0 -1
81 5 26 5 26 512 943 514 945
48 0 -1
82 51 36 51 38 513 944 519 950
49 0 -1
83 7 64 10 64 514 945 519 950
50 0 -1
84 28 42 29 42 515 946 516 947
51 0 -1
86 18 18 19 19 517 948 527 958
52 0 -1
87 37 54 38 54 518 949 519 950
53 0 -1
90 29 13 30 13 521 952 522 953
54 0 -1
91 57 97 60 98 522 953 526 957
55 0 -1
92 91 52 92 52 523 954 524 955
56 0 -1
93 92 13 94 14 524 955 527 958
57 0 -1
94 68 50 68 53 525 956 531 962
58 0 -1
96 31 60 33 60 527 958 529 960
59 0 -1
103 5 63 6 63 534 965 537 968
60 0 -1
105 85 2 85 4 536 967 538 969
61 0 -1
106 54 68 62 70 537 968 547 978
62 0 -1
107 55 55 57 56 538 969 541 972
63 0 -1
108 50 0 52 5 539 970 547 978
64 0 -1
110 47 79 49 82 541 972 549 980
65 0 -1
111 6 7 6 7 542 973 543 974
66 0 -1
114 39 19 41 19 545 976 551 982
67 0 -1
115 90 66 91 69 546 977 551 982
68 0 -1
116 4 47 11 52 547 978 559 990
69 0 -1
119 63 29 64 29 550 981 553 984
70 0 -1
120 2 2 3 2 551 982 552 983
71 0 -1
122 53 76 54 77 553 984 557 988
72 0 -1
123 67 74 69 75 554 985 557 988
73 0 -1
124 29 6 33 6 555 986 559 990
74 0 -1
127 33 95 33 96 558 989 559 990
75 0 -1
128 68 12 68 13 559 990 578 1009
76 0 -1
130 76 21 77 21 561 992 562 993
77 0 -1
132 46 39 50 44 563 994 578 1009
78 0 -1
134 26 43 27 43 565 996 566 997
79 0 -1
135 91 42 94 42 566 997 577 1008
80 0 -1
136 45 69 45 70 567 998 569 1000
81 0 -1
139 18 0 19 0 570 1001 571 1002
82 0 -1
140 81 5 82 7 571 1002 575 1006
83 0 -1
141 21 33 22 33 572 1003 577 1008
84 0 -1
144 82 77 82 82 575 1006 580 1011
85 0 -1
145 93 83 93 84 576 1007 578 1009
86 0 -1
146 91 48 92 48 577 1008 578 1009
87 0 -1
147 38 92 39 92 578 1009 579 1010
88 0 -1
148 61 4 62 4 579 1010 580 1011
89 0 -1
149 26 82 28 82 580 1011 582 1013
90 0 -1
150 4 13 4 17 581 1012 587 1018
91 0 -1
153 56 52 56 52 584 1015 585 1016
92 0 -1
154 4 2 6 3 585 1016 589 1020
93 0 -1
155 67 62 67 62 586 1017 587 1018
94 0 -1
156 42 55 43 57 587 1018 592 1023
95 0 -1
157 45 33 48 34 588 1019 593 1024
96 0 -1
160 59 15 65 15 591 1022 597 1028
97 0 -1
162 6 20 6 20 593 1024 594 1025
98 0 -1
163 78 89 78 90 594 1025 595 1026
99 0 -1
166 29 45 30 46 597 1028 599 1030
100 0 -1
167 18 97 20 99 598 1029 603 1034
101 0 -1
168 46 38 47 38 599 1030 601 1032
102 0 -1
169 82 42 87 42 600 1031 605 1036
103 0 -1
170 28 93 31 93 601 1032 606 1037
104 0 -1
172 50 12 51 16 603 1034 608 1039
105 0 -1
173 87 98 89 99 604 1035 609 1040
106 0 -1
174 84 77 86 77 605 1036 607 1038
107 0 -1
179 4 50 4 51 610 1041 611 1042
108 0 -1
183 49 76 53 77 614 1045 619 1050
109 0 -1
184 82 37 84 37 615 1046 617 1048
110 0 -1
185 21 2 22 3 616 1047 618 1049
111 0 -1
186 59 11 62 16 617 1048 626 1057
112 0 -1
187 90 27 93 28 618 1049 624 1055
113 0 -1
189 29 8 33 9 620 1051 625 1056
114 0 -1
190 13 65 17 66 621 1052 626 1057
115 0 -1
193 11 12 11 13 624 1055 625 1056
116 0 -1
196 36 89 36 90 627 1058 629 1060
117 0 -1
197 69 67 69 68 628 1059 629 1060
118 0 -1
198 38 87 52 87 629 1060 647 1078
119 0 -1
199 31 14 31 14 630 1061 631 1062
120 0 -1
200 72 6 72 8 631 1062 633 1064
121 0 -1
201 39 27 39 28 632 1063 633 1064
122 0 -1
204 94 17 95 17 635 1066 636 1067
123 0 -1
208 61 4 62 4 639 1070 640 1071
124 0 -1
209 54 27 55 27 640 1071 641 1072
125 0 -1
211 27 10 29 11 642 1073 645 1076
126 0 -1
212 6 67 6 67 643 1074 645 1076
127 0 -1
213 18 20 22 20 644 1075 652 1083
128 0 -1
214 37 28 42 28 645 1076 650 1081
129 0 -1
218 54 56 58 59 649 1080 656 1087
130 0 -1
219 88 60 89 61 650 1081 652 1083
131 0 -1
224 39 33 40 33 655 1086 658 1089
132 0 -1
225 3 99 4 100 656 1087 658 1089
133 0 -1
229 14 99 16 95 660 1091 666 1097
134 0 -1
230 37 69 38 69 661 1092 662 1093
135 0 -1
231 34 46 34 47 662 1093 665 1096
136 0 -1
236 79 18 80 18 667 1098 669 1100
137 0 -1
237 0 88 2 88 668 1099 670 1101
138 0 -1
240 50 62 57 62 671 1102 682 1113
139 0 -1
242 9 8 10 9 673 1104 675 1106
140 0 -1
244 49 9 54 9 675 1106 680 1111
141 0 -1
245 24 62 25 62 676 1107 682 1113
142 0 -1
246 69 70 71 71 677 1108 680 1111
143 0 -1
247 58 61 60 62 678 1109 681 1112
144 0 -1
248 20 93 23 93 679 1110 682 1113
145 0 -1
250 88 68 89 68 681 1112 683 1114
146 0 -1
251 87 0 87 1 682 1113 685 1116
147 0 -1
253 47 19 48 19 684 1115 685 1116
148 0 -1
255 88 98 90 98 686 1117 688 1119
149 0 -1
256 31 32 31 35 687 1118 691 1122
150 0 -1
257 51 50 52 53 688 1119 692 1123
151 0 -1
258 99 48 99 49 689 1120 690 1121
152 0 -1
260 52 9 52 11 691 1122 693 1124
153 0 -1
261 24 41 34 43 692 1123 704 1135
154 0 -1
266 44 16 47 16 697 1128 701 1132
155 0 -1
267 69 80 70 82 698 1129 701 1132
156 0 -1
268 90 68 92 68 699 1130 701 1132
157 0 -1
269 69 3 70 3 700 1131 701 1132
158 0 -1
271 51 60 52 65 702 1133 708 1139
159 0 -1
272 17 48 18 48 703 1134 704 1135
160 0 -1
274 54 88 54 92 705 1136 718 1149
161 0 -1
277 43 91 43 92 708 1139 710 1141
162 0 -1
278 73 98 76 98 709 1140 715 1146
163 0 -1
279 32 75 33 78 710 1141 714 1145
164 0 -1
280 84 36 84 36 711 1142 714 1145
165 0 -1
283 65 35 66 35 714 1145 715 1146
166 0 -1
285 4 78 7 78 716 1147 719 1150
167 0 -1
286 4 26 5 27 717 1148 720 1151
168 0 -1
289 28 34 30 34 720 1151 723 1154
169 0 -1
293 83 61 84 64 724 1155 728 1159
170 0 -1
294 60 73 61 73 725 1156 726 1157
171 0 -1
295 85 68 85 68 726 1157 728 1159
172 0 -1
296 26 0 27 0 727 1158 731 1162
173 0 -1
303 38 78 45 79 734 1165 743 1174
174 0 -1
305 37 10 41 10 736 1167 741 1172
175 0 -1
306 4 48 5 48 737 1168 738 1169
176 0 -1
307 65 2 65 3 738 1169 740 1171
177 0 -1
310 20 98 20 98 741 1172 745 1176
178 0 -1
311 72 12 73 12 742 1173 746 1177
179 0 -1
312 96 19 90 21 743 1174 752 1183
180 0 -1
313 20 45 21 45 744 1175 745 1176
181 0 -1
315 12 82 14 82 746 1177 748 1179
182 0 -1
320 94 84 88 92 751 1182 767 1198
183 0 -1
321 43 95 44 97 752 1183 755 1186
184 0 -1
323 27 40 37 43 754 1185 767 1198
185 0 -1
325 38 44 42 47 756 1187 764 1195
186 0 -1
326 85 72 85 73 757 1188 758 1189
187 0 -1
327 18 10 21 10 758 1189 761 1192
188 0 -1
328 55 34 58 34 759 1190 764 1195
189 0 -1
329 48 59 48 60 760 1191 763 1194
190 0 -1
330 5 66 5 67 761 1192 766 1197
191 0 -1
337 42 37 44 46 768 1199 781 1212
192 0 -1
340 27 55 28 55 771 1202 774 1205
193 0 -1
342 21 72 21 72 773 1204 774 1205
194 0 -1
343 85 3 85 5 774 1205 777 1208
195 0 -1
345 18 82 26 85 776 1207 788 1219
196 0 -1
349 96 74 96 75 780 1211 781 1212
197 0 -1
351 95 25 96 25 782 1213 783 1214
198 0 -1
354 43 68 43 74 785 1216 791 1222
199 0 -1
356 63 56 63 56 787 1218 788 1219
200 0 -1
357 50 6 51 9 788 1219 792 1223
201 0 -1
358 60 27 61 33 789 1220 796 1227
202 0 -1
359 3 65 6 65 790 1221 793 1224
203 0 -1
360 42 99 44 99 791 1222 793 1224
204 0 -1
361 21 76 23 77 792 1223 798 1229
205 0 -1
363 2 65 2 66 794 1225 795 1226
206 0 -1
364 80 46 81 46 795 1226 796 1227
207 0 -1
365 81 45 82 45 796 1227 798 1229
208 0 -1
367 25 82 28 83 798 1229 804 1235
209 0 -1
371 10 48 10 48 802 1233 803 1234
210 0 -1
372 44 83 48 86 803 1234 811 1242
211 0 -1
373 92 89 93 89 804 1235 807 1238
212 0 -1
374 42 87 42 87 805 1236 806 1237
213 0 -1
375 48 39 48 40 806 1237 807 1238
214 0 -1
377 71 15 72 15 808 1239 809 1240
215 0 -1
379 64 8 64 9 810 1241 811 1242
216 0 -1
380 69 46 69 47 811 1242 812 1243
217 0 -1
381 91 43 92 44 812 1243 817 1248
218 0 -1
382 98 18 98 19 813 1244 815 1246
219 0 -1
383 69 76 69 76 814 1245 815 1246
220 0 -1
388 71 36 71 37 819 1250 820 1251
221 0 -1
391 48 23 48 24 822 1253 824 1255
222 0 -1
392 40 73 41 74 823 1254 825 1256
223 0 -1
394 30 28 33 28 825 1256 828 1259
224 0 -1
396 15 24 18 25 827 1258 832 1263
225 0 -1
397 97 22 97 23 828 1259 829 1260
226 0 -1
400 92 24 94 24 831 1262 833 1264
227 0 -1
401 6 67 6 69 832 1263 834 1265
228 0 -1
403 15 3 16 5 834 1265 839 1270
229 0 -1
404 27 56 29 56 835 1266 837 1268
230 0 -1
407 53 74 53 74 838 1269 839 1270
231 0 -1
408 6 2 9 2 839 1270 842 1273
232 0 -1
411 69 36 69 37 842 1273 844 1275
233 0 -1
412 12 35 13 35 843 1274 844 1275
234 0 -1
414 79 57 80 57 845 1276 846 1277
235 0 -1
418 81 22 81 22 849 1280 850 1281
236 0 -1
420 18 65 19 65 851 1282 852 1283
237 0 -1
421 33 48 35 48 852 1283 854 1285
238 0 -1
423 55 16 56 16 854 1285 855 1286
239 0 -1
426 67 56 71 56 857 1288 862 1293
240 0 -1
428 67 45 68 45 859 1290 861 1292
241 0 -1
433 27 96 27 96 864 1295 866 1297
242 0 -1
437 89 86 90 86 868 1299 869 1300
243 0 -1
439 51 94 52 95 870 1301 872 1303
244 0 -1
441 73 3 81 3 872 1303 880 1311
245 0 -1
446 60 51 62 52 877 1308 881 1312
246 0 -1
448 50 3 50 4 879 1310 882 1313
247 0 -1
450 76 28 81 28 881 1312 889 1320
248 0 -1
452 9 75 11 76 883 1314 886 1317
249 0 -1
455 52 46 52 48 886 1317 889 1320
250 0 -1
460 78 73 84 73 891 1322 897 1328
251 0 -1
461 84 27 86 27 892 1323 894 1325
252 0 -1
462 54 42 54 43 893 1324 896 1327
253 0 -1
464 58 84 59 85 895 1326 897 1328
254 0 -1
469 63 39 65 39 900 1331 902 1333
255 0 -1
471 16 39 19 41 902 1333 913 1344
256 0 -1
475 57 27 58 27 906 1337 908 1339
257 0 -1
478 60 68 61 71 909 1340 913 1344
258 0 -1
479 49 92 50 92 910 1341 912 1343
259 0 -1
480 74 55 74 58 911 1342 919 1350
260 0 -1
481 27 49 27 52 912 1343 918 1349
261 0 -1
482 77 89 77 90 913 1344 914 1345
262 0 -1
484 21 82 23 82 915 1346 919 1350
263 0 -1
486 55 61 57 62 917 1348 920 1351
264 0 -1
488 23 72 23 75 919 1350 922 1353
265 0 -1
489 6 2 19 2 920 1351 933 1364
266 0 -1
491 84 98 86 98 922 1353 924 1355
267 0 -1
493 40 28 41 28 924 1355 925 1356
268 0 -1
496 78 98 78 98 927 1358 928 1359
269 0 -1
501 78 0 79 1 932 1363 934 1365
270 0 -1
502 3 75 5 75 933 1364 937 1368
271 0 -1
505 28 58 28 59 936 1367 938 1369
272 0 -1
506 10 71 14 72 937 1368 942 1373
273 0 -1
507 79 29 79 29 938 1369 939 1370
274 0 -1
509 25 53 26 53 940 1371 941 1372
275 0 -1
511 68 80 70 80 942 1373 944 1375
276 0 -1
512 75 28 75 28 943 1374 944 1375
277 0 -1
515 13 90 14 90 946 1377 949 1380
278 0 -1
516 66 99 78 99 947 1378 960 1391
279 0 -1
517 47 88 47 88 948 1379 952 1383
280 0 -1
518 30 21 30 22 949 1380 951 1382
281 0 -1
520 78 94 78 95 951 1382 952 1383
282 0 -1
522 28 39 34 42 953 1384 962 1393
283 0 -1
523 29 79 29 80 954 1385 955 1386
284 0 -1
525 40 39 42 39 956 1387 958 1389
285 0 -1
526 14 63 16 63 957 1388 959 1390
286 0 -1
528 94 31 95 31 959 1390 964 1395
287 0 -1
530 76 65 78 65 961 1392 965 1396
288 0 -1
533 99 30 99 31 964 1395 966 1397
289 0 -1
535 29 46 31 46 966 1397 969 1400
290 0 -1
536 50 67 52 67 967 1398 969 1400
291 0 -1
537 74 7 74 8 968 1399 969 1400
292 0 -1
538 76 68 79 68 969 1400 972 1403
293 0 -1
540 55 86 59 86 971 1402 975 1406
294 0 -1
541 79 99 82 99 972 1403 975 1406
295 0 -1
542 57 47 61 49 973 1404 981 1412
296 0 -1
543 72 56 74 56 974 1405 976 1407
297 0 -1
546 92 89 93 90 977 1408 979 1410
298 0 -1
547 55 87 55 87 978 1409 980 1411
299 0 -1
550 79 81 80 81 981 1412 982 1413
300 0 -1
552 82 90 85 90 983 1414 986 1417
301 0 -1
553 37 20 39 20 984 1415 986 1417
302 0 -1
555 1 82 2 86 986 1417 991 1422
303 0 -1
556 53 57 55 57 987 1418 989 1420
304 0 -1
558 62 74 63 74 989 1420 990 1421
305 0 -1
559 98 63 98 64 990 1421 995 1426
306 0 -1
560 60 82 61 82 991 1422 993 1424
307 0 -1
562 75 86 76 86 993 1424 994 1425
308 0 -1
565 24 82 26 83 996 1427 1000 1431
309 0 -1
566 28 84 31 84 997 1428 1001 1432
310 0 -1
567 88 67 89 67 998 1429 999 1430
311 0 -1
570 86 71 87 73 1001 1432 1005 1436
312 0 -1
572 2 84 4 84 1003 1434 1006 1437
313 0 -1
573 84 30 87 30 1004 1435 1007 1438
314 0 -1
575 50 36 50 37 1006 1437 1008 1439
315 0 -1
577 50 22 50 23 1008 1439 1009 1440
316 0 -1
578 19 93 21 93 1009 1440 1011 1442
317 0 -1
579 84 0 86 2 1010 1441 1015 1446
318 0 -1
580 41 10 41 10 1011 1442 1012 1443
319 0 -1
585 91 5 94 5 1016 1447 1019 1450
320 0 -1
588 54 97 55 99 1019 1450 1024 1455
321 0 -1
589 11 18 11 22 1020 1451 1035 1466
322 0 -1
592 91 7 92 7 1023 1454 1024 1455
323 0 -1
594 21 18 23 18 1025 1456 1027 1458
324 0 -1
595 85 29 95 30 1026 1457 1041 1472
325 0 -1
596 91 26 92 27 1027 1458 1031 1462
326 0 -1
597 26 74 31 77 1028 1459 1036 1467
327 0 -1
599 40 60 44 62 1030 1461 1038 1469
328 0 -1
600 92 73 95 73 1031 1462 1034 1465
329 0 -1
601 62 3 64 3 1032 1463 1034 1465
330 0 -1
603 87 88 88 88 1034 1465 1036 1467
331 0 -1
608 1 97 1 100 1039 1470 1042 1473
332 0 -1
609 89 27 89 28 1040 1471 1041 1472
333 0 -1
610 36 89 37 91 1041 1472 1046 1477
334 0 -1
611 0 20 4 20 1042 1473 1046 1477
335 0 -1
613 15 33 18 38 1044 1475 1052 1483
336 0 -1
614 2 11 6 13 1045 1476 1051 1482
337 0 -1
615 54 7 54 8 1046 1477 1047 1478
338 0 -1
616 94 37 96 37 1047 1478 1049 1480
339 0 -1
619 20 83 25 83 1050 1481 1055 1486
340 0 -1
620 42 57 44 57 1051 1482 1053 1484
341 0 -1
621 65 30 67 32 1052 1483 1057 1488
342 0 -1
622 7 95 9 95 1053 1484 1056 1487
343 0 -1
623 17 32 18 32 1054 1485 1056 1487
344 0 -1
624 33 68 34 68 1055 1486 1056 1487
345 0 -1
625 35 48 37 48 1056 1487 1058 1489
346 0 -1
628 3 20 4 20 1059 1490 1060 1491
347 0 -1
629 42 18 45 18 1060 1491 1065 1496
348 0 -1
630 85 57 85 57 1061 1492 1062 1493
349 0 -1
634 15 89 16 89 1065 1496 1066 1497
350 0 -1
635 91 66 92 66 1066 1497 1068 1499
351 0 -1
636 17 40 17 40 1067 1498 1069 1500
352 0 -1
637 65 86 67 86 1068 1499 1070 1501
353 0 -1
639 4 82 4 83 1070 1501 1071 1502
354 0 -1
640 74 86 76 86 1071 1502 1073 1504
355 0 -1
641 19 47 20 48 1072 1503 1074 1505
356 0 -1
643 14 28 14 29 1074 1505 1080 1511
357 0 -1
645 54 80 54 80 1076 1507 1078 1509
358 0 -1
646 79 59 80 60 1077 1508 1079 1510
359 0 -1
648 77 27 77 27 1079 1510 1080 1511
360 0 -1
649 38 6 44 10 1080 1511 1090 1521
361 0 -1
650 51 49 51 50 1081 1512 1082 1513
362 0 -1
651 72 85 74 87 1082 1513 1086 1517
363 0 -1
652 0 71 12 72 1083 1514 1098 1529
364 0 -1
653 36 93 36 93 1084 1515 1085 1516
365 0 -1
656 6 84 6 85 1087 1518 1088 1519
366 0 -1
662 33 56 33 56 1093 1524 1095 1526
367 0 -1
663 65 87 68 92 1094 1525 1102 1533
368 0 -1
664 71 11 71 12 1095 1526 1097 1528
369 0 -1
665 36 31 37 31 1096 1527 1097 1528
370 0 -1
666 16 26 16 26 1097 1528 1099 1530
371 0 -1
667 86 48 89 48 1098 1529 1101 1532
372 0 -1
669 55 62 55 62 1100 1531 1101 1532
373 0 -1
672 99 0 96 0 1103 1534 1107 1538
374 0 -1
673 50 58 50 60 1104 1535 1106 1537
375 0 -1
674 62 21 65 22 1105 1536 1109 1540
376 0 -1
675 66 23 71 23 1106 1537 1111 1542
377 0 -1
678 41 86 42 86 1109 1540 1110 1541
378 0 -1
679 70 15 72 15 1110 1541 1113 1544
379 0 -1
680 95 99 97 96 1111 1542 1117 1548
380 0 -1
681 94 41 96 41 1112 1543 1114 1545
381 0 -1
682 11 0 11 2 1113 1544 1115 1546
382 0 -1
684 45 18 45 20 1115 1546 1117 1548
383 0 -1
685 51 20 51 21 1116 1547 1121 1552
384 0 -1
687 43 82 47 82 1118 1549 1123 1554
385 0 -1
688 39 51 40 52 1119 1550 1121 1552
386 0 -1
689 38 88 40 88 1120 1551 1122 1553
387 0 -1
690 11 35 11 37 1121 1552 1123 1554
388 0 -1
691 15 55 17 55 1122 1553 1124 1555
389 0 -1
692 83 27 84 27 1123 1554 1125 1556
390 0 -1
694 56 37 58 38 1125 1556 1128 1559
391 0 -1
696 21 22 22 23 1127 1558 1129 1560
392 0 -1
698 70 5 70 8 1129 1560 1134 1565
393 0 -1
700 13 26 14 26 1131 1562 1132 1563
394 0 -1
701 38 53 39 53 1132 1563 1133 1564
395 0 -1
702 37 17 41 19 1133 1564 1140 1571
396 0 -1
703 24 15 25 15 1134 1565 1136 1567
397 0 -1
704 22 92 22 92 1135 1566 1137 1568
398 0 -1
705 30 32 31 35 1136 1567 1140 1571
399 0 -1
706 32 19 33 19 1137 1568 1139 1570
400 0 -1
707 93 87 94 88 1138 1569 1142 1573
401 0 -1
708 43 27 48 27 1139 1570 1146 1577
402 0 -1
710 92 78 94 78 1141 1572 1144 1575
403 0 -1
712 92 3 93 3 1143 1574 1144 1575
404 0 -1
714 51 99 52 99 1145 1576 1146 1577
405 0 -1
716 18 47 18 47 1147 1578 1148 1579
406 0 -1
718 80 5 88 5 1149 1580 1157 1588
407 0 -1
719 26 20 26 21 1150 1581 1151 1582
408 0 -1
720 94 46 95 47 1151 1582 1153 1584
409 0 -1
722 97 39 99 39 1153 1584 1155 1586
410 0 -1
724 29 76 30 77 1155 1586 1157 1588
411 0 -1
725 78 44 83 44 1156 1587 1167 1598
412 0 -1
726 68 23 68 27 1157 1588 1161 1592
413 0 -1
727 46 15 48 16 1158 1589 1161 1592
414 0 -1
728 44 55 48 56 1159 1590 1164 1595
415 0 -1
729 8 43 9 43 1160 1591 1161 1592
416 0 -1
731 18 89 18 89 1162 1593 1163 1594
417 0 -1
733 95 85 95 87 1164 1595 1166 1597
418 0 -1
734 45 18 45 20 1165 1596 1167 1598
419 0 -1
735 49 29 51 29 1166 1597 1169 1600
420 0 -1
736 13 35 15 35 1167 1598 1169 1600
421 0 -1
737 86 99 89 99 1168 1599 1171 1602
422 0 -1
742 10 3 13 3 1173 1604 1178 1609
423 0 -1
744 66 85 66 87 1175 1606 1177 1608
424 0 -1
745 93 92 97 92 1176 1607 1181 1612
425 0 -1
748 93 23 95 23 1179 1610 1181 1612
426 0 -1
750 88 97 89 97 1181 1612 1182 1613
427 0 -1
751 61 36 61 37 1182 1613 1183 1614
428 0 -1
752 31 92 34 92 1183 1614 1186 1617
429 0 -1
753 73 25 73 26 1184 1615 1185 1616
430 0 -1
754 37 63 39 67 1185 1616 1191 1622
431 0 -1
755 92 24 92 24 1186 1617 1188 1619
432 0 -1
757 57 24 57 26 1188 1619 1190 1621
433 0 -1
758 92 6 95 8 1189 1620 1197 1628
434 0 -1
759 16 28 17 29 1190 1621 1192 1623
435 0 -1
760 41 39 42 39 1191 1622 1192 1623
436 0 -1
766 14 17 15 18 1197 1628 1199 1630
437 0 -1
767 22 91 24 91 1198 1629 1200 1631
438 0 -1
768 57 42 59 43 1199 1630 1202 1633
439 0 -1
771 91 1 92 1 1202 1633 1203 1634
440 0 -1
772 58 44 60 44 1203 1634 1205 1636
441 0 -1
773 10 26 12 27 1204 1635 1207 1638
442 0 -1
775 6 97 10 97 1206 1637 1211 1642
443 0 -1
777 40 96 40 98 1208 1639 1210 1641
444 0 -1
778 27 53 27 53 1209 1640 1211 1642
445 0 -1
779 78 43 81 43 1210 1641 1213 1644
446 0 -1
781 69 41 70 41 1212 1643 1213 1644
447 0 -1
782 67 20 70 21 1213 1644 1217 1648
448 0 -1
784 89 92 89 94 1215 1646 1217 1648
449 0 -1
787 22 76 23 76 1218 1649 1220 1651
450 0 -1
788 87 96 88 96 1219 1650 1220 1651
451 0 -1
789 49 92 51 93 1220 1651 1224 1655
452 0 -1
790 9 67 9 67 1221 1652 1223 1654
453 0 -1
791 8 93 11 95 1222 1653 1227 1658
454 0 -1
793 57 39 60 39 1224 1655 1227 1658
455 0 -1
794 28 38 31 39 1225 1656 1229 1660
456 0 -1
795 24 97 24 99 1226 1657 1228 1659
457 0 -1
796 36 1 40 1 1227 1658 1231 1662
458 0 -1
797 55 84 56 84 1228 1659 1229 1660
459 0 -1
798 54 62 54 63 1229 1660 1232 1663
460 0 -1
799 57 57 58 57 1230 1661 1232 1663
461 0 -1
800 11 10 13 12 1231 1662 1236 1667
462 0 -1
802 54 42 58 42 1233 1664 1237 1668
463 0 -1
803 59 63 60 63 1234 1665 1236 1667
464 0 -1
805 30 90 34 90 1236 1667 1241 1672
465 0 -1
806 15 85 16 93 1237 1668 1246 1677
466 0 -1
807 14 99 15 99 1238 1669 1240 1671
467 0 -1
810 45 35 45 36 1241 1672 1242 1673
468 0 -1
813 52 60 52 60 1244 1675 1245 1676
469 0 -1
818 23 25 25 25 1249 1680 1251 1682
470 0 -1
820 61 4 64 4 1251 1682 1254 1685
471 0 -1
824 86 24 87 25 1255 1686 1257 1688
472 0 -1
825 90 89 92 89 1256 1687 1259 1690
473 0 -1
827 88 20 88 20 1258 1689 1259 1690
474 0 -1
828 0 0 4 6 1259 1690 1269 1700
475 0 -1
830 92 28 93 29 1261 1692 1264 1695
476 0 -1
831 79 78 79 78 1262 1693 1263 1694
477 0 -1
833 55 93 57 93 1264 1695 1266 1697
478 0 -1
834 73 75 73 76 1265 1696 1267 1698
479 0 -1
835 64 53 68 56 1266 1697 1276 1707
480 0 -1
839 6 12 7 13 1270 1701 1272 1703
481 0 -1
841 32 64 36 64 1272 1703 1276 1707
482 0 -1
842 59 69 60 69 1273 1704 1275 1706
483 0 -1
844 99 27 97 29 1275 1706 1280 1711
484 0 -1
845 4 45 6 45 1276 1707 1278 1709
485 0 -1
846 39 39 42 39 1277 1708 1283 1714
486 0 -1
847 35 68 36 68 1278 1709 1279 1710
487 0 -1
850 70 40 72 40 1281 1712 1284 1715
488 0 -1
851 77 20 78 20 1282 1713 1286 1717
489 0 -1
854 96 62 96 63 1285 1716 1286 1717
490 0 -1
856 92 42 92 42 1287 1718 1290 1721
491 0 -1
859 87 70 88 70 1290 1721 1295 1726
492 0 -1
860 22 75 22 76 1291 1722 1292 1723
493 0 -1
861 44 27 44 28 1292 1723 1294 1725
494 0 -1
864 21 78 22 78 1295 1726 1298 1729
495 0 -1
867 68 34 68 35 1298 1729 1299 1730
496 0 -1
868 37 91 38 92 1299 1730 1301 1732
497 0 -1
871 48 90 48 94 1302 1733 1318 1749
498 0 -1
873 68 31 68 33 1304 1735 1306 1737
499 0 -1
874 39 35 40 39 1305 1736 1310 1741
500 0 -1
875 33 12 34 14 1306 1737 1309 1740
501 0 -1
877 64 35 67 35 1308 1739 1311 1742
502 0 -1
878 42 73 42 75 1309 1740 1311 1742
503 0 -1
879 93 28 94 28 1310 1741 1312 1743
504 0 -1
880 70 4 73 5 1311 1742 1315 1746
505 0 -1
881 6 79 9 79 1312 1743 1318 1749
506 0 -1
882 62 6 63 7 1313 1744 1315 1746
507 0 -1
885 5 68 5 69 1316 1747 1317 1748
508 0 -1
887 76 3 77 4 1318 1749 1321 1752
509 0 -1
889 39 28 41 28 1320 1751 1323 1754
510 0 -1
891 0 78 0 80 1322 1753 1324 1755
511 0 -1
893 2 20 3 21 1324 1755 1326 1757
512 0 -1
894 10 48 11 48 1325 1756 1328 1759
513 0 -1
895 23 35 24 36 1326 1757 1329 1760
514 0 -1
896 90 54 91 55 1327 1758 1329 1760
515 0 -1
897 96 4 97 4 1328 1759 1329 1760
516 0 -1
898 12 37 14 37 1329 1760 1331 1762
517 0 -1
899 77 84 77 85 1330 1761 1332 1763
518 0 -1
900 34 70 35 70 1331 1762 1337 1768
519 0 -1
901 97 14 98 15 1332 1763 1334 1765
520 0 -1
902 0 4 0 5 1333 1764 1334 1765
521 0 -1
905 28 25 28 26 1336 1767 1337 1768
522 0 -1
910 13 55 14 55 1341 1772 1342 1773
523 0 -1
912 9 79 14 80 1343 1774 1353 1784
524 0 -1
914 43 17 46 21 1345 1776 1352 1783
525 0 -1
917 76 25 79 25 1348 1779 1352 1783
526 0 -1
919 45 78 46 78 1350 1781 1352 1783
527 0 -1
920 79 35 81 35 1351 1782 1354 1785
528 0 -1
921 79 46 80 46 1352 1783 1353 1784
529 0 -1
923 28 53 29 53 1354 1785 1355 1786
530 0 -1
925 88 49 90 49 1356 1787 1359 1790
531 0 -1
926 74 89 76 94 1357 1788 1366 1797
532 0 -1
927 23 6 25 6 1358 1789 1361 1792
533 0 -1
928 22 0 23 0 1359 1790 1360 1791
534 0 -1
929 98 5 98 6 1360 1791 1361 1792
535 0 -1
931 7 88 7 88 1362 1793 1364 1795
536 0 -1
933 35 47 38 49 1364 1795 1371 1802
537 0 -1
935 37 24 38 24 1366 1797 1368 1799
538 0 -1
936 71 16 71 16 1367 1798 1368 1799
539 0 -1
937 30 30 30 34 1368 1799 1372 1803
540 0 -1
938 36 73 39 74 1369 1800 1373 1804
541 0 -1
940 39 70 40 70 1371 1802 1373 1804
542 0 -1
942 30 22 31 22 1373 1804 1374 1805
543 0 -1
943 1 73 2 79 1374 1805 1381 1812
544 0 -1
944 16 88 17 88 1375 1806 1376 1807
545 0 -1
945 3 99 4 99 1376 1807 1379 1810
546 0 -1
947 32 69 44 69 1378 1809 1391 1822
547 0 -1
948 82 0 82 0 1379 1810 1382 1813
548 0 -1
950 33 82 33 83 1381 1812 1383 1814
549 0 -1
951 14 13 16 13 1382 1813 1384 1815
550 0 -1
954 60 68 62 68 1385 1816 1387 1818
551 0 -1
955 22 1 23 1 1386 1817 1387 1818
552 0 -1
957 40 81 41 83 1388 1819 1391 1822
553 0 -1
958 89 77 90 77 1389 1820 1390 1821
554 0 -1
963 20 16 23 16 1394 1825 1397 1828
555 0 -1
964 24 70 24 70 1395 1826 1397 1828
556 0 -1
966 42 80 42 80 1397 1828 1399 1830
557 0 -1
969 54 30 56 30 1400 1831 1402 1833
558 0 -1
972 9 13 13 14 1403 1834 1409 1840
559 0 -1
973 51 58 55 58 1404 1835 1408 1839
560 0 -1
974 98 64 93 64 1405 1836 1415 1846
561 0 -1
976 95 61 98 62 1407 1838 1412 1843
562 0 -1
979 30 86 31 86 1410 1841 1414 1845
563 0 -1
981 57 19 57 20 1412 1843 1413 1844
564 0 -1
983 82 98 82 98 1414 1845 1417 1848
565 0 -1
984 85 21 86 25 1415 1846 1421 1852
566 0 -1
987 43 51 46 51 1418 1849 1422 1853
567 0 -1
989 34 18 36 18 1420 1851 1423 1854
568 0 -1
990 97 90 97 94 1421 1852 1425 1856
569 0 -1
992 10 59 12 61 1423 1854 1427 1858
570 0 -1
993 42 30 44 30 1424 1855 1426 1857
571 0 -1
994 63 14 65 16 1425 1856 1429 1860
572 0 -1
996 36 26 36 26 1427 1858 1429 1860
573 0 -1
997 58 52 58 53 1428 1859 1430 1861
574 0 -1
998 69 58 70 58 1429 1860 1430 1861
575 0 -1
999 48 41 49 42 1430 1861 1432 1863
576 0 -1
1001 25 12 25 31 1432 1863 1481 1912
577 0 -1
1004 40 97 41 98 1435 1866 1437 1868
578 0 -1
1008 59 2 60 2 1439 1870 1440 1871
579 0 -1
1010 30 30 31 31 1441 1872 1443 1874
580 0 -1
1012 92 33 92 33 1443 1874 1444 1875
581 0 -1
1015 93 14 94 14 1446 1877 1447 1878
582 0 -1
1016 34 7 35 7 1447 1878 1448 1879
583 0 -1
1017 70 19 73 19 1448 1879 1451 1882
584 0 -1
1018 37 98 48 100 1449 1880 1463 1894
585 0 -1
1019 77 5 86 5 1450 1881 1460 1891
586 0 -1
1020 91 25 93 26 1451 1882 1454 1885
587 0 -1
1021 99 84 98 84 1452 1883 1453 1884
588 0 -1
1022 21 21 24 22 1453 1884 1467 1898
589 0 -1
1025 46 91 49 93 1456 1887 1461 1892
590 0 -1
1027 94 50 95 50 1458 1889 1459 1890
591 0 -1
1028 69 29 70 29 1459 1890 1460 1891
592 0 -1
1031 32 76 33 80 1462 1893 1471 1902
593 0 -1
1032 11 51 14 52 1463 1894 1470 1901
594 0 -1
1033 79 25 80 27 1464 1895 1468 1899
595 0 -1
1035 44 78 44 80 1466 1897 1468 1899
596 0 -1
1036 24 19 25 20 1467 1898 1469 1900
597 0 -1
1037 2 22 3 22 1468 1899 1469 1900
598 0 -1
1039 48 41 49 41 1470 1901 1471 1902
599 0 -1
1040 9 3 9 3 1471 1902 1472 1903
600 0 -1
1042 8 56 14 57 1473 1904 1484 1915
601 0 -1
1044 67 52 67 53 1475 1906 1476 1907
602 0 -1
1045 99 7 99 9 1476 1907 1479 1910
603 0 -1
1051 78 97 79 97 1482 1913 1483 1914
604 0 -1
1053 20 38 21 38 1484 1915 1485 1916
605 0 -1
1056 9 24 10 25 1487 1918 1489 1920
606 0 -1
1057 91 1 92 2 1488 1919 1490 1921
607 0 -1
1059 34 24 35 26 1490 1921 1494 1925
608 0 -1
1060 10 59 12 62 1491 1922 1496 1927
609 0 -1
1063 46 44 46 47 1494 1925 1497 1928
610 0 -1
1065 33 58 33 58 1496 1927 1499 1930
611 0 -1
1066 6 94 6 96 1497 1928 1499 1930
612 0 -1
1067 38 80 38 81 1498 1929 1499 1930
613 0 -1
1070 15 41 25 42 1501 1932 1513 1944
614 0 -1
1071 37 7 39 7 1502 1933 1507 1938
615 0 -1
1073 35 63 43 63 1504 1935 1519 1950
616 0 -1
1074 10 36 10 36 1505 1936 1506 1937
617 0 -1
1075 62 9 63 10 1506 1937 1509 1940
618 0 -1
1078 23 4 27 4 1509 1940 1513 1944
619 0 -1
1082 16 80 16 81 1513 1944 1514 1945
620 0 -1
1083 92 87 93 88 1514 1945 1516 1947
621 0 -1
1084 46 89 51 89 1515 1946 1521 1952
622 0 -1
1085 51 36 53 37 1516 1947 1519 1950
623 0 -1
1086 17 54 20 54 1517 1948 1521 1952
624 0 -1
1090 69 77 69 77 1521 1952 1522 1953
625 0 -1
1091 79 37 80 37 1522 1953 1523 1954
626 0 -1
1092 66 71 67 71 1523 1954 1524 1955
627 0 -1
1095 45 4 47 4 1526 1957 1529 1960
628 0 -1
1097 4 91 7 91 1528 1959 1531 1962
629 0 -1
1098 80 52 82 53 1529 1960 1533 1964
630 0 -1
1099 86 58 91 58 1530 1961 1535 1966
631 0 -1
1100 64 83 66 86 1531 1962 1536 1967
632 0 -1
1102 20 38 23 38 1533 1964 1536 1967
633 0 -1
1103 9 98 12 94 1534 1965 1541 1972
634 0 -1
1104 2 93 2 93 1535 1966 1536 1967
635 0 -1
1105 14 38 14 38 1536 1967 1537 1968
636 0 -1
1107 64 72 64 76 1538 1969 1548 1979
637 0 -1
1109 97 79 99 80 1540 1971 1543 1974
638 0 -1
1111 82 58 83 59 1542 1973 1544 1975
639 0 -1
1113 68 97 68 97 1544 1975 1545 1976
640 0 -1
1114 16 11 17 11 1545 1976 1546 1977
641 0 -1
1115 0 79 2 79 1546 1977 1549 1980
642 0 -1
1116 9 26 14 32 1547 1978 1558 1989
643 0 -1
1118 29 39 30 40 1549 1980 1551 1982
644 0 -1
1120 93 4 93 4 1551 1982 1553 1984
645 0 -1
1121 91 87 92 87 1552 1983 1553 1984
646 0 -1
1122 18 92 20 93 1553 1984 1556 1987
647 0 -1
1124 74 27 80 27 1555 1986 1562 1993
648 0 -1
1125 80 47 81 47 1556 1987 1558 1989
649 0 -1
1126 36 20 46 21 1557 1988 1569 2000
650 0 -1
1129 32 15 33 15 1560 1991 1561 1992
651 0 -1
1130 48 72 49 72 1561 1992 1562 1993
652 0 -1
1132 69 54 69 55 1563 1994 1565 1996
653 0 -1
1133 55 43 58 43 1564 1995 1567 1998
654 0 -1
1137 87 87 91 87 1568 1999 1572 2003
655 0 -1
1138 70 30 70 30 1569 2000 1570 2001
656 0 -1
1139 85 76 86 76 1570 2001 1571 2002
657 0 -1
1141 94 1 94 1 1572 2003 1574 2005
658 0 -1
1142 28 73 29 74 1573 2004 1576 2007
659 0 -1
1144 9 75 9 76 1575 2006 1578 2009
660 0 -1
1147 19 85 20 85 1578 2009 1579 2010
661 0 -1
1150 92 58 93 58 1581 2012 1582 2013
662 0 -1
1151 92 49 92 50 1582 2013 1584 2015
663 0 -1
1154 89 39 90 39 1585 2016 1586 2017
664 0 -1
1156 2 86 4 86 1587 2018 1589 2020
665 0 -1
1157 66 71 67 71 1588 2019 1593 2024
666 0 -1
1158 7 64 7 64 1589 2020 1593 2024
667 0 -1
1159 6 3 8 3 1590 2021 1592 2023
668 0 -1
1164 80 22 81 22 1595 2026 1598 2029
669 0 -1
1166 85 27 87 28 1597 2028 1600 2031
670 0 -1
1169 88 61 89 63 1600 2031 1603 2034
671 0 -1
1170 13 15 16 15 1601 2032 1604 2035
672 0 -1
1171 75 12 82 12 1602 2033 1611 2042
673 0 -1
1172 91 34 92 34 1603 2034 1604 2035
674 0 -1
1174 43 59 48 60 1605 2036 1612 2043
675 0 -1
1175 65 61 67 61 1606 2037 1609 2040
676 0 -1
1176 58 86 59 87 1607 2038 1609 2040
677 0 -1
1177 78 42 80 42 1608 2039 1610 2041
678 0 -1
1179 2 53 2 54 1610 2041 1611 2042
679 0 -1
1186 40 84 42 84 1617 2048 1619 2050
680 0 -1
1187 85 39 86 40 1618 2049 1620 2051
681 0 -1
1188 71 93 71 94 1619 2050 1620 2051
682 0 -1
1190 41 24 42 24 1621 2052 1622 2053
683 0 -1
1191 14 26 14 28 1622 2053 1624 2055
684 0 -1
1194 37 22 38 23 1625 2056 1627 2058
685 0 -1
1195 99 65 97 65 1626 2057 1629 2060
686 0 -1
1197 72 53 72 55 1628 2059 1631 2062
687 0 -1
1198 54 52 55 54 1629 2060 1633 2064
688 0 -1
1201 90 32 93 34 1632 2063 1637 2068
689 0 -1
1202 60 99 60 99 1633 2064 1634 2065
690 0 -1
1203 86 40 87 40 1634 2065 1635 2066
691 0 -1
1205 98 44 99 44 1636 2067 1639 2070
692 0 -1
1207 5 96 8 96 1638 2069 1642 2073
693 0 -1
1208 69 34 69 35 1639 2070 1641 2072
694 0 -1
1209 5 86 5 86 1640 2071 1641 2072
695 0 -1
1211 10 2 13 3 1642 2073 1646 2077
696 0 -1
1214 71 13 72 14 1645 2076 1651 2082
697 0 -1
1217 97 62 97 64 1648 2079 1650 2081
698 0 -1
1218 50 30 50 30 1649 2080 1650 2081
699 0 -1
1219 71 10 74 12 1650 2081 1657 2088
700 0 -1
1220 80 13 80 13 1651 2082 1652 2083
701 0 -1
1222 79 66 82 66 1653 2084 1656 2087
702 0 -1
1223 21 68 25 68 1654 2085 1658 2089
703 0 -1
1226 91 7 91 7 1657 2088 1660 2091
704 0 -1
1227 99 79 98 79 1658 2089 1659 2090
705 0 -1
1229 37 66 38 66 1660 2091 1661 2092
706 0 -1
1230 22 21 27 21 1661 2092 1666 2097
707 0 -1
1231 22 32 23 32 1662 2093 1663 2094
708 0 -1
1233 45 87 47 87 1664 2095 1666 2097
709 0 -1
1235 30 18 30 19 1666 2097 1667 2098
710 0 -1
1236 41 20 45 20 1667 2098 1672 2103
711 0 -1
1237 3 59 5 59 1668 2099 1673 2104
712 0 -1
1238 1 0 1 3 1669 2100 1674 2105
713 0 -1
1240 46 94 50 94 1671 2102 1675 2106
714 0 -1
1241 12 46 13 46 1672 2103 1673 2104
715 0 -1
1242 7 71 15 72 1673 2104 1686 2117
716 0 -1
1243 42 81 44 81 1674 2105 1676 2107
717 0 -1
1244 0 13 7 13 1675 2106 1682 2113
718 0 -1
1246 85 9 90 12 1677 2108 1686 2117
719 0 -1
1250 8 23 9 23 1681 2112 1682 2113
720 0 -1
1254 31 77 33 80 1685 2116 1692 2123
721 0 -1
1255 62 56 64 57 1686 2117 1690 2121
722 0 -1
1258 57 28 57 40 1689 2120 1705 2136
723 0 -1
1259 84 53 91 55 1690 2121 1708 2139
724 0 -1
1260 18 25 21 28 1691 2122 1697 2128
725 0 -1
1261 66 67 68 70 1692 2123 1699 2130
726 0 -1
1263 97 49 94 49 1694 2125 1701 2132
727 0 -1
1264 56 5 57 8 1695 2126 1699 2130
728 0 -1
1265 37 56 37 56 1696 2127 1698 2129
729 0 -1
1266 26 77 26 77 1697 2128 1698 2129
730 0 -1
1268 96 11 98 11 1699 2130 1702 2133
731 0 -1
1276 16 58 17 58 1707 2138 1708 2139
732 0 -1
1277 21 25 22 26 1708 2139 1713 2144
733 0 -1
1281 70 29 72 29 1712 2143 1714 2145
734 0 -1
1284 71 11 72 11 1715 2146 1717 2148
735 0 -1
1287 4 63 4 65 1718 2149 1722 2153
736 0 -1
1290 90 7 93 7 1721 2152 1728 2159
737 0 -1
1291 82 45 84 45 1722 2153 1725 2156
738 0 -1
1292 90 75 77 82 1723 2154 1749 2180
739 0 -1
1297 68 41 68 41 1728 2159 1731 2162
740 0 -1
1298 98 1 98 1 1729 2160 1730 2161
741 0 -1
1299 72 44 73 44 1730 2161 1733 2164
742 0 -1
1300 27 83 28 83 1731 2162 1733 2164
743 0 -1
1307 39 60 40 60 1738 2169 1739 2170
744 0 -1
1309 38 41 40 41 1740 2171 1742 2173
745 0 -1
1312 73 41 75 41 1743 2174 1745 2176
746 0 -1
1313 52 36 53 36 1744 2175 1745 2176
747 0 -1
1314 95 61 99 61 1745 2176 1749 2180
748 0 -1
1315 32 17 36 18 1746 2177 1751 2182
749 0 -1
1316 69 93 69 94 1747 2178 1749 2180
750 0 -1
1317 94 46 95 47 1748 2179 1750 2181
751 0 -1
1318 48 39 51 39 1749 2180 1752 2183
752 0 -1
1319 77 52 77 54 1750 2181 1752 2183
753 0 -1
1320 79 76 79 77 1751 2182 1752 2183
754 0 -1
1321 26 5 26 7 1752 2183 1754 2185
755 0 -1
1323 7 17 8 17 1754 2185 1756 2187
756 0 -1
1324 85 99 88 99 1755 2186 1760 2191
757 0 -1
1325 86 24 88 26 1756 2187 1762 2193
758 0 -1
1326 0 99 1 99 1757 2188 1758 2189
759 0 -1
1327 54 15 60 17 1758 2189 1768 2199
760 0 -1
1329 55 4 56 5 1760 2191 1762 2193
761 0 -1
1332 35 32 37 32 1763 2194 1765 2196
762 0 -1
1333 82 88 82 89 1764 2195 1765 2196
763 0 -1
1335 37 62 48 67 1766 2197 1782 2213
764 0 -1
1336 13 64 13 64 1767 2198 1768 2199
765 0 -1
1338 97 38 97 39 1769 2200 1772 2203
766 0 -1
1340 53 83 59 84 1771 2202 1778 2209
767 0 -1
1342 79 89 80 91 1773 2204 1776 2207
768 0 -1
1344 33 18 33 18 1775 2206 1777 2208
769 0 -1
1345 27 34 28 34 1776 2207 1777 2208
770 0 -1
1347 75 94 78 94 1778 2209 1781 2212
771 0 -1
1348 46 83 49 83 1779 2210 1784 2215
772 0 -1
1349 30 40 35 40 1780 2211 1786 2217
773 0 -1
1354 70 69 73 69 1785 2216 1788 2219
774 0 -1
1355 52 37 52 40 1786 2217 1791 2222
775 0 -1
1359 71 74 75 74 1790 2221 1795 2226
776 0 -1
1362 49 13 49 14 1793 2224 1795 2226
777 0 -1
1365 13 72 13 72 1796 2227 1797 2228
778 0 -1
1368 58 48 60 48 1799 2230 1801 2232
779 0 -1
1369 57 78 64 90 1800 2231 1835 2266
780 0 -1
1370 53 88 53 89 1801 2232 1803 2234
781 0 -1
1372 14 22 18 23 1803 2234 1808 2239
782 0 -1
1374 35 6 36 7 1805 2236 1807 2238
783 0 -1
1375 12 18 14 20 1806 2237 1813 2244
784 0 -1
1376 92 25 93 25 1807 2238 1808 2239
785 0 -1
1377 24 87 24 89 1808 2239 1811 2242
786 0 -1
1378 82 13 83 13 1809 2240 1810 2241
787 0 -1
1379 16 33 20 33 1810 2241 1814 2245
788 0 -1
1381 29 90 29 93 1812 2243 1815 2246
789 0 -1
1382 31 18 31 18 1813 2244 1816 2247
790 0 -1
1383 15 99 16 99 1814 2245 1816 2247
791 0 -1
1385 23 29 23 29 1816 2247 1822 2253
792 0 -1
1386 30 34 32 35 1817 2248 1820 2251
793 0 -1
1387 78 19 87 21 1818 2249 1829 2260
794 0 -1
1388 72 78 72 78 1819 2250 1822 2253
795 0 -1
1389 82 25 83 25 1820 2251 1822 2253
796 0 -1
1390 51 10 51 10 1821 2252 1823 2254
797 0 -1
1391 43 16 45 16 1822 2253 1824 2255
798 0 -1
1393 89 98 90 98 1824 2255 1826 2257
799 0 -1
1395 56 54 56 54 1826 2257 1834 2265
800 0 -1
1396 65 38 65 39 1827 2258 1828 2259
801 0 -1
1400 7 14 8 15 1831 2262 1834 2265
802 0 -1
1401 34 65 37 65 1832 2263 1835 2266
803 0 -1
1402 99 2 93 3 1833 2264 1840 2271
804 0 -1
1403 3 77 3 78 1834 2265 1836 2267
805 0 -1
1406 96 85 97 85 1837 2268 1838 2269
806 0 -1
1411 56 39 56 41 1842 2273 1844 2275
807 0 -1
1412 84 78 87 80 1843 2274 1849 2280
808 0 -1
1413 79 37 80 37 1844 2275 1845 2276
809 0 -1
1414 95 34 96 35 1845 2276 1847 2278
810 0 -1
1415 36 4 36 6 1846 2277 1848 2279
811 0 -1
1417 11 42 11 43 1848 2279 1849 2280
812 0 -1
1418 3 71 8 71 1849 2280 1854 2285
813 0 -1
1419 10 25 16 26 1850 2281 1857 2288
814 0 -1
1420 40 88 47 89 1851 2282 1859 2290
815 0 -1
1423 23 24 23 24 1854 2285 1855 2286
816 0 -1
1426 85 71 87 71 1857 2288 1859 2290
817 0 -1
1428 16 28 17 30 1859 2290 1862 2293
818 0 -1
1429 52 81 53 81 1860 2291 1862 2293
819 0 -1
1430 44 47 45 47 1861 2292 1862 2293
820 0 -1
1431 97 54 98 54 1862 2293 1865 2296
821 0 -1
1432 84 27 84 27 1863 2294 1864 2295
822 0 -1
1434 62 12 62 12 1865 2296 1866 2297
823 0 -1
1435 97 79 92 80 1866 2297 1873 2304
824 0 -1
1436 29 43 30 43 1867 2298 1869 2300
825 0 -1
1438 3 28 5 30 1869 2300 1873 2304
826 0 -1
1439 6 28 7 28 1870 2301 1871 2302
827 0 -1
1440 77 35 80 35 1871 2302 1874 2305
828 0 -1
1441 62 66 67 66 1872 2303 1879 2310
829 0 -1
1442 46 34 46 36 1873 2304 1875 2306
830 0 -1
1443 38 76 43 76 1874 2305 1879 2310
831 0 -1
1444 72 65 74 65 1875 2306 1877 2308
832 0 -1
1446 65 91 68 92 1877 2308 1883 2314
833 0 -1
1447 52 80 54 80 1878 2309 1880 2311
834 0 -1
1448 88 28 88 29 1879 2310 1881 2312
835 0 -1
1452 36 52 36 53 1883 2314 1884 2315
836 0 -1
1454 12 89 12 93 1885 2316 1889 2320
837 0 -1
1455 64 3 65 3 1886 2317 1888 2319
838 0 -1
1456 76 52 77 52 1887 2318 1888 2319
839 0 -1
1457 99 58 94 59 1888 2319 1894 2325
840 0 -1
1458 52 16 55 17 1889 2320 1899 2330
841 0 -1
1461 98 25 95 25 1892 2323 1895 2326
842 0 -1
1462 89 45 89 49 1893 2324 1897 2328
843 0 -1
1463 98 72 98 72 1894 2325 1896 2327
844 0 -1
1465 60 22 60 23 1896 2327 1898 2329
845 0 -1
1466 61 1 62 1 1897 2328 1899 2330
846 0 -1
1468 26 98 27 98 1899 2330 1900 2331
847 0 -1
1469 16 46 16 51 1900 2331 1905 2336
848 0 -1
1470 0 98 0 99 1901 2332 1902 2333
849 0 -1
1472 54 33 56 36 1903 2334 1908 2339
850 0 -1
1473 84 85 85 86 1904 2335 1909 2340
851 0 -1
1474 82 29 89 30 1905 2336 1916 2347
852 0 -1
1475 40 11 40 13 1906 2337 1908 2339
853 0 -1
1478 95 18 98 20 1909 2340 1915 2346
854 0 -1
1479 28 95 30 95 1910 2341 1912 2343
855 0 -1
1481 56 84 56 84 1912 2343 1914 2345
856 0 -1
1483 35 72 46 72 1914 2345 1925 2356
857 0 -1
1486 67 48 72 48 1917 2348 1922 2353
858 0 -1
1487 59 65 60 68 1918 2349 1922 2353
859 0 -1
1493 45 1 46 1 1924 2355 1926 2357
860 0 -1
1495 72 15 73 15 1926 2357 1927 2358
861 0 -1
1496 54 35 54 39 1927 2358 1931 2362
862 0 -1
1497 74 81 78 81 1928 2359 1932 2363
863 0 -1
1499 69 89 71 89 1930 2361 1932 2363
864 0 -1
1500 86 76 86 78 1931 2362 1933 2364
865 0 -1
1501 19 89 19 95 1932 2363 1940 2371
866 0 -1
1502 43 40 47 40 1933 2364 1937 2368
867 0 -1
1504 3 41 4 41 1935 2366 1948 2379
868 0 -1
1505 57 1 66 1 1936 2367 1946 2377
869 0 -1
1506 10 25 10 27 1937 2368 1939 2370
870 0 -1
1507 67 93 67 94 1938 2369 1941 2372
871 0 -1
1508 96 54 97 59 1939 2370 1945 2376
872 0 -1
1509 15 80 15 80 1940 2371 1941 2372
873 0 -1
1511 57 21 57 23 1942 2373 1944 2375
874 0 -1
1513 91 91 96 91 1944 2375 1949 2380
875 0 -1
1515 60 21 61 21 1946 2377 1947 2378
876 0 -1
1516 99 43 96 43 1947 2378 1950 2381
877 0 -1
1517 63 58 66 58 1948 2379 1951 2382
878 0 -1
1518 50 23 50 24 1949 2380 1952 2383
879 0 -1
1519 98 21 98 21 1950 2381 1951 2382
880 0 -1
1521 81 55 84 55 1952 2383 1956 2387
881 0 -1
1522 46 96 47 97 1953 2384 1955 2386
882 0 -1
1523 75 1 75 2 1954 2385 1956 2387
883 0 -1
1527 90 50 91 51 1958 2389 1962 2393
884 0 -1
1528 78 70 79 70 1959 2390 1960 2391
885 0 -1
1533 21 47 21 47 1964 2395 1965 2396
886 0 -1
1534 27 18 34 20 1965 2396 1974 2405
887 0 -1
1535 97 48 99 49 1966 2397 1969 2400
888 0 -1
1536 18 52 19 52 1967 2398 1969 2400
889 0 -1
1538 80 26 81 29 1969 2400 1973 2404
890 0 -1
1540 43 28 43 29 1971 2402 1972 2403
891 0 -1
1543 80 91 83 91 1974 2405 1977 2408
892 0 -1
1544 23 70 23 72 1975 2406 1977 2408
893 0 -1
1545 54 31 56 31 1976 2407 1978 2409
894 0 -1
1547 75 72 75 74 1978 2409 1983 2414
895 0 -1
1550 88 12 89 12 1981 2412 1983 2414
896 0 -1
1551 25 13 27 13 1982 2413 1984 2415
897 0 -1
1552 81 6 84 8 1983 2414 1988 2419
898 0 -1
1554 17 19 19 21 1985 2416 1989 2420
899 0 -1
1555 95 44 96 45 1986 2417 1988 2419
900 0 -1
1556 53 96 55 96 1987 2418 1989 2420
901 0 -1
1559 64 14 70 14 1990 2421 1996 2427
902 0 -1
1560 87 26 93 26 1991 2422 1997 2428
903 0 -1
1562 34 73 35 73 1993 2424 1995 2426
904 0 -1
1563 39 55 48 56 1994 2425 2004 2435
905 0 -1
1564 51 63 51 63 1995 2426 1997 2428
906 0 -1
1566 45 47 46 47 1997 2428 1999 2430
907 0 -1
1567 10 81 13 82 1998 2429 2002 2433
908 0 -1
1573 21 0 22 0 2004 2435 2012 2443
909 0 -1
1575 55 54 56 54 2006 2437 2007 2438
910 0 -1
1576 36 96 36 98 2007 2438 2009 2440
911 0 -1
1577 58 84 58 86 2008 2439 2010 2441
912 0 -1
1579 30 28 31 30 2010 2441 2013 2444
913 0 -1
1580 22 51 22 52 2011 2442 2013 2444
914 0 -1
1582 5 4 5 5 2013 2444 2014 2445
915 0 -1
1584 91 32 92 32 2015 2446 2016 2447
916 0 -1
1587 31 77 40 78 2018 2449 2030 2461
917 0 -1
1588 58 43 62 43 2019 2450 2023 2454
918 0 -1
1589 70 70 71 70 2020 2451 2022 2453
919 0 -1
1590 48 66 50 67 2021 2452 2024 2455
920 0 -1
1591 69 60 71 63 2022 2453 2027 2458
921 0 -1
1593 74 2 76 3 2024 2455 2028 2459
922 0 -1
1594 46 78 46 78 2025 2456 2027 2458
923 0 -1
1596 10 13 10 14 2027 2458 2029 2460
924 0 -1
1598 81 15 82 15 2029 2460 2030 2461
925 0 -1
1599 68 79 71 79 2030 2461 2034 2465
926 0 -1
1600 8 5 9 5 2031 2462 2032 2463
927 0 -1
1603 46 44 46 44 2034 2465 2035 2466
928 0 -1
1606 3 43 3 44 2037 2468 2039 2470
929 0 -1
1608 17 26 18 26 2039 2470 2040 2471
930 0 -1
1609 35 25 35 26 2040 2471 2042 2473
931 0 -1
1610 52 27 53 27 2041 2472 2042 2473
932 0 -1
1611 44 36 45 36 2042 2473 2044 2475
933 0 -1
1613 24 67 25 67 2044 2475 2046 2477
934 0 -1
1615 68 20 68 21 2046 2477 2047 2478
935 0 -1
1618 52 11 52 14 2049 2480 2052 2483
936 0 -1
1620 13 92 13 97 2051 2482 2056 2487
937 0 -1
1621 48 66 50 70 2052 2483 2059 2490
938 0 -1
1623 94 77 99 77 2054 2485 2059 2490
939 0 -1
1624 73 54 73 54 2055 2486 2056 2487
940 0 -1
1625 6 27 7 28 2056 2487 2059 2490
941 0 -1
1626 13 85 15 85 2057 2488 2059 2490
942 0 -1
1627 95 87 98 91 2058 2489 2071 2502
943 0 -1
1629 69 21 70 21 2060 2491 2061 2492
944 0 -1
1631 55 85 57 85 2062 2493 2064 2495
945 0 -1
1633 38 34 41 41 2064 2495 2074 2505
946 0 -1
1634 3 78 3 80 2065 2496 2067 2498
947 0 -1
1637 24 60 24 61 2068 2499 2069 2500
948 0 -1
1638 70 27 72 28 2069 2500 2072 2503
949 0 -1
1640 82 17 84 19 2071 2502 2081 2512
950 0 -1
1641 51 92 51 93 2072 2503 2075 2506
951 0 -1
1642 75 7 75 10 2073 2504 2077 2508
952 0 -1
1645 68 5 69 5 2076 2507 2077 2508
953 0 -1
1648 27 10 29 10 2079 2510 2081 2512
954 0 -1
1649 42 82 44 82 2080 2511 2082 2513
955 0 -1
1650 59 43 59 44 2081 2512 2082 2513
956 0 -1
1656 97 84 94 85 2087 2518 2091 2522
957 0 -1
1657 83 53 85 54 2088 2519 2091 2522
958 0 -1
1659 85 94 89 94 2090 2521 2094 2525
959 0 -1
1660 8 95 9 95 2091 2522 2095 2526
960 0 -1
1661 49 15 52 18 2092 2523 2099 2530
961 0 -1
1662 39 98 44 98 2093 2524 2100 2531
962 0 -1
1663 13 4 16 5 2094 2525 2101 2532
963 0 -1
1664 58 28 58 28 2095 2526 2097 2528
964 0 -1
1665 59 17 59 18 2096 2527 2097 2528
965 0 -1
1668 85 93 86 94 2099 2530 2102 2533
966 0 -1
1671 70 18 78 18 2102 2533 2110 2541
967 0 -1
1672 16 4 17 4 2103 2534 2104 2535
968 0 -1
1673 61 71 63 74 2104 2535 2109 2540
969 0 -1
1675 78 27 78 27 2106 2537 2107 2538
970 0 -1
1676 94 5 94 8 2107 2538 2110 2541
971 0 -1
1678 35 66 37 66 2109 2540 2112 2543
972 0 -1
1679 74 98 78 99 2110 2541 2117 2548
973 0 -1
1680 61 0 61 4 2111 2542 2115 2546
974 0 -1
1683 52 51 55 53 2114 2545 2121 2552
975 0 -1
1685 53 92 56 92 2116 2547 2119 2550
976 0 -1
1686 65 71 66 73 2117 2548 2127 2558
977 0 -1
1687 90 62 93 63 2118 2549 2122 2553
978 0 -1
1688 62 58 63 60 2119 2550 2125 2556
979 0 -1
1690 32 79 32 83 2121 2552 2125 2556
980 0 -1
1691 79 86 80 86 2122 2553 2124 2555
981 0 -1
1692 15 34 18 34 2123 2554 2126 2557
982 0 -1
1694 20 47 20 47 2125 2556 2126 2557
983 0 -1
1695 61 89 62 90 2126 2557 2130 2561
984 0 -1
1696 6 3 6 5 2127 2558 2130 2561
985 0 -1
1697 14 45 16 45 2128 2559 2130 2561
986 0 -1
1698 2 36 3 36 2129 2560 2131 2562
987 0 -1
1700 65 82 66 83 2131 2562 2133 2564
988 0 -1
1702 0 34 11 36 2133 2564 2147 2578
989 0 -1
1703 45 5 46 5 2134 2565 2135 2566
990 0 -1
1704 9 42 9 43 2135 2566 2138 2569
991 0 -1
1709 76 53 77 53 2140 2571 2143 2574
992 0 -1
1712 3 83 5 84 2143 2574 2146 2577
993 0 -1
1714 3 24 3 24 2145 2576 2146 2577
994 0 -1
1717 78 31 82 31 2148 2579 2152 2583
995 0 -1
1718 71 12 72 12 2149 2580 2151 2582
996 0 -1
1720 86 28 88 31 2151 2582 2157 2588
997 0 -1
1722 24 11 24 11 2153 2584 2154 2585
998 0 -1
1723 15 83 15 85 2154 2585 2156 2587
999 0 -1
1725 90 43 90 44 2156 2587 2158 2589
1000 0 -1
1726 42 68 44 69 2157 2588 2160 2591
