100 100 665
16
0 74 3
1 73 26
2 79 20
3 25 94
4 47 76
5 88 12
6 81 72
7 76 28
8 24 8
9 42 69
10 55 23
11 86 59
12 47 50
13 47 56
14 74 53
15 11 9
0
300
1 6 -1
2 23 74 24 76 57 112 60 115
2 7 -1
5 13 62 13 65 60 115 65 120
3 7 -1
7 89 74 89 77 62 117 66 121
4 5 -1
8 52 78 57 82 63 118 72 127
5 11 -1
9 99 72 97 73 64 119 70 125
6 4 -1
10 19 2 23 2 65 120 69 124
7 4 -1
11 25 16 31 16 66 121 72 127
8 7 -1
12 24 24 24 24 67 122 69 124
9 6 -1
13 63 12 63 13 68 123 70 125
10 8 -1
14 48 88 49 89 69 124 72 127
11 14 -1
15 90 73 95 73 70 125 76 131
12 13 -1
17 84 45 87 45 72 127 76 131
13 14 -1
18 6 54 11 55 73 128 79 134
14 10 -1
19 89 28 90 28 74 129 75 130
15 12 -1
20 10 85 10 86 75 130 77 132
16 9 -1
21 23 8 25 8 76 131 78 133
17 15 -1
22 64 33 65 36 77 132 81 136
18 0 -1
24 52 75 54 75 79 134 81 136
19 3 -1
29 7 26 11 28 84 139 90 145
20 7 -1
30 84 15 85 16 85 140 87 142
21 1 -1
31 4 9 6 9 86 141 88 143
22 10 -1
33 3 66 5 68 88 143 94 149
23 6 -1
35 37 28 37 29 90 145 91 146
24 0 -1
36 94 25 96 25 91 146 93 148
25 5 -1
39 21 1 22 1 94 149 95 150
26 12 -1
40 63 19 63 19 95 150 96 151
27 7 -1
41 94 8 96 8 96 151 98 153
28 6 -1
42 53 99 53 99 97 152 98 153
29 8 -1
43 34 85 34 86 98 153 99 154
30 4 -1
45 47 5 48 5 100 155 102 157
31 5 -1
49 35 56 37 57 104 159 107 162
32 4 -1
52 28 7 32 8 107 162 114 169
33 13 -1
53 18 74 19 75 108 163 113 168
34 6 -1
54 32 19 32 20 109 164 110 165
35 6 -1
56 60 24 60 39 111 166 128 183
36 6 -1
57 0 56 2 56 112 167 114 169
37 4 -1
59 40 38 41 38 114 169 115 170
38 9 -1
61 62 74 63 75 116 171 118 173
39 11 -1
62 49 3 55 3 117 172 125 180
40 5 -1
64 10 3 27 5 119 174 138 193
41 13 -1
69 74 80 75 80 124 179 126 181
42 13 -1
71 18 78 21 79 126 181 134 189
43 13 -1
73 94 6 95 6 128 183 133 188
44 7 -1
76 76 65 76 65 131 186 134 189
45 7 -1
78 26 26 27 27 133 188 135 190
46 4 -1
80 31 28 31 29 135 190 138 193
47 7 -1
81 27 24 27 26 136 191 138 193
48 11 -1
82 29 14 35 14 137 192 143 198
49 8 -1
83 1 71 1 71 138 193 143 198
50 11 -1
84 53 56 54 56 139 194 140 195
51 4 -1
86 95 13 90 14 141 196 151 206
52 7 -1
87 26 50 27 50 142 197 143 198
53 4 -1
90 48 13 49 13 145 200 146 201
54 1 -1
91 12 25 14 25 146 201 150 205
55 7 -1
92 20 55 20 56 147 202 148 203
56 15 -1
93 84 20 85 20 148 203 151 206
57 8 -1
94 93 58 98 59 149 204 155 210
58 3 -1
96 62 22 64 22 151 206 153 208
59 9 -1
103 5 38 8 38 158 213 161 216
60 6 -1
105 36 73 37 74 160 215 162 217
61 15 -1
106 44 85 51 86 161 216 171 226
62 7 -1
107 7 50 8 51 162 217 165 220
63 10 -1
108 6 97 10 100 163 218 171 226
64 8 -1
110 62 60 62 64 165 220 173 228
65 0 -1
111 6 96 6 97 166 221 167 222
66 12 -1
114 37 30 40 33 169 224 175 230
67 1 -1
115 28 80 31 80 170 225 175 230
68 11 -1
116 46 69 47 72 171 226 183 238
69 2 -1
119 41 0 42 2 174 229 177 232
70 8 -1
120 24 32 25 32 175 230 176 231
71 11 -1
122 90 98 91 99 177 232 181 236
72 5 -1
123 80 35 81 35 178 233 181 236
73 3 -1
124 87 1 90 2 179 234 183 238
74 6 -1
127 93 86 94 86 182 237 183 238
75 9 -1
128 68 44 68 59 183 238 202 257
76 3 -1
130 79 98 79 99 185 240 186 241
77 15 -1
132 30 34 38 39 187 242 202 257
78 6 -1
134 36 96 37 96 189 244 190 245
79 10 -1
135 66 28 76 28 190 245 201 256
80 1 -1
136 22 46 24 46 191 246 193 248
81 7 -1
139 19 28 19 29 194 249 195 250
82 7 -1
140 31 94 35 94 195 250 199 254
83 12 -1
141 43 54 47 54 196 251 201 256
84 11 -1
144 76 61 78 61 199 254 204 259
85 9 -1
145 4 31 4 31 200 255 202 257
86 0 -1
146 95 63 96 63 201 256 202 257
87 3 -1
147 15 10 16 10 202 257 203 258
88 7 -1
148 62 18 63 18 203 258 204 259
89 8 -1
149 79 41 80 41 204 259 206 261
90 2 -1
150 83 3 89 3 205 260 211 266
91 6 -1
153 61 3 62 3 208 263 209 264
92 10 -1
154 37 78 40 78 209 264 213 268
93 10 -1
155 22 98 23 98 210 265 211 266
94 10 -1
156 56 31 61 31 211 266 216 271
95 15 -1
157 87 49 87 51 212 267 217 272
96 8 -1
160 1 32 2 32 215 270 221 276
97 15 -1
162 39 20 40 20 217 272 218 273
98 9 -1
163 19 59 19 59 218 273 219 274
99 0 -1
166 61 35 63 35 221 276 223 278
100 7 -1
167 99 39 94 39 222 277 227 282
101 3 -1
168 29 67 31 67 223 278 225 280
102 4 -1
169 98 61 98 64 224 279 229 284
103 13 -1
170 50 21 52 24 225 280 230 285
104 2 -1
172 24 54 27 55 227 282 232 287
105 3 -1
173 79 31 84 31 228 283 233 288
106 11 -1
174 33 34 35 34 229 284 231 286
107 8 -1
179 60 1 61 1 234 289 235 290
108 6 -1
183 92 49 92 52 238 293 243 298
109 4 -1
184 72 77 74 77 239 294 241 296
110 1 -1
185 23 43 23 43 240 295 242 297
111 0 -1
186 23 12 29 15 241 296 250 305
112 7 -1
187 21 15 26 15 242 297 248 303
113 5 -1
189 96 43 99 43 244 299 249 304
114 15 -1
190 16 23 21 23 245 300 250 305
115 15 -1
193 85 92 86 92 248 303 249 304
116 5 -1
196 42 83 43 83 251 306 253 308
117 4 -1
197 33 94 34 94 252 307 253 308
118 11 -1
198 25 66 36 71 253 308 271 326
119 9 -1
199 82 34 82 34 254 309 255 310
120 12 -1
200 35 81 35 83 255 310 257 312
121 13 -1
201 24 10 25 10 256 311 257 312
122 1 -1
204 13 24 14 24 259 314 260 315
123 2 -1
208 14 75 15 75 263 318 264 319
124 14 -1
209 57 13 58 13 264 319 265 320
125 13 -1
211 45 21 47 21 266 321 269 324
126 8 -1
212 56 23 56 25 267 322 269 324
127 4 -1
213 2 17 3 21 268 323 276 331
128 13 -1
214 58 92 58 97 269 324 274 329
129 5 -1
218 97 22 99 23 273 328 280 335
130 0 -1
219 81 63 82 63 274 329 276 331
131 2 -1
224 80 53 83 53 279 334 282 337
132 1 -1
225 31 73 31 75 280 335 282 337
133 0 -1
229 31 41 31 41 284 339 290 345
134 0 -1
230 61 20 61 21 285 340 286 341
135 3 -1
231 73 20 76 20 286 341 289 344
136 2 -1
236 81 38 82 38 291 346 293 348
137 13 -1
237 85 95 86 95 292 347 294 349
138 5 -1
240 95 76 90 76 295 350 306 361
139 4 -1
242 37 35 38 36 297 352 299 354
140 5 -1
244 65 1 69 2 299 354 304 359
141 6 -1
245 12 0 12 3 300 355 306 361
142 9 -1
246 32 27 34 27 301 356 304 359
143 8 -1
247 84 63 84 65 302 357 305 360
144 15 -1
248 2 25 4 26 303 358 306 361
145 7 -1
250 95 85 96 86 305 360 307 362
146 11 -1
251 87 25 89 25 306 361 309 364
147 12 -1
253 27 53 28 53 308 363 309 364
148 14 -1
255 54 31 54 33 310 365 312 367
149 9 -1
256 43 28 45 28 311 366 315 370
150 5 -1
257 48 34 48 34 312 367 316 371
151 5 -1
258 26 91 26 91 313 368 314 369
152 14 -1
260 15 71 15 72 315 370 317 372
153 11 -1
261 24 89 27 94 316 371 328 383
154 2 -1
266 19 32 23 32 321 376 325 380
155 2 -1
267 21 89 22 91 322 377 325 380
156 11 -1
268 23 47 25 47 323 378 325 380
157 5 -1
269 27 63 28 63 324 379 325 380
158 6 -1
271 15 99 18 96 326 381 332 387
159 15 -1
272 5 24 5 24 327 382 328 383
160 0 -1
274 0 2 7 2 329 384 342 397
161 14 -1
277 10 14 12 14 332 387 334 389
162 13 -1
278 1 73 7 73 333 388 339 394
163 10 -1
279 65 80 66 80 334 389 338 393
164 4 -1
280 86 52 87 53 335 390 338 393
165 1 -1
283 62 75 62 76 338 393 339 394
166 8 -1
285 4 44 7 44 340 395 343 398
167 5 -1
286 22 32 25 32 341 396 344 399
168 0 -1
289 40 59 43 59 344 399 347 402
169 3 -1
293 36 59 39 59 348 403 352 407
170 15 -1
294 57 57 58 57 349 404 350 405
171 2 -1
295 69 70 69 70 350 405 352 407
172 9 -1
296 55 88 56 90 351 406 355 410
173 13 -1
303 51 10 56 14 358 413 367 422
174 3 -1
305 3 88 7 88 360 415 365 420
175 14 -1
306 14 22 15 22 361 416 362 417
176 4 -1
307 4 50 5 50 362 417 364 419
177 9 -1
310 30 37 31 39 365 420 369 424
178 1 -1
311 55 80 57 80 366 421 370 425
179 10 -1
312 88 95 88 99 367 422 376 431
180 7 -1
313 21 12 21 12 368 423 369 424
181 7 -1
315 60 98 60 99 370 425 372 427
182 7 -1
320 16 93 28 93 375 430 391 446
183 7 -1
321 83 76 86 76 376 431 379 434
184 13 -1
323 27 79 38 80 378 433 391 446
185 11 -1
325 45 54 46 56 380 435 388 443
186 10 -1
326 22 87 23 87 381 436 382 437
187 9 -1
327 53 9 55 10 382 437 385 440
188 2 -1
328 96 2 98 4 383 438 388 443
189 2 -1
329 45 40 47 40 384 439 387 442
190 7 -1
330 46 15 46 17 385 440 390 445
191 0 -1
337 64 86 75 86 392 447 405 460
192 2 -1
340 41 52 43 52 395 450 398 453
193 2 -1
342 50 55 51 55 397 452 398 453
194 2 -1
343 65 73 68 73 398 453 401 456
195 5 -1
345 71 55 75 55 400 455 412 467
196 6 -1
349 44 45 45 45 404 459 405 460
197 5 -1
351 24 31 24 32 406 461 407 462
198 1 -1
354 18 18 20 20 409 464 415 470
199 6 -1
356 25 64 25 64 411 466 412 467
200 15 -1
357 58 5 59 6 412 467 416 471
201 13 -1
358 97 28 99 30 413 468 420 475
202 2 -1
359 90 4 90 6 414 469 417 472
203 8 -1
360 88 70 89 71 415 470 417 472
204 5 -1
361 12 36 14 39 416 471 422 477
205 4 -1
363 9 31 10 31 418 473 419 474
206 2 -1
364 99 44 98 44 419 474 420 475
207 3 -1
365 47 34 49 34 420 475 422 477
208 13 -1
367 7 37 9 39 422 477 428 483
209 12 -1
371 87 3 88 3 426 481 427 482
210 5 -1
372 51 36 52 36 427 482 435 490
211 8 -1
373 97 11 99 12 428 483 431 486
212 3 -1
374 40 10 40 11 429 484 430 485
213 6 -1
375 45 78 46 78 430 485 431 486
214 0 -1
377 22 67 23 67 432 487 433 488
215 14 -1
379 53 16 54 16 434 489 435 490
216 9 -1
380 26 93 26 94 435 490 436 491
217 1 -1
381 98 58 99 60 436 491 441 496
218 11 -1
382 55 10 57 10 437 492 439 494
219 9 -1
383 79 46 79 47 438 493 439 494
220 3 -1
388 35 10 36 10 443 498 444 499
221 15 -1
391 86 73 88 73 446 501 448 503
222 8 -1
392 12 39 12 41 447 502 449 504
223 0 -1
394 90 44 91 46 449 504 452 507
224 1 -1
396 49 90 53 91 451 506 456 511
225 2 -1
397 32 73 32 74 452 507 453 508
226 11 -1
400 81 40 82 41 455 510 457 512
227 0 -1
401 80 84 81 85 456 511 458 513
228 6 -1
403 49 69 50 69 458 513 463 518
229 0 -1
404 55 72 55 73 459 514 461 516
230 10 -1
407 34 75 34 76 462 517 463 518
231 13 -1
408 28 15 29 16 463 518 466 521
232 15 -1
411 31 23 31 25 466 521 468 523
233 0 -1
412 94 59 94 59 467 522 468 523
234 15 -1
414 48 87 49 87 469 524 470 525
235 12 -1
418 97 58 98 58 473 528 474 529
236 1 -1
420 54 50 54 51 475 530 476 531
237 10 -1
421 91 62 93 62 476 531 478 533
238 5 -1
423 95 93 96 93 478 533 479 534
239 2 -1
426 47 90 52 90 481 536 486 541
240 8 -1
428 55 39 55 40 483 538 485 540
241 10 -1
433 97 94 99 94 488 543 490 545
242 14 -1
437 14 48 15 48 492 547 493 548
243 8 -1
439 77 41 78 42 494 549 496 551
244 4 -1
441 56 50 57 51 496 551 504 559
245 12 -1
446 37 72 41 72 501 556 505 560
246 14 -1
448 53 61 53 63 503 558 506 561
247 3 -1
450 36 83 37 89 505 560 513 568
248 11 -1
452 46 59 47 61 507 562 510 565
249 5 -1
455 74 15 74 17 510 565 513 568
250 7 -1
460 86 19 91 20 515 570 521 576
251 13 -1
461 28 86 28 88 516 571 518 573
252 13 -1
462 70 82 73 82 517 572 520 575
253 0 -1
464 54 62 56 62 519 574 521 576
254 12 -1
469 60 65 62 65 524 579 526 581
255 7 -1
471 0 49 5 55 526 581 537 592
256 1 -1
475 6 32 7 33 530 585 532 587
257 1 -1
478 91 89 93 89 533 588 537 592
258 7 -1
479 80 46 80 47 534 589 536 591
259 15 -1
480 31 38 39 38 535 590 543 598
260 13 -1
481 90 26 90 28 536 591 542 597
261 0 -1
482 27 60 28 60 537 592 538 593
262 4 -1
484 63 63 66 63 539 594 543 598
263 8 -1
486 25 71 28 71 541 596 544 599
264 12 -1
488 54 90 55 90 543 598 546 601
265 3 -1
489 67 25 69 31 544 599 557 612
266 3 -1
491 76 52 78 52 546 601 548 603
267 9 -1
493 90 48 90 49 548 603 549 604
268 13 -1
496 35 42 36 42 551 606 552 607
269 2 -1
501 89 27 89 28 556 611 558 613
270 2 -1
502 16 75 17 78 557 612 561 616
271 4 -1
505 78 94 78 96 560 615 562 617
272 12 -1
506 87 65 89 66 561 616 566 621
273 9 -1
507 43 49 43 49 562 617 563 618
274 5 -1
509 66 55 66 55 564 619 565 620
275 7 -1
511 53 92 54 92 566 621 568 623
276 1 -1
512 10 3 11 3 567 622 568 623
277 0 -1
515 25 41 28 41 570 625 573 628
278 0 -1
516 60 44 73 44 571 626 584 639
279 4 -1
517 87 76 91 76 572 627 576 631
280 3 -1
518 38 9 38 11 573 628 575 630
281 9 -1
520 11 89 11 89 575 630 576 631
282 13 -1
522 64 30 72 30 577 632 586 641
283 5 -1
523 57 32 57 33 578 633 579 634
284 5 -1
525 1 23 1 24 580 635 582 637
285 13 -1
526 76 83 78 83 581 636 583 638
286 4 -1
528 79 20 84 20 583 638 588 643
287 3 -1
530 97 24 97 26 585 640 589 644
288 11 -1
533 86 22 88 22 588 643 590 645
289 0 -1
535 52 94 52 96 590 645 593 648
290 13 -1
536 22 92 24 92 591 646 593 648
291 5 -1
537 9 62 10 62 592 647 593 648
292 12 -1
538 17 55 18 57 593 648 596 651
293 5 -1
540 52 41 53 43 595 650 599 654
294 11 -1
541 79 32 81 33 596 651 599 654
295 1 -1
542 68 94 72 95 597 652 605 660
296 8 -1
543 1 29 3 29 598 653 600 655
297 11 -1
546 92 21 92 21 601 656 603 658
298 15 -1
547 29 73 29 73 602 657 604 659
299 7 -1
550 1 80 1 81 605 660 606 661
300 0 -1
552 91 40 94 40 607 662 610 665
