100 100 1797
16
0 67 33
1 53 79
2 1 68
3 87 47
4 28 68
5 28 96
6 94 41
7 50 43
8 68 10
9 55 79
10 34 20
11 13 71
12 79 92
13 45 7
14 69 62
15 64 51
64
0 0 0 100 6
0
1 0 0 100 6
0
2 0 0 100 6
0
3 0 0 100 6
0
4 1 0 100 6
0
5 1 0 100 6
0
6 1 0 100 6
0
7 1 0 100 6
0
8 2 0 100 6
0
9 2 0 100 6
0
10 2 0 100 6
0
11 2 0 100 6
0
12 3 0 100 6
0
13 3 0 100 6
0
14 3 0 100 6
0
15 3 0 100 6
0
16 4 0 100 6
0
17 4 0 100 6
0
18 4 0 100 6
0
19 4 0 100 6
0
20 5 0 100 6
0
21 5 0 100 6
0
22 5 0 100 6
0
23 5 0 100 6
0
24 6 0 100 6
0
25 6 0 100 6
0
26 6 0 100 6
0
27 6 0 100 6
0
28 7 0 100 6
0
29 7 0 100 6
0
30 7 0 100 6
0
31 7 0 100 6
0
32 8 0 100 6
0
33 8 0 100 6
0
34 8 0 100 6
0
35 8 0 100 6
0
36 9 0 100 6
0
37 9 0 100 6
0
38 9 0 100 6
0
39 9 0 100 6
0
40 10 0 100 6
0
41 10 0 100 6
0
42 10 0 100 6
0
43 10 0 100 6
0
44 11 0 100 6
0
45 11 0 100 6
0
46 11 0 100 6
0
47 11 0 100 6
0
48 12 0 100 6
0
49 12 0 100 6
0
50 12 0 100 6
0
51 12 0 100 6
0
52 13 0 100 6
0
53 13 0 100 6
0
54 13 0 100 6
0
55 13 0 100 6
0
56 14 0 100 6
0
57 14 0 100 6
0
58 14 0 100 6
0
59 14 0 100 6
0
60 15 0 100 6
0
61 15 0 100 6
0
62 15 0 100 6
0
63 15 0 100 6
0
1000
1 6 -1
2 27 45 30 45 36 70 39 73
2 4 -1
5 58 49 62 49 39 73 44 78
3 6 -1
7 64 88 67 88 41 75 45 79
4 7 -1
8 97 53 97 59 42 76 51 85
5 2 -1
9 13 76 14 78 43 77 49 83
6 10 -1
10 98 12 96 12 44 78 48 82
7 2 -1
11 67 98 69 100 45 79 51 85
8 10 -1
12 49 16 49 18 46 80 48 82
9 15 -1
13 50 89 51 89 47 81 49 83
10 11 -1
14 34 32 34 32 48 82 51 85
11 11 -1
15 53 18 53 23 49 83 55 89
12 1 -1
17 84 77 85 80 51 85 55 89
13 11 -1
18 25 64 29 64 52 86 58 92
14 5 -1
19 81 4 81 5 53 87 54 88
15 11 -1
20 97 67 97 67 54 88 56 90
16 4 -1
21 70 87 70 88 55 89 57 91
17 14 -1
22 44 46 45 49 56 90 60 94
18 5 -1
24 52 43 53 44 58 92 60 94
19 2 -1
29 46 46 47 50 63 97 69 103
20 2 -1
30 44 92 44 94 64 98 66 100
21 9 -1
31 37 27 39 27 65 99 67 101
22 15 -1
33 40 78 43 78 67 101 73 107
23 0 -1
35 65 56 66 56 69 103 70 104
24 15 -1
36 66 83 68 83 70 104 72 106
25 11 -1
39 22 76 22 77 73 107 74 108
26 13 -1
40 81 10 82 10 74 108 75 109
27 4 -1
41 71 75 72 76 75 109 77 111
28 10 -1
42 57 97 57 97 76 110 77 111
29 14 -1
43 72 7 72 7 77 111 78 112
30 14 -1
45 31 8 33 8 79 113 81 115
31 11 -1
49 43 20 44 22 83 117 86 120
32 12 -1
52 81 19 84 23 86 120 93 127
33 1 -1
53 12 66 13 69 87 121 92 126
34 12 -1
54 94 4 94 5 88 122 89 123
35 5 -1
56 79 64 83 76 90 124 107 141
36 2 -1
57 90 2 90 3 91 125 93 127
37 5 -1
59 72 50 73 50 93 127 94 128
38 9 -1
61 30 12 31 12 95 129 97 131
39 13 -1
62 94 97 99 100 96 130 104 138
40 6 -1
64 12 45 16 60 98 132 117 151
41 15 -1
69 78 55 80 55 103 137 105 139
42 4 -1
71 81 16 84 20 105 139 113 147
43 3 -1
73 69 59 72 60 107 141 112 146
44 7 -1
76 42 9 44 9 110 144 113 147
45 3 -1
78 15 20 15 21 112 146 114 148
46 1 -1
80 74 83 77 83 114 148 117 151
47 15 -1
81 0 86 2 86 115 149 117 151
48 10 -1
82 90 96 91 97 116 150 122 156
49 15 -1
83 79 96 82 98 117 151 122 156
50 15 -1
84 77 64 77 64 118 152 119 153
51 4 -1
86 72 92 72 99 120 154 130 164
52 14 -1
87 85 37 85 37 121 155 122 156
53 12 -1
90 98 73 98 73 124 158 125 159
54 9 -1
91 61 16 61 17 125 159 129 163
55 15 -1
92 8 14 8 14 126 160 127 161
56 1 -1
93 33 35 33 37 127 161 130 164
57 0 -1
94 36 15 40 17 128 162 134 168
58 7 -1
96 96 92 98 92 130 164 132 166
59 0 -1
103 90 25 93 25 137 171 140 174
60 1 -1
105 32 52 33 52 139 173 141 175
61 5 -1
106 30 25 36 26 140 174 150 184
62 0 -1
107 69 68 71 69 141 175 144 178
63 10 -1
108 0 9 3 13 142 176 150 184
64 7 -1
110 29 59 30 59 144 178 152 186
65 7 -1
111 90 54 91 54 145 179 146 180
66 6 -1
114 5 99 8 99 148 182 154 188
67 13 -1
115 85 80 87 80 149 183 154 188
68 0 -1
116 70 95 74 96 150 184 162 196
69 15 -1
119 75 68 78 68 153 187 156 190
70 13 -1
120 13 28 14 28 154 188 155 189
71 4 -1
122 23 6 24 9 156 190 160 194
72 0 -1
123 69 18 72 18 157 191 160 194
73 0 -1
124 37 22 41 22 158 192 162 196
74 13 -1
127 39 3 39 4 161 195 162 196
75 2 -1
128 24 19 37 19 162 196 181 215
76 0 -1
130 22 20 22 20 164 198 165 199
77 0 -1
132 98 65 92 68 166 200 181 215
78 12 -1
134 97 87 98 87 168 202 169 203
79 3 -1
135 51 79 52 87 169 203 180 214
80 3 -1
136 27 35 28 35 170 204 172 206
81 15 -1
139 61 0 61 1 173 207 174 208
82 13 -1
140 99 13 96 14 174 208 178 212
83 12 -1
141 35 54 40 54 175 209 180 214
84 4 -1
144 36 47 37 50 178 212 183 217
85 14 -1
145 17 77 17 77 179 213 181 215
86 2 -1
146 96 74 96 75 180 214 181 215
87 5 -1
147 34 22 35 22 181 215 182 216
88 9 -1
148 2 89 2 90 182 216 183 217
89 12 -1
149 87 91 89 91 183 217 185 219
90 6 -1
150 62 54 67 54 184 218 190 224
91 14 -1
153 60 78 61 78 187 221 188 222
92 8 -1
154 58 44 62 44 188 222 192 226
93 6 -1
155 82 14 83 14 189 223 190 224
94 0 -1
156 99 85 95 85 190 224 195 229
95 8 -1
157 50 96 53 98 191 225 196 230
96 12 -1
160 41 76 41 80 194 228 200 234
97 5 -1
162 71 9 72 9 196 230 197 231
98 5 -1
163 0 18 1 18 197 231 198 232
99 4 -1
166 5 79 6 80 200 234 202 236
100 7 -1
167 44 33 46 34 201 235 206 240
101 2 -1
168 31 69 31 71 202 236 204 238
102 14 -1
169 76 7 78 9 203 237 208 242
103 7 -1
170 70 36 74 37 204 238 209 243
104 15 -1
172 99 8 96 10 206 240 211 245
105 2 -1
173 87 16 89 19 207 241 212 246
106 8 -1
174 16 36 16 38 208 242 210 244
107 7 -1
179 55 77 55 77 213 247 214 248
108 12 -1
183 7 93 10 95 217 251 222 256
109 4 -1
184 83 79 85 79 218 252 220 254
110 15 -1
185 44 21 44 22 219 253 221 255
111 0 -1
186 40 98 49 98 220 254 229 263
112 5 -1
187 25 83 29 83 221 255 227 261
113 11 -1
189 8 86 9 90 223 257 228 262
114 7 -1
190 21 72 24 73 224 258 229 263
115 3 -1
193 26 93 26 94 227 261 228 262
116 5 -1
196 14 25 14 26 230 264 232 266
117 12 -1
197 8 43 9 43 231 265 232 266
118 4 -1
198 79 3 86 3 232 266 250 284
119 8 -1
199 54 50 54 50 233 267 234 268
120 9 -1
200 4 87 6 87 234 268 236 270
121 12 -1
201 99 13 99 14 235 269 236 270
122 8 -1
204 68 34 69 34 238 272 239 273
123 14 -1
208 27 90 28 90 242 276 243 277
124 3 -1
209 1 68 1 69 243 277 244 278
125 4 -1
211 42 94 44 95 245 279 248 282
126 13 -1
212 43 18 43 18 246 280 248 282
127 9 -1
213 35 33 37 36 247 281 255 289
128 4 -1
214 98 8 99 12 248 282 253 287
129 4 -1
218 50 98 56 98 252 286 259 293
130 7 -1
219 61 68 61 69 253 287 255 289
131 3 -1
224 29 81 31 82 258 292 261 295
132 6 -1
225 98 75 96 75 259 293 261 295
133 7 -1
229 3 27 6 27 263 297 269 303
134 4 -1
230 60 24 61 24 264 298 265 299
135 14 -1
231 63 87 66 87 265 299 268 302
136 10 -1
236 10 43 11 44 270 304 272 306
137 12 -1
237 81 64 81 65 271 305 273 307
138 14 -1
240 98 69 92 72 274 308 285 319
139 9 -1
242 56 8 57 8 276 310 278 312
140 3 -1
244 57 31 62 31 278 312 283 317
141 4 -1
245 50 64 53 67 279 313 285 319
142 8 -1
246 73 97 76 97 280 314 283 317
143 2 -1
247 27 87 30 87 281 315 284 318
144 11 -1
248 25 82 27 83 282 316 285 319
145 6 -1
250 39 10 39 10 284 318 286 320
146 7 -1
251 0 73 2 73 285 319 288 322
147 4 -1
253 19 63 20 63 287 321 288 322
148 3 -1
255 41 60 41 60 289 323 291 325
149 14 -1
256 37 39 38 41 290 324 294 328
150 8 -1
257 69 94 72 94 291 325 295 329
151 15 -1
258 32 25 32 26 292 326 293 327
152 6 -1
260 37 38 38 38 294 328 296 330
153 1 -1
261 28 67 33 69 295 329 307 341
154 3 -1
266 26 99 26 99 300 334 304 338
155 6 -1
267 93 49 96 49 301 335 304 338
156 8 -1
268 67 65 67 65 302 336 304 338
157 1 -1
269 66 37 67 37 303 337 304 338
158 3 -1
271 31 44 32 46 305 339 311 345
159 2 -1
272 51 62 52 62 306 340 307 341
160 15 -1
274 40 30 44 36 308 342 321 355
161 1 -1
277 37 3 37 5 311 345 313 347
162 10 -1
278 87 32 91 34 312 346 318 352
163 1 -1
279 38 92 41 92 313 347 317 351
164 13 -1
280 72 47 72 48 314 348 317 351
165 3 -1
283 98 56 98 56 317 351 318 352
166 10 -1
285 65 32 66 34 319 353 322 356
167 3 -1
286 25 98 28 98 320 354 323 357
168 12 -1
289 82 55 84 56 323 357 326 360
169 3 -1
293 85 72 85 74 327 361 331 365
170 4 -1
294 18 76 18 77 328 362 329 363
171 10 -1
295 2 24 4 24 329 363 331 365
172 10 -1
296 89 31 90 31 330 364 334 368
173 0 -1
303 77 83 84 84 337 371 346 380
174 15 -1
305 60 2 63 4 339 373 344 378
175 15 -1
306 50 38 51 38 340 374 341 375
176 7 -1
307 68 64 69 64 341 375 343 377
177 0 -1
310 64 5 66 6 344 378 348 382
178 0 -1
311 74 54 78 54 345 379 349 383
179 14 -1
312 38 7 42 8 346 380 355 389
180 9 -1
313 10 98 11 98 347 381 348 382
181 3 -1
315 19 18 21 18 349 383 351 385
182 2 -1
320 2 84 10 87 354 388 370 404
183 3 -1
321 62 50 64 51 355 389 358 392
184 13 -1
323 12 6 25 6 357 391 370 404
185 9 -1
325 39 96 42 96 359 393 367 401
186 15 -1
326 19 35 20 35 360 394 361 395
187 8 -1
327 79 44 80 44 361 395 364 398
188 9 -1
328 11 33 11 37 362 396 367 401
189 14 -1
329 44 99 44 97 363 397 366 400
190 8 -1
330 55 13 57 16 364 398 369 403
191 12 -1
337 78 62 83 68 371 405 384 418
192 6 -1
340 61 88 62 89 374 408 377 411
193 2 -1
342 91 82 92 82 376 410 377 411
194 14 -1
343 8 52 10 53 377 411 380 414
195 5 -1
345 86 98 88 99 379 413 391 425
196 15 -1
349 69 37 70 37 383 417 384 418
197 1 -1
351 62 83 63 83 385 419 386 420
198 7 -1
354 58 9 58 10 388 422 394 428
199 1 -1
356 89 31 90 31 390 424 391 425
200 11 -1
357 92 73 93 75 391 425 395 429
201 7 -1
358 54 94 55 95 392 426 399 433
202 7 -1
359 36 78 39 78 393 427 396 430
203 14 -1
360 52 24 54 24 394 428 396 430
204 14 -1
361 15 76 16 80 395 429 401 435
205 11 -1
363 52 29 52 29 397 431 398 432
206 14 -1
364 16 1 16 2 398 432 399 433
207 12 -1
365 25 88 25 89 399 433 401 435
208 10 -1
367 16 54 21 55 401 435 407 441
209 1 -1
371 73 23 73 23 405 439 406 440
210 3 -1
372 31 41 36 43 406 440 414 448
211 12 -1
373 27 35 27 38 407 441 410 444
212 3 -1
374 49 28 50 28 408 442 409 443
213 14 -1
375 59 47 59 48 409 443 410 444
214 2 -1
377 63 5 64 5 411 445 412 446
215 15 -1
379 40 64 40 64 413 447 414 448
216 8 -1
380 90 77 90 77 414 448 415 449
217 3 -1
381 33 9 35 9 415 449 420 454
218 3 -1
382 1 22 3 22 416 450 418 452
219 3 -1
383 26 22 27 22 417 451 418 452
220 14 -1
388 47 47 47 48 422 456 423 457
221 1 -1
391 2 7 2 7 425 459 427 461
222 9 -1
392 31 74 31 76 426 460 428 462
223 6 -1
394 15 46 15 47 428 462 431 465
224 1 -1
396 7 3 12 3 430 464 435 469
225 3 -1
397 74 51 75 51 431 465 432 466
226 14 -1
400 31 71 32 72 434 468 436 470
227 4 -1
401 61 53 61 53 435 469 437 471
228 2 -1
403 98 90 93 90 437 471 442 476
229 12 -1
404 45 23 45 24 438 472 440 474
230 0 -1
407 49 3 50 3 441 475 442 476
231 13 -1
408 34 61 37 61 442 476 445 479
232 11 -1
411 63 7 64 7 445 479 447 481
233 14 -1
412 60 76 60 76 446 480 447 481
234 2 -1
414 72 72 72 72 448 482 449 483
235 5 -1
418 53 55 54 55 452 486 453 487
236 10 -1
420 14 39 14 39 454 488 455 489
237 14 -1
421 30 87 31 87 455 489 457 491
238 7 -1
423 46 64 46 65 457 491 458 492
239 10 -1
426 51 68 51 71 460 494 465 499
240 10 -1
428 14 6 15 7 462 496 464 498
241 6 -1
433 74 72 76 72 467 501 469 503
242 6 -1
437 21 62 22 62 471 505 472 506
243 11 -1
439 30 13 32 13 473 507 475 509
244 10 -1
441 23 75 29 77 475 509 483 517
245 14 -1
446 88 66 89 66 480 514 484 518
246 15 -1
448 25 27 27 27 482 516 485 519
247 8 -1
450 99 11 99 11 484 518 492 526
248 12 -1
452 37 33 40 33 486 520 489 523
249 1 -1
455 39 18 41 19 489 523 492 526
250 2 -1
460 33 96 36 98 494 528 500 534
251 12 -1
461 42 55 43 55 495 529 497 531
252 13 -1
462 85 92 88 92 496 530 499 533
253 1 -1
464 70 10 70 11 498 532 500 534
254 4 -1
469 45 39 46 40 503 537 505 539
255 14 -1
471 90 0 80 0 505 539 516 550
256 7 -1
475 62 16 64 16 509 543 511 545
257 0 -1
478 89 73 92 73 512 546 516 550
258 9 -1
479 18 92 19 93 513 547 515 549
259 10 -1
480 93 97 94 91 514 548 522 556
260 12 -1
481 56 99 60 100 515 549 521 555
261 4 -1
482 13 30 14 30 516 550 517 551
262 12 -1
484 16 89 19 90 518 552 522 556
263 12 -1
486 89 53 92 53 520 554 523 557
264 10 -1
488 11 84 13 85 522 556 525 559
265 9 -1
489 83 72 85 82 523 557 536 570
266 6 -1
491 84 97 85 97 525 559 527 561
267 9 -1
493 23 96 23 97 527 561 528 562
268 12 -1
496 88 69 89 69 530 564 531 565
269 3 -1
501 23 15 23 17 535 569 537 571
270 11 -1
502 43 25 45 27 536 570 540 574
271 9 -1
505 46 40 47 41 539 573 541 575
272 12 -1
506 10 53 12 55 540 574 545 579
273 5 -1
507 30 70 31 70 541 575 542 576
274 13 -1
509 8 67 9 67 543 577 544 578
275 8 -1
511 88 54 88 56 545 579 547 581
276 13 -1
512 67 33 68 33 546 580 547 581
277 9 -1
515 87 97 89 97 549 583 552 586
278 10 -1
516 64 91 70 95 550 584 563 597
279 14 -1
517 98 25 94 25 551 585 555 589
280 9 -1
518 67 77 69 77 552 586 554 588
281 13 -1
520 23 76 24 76 554 588 555 589
282 1 -1
522 82 62 83 67 556 590 565 599
283 3 -1
523 42 96 42 97 557 591 558 592
284 6 -1
525 97 60 97 62 559 593 561 595
285 9 -1
526 19 84 21 84 560 594 562 596
286 5 -1
528 7 59 8 61 562 596 567 601
287 0 -1
530 68 92 71 92 564 598 568 602
288 0 -1
533 93 90 93 90 567 601 569 603
289 10 -1
535 81 46 83 46 569 603 572 606
290 13 -1
536 25 60 25 62 570 604 572 606
291 2 -1
537 25 4 25 5 571 605 572 606
292 5 -1
538 23 64 26 64 572 606 575 609
293 11 -1
540 14 67 17 68 574 608 578 612
294 2 -1
541 52 1 55 1 575 609 578 612
295 11 -1
542 27 85 31 89 576 610 584 618
296 9 -1
543 81 26 83 26 577 611 579 613
297 13 -1
546 66 58 68 58 580 614 582 616
298 7 -1
547 87 47 87 49 581 615 583 617
299 0 -1
550 55 49 55 50 584 618 585 619
300 5 -1
552 95 6 97 6 586 620 589 623
301 1 -1
553 20 10 20 12 587 621 589 623
302 6 -1
555 72 61 73 62 589 623 594 628
303 7 -1
556 92 22 94 22 590 624 592 626
304 10 -1
558 12 76 12 76 592 626 593 627
305 0 -1
559 28 5 31 5 593 627 598 632
306 11 -1
560 89 76 91 76 594 628 596 630
307 12 -1
562 47 33 47 34 596 630 597 631
308 1 -1
565 41 85 41 88 599 633 603 637
309 11 -1
566 44 19 44 22 600 634 604 638
310 8 -1
567 4 33 4 34 601 635 602 636
311 3 -1
570 18 55 21 55 604 638 608 642
312 12 -1
572 83 34 86 34 606 640 609 643
313 3 -1
573 2 56 2 56 607 641 610 644
314 5 -1
575 9 44 10 45 609 643 611 645
315 6 -1
577 23 83 24 83 611 645 612 646
316 12 -1
578 92 0 93 1 612 646 614 648
317 6 -1
579 2 96 4 98 613 647 618 652
318 5 -1
580 5 56 5 56 614 648 615 649
319 10 -1
585 30 56 30 56 619 653 622 656
320 9 -1
588 38 11 41 12 622 656 627 661
321 15 -1
589 16 6 23 14 623 657 638 672
322 12 -1
592 69 38 70 38 626 660 627 661
323 2 -1
594 18 11 18 11 628 662 630 664
324 4 -1
595 69 60 73 68 629 663 644 678
325 2 -1
596 64 37 68 37 630 664 634 668
326 14 -1
597 55 71 61 73 631 665 639 673
327 6 -1
599 1 87 7 89 633 667 641 675
328 4 -1
600 84 69 84 69 634 668 637 671
329 5 -1
601 25 91 25 91 635 669 637 671
330 9 -1
603 6 67 6 67 637 671 639 673
331 8 -1
608 31 62 32 62 642 676 645 679
332 1 -1
609 3 67 3 68 643 677 644 678
333 0 -1
610 28 8 28 8 644 678 649 683
334 6 -1
611 73 25 77 25 645 679 649 683
335 11 -1
613 75 26 75 31 647 681 655 689
336 12 -1
614 54 12 58 14 648 682 654 688
337 13 -1
615 39 53 40 53 649 683 650 684
338 10 -1
616 63 62 65 62 650 684 652 686
339 6 -1
619 72 25 75 27 653 687 658 692
340 8 -1
620 83 32 83 34 654 688 656 690
341 3 -1
621 46 9 48 10 655 689 660 694
342 4 -1
622 65 92 65 92 656 690 659 693
343 9 -1
623 46 71 46 73 657 691 659 693
344 8 -1
624 99 64 98 64 658 692 659 693
345 12 -1
625 46 61 46 62 659 693 661 695
346 8 -1
628 14 93 15 93 662 696 663 697
347 0 -1
629 85 69 85 73 663 697 668 702
348 9 -1
630 27 41 27 42 664 698 665 699
349 8 -1
634 87 77 88 77 668 702 669 703
350 11 -1
635 61 11 63 11 669 703 671 705
351 8 -1
636 73 49 75 49 670 704 672 706
352 4 -1
637 16 23 18 23 671 705 673 707
353 5 -1
639 63 16 63 16 673 707 674 708
354 12 -1
640 72 24 74 24 674 708 676 710
355 14 -1
641 1 7 2 7 675 709 677 711
356 11 -1
643 14 4 16 7 677 711 683 717
357 14 -1
645 96 15 96 16 679 713 681 715
358 1 -1
646 0 97 0 99 680 714 682 716
359 2 -1
648 15 26 16 26 682 716 683 717
360 9 -1
649 95 35 89 39 683 717 693 727
361 13 -1
650 70 41 71 41 684 718 685 719
362 4 -1
651 72 5 75 6 685 719 689 723
363 13 -1
652 77 0 91 0 686 720 701 735
364 0 -1
653 35 68 36 68 687 721 688 722
365 0 -1
656 0 19 0 20 690 724 691 725
366 10 -1
662 46 25 48 25 696 730 698 732
367 6 -1
663 39 99 46 100 697 731 705 739
368 0 -1
664 3 64 5 64 698 732 700 734
369 13 -1
665 57 12 58 12 699 733 700 734
370 12 -1
666 98 85 98 85 700 734 702 736
371 3 -1
667 57 85 59 85 701 735 704 738
372 14 -1
669 19 74 19 75 703 737 704 738
373 4 -1
672 35 6 38 7 706 740 710 744
374 9 -1
673 12 66 13 66 707 741 709 743
375 12 -1
674 8 21 9 23 708 742 712 746
376 0 -1
675 79 45 84 45 709 743 714 748
377 4 -1
678 9 87 9 87 712 746 713 747
378 13 -1
679 7 42 10 42 713 747 716 750
379 0 -1
680 98 25 98 28 714 748 720 754
380 3 -1
681 79 71 81 71 715 749 717 751
381 11 -1
682 12 58 12 58 716 750 718 752
382 12 -1
684 31 66 33 66 718 752 720 754
383 5 -1
685 17 57 17 61 719 753 724 758
384 12 -1
687 66 48 68 48 721 755 726 760
385 10 -1
688 43 39 45 39 722 756 724 758
386 12 -1
689 66 94 66 94 723 757 725 759
387 14 -1
690 13 12 13 13 724 758 726 760
388 11 -1
691 12 29 12 30 725 759 727 761
389 7 -1
692 89 96 91 96 726 760 728 762
390 11 -1
694 62 8 65 8 728 762 731 765
391 8 -1
696 96 53 98 53 730 764 732 766
392 10 -1
698 60 32 62 35 732 766 737 771
393 6 -1
700 65 58 65 59 734 768 735 769
394 1 -1
701 77 22 77 22 735 769 736 770
395 3 -1
702 23 35 30 35 736 770 743 777
396 1 -1
703 27 99 27 100 737 771 739 773
397 0 -1
704 80 94 82 94 738 772 740 774
398 10 -1
705 65 62 65 64 739 773 743 777
399 5 -1
706 21 29 23 29 740 774 742 776
400 5 -1
707 96 52 97 53 741 775 745 779
401 9 -1
708 3 28 10 28 742 776 749 783
402 14 -1
710 28 21 28 22 744 778 747 781
403 7 -1
712 42 83 43 83 746 780 747 781
404 8 -1
714 78 27 79 27 748 782 749 783
405 10 -1
716 3 50 3 50 750 784 751 785
406 3 -1
718 35 14 36 21 752 786 760 794
407 3 -1
719 85 48 86 48 753 787 754 788
408 1 -1
720 67 0 67 2 754 788 756 790
409 8 -1
722 12 7 14 7 756 790 758 792
410 8 -1
724 57 33 57 33 758 792 760 794
411 3 -1
725 49 64 58 64 759 793 770 804
412 4 -1
726 66 64 69 64 760 794 764 798
413 2 -1
727 93 69 96 69 761 795 764 798
414 12 -1
728 15 46 16 48 762 796 767 801
415 9 -1
729 52 80 53 80 763 797 764 798
416 15 -1
731 48 16 48 17 765 799 766 800
417 4 -1
733 89 37 91 37 767 801 769 803
418 4 -1
734 89 56 90 57 768 802 770 804
419 0 -1
735 58 30 61 30 769 803 772 806
420 15 -1
736 12 16 13 17 770 804 772 806
421 11 -1
737 18 96 21 96 771 805 774 808
422 6 -1
742 66 21 70 22 776 810 781 815
423 10 -1
744 98 26 96 26 778 812 780 814
424 9 -1
745 81 31 86 31 779 813 784 818
425 7 -1
748 40 79 41 79 782 816 784 818
426 11 -1
750 11 93 12 93 784 818 785 819
427 14 -1
751 78 79 79 79 785 819 786 820
428 4 -1
752 78 44 79 44 786 820 789 823
429 1 -1
753 40 44 40 45 787 821 788 822
430 4 -1
754 57 44 59 47 788 822 794 828
431 13 -1
755 25 37 26 38 789 823 791 825
432 5 -1
757 44 7 45 8 791 825 793 827
433 9 -1
758 42 22 47 23 792 826 800 834
434 9 -1
759 16 54 18 54 793 827 795 829
435 1 -1
760 98 7 98 7 794 828 795 829
436 13 -1
766 25 59 27 59 800 834 802 836
437 15 -1
767 22 90 22 91 801 835 803 837
438 9 -1
768 67 92 68 94 802 836 805 839
439 4 -1
771 75 56 76 56 805 839 806 840
440 15 -1
772 77 19 78 20 806 840 808 842
441 0 -1
773 38 34 38 36 807 841 810 844
442 4 -1
775 55 10 58 10 809 843 814 848
443 9 -1
777 53 82 53 82 811 845 813 847
444 14 -1
778 67 73 69 73 812 846 814 848
445 8 -1
779 98 71 95 71 813 847 816 850
446 7 -1
781 32 2 33 2 815 849 816 850
447 10 -1
782 15 24 17 26 816 850 820 854
448 12 -1
784 67 15 68 15 818 852 820 854
449 2 -1
787 52 80 53 80 821 855 823 857
450 4 -1
788 78 13 79 13 822 856 823 857
451 11 -1
789 94 67 95 69 823 857 827 861
452 2 -1
790 6 5 7 5 824 858 826 860
453 7 -1
791 54 59 59 59 825 859 830 864
454 7 -1
793 14 92 15 93 827 861 830 864
455 3 -1
794 23 5 26 6 828 862 832 866
456 11 -1
795 86 59 87 59 829 863 831 865
457 7 -1
796 89 96 91 97 830 864 834 868
458 1 -1
797 2 28 3 28 831 865 832 866
459 12 -1
798 36 82 37 83 832 866 835 869
460 2 -1
799 64 30 66 30 833 867 835 869
461 2 -1
800 70 69 73 71 834 868 839 873
462 1 -1
802 13 3 16 4 836 870 840 874
463 15 -1
803 94 92 95 92 837 871 839 873
464 12 -1
805 85 87 89 87 839 873 844 878
465 1 -1
806 2 33 2 38 840 874 849 883
466 0 -1
807 48 70 48 70 841 875 843 877
467 13 -1
810 53 84 54 84 844 878 845 879
468 4 -1
813 24 44 24 45 847 881 848 882
469 0 -1
818 34 9 35 10 852 886 854 888
470 2 -1
820 7 49 7 51 854 888 857 891
471 11 -1
824 81 64 81 65 858 892 860 894
472 8 -1
825 0 10 3 10 859 893 862 896
473 15 -1
827 83 94 84 94 861 895 862 896
474 6 -1
828 11 29 13 32 862 896 872 906
475 1 -1
830 11 30 14 30 864 898 867 901
476 1 -1
831 43 27 44 27 865 899 866 900
477 12 -1
833 5 97 7 97 867 901 869 903
478 8 -1
834 21 83 23 83 868 902 870 904
479 7 -1
835 77 21 82 21 869 903 879 913
480 10 -1
839 27 39 27 40 873 907 875 909
481 12 -1
841 74 30 77 31 875 909 879 913
482 9 -1
842 9 13 11 13 876 910 878 912
483 5 -1
844 50 28 51 30 878 912 883 917
484 13 -1
845 25 79 27 79 879 913 881 915
485 6 -1
846 95 13 89 13 880 914 886 920
486 3 -1
847 32 90 33 90 881 915 882 916
487 5 -1
850 12 4 13 6 884 918 887 921
488 8 -1
851 94 53 95 53 885 919 889 923
489 5 -1
854 65 85 65 86 888 922 889 923
490 10 -1
856 1 0 3 1 890 924 893 927
491 13 -1
859 30 45 32 46 893 927 898 932
492 0 -1
860 50 31 51 31 894 928 895 929
493 5 -1
861 34 39 35 39 895 929 897 931
494 0 -1
864 69 45 71 46 898 932 901 935
495 4 -1
867 25 37 26 37 901 935 902 936
496 14 -1
868 81 46 82 47 902 936 904 938
497 2 -1
871 63 80 68 87 905 939 921 955
498 12 -1
873 36 16 36 17 907 941 909 943
499 4 -1
874 83 78 85 79 908 942 913 947
500 3 -1
875 61 56 63 57 909 943 912 946
501 12 -1
877 68 58 71 58 911 945 914 948
502 10 -1
878 46 75 46 75 912 946 914 948
503 0 -1
879 5 25 7 25 913 947 915 949
504 15 -1
880 15 31 16 31 914 948 918 952
505 3 -1
881 62 51 68 51 915 949 921 955
506 6 -1
882 70 92 70 93 916 950 918 952
507 8 -1
885 24 73 24 74 919 953 920 954
508 1 -1
887 32 34 35 34 921 955 924 958
509 10 -1
889 35 84 37 84 923 957 926 960
510 3 -1
891 55 90 56 91 925 959 927 961
511 9 -1
893 66 53 67 53 927 961 929 963
512 6 -1
894 77 74 80 74 928 962 931 965
513 11 -1
895 34 47 37 47 929 963 932 966
514 7 -1
896 75 86 75 88 930 964 932 966
515 14 -1
897 78 20 79 20 931 965 932 966
516 15 -1
898 12 11 13 12 932 966 934 968
517 7 -1
899 66 25 67 26 933 967 935 969
518 9 -1
900 91 45 97 45 934 968 940 974
519 11 -1
901 61 60 63 60 935 969 937 971
520 0 -1
902 75 5 76 5 936 970 937 971
521 2 -1
905 44 63 45 63 939 973 940 974
522 12 -1
910 51 33 51 33 944 978 945 979
523 6 -1
912 81 34 81 40 946 980 956 990
524 15 -1
914 62 18 69 18 948 982 955 989
525 4 -1
917 89 35 89 37 951 985 955 989
526 12 -1
919 70 56 71 57 953 987 955 989
527 6 -1
920 57 6 59 6 954 988 957 991
528 15 -1
921 41 64 41 65 955 989 956 990
529 1 -1
923 65 58 65 58 957 991 958 992
530 10 -1
925 11 87 12 89 959 993 962 996
531 7 -1
926 42 19 47 20 960 994 969 1003
532 8 -1
927 82 89 83 90 961 995 964 998
533 9 -1
928 69 67 69 68 962 996 963 997
534 4 -1
929 98 89 98 89 963 997 964 998
535 7 -1
931 37 42 37 42 965 999 967 1001
536 15 -1
933 20 17 25 18 967 1001 974 1008
537 11 -1
935 22 20 24 20 969 1003 971 1005
538 5 -1
936 46 88 47 88 970 1004 971 1005
539 3 -1
937 88 90 91 91 971 1005 975 1009
540 10 -1
938 61 42 61 43 972 1006 976 1010
541 15 -1
940 82 38 83 38 974 1008 976 1010
542 6 -1
942 57 66 58 66 976 1010 977 1011
543 1 -1
943 5 46 6 52 977 1011 984 1018
544 7 -1
944 45 96 45 97 978 1012 979 1013
545 11 -1
945 76 49 77 50 979 1013 982 1016
546 2 -1
947 92 42 84 42 981 1015 994 1028
547 3 -1
948 20 77 20 78 982 1016 985 1019
548 10 -1
950 10 81 11 82 984 1018 986 1020
549 4 -1
951 41 61 42 61 985 1019 987 1021
550 14 -1
954 49 7 49 8 988 1022 990 1024
551 11 -1
955 70 42 70 42 989 1023 990 1024
552 7 -1
957 66 58 69 58 991 1025 994 1028
553 1 -1
958 13 47 13 47 992 1026 993 1027
554 5 -1
963 42 3 42 6 997 1031 1000 1034
555 1 -1
964 77 10 77 11 998 1032 1000 1034
556 8 -1
966 82 62 84 62 1000 1034 1002 1036
557 4 -1
969 75 57 75 57 1003 1037 1005 1039
558 4 -1
972 80 67 80 73 1006 1040 1012 1046
559 13 -1
973 22 9 23 10 1007 1041 1011 1045
560 13 -1
974 27 32 35 33 1008 1042 1018 1052
561 3 -1
976 0 37 1 38 1010 1044 1015 1049
562 7 -1
979 68 8 71 9 1013 1047 1017 1051
563 14 -1
981 22 15 23 15 1015 1049 1016 1050
564 12 -1
983 75 52 76 53 1017 1051 1020 1054
565 15 -1
984 91 82 93 82 1018 1052 1024 1058
566 9 -1
987 21 45 24 46 1021 1055 1025 1059
567 8 -1
989 92 18 93 18 1023 1057 1026 1060
568 11 -1
990 97 89 93 89 1024 1058 1028 1062
569 9 -1
992 60 15 61 18 1026 1060 1030 1064
570 7 -1
993 22 6 23 6 1027 1061 1029 1063
571 6 -1
994 0 28 4 28 1028 1062 1032 1066
572 5 -1
996 43 0 44 0 1030 1064 1032 1066
573 14 -1
997 49 34 50 35 1031 1065 1033 1067
574 2 -1
998 89 75 90 75 1032 1066 1033 1067
575 15 -1
999 33 34 34 34 1033 1067 1035 1069
576 13 -1
1001 42 94 84 97 1035 1069 1084 1118
577 0 -1
1004 94 4 94 6 1038 1072 1040 1074
578 11 -1
1008 96 38 96 38 1042 1076 1043 1077
579 0 -1
1010 29 54 31 54 1044 1078 1046 1080
580 7 -1
1012 47 39 48 39 1046 1080 1047 1081
581 1 -1
1015 99 50 99 51 1049 1083 1050 1084
582 3 -1
1016 31 20 31 20 1050 1084 1051 1085
583 1 -1
1017 53 6 55 7 1051 1085 1054 1088
584 9 -1
1018 42 29 52 32 1052 1086 1066 1100
585 9 -1
1019 67 90 69 97 1053 1087 1063 1097
586 15 -1
1020 96 90 99 90 1054 1088 1057 1091
587 9 -1
1021 48 98 48 99 1055 1089 1056 1090
588 6 -1
1022 0 75 9 76 1056 1090 1070 1104
589 13 -1
1025 13 96 14 98 1059 1093 1064 1098
590 5 -1
1027 51 80 51 80 1061 1095 1062 1096
591 10 -1
1028 47 37 48 37 1062 1096 1063 1097
592 10 -1
1031 70 62 70 71 1065 1099 1074 1108
593 2 -1
1032 20 59 25 59 1066 1100 1073 1107
594 8 -1
1033 0 51 1 52 1067 1101 1071 1105
595 4 -1
1035 24 95 24 95 1069 1103 1071 1105
596 3 -1
1036 83 35 85 35 1070 1104 1072 1106
597 14 -1
1037 47 84 48 84 1071 1105 1072 1106
598 14 -1
1039 57 81 58 81 1073 1107 1074 1108
599 12 -1
1040 6 65 7 65 1074 1108 1075 1109
600 9 -1
1042 59 35 59 41 1076 1110 1087 1121
601 7 -1
1044 83 69 84 69 1078 1112 1079 1113
602 11 -1
1045 72 60 74 60 1079 1113 1082 1116
603 1 -1
1051 8 42 9 42 1085 1119 1086 1120
604 12 -1
1053 27 0 28 0 1087 1121 1088 1122
605 6 -1
1056 93 60 95 60 1090 1124 1092 1126
606 8 -1
1057 63 40 63 42 1091 1125 1093 1127
607 12 -1
1059 4 39 5 39 1093 1127 1097 1131
608 6 -1
1060 87 1 91 2 1094 1128 1099 1133
609 12 -1
1063 25 57 25 59 1097 1131 1100 1134
610 5 -1
1065 72 50 73 52 1099 1133 1102 1136
611 10 -1
1066 87 11 89 11 1100 1134 1102 1136
612 8 -1
1067 59 37 59 37 1101 1135 1102 1136
613 3 -1
1070 70 79 74 86 1104 1138 1116 1150
614 15 -1
1071 73 40 77 40 1105 1139 1110 1144
615 2 -1
1073 10 20 17 21 1107 1141 1122 1156
616 8 -1
1074 91 85 92 85 1108 1142 1109 1143
617 6 -1
1075 59 2 61 3 1109 1143 1112 1146
618 10 -1
1078 55 85 59 85 1112 1146 1116 1150
619 2 -1
1082 42 57 43 57 1116 1150 1117 1151
620 11 -1
1083 85 35 86 36 1117 1151 1119 1153
621 3 -1
1084 22 98 24 98 1118 1152 1124 1158
622 7 -1
1085 84 65 84 67 1119 1153 1122 1156
623 12 -1
1086 18 45 18 47 1120 1154 1124 1158
624 14 -1
1090 40 35 40 35 1124 1158 1125 1159
625 2 -1
1091 58 69 59 69 1125 1159 1126 1160
626 2 -1
1092 94 69 94 70 1126 1160 1127 1161
627 12 -1
1095 83 85 85 86 1129 1163 1132 1166
628 3 -1
1097 8 55 8 57 1131 1165 1134 1168
629 3 -1
1098 30 14 33 14 1132 1166 1136 1170
630 5 -1
1099 28 2 28 6 1133 1167 1138 1172
631 14 -1
1100 9 63 13 64 1134 1168 1139 1173
632 9 -1
1102 52 54 54 55 1136 1170 1139 1173
633 1 -1
1103 89 85 92 86 1137 1171 1144 1178
634 11 -1
1104 71 86 72 86 1138 1172 1139 1173
635 14 -1
1105 54 28 55 28 1139 1173 1140 1174
636 12 -1
1107 24 50 34 50 1141 1175 1151 1185
637 8 -1
1109 10 97 11 98 1143 1177 1146 1180
638 3 -1
1111 81 28 82 29 1145 1179 1147 1181
639 11 -1
1113 1 16 1 17 1147 1181 1148 1182
640 11 -1
1114 53 0 53 1 1148 1182 1149 1183
641 7 -1
1115 81 76 82 77 1149 1183 1152 1186
642 15 -1
1116 12 13 23 13 1150 1184 1161 1195
643 14 -1
1118 91 3 91 3 1152 1186 1154 1188
644 0 -1
1120 82 83 83 83 1154 1188 1156 1190
645 4 -1
1121 32 64 32 65 1155 1189 1156 1190
646 1 -1
1122 1 38 2 39 1156 1190 1159 1193
647 14 -1
1124 54 11 61 11 1158 1192 1165 1199
648 6 -1
1125 28 38 30 38 1159 1193 1161 1195
649 15 -1
1126 69 58 78 61 1160 1194 1172 1206
650 12 -1
1129 18 69 19 69 1163 1197 1164 1198
651 4 -1
1130 6 39 7 39 1164 1198 1165 1199
652 0 -1
1132 97 93 98 93 1166 1200 1168 1202
653 14 -1
1133 87 7 87 8 1167 1201 1170 1204
654 3 -1
1137 58 99 60 100 1171 1205 1175 1209
655 6 -1
1138 88 98 88 98 1172 1206 1173 1207
656 5 -1
1139 26 91 27 91 1173 1207 1174 1208
657 10 -1
1141 28 85 30 85 1175 1209 1177 1211
658 11 -1
1142 27 72 29 73 1176 1210 1179 1213
659 4 -1
1144 65 69 67 69 1178 1212 1181 1215
660 2 -1
1147 41 21 41 22 1181 1215 1182 1216
661 1 -1
1150 49 82 49 83 1184 1218 1185 1219
662 5 -1
1151 86 4 88 4 1185 1219 1187 1221
663 11 -1
1154 52 55 52 55 1188 1222 1189 1223
664 8 -1
1156 58 71 60 71 1190 1224 1192 1226
665 4 -1
1157 94 77 95 77 1191 1225 1196 1230
666 13 -1
1158 14 7 17 7 1192 1226 1196 1230
667 13 -1
1159 31 89 32 90 1193 1227 1195 1229
668 8 -1
1164 46 92 47 93 1198 1232 1201 1235
669 9 -1
1166 72 1 74 2 1200 1234 1203 1237
670 13 -1
1169 10 30 11 32 1203 1237 1206 1240
671 1 -1
1170 71 51 73 51 1204 1238 1207 1241
672 12 -1
1171 14 99 20 100 1205 1239 1214 1248
673 1 -1
1172 59 64 59 64 1206 1240 1207 1241
674 10 -1
1174 46 82 48 86 1208 1242 1215 1249
675 1 -1
1175 83 75 84 76 1209 1243 1212 1246
676 15 -1
1176 69 8 71 8 1210 1244 1212 1246
677 0 -1
1177 0 38 1 38 1211 1245 1213 1247
678 12 -1
1179 30 97 31 97 1213 1247 1214 1248
679 9 -1
1186 46 44 48 44 1220 1254 1222 1256
680 5 -1
1187 22 68 22 69 1221 1255 1223 1257
681 2 -1
1188 94 43 94 43 1222 1256 1223 1257
682 14 -1
1190 60 84 61 84 1224 1258 1225 1259
683 14 -1
1191 15 93 16 94 1225 1259 1227 1261
684 5 -1
1194 96 92 98 92 1228 1262 1230 1264
685 10 -1
1195 42 49 43 49 1229 1263 1232 1266
686 11 -1
1197 54 82 55 82 1231 1265 1234 1268
687 0 -1
1198 25 82 26 85 1232 1266 1236 1270
688 2 -1
1201 32 69 34 69 1235 1269 1240 1274
689 14 -1
1202 17 64 18 64 1236 1270 1237 1271
690 14 -1
1203 85 52 85 52 1237 1271 1238 1272
691 2 -1
1205 85 79 85 80 1239 1273 1242 1276
692 4 -1
1207 62 43 63 43 1241 1275 1245 1279
693 0 -1
1208 68 40 70 40 1242 1276 1244 1278
694 4 -1
1209 16 34 17 34 1243 1277 1244 1278
695 2 -1
1211 15 39 17 39 1245 1279 1249 1283
696 11 -1
1214 69 83 70 86 1248 1282 1254 1288
697 0 -1
1217 89 46 89 47 1251 1285 1253 1287
698 1 -1
1218 88 80 89 80 1252 1286 1253 1287
699 5 -1
1219 83 61 87 61 1253 1287 1260 1294
700 14 -1
1220 61 58 62 58 1254 1288 1255 1289
701 10 -1
1222 62 79 63 81 1256 1290 1259 1293
702 8 -1
1223 42 20 44 20 1257 1291 1261 1295
703 9 -1
1226 93 30 94 31 1260 1294 1263 1297
704 8 -1
1227 72 75 72 75 1261 1295 1262 1296
705 0 -1
1229 49 98 49 99 1263 1297 1264 1298
706 0 -1
1230 49 46 52 46 1264 1298 1269 1303
707 13 -1
1231 78 13 78 14 1265 1299 1266 1300
708 8 -1
1233 94 84 94 84 1267 1301 1269 1303
709 0 -1
1235 61 62 62 62 1269 1303 1270 1304
710 15 -1
1236 19 80 21 80 1270 1304 1275 1309
711 9 -1
1237 55 56 58 58 1271 1305 1276 1310
712 4 -1
1238 46 98 47 94 1272 1306 1277 1311
713 6 -1
1240 29 78 31 80 1274 1308 1278 1312
714 9 -1
1241 81 29 82 29 1275 1309 1276 1310
715 7 -1
1242 33 80 38 81 1276 1310 1289 1323
716 9 -1
1243 13 0 13 1 1277 1311 1279 1313
717 1 -1
1244 55 1 56 4 1278 1312 1285 1319
718 5 -1
1246 36 72 41 75 1280 1314 1289 1323
719 12 -1
1250 42 92 43 92 1284 1318 1285 1319
720 12 -1
1254 1 38 7 39 1288 1322 1295 1329
721 3 -1
1255 60 10 61 13 1289 1323 1293 1327
722 12 -1
1258 65 81 76 83 1292 1326 1308 1342
723 4 -1
1259 24 13 42 13 1293 1327 1311 1345
724 11 -1
1260 8 22 11 25 1294 1328 1300 1334
725 3 -1
1261 0 66 2 70 1295 1329 1302 1336
726 14 -1
1263 18 15 23 15 1297 1331 1304 1338
727 14 -1
1264 67 57 71 57 1298 1332 1302 1336
728 14 -1
1265 60 72 60 74 1299 1333 1301 1335
729 6 -1
1266 95 24 95 25 1300 1334 1301 1335
730 2 -1
1268 46 2 47 2 1302 1336 1305 1339
731 15 -1
1276 69 54 70 54 1310 1344 1311 1345
732 12 -1
1277 23 75 24 75 1311 1345 1316 1350
733 9 -1
1281 30 7 32 7 1315 1349 1317 1351
734 9 -1
1284 48 21 50 21 1318 1352 1320 1354
735 2 -1
1287 89 45 91 45 1321 1355 1325 1359
736 8 -1
1290 34 86 37 87 1324 1358 1331 1365
737 12 -1
1291 20 68 23 68 1325 1359 1328 1362
738 14 -1
1292 5 15 27 17 1326 1360 1352 1386
739 15 -1
1297 28 78 30 78 1331 1365 1334 1368
740 10 -1
1298 1 61 2 61 1332 1366 1333 1367
741 10 -1
1299 34 27 35 29 1333 1367 1336 1370
742 1 -1
1300 97 53 99 53 1334 1368 1336 1370
743 13 -1
1307 93 22 94 22 1341 1375 1342 1376
744 14 -1
1309 79 31 81 31 1343 1377 1345 1379
745 1 -1
1312 65 39 65 40 1346 1380 1348 1382
746 12 -1
1313 22 56 23 56 1347 1381 1348 1382
747 3 -1
1314 81 90 85 90 1348 1382 1352 1386
748 0 -1
1315 0 11 4 11 1349 1383 1354 1388
749 0 -1
1316 80 48 80 50 1350 1384 1352 1386
750 12 -1
1317 69 43 71 43 1351 1385 1353 1387
751 4 -1
1318 10 90 11 91 1352 1386 1355 1389
752 4 -1
1319 69 66 71 66 1353 1387 1355 1389
753 1 -1
1320 17 98 17 98 1354 1388 1355 1389
754 9 -1
1321 3 76 5 76 1355 1389 1357 1391
755 5 -1
1323 16 59 17 60 1357 1391 1359 1393
756 10 -1
1324 65 11 69 12 1358 1392 1363 1397
757 4 -1
1325 91 4 91 10 1359 1393 1365 1399
758 6 -1
1326 56 51 56 51 1360 1394 1361 1395
759 14 -1
1327 10 20 15 22 1361 1395 1371 1405
760 4 -1
1329 46 71 47 72 1363 1397 1365 1399
761 12 -1
1332 34 94 34 94 1366 1400 1368 1402
762 8 -1
1333 84 77 85 77 1367 1401 1368 1402
763 15 -1
1335 19 7 34 7 1369 1403 1385 1419
764 9 -1
1336 59 50 60 50 1370 1404 1371 1405
765 6 -1
1338 77 83 80 83 1372 1406 1375 1409
766 4 -1
1340 35 81 41 82 1374 1408 1381 1415
767 7 -1
1342 53 54 54 55 1376 1410 1379 1413
768 0 -1
1344 58 74 59 74 1378 1412 1380 1414
769 4 -1
1345 75 35 75 35 1379 1413 1380 1414
770 1 -1
1347 19 67 21 67 1381 1415 1384 1418
771 9 -1
1348 74 26 79 26 1382 1416 1387 1421
772 5 -1
1349 65 63 68 66 1383 1417 1389 1423
773 0 -1
1354 65 2 66 4 1388 1422 1391 1425
774 5 -1
1355 72 88 75 90 1389 1423 1394 1428
775 7 -1
1359 61 25 63 27 1393 1427 1398 1432
776 8 -1
1362 60 4 62 4 1396 1430 1398 1432
777 11 -1
1365 26 81 27 81 1399 1433 1400 1434
778 6 -1
1368 27 1 28 1 1402 1436 1404 1438
779 2 -1
1369 81 18 84 34 1403 1437 1438 1472
780 4 -1
1370 93 10 94 11 1404 1438 1406 1440
781 1 -1
1372 57 17 61 17 1406 1440 1411 1445
782 4 -1
1374 11 25 12 25 1408 1442 1410 1444
783 5 -1
1375 5 13 12 13 1409 1443 1416 1450
784 0 -1
1376 80 26 80 26 1410 1444 1411 1445
785 10 -1
1377 96 24 98 25 1411 1445 1414 1448
786 5 -1
1378 36 29 36 30 1412 1446 1413 1447
787 7 -1
1379 52 24 52 24 1413 1447 1417 1451
788 5 -1
1381 33 26 34 26 1415 1449 1418 1452
789 6 -1
1382 89 54 92 54 1416 1450 1419 1453
790 4 -1
1383 99 94 97 94 1417 1451 1419 1453
791 10 -1
1385 42 8 46 9 1419 1453 1425 1459
792 14 -1
1386 14 61 17 61 1420 1454 1423 1457
793 3 -1
1387 59 80 68 81 1421 1455 1432 1466
794 4 -1
1388 19 58 19 60 1422 1456 1425 1459
795 15 -1
1389 43 75 45 75 1423 1457 1425 1459
796 9 -1
1390 11 19 12 20 1424 1458 1426 1460
797 2 -1
1391 95 11 96 11 1425 1459 1427 1461
798 10 -1
1393 79 66 81 66 1427 1461 1429 1463
799 7 -1
1395 3 29 9 29 1429 1463 1437 1471
800 14 -1
1396 66 78 66 78 1430 1464 1431 1465
801 6 -1
1400 57 9 60 9 1434 1468 1437 1471
802 9 -1
1401 57 13 57 16 1435 1469 1438 1472
803 6 -1
1402 90 21 91 25 1436 1470 1443 1477
804 9 -1
1403 69 99 71 99 1437 1471 1439 1473
805 14 -1
1406 27 10 28 10 1440 1474 1441 1475
806 11 -1
1411 35 46 35 48 1445 1479 1447 1481
807 7 -1
1412 57 82 60 84 1446 1480 1452 1486
808 1 -1
1413 72 45 73 45 1447 1481 1448 1482
809 1 -1
1414 34 50 36 50 1448 1482 1450 1484
810 6 -1
1415 46 85 46 86 1449 1483 1451 1485
811 12 -1
1417 2 33 2 33 1451 1485 1452 1486
812 0 -1
1418 52 77 57 77 1452 1486 1457 1491
813 0 -1
1419 42 53 49 53 1453 1487 1460 1494
814 2 -1
1420 52 85 60 85 1454 1488 1462 1496
815 13 -1
1423 69 58 69 59 1457 1491 1458 1492
816 15 -1
1426 55 28 56 28 1460 1494 1462 1496
817 15 -1
1428 86 68 88 69 1462 1496 1465 1499
818 12 -1
1429 69 21 71 21 1463 1497 1465 1499
819 7 -1
1430 44 70 44 71 1464 1498 1465 1499
820 9 -1
1431 92 67 92 68 1465 1499 1468 1502
821 9 -1
1432 91 54 92 54 1466 1500 1467 1501
822 11 -1
1434 98 48 98 49 1468 1502 1469 1503
823 13 -1
1435 27 11 28 16 1469 1503 1476 1510
824 2 -1
1436 98 1 98 3 1470 1504 1472 1506
825 4 -1
1438 8 18 11 19 1472 1506 1476 1510
826 6 -1
1439 49 35 50 35 1473 1507 1474 1508
827 12 -1
1440 89 21 92 21 1474 1508 1477 1511
828 14 -1
1441 94 61 99 62 1475 1509 1482 1516
829 8 -1
1442 66 92 66 94 1476 1510 1478 1512
830 10 -1
1443 11 44 12 44 1477 1511 1482 1516
831 2 -1
1444 72 59 74 59 1478 1512 1480 1514
832 2 -1
1446 56 10 62 10 1480 1514 1486 1520
833 14 -1
1447 61 87 62 87 1481 1515 1483 1517
834 4 -1
1448 39 34 41 34 1482 1516 1484 1518
835 2 -1
1452 97 33 97 34 1486 1520 1487 1521
836 4 -1
1454 6 4 10 4 1488 1522 1492 1526
837 15 -1
1455 16 14 16 16 1489 1523 1491 1525
838 1 -1
1456 98 93 98 94 1490 1524 1491 1525
839 15 -1
1457 10 84 13 87 1491 1525 1497 1531
840 11 -1
1458 93 98 95 98 1492 1526 1502 1536
841 15 -1
1461 34 58 37 58 1495 1529 1498 1532
842 0 -1
1462 65 87 65 88 1496 1530 1500 1534
843 8 -1
1463 48 55 49 55 1497 1531 1499 1533
844 0 -1
1465 90 0 91 1 1499 1533 1501 1535
845 1 -1
1466 48 55 49 56 1500 1534 1502 1536
846 2 -1
1468 75 88 76 88 1502 1536 1503 1537
847 14 -1
1469 8 2 11 4 1503 1537 1508 1542
848 5 -1
1470 76 88 77 88 1504 1538 1505 1539
849 15 -1
1472 59 20 61 23 1506 1540 1511 1545
850 7 -1
1473 96 30 98 33 1507 1541 1512 1546
851 6 -1
1474 65 15 72 16 1508 1542 1519 1553
852 12 -1
1475 17 55 19 55 1509 1543 1511 1545
853 3 -1
1478 38 56 41 57 1512 1546 1518 1552
854 13 -1
1479 70 17 72 17 1513 1547 1515 1549
855 15 -1
1481 97 63 99 63 1515 1549 1517 1551
856 2 -1
1483 32 6 38 9 1517 1551 1528 1562
857 14 -1
1486 64 30 65 31 1520 1554 1525 1559
858 8 -1
1487 91 93 91 94 1521 1555 1525 1559
859 9 -1
1493 2 41 2 42 1527 1561 1529 1563
860 7 -1
1495 2 40 3 40 1529 1563 1530 1564
861 15 -1
1496 76 88 77 88 1530 1564 1534 1568
862 7 -1
1497 89 21 91 21 1531 1565 1535 1569
863 6 -1
1499 82 89 83 90 1533 1567 1535 1569
864 3 -1
1500 91 0 91 1 1534 1568 1536 1570
865 13 -1
1501 10 74 15 74 1535 1569 1543 1577
866 2 -1
1502 25 54 25 56 1536 1570 1540 1574
867 4 -1
1504 34 2 34 10 1538 1572 1551 1585
868 5 -1
1505 6 34 15 34 1539 1573 1549 1583
869 11 -1
1506 88 49 88 51 1540 1574 1542 1576
870 1 -1
1507 89 39 90 41 1541 1575 1544 1578
871 9 -1
1508 50 62 52 62 1542 1576 1548 1582
872 5 -1
1509 39 28 39 29 1543 1577 1544 1578
873 15 -1
1511 88 60 90 60 1545 1579 1547 1581
874 10 -1
1513 93 44 97 45 1547 1581 1552 1586
875 13 -1
1515 70 75 71 75 1549 1583 1550 1584
876 0 -1
1516 67 75 68 77 1550 1584 1553 1587
877 7 -1
1517 32 81 33 82 1551 1585 1554 1588
878 4 -1
1518 75 25 77 26 1552 1586 1555 1589
879 11 -1
1519 49 86 50 86 1553 1587 1554 1588
880 13 -1
1521 9 18 12 19 1555 1589 1559 1593
881 9 -1
1522 26 92 28 92 1556 1590 1558 1592
882 4 -1
1523 58 12 59 12 1557 1591 1559 1593
883 10 -1
1527 98 87 98 91 1561 1595 1565 1599
884 3 -1
1528 0 59 0 60 1562 1596 1563 1597
885 3 -1
1533 15 3 16 3 1567 1601 1568 1602
886 13 -1
1534 66 81 75 81 1568 1602 1577 1611
887 11 -1
1535 88 97 91 97 1569 1603 1572 1606
888 13 -1
1536 19 3 21 3 1570 1604 1572 1606
889 10 -1
1538 46 66 47 67 1572 1606 1576 1610
890 2 -1
1540 96 80 96 81 1574 1608 1575 1609
891 6 -1
1543 44 73 46 73 1577 1611 1580 1614
892 7 -1
1544 42 58 43 58 1578 1612 1580 1614
893 14 -1
1545 71 89 72 90 1579 1613 1581 1615
894 1 -1
1547 20 2 23 3 1581 1615 1586 1620
895 0 -1
1550 24 51 24 51 1584 1618 1586 1620
896 5 -1
1551 76 89 78 89 1585 1619 1587 1621
897 15 -1
1552 65 34 66 34 1586 1620 1591 1625
898 4 -1
1554 73 59 76 60 1588 1622 1592 1626
899 11 -1
1555 79 65 81 65 1589 1623 1591 1625
900 7 -1
1556 83 47 85 47 1590 1624 1592 1626
901 1 -1
1559 90 16 92 18 1593 1627 1599 1633
902 8 -1
1560 14 92 15 95 1594 1628 1600 1634
903 4 -1
1562 35 40 37 40 1596 1630 1598 1632
904 9 -1
1563 36 2 43 2 1597 1631 1607 1641
905 15 -1
1564 25 75 25 77 1598 1632 1600 1634
906 5 -1
1566 11 37 11 37 1600 1634 1602 1636
907 8 -1
1567 51 47 55 47 1601 1635 1605 1639
908 8 -1
1573 22 84 25 86 1607 1641 1615 1649
909 6 -1
1575 20 13 21 13 1609 1643 1610 1644
910 15 -1
1576 68 1 68 3 1610 1644 1612 1646
911 0 -1
1577 53 96 54 97 1611 1645 1613 1647
912 11 -1
1579 89 19 91 19 1613 1647 1616 1650
913 7 -1
1580 42 52 43 52 1614 1648 1616 1650
914 0 -1
1582 75 50 76 50 1616 1650 1617 1651
915 2 -1
1584 5 97 5 97 1618 1652 1619 1653
916 10 -1
1587 91 7 97 9 1621 1655 1633 1667
917 10 -1
1588 36 71 36 73 1622 1656 1626 1660
918 1 -1
1589 23 1 23 1 1623 1657 1625 1659
919 15 -1
1590 65 86 65 89 1624 1658 1627 1661
920 14 -1
1591 44 73 48 74 1625 1659 1630 1664
921 3 -1
1593 84 18 85 21 1627 1661 1631 1665
922 11 -1
1594 56 79 57 79 1628 1662 1630 1664
923 11 -1
1596 57 30 59 30 1630 1664 1632 1666
924 4 -1
1598 10 64 10 64 1632 1666 1633 1667
925 12 -1
1599 14 64 17 65 1633 1667 1637 1671
926 11 -1
1600 52 94 52 94 1634 1668 1635 1669
927 11 -1
1603 43 67 43 67 1637 1671 1638 1672
928 9 -1
1606 8 20 10 20 1640 1674 1642 1676
929 1 -1
1608 90 50 91 50 1642 1676 1643 1677
930 9 -1
1609 97 37 97 39 1643 1677 1645 1679
931 4 -1
1610 36 75 37 75 1644 1678 1645 1679
932 7 -1
1611 88 95 90 95 1645 1679 1647 1681
933 3 -1
1613 43 89 44 89 1647 1681 1649 1683
934 3 -1
1615 97 11 98 11 1649 1683 1650 1684
935 7 -1
1618 96 55 99 55 1652 1686 1655 1689
936 9 -1
1620 74 60 76 63 1654 1688 1659 1693
937 4 -1
1621 51 27 51 32 1655 1689 1662 1696
938 8 -1
1623 18 36 19 36 1657 1691 1662 1696
939 4 -1
1624 86 89 86 90 1658 1692 1659 1693
940 0 -1
1625 56 82 58 83 1659 1693 1662 1696
941 11 -1
1626 29 52 29 53 1660 1694 1662 1696
942 3 -1
1627 13 8 20 13 1661 1695 1674 1708
943 2 -1
1629 30 24 31 24 1663 1697 1664 1698
944 10 -1
1631 32 39 32 41 1665 1699 1667 1701
945 8 -1
1633 27 89 27 91 1667 1701 1677 1711
946 7 -1
1634 21 53 22 54 1668 1702 1670 1704
947 10 -1
1637 52 18 52 19 1671 1705 1672 1706
948 7 -1
1638 87 5 87 6 1672 1706 1675 1709
949 1 -1
1640 80 9 88 9 1674 1708 1684 1718
950 12 -1
1641 16 6 17 6 1675 1709 1678 1712
951 8 -1
1642 83 13 86 13 1676 1710 1680 1714
952 11 -1
1645 97 70 98 70 1679 1713 1680 1714
953 11 -1
1648 40 46 40 47 1682 1716 1684 1718
954 0 -1
1649 52 30 54 30 1683 1717 1685 1719
955 5 -1
1650 15 98 15 98 1684 1718 1685 1719
956 2 -1
1656 48 0 49 1 1690 1724 1694 1728
957 5 -1
1657 86 18 88 19 1691 1725 1694 1728
958 1 -1
1659 68 45 72 45 1693 1727 1697 1731
959 3 -1
1660 82 99 82 95 1694 1728 1698 1732
960 2 -1
1661 51 18 55 19 1695 1729 1702 1736
961 3 -1
1662 81 99 83 100 1696 1730 1703 1737
962 11 -1
1663 79 40 80 43 1697 1731 1704 1738
963 3 -1
1664 49 9 49 9 1698 1732 1700 1734
964 10 -1
1665 26 79 27 79 1699 1733 1700 1734
965 7 -1
1668 82 26 84 27 1702 1736 1705 1739
966 8 -1
1671 23 48 25 52 1705 1739 1713 1747
967 8 -1
1672 97 30 97 30 1706 1740 1707 1741
968 14 -1
1673 13 63 17 63 1707 1741 1712 1746
969 2 -1
1675 30 26 31 26 1709 1743 1710 1744
970 12 -1
1676 69 54 69 57 1710 1744 1713 1747
971 5 -1
1678 29 42 32 42 1712 1746 1715 1749
972 2 -1
1679 25 15 29 18 1713 1747 1720 1754
973 13 -1
1680 23 39 27 39 1714 1748 1718 1752
974 11 -1
1683 27 86 28 92 1717 1751 1724 1758
975 12 -1
1685 89 59 91 60 1719 1753 1722 1756
976 7 -1
1686 27 63 30 70 1720 1754 1730 1764
977 0 -1
1687 50 93 50 95 1721 1755 1725 1759
978 13 -1
1688 74 68 79 69 1722 1756 1728 1762
979 3 -1
1690 68 23 70 23 1724 1758 1728 1762
980 10 -1
1691 82 72 84 72 1725 1759 1727 1761
981 14 -1
1692 39 62 40 63 1726 1760 1729 1763
982 1 -1
1694 35 45 36 45 1728 1762 1729 1763
983 3 -1
1695 53 38 54 38 1729 1763 1733 1767
984 1 -1
1696 51 12 54 12 1730 1764 1733 1767
985 2 -1
1697 81 59 83 59 1731 1765 1733 1767
986 0 -1
1698 70 85 72 85 1732 1766 1734 1768
987 0 -1
1700 86 47 86 47 1734 1768 1736 1770
988 0 -1
1702 90 34 80 37 1736 1770 1750 1784
989 2 -1
1703 57 97 57 97 1737 1771 1738 1772
990 1 -1
1704 7 97 8 97 1738 1772 1741 1775
991 9 -1
1709 56 49 57 51 1743 1777 1746 1780
992 10 -1
1712 70 23 72 24 1746 1780 1749 1783
993 6 -1
1714 20 67 21 67 1748 1782 1749 1783
994 14 -1
1717 22 16 24 18 1751 1785 1755 1789
995 1 -1
1718 83 73 85 73 1752 1786 1754 1788
996 0 -1
1720 41 76 44 76 1754 1788 1760 1794
997 5 -1
1722 2 13 2 13 1756 1790 1757 1791
998 10 -1
1723 13 13 14 14 1757 1791 1759 1793
999 3 -1
1725 88 19 89 20 1759 1793 1761 1795
1000 6 -1
1726 53 73 53 76 1760 1794 1763 1797
