100 100 1797
4
0 3 88
1 20 69
2 87 60
3 75 82
36
0 0 0 100 6
0
1 0 0 100 6
0
2 0 0 100 6
0
3 0 0 100 6
0
4 0 0 100 6
0
5 0 0 100 6
0
6 0 0 100 6
0
7 0 0 100 6
0
8 0 0 100 6
0
9 1 0 100 6
0
10 1 0 100 6
0
11 1 0 100 6
0
12 1 0 100 6
0
13 1 0 100 6
0
14 1 0 100 6
0
15 1 0 100 6
0
16 1 0 100 6
0
17 1 0 100 6
0
18 2 0 100 6
0
19 2 0 100 6
0
20 2 0 100 6
0
21 2 0 100 6
0
22 2 0 100 6
0
23 2 0 100 6
0
24 2 0 100 6
0
25 2 0 100 6
0
26 2 0 100 6
0
27 3 0 100 6
0
28 3 0 100 6
0
29 3 0 100 6
0
30 3 0 100 6
0
31 3 0 100 6
0
32 3 0 100 6
0
33 3 0 100 6
0
34 3 0 100 6
0
35 3 0 100 6
0
1000
1 0 -1
2 30 58 32 59 36 70 39 73
2 1 -1
5 24 80 29 80 39 73 44 78
3 2 -1
7 36 59 39 60 41 75 45 79
4 0 -1
8 72 41 81 41 42 76 51 85
5 3 -1
9 90 96 94 97 43 77 49 83
6 2 -1
10 52 20 52 21 44 78 48 82
7 0 -1
11 51 26 51 32 45 79 51 85
8 2 -1
12 60 28 62 28 46 80 48 82
9 2 -1
13 2 27 4 27 47 81 49 83
10 2 -1
14 10 13 12 14 48 82 51 85
11 1 -1
15 8 20 13 20 49 83 55 89
12 1 -1
17 93 30 93 31 51 85 55 89
13 2 -1
18 76 55 79 55 52 86 58 92
14 3 -1
19 66 74 66 75 53 87 54 88
15 2 -1
20 61 28 63 28 54 88 56 90
16 0 -1
21 85 15 86 16 55 89 57 91
17 0 -1
22 97 90 93 90 56 90 60 94
18 0 -1
24 45 91 47 91 58 92 60 94
19 0 -1
29 5 78 5 83 63 97 69 103
20 3 -1
30 27 70 27 71 64 98 66 100
21 0 -1
31 62 89 62 89 65 99 67 101
22 1 -1
33 2 49 4 52 67 101 73 107
23 1 -1
35 28 93 29 93 69 103 70 104
24 0 -1
36 80 77 81 78 70 104 72 106
25 3 -1
39 28 15 28 16 73 107 74 108
26 0 -1
40 16 82 17 82 74 108 75 109
27 2 -1
41 27 7 29 7 75 109 77 111
28 1 -1
42 37 18 38 18 76 110 77 111
29 2 -1
43 60 98 61 98 77 111 78 112
30 2 -1
45 65 47 66 47 79 113 81 115
31 1 -1
49 36 73 39 73 83 117 86 120
32 0 -1
52 7 9 10 13 86 120 93 127
33 2 -1
53 84 73 88 74 87 121 92 126
34 3 -1
54 82 94 82 95 88 122 89 123
35 3 -1
56 41 95 56 96 90 124 107 141
36 0 -1
57 55 15 55 15 91 125 93 127
37 1 -1
59 9 8 9 9 93 127 94 128
38 0 -1
61 65 6 65 7 95 129 97 131
39 1 -1
62 95 70 89 71 96 130 104 138
40 1 -1
64 52 1 66 4 98 132 117 151
41 1 -1
69 25 78 27 78 103 137 105 139
42 3 -1
71 42 51 46 55 105 139 113 147
43 3 -1
73 20 43 24 43 107 141 112 146
44 2 -1
76 68 52 70 53 110 144 113 147
45 3 -1
78 41 85 43 85 112 146 114 148
46 3 -1
80 81 29 83 29 114 148 117 151
47 2 -1
81 58 57 59 58 115 149 117 151
48 0 -1
82 63 9 63 15 116 150 122 156
49 3 -1
83 81 21 86 21 117 151 122 156
50 2 -1
84 5 17 6 17 118 152 119 153
51 1 -1
86 8 8 17 8 120 154 130 164
52 1 -1
87 30 61 31 61 121 155 122 156
53 3 -1
90 54 38 54 39 124 158 125 159
54 0 -1
91 71 6 74 6 125 159 129 163
55 1 -1
92 78 45 79 45 126 160 127 161
56 0 -1
93 41 73 43 74 127 161 130 164
57 3 -1
94 16 70 22 70 128 162 134 168
58 2 -1
96 35 75 35 77 130 164 132 166
59 3 -1
103 3 20 4 21 137 171 140 174
60 1 -1
105 26 67 26 69 139 173 141 175
61 0 -1
106 48 91 50 93 140 174 150 184
62 0 -1
107 44 18 47 18 141 175 144 178
63 1 -1
108 80 96 84 97 142 176 150 184
64 1 -1
110 65 78 68 83 144 178 152 186
65 3 -1
111 18 71 19 71 145 179 146 180
66 2 -1
114 78 89 80 93 148 182 154 188
67 1 -1
115 25 39 28 40 149 183 154 188
68 0 -1
116 29 26 31 33 150 184 162 196
69 2 -1
119 80 61 80 64 153 187 156 190
70 2 -1
120 60 33 60 34 154 188 155 189
71 0 -1
122 35 69 39 69 156 190 160 194
72 0 -1
123 88 35 89 37 157 191 160 194
73 2 -1
124 17 28 17 29 158 192 162 196
74 0 -1
127 23 56 24 56 161 195 162 196
75 0 -1
128 35 34 36 34 162 196 181 215
76 3 -1
130 84 7 84 7 164 198 165 199
77 3 -1
132 87 19 72 19 166 200 181 215
78 3 -1
134 4 33 4 33 168 202 169 203
79 2 -1
135 81 97 90 97 169 203 180 214
80 1 -1
136 79 8 79 9 170 204 172 206
81 1 -1
139 66 51 67 51 173 207 174 208
82 2 -1
140 62 56 63 58 174 208 178 212
83 3 -1
141 37 76 37 78 175 209 180 214
84 3 -1
144 20 30 20 35 178 212 183 217
85 3 -1
145 97 16 99 16 179 213 181 215
86 2 -1
146 71 99 72 99 180 214 181 215
87 0 -1
147 60 60 61 60 181 215 182 216
88 3 -1
148 25 87 26 87 182 216 183 217
89 0 -1
149 57 95 57 95 183 217 185 219
90 3 -1
150 30 33 35 33 184 218 190 224
91 3 -1
153 41 41 42 41 187 221 188 222
92 1 -1
154 72 35 73 38 188 222 192 226
93 0 -1
155 9 4 10 5 189 223 193 227
94 3 -1
156 29 97 31 99 190 224 195 229
95 3 -1
157 93 55 97 55 191 225 196 230
96 1 -1
160 0 41 5 41 194 228 200 234
97 1 -1
162 70 7 71 7 196 230 197 231
98 2 -1
163 52 82 53 82 197 231 198 232
99 0 -1
166 87 16 88 16 200 234 202 236
100 0 -1
167 94 48 99 48 201 235 206 240
101 1 -1
168 53 58 55 58 202 236 204 238
102 3 -1
169 74 42 76 42 203 237 208 242
103 0 -1
170 74 21 76 21 204 238 209 243
104 0 -1
172 18 6 19 9 206 240 211 245
105 1 -1
173 39 57 43 57 207 241 212 246
106 1 -1
174 47 31 48 32 208 242 210 244
107 1 -1
179 77 80 78 80 213 247 214 248
108 1 -1
183 8 10 12 11 217 251 222 256
109 1 -1
184 82 45 82 45 218 252 220 254
110 3 -1
185 45 87 46 87 219 253 221 255
111 0 -1
186 27 64 35 65 220 254 229 263
112 1 -1
187 81 64 84 65 221 255 227 261
113 3 -1
189 20 48 25 48 223 257 228 262
114 1 -1
190 64 2 64 2 224 258 229 263
115 3 -1
193 66 48 67 48 227 261 228 262
116 2 -1
196 72 92 73 92 230 264 232 266
117 3 -1
197 69 38 70 38 231 265 232 266
118 0 -1
198 9 75 25 77 232 266 250 284
119 1 -1
199 97 65 98 65 233 267 234 268
120 0 -1
200 17 75 19 75 234 268 236 270
121 3 -1
201 25 91 26 91 235 269 236 270
122 3 -1
204 86 52 86 52 238 272 239 273
123 0 -1
208 41 68 42 68 242 276 243 277
124 2 -1
209 25 5 25 6 243 277 244 278
125 1 -1
211 92 19 94 20 245 279 248 282
126 1 -1
212 82 71 84 71 246 280 248 282
127 3 -1
213 38 56 39 57 247 281 255 289
128 2 -1
214 15 15 19 15 248 282 253 287
129 0 -1
218 78 36 80 40 252 286 259 293
130 0 -1
219 8 75 10 75 253 287 255 289
131 0 -1
224 2 59 3 61 258 292 261 295
132 1 -1
225 73 18 74 18 259 293 261 295
133 3 -1
229 10 76 16 76 263 297 269 303
134 2 -1
230 64 33 65 33 264 298 265 299
135 2 -1
231 11 73 12 75 265 299 268 302
136 3 -1
236 85 56 85 56 270 304 272 306
137 3 -1
237 0 44 0 46 271 305 273 307
138 3 -1
240 16 9 25 9 274 308 285 319
139 0 -1
242 52 83 54 83 276 310 278 312
140 1 -1
244 51 26 51 28 278 312 283 317
141 1 -1
245 22 85 23 85 279 313 285 319
142 3 -1
246 21 65 23 66 280 314 283 317
143 0 -1
247 94 48 94 50 281 315 284 318
144 3 -1
248 71 93 71 96 282 316 285 319
145 3 -1
250 52 18 54 18 284 318 286 320
146 2 -1
251 43 46 43 49 285 319 288 322
147 3 -1
253 3 25 3 26 287 321 288 322
148 1 -1
255 94 53 95 53 289 323 291 325
149 3 -1
256 46 0 49 0 290 324 294 328
150 2 -1
257 90 97 93 98 291 325 295 329
151 1 -1
258 66 85 66 86 292 326 293 327
152 0 -1
260 20 98 21 99 294 328 296 330
153 2 -1
261 63 19 65 21 295 329 307 341
154 2 -1
266 12 77 16 77 300 334 304 338
155 1 -1
267 89 27 89 30 301 335 304 338
156 3 -1
268 75 51 75 52 302 336 304 338
157 1 -1
269 33 12 33 13 303 337 304 338
158 1 -1
271 83 13 83 16 305 339 311 345
159 1 -1
272 79 48 79 48 306 340 307 341
160 2 -1
274 83 35 87 38 308 342 321 355
161 1 -1
277 20 83 21 83 311 345 313 347
162 0 -1
278 32 96 33 91 312 346 318 352
163 2 -1
279 84 21 88 21 313 347 317 351
164 2 -1
280 98 98 99 100 314 348 317 351
165 2 -1
283 46 9 47 9 317 351 318 352
166 2 -1
285 48 15 50 15 319 353 322 356
167 2 -1
286 55 7 58 7 320 354 323 357
168 3 -1
289 8 31 10 32 323 357 326 360
169 1 -1
293 45 67 48 68 327 361 331 365
170 3 -1
294 37 67 40 67 328 362 332 366
171 2 -1
295 86 74 87 74 329 363 331 365
172 2 -1
296 12 22 15 22 330 364 334 368
173 0 -1
303 3 13 9 13 337 371 346 380
174 2 -1
305 93 24 97 25 339 373 344 378
175 2 -1
306 92 52 93 52 340 374 341 375
176 2 -1
307 30 69 30 71 341 375 343 377
177 3 -1
310 29 91 33 91 344 378 348 382
178 2 -1
311 2 12 3 13 345 379 349 383
179 3 -1
312 52 43 52 50 346 380 355 389
180 0 -1
313 89 71 90 71 347 381 348 382
181 1 -1
315 26 82 28 82 349 383 351 385
182 2 -1
320 32 21 45 21 354 388 370 404
183 3 -1
321 13 30 16 30 355 389 358 392
184 1 -1
323 91 2 78 2 357 391 370 404
185 0 -1
325 89 20 97 20 359 393 367 401
186 1 -1
326 64 18 65 18 360 394 361 395
187 1 -1
327 15 97 15 97 361 395 364 398
188 3 -1
328 36 36 38 38 362 396 367 401
189 2 -1
329 94 65 94 67 363 397 366 400
190 3 -1
330 35 46 38 46 364 398 369 403
191 0 -1
337 86 14 97 14 371 405 384 418
192 3 -1
340 72 10 73 10 374 408 377 411
193 3 -1
342 15 80 15 80 376 410 377 411
194 2 -1
343 68 45 71 45 377 411 380 414
195 3 -1
345 7 78 11 78 379 413 391 425
196 3 -1
349 51 34 51 34 383 417 384 418
197 3 -1
351 37 22 38 22 385 419 386 420
198 1 -1
354 53 85 53 91 388 422 394 428
199 1 -1
356 59 94 59 94 390 424 391 425
200 3 -1
357 88 45 88 46 391 425 395 429
201 3 -1
358 66 12 72 13 392 426 399 433
202 2 -1
359 5 28 5 29 393 427 396 430
203 3 -1
360 81 54 81 55 394 428 396 430
204 0 -1
361 99 57 94 58 395 429 401 435
205 0 -1
363 59 7 59 7 397 431 398 432
206 2 -1
364 61 43 61 43 398 432 399 433
207 2 -1
365 69 41 69 43 399 433 401 435
208 2 -1
367 57 38 61 38 401 435 407 441
209 0 -1
371 46 10 46 11 405 439 406 440
210 1 -1
372 10 58 10 66 406 440 414 448
211 1 -1
373 9 20 10 21 407 441 410 444
212 2 -1
374 35 81 36 81 408 442 409 443
213 2 -1
375 65 76 66 76 409 443 410 444
214 1 -1
377 88 33 88 33 411 445 412 446
215 1 -1
379 46 48 47 48 413 447 414 448
216 0 -1
380 71 61 72 61 414 448 415 449
217 1 -1
381 3 82 4 83 415 449 420 454
218 3 -1
382 60 86 62 86 416 450 418 452
219 2 -1
383 39 64 40 64 417 451 418 452
220 1 -1
388 53 34 53 34 422 456 423 457
221 3 -1
391 75 36 76 37 425 459 427 461
222 1 -1
392 9 93 9 95 426 460 428 462
223 2 -1
394 23 57 25 58 428 462 431 465
224 0 -1
396 15 56 18 58 430 464 435 469
225 3 -1
397 29 17 29 17 431 465 432 466
226 1 -1
400 15 40 15 41 434 468 436 470
227 1 -1
401 79 29 81 29 435 469 437 471
228 3 -1
403 94 76 96 77 437 471 442 476
229 3 -1
404 66 62 68 62 438 472 440 474
230 0 -1
407 51 39 51 39 441 475 442 476
231 2 -1
408 33 44 33 47 442 476 445 479
232 3 -1
411 39 53 40 54 445 479 447 481
233 1 -1
412 79 71 79 72 446 480 447 481
234 2 -1
414 28 46 28 47 448 482 449 483
235 3 -1
418 33 32 34 32 452 486 453 487
236 1 -1
420 38 29 39 29 454 488 455 489
237 1 -1
421 60 53 60 54 455 489 457 491
238 3 -1
423 99 64 98 64 457 491 458 492
239 3 -1
426 49 28 52 28 460 494 465 499
240 3 -1
428 82 65 84 65 462 496 464 498
241 1 -1
433 99 38 97 38 467 501 469 503
242 3 -1
437 85 32 85 33 471 505 472 506
243 2 -1
439 60 58 61 58 473 507 475 509
244 1 -1
441 67 76 71 78 475 509 483 517
245 0 -1
446 15 12 18 13 480 514 484 518
246 3 -1
448 75 59 75 61 482 516 485 519
247 1 -1
450 53 36 55 41 484 518 492 526
248 3 -1
452 1 95 2 97 486 520 489 523
249 3 -1
455 17 75 20 75 489 523 492 526
250 3 -1
460 51 80 51 80 494 528 500 534
251 2 -1
461 73 3 74 3 495 529 497 531
252 2 -1
462 12 57 15 57 496 530 499 533
253 3 -1
464 27 33 29 33 498 532 500 534
254 0 -1
469 7 96 9 96 503 537 505 539
255 0 -1
471 90 43 94 50 505 539 516 550
256 3 -1
475 86 82 86 82 509 543 511 545
257 1 -1
478 86 95 88 95 512 546 516 550
258 0 -1
479 66 25 66 27 513 547 515 549
259 2 -1
480 17 97 17 90 514 548 522 556
260 1 -1
481 54 4 59 4 515 549 521 555
261 1 -1
482 77 11 77 12 516 550 517 551
262 0 -1
484 50 45 50 45 518 552 522 556
263 1 -1
486 47 16 49 16 520 554 523 557
264 1 -1
488 87 84 90 84 522 556 525 559
265 0 -1
489 39 61 51 62 523 557 536 570
266 3 -1
491 62 13 62 14 525 559 527 561
267 3 -1
493 29 22 29 23 527 561 528 562
268 2 -1
496 69 45 70 45 530 564 531 565
269 3 -1
501 90 10 92 10 535 569 537 571
270 0 -1
502 37 35 37 36 536 570 540 574
271 3 -1
505 91 48 92 48 539 573 541 575
272 2 -1
506 32 95 35 96 540 574 545 579
273 0 -1
507 0 70 2 70 541 575 545 579
274 3 -1
509 51 26 52 26 543 577 544 578
275 1 -1
511 17 34 18 35 545 579 547 581
276 3 -1
512 38 90 38 91 546 580 547 581
277 3 -1
515 91 23 94 23 549 583 552 586
278 3 -1
516 92 16 81 18 550 584 563 597
279 3 -1
517 74 33 74 34 551 585 555 589
280 2 -1
518 33 78 35 78 552 586 554 588
281 1 -1
520 21 75 21 75 554 588 555 589
282 2 -1
522 51 41 54 46 556 590 565 599
283 1 -1
523 49 17 50 17 557 591 558 592
284 1 -1
525 70 34 70 35 559 593 561 595
285 3 -1
526 91 67 93 67 560 594 562 596
286 2 -1
528 89 82 89 84 562 596 567 601
287 0 -1
530 28 0 30 2 564 598 568 602
288 0 -1
533 0 68 1 69 567 601 569 603
289 0 -1
535 33 51 33 52 569 603 572 606
290 0 -1
536 16 75 17 76 570 604 572 606
291 2 -1
537 78 16 79 16 571 605 572 606
292 1 -1
538 28 7 29 8 572 606 575 609
293 2 -1
540 36 28 38 30 574 608 578 612
294 0 -1
541 1 36 3 36 575 609 578 612
295 1 -1
542 77 18 79 21 576 610 584 618
296 2 -1
543 57 57 59 57 577 611 579 613
297 3 -1
546 9 83 11 83 580 614 582 616
298 2 -1
547 58 44 58 44 581 615 583 617
299 2 -1
550 82 21 83 21 584 618 585 619
300 0 -1
552 42 70 45 70 586 620 589 623
301 1 -1
553 37 75 38 75 587 621 589 623
302 2 -1
555 68 61 70 63 589 623 594 628
303 3 -1
556 20 89 20 91 590 624 592 626
304 1 -1
558 58 8 59 8 592 626 593 627
305 2 -1
559 63 39 64 40 593 627 598 632
306 3 -1
560 99 87 98 87 594 628 596 630
307 2 -1
562 33 56 33 57 596 630 597 631
308 2 -1
565 13 36 15 36 599 633 603 637
309 3 -1
566 20 49 22 51 600 634 604 638
310 0 -1
567 51 66 52 66 601 635 602 636
311 1 -1
570 11 43 12 43 604 638 608 642
312 2 -1
572 32 6 33 8 606 640 609 643
313 2 -1
573 63 94 65 94 607 641 610 644
314 1 -1
575 58 52 58 54 609 643 611 645
315 1 -1
577 66 22 67 22 611 645 612 646
316 0 -1
578 71 3 72 3 612 646 614 648
317 2 -1
579 37 13 41 14 613 647 618 652
318 0 -1
580 69 99 70 99 614 648 615 649
319 0 -1
585 78 79 79 79 619 653 622 656
320 3 -1
588 72 33 75 34 622 656 627 661
321 0 -1
589 8 29 21 31 623 657 638 672
322 2 -1
592 75 93 76 93 626 660 627 661
323 1 -1
594 57 44 57 45 628 662 630 664
324 2 -1
595 89 96 93 87 629 663 644 678
325 3 -1
596 36 24 38 26 630 664 634 668
326 2 -1
597 57 67 61 67 631 665 639 673
327 1 -1
599 93 92 95 96 633 667 641 675
328 0 -1
600 94 69 94 72 634 668 637 671
329 1 -1
601 76 6 76 7 635 669 637 671
330 2 -1
603 29 65 31 65 637 671 639 673
331 1 -1
608 67 95 67 98 642 676 645 679
332 1 -1
609 22 94 23 94 643 677 644 678
333 1 -1
610 26 29 28 32 644 678 649 683
334 1 -1
611 26 56 26 57 645 679 649 683
335 3 -1
613 68 62 70 65 647 681 655 689
336 3 -1
614 19 47 20 52 648 682 654 688
337 0 -1
615 97 58 98 58 649 683 650 684
338 0 -1
616 86 28 86 29 650 684 652 686
339 3 -1
619 86 38 88 40 653 687 658 692
340 0 -1
620 71 27 72 28 654 688 656 690
341 3 -1
621 75 70 75 71 655 689 660 694
342 1 -1
622 33 43 35 44 656 690 659 693
343 2 -1
623 11 28 12 29 657 691 659 693
344 2 -1
624 29 19 29 20 658 692 659 693
345 1 -1
625 7 99 9 99 659 693 661 695
346 0 -1
628 90 82 90 83 662 696 663 697
347 2 -1
629 79 89 81 89 663 697 668 702
348 0 -1
630 54 98 55 98 664 698 665 699
349 0 -1
634 3 57 4 57 668 702 669 703
350 1 -1
635 29 53 29 55 669 703 671 705
351 1 -1
636 36 11 38 11 670 704 672 706
352 0 -1
637 16 87 16 89 671 705 673 707
353 3 -1
639 51 63 51 64 673 707 674 708
354 0 -1
640 70 28 71 28 674 708 676 710
355 0 -1
641 32 25 34 25 675 709 677 711
356 1 -1
643 5 14 8 16 677 711 683 717
357 0 -1
645 87 36 87 38 679 713 681 715
358 3 -1
646 52 69 52 71 680 714 682 716
359 1 -1
648 53 18 54 18 682 716 683 717
360 3 -1
649 14 95 22 97 683 717 693 727
361 3 -1
650 24 90 25 90 684 718 685 719
362 1 -1
651 78 69 81 70 685 719 689 723
363 3 -1
652 31 8 44 10 686 720 701 735
364 0 -1
653 27 11 28 11 687 721 688 722
365 2 -1
656 78 8 78 8 690 724 691 725
366 3 -1
662 55 9 56 9 696 730 698 732
367 3 -1
663 96 5 92 7 697 731 705 739
368 2 -1
664 70 69 71 70 698 732 700 734
369 0 -1
665 45 39 46 39 699 733 700 734
370 1 -1
666 43 83 45 83 700 734 702 736
371 0 -1
667 14 61 14 63 701 735 704 738
372 3 -1
669 60 40 60 41 703 737 704 738
373 2 -1
672 20 42 22 44 706 740 710 744
374 1 -1
673 90 12 91 13 707 741 709 743
375 1 -1
674 25 94 25 98 708 742 712 746
376 1 -1
675 64 61 68 62 709 743 714 748
377 2 -1
678 1 27 2 29 712 746 716 750
378 3 -1
679 11 19 11 22 713 747 716 750
379 0 -1
680 36 38 36 39 714 748 720 754
380 3 -1
681 53 49 53 49 715 749 717 751
381 2 -1
682 20 61 20 62 716 750 718 752
382 0 -1
684 44 74 44 74 718 752 720 754
383 1 -1
685 94 85 95 89 719 753 724 758
384 3 -1
687 77 67 82 67 721 755 726 760
385 3 -1
688 99 92 97 92 722 756 724 758
386 2 -1
689 12 80 13 80 723 757 725 759
387 0 -1
690 68 87 68 89 724 758 726 760
388 2 -1
691 58 42 59 43 725 759 727 761
389 0 -1
692 74 67 75 68 726 760 728 762
390 3 -1
694 14 82 17 82 728 762 731 765
391 0 -1
696 3 9 4 9 730 764 732 766
392 1 -1
698 79 74 84 74 732 766 737 771
393 2 -1
700 73 19 74 19 734 768 735 769
394 3 -1
701 73 15 73 16 735 769 736 770
395 0 -1
702 38 83 39 89 736 770 743 777
396 1 -1
703 17 95 18 96 737 771 739 773
397 2 -1
704 74 82 76 82 738 772 740 774
398 2 -1
705 97 28 97 29 739 773 743 777
399 2 -1
706 7 13 8 13 740 774 742 776
400 1 -1
707 61 13 65 13 741 775 745 779
401 0 -1
708 46 78 48 81 742 776 749 783
402 1 -1
710 30 80 32 81 744 778 747 781
403 2 -1
712 68 82 68 83 746 780 747 781
404 2 -1
714 73 47 74 47 748 782 749 783
405 0 -1
716 62 54 62 55 750 784 751 785
406 3 -1
718 53 29 58 29 752 786 760 794
407 1 -1
719 95 87 95 87 753 787 754 788
408 1 -1
720 21 84 22 85 754 788 756 790
409 2 -1
722 49 95 50 95 756 790 758 792
410 1 -1
724 81 51 82 51 758 792 760 794
411 0 -1
725 63 38 67 43 759 793 770 804
412 2 -1
726 35 44 35 47 760 794 764 798
413 0 -1
727 92 22 93 24 761 795 764 798
414 2 -1
728 8 18 11 19 762 796 767 801
415 0 -1
729 64 45 64 45 763 797 764 798
416 3 -1
731 59 75 59 75 765 799 766 800
417 2 -1
733 99 90 97 90 767 801 769 803
418 0 -1
734 63 81 64 81 768 802 770 804
419 3 -1
735 92 52 95 52 769 803 772 806
420 0 -1
736 50 42 52 42 770 804 772 806
421 0 -1
737 90 54 92 55 771 805 774 808
422 0 -1
742 2 25 3 27 776 810 781 815
423 0 -1
744 53 91 53 92 778 812 780 814
424 3 -1
745 61 37 63 38 779 813 784 818
425 1 -1
748 80 55 81 56 782 816 784 818
426 3 -1
750 38 87 38 88 784 818 785 819
427 0 -1
751 88 17 89 17 785 819 786 820
428 0 -1
752 24 69 27 69 786 820 789 823
429 3 -1
753 78 88 78 89 787 821 788 822
430 3 -1
754 62 20 65 21 788 822 794 828
431 3 -1
755 37 70 38 71 789 823 791 825
432 1 -1
757 7 3 9 3 791 825 793 827
433 1 -1
758 44 70 44 74 792 826 800 834
434 2 -1
759 5 1 6 1 793 827 795 829
435 1 -1
760 7 30 7 30 794 828 795 829
436 1 -1
766 57 63 58 64 800 834 802 836
437 1 -1
767 13 14 14 14 801 835 803 837
438 3 -1
768 35 14 37 14 802 836 805 839
439 0 -1
771 68 30 69 30 805 839 806 840
440 0 -1
772 1 77 3 77 806 840 808 842
441 1 -1
773 66 4 68 5 807 841 810 844
442 2 -1
775 31 98 31 93 809 843 814 848
443 3 -1
777 22 47 24 47 811 845 813 847
444 3 -1
778 1 24 2 25 812 846 814 848
445 1 -1
779 89 52 92 52 813 847 816 850
446 0 -1
781 16 72 16 73 815 849 816 850
447 3 -1
782 55 54 59 54 816 850 820 854
448 2 -1
784 74 52 75 53 818 852 820 854
449 3 -1
787 39 96 40 96 821 855 823 857
450 0 -1
788 25 52 25 53 822 856 823 857
451 3 -1
789 62 56 64 57 823 857 827 861
452 0 -1
790 54 58 56 58 824 858 826 860
453 0 -1
791 21 25 26 25 825 859 830 864
454 3 -1
793 53 99 56 99 827 861 830 864
455 3 -1
794 32 12 32 16 828 862 832 866
456 3 -1
795 19 20 19 22 829 863 831 865
457 1 -1
796 39 8 39 11 830 864 834 868
458 3 -1
797 65 63 66 63 831 865 832 866
459 3 -1
798 42 9 45 9 832 866 835 869
460 1 -1
799 28 22 28 24 833 867 835 869
461 1 -1
800 83 91 86 93 834 868 839 873
462 0 -1
802 32 6 35 6 836 870 840 874
463 0 -1
803 31 86 31 88 837 871 839 873
464 1 -1
805 32 89 34 89 839 873 844 878
465 3 -1
806 52 44 57 48 840 874 849 883
466 3 -1
807 96 99 98 99 841 875 843 877
467 0 -1
810 86 18 87 18 844 878 845 879
468 2 -1
813 41 71 41 71 847 881 848 882
469 0 -1
818 39 40 39 42 852 886 854 888
470 1 -1
820 74 40 74 40 854 888 857 891
471 0 -1
824 52 41 53 41 858 892 860 894
472 3 -1
825 71 57 71 58 859 893 862 896
473 0 -1
827 32 91 32 92 861 895 862 896
474 3 -1
828 5 53 13 54 862 896 872 906
475 1 -1
830 29 64 31 64 864 898 867 901
476 0 -1
831 94 22 95 22 865 899 866 900
477 3 -1
833 27 90 27 90 867 901 869 903
478 3 -1
834 7 83 9 83 868 902 870 904
479 0 -1
835 56 67 64 68 869 903 879 913
480 3 -1
839 31 4 32 5 873 907 875 909
481 2 -1
841 16 21 19 21 875 909 879 913
482 2 -1
842 87 81 87 82 876 910 878 912
483 3 -1
844 4 64 6 66 878 912 883 917
484 0 -1
845 50 10 51 10 879 913 881 915
485 1 -1
846 42 17 43 18 880 914 886 920
486 3 -1
847 16 72 16 72 881 915 882 916
487 2 -1
850 73 43 74 43 884 918 887 921
488 0 -1
851 24 77 24 79 885 919 889 923
489 2 -1
854 9 94 10 94 888 922 889 923
490 1 -1
856 77 0 79 0 890 924 893 927
491 1 -1
859 57 25 57 28 893 927 898 932
492 2 -1
860 25 47 25 48 894 928 895 929
493 3 -1
861 29 41 30 42 895 929 897 931
494 1 -1
864 3 74 3 74 898 932 901 935
495 3 -1
867 46 92 46 93 901 935 902 936
496 3 -1
868 56 1 58 1 902 936 904 938
497 1 -1
871 0 8 12 12 905 939 921 955
498 1 -1
873 9 62 11 62 907 941 909 943
499 0 -1
874 48 51 49 54 908 942 913 947
500 0 -1
875 23 15 26 15 909 943 912 946
501 2 -1
877 88 43 90 44 911 945 914 948
502 0 -1
878 33 96 34 96 912 946 914 948
503 3 -1
879 71 41 72 41 913 947 915 949
504 0 -1
880 25 40 28 41 914 948 918 952
505 0 -1
881 48 39 48 45 915 949 921 955
506 3 -1
882 20 42 21 43 916 950 918 952
507 3 -1
885 3 26 3 27 919 953 920 954
508 0 -1
887 66 34 67 36 921 955 924 958
509 3 -1
889 86 29 89 29 923 957 926 960
510 3 -1
891 13 44 15 44 925 959 927 961
511 0 -1
893 84 41 84 43 927 961 929 963
512 0 -1
894 2 80 2 80 928 962 931 965
513 2 -1
895 15 63 15 66 929 963 932 966
514 3 -1
896 29 74 31 74 930 964 932 966
515 1 -1
897 7 49 7 49 931 965 932 966
516 3 -1
898 66 46 66 46 932 966 934 968
517 0 -1
899 34 12 34 14 933 967 935 969
518 3 -1
900 91 81 93 81 934 968 940 974
519 0 -1
901 8 88 10 88 935 969 937 971
520 1 -1
902 15 13 15 13 936 970 937 971
521 1 -1
905 74 68 74 69 939 973 940 974
522 3 -1
910 72 76 73 76 944 978 945 979
523 1 -1
912 81 85 85 85 946 980 956 990
524 2 -1
914 31 41 32 45 948 982 955 989
525 3 -1
917 39 12 39 12 951 985 955 989
526 2 -1
919 12 74 12 74 953 987 955 989
527 2 -1
920 7 31 10 31 954 988 957 991
528 2 -1
921 58 63 58 64 955 989 956 990
529 1 -1
923 83 49 84 49 957 991 958 992
530 2 -1
925 57 97 60 97 959 993 962 996
531 2 -1
926 33 41 39 42 960 994 969 1003
532 3 -1
927 64 8 65 8 961 995 964 998
533 2 -1
928 89 22 93 22 962 996 966 1000
534 3 -1
929 11 62 12 62 963 997 964 998
535 0 -1
931 82 72 82 73 965 999 967 1001
536 0 -1
933 87 57 90 60 967 1001 974 1008
537 1 -1
935 18 92 18 92 969 1003 971 1005
538 2 -1
936 16 44 16 45 970 1004 971 1005
539 1 -1
937 70 14 72 14 971 1005 975 1009
540 3 -1
938 63 60 63 63 972 1006 976 1010
541 0 -1
940 76 95 78 95 974 1008 976 1010
542 3 -1
942 18 79 19 79 976 1010 977 1011
543 3 -1
943 87 31 92 32 977 1011 984 1018
544 1 -1
944 2 39 3 39 978 1012 979 1013
545 1 -1
945 61 68 64 68 979 1013 982 1016
546 0 -1
947 40 67 40 78 981 1015 994 1028
547 3 -1
948 19 31 21 31 982 1016 985 1019
548 0 -1
950 51 66 52 67 984 1018 986 1020
549 2 -1
951 65 96 65 97 985 1019 987 1021
550 2 -1
954 43 95 43 97 988 1022 990 1024
551 1 -1
955 39 43 39 43 989 1023 990 1024
552 3 -1
957 83 62 83 64 991 1025 994 1028
553 2 -1
958 29 71 30 71 992 1026 993 1027
554 3 -1
963 96 79 98 80 997 1031 1000 1034
555 1 -1
964 9 91 9 93 998 1032 1000 1034
556 0 -1
966 92 29 92 29 1000 1034 1002 1036
557 1 -1
969 18 2 18 2 1003 1037 1005 1039
558 3 -1
972 4 83 5 87 1006 1040 1012 1046
559 3 -1
973 1 55 1 59 1007 1041 1011 1045
560 3 -1
974 82 81 87 86 1008 1042 1018 1052
561 1 -1
976 31 28 35 29 1010 1044 1015 1049
562 1 -1
979 32 8 33 8 1013 1047 1017 1051
563 1 -1
981 3 35 3 36 1015 1049 1016 1050
564 3 -1
983 39 98 40 99 1017 1051 1020 1054
565 0 -1
984 91 59 91 65 1018 1052 1024 1058
566 1 -1
987 25 19 26 21 1021 1055 1025 1059
567 3 -1
989 58 43 60 44 1023 1057 1026 1060
568 0 -1
990 99 33 96 34 1024 1058 1028 1062
569 3 -1
992 15 12 17 13 1026 1060 1030 1064
570 3 -1
993 83 9 84 9 1027 1061 1029 1063
571 1 -1
994 61 46 61 47 1028 1062 1032 1066
572 0 -1
996 30 11 32 11 1030 1064 1032 1066
573 1 -1
997 80 62 82 62 1031 1065 1033 1067
574 3 -1
998 11 70 12 70 1032 1066 1033 1067
575 1 -1
999 19 28 21 28 1033 1067 1035 1069
576 2 -1
1001 46 78 47 43 1035 1069 1084 1118
577 2 -1
1004 49 53 50 54 1038 1072 1040 1074
578 2 -1
1008 42 26 43 26 1042 1076 1043 1077
579 3 -1
1010 29 70 29 70 1044 1078 1046 1080
580 3 -1
1012 94 27 94 27 1046 1080 1047 1081
581 3 -1
1015 81 89 82 89 1049 1083 1050 1084
582 3 -1
1016 8 99 9 99 1050 1084 1051 1085
583 2 -1
1017 3 41 3 44 1051 1085 1054 1088
584 3 -1
1018 60 7 62 11 1052 1086 1066 1100
585 0 -1
1019 88 72 92 76 1053 1087 1063 1097
586 2 -1
1020 1 30 1 33 1054 1088 1057 1091
587 1 -1
1021 4 97 4 98 1055 1089 1056 1090
588 1 -1
1022 4 51 15 52 1056 1090 1070 1104
589 0 -1
1025 88 38 93 38 1059 1093 1064 1098
590 0 -1
1027 31 87 32 87 1061 1095 1062 1096
591 3 -1
1028 16 76 17 76 1062 1096 1063 1097
592 0 -1
1031 24 31 32 31 1065 1099 1074 1108
593 1 -1
1032 60 86 66 87 1066 1100 1073 1107
594 1 -1
1033 79 87 82 87 1067 1101 1071 1105
595 2 -1
1035 54 59 56 59 1069 1103 1071 1105
596 0 -1
1036 23 52 25 52 1070 1104 1072 1106
597 2 -1
1037 81 8 82 8 1071 1105 1072 1106
598 2 -1
1039 94 28 94 29 1073 1107 1074 1108
599 0 -1
1040 21 75 22 75 1074 1108 1075 1109
600 2 -1
1042 76 77 83 80 1076 1110 1087 1121
601 2 -1
1044 85 12 88 13 1078 1112 1082 1116
602 3 -1
1045 31 45 31 47 1079 1113 1082 1116
603 0 -1
1051 84 20 85 20 1085 1119 1086 1120
604 2 -1
1053 66 68 67 68 1087 1121 1088 1122
605 3 -1
1056 14 79 15 80 1090 1124 1092 1126
606 3 -1
1057 15 10 16 11 1091 1125 1093 1127
607 3 -1
1059 9 38 13 38 1093 1127 1097 1131
608 3 -1
1060 83 86 85 86 1094 1128 1099 1133
609 3 -1
1063 61 96 62 96 1097 1131 1100 1134
610 1 -1
1065 99 40 96 40 1099 1133 1102 1136
611 2 -1
1066 12 23 12 23 1100 1134 1102 1136
612 0 -1
1067 54 74 54 74 1101 1135 1102 1136
613 0 -1
1070 73 31 84 32 1104 1138 1116 1150
614 1 -1
1071 41 65 43 67 1105 1139 1110 1144
615 3 -1
1073 16 51 17 56 1107 1141 1122 1156
616 2 -1
1074 33 25 33 26 1108 1142 1109 1143
617 3 -1
1075 7 16 10 16 1109 1143 1112 1146
618 2 -1
1078 77 92 79 93 1112 1146 1116 1150
619 2 -1
1082 39 12 40 12 1116 1150 1117 1151
620 1 -1
1083 88 20 89 20 1117 1151 1119 1153
621 1 -1
1084 12 24 14 28 1118 1152 1124 1158
622 0 -1
1085 37 63 39 64 1119 1153 1122 1156
623 3 -1
1086 58 83 61 84 1120 1154 1124 1158
624 3 -1
1090 0 63 1 63 1124 1158 1125 1159
625 1 -1
1091 24 28 28 28 1125 1159 1129 1163
626 2 -1
1092 39 98 39 98 1126 1160 1127 1161
627 2 -1
1095 64 55 67 55 1129 1163 1132 1166
628 3 -1
1097 31 62 33 63 1131 1165 1134 1168
629 3 -1
1098 31 23 31 24 1132 1166 1136 1170
630 3 -1
1099 60 68 65 68 1133 1167 1138 1172
631 0 -1
1100 80 36 81 38 1134 1168 1139 1173
632 0 -1
1102 74 73 76 73 1136 1170 1139 1173
633 0 -1
1103 36 64 40 65 1137 1171 1144 1178
634 2 -1
1104 27 73 28 73 1138 1172 1139 1173
635 2 -1
1105 63 61 64 61 1139 1173 1140 1174
636 0 -1
1107 68 42 75 43 1141 1175 1151 1185
637 1 -1
1109 58 9 60 10 1143 1177 1146 1180
638 3 -1
1111 4 98 6 98 1145 1179 1147 1181
639 1 -1
1113 41 65 41 65 1147 1181 1148 1182
640 0 -1
1114 88 44 88 45 1148 1182 1149 1183
641 0 -1
1115 80 41 83 41 1149 1183 1152 1186
642 3 -1
1116 63 46 73 47 1150 1184 1161 1195
643 1 -1
1118 45 80 47 80 1152 1186 1154 1188
644 2 -1
1120 73 81 74 81 1154 1188 1156 1190
645 3 -1
1121 98 39 99 39 1155 1189 1156 1190
646 2 -1
1122 55 87 58 87 1156 1190 1159 1193
647 0 -1
1124 13 25 18 27 1158 1192 1165 1199
648 3 -1
1125 81 41 82 41 1159 1193 1161 1195
649 0 -1
1126 8 14 11 18 1160 1194 1172 1206
650 0 -1
1129 24 63 25 63 1163 1197 1164 1198
651 1 -1
1130 50 73 50 73 1164 1198 1165 1199
652 1 -1
1132 32 57 32 57 1166 1200 1168 1202
653 1 -1
1133 5 96 5 99 1167 1201 1170 1204
654 3 -1
1137 37 25 39 26 1171 1205 1175 1209
655 0 -1
1138 46 50 47 50 1172 1206 1173 1207
656 3 -1
1139 51 77 51 77 1173 1207 1174 1208
657 0 -1
1141 55 69 55 71 1175 1209 1177 1211
658 3 -1
1142 14 39 17 39 1176 1210 1179 1213
659 1 -1
1144 72 87 74 87 1178 1212 1181 1215
660 2 -1
1147 61 56 65 56 1181 1215 1185 1219
661 0 -1
1150 53 94 54 94 1184 1218 1185 1219
662 1 -1
1151 23 58 23 60 1185 1219 1187 1221
663 1 -1
1154 56 28 56 28 1188 1222 1189 1223
664 1 -1
1156 33 73 35 73 1190 1224 1192 1226
665 0 -1
1157 45 67 46 70 1191 1225 1196 1230
666 1 -1
1158 51 5 54 6 1192 1226 1196 1230
667 0 -1
1159 60 50 61 50 1193 1227 1195 1229
668 2 -1
1164 16 7 18 7 1198 1232 1201 1235
669 1 -1
1166 36 13 39 13 1200 1234 1203 1237
670 3 -1
1169 19 67 21 67 1203 1237 1206 1240
671 1 -1
1170 48 20 49 20 1204 1238 1207 1241
672 1 -1
1171 8 0 8 2 1205 1239 1214 1248
673 3 -1
1172 99 78 99 79 1206 1240 1207 1241
674 2 -1
1174 31 41 32 46 1208 1242 1215 1249
675 0 -1
1175 42 37 42 38 1209 1243 1212 1246
676 2 -1
1176 96 52 96 54 1210 1244 1212 1246
677 0 -1
1177 62 78 62 79 1211 1245 1213 1247
678 0 -1
1179 5 73 6 73 1213 1247 1214 1248
679 2 -1
1186 87 78 87 78 1220 1254 1222 1256
680 2 -1
1187 51 0 53 0 1221 1255 1223 1257
681 3 -1
1188 53 39 54 39 1222 1256 1223 1257
682 0 -1
1190 49 62 50 62 1224 1258 1225 1259
683 1 -1
1191 28 33 30 33 1225 1259 1227 1261
684 1 -1
1194 10 87 10 87 1228 1262 1230 1264
685 3 -1
1195 89 11 89 13 1229 1263 1232 1266
686 3 -1
1197 6 30 9 30 1231 1265 1234 1268
687 0 -1
1198 16 56 18 58 1232 1266 1236 1270
688 3 -1
1201 1 51 5 51 1235 1269 1240 1274
689 0 -1
1202 20 2 20 3 1236 1270 1237 1271
690 1 -1
1203 85 76 86 76 1237 1271 1238 1272
691 0 -1
1205 31 56 32 57 1239 1273 1242 1276
692 0 -1
1207 9 68 11 70 1241 1275 1245 1279
693 0 -1
1208 89 88 90 88 1242 1276 1244 1278
694 1 -1
1209 42 28 43 28 1243 1277 1244 1278
695 2 -1
1211 65 66 68 66 1245 1279 1249 1283
696 0 -1
1214 50 36 51 38 1248 1282 1254 1288
697 1 -1
1217 15 31 16 31 1251 1285 1253 1287
698 2 -1
1218 34 33 34 34 1252 1286 1253 1287
699 3 -1
1219 14 65 17 68 1253 1287 1260 1294
700 2 -1
1220 79 8 79 8 1254 1288 1255 1289
701 0 -1
1222 56 52 59 52 1256 1290 1259 1293
702 1 -1
1223 22 38 24 40 1257 1291 1261 1295
703 1 -1
1226 80 39 80 41 1260 1294 1263 1297
704 0 -1
1227 79 11 79 11 1261 1295 1262 1296
705 2 -1
1229 58 32 59 32 1263 1297 1264 1298
706 1 -1
1230 38 67 39 68 1264 1298 1269 1303
707 2 -1
1231 19 94 20 94 1265 1299 1266 1300
708 2 -1
1233 81 52 83 52 1267 1301 1269 1303
709 1 -1
1235 31 42 33 42 1269 1303 1273 1307
710 3 -1
1236 83 50 84 53 1270 1304 1275 1309
711 2 -1
1237 51 5 52 9 1271 1305 1276 1310
712 3 -1
1238 13 66 14 69 1272 1306 1277 1311
713 3 -1
1240 82 75 85 75 1274 1308 1278 1312
714 1 -1
1241 67 56 67 56 1275 1309 1276 1310
715 2 -1
1242 19 11 29 13 1276 1310 1289 1323
716 1 -1
1243 62 17 62 17 1277 1311 1279 1313
717 0 -1
1244 24 70 25 70 1278 1312 1285 1319
718 1 -1
1246 85 99 85 97 1280 1314 1289 1323
719 1 -1
1250 68 64 68 65 1284 1318 1285 1319
720 1 -1
1254 7 19 13 20 1288 1322 1295 1329
721 2 -1
1255 50 17 53 17 1289 1323 1293 1327
722 2 -1
1258 70 14 85 14 1292 1326 1308 1342
723 0 -1
1259 3 98 12 93 1293 1327 1311 1345
724 0 -1
1260 97 99 92 99 1294 1328 1300 1334
725 0 -1
1261 84 62 91 62 1295 1329 1302 1336
726 2 -1
1263 97 15 91 16 1297 1331 1304 1338
727 1 -1
1264 37 12 37 14 1298 1332 1302 1336
728 3 -1
1265 59 83 61 83 1299 1333 1301 1335
729 1 -1
1266 98 71 99 71 1300 1334 1301 1335
730 0 -1
1268 49 52 49 53 1302 1336 1305 1339
731 2 -1
1276 9 74 9 75 1310 1344 1311 1345
732 1 -1
1277 14 43 17 44 1311 1345 1316 1350
733 3 -1
1281 7 10 9 10 1315 1349 1317 1351
734 3 -1
1284 42 57 42 58 1318 1352 1320 1354
735 3 -1
1287 21 70 24 70 1321 1355 1325 1359
736 1 -1
1290 28 51 35 51 1324 1358 1331 1365
737 1 -1
1291 77 37 78 39 1325 1359 1328 1362
738 1 -1
1292 73 73 87 74 1326 1360 1352 1386
739 0 -1
1297 28 12 29 13 1331 1365 1334 1368
740 3 -1
1298 81 6 82 6 1332 1366 1333 1367
741 1 -1
1299 87 13 89 13 1333 1367 1336 1370
742 0 -1
1300 32 12 33 13 1334 1368 1336 1370
743 1 -1
1307 91 85 92 85 1341 1375 1342 1376
744 0 -1
1309 32 42 34 42 1343 1377 1345 1379
745 1 -1
1312 31 56 31 56 1346 1380 1348 1382
746 1 -1
1313 4 73 5 73 1347 1381 1348 1382
747 3 -1
1314 75 31 78 31 1348 1382 1352 1386
748 3 -1
1315 40 58 44 58 1349 1383 1354 1388
749 3 -1
1316 60 77 62 77 1350 1384 1352 1386
750 3 -1
1317 91 48 92 49 1351 1385 1353 1387
751 1 -1
1318 82 37 85 37 1352 1386 1355 1389
752 3 -1
1319 76 93 78 93 1353 1387 1355 1389
753 0 -1
1320 14 81 15 81 1354 1388 1355 1389
754 0 -1
1321 62 17 64 17 1355 1389 1357 1391
755 2 -1
1323 20 9 20 10 1357 1391 1359 1393
756 0 -1
1324 68 44 69 46 1358 1392 1363 1397
757 1 -1
1325 29 94 32 94 1359 1393 1365 1399
758 2 -1
1326 86 20 87 20 1360 1394 1361 1395
759 0 -1
1327 97 18 91 19 1361 1395 1371 1405
760 0 -1
1329 15 96 15 97 1363 1397 1365 1399
761 3 -1
1332 63 13 63 14 1366 1400 1368 1402
762 2 -1
1333 67 27 67 27 1367 1401 1368 1402
763 0 -1
1335 15 26 23 29 1369 1403 1385 1419
764 1 -1
1336 73 48 74 48 1370 1404 1371 1405
765 3 -1
1338 24 89 25 91 1372 1406 1375 1409
766 1 -1
1340 84 69 85 71 1374 1408 1381 1415
767 2 -1
1342 1 84 3 85 1376 1410 1379 1413
768 1 -1
1344 78 54 80 54 1378 1412 1380 1414
769 0 -1
1345 28 61 29 61 1379 1413 1380 1414
770 2 -1
1347 97 31 97 33 1381 1415 1384 1418
771 1 -1
1348 2 79 4 82 1382 1416 1387 1421
772 3 -1
1349 0 31 5 31 1383 1417 1389 1423
773 1 -1
1354 95 81 97 81 1388 1422 1391 1425
774 3 -1
1355 89 18 89 21 1389 1423 1394 1428
775 0 -1
1359 11 85 14 85 1393 1427 1398 1432
776 3 -1
1362 99 42 99 44 1396 1430 1398 1432
777 2 -1
1365 1 81 1 81 1399 1433 1400 1434
778 2 -1
1368 64 10 66 10 1402 1436 1404 1438
779 1 -1
1369 33 36 60 38 1403 1437 1438 1472
780 3 -1
1370 99 43 99 45 1404 1438 1406 1440
781 1 -1
1372 27 85 32 85 1406 1440 1411 1445
782 2 -1
1374 77 71 77 73 1408 1442 1410 1444
783 3 -1
1375 90 37 93 40 1409 1443 1416 1450
784 1 -1
1376 31 57 31 58 1410 1444 1411 1445
785 1 -1
1377 69 18 69 21 1411 1445 1414 1448
786 2 -1
1378 81 29 81 30 1412 1446 1413 1447
787 3 -1
1379 60 67 63 68 1413 1447 1417 1451
788 1 -1
1381 77 57 78 58 1415 1449 1418 1452
789 0 -1
1382 21 51 22 52 1416 1450 1419 1453
790 3 -1
1383 91 7 91 9 1417 1451 1419 1453
791 1 -1
1385 5 27 5 32 1419 1453 1425 1459
792 0 -1
1386 97 48 98 48 1420 1454 1423 1457
793 2 -1
1387 40 2 43 2 1421 1455 1432 1466
794 2 -1
1388 90 65 93 65 1422 1456 1425 1459
795 0 -1
1389 60 79 61 79 1423 1457 1425 1459
796 1 -1
1390 99 5 98 5 1424 1458 1426 1460
797 1 -1
1391 6 86 8 86 1425 1459 1427 1461
798 1 -1
1393 15 51 15 52 1427 1461 1429 1463
799 1 -1
1395 86 39 86 40 1429 1463 1437 1471
800 0 -1
1396 2 96 3 96 1430 1464 1431 1465
801 1 -1
1400 88 6 89 8 1434 1468 1437 1471
802 1 -1
1401 9 63 12 63 1435 1469 1438 1472
803 1 -1
1402 28 37 28 40 1436 1470 1443 1477
804 2 -1
1403 88 98 88 100 1437 1471 1439 1473
805 3 -1
1406 61 94 62 94 1440 1474 1441 1475
806 0 -1
1411 7 90 8 91 1445 1479 1447 1481
807 1 -1
1412 27 65 32 66 1446 1480 1452 1486
808 1 -1
1413 58 5 59 5 1447 1481 1448 1482
809 0 -1
1414 3 3 4 4 1448 1482 1450 1484
810 3 -1
1415 18 83 18 84 1449 1483 1451 1485
811 3 -1
1417 27 41 27 41 1451 1485 1452 1486
812 1 -1
1418 31 65 34 66 1452 1486 1457 1491
813 2 -1
1419 63 6 67 8 1453 1487 1460 1494
814 2 -1
1420 43 30 51 30 1454 1488 1462 1496
815 1 -1
1423 4 17 5 17 1457 1491 1458 1492
816 3 -1
1426 84 1 85 1 1460 1494 1462 1496
817 3 -1
1428 97 41 94 41 1462 1496 1465 1499
818 2 -1
1429 55 51 56 51 1463 1497 1465 1499
819 0 -1
1430 23 7 24 7 1464 1498 1465 1499
820 0 -1
1431 32 41 34 42 1465 1499 1468 1502
821 0 -1
1432 12 7 13 7 1466 1500 1467 1501
822 3 -1
1434 48 26 49 26 1468 1502 1469 1503
823 3 -1
1435 51 26 53 31 1469 1503 1476 1510
824 0 -1
1436 41 55 43 55 1470 1504 1472 1506
825 0 -1
1438 77 71 80 72 1472 1506 1476 1510
826 0 -1
1439 14 58 15 58 1473 1507 1474 1508
827 3 -1
1440 59 25 62 25 1474 1508 1477 1511
828 1 -1
1441 35 81 42 81 1475 1509 1482 1516
829 3 -1
1442 30 89 31 89 1476 1510 1478 1512
830 0 -1
1443 78 86 78 89 1477 1511 1482 1516
831 3 -1
1444 23 53 24 53 1478 1512 1480 1514
832 1 -1
1446 99 19 97 23 1480 1514 1486 1520
833 0 -1
1447 73 42 74 42 1481 1515 1483 1517
834 2 -1
1448 20 11 20 12 1482 1516 1484 1518
835 1 -1
1452 62 77 63 77 1486 1520 1487 1521
836 3 -1
1454 23 51 23 54 1488 1522 1492 1526
837 0 -1
1455 1 9 1 9 1489 1523 1491 1525
838 1 -1
1456 61 89 62 89 1490 1524 1491 1525
839 2 -1
1457 52 99 56 100 1491 1525 1497 1531
840 3 -1
1458 26 10 27 15 1492 1526 1502 1536
841 3 -1
1461 65 29 65 32 1495 1529 1498 1532
842 3 -1
1462 20 82 23 83 1496 1530 1500 1534
843 2 -1
1463 18 27 19 28 1497 1531 1499 1533
844 3 -1
1465 63 45 64 45 1499 1533 1501 1535
845 1 -1
1466 8 84 10 84 1500 1534 1502 1536
846 1 -1
1468 53 30 53 31 1502 1536 1503 1537
847 2 -1
1469 4 74 7 76 1503 1537 1508 1542
848 3 -1
1470 6 42 6 43 1504 1538 1505 1539
849 2 -1
1472 7 15 9 16 1506 1540 1511 1545
850 1 -1
1473 65 67 67 70 1507 1541 1512 1546
851 3 -1
1474 89 88 94 88 1508 1542 1519 1553
852 3 -1
1475 1 25 1 25 1509 1543 1511 1545
853 0 -1
1478 42 33 43 37 1512 1546 1518 1552
854 1 -1
1479 16 78 17 78 1513 1547 1515 1549
855 1 -1
1481 49 12 50 12 1515 1549 1517 1551
856 1 -1
1483 47 50 51 52 1517 1551 1528 1562
857 1 -1
1486 86 15 90 15 1520 1554 1525 1559
858 3 -1
1487 51 92 53 92 1521 1555 1525 1559
859 1 -1
1493 31 53 32 54 1527 1561 1529 1563
860 2 -1
1495 1 98 2 98 1529 1563 1530 1564
861 1 -1
1496 91 26 95 26 1530 1564 1534 1568
862 1 -1
1497 61 97 64 98 1531 1565 1535 1569
863 3 -1
1499 26 66 27 66 1533 1567 1535 1569
864 1 -1
1500 49 89 49 90 1534 1568 1536 1570
865 3 -1
1501 25 36 32 37 1535 1569 1543 1577
866 1 -1
1502 22 65 25 65 1536 1570 1540 1574
867 2 -1
1504 21 51 21 54 1538 1572 1551 1585
868 2 -1
1505 28 27 35 30 1539 1573 1549 1583
869 0 -1
1506 65 92 66 92 1540 1574 1542 1576
870 3 -1
1507 62 37 63 39 1541 1575 1544 1578
871 0 -1
1508 66 60 67 64 1542 1576 1548 1582
872 2 -1
1509 13 13 13 13 1543 1577 1544 1578
873 1 -1
1511 15 33 16 33 1545 1579 1547 1581
874 3 -1
1513 6 70 10 70 1547 1581 1552 1586
875 0 -1
1515 55 49 56 49 1549 1583 1550 1584
876 3 -1
1516 63 13 64 15 1550 1584 1553 1587
877 2 -1
1517 12 97 12 100 1551 1585 1554 1588
878 2 -1
1518 50 55 53 55 1552 1586 1555 1589
879 3 -1
1519 85 28 87 29 1553 1587 1557 1591
880 2 -1
1521 16 45 20 45 1555 1589 1559 1593
881 3 -1
1522 0 68 2 68 1556 1590 1558 1592
882 0 -1
1523 79 53 80 53 1557 1591 1559 1593
883 2 -1
1527 43 15 45 15 1561 1595 1565 1599
884 2 -1
1528 24 91 24 92 1562 1596 1563 1597
885 3 -1
1533 53 17 53 18 1567 1601 1568 1602
886 0 -1
1534 14 69 15 74 1568 1602 1577 1611
887 2 -1
1535 22 91 25 91 1569 1603 1572 1606
888 1 -1
1536 91 18 92 19 1570 1604 1572 1606
889 0 -1
1538 24 8 28 8 1572 1606 1576 1610
890 2 -1
1540 47 23 48 23 1574 1608 1575 1609
891 0 -1
1543 79 15 82 15 1577 1611 1580 1614
892 0 -1
1544 18 78 20 78 1578 1612 1580 1614
893 3 -1
1545 29 22 29 23 1579 1613 1581 1615
894 2 -1
1547 88 28 92 29 1581 1615 1586 1620
895 2 -1
1550 20 51 22 51 1584 1618 1586 1620
896 0 -1
1551 50 48 52 48 1585 1619 1587 1621
897 2 -1
1552 5 69 5 72 1586 1620 1591 1625
898 0 -1
1554 86 55 86 56 1588 1622 1592 1626
899 0 -1
1555 48 65 49 66 1589 1623 1591 1625
900 3 -1
1556 0 58 1 59 1590 1624 1592 1626
901 1 -1
1559 81 57 86 58 1593 1627 1599 1633
902 3 -1
1560 59 78 65 78 1594 1628 1600 1634
903 0 -1
1562 26 35 26 36 1596 1630 1598 1632
904 1 -1
1563 69 40 69 49 1597 1631 1607 1641
905 0 -1
1564 60 42 62 42 1598 1632 1600 1634
906 2 -1
1566 78 31 79 31 1600 1634 1602 1636
907 1 -1
1567 43 77 47 77 1601 1635 1605 1639
908 0 -1
1573 51 40 53 45 1607 1641 1615 1649
909 0 -1
1575 8 42 8 43 1609 1643 1610 1644
910 2 -1
1576 26 16 26 18 1610 1644 1612 1646
911 1 -1
1577 85 69 86 69 1611 1645 1613 1647
912 1 -1
1579 91 70 91 71 1613 1647 1616 1650
913 0 -1
1580 41 85 42 86 1614 1648 1616 1650
914 1 -1
1582 89 22 89 23 1616 1650 1617 1651
915 2 -1
1584 48 56 48 56 1618 1652 1619 1653
916 3 -1
1587 13 39 18 45 1621 1655 1633 1667
917 3 -1
1588 15 11 18 11 1622 1656 1626 1660
918 3 -1
1589 10 52 12 52 1623 1657 1625 1659
919 0 -1
1590 89 65 89 66 1624 1658 1627 1661
920 1 -1
1591 19 21 23 21 1625 1659 1630 1664
921 1 -1
1593 73 0 75 0 1627 1661 1631 1665
922 3 -1
1594 50 44 51 44 1628 1662 1630 1664
923 3 -1
1596 79 61 79 63 1630 1664 1632 1666
924 0 -1
1598 40 46 41 46 1632 1666 1633 1667
925 2 -1
1599 87 40 89 41 1633 1667 1637 1671
926 3 -1
1600 96 21 96 22 1634 1668 1635 1669
927 1 -1
1603 67 39 68 39 1637 1671 1638 1672
928 1 -1
1606 22 55 22 55 1640 1674 1642 1676
929 1 -1
1608 89 63 89 63 1642 1676 1643 1677
930 0 -1
1609 60 43 62 43 1643 1677 1645 1679
931 0 -1
1610 69 49 69 50 1644 1678 1645 1679
932 0 -1
1611 30 96 30 96 1645 1679 1647 1681
933 2 -1
1613 15 31 16 31 1647 1681 1649 1683
934 1 -1
1615 42 94 42 95 1649 1683 1650 1684
935 3 -1
1618 75 77 78 77 1652 1686 1655 1689
936 0 -1
1620 30 78 32 79 1654 1688 1659 1693
937 2 -1
1621 13 86 15 91 1655 1689 1662 1696
938 0 -1
1623 19 50 23 50 1657 1691 1662 1696
939 1 -1
1624 43 97 44 97 1658 1692 1659 1693
940 1 -1
1625 30 48 30 48 1659 1693 1662 1696
941 1 -1
1626 85 32 86 32 1660 1694 1662 1696
942 3 -1
1627 34 96 38 88 1661 1695 1674 1708
943 3 -1
1629 19 62 19 62 1663 1697 1664 1698
944 2 -1
1631 11 35 12 36 1665 1699 1667 1701
945 2 -1
1633 0 50 8 52 1667 1701 1677 1711
946 0 -1
1634 65 52 66 53 1668 1702 1670 1704
947 2 -1
1637 43 92 44 92 1671 1705 1672 1706
948 3 -1
1638 70 15 73 15 1672 1706 1675 1709
949 3 -1
1640 61 8 62 13 1674 1708 1684 1718
950 3 -1
1641 40 1 40 1 1675 1709 1678 1712
951 0 -1
1642 64 13 64 13 1676 1710 1680 1714
952 3 -1
1645 89 38 89 39 1679 1713 1680 1714
953 1 -1
1648 61 84 63 84 1682 1716 1684 1718
954 2 -1
1649 74 58 76 58 1683 1717 1685 1719
955 3 -1
1650 68 20 68 20 1684 1718 1685 1719
956 3 -1
1656 61 87 63 87 1690 1724 1694 1728
957 3 -1
1657 56 64 58 65 1691 1725 1694 1728
958 1 -1
1659 83 46 86 47 1693 1727 1697 1731
959 2 -1
1660 90 68 92 69 1694 1728 1698 1732
960 0 -1
1661 76 43 78 45 1695 1729 1702 1736
961 3 -1
1662 17 94 24 94 1696 1730 1703 1737
962 2 -1
1663 17 13 22 15 1697 1731 1704 1738
963 2 -1
1664 14 55 16 55 1698 1732 1700 1734
964 2 -1
1665 27 30 27 31 1699 1733 1700 1734
965 0 -1
1668 7 6 7 9 1702 1736 1705 1739
966 0 -1
1671 20 79 20 85 1705 1739 1713 1747
967 2 -1
1672 91 91 93 93 1706 1740 1710 1744
968 3 -1
1673 49 18 54 18 1707 1741 1712 1746
969 1 -1
1675 68 74 69 74 1709 1743 1710 1744
970 1 -1
1676 66 51 69 51 1710 1744 1713 1747
971 0 -1
1678 5 17 8 17 1712 1746 1715 1749
972 0 -1
1679 14 94 15 98 1713 1747 1720 1754
973 2 -1
1680 54 28 57 28 1714 1748 1718 1752
974 0 -1
1683 23 25 30 25 1717 1751 1724 1758
975 3 -1
1685 38 74 38 75 1719 1753 1722 1756
976 0 -1
1686 7 33 13 37 1720 1754 1730 1764
977 1 -1
1687 82 97 82 93 1721 1755 1725 1759
978 3 -1
1688 66 4 71 5 1722 1756 1728 1762
979 2 -1
1690 4 61 6 62 1724 1758 1728 1762
980 3 -1
1691 84 96 85 97 1725 1759 1727 1761
981 3 -1
1692 55 98 58 98 1726 1760 1729 1763
982 1 -1
1694 87 14 87 15 1728 1762 1729 1763
983 2 -1
1695 56 78 57 79 1729 1763 1733 1767
984 3 -1
1696 77 11 80 11 1730 1764 1733 1767
985 2 -1
1697 82 54 84 54 1731 1765 1733 1767
986 1 -1
1698 98 19 96 19 1732 1766 1734 1768
987 3 -1
1700 97 27 98 27 1734 1768 1736 1770
988 3 -1
1702 56 50 65 53 1736 1770 1750 1784
989 0 -1
1703 84 40 85 40 1737 1771 1738 1772
990 0 -1
1704 71 2 74 2 1738 1772 1741 1775
991 1 -1
1709 33 73 36 73 1743 1777 1746 1780
992 0 -1
1712 63 43 66 43 1746 1780 1749 1783
993 1 -1
1714 39 80 42 80 1748 1782 1752 1786
994 1 -1
1717 68 13 72 13 1751 1785 1755 1789
995 1 -1
1718 75 6 75 6 1752 1786 1754 1788
996 3 -1
1720 8 20 14 20 1754 1788 1760 1794
997 2 -1
1722 61 21 62 21 1756 1790 1757 1791
998 2 -1
1723 54 76 54 78 1757 1791 1759 1793
999 1 -1
1725 60 68 61 68 1759 1793 1761 1795
1000 0 -1
1726 45 50 47 51 1760 1794 1763 1797
