100 100 1107
1
0 96 37
11
0 0 8 100 6
0
1 0 16 100 6
0
2 0 26 100 6
0
3 0 36 100 6
0
4 0 46 100 6
0
5 0 60 100 6
0
6 0 72 100 6
0
7 0 82 100 6
0
8 0 92 100 6
0
9 0 105 100 6
0
10 0 116 100 6
0
300
1 0 -1
2 31 81 32 81 278 554 555 557
2 0 -1
5 37 65 40 66 281 557 558 562
3 0 -1
7 49 98 49 99 283 559 560 563
4 0 -1
8 38 5 40 8 284 560 561 569
5 0 -1
9 95 88 97 90 285 561 562 567
6 0 -1
10 29 83 33 83 286 562 563 566
7 0 -1
11 9 92 11 95 287 563 564 569
8 0 -1
12 74 26 74 28 288 564 565 566
9 0 -1
13 24 72 24 73 289 565 566 567
10 0 -1
14 40 90 43 90 290 566 567 569
11 0 -1
15 46 31 46 31 291 567 568 573
12 0 -1
17 21 10 25 10 293 569 570 573
13 0 -1
18 83 79 84 84 294 570 571 576
14 0 -1
19 31 27 32 27 295 571 572 572
15 0 -1
20 69 85 71 85 296 572 573 574
16 0 -1
21 87 19 87 20 297 573 574 575
17 0 -1
22 54 87 55 89 298 574 575 578
18 0 -1
24 73 7 75 7 300 576 577 578
19 0 -1
29 20 18 24 18 305 581 582 587
20 0 -1
30 31 43 32 43 306 582 583 584
21 0 -1
31 6 35 8 35 307 583 584 585
22 0 -1
33 53 39 57 39 309 585 586 591
23 0 -1
35 99 10 99 11 311 587 588 588
24 0 -1
36 78 73 80 73 312 588 589 590
25 0 -1
39 50 2 50 2 315 591 592 592
26 0 -1
40 22 57 23 57 316 592 593 593
27 0 -1
41 54 51 56 51 317 593 594 595
28 0 -1
42 59 54 59 55 318 594 595 595
29 0 -1
43 30 75 30 76 319 595 596 596
30 0 -1
45 68 22 70 22 321 597 598 599
31 0 -1
49 4 50 5 50 325 601 602 604
32 0 -1
52 82 50 86 53 328 604 605 611
33 0 -1
53 19 41 22 43 329 605 606 610
34 0 -1
54 34 63 35 63 330 606 607 607
35 0 -1
56 38 88 42 92 332 608 609 625
36 0 -1
57 77 4 77 5 333 609 610 611
37 0 -1
59 94 20 95 20 335 611 612 612
38 0 -1
61 7 24 7 26 337 613 614 615
39 0 -1
62 6 88 14 88 338 614 615 622
40 0 -1
64 48 17 64 17 340 616 617 635
41 0 -1
69 73 45 74 46 345 621 622 623
42 0 -1
71 6 82 9 83 347 623 624 631
43 0 -1
73 91 81 96 81 349 625 626 630
44 0 -1
76 75 2 78 2 352 628 629 631
45 0 -1
78 70 67 70 69 354 630 631 632
46 0 -1
80 78 58 78 60 356 632 633 635
47 0 -1
81 75 37 77 37 357 633 634 635
48 0 -1
82 13 15 15 18 358 634 635 640
49 0 -1
83 78 93 81 95 359 635 636 640
50 0 -1
84 11 36 11 37 360 636 637 637
51 0 -1
86 28 21 28 23 362 638 639 648
52 0 -1
87 79 49 79 49 363 639 640 640
53 0 -1
90 43 70 43 70 366 642 643 643
54 0 -1
91 3 4 5 6 367 643 644 647
55 0 -1
92 13 97 14 97 368 644 645 645
56 0 -1
93 12 49 14 50 369 645 646 648
57 0 -1
94 93 90 93 96 370 646 647 652
58 0 -1
96 64 26 66 26 372 648 649 650
59 0 -1
103 88 90 90 90 379 655 656 658
60 0 -1
105 43 64 43 65 381 657 658 659
61 0 -1
106 29 92 38 92 382 658 659 668
62 0 -1
107 41 12 43 12 383 659 660 662
63 0 -1
108 68 86 75 86 384 660 661 668
64 0 -1
110 21 57 22 63 386 662 663 670
65 0 -1
111 51 32 51 33 387 663 664 664
66 0 -1
114 69 83 69 85 390 666 667 672
67 0 -1
115 2 60 4 63 391 667 668 672
68 0 -1
116 71 6 73 9 392 668 669 680
69 0 -1
119 5 60 7 61 395 671 672 674
70 0 -1
120 31 70 32 70 396 672 673 673
71 0 -1
122 78 4 79 6 398 674 675 678
72 0 -1
123 55 96 55 98 399 675 676 678
73 0 -1
124 75 23 77 23 400 676 677 680
74 0 -1
127 31 73 31 73 403 679 680 680
75 0 -1
128 6 13 14 18 404 680 681 699
76 0 -1
130 11 1 12 1 406 682 683 683
77 0 -1
132 4 40 12 45 408 684 685 699
78 0 -1
134 49 34 50 34 410 686 687 687
79 0 -1
135 81 83 88 83 411 687 688 698
80 0 -1
136 10 14 11 15 412 688 689 690
81 0 -1
139 27 56 27 57 415 691 692 692
82 0 -1
140 10 77 14 77 416 692 693 696
83 0 -1
141 80 66 80 68 417 693 694 698
84 0 -1
144 98 70 99 70 420 696 697 701
85 0 -1
145 85 85 85 86 421 697 698 699
86 0 -1
146 68 30 69 30 422 698 699 699
87 0 -1
147 46 73 46 73 423 699 700 700
88 0 -1
148 45 5 45 5 424 700 701 701
89 0 -1
149 6 86 6 88 425 701 702 703
90 0 -1
150 47 37 52 37 426 702 703 708
91 0 -1
153 30 43 31 43 429 705 706 706
92 0 -1
154 11 26 11 26 430 706 707 710
93 0 -1
155 82 71 84 73 431 707 708 711
94 0 -1
156 35 89 39 90 432 708 709 713
95 0 -1
157 71 2 71 4 433 709 710 714
96 0 -1
160 82 7 88 7 436 712 713 718
97 0 -1
162 12 34 13 34 438 714 715 715
98 0 -1
163 67 85 67 85 439 715 716 716
99 0 -1
166 81 33 83 33 442 718 719 720
100 0 -1
167 0 79 2 79 443 719 720 724
101 0 -1
168 45 9 47 9 444 720 721 722
102 0 -1
169 30 97 35 97 445 721 722 726
103 0 -1
170 67 10 71 10 446 722 723 727
104 0 -1
172 86 88 90 89 448 724 725 729
105 0 -1
173 17 30 22 30 449 725 726 730
106 0 -1
174 80 87 81 88 450 726 727 728
107 0 -1
179 10 5 11 5 455 731 732 732
108 0 -1
183 6 17 9 19 459 735 736 740
109 0 -1
184 89 63 91 63 460 736 737 738
110 0 -1
185 78 26 78 27 461 737 738 739
111 0 -1
186 55 96 59 96 462 738 739 747
112 0 -1
187 0 33 0 34 463 739 740 745
113 0 -1
189 64 42 69 42 465 741 742 746
114 0 -1
190 79 41 83 41 466 742 743 747
115 0 -1
193 59 92 60 92 469 745 746 746
116 0 -1
196 0 99 1 99 472 748 749 750
117 0 -1
197 35 63 35 63 473 749 750 750
118 0 -1
198 39 0 48 2 474 750 751 768
119 0 -1
199 50 85 51 85 475 751 752 752
120 0 -1
200 85 50 85 52 476 752 753 754
121 0 -1
201 81 35 82 35 477 753 754 754
122 0 -1
204 75 92 76 92 480 756 757 757
123 0 -1
208 39 70 40 70 484 760 761 761
124 0 -1
209 15 38 15 39 485 761 762 762
125 0 -1
211 58 52 61 52 487 763 764 766
126 0 -1
212 52 72 54 72 488 764 765 766
127 0 -1
213 13 48 15 51 489 765 766 773
128 0 -1
214 49 62 53 62 490 766 767 771
129 0 -1
218 3 17 5 21 494 770 771 777
130 0 -1
219 58 4 59 5 495 771 772 773
131 0 -1
224 65 66 68 66 500 776 777 779
132 0 -1
225 65 69 67 69 501 777 778 779
133 0 -1
229 70 14 75 14 505 781 782 787
134 0 -1
230 22 43 23 43 506 782 783 783
135 0 -1
231 8 49 10 50 507 783 784 786
136 0 -1
236 46 82 47 83 512 788 789 790
137 0 -1
237 60 45 62 45 513 789 790 791
138 0 -1
240 75 57 75 68 516 792 793 803
139 0 -1
242 24 66 26 66 518 794 795 796
140 0 -1
244 35 5 36 9 520 796 797 801
141 0 -1
245 70 86 76 86 521 797 798 803
142 0 -1
246 39 71 40 71 522 798 799 801
143 0 -1
247 70 2 71 2 523 799 800 802
144 0 -1
248 77 96 78 96 524 800 801 803
145 0 -1
250 17 7 19 7 526 802 803 804
146 0 -1
251 18 47 18 50 527 803 804 806
147 0 -1
253 26 76 26 76 529 805 806 806
148 0 -1
255 86 59 87 59 531 807 808 809
149 0 -1
256 20 31 23 31 532 808 809 812
150 0 -1
257 9 72 12 73 533 809 810 813
151 0 -1
258 28 57 28 58 534 810 811 811
152 0 -1
260 63 65 65 65 536 812 813 814
153 0 -1
261 74 57 77 64 537 813 814 825
154 0 -1
266 80 79 83 79 542 818 819 822
155 0 -1
267 80 12 82 12 543 819 820 822
156 0 -1
268 27 76 28 77 544 820 821 822
157 0 -1
269 12 11 12 12 545 821 822 822
158 0 -1
271 27 13 31 14 547 823 824 829
159 0 -1
272 43 9 44 9 548 824 825 825
160 0 -1
274 35 50 36 52 550 826 827 839
161 0 -1
277 62 41 63 42 553 829 830 831
162 0 -1
278 12 36 18 36 554 830 831 836
163 0 -1
279 86 51 86 53 555 831 832 835
164 0 -1
280 87 37 89 37 556 832 833 835
165 0 -1
283 39 79 40 79 559 835 836 836
166 0 -1
285 12 28 15 28 561 837 838 840
167 0 -1
286 94 81 97 81 562 838 839 841
168 0 -1
289 14 76 17 76 565 841 842 844
169 0 -1
293 78 63 79 66 569 845 846 849
170 0 -1
294 31 0 35 0 570 846 847 850
171 0 -1
295 85 6 87 6 571 847 848 849
172 0 -1
296 81 17 81 19 572 848 849 852
173 0 -1
303 49 56 54 56 579 855 856 864
174 0 -1
305 85 35 90 35 581 857 858 862
175 0 -1
306 7 4 7 5 582 858 859 859
176 0 -1
307 7 2 9 2 583 859 860 861
177 0 -1
310 86 11 87 13 586 862 863 866
178 0 -1
311 35 34 38 34 587 863 864 867
179 0 -1
312 26 4 33 4 588 864 865 873
180 0 -1
313 23 12 23 12 589 865 866 866
181 0 -1
315 99 0 97 0 591 867 868 869
182 0 -1
320 55 28 57 29 596 872 873 888
183 0 -1
321 93 53 95 54 597 873 874 876
184 0 -1
323 43 68 46 75 599 875 876 888
185 0 -1
325 52 23 58 23 601 877 878 885
186 0 -1
326 23 37 24 37 602 878 879 879
187 0 -1
327 92 46 93 48 603 879 880 882
188 0 -1
328 45 62 48 63 604 880 881 885
189 0 -1
329 22 43 25 43 605 881 882 884
190 0 -1
330 83 2 83 3 606 882 883 887
191 0 -1
337 68 48 71 50 613 889 890 902
192 0 -1
340 25 83 27 83 616 892 893 895
193 0 -1
342 7 48 7 48 618 894 895 895
194 0 -1
343 86 13 86 13 619 895 896 898
195 0 -1
345 7 97 18 98 621 897 898 909
196 0 -1
349 75 18 76 18 625 901 902 902
197 0 -1
351 56 45 56 46 627 903 904 904
198 0 -1
354 31 14 35 15 630 906 907 912
199 0 -1
356 71 73 72 73 632 908 909 909
200 0 -1
357 97 2 94 3 633 909 910 913
201 0 -1
358 15 78 20 79 634 910 911 917
202 0 -1
359 19 83 20 84 635 911 912 914
203 0 -1
360 18 95 19 96 636 912 913 914
204 0 -1
361 99 61 97 65 637 913 914 919
205 0 -1
363 49 28 50 28 639 915 916 916
206 0 -1
364 95 5 95 6 640 916 917 917
207 0 -1
365 55 83 55 84 641 917 918 919
208 0 -1
367 50 18 51 19 643 919 920 925
209 0 -1
371 74 83 75 83 647 923 924 924
210 0 -1
372 37 44 37 51 648 924 925 932
211 0 -1
373 6 19 8 20 649 925 926 928
212 0 -1
374 61 62 61 63 650 926 927 927
213 0 -1
375 53 64 54 64 651 927 928 928
214 0 -1
377 99 76 98 76 653 929 930 930
215 0 -1
379 68 73 69 73 655 931 932 932
216 0 -1
380 9 93 9 94 656 932 933 933
217 0 -1
381 96 77 97 77 657 933 934 938
218 0 -1
382 22 25 24 25 658 934 935 936
219 0 -1
383 99 8 98 8 659 935 936 936
220 0 -1
388 61 81 62 81 664 940 941 941
221 0 -1
391 49 39 49 40 667 943 944 945
222 0 -1
392 50 21 51 21 668 944 945 946
223 0 -1
394 32 3 34 4 670 946 947 949
224 0 -1
396 68 87 69 90 672 948 949 953
225 0 -1
397 12 12 13 12 673 949 950 950
226 0 -1
400 97 8 99 8 676 952 953 954
227 0 -1
401 28 69 30 69 677 953 954 955
228 0 -1
403 85 16 86 19 679 955 956 960
229 0 -1
404 0 0 1 1 680 956 957 958
230 0 -1
407 11 81 11 81 683 959 960 960
231 0 -1
408 94 30 95 32 684 960 961 963
232 0 -1
411 59 26 61 26 687 963 964 965
233 0 -1
412 99 5 98 5 688 964 965 965
234 0 -1
414 81 36 82 36 690 966 967 967
235 0 -1
418 17 29 17 29 694 970 971 971
236 0 -1
420 99 96 99 97 696 972 973 973
237 0 -1
421 80 17 80 18 697 973 974 975
238 0 -1
423 71 98 72 98 699 975 976 976
239 0 -1
426 11 42 15 43 702 978 979 983
240 0 -1
428 10 72 10 72 704 980 981 982
241 0 -1
433 56 48 58 48 709 985 986 987
242 0 -1
437 41 27 42 27 713 989 990 990
243 0 -1
439 97 28 99 28 715 991 992 993
244 0 -1
441 61 90 64 92 717 993 994 1001
245 0 -1
446 35 23 38 24 722 998 999 1002
246 0 -1
448 37 47 39 47 724 1000 1001 1003
247 0 -1
450 74 18 76 21 726 1002 1003 1010
248 0 -1
452 38 40 38 42 728 1004 1005 1007
249 0 -1
455 35 58 38 58 731 1007 1008 1010
250 0 -1
460 25 2 31 2 736 1012 1013 1018
251 0 -1
461 18 40 20 40 737 1013 1014 1015
252 0 -1
462 18 70 20 71 738 1014 1015 1017
253 0 -1
464 31 91 32 92 740 1016 1017 1018
254 0 -1
469 91 44 93 44 745 1021 1022 1023
255 0 -1
471 29 31 30 37 747 1023 1024 1034
256 0 -1
475 39 65 40 66 751 1027 1028 1029
257 0 -1
478 71 12 74 12 754 1030 1031 1034
258 0 -1
479 73 18 75 18 755 1031 1032 1033
259 0 -1
480 43 64 46 69 756 1032 1033 1040
260 0 -1
481 24 14 28 15 757 1033 1034 1039
261 0 -1
482 66 60 67 60 758 1034 1035 1035
262 0 -1
484 86 36 86 40 760 1036 1037 1040
263 0 -1
486 4 5 7 5 762 1038 1039 1041
264 0 -1
488 78 64 78 65 764 1040 1041 1043
265 0 -1
489 72 33 78 38 765 1041 1042 1054
266 0 -1
491 93 83 93 83 767 1043 1044 1045
267 0 -1
493 87 88 88 88 769 1045 1046 1046
268 0 -1
496 90 39 90 40 772 1048 1049 1049
269 0 -1
501 3 45 3 47 777 1053 1054 1055
270 0 -1
502 1 77 3 77 778 1054 1055 1058
271 0 -1
505 71 29 72 29 781 1057 1058 1059
272 0 -1
506 37 73 39 73 782 1058 1059 1063
273 0 -1
507 56 91 60 91 783 1059 1060 1063
274 0 -1
509 97 1 98 1 785 1061 1062 1062
275 0 -1
511 6 67 7 68 787 1063 1064 1065
276 0 -1
512 45 54 45 54 788 1064 1065 1065
277 0 -1
515 82 3 85 3 791 1067 1068 1070
278 0 -1
516 89 47 99 50 792 1068 1069 1081
279 0 -1
517 3 28 3 30 793 1069 1070 1073
280 0 -1
518 80 38 82 38 794 1070 1071 1072
281 0 -1
520 18 66 18 66 796 1072 1073 1073
282 0 -1
522 54 23 61 24 798 1074 1075 1083
283 0 -1
523 61 29 62 29 799 1075 1076 1076
284 0 -1
525 55 60 56 60 801 1077 1078 1079
285 0 -1
526 70 30 72 30 802 1078 1079 1080
286 0 -1
528 3 40 4 44 804 1080 1081 1085
287 0 -1
530 61 32 61 32 806 1082 1083 1086
288 0 -1
533 83 7 84 7 809 1085 1086 1087
289 0 -1
535 64 60 65 61 811 1087 1088 1090
290 0 -1
536 77 28 79 28 812 1088 1089 1090
291 0 -1
537 38 49 38 49 813 1089 1090 1090
292 0 -1
538 73 95 76 95 814 1090 1091 1093
293 0 -1
540 23 87 23 90 816 1092 1093 1096
294 0 -1
541 52 45 52 46 817 1093 1094 1096
295 0 -1
542 52 70 60 70 818 1094 1095 1102
296 0 -1
543 25 52 26 52 819 1095 1096 1097
297 0 -1
546 62 17 64 17 822 1098 1099 1100
298 0 -1
547 82 38 82 40 823 1099 1100 1101
299 0 -1
550 69 87 70 87 826 1102 1103 1103
300 0 -1
552 97 61 97 62 828 1104 1105 1107
