100 100 577
1
0 0 94
11
0 0 55 100 6
0
1 0 98 100 6
0
2 0 156 100 6
0
3 0 206 100 6
0
4 0 249 100 6
0
5 0 305 100 6
0
6 0 348 100 6
0
7 0 406 100 6
0
8 0 453 100 6
0
9 0 499 100 6
0
10 0 545 100 6
0
300
1 0 -1
2 96 9 96 10 13 24 25 27
2 0 -1
5 89 0 92 0 16 27 28 32
3 0 -1
7 47 38 51 38 18 29 30 33
4 0 -1
8 68 28 70 33 19 30 31 39
5 0 -1
9 79 83 81 87 20 31 32 37
6 0 -1
10 63 93 67 93 21 32 33 36
7 0 -1
11 94 53 99 53 22 33 34 39
8 0 -1
12 10 16 12 16 23 34 35 36
9 0 -1
13 76 5 77 5 24 35 36 37
10 0 -1
14 65 63 67 63 25 36 37 39
11 0 -1
15 11 55 13 56 26 37 38 43
12 0 -1
17 81 34 83 35 28 39 40 43
13 0 -1
18 53 66 57 67 29 40 41 46
14 0 -1
19 93 3 93 4 30 41 42 42
15 0 -1
20 52 13 53 13 31 42 43 44
16 0 -1
21 41 90 41 90 32 43 44 45
17 0 -1
22 50 39 51 40 33 44 45 48
18 0 -1
24 36 20 36 21 35 46 47 48
19 0 -1
29 98 54 96 58 40 51 52 57
20 0 -1
30 56 75 58 75 41 52 53 54
21 0 -1
31 75 46 75 47 42 53 54 55
22 0 -1
33 0 70 0 73 44 55 56 61
23 0 -1
35 52 99 53 99 46 57 58 58
24 0 -1
36 70 1 71 2 47 58 59 60
25 0 -1
39 53 57 53 58 50 61 62 62
26 0 -1
40 80 32 80 33 51 62 63 63
27 0 -1
41 66 35 66 36 52 63 64 65
28 0 -1
42 54 91 54 92 53 64 65 65
29 0 -1
43 62 16 63 16 54 65 66 66
30 0 -1
45 6 58 8 58 56 67 68 69
31 0 -1
49 68 14 69 16 60 71 72 74
32 0 -1
52 50 32 56 33 63 74 75 81
33 0 -1
53 57 55 58 57 64 75 76 80
34 0 -1
54 48 29 49 29 65 76 77 77
35 0 -1
56 54 16 59 18 67 78 79 95
36 0 -1
57 12 24 14 24 68 79 80 81
37 0 -1
59 50 73 50 74 70 81 82 82
38 0 -1
61 45 53 46 54 72 83 84 85
39 0 -1
62 62 73 68 74 73 84 85 92
40 0 -1
64 55 0 56 16 75 86 87 105
41 0 -1
69 74 2 74 4 80 91 92 93
42 0 -1
71 79 60 80 62 82 93 94 101
43 0 -1
73 33 14 35 16 84 95 96 100
44 0 -1
76 52 89 53 90 87 98 99 101
45 0 -1
78 22 38 22 39 89 100 101 102
46 0 -1
80 94 2 96 2 91 102 103 105
47 0 -1
81 25 24 26 24 92 103 104 105
48 0 -1
82 29 9 34 9 93 104 105 110
49 0 -1
83 71 7 71 8 94 105 106 110
50 0 -1
84 73 38 74 38 95 106 107 107
51 0 -1
86 40 55 50 55 97 108 109 118
52 0 -1
87 77 43 78 43 98 109 110 110
53 0 -1
90 93 97 94 97 101 112 113 113
54 0 -1
91 70 49 70 53 102 113 114 117
55 0 -1
92 19 13 19 13 103 114 115 115
56 0 -1
93 21 22 24 22 104 115 116 118
57 0 -1
94 28 62 28 67 105 116 117 122
58 0 -1
96 30 77 30 77 107 118 119 120
59 0 -1
103 35 19 37 19 114 125 126 128
60 0 -1
105 60 76 61 76 116 127 128 129
61 0 -1
106 6 90 11 94 117 128 129 138
62 0 -1
107 95 3 97 4 118 129 130 132
63 0 -1
108 50 71 53 73 119 130 131 138
64 0 -1
110 97 82 90 83 121 132 133 140
65 0 -1
111 80 19 81 19 122 133 134 134
66 0 -1
114 38 87 42 88 125 136 137 142
67 0 -1
115 65 14 69 14 126 137 138 142
68 0 -1
116 49 31 54 36 127 138 139 150
69 0 -1
119 39 89 41 90 130 141 142 144
70 0 -1
120 22 71 22 71 131 142 143 143
71 0 -1
122 88 86 88 86 133 144 145 148
72 0 -1
123 30 70 30 71 134 145 146 148
73 0 -1
124 15 78 16 80 135 146 147 150
74 0 -1
127 78 65 78 66 138 149 150 150
75 0 -1
128 6 29 11 43 139 150 151 169
76 0 -1
130 88 56 88 56 141 152 153 153
77 0 -1
132 59 15 59 16 143 154 155 169
78 0 -1
134 91 76 92 76 145 156 157 157
79 0 -1
135 55 88 65 89 146 157 158 168
80 0 -1
136 89 63 91 63 147 158 159 160
81 0 -1
139 14 33 15 33 150 161 162 162
82 0 -1
140 69 71 69 75 151 162 163 166
83 0 -1
141 83 29 87 29 152 163 164 168
84 0 -1
144 85 28 88 30 155 166 167 171
85 0 -1
145 47 13 49 13 156 167 168 169
86 0 -1
146 37 80 37 80 157 168 169 169
87 0 -1
147 19 78 20 78 158 169 170 170
88 0 -1
148 34 69 35 69 159 170 171 171
89 0 -1
149 10 92 10 93 160 171 172 173
90 0 -1
150 92 26 92 29 161 172 173 178
91 0 -1
153 34 13 35 13 164 175 176 176
92 0 -1
154 69 58 73 58 165 176 177 180
93 0 -1
155 10 7 14 7 166 177 178 181
94 0 -1
156 58 74 61 75 167 178 179 183
95 0 -1
157 68 88 70 88 168 179 180 184
96 0 -1
160 75 85 78 85 171 182 183 188
97 0 -1
162 18 42 19 42 173 184 185 185
98 0 -1
163 10 31 11 31 174 185 186 186
99 0 -1
166 44 62 46 62 177 188 189 190
100 0 -1
167 69 92 72 94 178 189 190 194
101 0 -1
168 78 7 78 9 179 190 191 192
102 0 -1
169 69 42 69 44 180 191 192 196
103 0 -1
170 71 80 71 84 181 192 193 197
104 0 -1
172 91 65 91 67 183 194 195 199
105 0 -1
173 56 18 58 21 184 195 196 200
106 0 -1
174 27 60 28 60 185 196 197 198
107 0 -1
179 89 29 89 29 190 201 202 202
108 0 -1
183 35 34 36 34 194 205 206 210
109 0 -1
184 88 29 89 29 195 206 207 208
110 0 -1
185 1 12 3 12 196 207 208 209
111 0 -1
186 35 24 38 28 197 208 209 217
112 0 -1
187 65 72 71 72 198 209 210 215
113 0 -1
189 2 40 4 41 200 211 212 216
114 0 -1
190 58 30 62 30 201 212 213 217
115 0 -1
193 49 71 50 71 204 215 216 216
116 0 -1
196 57 18 59 18 207 218 219 220
117 0 -1
197 73 93 73 93 208 219 220 220
118 0 -1
198 53 98 71 98 209 220 221 238
119 0 -1
199 29 80 30 80 210 221 222 222
120 0 -1
200 15 47 17 47 211 222 223 224
121 0 -1
201 30 49 30 50 212 223 224 224
122 0 -1
204 28 59 29 59 215 226 227 227
123 0 -1
208 35 78 35 79 219 230 231 231
124 0 -1
209 53 58 53 59 220 231 232 232
125 0 -1
211 63 30 66 30 222 233 234 236
126 0 -1
212 94 11 96 11 223 234 235 236
127 0 -1
213 82 79 86 80 224 235 236 243
128 0 -1
214 21 97 23 99 225 236 237 241
129 0 -1
218 48 44 52 46 229 240 241 247
130 0 -1
219 74 11 75 11 230 241 242 243
131 0 -1
224 97 50 99 51 235 246 247 249
132 0 -1
225 65 29 65 31 236 247 248 249
133 0 -1
229 64 67 68 69 240 251 252 257
134 0 -1
230 63 97 63 97 241 252 253 253
135 0 -1
231 96 70 97 70 242 253 254 256
136 0 -1
236 43 71 45 71 247 258 259 260
137 0 -1
237 19 91 21 91 248 259 260 261
138 0 -1
240 81 54 84 55 251 262 263 273
139 0 -1
242 10 70 11 70 253 264 265 266
140 0 -1
244 83 11 86 11 255 266 267 271
141 0 -1
245 61 86 63 86 256 267 268 273
142 0 -1
246 34 22 36 23 257 268 269 271
143 0 -1
247 98 36 98 36 258 269 270 272
144 0 -1
248 33 0 33 0 259 270 271 273
145 0 -1
250 60 3 61 3 261 272 273 274
146 0 -1
251 24 17 26 17 262 273 274 276
147 0 -1
253 38 60 38 60 264 275 276 276
148 0 -1
255 1 29 1 31 266 277 278 279
149 0 -1
256 8 79 10 80 267 278 279 282
150 0 -1
257 2 83 3 84 268 279 280 283
151 0 -1
258 44 72 45 72 269 280 281 281
152 0 -1
260 89 39 90 40 271 282 283 284
153 0 -1
261 56 81 56 83 272 283 284 295
154 0 -1
266 44 44 48 44 277 288 289 292
155 0 -1
267 40 21 42 21 278 289 290 292
156 0 -1
268 9 28 11 28 279 290 291 292
157 0 -1
269 55 96 55 96 280 291 292 292
158 0 -1
271 15 29 15 34 282 293 294 299
159 0 -1
272 92 84 92 84 283 294 295 295
160 0 -1
274 32 5 42 5 285 296 297 309
161 0 -1
277 53 26 53 27 288 299 300 301
162 0 -1
278 63 21 64 22 289 300 301 306
163 0 -1
279 59 11 63 11 290 301 302 305
164 0 -1
280 32 2 34 2 291 302 303 305
165 0 -1
283 0 19 0 20 294 305 306 306
166 0 -1
285 97 70 98 72 296 307 308 310
167 0 -1
286 54 15 56 15 297 308 309 311
168 0 -1
289 12 4 14 5 300 311 312 314
169 0 -1
293 29 48 29 50 304 315 316 319
170 0 -1
294 67 37 68 40 305 316 317 320
171 0 -1
295 51 59 51 59 306 317 318 319
172 0 -1
296 14 72 16 72 307 318 319 322
173 0 -1
303 31 33 36 37 314 325 326 334
174 0 -1
305 41 14 43 15 316 327 328 332
175 0 -1
306 37 21 38 21 317 328 329 329
176 0 -1
307 37 17 37 17 318 329 330 331
177 0 -1
310 62 94 64 94 321 332 333 336
178 0 -1
311 19 11 21 11 322 333 334 337
179 0 -1
312 19 13 27 14 323 334 335 343
180 0 -1
313 88 58 88 58 324 335 336 336
181 0 -1
315 5 15 6 15 326 337 338 339
182 0 -1
320 52 31 64 34 331 342 343 358
183 0 -1
321 93 11 96 11 332 343 344 346
184 0 -1
323 34 4 34 10 334 345 346 358
185 0 -1
325 15 80 23 80 336 347 348 355
186 0 -1
326 33 91 33 91 337 348 349 349
187 0 -1
327 66 89 68 89 338 349 350 352
188 0 -1
328 64 37 67 39 339 350 351 355
189 0 -1
329 32 44 35 44 340 351 352 354
190 0 -1
330 76 14 77 15 341 352 353 357
191 0 -1
337 51 19 51 20 348 359 360 372
192 0 -1
340 0 70 1 71 351 362 363 365
193 0 -1
342 84 4 84 4 353 364 365 365
194 0 -1
343 97 26 98 27 354 365 366 368
195 0 -1
345 56 4 57 7 356 367 368 379
196 0 -1
349 20 86 21 86 360 371 372 372
197 0 -1
351 34 69 34 69 362 373 374 374
198 0 -1
354 25 20 28 22 365 376 377 382
199 0 -1
356 6 25 7 25 367 378 379 379
200 0 -1
357 18 77 22 77 368 379 380 383
201 0 -1
358 30 73 32 75 369 380 381 387
202 0 -1
359 6 91 6 94 370 381 382 384
203 0 -1
360 91 68 91 70 371 382 383 384
204 0 -1
361 90 16 90 20 372 383 384 389
205 0 -1
363 27 50 28 50 374 385 386 386
206 0 -1
364 15 46 16 46 375 386 387 387
207 0 -1
365 7 15 7 16 376 387 388 389
208 0 -1
367 64 19 68 20 378 389 390 395
209 0 -1
371 38 82 39 82 382 393 394 394
210 0 -1
372 12 31 13 32 383 394 395 402
211 0 -1
373 27 50 27 51 384 395 396 398
212 0 -1
374 9 4 9 4 385 396 397 397
213 0 -1
375 63 92 64 92 386 397 398 398
214 0 -1
377 34 24 34 25 388 399 400 400
215 0 -1
379 31 34 31 35 390 401 402 402
216 0 -1
380 40 22 41 22 391 402 403 403
217 0 -1
381 33 50 33 51 392 403 404 408
218 0 -1
382 65 6 66 7 393 404 405 406
219 0 -1
383 48 69 49 69 394 405 406 406
220 0 -1
388 73 93 74 93 399 410 411 411
221 0 -1
391 24 72 26 72 402 413 414 415
222 0 -1
392 42 65 42 67 403 414 415 416
223 0 -1
394 81 54 81 56 405 416 417 419
224 0 -1
396 45 45 50 45 407 418 419 423
225 0 -1
397 86 52 87 52 408 419 420 420
226 0 -1
400 55 6 57 6 411 422 423 424
227 0 -1
401 56 6 56 7 412 423 424 425
228 0 -1
403 51 12 55 13 414 425 426 430
229 0 -1
404 71 51 72 52 415 426 427 428
230 0 -1
407 2 5 2 5 418 429 430 430
231 0 -1
408 92 4 95 4 419 430 431 433
232 0 -1
411 36 61 36 61 422 433 434 435
233 0 -1
412 58 37 59 37 423 434 435 435
234 0 -1
414 78 86 78 86 425 436 437 437
235 0 -1
418 16 2 16 2 429 440 441 441
236 0 -1
420 39 51 39 51 431 442 443 443
237 0 -1
421 79 42 79 42 432 443 444 445
238 0 -1
423 85 48 86 48 434 445 446 446
239 0 -1
426 28 66 33 66 437 448 449 453
240 0 -1
428 87 63 88 63 439 450 451 452
241 0 -1
433 47 32 48 33 444 455 456 457
242 0 -1
437 48 16 48 16 448 459 460 460
243 0 -1
439 90 35 92 35 450 461 462 463
244 0 -1
441 67 50 72 52 452 463 464 471
245 0 -1
446 97 31 98 34 457 468 469 472
246 0 -1
448 81 24 84 24 459 470 471 473
247 0 -1
450 95 49 98 50 461 472 473 480
248 0 -1
452 14 64 17 64 463 474 475 477
249 0 -1
455 74 1 74 3 466 477 478 480
250 0 -1
460 38 68 42 68 471 482 483 488
251 0 -1
461 95 48 97 48 472 483 484 485
252 0 -1
462 31 96 33 97 473 484 485 487
253 0 -1
464 52 76 52 78 475 486 487 488
254 0 -1
469 90 20 91 21 480 491 492 493
255 0 -1
471 75 91 86 91 482 493 494 504
256 0 -1
475 61 8 63 8 486 497 498 499
257 0 -1
478 72 27 76 27 489 500 501 504
258 0 -1
479 4 8 4 9 490 501 502 503
259 0 -1
480 11 90 18 91 491 502 503 510
260 0 -1
481 0 33 5 34 492 503 504 509
261 0 -1
482 90 78 90 79 493 504 505 505
262 0 -1
484 34 94 34 97 495 506 507 510
263 0 -1
486 87 91 89 92 497 508 509 511
264 0 -1
488 22 57 22 60 499 510 511 513
265 0 -1
489 45 72 45 73 500 511 512 524
266 0 -1
491 32 70 33 71 502 513 514 515
267 0 -1
493 29 56 30 56 504 515 516 516
268 0 -1
496 76 21 76 21 507 518 519 519
269 0 -1
501 74 18 75 19 512 523 524 525
270 0 -1
502 4 53 6 55 513 524 525 528
271 0 -1
505 34 51 36 51 516 527 528 529
272 0 -1
506 16 60 18 61 517 528 529 533
273 0 -1
507 67 28 70 29 518 529 530 533
274 0 -1
509 67 48 67 48 520 531 532 532
275 0 -1
511 4 36 4 37 522 533 534 535
276 0 -1
512 78 44 79 44 523 534 535 535
277 0 -1
515 60 28 63 28 526 537 538 540
278 0 -1
516 25 19 29 25 527 538 539 551
279 0 -1
517 42 40 44 42 528 539 540 543
280 0 -1
518 33 66 34 66 529 540 541 542
281 0 -1
520 89 65 90 65 531 542 543 543
282 0 -1
522 44 22 47 22 533 544 545 553
283 0 -1
523 29 37 30 37 534 545 546 546
284 0 -1
525 2 22 2 24 536 547 548 549
285 0 -1
526 95 83 97 83 537 548 549 550
286 0 -1
528 73 95 78 95 539 550 551 555
287 0 -1
530 70 79 72 79 541 552 553 556
288 0 -1
533 66 87 68 87 544 555 556 557
289 0 -1
535 19 90 22 90 546 557 558 560
290 0 -1
536 31 60 33 60 547 558 559 560
291 0 -1
537 47 95 48 95 548 559 560 560
292 0 -1
538 12 84 14 85 549 560 561 563
293 0 -1
540 87 82 91 82 551 562 563 566
294 0 -1
541 99 15 99 17 552 563 564 566
295 0 -1
542 83 94 83 100 553 564 565 572
296 0 -1
543 52 91 54 91 554 565 566 567
297 0 -1
546 19 13 20 14 557 568 569 570
298 0 -1
547 75 64 76 64 558 569 570 571
299 0 -1
550 11 29 12 29 561 572 573 573
300 0 -1
552 0 19 0 20 563 574 575 577
