100 100 1797
1
0 40 60
72
0 0 25 100 6
0
1 0 47 100 6
0
2 0 72 100 6
0
3 0 94 100 6
0
4 0 118 100 6
0
5 0 143 100 6
0
6 0 172 100 6
0
7 0 198 100 6
0
8 0 227 100 6
0
9 0 255 100 6
0
10 0 283 100 6
0
11 0 308 100 6
0
12 0 336 100 6
0
13 0 358 100 6
0
14 0 382 100 6
0
15 0 404 100 6
0
16 0 430 100 6
0
17 0 450 100 6
0
18 0 475 100 6
0
19 0 499 100 6
0
20 0 523 100 6
0
21 0 549 100 6
0
22 0 572 100 6
0
23 0 595 100 6
0
24 0 624 100 6
0
25 0 648 100 6
0
26 0 673 100 6
0
27 0 699 100 6
0
28 0 728 100 6
0
29 0 747 100 6
0
30 0 776 100 6
0
31 0 799 100 6
0
32 0 822 100 6
0
33 0 846 100 6
0
34 0 874 100 6
0
35 0 898 100 6
0
36 0 922 100 6
0
37 0 944 100 6
0
38 0 967 100 6
0
39 0 990 100 6
0
40 0 1011 100 6
0
41 0 1039 100 6
0
42 0 1060 100 6
0
43 0 1085 100 6
0
44 0 1110 100 6
0
45 0 1134 100 6
0
46 0 1160 100 6
0
47 0 1187 100 6
0
48 0 1215 100 6
0
49 0 1236 100 6
0
50 0 1258 100 6
0
51 0 1280 100 6
0
52 0 1306 100 6
0
53 0 1329 100 6
0
54 0 1352 100 6
0
55 0 1376 100 6
0
56 0 1401 100 6
0
57 0 1430 100 6
0
58 0 1458 100 6
0
59 0 1485 100 6
0
60 0 1504 100 6
0
61 0 1528 100 6
0
62 0 1551 100 6
0
63 0 1571 100 6
0
64 0 1593 100 6
0
65 0 1621 100 6
0
66 0 1644 100 6
0
67 0 1663 100 6
0
68 0 1688 100 6
0
69 0 1716 100 6
0
70 0 -1 100 6
0
71 0 -1 100 6
0
1000
1 0 -1
2 67 82 68 84 36 70 71 73
2 0 -1
5 94 11 96 12 39 73 74 78
3 0 -1
7 72 79 73 79 41 75 76 79
4 0 -1
8 28 97 35 98 42 76 77 85
5 0 -1
9 92 1 98 1 43 77 78 83
6 0 -1
10 39 40 40 41 44 78 79 82
7 0 -1
11 57 2 62 3 45 79 80 85
8 0 -1
12 69 91 69 93 46 80 81 82
9 0 -1
13 9 18 9 20 47 81 82 83
10 0 -1
14 98 1 98 1 48 82 83 85
11 0 -1
15 1 56 6 57 49 83 84 89
12 0 -1
17 95 47 95 48 51 85 86 89
13 0 -1
18 10 6 13 8 52 86 87 92
14 0 -1
19 46 93 46 93 53 87 88 88
15 0 -1
20 84 89 84 89 54 88 89 90
16 0 -1
21 40 16 41 17 55 89 90 91
17 0 -1
22 24 69 25 69 56 90 91 94
18 0 -1
24 2 13 2 15 58 92 93 94
19 0 -1
29 4 37 8 38 63 97 98 103
20 0 -1
30 77 53 77 53 64 98 99 100
21 0 -1
31 82 32 82 32 65 99 100 101
22 0 -1
33 15 62 15 68 67 101 102 107
23 0 -1
35 25 78 25 79 69 103 104 104
24 0 -1
36 98 23 96 23 70 104 105 106
25 0 -1
39 76 28 76 29 73 107 108 108
26 0 -1
40 14 0 15 0 74 108 109 109
27 0 -1
41 81 98 82 98 75 109 110 111
28 0 -1
42 72 27 72 27 76 110 111 111
29 0 -1
43 36 81 36 81 77 111 112 112
30 0 -1
45 34 44 36 44 79 113 114 115
31 0 -1
49 94 64 95 64 83 117 118 120
32 0 -1
52 9 52 12 54 86 120 121 127
33 0 -1
53 47 94 52 94 87 121 122 126
34 0 -1
54 70 97 70 97 88 122 123 123
35 0 -1
56 17 42 31 42 90 124 125 141
36 0 -1
57 95 5 95 6 91 125 126 127
37 0 -1
59 14 19 14 19 93 127 128 128
38 0 -1
61 79 62 80 63 95 129 130 131
39 0 -1
62 4 59 5 62 96 130 131 138
40 0 -1
64 71 31 72 46 98 132 133 151
41 0 -1
69 82 97 84 97 103 137 138 139
42 0 -1
71 2 81 5 86 105 139 140 147
43 0 -1
73 86 56 86 57 107 141 142 146
44 0 -1
76 14 89 17 89 110 144 145 147
45 0 -1
78 85 77 86 78 112 146 147 148
46 0 -1
80 66 64 69 64 114 148 149 151
47 0 -1
81 46 60 48 60 115 149 150 151
48 0 -1
82 25 20 28 22 116 150 151 156
49 0 -1
83 7 84 12 84 117 151 152 156
50 0 -1
84 75 49 75 49 118 152 153 153
51 0 -1
86 35 24 37 28 120 154 155 164
52 0 -1
87 41 41 42 41 121 155 156 156
53 0 -1
90 56 88 57 88 124 158 159 159
54 0 -1
91 95 64 96 67 125 159 160 163
55 0 -1
92 22 14 22 15 126 160 161 161
56 0 -1
93 36 47 39 47 127 161 162 164
57 0 -1
94 87 78 89 81 128 162 163 168
58 0 -1
96 12 80 12 82 130 164 165 166
59 0 -1
103 60 62 61 63 137 171 172 174
60 0 -1
105 76 38 77 38 139 173 174 175
61 0 -1
106 93 29 86 32 140 174 175 184
62 0 -1
107 76 21 77 21 141 175 176 178
63 0 -1
108 0 62 0 69 142 176 177 184
64 0 -1
110 43 5 44 11 144 178 179 186
65 0 -1
111 57 45 57 46 145 179 180 180
66 0 -1
114 83 20 84 22 148 182 183 188
67 0 -1
115 82 14 85 15 149 183 184 188
68 0 -1
116 13 95 20 99 150 184 185 196
69 0 -1
119 24 85 26 85 153 187 188 190
70 0 -1
120 49 19 49 20 154 188 189 189
71 0 -1
122 85 80 87 80 156 190 191 194
72 0 -1
123 90 98 90 98 157 191 192 194
73 0 -1
124 40 41 42 43 158 192 193 196
74 0 -1
127 73 33 73 34 161 195 196 196
75 0 -1
128 70 81 81 86 162 196 197 215
76 0 -1
130 92 4 92 5 164 198 199 199
77 0 -1
132 99 73 86 75 166 200 201 215
78 0 -1
134 37 43 37 44 168 202 203 203
79 0 -1
135 51 81 54 81 169 203 204 214
80 0 -1
136 72 61 74 61 170 204 205 206
81 0 -1
139 91 67 92 67 173 207 208 208
82 0 -1
140 42 99 46 99 174 208 209 212
83 0 -1
141 13 68 16 69 175 209 210 214
84 0 -1
144 56 25 56 25 178 212 213 217
85 0 -1
145 68 20 69 21 179 213 214 215
86 0 -1
146 97 54 98 54 180 214 215 215
87 0 -1
147 42 0 43 0 181 215 216 216
88 0 -1
148 58 59 59 59 182 216 217 217
89 0 -1
149 32 1 33 2 183 217 218 219
90 0 -1
150 65 87 69 87 184 218 219 224
91 0 -1
153 37 26 38 26 187 221 222 222
92 0 -1
154 24 81 24 84 188 222 223 226
93 0 -1
155 29 7 29 7 189 223 224 227
94 0 -1
156 70 81 73 83 190 224 225 229
95 0 -1
157 23 81 27 81 191 225 226 230
96 0 -1
160 98 60 95 60 194 228 229 234
97 0 -1
162 45 93 45 94 196 230 231 231
98 0 -1
163 64 93 64 94 197 231 232 232
99 0 -1
166 39 16 41 16 200 234 235 236
100 0 -1
167 23 52 24 56 201 235 236 240
101 0 -1
168 88 24 88 25 202 236 237 238
102 0 -1
169 41 17 44 18 203 237 238 242
103 0 -1
170 37 86 41 86 204 238 239 243
104 0 -1
172 60 92 60 95 206 240 241 245
105 0 -1
173 48 97 49 97 207 241 242 246
106 0 -1
174 43 42 43 43 208 242 243 244
107 0 -1
179 46 96 46 97 213 247 248 248
108 0 -1
183 20 78 20 81 217 251 252 256
109 0 -1
184 92 8 93 9 218 252 253 254
110 0 -1
185 67 30 68 30 219 253 254 255
111 0 -1
186 98 37 95 39 220 254 255 263
112 0 -1
187 78 51 80 52 221 255 256 261
113 0 -1
189 37 63 41 63 223 257 258 262
114 0 -1
190 70 55 72 56 224 258 259 263
115 0 -1
193 21 79 21 80 227 261 262 262
116 0 -1
196 58 23 58 25 230 264 265 266
117 0 -1
197 75 85 76 85 231 265 266 266
118 0 -1
198 62 39 65 44 232 266 267 284
119 0 -1
199 93 39 93 39 233 267 268 268
120 0 -1
200 13 38 13 40 234 268 269 270
121 0 -1
201 59 39 59 40 235 269 270 270
122 0 -1
204 73 9 74 9 238 272 273 273
123 0 -1
208 62 35 62 36 242 276 277 277
124 0 -1
209 0 58 1 58 243 277 278 278
125 0 -1
211 89 93 91 94 245 279 280 282
126 0 -1
212 27 63 28 63 246 280 281 282
127 0 -1
213 81 94 84 97 247 281 282 289
128 0 -1
214 48 61 51 63 248 282 283 287
129 0 -1
218 45 52 45 59 252 286 287 293
130 0 -1
219 17 83 17 83 253 287 288 289
131 0 -1
224 13 62 14 63 258 292 293 295
132 0 -1
225 52 75 52 77 259 293 294 295
133 0 -1
229 6 24 10 26 263 297 298 303
134 0 -1
230 15 54 16 54 264 298 299 299
135 0 -1
231 87 30 89 31 265 299 300 302
136 0 -1
236 1 11 3 11 270 304 305 306
137 0 -1
237 29 62 30 63 271 305 306 307
138 0 -1
240 94 91 85 92 274 308 309 319
139 0 -1
242 26 36 28 36 276 310 311 312
140 0 -1
244 37 14 37 14 278 312 313 317
141 0 -1
245 99 84 95 84 279 313 314 319
142 0 -1
246 8 78 11 78 280 314 315 317
143 0 -1
247 40 29 41 29 281 315 316 318
144 0 -1
248 31 39 31 39 282 316 317 319
145 0 -1
250 18 57 19 58 284 318 319 320
146 0 -1
251 79 82 81 82 285 319 320 322
147 0 -1
253 23 90 23 90 287 321 322 322
148 0 -1
255 25 9 26 10 289 323 324 325
149 0 -1
256 10 54 10 55 290 324 325 328
150 0 -1
257 25 24 26 24 291 325 326 329
151 0 -1
258 26 6 27 6 292 326 327 327
152 0 -1
260 40 5 40 7 294 328 329 330
153 0 -1
261 40 28 51 28 295 329 330 341
154 0 -1
266 24 60 25 63 300 334 335 338
155 0 -1
267 35 59 37 59 301 335 336 338
156 0 -1
268 76 43 76 45 302 336 337 338
157 0 -1
269 88 5 88 5 303 337 338 338
158 0 -1
271 81 48 86 48 305 339 340 345
159 0 -1
272 38 92 38 92 306 340 341 341
160 0 -1
274 52 37 60 38 308 342 343 355
161 0 -1
277 24 55 25 55 311 345 346 347
162 0 -1
278 88 9 94 9 312 346 347 352
163 0 -1
279 8 40 8 41 313 347 348 351
164 0 -1
280 57 41 58 41 314 348 349 351
165 0 -1
283 50 9 50 10 317 351 352 352
166 0 -1
285 38 53 41 53 319 353 354 356
167 0 -1
286 83 67 83 69 320 354 355 357
168 0 -1
289 13 47 15 48 323 357 358 360
169 0 -1
293 87 43 88 43 327 361 362 365
170 0 -1
294 48 43 50 45 328 362 363 366
171 0 -1
295 48 85 48 85 329 363 364 365
172 0 -1
296 94 14 97 15 330 364 365 368
173 0 -1
303 74 61 74 63 337 371 372 380
174 0 -1
305 1 79 5 80 339 373 374 378
175 0 -1
306 45 48 46 48 340 374 375 375
176 0 -1
307 86 98 88 98 341 375 376 377
177 0 -1
310 0 5 4 5 344 378 379 382
178 0 -1
311 56 11 59 12 345 379 380 383
179 0 -1
312 4 57 7 61 346 380 381 389
180 0 -1
313 29 35 30 35 347 381 382 382
181 0 -1
315 25 95 25 97 349 383 384 385
182 0 -1
320 66 68 78 71 354 388 389 404
183 0 -1
321 43 0 45 0 355 389 390 392
184 0 -1
323 44 26 56 27 357 391 392 404
185 0 -1
325 65 27 68 27 359 393 394 401
186 0 -1
326 88 30 89 30 360 394 395 395
187 0 -1
327 45 89 46 90 361 395 396 398
188 0 -1
328 32 8 33 11 362 396 397 401
189 0 -1
329 89 90 90 92 363 397 398 400
190 0 -1
330 55 20 56 24 364 398 399 403
191 0 -1
337 24 38 33 40 371 405 406 418
192 0 -1
340 43 58 46 58 374 408 409 411
193 0 -1
342 57 4 58 4 376 410 411 411
194 0 -1
343 59 12 62 12 377 411 412 414
195 0 -1
345 10 57 19 57 379 413 414 425
196 0 -1
349 16 82 17 82 383 417 418 418
197 0 -1
351 39 22 39 23 385 419 420 420
198 0 -1
354 87 32 89 32 388 422 423 428
199 0 -1
356 27 46 28 46 390 424 425 425
200 0 -1
357 41 25 45 25 391 425 426 429
201 0 -1
358 71 25 76 25 392 426 427 433
202 0 -1
359 0 0 1 1 393 427 428 430
203 0 -1
360 55 79 57 79 394 428 429 430
204 0 -1
361 68 63 69 67 395 429 430 435
205 0 -1
363 97 65 98 65 397 431 432 432
206 0 -1
364 75 85 75 86 398 432 433 433
207 0 -1
365 79 65 81 65 399 433 434 435
208 0 -1
367 11 33 13 35 401 435 436 441
209 0 -1
371 43 52 43 52 405 439 440 440
210 0 -1
372 35 74 36 76 406 440 441 448
211 0 -1
373 76 68 77 69 407 441 442 444
212 0 -1
374 59 53 60 53 408 442 443 443
213 0 -1
375 92 29 93 29 409 443 444 444
214 0 -1
377 62 2 63 2 411 445 446 446
215 0 -1
379 42 96 43 96 413 447 448 448
216 0 -1
380 51 7 51 7 414 448 449 449
217 0 -1
381 13 36 18 36 415 449 450 454
218 0 -1
382 9 88 10 88 416 450 451 452
219 0 -1
383 59 40 59 41 417 451 452 452
220 0 -1
388 92 66 93 66 422 456 457 457
221 0 -1
391 44 16 44 17 425 459 460 461
222 0 -1
392 82 27 84 27 426 460 461 462
223 0 -1
394 74 3 75 5 428 462 463 465
224 0 -1
396 63 46 66 46 430 464 465 469
225 0 -1
397 19 28 19 29 431 465 466 466
226 0 -1
400 63 9 64 9 434 468 469 470
227 0 -1
401 34 78 35 78 435 469 470 471
228 0 -1
403 35 59 35 59 437 471 472 476
229 0 -1
404 57 58 58 59 438 472 473 474
230 0 -1
407 38 88 39 88 441 475 476 476
231 0 -1
408 17 76 19 77 442 476 477 479
232 0 -1
411 29 13 30 14 445 479 480 481
233 0 -1
412 1 40 2 40 446 480 481 481
234 0 -1
414 75 46 76 46 448 482 483 483
235 0 -1
418 77 71 78 71 452 486 487 487
236 0 -1
420 6 17 7 17 454 488 489 489
237 0 -1
421 55 64 55 66 455 489 490 491
238 0 -1
423 79 43 80 43 457 491 492 492
239 0 -1
426 19 31 24 31 460 494 495 499
240 0 -1
428 51 33 51 34 462 496 497 498
241 0 -1
433 75 53 76 54 467 501 502 503
242 0 -1
437 89 63 90 63 471 505 506 506
243 0 -1
439 4 32 5 33 473 507 508 509
244 0 -1
441 46 71 50 72 475 509 510 517
245 0 -1
446 58 65 61 65 480 514 515 518
246 0 -1
448 34 80 37 80 482 516 517 519
247 0 -1
450 99 69 99 69 484 518 519 526
248 0 -1
452 43 27 43 30 486 520 521 523
249 0 -1
455 93 95 93 95 489 523 524 526
250 0 -1
460 24 87 27 87 494 528 529 534
251 0 -1
461 83 88 84 89 495 529 530 531
252 0 -1
462 56 97 58 98 496 530 531 533
253 0 -1
464 48 53 48 54 498 532 533 534
254 0 -1
469 90 96 92 96 503 537 538 539
255 0 -1
471 63 97 73 97 505 539 540 550
256 0 -1
475 48 21 48 22 509 543 544 545
257 0 -1
478 76 55 77 55 512 546 547 550
258 0 -1
479 87 9 88 10 513 547 548 549
259 0 -1
480 56 13 58 18 514 548 549 556
260 0 -1
481 70 41 76 41 515 549 550 555
261 0 -1
482 45 76 46 76 516 550 551 551
262 0 -1
484 91 78 93 78 518 552 553 556
263 0 -1
486 47 68 49 69 520 554 555 557
264 0 -1
488 89 54 92 54 522 556 557 559
265 0 -1
489 67 26 80 26 523 557 558 570
266 0 -1
491 51 69 53 69 525 559 560 561
267 0 -1
493 40 94 41 94 527 561 562 562
268 0 -1
496 70 31 70 32 530 564 565 565
269 0 -1
501 37 41 39 41 535 569 570 571
270 0 -1
502 68 18 69 19 536 570 571 574
271 0 -1
505 41 26 41 27 539 573 574 575
272 0 -1
506 64 87 66 90 540 574 575 579
273 0 -1
507 0 63 0 66 541 575 576 579
274 0 -1
509 37 90 38 90 543 577 578 578
275 0 -1
511 19 22 20 23 545 579 580 581
276 0 -1
512 10 76 10 76 546 580 581 581
277 0 -1
515 71 54 71 55 549 583 584 586
278 0 -1
516 32 23 43 23 550 584 585 597
279 0 -1
517 71 76 73 77 551 585 586 589
280 0 -1
518 80 49 81 49 552 586 587 588
281 0 -1
520 8 76 9 76 554 588 589 589
282 0 -1
522 45 81 54 81 556 590 591 599
283 0 -1
523 61 96 61 97 557 591 592 592
284 0 -1
525 47 61 47 63 559 593 594 595
285 0 -1
526 52 41 52 43 560 594 595 596
286 0 -1
528 54 92 58 93 562 596 597 601
287 0 -1
530 55 92 55 96 564 598 599 602
288 0 -1
533 35 45 35 45 567 601 602 603
289 0 -1
535 20 83 21 85 569 603 604 606
290 0 -1
536 77 2 78 2 570 604 605 606
291 0 -1
537 34 92 34 93 571 605 606 606
292 0 -1
538 69 85 70 86 572 606 607 609
293 0 -1
540 21 66 22 66 574 608 609 612
294 0 -1
541 51 53 51 53 575 609 610 612
295 0 -1
542 51 95 59 95 576 610 611 618
296 0 -1
543 49 89 50 89 577 611 612 613
297 0 -1
546 59 30 59 30 580 614 615 616
298 0 -1
547 92 41 94 41 581 615 616 617
299 0 -1
550 94 65 94 66 584 618 619 619
300 0 -1
552 45 12 45 15 586 620 621 623
301 0 -1
553 36 17 37 17 587 621 622 623
302 0 -1
555 78 15 80 15 589 623 624 628
303 0 -1
556 81 91 81 92 590 624 625 626
304 0 -1
558 34 82 35 82 592 626 627 627
305 0 -1
559 47 70 49 71 593 627 628 632
306 0 -1
560 9 19 10 20 594 628 629 630
307 0 -1
562 74 40 74 40 596 630 631 631
308 0 -1
565 41 38 43 38 599 633 634 637
309 0 -1
566 98 49 99 52 600 634 635 638
310 0 -1
567 79 44 80 44 601 635 636 636
311 0 -1
570 42 83 42 83 604 638 639 642
312 0 -1
572 21 73 23 73 606 640 641 643
313 0 -1
573 70 79 72 79 607 641 642 644
314 0 -1
575 63 22 65 22 609 643 644 645
315 0 -1
577 46 72 46 72 611 645 646 646
316 0 -1
578 41 33 41 35 612 646 647 648
317 0 -1
579 89 43 94 43 613 647 648 652
318 0 -1
580 57 87 57 88 614 648 649 649
319 0 -1
585 8 3 9 4 619 653 654 656
320 0 -1
588 43 3 44 3 622 656 657 661
321 0 -1
589 67 21 78 25 623 657 658 672
322 0 -1
592 23 17 23 17 626 660 661 661
323 0 -1
594 31 71 31 71 628 662 663 664
324 0 -1
595 91 14 82 14 629 663 664 678
325 0 -1
596 83 93 85 93 630 664 665 668
326 0 -1
597 76 50 82 52 631 665 666 673
327 0 -1
599 26 51 32 52 633 667 668 675
328 0 -1
600 54 37 55 39 634 668 669 671
329 0 -1
601 12 77 14 77 635 669 670 671
330 0 -1
603 63 23 64 24 637 671 672 673
331 0 -1
608 15 6 15 9 642 676 677 679
332 0 -1
609 2 74 2 74 643 677 678 678
333 0 -1
610 67 66 70 68 644 678 679 683
334 0 -1
611 39 16 43 16 645 679 680 683
335 0 -1
613 1 92 2 99 647 681 682 689
336 0 -1
614 69 9 72 10 648 682 683 688
337 0 -1
615 25 44 25 44 649 683 684 684
338 0 -1
616 47 29 48 30 650 684 685 686
339 0 -1
619 45 37 45 39 653 687 688 692
340 0 -1
620 41 4 42 4 654 688 689 690
341 0 -1
621 50 92 53 92 655 689 690 694
342 0 -1
622 77 56 80 56 656 690 691 693
343 0 -1
623 62 80 62 82 657 691 692 693
344 0 -1
624 96 62 97 62 658 692 693 693
345 0 -1
625 45 96 45 97 659 693 694 695
346 0 -1
628 71 99 72 99 662 696 697 697
347 0 -1
629 4 93 4 95 663 697 698 702
348 0 -1
630 23 37 23 37 664 698 699 699
349 0 -1
634 5 94 6 94 668 702 703 703
350 0 -1
635 58 31 59 31 669 703 704 705
351 0 -1
636 57 82 59 82 670 704 705 706
352 0 -1
637 24 62 26 62 671 705 706 707
353 0 -1
639 23 81 24 81 673 707 708 708
354 0 -1
640 48 45 50 45 674 708 709 710
355 0 -1
641 22 85 23 86 675 709 710 711
356 0 -1
643 62 93 63 96 677 711 712 717
357 0 -1
645 43 47 44 47 679 713 714 715
358 0 -1
646 50 51 52 51 680 714 715 716
359 0 -1
648 94 37 95 37 682 716 717 717
360 0 -1
649 59 44 67 45 683 717 718 727
361 0 -1
650 81 58 81 59 684 718 719 719
362 0 -1
651 22 32 26 32 685 719 720 723
363 0 -1
652 32 99 43 99 686 720 721 735
364 0 -1
653 60 56 61 56 687 721 722 722
365 0 -1
656 18 91 18 91 690 724 725 725
366 0 -1
662 3 3 4 3 696 730 731 732
367 0 -1
663 16 85 17 87 697 731 732 739
368 0 -1
664 48 85 50 85 698 732 733 734
369 0 -1
665 48 70 49 70 699 733 734 734
370 0 -1
666 52 84 53 84 700 734 735 736
371 0 -1
667 89 54 89 54 701 735 736 738
372 0 -1
669 70 71 71 71 703 737 738 738
373 0 -1
672 7 36 7 38 706 740 741 744
374 0 -1
673 16 42 17 42 707 741 742 743
375 0 -1
674 33 57 35 57 708 742 743 746
376 0 -1
675 3 79 5 81 709 743 744 748
377 0 -1
678 16 33 19 33 712 746 747 750
378 0 -1
679 14 31 14 33 713 747 748 750
379 0 -1
680 6 30 7 31 714 748 749 754
380 0 -1
681 45 47 46 48 715 749 750 751
381 0 -1
682 53 23 54 24 716 750 751 752
382 0 -1
684 20 89 21 90 718 752 753 754
383 0 -1
685 51 70 56 70 719 753 754 758
384 0 -1
687 44 19 45 21 721 755 756 760
385 0 -1
688 78 50 78 51 722 756 757 758
386 0 -1
689 5 18 6 19 723 757 758 759
387 0 -1
690 53 39 55 39 724 758 759 760
388 0 -1
691 9 90 10 91 725 759 760 761
389 0 -1
692 48 77 49 77 726 760 761 762
390 0 -1
694 11 34 12 35 728 762 763 765
391 0 -1
696 10 52 10 53 730 764 765 766
392 0 -1
698 95 12 99 12 732 766 767 771
393 0 -1
700 28 59 28 60 734 768 769 769
394 0 -1
701 35 84 35 84 735 769 770 770
395 0 -1
702 45 11 49 13 736 770 771 777
396 0 -1
703 19 2 20 3 737 771 772 773
397 0 -1
704 60 51 62 51 738 772 773 774
398 0 -1
705 25 13 27 13 739 773 774 777
399 0 -1
706 35 33 36 34 740 774 775 776
400 0 -1
707 21 43 21 45 741 775 776 779
401 0 -1
708 15 16 15 20 742 776 777 783
402 0 -1
710 59 5 60 5 744 778 779 781
403 0 -1
712 43 53 44 53 746 780 781 781
404 0 -1
714 7 2 7 3 748 782 783 783
405 0 -1
716 82 35 82 36 750 784 785 785
406 0 -1
718 31 22 34 24 752 786 787 794
407 0 -1
719 50 91 51 91 753 787 788 788
408 0 -1
720 8 1 8 2 754 788 789 790
409 0 -1
722 49 33 51 33 756 790 791 792
410 0 -1
724 84 18 84 19 758 792 793 794
411 0 -1
725 66 84 74 86 759 793 794 804
412 0 -1
726 57 65 61 65 760 794 795 798
413 0 -1
727 73 90 75 91 761 795 796 798
414 0 -1
728 74 96 74 96 762 796 797 801
415 0 -1
729 76 70 76 70 763 797 798 798
416 0 -1
731 19 34 20 34 765 799 800 800
417 0 -1
733 8 28 10 28 767 801 802 803
418 0 -1
734 58 83 58 85 768 802 803 804
419 0 -1
735 87 77 90 77 769 803 804 806
420 0 -1
736 84 26 85 27 770 804 805 806
421 0 -1
737 22 89 25 89 771 805 806 808
422 0 -1
742 35 26 40 26 776 810 811 815
423 0 -1
744 46 52 46 54 778 812 813 814
424 0 -1
745 15 84 17 84 779 813 814 818
425 0 -1
748 41 68 42 69 782 816 817 818
426 0 -1
750 81 4 81 4 784 818 819 819
427 0 -1
751 89 34 89 35 785 819 820 820
428 0 -1
752 71 23 73 23 786 820 821 823
429 0 -1
753 12 38 12 39 787 821 822 822
430 0 -1
754 98 41 95 42 788 822 823 828
431 0 -1
755 99 34 98 34 789 823 824 825
432 0 -1
757 67 68 68 68 791 825 826 827
433 0 -1
758 99 25 99 30 792 826 827 834
434 0 -1
759 21 40 22 41 793 827 828 829
435 0 -1
760 54 50 54 51 794 828 829 829
436 0 -1
766 30 22 31 23 800 834 835 836
437 0 -1
767 97 76 99 76 801 835 836 837
438 0 -1
768 75 37 75 39 802 836 837 839
439 0 -1
771 64 85 64 86 805 839 840 840
440 0 -1
772 71 53 73 53 806 840 841 842
441 0 -1
773 53 20 56 20 807 841 842 844
442 0 -1
775 49 16 54 16 809 843 844 848
443 0 -1
777 77 30 77 30 811 845 846 847
444 0 -1
778 62 5 63 5 812 846 847 848
445 0 -1
779 4 90 6 91 813 847 848 850
446 0 -1
781 51 5 52 5 815 849 850 850
447 0 -1
782 92 9 92 12 816 850 851 854
448 0 -1
784 31 0 31 0 818 852 853 854
449 0 -1
787 69 32 70 33 821 855 856 857
450 0 -1
788 53 32 53 33 822 856 857 857
451 0 -1
789 34 35 36 36 823 857 858 861
452 0 -1
790 71 63 72 63 824 858 859 860
453 0 -1
791 98 18 99 22 825 859 860 864
454 0 -1
793 39 58 39 60 827 861 862 864
455 0 -1
794 6 74 7 77 828 862 863 866
456 0 -1
795 9 12 9 13 829 863 864 865
457 0 -1
796 95 11 97 12 830 864 865 868
458 0 -1
797 14 2 14 2 831 865 866 866
459 0 -1
798 3 81 5 81 832 866 867 869
460 0 -1
799 64 69 65 69 833 867 868 869
461 0 -1
800 58 98 61 100 834 868 869 873
462 0 -1
802 64 52 65 55 836 870 871 874
463 0 -1
803 50 59 51 60 837 871 872 873
464 0 -1
805 65 52 66 54 839 873 874 878
465 0 -1
806 3 50 9 52 840 874 875 883
466 0 -1
807 83 67 84 67 841 875 876 877
467 0 -1
810 34 47 34 47 844 878 879 879
468 0 -1
813 2 68 2 69 847 881 882 882
469 0 -1
818 25 97 27 97 852 886 887 888
470 0 -1
820 74 20 76 21 854 888 889 891
471 0 -1
824 90 22 91 23 858 892 893 894
472 0 -1
825 85 68 86 68 859 893 894 896
473 0 -1
827 37 1 37 1 861 895 896 896
474 0 -1
828 30 0 35 5 862 896 897 906
475 0 -1
830 39 62 39 65 864 898 899 901
476 0 -1
831 98 14 99 14 865 899 900 900
477 0 -1
833 52 11 52 11 867 901 902 903
478 0 -1
834 73 19 75 19 868 902 903 904
479 0 -1
835 57 72 62 72 869 903 904 913
480 0 -1
839 13 89 13 91 873 907 908 909
481 0 -1
841 45 8 47 9 875 909 910 913
482 0 -1
842 58 64 58 66 876 910 911 912
483 0 -1
844 99 51 98 51 878 912 913 917
484 0 -1
845 96 34 98 34 879 913 914 915
485 0 -1
846 80 77 81 81 880 914 915 920
486 0 -1
847 18 46 19 46 881 915 916 916
487 0 -1
850 97 16 97 19 884 918 919 921
488 0 -1
851 62 23 66 23 885 919 920 923
489 0 -1
854 39 67 40 67 888 922 923 923
490 0 -1
856 89 66 91 67 890 924 925 927
491 0 -1
859 12 46 12 49 893 927 928 932
492 0 -1
860 88 57 88 57 894 928 929 929
493 0 -1
861 8 15 8 15 895 929 930 931
494 0 -1
864 54 44 57 44 898 932 933 935
495 0 -1
867 0 85 1 85 901 935 936 936
496 0 -1
868 53 19 53 20 902 936 937 938
497 0 -1
871 43 98 45 87 905 939 940 955
498 0 -1
873 94 58 94 58 907 941 942 943
499 0 -1
874 21 57 26 57 908 942 943 947
500 0 -1
875 56 6 57 6 909 943 944 946
501 0 -1
877 90 30 91 31 911 945 946 948
502 0 -1
878 65 2 65 2 912 946 947 948
503 0 -1
879 91 72 93 72 913 947 948 949
504 0 -1
880 48 95 51 96 914 948 949 952
505 0 -1
881 27 88 29 91 915 949 950 955
506 0 -1
882 77 73 79 73 916 950 951 952
507 0 -1
885 87 97 87 98 919 953 954 954
508 0 -1
887 20 96 22 97 921 955 956 958
509 0 -1
889 52 18 52 21 923 957 958 960
510 0 -1
891 38 90 39 91 925 959 960 961
511 0 -1
893 42 97 43 98 927 961 962 963
512 0 -1
894 68 85 68 87 928 962 963 965
513 0 -1
895 85 21 88 21 929 963 964 966
514 0 -1
896 10 69 10 69 930 964 965 966
515 0 -1
897 35 66 36 66 931 965 966 966
516 0 -1
898 98 99 99 100 932 966 967 968
517 0 -1
899 11 77 13 77 933 967 968 969
518 0 -1
900 73 40 73 40 934 968 969 974
519 0 -1
901 62 74 62 76 935 969 970 971
520 0 -1
902 0 28 0 29 936 970 971 971
521 0 -1
905 26 80 27 80 939 973 974 974
522 0 -1
910 2 51 3 51 944 978 979 979
523 0 -1
912 97 40 93 45 946 980 981 990
524 0 -1
914 42 47 44 49 948 982 983 989
525 0 -1
917 59 40 61 42 951 985 986 989
526 0 -1
919 12 40 12 41 953 987 988 989
527 0 -1
920 86 24 89 24 954 988 989 991
528 0 -1
921 13 93 13 94 955 989 990 990
529 0 -1
923 48 60 49 60 957 991 992 992
530 0 -1
925 21 24 22 26 959 993 994 996
531 0 -1
926 85 21 88 26 960 994 995 1003
532 0 -1
927 7 59 7 61 961 995 996 998
533 0 -1
928 24 71 27 72 962 996 997 1000
534 0 -1
929 41 85 41 85 963 997 998 998
535 0 -1
931 58 95 60 95 965 999 1000 1001
536 0 -1
933 47 90 53 90 967 1001 1002 1008
537 0 -1
935 29 7 29 7 969 1003 1004 1005
538 0 -1
936 86 98 86 98 970 1004 1005 1005
539 0 -1
937 76 48 78 48 971 1005 1006 1009
540 0 -1
938 91 32 91 35 972 1006 1007 1010
541 0 -1
940 7 46 9 46 974 1008 1009 1010
542 0 -1
942 64 61 65 61 976 1010 1011 1011
543 0 -1
943 33 9 36 10 977 1011 1012 1018
544 0 -1
944 6 78 6 79 978 1012 1013 1013
545 0 -1
945 73 35 76 35 979 1013 1014 1016
546 0 -1
947 63 69 67 73 981 1015 1016 1028
547 0 -1
948 55 64 55 67 982 1016 1017 1019
548 0 -1
950 26 56 28 56 984 1018 1019 1020
549 0 -1
951 29 78 29 80 985 1019 1020 1021
550 0 -1
954 21 41 22 42 988 1022 1023 1024
551 0 -1
955 15 88 16 88 989 1023 1024 1024
552 0 -1
957 18 58 21 58 991 1025 1026 1028
553 0 -1
958 95 63 96 63 992 1026 1027 1027
554 0 -1
963 22 90 22 93 997 1031 1032 1034
555 0 -1
964 31 30 32 31 998 1032 1033 1034
556 0 -1
966 8 67 9 67 1000 1034 1035 1036
557 0 -1
969 18 89 19 90 1003 1037 1038 1039
558 0 -1
972 84 9 88 10 1006 1040 1041 1046
559 0 -1
973 25 20 25 22 1007 1041 1042 1045
560 0 -1
974 54 10 61 10 1008 1042 1043 1052
561 0 -1
976 3 35 4 36 1010 1044 1045 1049
562 0 -1
979 62 41 62 45 1013 1047 1048 1051
563 0 -1
981 18 15 19 15 1015 1049 1050 1050
564 0 -1
983 23 8 26 8 1017 1051 1052 1054
565 0 -1
984 2 29 7 30 1018 1052 1053 1058
566 0 -1
987 97 76 97 78 1021 1055 1056 1059
567 0 -1
989 73 94 75 95 1023 1057 1058 1060
568 0 -1
990 9 89 9 91 1024 1058 1059 1062
569 0 -1
992 36 48 38 50 1026 1060 1061 1064
570 0 -1
993 33 86 34 87 1027 1061 1062 1063
571 0 -1
994 68 98 71 99 1028 1062 1063 1066
572 0 -1
996 2 80 4 80 1030 1064 1065 1066
573 0 -1
997 42 36 43 36 1031 1065 1066 1067
574 0 -1
998 37 23 38 23 1032 1066 1067 1067
575 0 -1
999 80 97 81 97 1033 1067 1068 1069
576 0 -1
1001 31 89 46 60 1035 1069 1070 1118
577 0 -1
1004 80 62 81 63 1038 1072 1073 1074
578 0 -1
1008 51 52 51 53 1042 1076 1077 1077
579 0 -1
1010 67 0 67 0 1044 1078 1079 1080
580 0 -1
1012 32 6 32 6 1046 1080 1081 1081
581 0 -1
1015 20 17 20 18 1049 1083 1084 1084
582 0 -1
1016 40 5 41 5 1050 1084 1085 1085
583 0 -1
1017 58 58 61 58 1051 1085 1086 1088
584 0 -1
1018 94 51 94 63 1052 1086 1087 1100
585 0 -1
1019 11 80 12 87 1053 1087 1088 1097
586 0 -1
1020 29 3 31 3 1054 1088 1089 1091
587 0 -1
1021 40 71 41 71 1055 1089 1090 1090
588 0 -1
1022 22 46 25 46 1056 1090 1091 1104
589 0 -1
1025 49 63 54 63 1059 1093 1094 1098
590 0 -1
1027 72 40 73 40 1061 1095 1096 1096
591 0 -1
1028 75 28 75 29 1062 1096 1097 1097
592 0 -1
1031 57 19 64 20 1065 1099 1100 1108
593 0 -1
1032 74 55 78 56 1066 1100 1101 1107
594 0 -1
1033 2 69 6 69 1067 1101 1102 1105
595 0 -1
1035 11 10 12 11 1069 1103 1104 1105
596 0 -1
1036 39 55 39 57 1070 1104 1105 1106
597 0 -1
1037 71 50 72 50 1071 1105 1106 1106
598 0 -1
1039 53 72 54 72 1073 1107 1108 1108
599 0 -1
1040 74 15 75 15 1074 1108 1109 1109
600 0 -1
1042 65 78 71 83 1076 1110 1111 1121
601 0 -1
1044 62 87 62 91 1078 1112 1113 1116
602 0 -1
1045 62 8 62 11 1079 1113 1114 1116
603 0 -1
1051 60 38 61 38 1085 1119 1120 1120
604 0 -1
1053 13 73 14 73 1087 1121 1122 1122
605 0 -1
1056 4 85 4 86 1090 1124 1125 1126
606 0 -1
1057 71 13 71 13 1091 1125 1126 1127
607 0 -1
1059 90 0 94 0 1093 1127 1128 1131
608 0 -1
1060 19 10 20 11 1094 1128 1129 1133
609 0 -1
1063 42 97 45 97 1097 1131 1132 1134
610 0 -1
1065 93 27 96 27 1099 1133 1134 1136
611 0 -1
1066 97 31 99 31 1100 1134 1135 1136
612 0 -1
1067 8 33 8 33 1101 1135 1136 1136
613 0 -1
1070 95 35 86 38 1104 1138 1139 1150
614 0 -1
1071 45 54 47 54 1105 1139 1140 1144
615 0 -1
1073 94 66 99 68 1107 1141 1142 1156
616 0 -1
1074 70 18 71 18 1108 1142 1143 1143
617 0 -1
1075 14 87 16 88 1109 1143 1144 1146
618 0 -1
1078 46 47 47 50 1112 1146 1147 1150
619 0 -1
1082 27 40 28 40 1116 1150 1151 1151
620 0 -1
1083 64 43 64 43 1117 1151 1152 1153
621 0 -1
1084 12 21 14 25 1118 1152 1153 1158
622 0 -1
1085 68 75 68 78 1119 1153 1154 1156
623 0 -1
1086 55 31 55 34 1120 1154 1155 1158
624 0 -1
1090 41 88 41 89 1124 1158 1159 1159
625 0 -1
1091 10 60 10 61 1125 1159 1160 1163
626 0 -1
1092 65 0 65 1 1126 1160 1161 1161
627 0 -1
1095 45 91 45 93 1129 1163 1164 1166
628 0 -1
1097 62 33 64 33 1131 1165 1166 1168
629 0 -1
1098 3 43 7 43 1132 1166 1167 1170
630 0 -1
1099 44 78 48 79 1133 1167 1168 1172
631 0 -1
1100 45 77 45 77 1134 1168 1169 1173
632 0 -1
1102 53 76 56 76 1136 1170 1171 1173
633 0 -1
1103 45 35 50 37 1137 1171 1172 1178
634 0 -1
1104 39 64 39 65 1138 1172 1173 1173
635 0 -1
1105 73 76 74 76 1139 1173 1174 1174
636 0 -1
1107 42 11 49 11 1141 1175 1176 1185
637 0 -1
1109 90 27 90 28 1143 1177 1178 1180
638 0 -1
1111 88 53 89 53 1145 1179 1180 1181
639 0 -1
1113 64 18 64 18 1147 1181 1182 1182
640 0 -1
1114 70 27 70 27 1148 1182 1183 1183
641 0 -1
1115 46 99 47 99 1149 1183 1184 1186
642 0 -1
1116 13 0 16 6 1150 1184 1185 1195
643 0 -1
1118 12 55 14 55 1152 1186 1187 1188
644 0 -1
1120 78 74 78 75 1154 1188 1189 1190
645 0 -1
1121 26 74 26 74 1155 1189 1190 1190
646 0 -1
1122 23 52 24 54 1156 1190 1191 1193
647 0 -1
1124 39 14 43 14 1158 1192 1193 1199
648 0 -1
1125 75 74 75 74 1159 1193 1194 1195
649 0 -1
1126 0 95 12 95 1160 1194 1195 1206
650 0 -1
1129 72 90 72 90 1163 1197 1198 1198
651 0 -1
1130 40 63 40 63 1164 1198 1199 1199
652 0 -1
1132 11 62 11 62 1166 1200 1201 1202
653 0 -1
1133 33 10 35 11 1167 1201 1202 1204
654 0 -1
1137 23 72 25 72 1171 1205 1206 1209
655 0 -1
1138 16 86 17 86 1172 1206 1207 1207
656 0 -1
1139 8 6 9 6 1173 1207 1208 1208
657 0 -1
1141 2 22 4 22 1175 1209 1210 1211
658 0 -1
1142 51 72 53 73 1176 1210 1211 1213
659 0 -1
1144 75 86 75 87 1178 1212 1213 1215
660 0 -1
1147 25 72 27 74 1181 1215 1216 1219
661 0 -1
1150 0 76 0 76 1184 1218 1219 1219
662 0 -1
1151 7 79 8 79 1185 1219 1220 1221
663 0 -1
1154 53 39 53 39 1188 1222 1223 1223
664 0 -1
1156 65 16 67 16 1190 1224 1225 1226
665 0 -1
1157 70 19 73 21 1191 1225 1226 1230
666 0 -1
1158 96 24 92 24 1192 1226 1227 1230
667 0 -1
1159 59 56 60 57 1193 1227 1228 1229
668 0 -1
1164 51 56 54 56 1198 1232 1233 1235
669 0 -1
1166 0 50 2 50 1200 1234 1235 1237
670 0 -1
1169 49 21 52 21 1203 1237 1238 1240
671 0 -1
1170 95 6 97 6 1204 1238 1239 1241
672 0 -1
1171 54 26 60 28 1205 1239 1240 1248
673 0 -1
1172 32 99 32 99 1206 1240 1241 1241
674 0 -1
1174 20 78 21 81 1208 1242 1243 1249
675 0 -1
1175 37 49 40 49 1209 1243 1244 1246
676 0 -1
1176 57 29 58 29 1210 1244 1245 1246
677 0 -1
1177 69 19 70 19 1211 1245 1246 1247
678 0 -1
1179 56 36 57 36 1213 1247 1248 1248
679 0 -1
1186 57 24 57 24 1220 1254 1255 1256
680 0 -1
1187 9 60 11 60 1221 1255 1256 1257
681 0 -1
1188 45 91 46 91 1222 1256 1257 1257
682 0 -1
1190 32 8 33 8 1224 1258 1259 1259
683 0 -1
1191 93 7 94 7 1225 1259 1260 1261
684 0 -1
1194 79 95 80 96 1228 1262 1263 1264
685 0 -1
1195 72 46 74 46 1229 1263 1264 1266
686 0 -1
1197 79 6 80 7 1231 1265 1266 1268
687 0 -1
1198 88 65 88 65 1232 1266 1267 1270
688 0 -1
1201 16 41 20 42 1235 1269 1270 1274
689 0 -1
1202 94 10 95 10 1236 1270 1271 1271
690 0 -1
1203 0 26 1 26 1237 1271 1272 1272
691 0 -1
1205 73 48 74 50 1239 1273 1274 1276
692 0 -1
1207 61 57 63 59 1241 1275 1276 1279
693 0 -1
1208 21 4 21 5 1242 1276 1277 1278
694 0 -1
1209 77 23 78 23 1243 1277 1278 1278
695 0 -1
1211 25 73 26 75 1245 1279 1280 1283
696 0 -1
1214 17 25 22 25 1248 1282 1283 1288
697 0 -1
1217 79 37 81 37 1251 1285 1286 1287
698 0 -1
1218 85 76 86 76 1252 1286 1287 1287
699 0 -1
1219 50 4 53 4 1253 1287 1288 1294
700 0 -1
1220 64 30 65 30 1254 1288 1289 1289
701 0 -1
1222 11 39 14 39 1256 1290 1291 1293
702 0 -1
1223 80 32 80 32 1257 1291 1292 1295
703 0 -1
1226 23 73 23 73 1260 1294 1295 1297
704 0 -1
1227 80 91 80 91 1261 1295 1296 1296
705 0 -1
1229 84 81 84 81 1263 1297 1298 1298
706 0 -1
1230 4 97 6 97 1264 1298 1299 1303
707 0 -1
1231 86 22 87 22 1265 1299 1300 1300
708 0 -1
1233 83 45 83 46 1267 1301 1302 1303
709 0 -1
1235 6 29 10 29 1269 1303 1304 1307
710 0 -1
1236 35 2 36 6 1270 1304 1305 1309
711 0 -1
1237 39 80 44 80 1271 1305 1306 1310
712 0 -1
1238 79 89 83 90 1272 1306 1307 1311
713 0 -1
1240 13 67 16 67 1274 1308 1309 1312
714 0 -1
1241 87 58 88 58 1275 1309 1310 1310
715 0 -1
1242 20 20 22 20 1276 1310 1311 1323
716 0 -1
1243 77 3 79 3 1277 1311 1312 1313
717 0 -1
1244 71 93 77 94 1278 1312 1313 1319
718 0 -1
1246 3 31 6 37 1280 1314 1315 1323
719 0 -1
1250 91 14 91 15 1284 1318 1319 1319
720 0 -1
1254 85 81 89 84 1288 1322 1323 1329
721 0 -1
1255 16 93 16 95 1289 1323 1324 1327
722 0 -1
1258 13 20 19 24 1292 1326 1327 1342
723 0 -1
1259 88 31 92 45 1293 1327 1328 1345
724 0 -1
1260 98 80 98 84 1294 1328 1329 1334
725 0 -1
1261 1 14 8 14 1295 1329 1330 1336
726 0 -1
1263 39 93 40 93 1297 1331 1332 1338
727 0 -1
1264 76 99 79 100 1298 1332 1333 1336
728 0 -1
1265 32 44 33 44 1299 1333 1334 1335
729 0 -1
1266 91 60 92 60 1300 1334 1335 1335
730 0 -1
1268 2 63 3 65 1302 1336 1337 1339
731 0 -1
1276 85 66 86 66 1310 1344 1345 1345
732 0 -1
1277 77 16 78 19 1311 1345 1346 1350
733 0 -1
1281 96 82 98 82 1315 1349 1350 1351
734 0 -1
1284 96 1 96 1 1318 1352 1353 1354
735 0 -1
1287 56 31 60 31 1321 1355 1356 1359
736 0 -1
1290 93 43 99 44 1324 1358 1359 1365
737 0 -1
1291 90 51 93 51 1325 1359 1360 1362
738 0 -1
1292 73 86 98 86 1326 1360 1361 1386
739 0 -1
1297 60 66 60 68 1331 1365 1366 1368
740 0 -1
1298 20 60 21 60 1332 1366 1367 1367
741 0 -1
1299 41 18 43 19 1333 1367 1368 1370
742 0 -1
1300 90 76 90 78 1334 1368 1369 1370
743 0 -1
1307 10 2 10 2 1341 1375 1376 1376
744 0 -1
1309 28 15 30 15 1343 1377 1378 1379
745 0 -1
1312 72 98 73 98 1346 1380 1381 1382
746 0 -1
1313 69 62 69 63 1347 1381 1382 1382
747 0 -1
1314 75 26 79 26 1348 1382 1383 1386
748 0 -1
1315 95 96 90 96 1349 1383 1384 1388
749 0 -1
1316 32 55 33 55 1350 1384 1385 1386
750 0 -1
1317 15 43 16 44 1351 1385 1386 1387
751 0 -1
1318 55 65 58 65 1352 1386 1387 1389
752 0 -1
1319 37 94 37 96 1353 1387 1388 1389
753 0 -1
1320 39 0 39 0 1354 1388 1389 1389
754 0 -1
1321 46 37 46 37 1355 1389 1390 1391
755 0 -1
1323 62 83 63 84 1357 1391 1392 1393
756 0 -1
1324 77 26 80 26 1358 1392 1393 1397
757 0 -1
1325 5 67 9 68 1359 1393 1394 1399
758 0 -1
1326 11 76 11 77 1360 1394 1395 1395
759 0 -1
1327 68 87 68 93 1361 1395 1396 1405
760 0 -1
1329 57 14 59 14 1363 1397 1398 1399
761 0 -1
1332 26 51 28 51 1366 1400 1401 1402
762 0 -1
1333 96 15 96 16 1367 1401 1402 1402
763 0 -1
1335 22 14 29 21 1369 1403 1404 1419
764 0 -1
1336 26 98 27 98 1370 1404 1405 1405
765 0 -1
1338 39 8 39 11 1372 1406 1407 1409
766 0 -1
1340 76 87 82 88 1374 1408 1409 1415
767 0 -1
1342 5 0 8 0 1376 1410 1411 1413
768 0 -1
1344 39 8 39 8 1378 1412 1413 1414
769 0 -1
1345 54 40 54 40 1379 1413 1414 1414
770 0 -1
1347 91 97 92 99 1381 1415 1416 1418
771 0 -1
1348 86 99 89 99 1382 1416 1417 1421
772 0 -1
1349 36 7 40 9 1383 1417 1418 1423
773 0 -1
1354 22 17 22 17 1388 1422 1423 1425
774 0 -1
1355 23 39 24 43 1389 1423 1424 1428
775 0 -1
1359 90 1 92 2 1393 1427 1428 1432
776 0 -1
1362 13 96 13 97 1396 1430 1431 1432
777 0 -1
1365 33 90 34 90 1399 1433 1434 1434
778 0 -1
1368 56 42 58 42 1402 1436 1437 1438
779 0 -1
1369 28 12 62 12 1403 1437 1438 1472
780 0 -1
1370 11 41 12 42 1404 1438 1439 1440
781 0 -1
1372 45 19 47 22 1406 1440 1441 1445
782 0 -1
1374 69 49 69 51 1408 1442 1443 1444
783 0 -1
1375 99 82 94 84 1409 1443 1444 1450
784 0 -1
1376 98 21 99 21 1410 1444 1445 1445
785 0 -1
1377 72 4 72 6 1411 1445 1446 1448
786 0 -1
1378 83 51 84 51 1412 1446 1447 1447
787 0 -1
1379 52 91 54 92 1413 1447 1448 1451
788 0 -1
1381 24 7 24 10 1415 1449 1450 1452
789 0 -1
1382 7 82 7 82 1416 1450 1451 1453
790 0 -1
1383 8 36 10 36 1417 1451 1452 1453
791 0 -1
1385 36 42 36 47 1419 1453 1454 1459
792 0 -1
1386 30 61 32 62 1420 1454 1455 1457
793 0 -1
1387 24 4 30 9 1421 1455 1456 1466
794 0 -1
1388 29 80 31 80 1422 1456 1457 1459
795 0 -1
1389 78 57 78 58 1423 1457 1458 1459
796 0 -1
1390 69 56 70 57 1424 1458 1459 1460
797 0 -1
1391 31 77 32 78 1425 1459 1460 1461
798 0 -1
1393 87 55 88 55 1427 1461 1462 1463
799 0 -1
1395 10 72 13 77 1429 1463 1464 1471
800 0 -1
1396 27 39 28 39 1430 1464 1465 1465
801 0 -1
1400 87 86 90 86 1434 1468 1469 1471
802 0 -1
1401 60 32 61 32 1435 1469 1470 1472
803 0 -1
1402 46 51 46 55 1436 1470 1471 1477
804 0 -1
1403 14 69 15 70 1437 1471 1472 1473
805 0 -1
1406 73 15 74 15 1440 1474 1475 1475
806 0 -1
1411 27 97 27 99 1445 1479 1480 1481
807 0 -1
1412 88 83 92 84 1446 1480 1481 1486
808 0 -1
1413 95 92 96 92 1447 1481 1482 1482
809 0 -1
1414 69 49 69 49 1448 1482 1483 1484
810 0 -1
1415 80 42 82 42 1449 1483 1484 1485
811 0 -1
1417 84 22 84 22 1451 1485 1486 1486
812 0 -1
1418 28 90 33 90 1452 1486 1487 1491
813 0 -1
1419 27 98 28 99 1453 1487 1488 1494
814 0 -1
1420 70 13 76 15 1454 1488 1489 1496
815 0 -1
1423 2 37 2 38 1457 1491 1492 1492
816 0 -1
1426 33 17 35 17 1460 1494 1495 1496
817 0 -1
1428 17 82 18 82 1462 1496 1497 1499
818 0 -1
1429 98 18 98 18 1463 1497 1498 1499
819 0 -1
1430 25 20 26 20 1464 1498 1499 1499
820 0 -1
1431 92 92 94 92 1465 1499 1500 1502
821 0 -1
1432 37 22 38 22 1466 1500 1501 1501
822 0 -1
1434 51 6 51 7 1468 1502 1503 1503
823 0 -1
1435 98 97 91 97 1469 1503 1504 1510
824 0 -1
1436 22 9 24 9 1470 1504 1505 1506
825 0 -1
1438 10 81 11 84 1472 1506 1507 1510
826 0 -1
1439 23 18 24 18 1473 1507 1508 1508
827 0 -1
1440 90 23 91 24 1474 1508 1509 1511
828 0 -1
1441 28 17 29 22 1475 1509 1510 1516
829 0 -1
1442 68 95 70 95 1476 1510 1511 1512
830 0 -1
1443 7 12 7 17 1477 1511 1512 1516
831 0 -1
1444 93 77 93 78 1478 1512 1513 1514
832 0 -1
1446 50 41 50 45 1480 1514 1515 1520
833 0 -1
1447 42 82 43 82 1481 1515 1516 1517
834 0 -1
1448 25 21 27 21 1482 1516 1517 1518
835 0 -1
1452 16 20 17 20 1486 1520 1521 1521
836 0 -1
1454 86 99 89 100 1488 1522 1523 1526
837 0 -1
1455 8 29 10 29 1489 1523 1524 1525
838 0 -1
1456 89 85 89 86 1490 1524 1525 1525
839 0 -1
1457 29 83 35 83 1491 1525 1526 1531
840 0 -1
1458 59 34 64 36 1492 1526 1527 1536
841 0 -1
1461 0 16 3 16 1495 1529 1530 1532
842 0 -1
1462 46 1 50 1 1496 1530 1531 1534
843 0 -1
1463 76 59 78 59 1497 1531 1532 1533
844 0 -1
1465 17 97 17 99 1499 1533 1534 1535
845 0 -1
1466 0 70 2 70 1500 1534 1535 1536
846 0 -1
1468 58 41 59 41 1502 1536 1537 1537
847 0 -1
1469 80 31 84 32 1503 1537 1538 1542
848 0 -1
1470 40 62 41 62 1504 1538 1539 1539
849 0 -1
1472 40 31 41 33 1506 1540 1541 1545
850 0 -1
1473 81 7 83 10 1507 1541 1542 1546
851 0 -1
1474 94 26 99 30 1508 1542 1543 1553
852 0 -1
1475 95 86 95 86 1509 1543 1544 1545
853 0 -1
1478 92 56 96 57 1512 1546 1547 1552
854 0 -1
1479 68 49 69 50 1513 1547 1548 1549
855 0 -1
1481 57 39 58 40 1515 1549 1550 1551
856 0 -1
1483 42 42 52 42 1517 1551 1552 1562
857 0 -1
1486 64 86 64 86 1520 1554 1555 1559
858 0 -1
1487 40 31 40 31 1521 1555 1556 1559
859 0 -1
1493 84 20 85 21 1527 1561 1562 1563
860 0 -1
1495 8 93 9 93 1529 1563 1564 1564
861 0 -1
1496 80 66 83 67 1530 1564 1565 1568
862 0 -1
1497 35 82 35 82 1531 1565 1566 1569
863 0 -1
1499 96 4 96 6 1533 1567 1568 1569
864 0 -1
1500 0 90 1 90 1534 1568 1569 1570
865 0 -1
1501 68 16 76 16 1535 1569 1570 1577
866 0 -1
1502 54 24 54 27 1536 1570 1571 1574
867 0 -1
1504 24 97 37 97 1538 1572 1573 1585
868 0 -1
1505 87 98 88 98 1539 1573 1574 1583
869 0 -1
1506 32 97 34 97 1540 1574 1575 1576
870 0 -1
1507 72 83 74 84 1541 1575 1576 1578
871 0 -1
1508 60 45 61 45 1542 1576 1577 1582
872 0 -1
1509 81 74 82 74 1543 1577 1578 1578
873 0 -1
1511 3 52 4 52 1545 1579 1580 1581
874 0 -1
1513 16 59 18 59 1547 1581 1582 1586
875 0 -1
1515 51 37 51 38 1549 1583 1584 1584
876 0 -1
1516 94 40 94 42 1550 1584 1585 1587
877 0 -1
1517 3 25 5 25 1551 1585 1586 1588
878 0 -1
1518 27 65 29 65 1552 1586 1587 1589
879 0 -1
1519 54 85 57 85 1553 1587 1588 1591
880 0 -1
1521 49 33 49 35 1555 1589 1590 1593
881 0 -1
1522 60 37 61 37 1556 1590 1591 1592
882 0 -1
1523 53 66 54 67 1557 1591 1592 1593
883 0 -1
1527 96 69 96 70 1561 1595 1596 1599
884 0 -1
1528 19 72 20 72 1562 1596 1597 1597
885 0 -1
1533 56 27 56 27 1567 1601 1602 1602
886 0 -1
1534 81 38 84 38 1568 1602 1603 1611
887 0 -1
1535 79 96 81 97 1569 1603 1604 1606
888 0 -1
1536 81 26 83 26 1570 1604 1605 1606
889 0 -1
1538 59 83 59 86 1572 1606 1607 1610
890 0 -1
1540 60 16 61 16 1574 1608 1609 1609
891 0 -1
1543 70 70 73 70 1577 1611 1612 1614
892 0 -1
1544 13 71 13 72 1578 1612 1613 1614
893 0 -1
1545 98 94 98 94 1579 1613 1614 1615
894 0 -1
1547 81 76 82 77 1581 1615 1616 1620
895 0 -1
1550 39 5 40 5 1584 1618 1619 1620
896 0 -1
1551 70 97 71 98 1585 1619 1620 1621
897 0 -1
1552 67 27 69 30 1586 1620 1621 1625
898 0 -1
1554 87 37 89 38 1588 1622 1623 1626
899 0 -1
1555 90 68 90 70 1589 1623 1624 1625
900 0 -1
1556 23 47 24 47 1590 1624 1625 1626
901 0 -1
1559 82 81 88 81 1593 1627 1628 1633
902 0 -1
1560 21 25 21 30 1594 1628 1629 1634
903 0 -1
1562 24 44 25 45 1596 1630 1631 1632
904 0 -1
1563 43 96 44 98 1597 1631 1632 1641
905 0 -1
1564 94 52 96 52 1598 1632 1633 1634
906 0 -1
1566 27 47 29 47 1600 1634 1635 1636
907 0 -1
1567 36 26 38 27 1601 1635 1636 1639
908 0 -1
1573 95 23 95 27 1607 1641 1642 1649
909 0 -1
1575 73 84 74 84 1609 1643 1644 1644
910 0 -1
1576 9 51 11 51 1610 1644 1645 1646
911 0 -1
1577 61 6 61 6 1611 1645 1646 1647
912 0 -1
1579 3 21 6 21 1613 1647 1648 1650
913 0 -1
1580 72 77 73 77 1614 1648 1649 1650
914 0 -1
1582 13 24 14 24 1616 1650 1651 1651
915 0 -1
1584 64 89 64 89 1618 1652 1653 1653
916 0 -1
1587 66 38 66 44 1621 1655 1656 1667
917 0 -1
1588 5 20 7 20 1622 1656 1657 1660
918 0 -1
1589 92 39 92 41 1623 1657 1658 1659
919 0 -1
1590 9 52 12 52 1624 1658 1659 1661
920 0 -1
1591 56 13 61 13 1625 1659 1660 1664
921 0 -1
1593 24 70 26 71 1627 1661 1662 1665
922 0 -1
1594 46 69 48 69 1628 1662 1663 1664
923 0 -1
1596 5 34 7 34 1630 1664 1665 1666
924 0 -1
1598 0 39 1 39 1632 1666 1667 1667
925 0 -1
1599 51 74 54 75 1633 1667 1668 1671
926 0 -1
1600 17 73 18 73 1634 1668 1669 1669
927 0 -1
1603 4 34 4 35 1637 1671 1672 1672
928 0 -1
1606 98 78 96 78 1640 1674 1675 1676
929 0 -1
1608 90 54 90 54 1642 1676 1677 1677
930 0 -1
1609 1 19 2 20 1643 1677 1678 1679
931 0 -1
1610 76 49 76 50 1644 1678 1679 1679
932 0 -1
1611 4 66 6 66 1645 1679 1680 1681
933 0 -1
1613 63 30 64 31 1647 1681 1682 1683
934 0 -1
1615 89 57 90 57 1649 1683 1684 1684
935 0 -1
1618 67 62 68 62 1652 1686 1687 1689
936 0 -1
1620 88 57 90 57 1654 1688 1689 1693
937 0 -1
1621 20 8 20 15 1655 1689 1690 1696
938 0 -1
1623 16 67 21 67 1657 1691 1692 1696
939 0 -1
1624 83 30 83 31 1658 1692 1693 1693
940 0 -1
1625 56 4 57 6 1659 1693 1694 1696
941 0 -1
1626 42 87 42 89 1660 1694 1695 1696
942 0 -1
1627 78 69 78 71 1661 1695 1696 1708
943 0 -1
1629 95 0 95 0 1663 1697 1698 1698
944 0 -1
1631 38 89 38 90 1665 1699 1700 1701
945 0 -1
1633 32 82 40 83 1667 1701 1702 1711
946 0 -1
1634 26 95 27 96 1668 1702 1703 1704
947 0 -1
1637 73 8 74 8 1671 1705 1706 1706
948 0 -1
1638 20 76 22 77 1672 1706 1707 1709
949 0 -1
1640 29 60 37 61 1674 1708 1709 1718
950 0 -1
1641 81 34 81 35 1675 1709 1710 1712
951 0 -1
1642 69 11 71 11 1676 1710 1711 1714
952 0 -1
1645 14 28 14 28 1679 1713 1714 1714
953 0 -1
1648 60 2 62 2 1682 1716 1717 1718
954 0 -1
1649 10 1 11 1 1683 1717 1718 1719
955 0 -1
1650 98 59 99 59 1684 1718 1719 1719
956 0 -1
1656 71 0 75 0 1690 1724 1725 1728
957 0 -1
1657 82 22 82 24 1691 1725 1726 1728
958 0 -1
1659 1 62 4 63 1693 1727 1728 1731
959 0 -1
1660 89 85 93 85 1694 1728 1729 1732
960 0 -1
1661 87 44 91 46 1695 1729 1730 1736
961 0 -1
1662 85 99 91 99 1696 1730 1731 1737
962 0 -1
1663 43 52 46 52 1697 1731 1732 1738
963 0 -1
1664 0 9 0 11 1698 1732 1733 1734
964 0 -1
1665 70 93 70 93 1699 1733 1734 1734
965 0 -1
1668 55 5 56 5 1702 1736 1737 1739
966 0 -1
1671 55 15 57 18 1705 1739 1740 1747
967 0 -1
1672 48 19 50 21 1706 1740 1741 1744
968 0 -1
1673 28 81 28 82 1707 1741 1742 1746
969 0 -1
1675 7 0 8 0 1709 1743 1744 1744
970 0 -1
1676 52 0 54 0 1710 1744 1745 1747
971 0 -1
1678 45 91 47 92 1712 1746 1747 1749
972 0 -1
1679 0 8 7 8 1713 1747 1748 1754
973 0 -1
1680 91 53 91 55 1714 1748 1749 1752
974 0 -1
1683 91 99 91 93 1717 1751 1752 1758
975 0 -1
1685 43 6 46 6 1719 1753 1754 1756
976 0 -1
1686 12 39 18 39 1720 1754 1755 1764
977 0 -1
1687 54 19 57 20 1721 1755 1756 1759
978 0 -1
1688 71 56 72 56 1722 1756 1757 1762
979 0 -1
1690 40 36 44 36 1724 1758 1759 1762
980 0 -1
1691 39 95 39 95 1725 1759 1760 1761
981 0 -1
1692 58 50 61 50 1726 1760 1761 1763
982 0 -1
1694 53 63 54 63 1728 1762 1763 1763
983 0 -1
1695 1 32 3 33 1729 1763 1764 1767
984 0 -1
1696 64 93 67 93 1730 1764 1765 1767
985 0 -1
1697 75 58 76 59 1731 1765 1766 1767
986 0 -1
1698 87 56 88 56 1732 1766 1767 1768
987 0 -1
1700 50 98 50 99 1734 1768 1769 1770
988 0 -1
1702 6 25 11 34 1736 1770 1771 1784
989 0 -1
1703 72 80 72 81 1737 1771 1772 1772
990 0 -1
1704 5 78 7 79 1738 1772 1773 1775
991 0 -1
1709 3 20 3 23 1743 1777 1778 1780
992 0 -1
1712 67 29 69 29 1746 1780 1781 1783
993 0 -1
1714 45 24 49 24 1748 1782 1783 1786
994 0 -1
1717 92 16 92 20 1751 1785 1786 1789
995 0 -1
1718 78 49 80 49 1752 1786 1787 1788
996 0 -1
1720 61 7 65 7 1754 1788 1789 1794
997 0 -1
1722 64 26 65 26 1756 1790 1791 1791
998 0 -1
1723 95 20 97 20 1757 1791 1792 1793
999 0 -1
1725 17 36 17 36 1759 1793 1794 1795
1000 0 -1
1726 72 5 72 5 1760 1794 1795 1797
