100 100 1797
4
0 22 52
1 47 72
2 34 95
3 75 90
36
0 0 50 100 6
0
1 0 99 100 6
0
2 0 147 100 6
0
3 0 199 100 6
0
4 0 248 100 6
0
5 0 301 100 6
0
6 0 347 100 6
0
7 0 396 100 6
0
8 0 438 100 6
0
9 1 57 100 6
0
10 1 109 100 6
0
11 1 152 100 6
0
12 1 210 100 6
0
13 1 254 100 6
0
14 1 306 100 6
0
15 1 353 100 6
0
16 1 399 100 6
0
17 1 446 100 6
0
18 2 46 100 6
0
19 2 88 100 6
0
20 2 144 100 6
0
21 2 195 100 6
0
22 2 244 100 6
0
23 2 284 100 6
0
24 2 329 100 6
0
25 2 376 100 6
0
26 2 424 100 6
0
27 3 46 100 6
0
28 3 89 100 6
0
29 3 138 100 6
0
30 3 193 100 6
0
31 3 243 100 6
0
32 3 290 100 6
0
33 3 341 100 6
0
34 3 390 100 6
0
35 3 442 100 6
0
1000
1 2 -1
2 14 79 15 79 36 70 71 73
2 3 -1
5 87 6 89 8 39 73 74 78
3 2 -1
7 90 97 93 98 41 75 76 79
4 0 -1
8 9 53 18 53 42 76 77 85
5 2 -1
9 32 75 35 78 43 77 78 83
6 1 -1
10 61 13 65 13 44 78 79 82
7 2 -1
11 55 74 58 76 45 79 80 85
8 1 -1
12 76 33 77 33 46 80 81 82
9 3 -1
13 81 73 82 74 47 81 82 83
10 3 -1
14 93 38 95 39 48 82 83 85
11 0 -1
15 42 2 44 2 49 83 84 89
12 1 -1
17 5 25 5 25 51 85 86 89
13 2 -1
18 39 94 45 94 52 86 87 92
14 2 -1
19 69 14 70 14 53 87 88 88
15 3 -1
20 22 75 24 75 54 88 89 90
16 3 -1
21 14 68 15 68 55 89 90 91
17 2 -1
22 7 86 8 89 56 90 91 94
18 1 -1
24 92 87 94 87 58 92 93 94
19 1 -1
29 19 35 24 35 63 97 98 103
20 1 -1
30 95 42 96 43 64 98 99 100
21 3 -1
31 63 16 65 16 65 99 100 101
22 1 -1
33 77 13 78 17 67 101 102 107
23 0 -1
35 59 57 59 57 69 103 104 104
24 1 -1
36 0 40 1 40 70 104 105 106
25 1 -1
39 41 41 41 41 73 107 108 108
26 3 -1
40 1 70 2 70 74 108 109 109
27 1 -1
41 61 41 61 43 75 109 110 111
28 1 -1
42 50 21 51 21 76 110 111 111
29 2 -1
43 81 82 81 82 77 111 112 112
30 0 -1
45 28 40 30 40 79 113 114 115
31 1 -1
49 0 72 1 73 83 117 118 120
32 2 -1
52 32 82 39 82 86 120 121 127
33 1 -1
53 80 68 82 70 87 121 122 126
34 1 -1
54 14 26 14 27 88 122 123 123
35 2 -1
56 48 6 56 7 90 124 125 141
36 1 -1
57 28 39 28 39 91 125 126 127
37 1 -1
59 60 5 61 5 93 127 128 128
38 2 -1
61 85 14 85 16 95 129 130 131
39 0 -1
62 99 77 97 78 96 130 131 138
40 1 -1
64 26 62 39 62 98 132 133 151
41 3 -1
69 25 33 26 34 103 137 138 139
42 3 -1
71 96 99 91 96 105 139 140 147
43 2 -1
73 9 91 12 92 107 141 142 146
44 0 -1
76 7 65 7 67 110 144 145 147
45 1 -1
78 27 34 27 34 112 146 147 148
46 0 -1
80 83 83 83 83 114 148 149 151
47 0 -1
81 46 49 48 49 115 149 150 151
48 2 -1
82 51 18 56 19 116 150 151 156
49 2 -1
83 96 57 96 57 117 151 152 156
50 1 -1
84 28 69 28 69 118 152 153 153
51 3 -1
86 75 64 77 70 120 154 155 164
52 2 -1
87 68 6 68 6 121 155 156 156
53 0 -1
90 60 7 60 8 124 158 159 159
54 2 -1
91 30 62 31 65 125 159 160 163
55 2 -1
92 13 95 13 96 126 160 161 161
56 0 -1
93 72 21 74 21 127 161 162 164
57 0 -1
94 41 95 45 95 128 162 163 168
58 0 -1
96 37 86 37 88 130 164 165 166
59 3 -1
103 32 54 33 54 137 171 172 174
60 3 -1
105 86 30 88 30 139 173 174 175
61 1 -1
106 15 9 20 9 140 174 175 184
62 0 -1
107 12 71 14 72 141 175 176 178
63 3 -1
108 66 97 74 97 142 176 177 184
64 0 -1
110 21 15 29 15 144 178 179 186
65 0 -1
111 18 39 19 39 145 179 180 180
66 3 -1
114 70 90 71 90 148 182 183 188
67 0 -1
115 88 13 92 14 149 183 184 188
68 2 -1
116 35 50 39 56 150 184 185 196
69 0 -1
119 46 35 47 37 153 187 188 190
70 2 -1
120 34 38 34 38 154 188 189 189
71 0 -1
122 6 81 10 81 156 190 191 194
72 1 -1
123 90 77 92 77 157 191 192 194
73 1 -1
124 77 87 80 88 158 192 193 196
74 1 -1
127 40 12 41 12 161 195 196 196
75 3 -1
128 6 15 20 18 162 196 197 215
76 3 -1
130 21 73 21 73 164 198 199 199
77 3 -1
132 56 66 63 67 166 200 201 215
78 1 -1
134 91 29 91 30 168 202 203 203
79 1 -1
135 28 43 34 43 169 203 204 214
80 0 -1
136 65 72 67 72 170 204 205 206
81 3 -1
139 32 81 33 81 173 207 208 208
82 3 -1
140 95 2 95 4 174 208 209 212
83 1 -1
141 51 86 54 88 175 209 210 214
84 1 -1
144 76 13 77 16 178 212 213 217
85 2 -1
145 51 68 52 68 179 213 214 215
86 0 -1
146 76 73 76 73 180 214 215 215
87 2 -1
147 7 25 8 25 181 215 216 216
88 0 -1
148 90 82 91 82 182 216 217 217
89 0 -1
149 82 31 82 32 183 217 218 219
90 1 -1
150 66 26 71 27 184 218 219 224
91 1 -1
153 96 77 96 78 187 221 222 222
92 2 -1
154 34 54 36 54 188 222 223 226
93 1 -1
155 55 51 58 51 189 223 224 227
94 2 -1
156 23 90 25 91 190 224 225 229
95 3 -1
157 43 99 46 99 191 225 226 230
96 1 -1
160 81 8 86 8 194 228 229 234
97 2 -1
162 77 10 78 10 196 230 231 231
98 0 -1
163 85 25 85 25 197 231 232 232
99 3 -1
166 1 10 1 12 200 234 235 236
100 0 -1
167 58 20 63 20 201 235 236 240
101 1 -1
168 63 42 63 44 202 236 237 238
102 1 -1
169 84 17 87 18 203 237 238 242
103 3 -1
170 82 21 83 23 204 238 239 243
104 1 -1
172 65 66 68 67 206 240 241 245
105 3 -1
173 97 88 97 90 207 241 242 246
106 3 -1
174 14 67 15 67 208 242 243 244
107 3 -1
179 17 17 17 18 213 247 248 248
108 0 -1
183 52 93 56 93 217 251 252 256
109 3 -1
184 0 48 1 49 218 252 253 254
110 0 -1
185 38 22 38 24 219 253 254 255
111 1 -1
186 4 66 9 70 220 254 255 263
112 2 -1
187 19 14 21 18 221 255 256 261
113 0 -1
189 64 4 65 8 223 257 258 262
114 3 -1
190 58 98 59 94 224 258 259 263
115 0 -1
193 47 20 47 20 227 261 262 262
116 1 -1
196 39 56 41 56 230 264 265 266
117 1 -1
197 36 27 37 27 231 265 266 266
118 2 -1
198 8 60 11 69 232 266 267 284
119 1 -1
199 68 73 68 74 233 267 268 268
120 2 -1
200 32 49 32 49 234 268 269 270
121 3 -1
201 93 51 93 51 235 269 270 270
122 2 -1
204 13 9 14 9 238 272 273 273
123 3 -1
208 4 8 5 8 242 276 277 277
124 2 -1
209 49 59 50 59 243 277 278 278
125 1 -1
211 16 86 18 86 245 279 280 282
126 2 -1
212 46 13 48 13 246 280 281 282
127 0 -1
213 46 17 50 21 247 281 282 289
128 0 -1
214 97 25 94 26 248 282 283 287
129 3 -1
218 61 36 66 36 252 286 287 293
130 2 -1
219 23 81 24 81 253 287 288 289
131 0 -1
224 94 51 95 53 258 292 293 295
132 3 -1
225 14 33 16 33 259 293 294 295
133 2 -1
229 96 94 98 97 263 297 298 303
134 3 -1
230 73 45 73 46 264 298 299 299
135 3 -1
231 24 27 25 29 265 299 300 302
136 0 -1
236 73 98 74 98 270 304 305 306
137 0 -1
237 99 31 98 32 271 305 306 307
138 2 -1
240 76 26 81 26 274 308 309 319
139 2 -1
242 72 77 72 79 276 310 311 312
140 3 -1
244 2 66 4 68 278 312 313 317
141 0 -1
245 44 75 47 76 279 313 314 319
142 0 -1
246 54 54 54 57 280 314 315 317
143 0 -1
247 15 71 18 71 281 315 316 318
144 0 -1
248 58 36 61 36 282 316 317 319
145 1 -1
250 21 91 22 91 284 318 319 320
146 1 -1
251 8 77 10 78 285 319 320 322
147 1 -1
253 19 7 20 7 287 321 322 322
148 0 -1
255 11 57 12 58 289 323 324 325
149 1 -1
256 88 3 92 3 290 324 325 328
150 1 -1
257 19 83 23 83 291 325 326 329
151 3 -1
258 52 32 53 32 292 326 327 327
152 0 -1
260 54 79 54 80 294 328 329 330
153 0 -1
261 48 94 58 94 295 329 330 341
154 2 -1
266 5 2 7 3 300 334 335 338
155 1 -1
267 30 86 31 86 301 335 336 338
156 0 -1
268 36 7 38 7 302 336 337 338
157 0 -1
269 7 39 8 39 303 337 338 338
158 0 -1
271 19 33 24 33 305 339 340 345
159 2 -1
272 54 37 54 37 306 340 341 341
160 0 -1
274 54 7 54 14 308 342 343 355
161 1 -1
277 33 7 35 7 311 345 346 347
162 3 -1
278 59 13 63 14 312 346 347 352
163 1 -1
279 41 91 43 93 313 347 348 351
164 0 -1
280 21 18 22 19 314 348 349 351
165 2 -1
283 61 96 62 96 317 351 352 352
166 1 -1
285 41 24 41 27 319 353 354 356
167 1 -1
286 78 69 78 70 320 354 355 357
168 3 -1
289 26 31 27 32 323 357 358 360
169 2 -1
293 53 24 57 24 327 361 362 365
170 2 -1
294 91 98 93 99 328 362 363 366
171 0 -1
295 71 73 71 75 329 363 364 365
172 1 -1
296 25 76 25 80 330 364 365 368
173 0 -1
303 64 71 70 74 337 371 372 380
174 1 -1
305 24 0 25 4 339 373 374 378
175 3 -1
306 83 84 84 84 340 374 375 375
176 3 -1
307 72 0 73 1 341 375 376 377
177 1 -1
310 77 99 77 99 344 378 379 382
178 2 -1
311 58 47 59 47 345 379 380 383
179 1 -1
312 57 89 64 91 346 380 381 389
180 1 -1
313 50 97 51 97 347 381 382 382
181 1 -1
315 46 23 47 23 349 383 384 385
182 3 -1
320 92 97 78 98 354 388 389 404
183 0 -1
321 68 79 71 79 355 389 390 392
184 1 -1
323 39 70 51 70 357 391 392 404
185 0 -1
325 18 0 23 3 359 393 394 401
186 2 -1
326 12 72 13 72 360 394 395 395
187 2 -1
327 5 68 5 68 361 395 396 398
188 3 -1
328 11 31 16 31 362 396 397 401
189 1 -1
329 7 80 10 80 363 397 398 400
190 1 -1
330 78 50 81 50 364 398 399 403
191 2 -1
337 47 18 49 26 371 405 406 418
192 2 -1
340 7 39 10 39 374 408 409 411
193 0 -1
342 11 82 12 82 376 410 411 411
194 2 -1
343 8 37 11 37 377 411 412 414
195 0 -1
345 97 13 88 14 379 413 414 425
196 0 -1
349 87 50 87 51 383 417 418 418
197 1 -1
351 15 1 16 1 385 419 420 420
198 1 -1
354 42 10 46 12 388 422 423 428
199 1 -1
356 33 37 34 37 390 424 425 425
200 3 -1
357 1 10 4 11 391 425 426 429
201 2 -1
358 75 17 82 17 392 426 427 433
202 2 -1
359 75 73 78 73 393 427 428 430
203 1 -1
360 31 60 32 60 394 428 429 430
204 1 -1
361 58 10 61 10 395 429 430 435
205 0 -1
363 68 73 68 74 397 431 432 432
206 0 -1
364 4 11 4 12 398 432 433 433
207 1 -1
365 7 11 7 13 399 433 434 435
208 2 -1
367 51 10 57 10 401 435 436 441
209 3 -1
371 7 41 8 41 405 439 440 440
210 1 -1
372 88 22 90 28 406 440 441 448
211 0 -1
373 40 77 42 78 407 441 442 444
212 0 -1
374 35 26 36 26 408 442 443 443
213 1 -1
375 80 70 80 70 409 443 444 444
214 3 -1
377 60 55 60 55 411 445 446 446
215 2 -1
379 11 49 12 49 413 447 448 448
216 0 -1
380 82 62 82 63 414 448 449 449
217 2 -1
381 16 4 21 4 415 449 450 454
218 0 -1
382 27 96 27 97 416 450 451 452
219 3 -1
383 0 40 1 40 417 451 452 452
220 2 -1
388 76 22 76 22 422 456 457 457
221 0 -1
391 40 28 40 28 425 459 460 461
222 2 -1
392 60 8 61 8 426 460 461 462
223 0 -1
394 99 55 98 56 428 462 463 465
224 0 -1
396 60 98 64 98 430 464 465 469
225 2 -1
397 50 91 51 91 431 465 466 466
226 3 -1
400 89 36 89 36 434 468 469 470
227 0 -1
401 26 58 28 58 435 469 470 471
228 3 -1
403 41 73 44 74 437 471 472 476
229 0 -1
404 59 98 59 100 438 472 473 474
230 1 -1
407 89 39 90 39 441 475 476 476
231 3 -1
408 76 68 79 68 442 476 477 479
232 3 -1
411 85 43 85 44 445 479 480 481
233 3 -1
412 23 87 24 87 446 480 481 481
234 1 -1
414 53 27 53 28 448 482 483 483
235 2 -1
418 90 17 91 17 452 486 487 487
236 0 -1
420 85 38 86 38 454 488 489 489
237 2 -1
421 20 24 22 24 455 489 490 491
238 1 -1
423 52 15 52 16 457 491 492 492
239 2 -1
426 19 80 21 83 460 494 495 499
240 1 -1
428 64 65 65 66 462 496 497 498
241 2 -1
433 23 31 25 31 467 501 502 503
242 3 -1
437 29 67 29 67 471 505 506 506
243 1 -1
439 50 91 50 93 473 507 508 509
244 2 -1
441 60 71 62 72 475 509 510 517
245 0 -1
446 71 40 74 40 480 514 515 518
246 1 -1
448 24 2 25 3 482 516 517 519
247 1 -1
450 28 63 32 66 484 518 519 526
248 3 -1
452 44 56 47 56 486 520 521 523
249 3 -1
455 58 92 58 95 489 523 524 526
250 2 -1
460 23 38 24 39 494 528 529 534
251 2 -1
461 45 27 45 27 495 529 530 531
252 3 -1
462 77 83 79 84 496 530 531 533
253 1 -1
464 89 41 91 41 498 532 533 534
254 3 -1
469 87 42 88 42 503 537 538 539
255 3 -1
471 99 52 97 54 505 539 540 550
256 3 -1
475 92 69 92 70 509 543 544 545
257 0 -1
478 66 2 67 5 512 546 547 550
258 1 -1
479 67 2 68 2 513 547 548 549
259 3 -1
480 11 8 11 10 514 548 549 556
260 0 -1
481 50 18 55 18 515 549 550 555
261 1 -1
482 71 32 71 33 516 550 551 551
262 3 -1
484 1 38 4 38 518 552 553 556
263 3 -1
486 79 64 79 66 520 554 555 557
264 2 -1
488 33 5 35 6 522 556 557 559
265 3 -1
489 84 41 97 41 523 557 558 570
266 1 -1
491 5 6 7 6 525 559 560 561
267 0 -1
493 0 36 0 37 527 561 562 562
268 3 -1
496 83 36 83 36 530 564 565 565
269 3 -1
501 8 23 8 23 535 569 570 571
270 3 -1
502 10 95 13 96 536 570 571 574
271 0 -1
505 7 64 9 64 539 573 574 575
272 2 -1
506 42 57 47 57 540 574 575 579
273 2 -1
507 38 97 40 98 541 575 576 579
274 2 -1
509 2 2 3 2 543 577 578 578
275 1 -1
511 88 22 89 23 545 579 580 581
276 0 -1
512 89 62 90 62 546 580 581 581
277 0 -1
515 76 51 77 53 549 583 584 586
278 1 -1
516 79 10 88 10 550 584 585 597
279 3 -1
517 37 99 41 99 551 585 586 589
280 3 -1
518 84 92 85 93 552 586 587 588
281 0 -1
520 20 16 20 16 554 588 589 589
282 1 -1
522 75 89 78 91 556 590 591 599
283 0 -1
523 57 36 58 36 557 591 592 592
284 0 -1
525 63 97 65 97 559 593 594 595
285 1 -1
526 90 25 92 25 560 594 595 596
286 2 -1
528 28 81 28 85 562 596 597 601
287 0 -1
530 67 0 68 0 564 598 599 602
288 3 -1
533 73 12 74 13 567 601 602 603
289 0 -1
535 84 76 86 77 569 603 604 606
290 3 -1
536 65 34 66 35 570 604 605 606
291 3 -1
537 80 72 81 72 571 605 606 606
292 3 -1
538 94 45 95 47 572 606 607 609
293 3 -1
540 58 96 62 96 574 608 609 612
294 3 -1
541 5 62 6 63 575 609 610 612
295 2 -1
542 70 86 74 87 576 610 611 618
296 2 -1
543 1 58 3 58 577 611 612 613
297 0 -1
546 49 36 49 38 580 614 615 616
298 1 -1
547 83 92 83 93 581 615 616 617
299 1 -1
550 19 28 19 28 584 618 619 619
300 2 -1
552 15 19 18 19 586 620 621 623
301 0 -1
553 70 33 71 33 587 621 622 623
302 0 -1
555 2 3 5 4 589 623 624 628
303 2 -1
556 20 38 20 38 590 624 625 626
304 0 -1
558 85 5 85 5 592 626 627 627
305 1 -1
559 36 97 38 99 593 627 628 632
306 1 -1
560 86 98 87 98 594 628 629 630
307 1 -1
562 30 72 30 73 596 630 631 631
308 1 -1
565 10 92 11 92 599 633 634 637
309 2 -1
566 69 13 72 14 600 634 635 638
310 2 -1
567 41 18 41 18 601 635 636 636
311 1 -1
570 17 64 17 65 604 638 639 642
312 3 -1
572 71 49 73 49 606 640 641 643
313 0 -1
573 41 75 43 76 607 641 642 644
314 1 -1
575 76 62 78 62 609 643 644 645
315 3 -1
577 10 0 11 0 611 645 646 646
316 1 -1
578 9 81 10 82 612 646 647 648
317 3 -1
579 7 82 10 82 613 647 648 652
318 1 -1
580 41 48 41 48 614 648 649 649
319 0 -1
585 46 46 48 46 619 653 654 656
320 0 -1
588 67 76 70 77 622 656 657 661
321 0 -1
589 59 30 66 35 623 657 658 672
322 3 -1
592 11 6 11 6 626 660 661 661
323 0 -1
594 96 78 97 79 628 662 663 664
324 2 -1
595 3 41 18 41 629 663 664 678
325 0 -1
596 70 71 74 71 630 664 665 668
326 1 -1
597 1 17 6 17 631 665 666 673
327 3 -1
599 96 59 97 60 633 667 668 675
328 0 -1
600 24 83 25 84 634 668 669 671
329 2 -1
601 5 21 5 23 635 669 670 671
330 1 -1
603 31 33 32 34 637 671 672 673
331 1 -1
608 59 91 62 91 642 676 677 679
332 3 -1
609 95 23 95 23 643 677 678 678
333 2 -1
610 44 28 44 32 644 678 679 683
334 1 -1
611 54 22 54 25 645 679 680 683
335 1 -1
613 82 10 82 18 647 681 682 689
336 1 -1
614 10 37 15 37 648 682 683 688
337 0 -1
615 23 53 24 53 649 683 684 684
338 2 -1
616 5 26 7 26 650 684 685 686
339 1 -1
619 57 11 62 11 653 687 688 692
340 2 -1
620 88 28 88 28 654 688 689 690
341 3 -1
621 58 72 61 73 655 689 690 694
342 3 -1
622 90 4 93 4 656 690 691 693
343 1 -1
623 75 87 76 88 657 691 692 693
344 3 -1
624 65 93 66 93 658 692 693 693
345 0 -1
625 4 58 6 58 659 693 694 695
346 0 -1
628 77 8 78 8 662 696 697 697
347 1 -1
629 19 80 23 81 663 697 698 702
348 0 -1
630 26 13 26 14 664 698 699 699
349 3 -1
634 94 32 95 32 668 702 703 703
350 3 -1
635 51 1 53 1 669 703 704 705
351 3 -1
636 94 10 96 10 670 704 705 706
352 3 -1
637 68 56 70 56 671 705 706 707
353 1 -1
639 26 10 26 10 673 707 708 708
354 3 -1
640 60 88 60 90 674 708 709 710
355 3 -1
641 72 54 73 55 675 709 710 711
356 3 -1
643 6 18 12 18 677 711 712 717
357 0 -1
645 87 6 87 7 679 713 714 715
358 2 -1
646 69 53 69 54 680 714 715 716
359 1 -1
648 62 51 63 51 682 716 717 717
360 1 -1
649 82 43 91 44 683 717 718 727
361 1 -1
650 46 3 46 3 684 718 719 719
362 2 -1
651 91 40 92 40 685 719 720 723
363 0 -1
652 67 79 71 86 686 720 721 735
364 1 -1
653 89 86 89 86 687 721 722 722
365 3 -1
656 67 82 67 82 690 724 725 725
366 1 -1
662 78 50 79 51 696 730 731 732
367 1 -1
663 1 13 8 14 697 731 732 739
368 3 -1
664 87 30 89 30 698 732 733 734
369 0 -1
665 3 83 3 83 699 733 734 734
370 1 -1
666 3 24 5 24 700 734 735 736
371 0 -1
667 20 17 20 18 701 735 736 738
372 2 -1
669 55 9 56 9 703 737 738 738
373 3 -1
672 14 9 14 10 706 740 741 744
374 1 -1
673 49 68 49 70 707 741 742 743
375 0 -1
674 17 38 21 38 708 742 743 746
376 0 -1
675 65 16 67 16 709 743 744 748
377 2 -1
678 51 92 55 92 712 746 747 750
378 0 -1
679 95 37 95 38 713 747 748 750
379 0 -1
680 45 0 51 0 714 748 749 754
380 2 -1
681 70 72 71 73 715 749 750 751
381 2 -1
682 54 35 54 37 716 750 751 752
382 0 -1
684 99 63 99 63 718 752 753 754
383 1 -1
685 63 4 65 5 719 753 754 758
384 0 -1
687 85 61 86 64 721 755 756 760
385 1 -1
688 73 71 75 71 722 756 757 758
386 0 -1
689 96 80 97 80 723 757 758 759
387 3 -1
690 74 82 74 83 724 758 759 760
388 3 -1
691 28 57 29 58 725 759 760 761
389 1 -1
692 58 22 58 22 726 760 761 762
390 1 -1
694 90 25 90 25 728 762 763 765
391 1 -1
696 91 64 91 65 730 764 765 766
392 1 -1
698 44 50 44 55 732 766 767 771
393 0 -1
700 5 29 6 29 734 768 769 769
394 2 -1
701 78 80 78 80 735 769 770 770
395 1 -1
702 28 94 29 100 736 770 771 777
396 0 -1
703 0 12 0 14 737 771 772 773
397 3 -1
704 18 0 20 0 738 772 773 774
398 1 -1
705 25 21 26 21 739 773 774 777
399 3 -1
706 19 34 19 35 740 774 775 776
400 0 -1
707 44 8 47 8 741 775 776 779
401 3 -1
708 9 39 16 39 742 776 777 783
402 3 -1
710 83 96 83 99 744 778 779 781
403 0 -1
712 63 95 63 96 746 780 781 781
404 2 -1
714 42 18 42 19 748 782 783 783
405 0 -1
716 91 61 92 61 750 784 785 785
406 2 -1
718 58 37 63 40 752 786 787 794
407 2 -1
719 86 67 86 67 753 787 788 788
408 0 -1
720 35 48 37 48 754 788 789 790
409 2 -1
722 51 44 53 44 756 790 791 792
410 0 -1
724 0 94 1 94 758 792 793 794
411 1 -1
725 13 99 14 95 759 793 794 804
412 3 -1
726 90 34 92 36 760 794 795 798
413 2 -1
727 75 52 77 52 761 795 796 798
414 1 -1
728 77 79 80 79 762 796 797 801
415 2 -1
729 64 90 64 91 763 797 798 798
416 3 -1
731 60 77 60 78 765 799 800 800
417 2 -1
733 90 41 90 43 767 801 802 803
418 3 -1
734 16 41 17 41 768 802 803 804
419 3 -1
735 90 7 90 9 769 803 804 806
420 0 -1
736 23 61 23 62 770 804 805 806
421 2 -1
737 11 16 12 18 771 805 806 808
422 1 -1
742 90 84 92 84 776 810 811 815
423 0 -1
744 16 83 17 84 778 812 813 814
424 1 -1
745 99 26 97 26 779 813 814 818
425 1 -1
748 50 80 51 80 782 816 817 818
426 0 -1
750 44 39 45 39 784 818 819 819
427 1 -1
751 68 82 68 83 785 819 820 820
428 1 -1
752 99 40 97 40 786 820 821 823
429 0 -1
753 9 38 9 39 787 821 822 822
430 2 -1
754 27 87 33 87 788 822 823 828
431 2 -1
755 67 97 68 97 789 823 824 825
432 0 -1
757 46 15 47 16 791 825 826 827
433 2 -1
758 62 59 62 67 792 826 827 834
434 3 -1
759 76 61 77 62 793 827 828 829
435 0 -1
760 47 57 47 57 794 828 829 829
436 2 -1
766 88 12 89 13 800 834 835 836
437 1 -1
767 0 66 0 68 801 835 836 837
438 0 -1
768 77 72 80 72 802 836 837 839
439 0 -1
771 66 51 67 51 805 839 840 840
440 2 -1
772 57 62 59 62 806 840 841 842
441 1 -1
773 20 86 22 87 807 841 842 844
442 1 -1
775 96 35 97 37 809 843 844 848
443 0 -1
777 42 8 42 9 811 845 846 847
444 0 -1
778 9 39 9 41 812 846 847 848
445 2 -1
779 42 41 43 41 813 847 848 850
446 0 -1
781 77 90 77 91 815 849 850 850
447 1 -1
782 76 94 77 94 816 850 851 854
448 2 -1
784 81 34 81 34 818 852 853 854
449 3 -1
787 43 26 43 28 821 855 856 857
450 1 -1
788 79 57 80 57 822 856 857 857
451 3 -1
789 34 59 34 59 823 857 858 861
452 0 -1
790 52 65 52 66 824 858 859 860
453 2 -1
791 82 58 86 58 825 859 860 864
454 3 -1
793 28 29 31 29 827 861 862 864
455 1 -1
794 53 7 57 7 828 862 863 866
456 3 -1
795 12 88 13 89 829 863 864 865
457 1 -1
796 92 12 92 12 830 864 865 868
458 1 -1
797 63 91 63 91 831 865 866 866
459 3 -1
798 31 49 34 49 832 866 867 869
460 0 -1
799 4 16 5 17 833 867 868 869
461 1 -1
800 95 20 96 24 834 868 869 873
462 2 -1
802 60 26 60 26 836 870 871 874
463 0 -1
803 54 0 54 0 837 871 872 873
464 0 -1
805 39 92 41 95 839 873 874 878
465 3 -1
806 73 31 80 33 840 874 875 883
466 1 -1
807 34 52 35 52 841 875 876 877
467 0 -1
810 29 63 29 64 844 878 879 879
468 1 -1
813 91 31 91 32 847 881 882 882
469 3 -1
818 23 82 23 83 852 886 887 888
470 3 -1
820 75 78 76 80 854 888 889 891
471 0 -1
824 21 6 21 7 858 892 893 894
472 2 -1
825 6 72 8 73 859 893 894 896
473 0 -1
827 9 23 9 24 861 895 896 896
474 1 -1
828 90 25 99 26 862 896 897 906
475 3 -1
830 76 23 78 24 864 898 899 901
476 1 -1
831 56 36 57 36 865 899 900 900
477 2 -1
833 30 17 31 17 867 901 902 903
478 3 -1
834 88 71 89 71 868 902 903 904
479 3 -1
835 65 82 73 83 869 903 904 913
480 0 -1
839 59 9 60 9 873 907 908 909
481 1 -1
841 97 79 97 81 875 909 910 913
482 2 -1
842 0 95 2 95 876 910 911 912
483 3 -1
844 69 24 69 26 878 912 913 917
484 3 -1
845 85 48 86 48 879 913 914 915
485 3 -1
846 87 91 89 91 880 914 915 920
486 2 -1
847 77 82 77 82 881 915 916 916
487 1 -1
850 92 77 94 77 884 918 919 921
488 3 -1
851 9 31 13 31 885 919 920 923
489 3 -1
854 59 3 60 3 888 922 923 923
490 3 -1
856 68 9 68 9 890 924 925 927
491 0 -1
859 29 71 29 74 893 927 928 932
492 3 -1
860 41 71 41 72 894 928 929 929
493 1 -1
861 24 50 24 52 895 929 930 931
494 2 -1
864 34 57 37 57 898 932 933 935
495 2 -1
867 62 34 63 34 901 935 936 936
496 0 -1
868 30 62 32 62 902 936 937 938
497 2 -1
871 95 20 95 36 905 939 940 955
498 1 -1
873 10 29 10 29 907 941 942 943
499 0 -1
874 44 15 49 15 908 942 943 947
500 2 -1
875 94 37 96 38 909 943 944 946
501 0 -1
877 88 86 89 86 911 945 946 948
502 3 -1
878 89 74 90 75 912 946 947 948
503 3 -1
879 94 81 96 81 913 947 948 949
504 3 -1
880 98 78 95 79 914 948 949 952
505 0 -1
881 90 25 94 26 915 949 950 955
506 2 -1
882 12 7 14 7 916 950 951 952
507 3 -1
885 96 97 96 97 919 953 954 954
508 2 -1
887 25 55 26 57 921 955 956 958
509 1 -1
889 89 89 89 92 923 957 958 960
510 2 -1
891 3 19 3 21 925 959 960 961
511 1 -1
893 46 23 48 23 927 961 962 963
512 2 -1
894 49 37 52 37 928 962 963 965
513 3 -1
895 39 6 39 7 929 963 964 966
514 2 -1
896 31 93 31 94 930 964 965 966
515 0 -1
897 58 83 59 83 931 965 966 966
516 3 -1
898 71 21 73 21 932 966 967 968
517 2 -1
899 29 98 30 98 933 967 968 969
518 0 -1
900 50 79 53 80 934 968 969 974
519 3 -1
901 87 4 88 4 935 969 970 971
520 3 -1
902 83 7 84 7 936 970 971 971
521 1 -1
905 23 60 23 60 939 973 974 974
522 2 -1
910 40 66 41 66 944 978 979 979
523 2 -1
912 42 17 45 21 946 980 981 990
524 2 -1
914 56 62 60 65 948 982 983 989
525 3 -1
917 28 49 31 49 951 985 986 989
526 3 -1
919 90 69 90 69 953 987 988 989
527 1 -1
920 33 99 34 97 954 988 989 991
528 0 -1
921 34 32 35 32 955 989 990 990
529 0 -1
923 46 92 47 92 957 991 992 992
530 1 -1
925 37 95 38 95 959 993 994 996
531 3 -1
926 12 97 13 89 960 994 995 1003
532 0 -1
927 49 26 49 28 961 995 996 998
533 1 -1
928 85 24 85 28 962 996 997 1000
534 2 -1
929 84 71 84 72 963 997 998 998
535 1 -1
931 89 37 89 37 965 999 1000 1001
536 2 -1
933 2 50 5 52 967 1001 1002 1008
537 0 -1
935 6 64 8 64 969 1003 1004 1005
538 1 -1
936 4 59 4 59 970 1004 1005 1005
539 0 -1
937 20 55 21 56 971 1005 1006 1009
540 3 -1
938 52 5 54 5 972 1006 1007 1010
541 1 -1
940 82 38 83 38 974 1008 1009 1010
542 1 -1
942 39 63 40 63 976 1010 1011 1011
543 3 -1
943 62 65 63 65 977 1011 1012 1018
544 1 -1
944 76 43 76 43 978 1012 1013 1013
545 0 -1
945 31 15 31 15 979 1013 1014 1016
546 2 -1
947 85 1 95 4 981 1015 1016 1028
547 2 -1
948 27 93 28 94 982 1016 1017 1019
548 1 -1
950 77 83 77 84 984 1018 1019 1020
549 0 -1
951 88 64 90 64 985 1019 1020 1021
550 1 -1
954 82 69 82 69 988 1022 1023 1024
551 3 -1
955 28 41 28 42 989 1023 1024 1024
552 2 -1
957 15 50 15 53 991 1025 1026 1028
553 0 -1
958 64 29 64 30 992 1026 1027 1027
554 2 -1
963 1 29 4 29 997 1031 1032 1034
555 0 -1
964 59 73 61 73 998 1032 1033 1034
556 1 -1
966 22 37 22 37 1000 1034 1035 1036
557 2 -1
969 61 6 63 6 1003 1037 1038 1039
558 2 -1
972 40 17 44 19 1006 1040 1041 1046
559 3 -1
973 8 96 8 97 1007 1041 1042 1045
560 0 -1
974 3 77 11 79 1008 1042 1043 1052
561 1 -1
976 6 17 10 17 1010 1044 1045 1049
562 2 -1
979 76 39 77 39 1013 1047 1048 1051
563 1 -1
981 0 46 0 46 1015 1049 1050 1050
564 1 -1
983 38 84 41 84 1017 1051 1052 1054
565 3 -1
984 74 21 76 21 1018 1052 1053 1058
566 2 -1
987 17 79 20 80 1021 1055 1056 1059
567 2 -1
989 34 87 34 90 1023 1057 1058 1060
568 1 -1
990 75 28 78 29 1024 1058 1059 1062
569 0 -1
992 26 94 27 96 1026 1060 1061 1064
570 2 -1
993 51 18 52 19 1027 1061 1062 1063
571 1 -1
994 63 45 67 45 1028 1062 1063 1066
572 3 -1
996 22 44 22 45 1030 1064 1065 1066
573 3 -1
997 27 62 28 63 1031 1065 1066 1067
574 3 -1
998 41 35 41 35 1032 1066 1067 1067
575 1 -1
999 5 86 6 86 1033 1067 1068 1069
576 3 -1
1001 98 76 76 93 1035 1069 1070 1118
577 2 -1
1004 97 67 99 67 1038 1072 1073 1074
578 2 -1
1008 52 28 53 28 1042 1076 1077 1077
579 3 -1
1010 25 75 26 76 1044 1078 1079 1080
580 1 -1
1012 35 81 35 82 1046 1080 1081 1081
581 1 -1
1015 8 87 8 87 1049 1083 1084 1084
582 3 -1
1016 16 96 17 96 1050 1084 1085 1085
583 2 -1
1017 29 97 30 97 1051 1085 1086 1088
584 0 -1
1018 30 7 38 12 1052 1086 1087 1100
585 1 -1
1019 54 65 57 72 1053 1087 1088 1097
586 0 -1
1020 28 90 31 90 1054 1088 1089 1091
587 2 -1
1021 56 3 56 4 1055 1089 1090 1090
588 0 -1
1022 65 32 69 36 1056 1090 1091 1104
589 0 -1
1025 40 49 40 50 1059 1093 1094 1098
590 3 -1
1027 95 84 96 84 1061 1095 1096 1096
591 1 -1
1028 6 8 6 9 1062 1096 1097 1097
592 3 -1
1031 96 80 90 80 1065 1099 1100 1108
593 2 -1
1032 26 21 32 21 1066 1100 1101 1107
594 2 -1
1033 88 7 90 8 1067 1101 1102 1105
595 3 -1
1035 26 41 27 42 1069 1103 1104 1105
596 0 -1
1036 97 90 98 90 1070 1104 1105 1106
597 1 -1
1037 46 34 47 34 1071 1105 1106 1106
598 1 -1
1039 64 15 64 16 1073 1107 1108 1108
599 2 -1
1040 34 29 35 29 1074 1108 1109 1109
600 0 -1
1042 19 61 23 65 1076 1110 1111 1121
601 3 -1
1044 33 67 33 69 1078 1112 1113 1116
602 0 -1
1045 9 53 9 56 1079 1113 1114 1116
603 3 -1
1051 42 40 43 40 1085 1119 1120 1120
604 2 -1
1053 75 62 76 62 1087 1121 1122 1122
605 0 -1
1056 89 76 89 78 1090 1124 1125 1126
606 2 -1
1057 74 95 75 95 1091 1125 1126 1127
607 1 -1
1059 1 60 1 61 1093 1127 1128 1131
608 2 -1
1060 38 36 40 37 1094 1128 1129 1133
609 1 -1
1063 6 22 8 23 1097 1131 1132 1134
610 2 -1
1065 28 87 29 89 1099 1133 1134 1136
611 2 -1
1066 76 3 78 3 1100 1134 1135 1136
612 3 -1
1067 58 3 58 3 1101 1135 1136 1136
613 2 -1
1070 76 54 81 59 1104 1138 1139 1150
614 0 -1
1071 73 93 75 95 1105 1139 1140 1144
615 0 -1
1073 92 21 96 23 1107 1141 1142 1156
616 1 -1
1074 95 74 95 74 1108 1142 1143 1143
617 3 -1
1075 3 48 5 49 1109 1143 1144 1146
618 3 -1
1078 57 40 60 40 1112 1146 1147 1150
619 2 -1
1082 68 30 69 30 1116 1150 1151 1151
620 3 -1
1083 62 13 62 14 1117 1151 1152 1153
621 0 -1
1084 24 85 26 89 1118 1152 1153 1158
622 1 -1
1085 32 0 33 2 1119 1153 1154 1156
623 2 -1
1086 62 53 66 53 1120 1154 1155 1158
624 0 -1
1090 29 16 30 16 1124 1158 1159 1159
625 1 -1
1091 96 55 97 57 1125 1159 1160 1163
626 1 -1
1092 70 66 70 67 1126 1160 1161 1161
627 3 -1
1095 23 55 26 55 1129 1163 1164 1166
628 2 -1
1097 60 59 62 60 1131 1165 1166 1168
629 0 -1
1098 17 70 21 70 1132 1166 1167 1170
630 3 -1
1099 85 57 86 58 1133 1167 1168 1172
631 3 -1
1100 65 40 68 42 1134 1168 1169 1173
632 1 -1
1102 54 43 55 45 1136 1170 1171 1173
633 0 -1
1103 69 66 71 69 1137 1171 1172 1178
634 2 -1
1104 19 93 19 93 1138 1172 1173 1173
635 2 -1
1105 39 99 40 99 1139 1173 1174 1174
636 1 -1
1107 54 51 64 51 1141 1175 1176 1185
637 3 -1
1109 55 64 58 64 1143 1177 1178 1180
638 3 -1
1111 54 72 54 72 1145 1179 1180 1181
639 2 -1
1113 88 5 89 5 1147 1181 1182 1182
640 2 -1
1114 63 12 63 12 1148 1182 1183 1183
641 0 -1
1115 25 30 25 33 1149 1183 1184 1186
642 1 -1
1116 38 79 41 81 1150 1184 1185 1195
643 0 -1
1118 68 65 69 65 1152 1186 1187 1188
644 1 -1
1120 61 61 61 61 1154 1188 1189 1190
645 0 -1
1121 86 69 87 69 1155 1189 1190 1190
646 1 -1
1122 83 54 86 54 1156 1190 1191 1193
647 0 -1
1124 39 92 39 96 1158 1192 1193 1199
648 1 -1
1125 23 39 25 39 1159 1193 1194 1195
649 1 -1
1126 8 56 10 59 1160 1194 1195 1206
650 0 -1
1129 43 4 43 5 1163 1197 1198 1198
651 2 -1
1130 99 24 99 24 1164 1198 1199 1199
652 0 -1
1132 65 26 66 26 1166 1200 1201 1202
653 1 -1
1133 26 17 27 19 1167 1201 1202 1204
654 1 -1
1137 41 77 43 78 1171 1205 1206 1209
655 1 -1
1138 35 96 35 96 1172 1206 1207 1207
656 2 -1
1139 77 43 77 43 1173 1207 1208 1208
657 0 -1
1141 27 15 29 15 1175 1209 1210 1211
658 3 -1
1142 64 92 66 93 1176 1210 1211 1213
659 3 -1
1144 96 18 98 18 1178 1212 1213 1215
660 3 -1
1147 39 16 43 16 1181 1215 1216 1219
661 1 -1
1150 53 31 54 31 1184 1218 1219 1219
662 2 -1
1151 99 97 97 97 1185 1219 1220 1221
663 0 -1
1154 52 76 53 76 1188 1222 1223 1223
664 1 -1
1156 92 72 92 73 1190 1224 1225 1226
665 1 -1
1157 42 7 43 10 1191 1225 1226 1230
666 3 -1
1158 3 19 3 22 1192 1226 1227 1230
667 1 -1
1159 20 29 20 31 1193 1227 1228 1229
668 3 -1
1164 77 79 77 79 1198 1232 1233 1235
669 0 -1
1166 16 70 17 72 1200 1234 1235 1237
670 3 -1
1169 2 21 3 21 1203 1237 1238 1240
671 2 -1
1170 78 97 78 99 1204 1238 1239 1241
672 0 -1
1171 12 79 16 83 1205 1239 1240 1248
673 2 -1
1172 49 58 50 58 1206 1240 1241 1241
674 1 -1
1174 73 35 76 38 1208 1242 1243 1249
675 3 -1
1175 54 68 56 69 1209 1243 1244 1246
676 2 -1
1176 25 53 26 54 1210 1244 1245 1246
677 2 -1
1177 46 68 46 68 1211 1245 1246 1247
678 0 -1
1179 69 82 69 82 1213 1247 1248 1248
679 3 -1
1186 59 33 59 35 1220 1254 1255 1256
680 3 -1
1187 39 67 41 67 1221 1255 1256 1257
681 2 -1
1188 67 18 67 19 1222 1256 1257 1257
682 0 -1
1190 32 20 33 20 1224 1258 1259 1259
683 0 -1
1191 5 46 5 46 1225 1259 1260 1261
684 0 -1
1194 96 33 97 33 1228 1262 1263 1264
685 1 -1
1195 20 36 22 36 1229 1263 1264 1266
686 0 -1
1197 80 29 83 29 1231 1265 1266 1268
687 0 -1
1198 4 80 6 82 1232 1266 1267 1270
688 0 -1
1201 37 53 41 54 1235 1269 1270 1274
689 1 -1
1202 34 71 35 71 1236 1270 1271 1271
690 1 -1
1203 71 1 72 1 1237 1271 1272 1272
691 1 -1
1205 41 6 44 6 1239 1273 1274 1276
692 1 -1
1207 40 11 41 13 1241 1275 1276 1279
693 3 -1
1208 53 9 54 9 1242 1276 1277 1278
694 2 -1
1209 46 61 47 61 1243 1277 1278 1278
695 3 -1
1211 59 77 61 78 1245 1279 1280 1283
696 1 -1
1214 8 47 8 50 1248 1282 1283 1288
697 0 -1
1217 31 5 32 6 1251 1285 1286 1287
698 3 -1
1218 7 4 8 4 1252 1286 1287 1287
699 3 -1
1219 59 78 63 80 1253 1287 1288 1294
700 1 -1
1220 45 30 46 30 1254 1288 1289 1289
701 2 -1
1222 31 95 31 98 1256 1290 1291 1293
702 3 -1
1223 41 4 41 7 1257 1291 1292 1295
703 2 -1
1226 86 35 86 36 1260 1294 1295 1297
704 0 -1
1227 37 91 37 92 1261 1295 1296 1296
705 0 -1
1229 86 94 86 95 1263 1297 1298 1298
706 1 -1
1230 5 80 10 80 1264 1298 1299 1303
707 1 -1
1231 11 79 12 79 1265 1299 1300 1300
708 3 -1
1233 96 21 97 22 1267 1301 1302 1303
709 1 -1
1235 8 38 9 40 1269 1303 1304 1307
710 2 -1
1236 74 22 79 22 1270 1304 1305 1309
711 2 -1
1237 1 65 3 68 1271 1305 1306 1310
712 1 -1
1238 92 61 94 63 1272 1306 1307 1311
713 2 -1
1240 4 87 6 87 1274 1308 1309 1312
714 2 -1
1241 9 44 10 44 1275 1309 1310 1310
715 3 -1
1242 81 3 81 6 1276 1310 1311 1323
716 0 -1
1243 54 75 54 75 1277 1311 1312 1313
717 2 -1
1244 6 38 11 38 1278 1312 1313 1319
718 2 -1
1246 56 77 59 77 1280 1314 1315 1323
719 2 -1
1250 18 89 19 89 1284 1318 1319 1319
720 1 -1
1254 49 32 53 35 1288 1322 1323 1329
721 2 -1
1255 48 67 50 68 1289 1323 1324 1327
722 1 -1
1258 99 1 96 9 1292 1326 1327 1342
723 2 -1
1259 13 92 18 99 1293 1327 1328 1345
724 2 -1
1260 81 73 84 76 1294 1328 1329 1334
725 1 -1
1261 4 19 5 22 1295 1329 1330 1336
726 1 -1
1263 29 98 36 98 1297 1331 1332 1338
727 2 -1
1264 20 33 23 33 1298 1332 1333 1336
728 3 -1
1265 78 31 79 31 1299 1333 1334 1335
729 2 -1
1266 95 7 96 7 1300 1334 1335 1335
730 3 -1
1268 70 24 72 24 1302 1336 1337 1339
731 0 -1
1276 79 55 79 56 1310 1344 1345 1345
732 1 -1
1277 7 3 8 5 1311 1345 1346 1350
733 0 -1
1281 38 56 38 58 1315 1349 1350 1351
734 0 -1
1284 15 16 17 16 1318 1352 1353 1354
735 2 -1
1287 81 10 82 10 1321 1355 1356 1359
736 1 -1
1290 27 79 33 80 1324 1358 1359 1365
737 3 -1
1291 11 85 14 85 1325 1359 1360 1362
738 2 -1
1292 49 7 62 18 1326 1360 1361 1386
739 2 -1
1297 52 93 52 94 1331 1365 1366 1368
740 2 -1
1298 60 61 60 62 1332 1366 1367 1367
741 0 -1
1299 77 56 77 58 1333 1367 1368 1370
742 0 -1
1300 63 51 63 51 1334 1368 1369 1370
743 2 -1
1307 99 16 98 16 1341 1375 1376 1376
744 0 -1
1309 65 18 65 19 1343 1377 1378 1379
745 3 -1
1312 31 36 32 36 1346 1380 1381 1382
746 0 -1
1313 95 53 95 54 1347 1381 1382 1382
747 2 -1
1314 92 5 95 6 1348 1382 1383 1386
748 0 -1
1315 79 89 79 91 1349 1383 1384 1388
749 1 -1
1316 30 80 32 80 1350 1384 1385 1386
750 2 -1
1317 82 43 83 43 1351 1385 1386 1387
751 0 -1
1318 21 98 24 98 1352 1386 1387 1389
752 3 -1
1319 30 44 32 44 1353 1387 1388 1389
753 2 -1
1320 0 58 0 58 1354 1388 1389 1389
754 1 -1
1321 86 69 86 71 1355 1389 1390 1391
755 2 -1
1323 13 19 14 19 1357 1391 1392 1393
756 0 -1
1324 22 62 24 63 1358 1392 1393 1397
757 3 -1
1325 58 6 59 10 1359 1393 1394 1399
758 1 -1
1326 60 64 60 65 1360 1394 1395 1395
759 0 -1
1327 83 29 92 30 1361 1395 1396 1405
760 3 -1
1329 31 19 31 20 1363 1397 1398 1399
761 3 -1
1332 1 74 3 74 1366 1400 1401 1402
762 3 -1
1333 39 2 39 3 1367 1401 1402 1402
763 1 -1
1335 95 9 99 13 1369 1403 1404 1419
764 2 -1
1336 66 15 67 15 1370 1404 1405 1405
765 2 -1
1338 15 18 17 19 1372 1406 1407 1409
766 2 -1
1340 7 77 7 82 1374 1408 1409 1415
767 0 -1
1342 15 32 17 32 1376 1410 1411 1413
768 2 -1
1344 35 35 36 35 1378 1412 1413 1414
769 2 -1
1345 20 74 21 74 1379 1413 1414 1414
770 2 -1
1347 24 16 24 17 1381 1415 1416 1418
771 0 -1
1348 99 39 98 40 1382 1416 1417 1421
772 2 -1
1349 29 65 33 65 1383 1417 1418 1423
773 2 -1
1354 74 94 77 94 1388 1422 1423 1425
774 2 -1
1355 54 46 54 51 1389 1423 1424 1428
775 0 -1
1359 34 96 39 96 1393 1427 1428 1432
776 3 -1
1362 72 9 72 10 1396 1430 1431 1432
777 3 -1
1365 41 2 42 2 1399 1433 1434 1434
778 2 -1
1368 31 20 31 20 1402 1436 1437 1438
779 0 -1
1369 0 5 18 9 1403 1437 1438 1472
780 1 -1
1370 0 85 0 85 1404 1438 1439 1440
781 0 -1
1372 78 46 81 46 1406 1440 1441 1445
782 0 -1
1374 41 45 42 45 1408 1442 1443 1444
783 0 -1
1375 94 94 94 99 1409 1443 1444 1450
784 3 -1
1376 11 84 12 84 1410 1444 1445 1445
785 1 -1
1377 30 0 32 1 1411 1445 1446 1448
786 1 -1
1378 51 74 52 74 1412 1446 1447 1447
787 0 -1
1379 19 27 23 27 1413 1447 1448 1451
788 2 -1
1381 50 54 50 56 1415 1449 1450 1452
789 2 -1
1382 57 64 60 64 1416 1450 1451 1453
790 1 -1
1383 61 73 62 74 1417 1451 1452 1453
791 3 -1
1385 78 18 82 18 1419 1453 1454 1459
792 2 -1
1386 82 59 84 59 1420 1454 1455 1457
793 1 -1
1387 69 4 80 4 1421 1455 1456 1466
794 2 -1
1388 45 37 45 37 1422 1456 1457 1459
795 2 -1
1389 48 49 50 49 1423 1457 1458 1459
796 3 -1
1390 78 77 78 78 1424 1458 1459 1460
797 2 -1
1391 69 10 69 11 1425 1459 1460 1461
798 1 -1
1393 27 11 29 11 1427 1461 1462 1463
799 1 -1
1395 92 61 99 61 1429 1463 1464 1471
800 3 -1
1396 55 69 56 69 1430 1464 1465 1465
801 2 -1
1400 91 44 93 45 1434 1468 1469 1471
802 2 -1
1401 76 95 79 95 1435 1469 1470 1472
803 0 -1
1402 26 37 32 37 1436 1470 1471 1477
804 2 -1
1403 66 75 68 75 1437 1471 1472 1473
805 3 -1
1406 25 85 25 86 1440 1474 1475 1475
806 2 -1
1411 49 89 50 89 1445 1479 1480 1481
807 3 -1
1412 50 95 51 97 1446 1480 1481 1486
808 1 -1
1413 26 94 27 94 1447 1481 1482 1482
809 1 -1
1414 24 80 26 80 1448 1482 1483 1484
810 3 -1
1415 31 80 33 80 1449 1483 1484 1485
811 0 -1
1417 59 51 59 52 1451 1485 1486 1486
812 3 -1
1418 67 20 71 21 1452 1486 1487 1491
813 1 -1
1419 85 18 91 19 1453 1487 1488 1494
814 1 -1
1420 36 2 36 8 1454 1488 1489 1496
815 1 -1
1423 43 56 44 56 1457 1491 1492 1492
816 1 -1
1426 92 97 93 97 1460 1494 1495 1496
817 0 -1
1428 37 51 40 51 1462 1496 1497 1499
818 1 -1
1429 22 62 24 62 1463 1497 1498 1499
819 2 -1
1430 24 52 25 52 1464 1498 1499 1499
820 3 -1
1431 24 33 25 35 1465 1499 1500 1502
821 3 -1
1432 48 13 49 13 1466 1500 1501 1501
822 2 -1
1434 32 63 32 64 1468 1502 1503 1503
823 0 -1
1435 43 74 43 80 1469 1503 1504 1510
824 0 -1
1436 27 33 27 35 1470 1504 1505 1506
825 2 -1
1438 43 68 46 69 1472 1506 1507 1510
826 1 -1
1439 70 16 70 17 1473 1507 1508 1508
827 3 -1
1440 59 1 60 1 1474 1508 1509 1511
828 2 -1
1441 7 53 11 54 1475 1509 1510 1516
829 2 -1
1442 60 91 60 92 1476 1510 1511 1512
830 0 -1
1443 66 8 71 8 1477 1511 1512 1516
831 1 -1
1444 95 41 95 42 1478 1512 1513 1514
832 0 -1
1446 67 75 72 76 1480 1514 1515 1520
833 3 -1
1447 17 67 18 67 1481 1515 1516 1517
834 1 -1
1448 17 53 18 54 1482 1516 1517 1518
835 1 -1
1452 22 88 22 89 1486 1520 1521 1521
836 0 -1
1454 33 97 36 97 1488 1522 1523 1526
837 1 -1
1455 67 91 67 91 1489 1523 1524 1525
838 3 -1
1456 78 29 79 29 1490 1524 1525 1525
839 3 -1
1457 22 10 26 10 1491 1525 1526 1531
840 3 -1
1458 86 80 87 86 1492 1526 1527 1536
841 2 -1
1461 89 86 89 88 1495 1529 1530 1532
842 2 -1
1462 18 97 19 98 1496 1530 1531 1534
843 2 -1
1463 33 97 33 99 1497 1531 1532 1533
844 1 -1
1465 66 77 67 77 1499 1533 1534 1535
845 2 -1
1466 25 42 27 42 1500 1534 1535 1536
846 3 -1
1468 16 23 16 23 1502 1536 1537 1537
847 2 -1
1469 25 93 27 95 1503 1537 1538 1542
848 1 -1
1470 2 88 3 88 1504 1538 1539 1539
849 0 -1
1472 32 17 36 17 1506 1540 1541 1545
850 3 -1
1473 85 12 88 12 1507 1541 1542 1546
851 0 -1
1474 67 43 73 45 1508 1542 1543 1553
852 0 -1
1475 75 39 75 40 1509 1543 1544 1545
853 0 -1
1478 16 46 21 47 1512 1546 1547 1552
854 0 -1
1479 53 68 54 68 1513 1547 1548 1549
855 3 -1
1481 29 1 29 1 1515 1549 1550 1551
856 1 -1
1483 48 45 49 47 1517 1551 1552 1562
857 3 -1
1486 58 79 62 79 1520 1554 1555 1559
858 3 -1
1487 93 61 96 62 1521 1555 1556 1559
859 0 -1
1493 62 15 64 15 1527 1561 1562 1563
860 3 -1
1495 83 80 83 81 1529 1563 1564 1564
861 1 -1
1496 92 76 93 77 1530 1564 1565 1568
862 2 -1
1497 2 92 6 92 1531 1565 1566 1569
863 2 -1
1499 80 77 81 77 1533 1567 1568 1569
864 3 -1
1500 65 90 65 92 1534 1568 1569 1570
865 1 -1
1501 83 92 89 92 1535 1569 1570 1577
866 2 -1
1502 49 44 53 44 1536 1570 1571 1574
867 1 -1
1504 45 60 52 60 1538 1572 1573 1585
868 0 -1
1505 3 22 4 30 1539 1573 1574 1583
869 1 -1
1506 11 71 12 71 1540 1574 1575 1576
870 1 -1
1507 41 69 42 71 1541 1575 1576 1578
871 0 -1
1508 93 79 96 81 1542 1576 1577 1582
872 1 -1
1509 98 68 99 68 1543 1577 1578 1578
873 1 -1
1511 15 34 15 35 1545 1579 1580 1581
874 0 -1
1513 3 11 8 11 1547 1581 1582 1586
875 1 -1
1515 6 33 6 33 1549 1583 1584 1584
876 3 -1
1516 38 28 39 28 1550 1584 1585 1587
877 0 -1
1517 82 31 84 32 1551 1585 1586 1588
878 0 -1
1518 68 79 71 79 1552 1586 1587 1589
879 3 -1
1519 73 19 76 19 1553 1587 1588 1591
880 1 -1
1521 74 86 74 86 1555 1589 1590 1593
881 0 -1
1522 99 38 98 39 1556 1590 1591 1592
882 2 -1
1523 8 78 9 78 1557 1591 1592 1593
883 2 -1
1527 65 6 66 8 1561 1595 1596 1599
884 1 -1
1528 49 49 50 49 1562 1596 1597 1597
885 1 -1
1533 33 4 34 4 1567 1601 1602 1602
886 0 -1
1534 29 24 33 27 1568 1602 1603 1611
887 0 -1
1535 50 26 50 26 1569 1603 1604 1606
888 2 -1
1536 50 50 51 50 1570 1604 1605 1606
889 2 -1
1538 12 44 12 48 1572 1606 1607 1610
890 3 -1
1540 2 37 3 37 1574 1608 1609 1609
891 2 -1
1543 76 65 76 65 1577 1611 1612 1614
892 2 -1
1544 59 99 61 99 1578 1612 1613 1614
893 3 -1
1545 73 81 74 81 1579 1613 1614 1615
894 0 -1
1547 49 90 50 93 1581 1615 1616 1620
895 3 -1
1550 87 0 88 1 1584 1618 1619 1620
896 2 -1
1551 12 0 13 0 1585 1619 1620 1621
897 2 -1
1552 71 80 72 80 1586 1620 1621 1625
898 0 -1
1554 47 40 47 42 1588 1622 1623 1626
899 3 -1
1555 4 34 6 34 1589 1623 1624 1625
900 3 -1
1556 5 63 6 64 1590 1624 1625 1626
901 3 -1
1559 96 56 91 57 1593 1627 1628 1633
902 0 -1
1560 85 6 86 6 1594 1628 1629 1634
903 0 -1
1562 89 7 90 7 1596 1630 1631 1632
904 0 -1
1563 42 41 44 45 1597 1631 1632 1641
905 0 -1
1564 24 2 25 3 1598 1632 1633 1634
906 1 -1
1566 7 21 7 22 1600 1634 1635 1636
907 0 -1
1567 65 29 65 32 1601 1635 1636 1639
908 3 -1
1573 28 59 35 59 1607 1641 1642 1649
909 3 -1
1575 62 27 62 28 1609 1643 1644 1644
910 1 -1
1576 20 2 22 2 1610 1644 1645 1646
911 1 -1
1577 0 53 0 54 1611 1645 1646 1647
912 1 -1
1579 52 65 52 67 1613 1647 1648 1650
913 3 -1
1580 49 68 51 68 1614 1648 1649 1650
914 1 -1
1582 0 59 0 59 1616 1650 1651 1651
915 1 -1
1584 1 78 2 78 1618 1652 1653 1653
916 2 -1
1587 44 3 47 4 1621 1655 1656 1667
917 0 -1
1588 8 27 12 27 1622 1656 1657 1660
918 1 -1
1589 83 9 85 9 1623 1657 1658 1659
919 1 -1
1590 31 43 33 43 1624 1658 1659 1661
920 3 -1
1591 42 52 43 54 1625 1659 1660 1664
921 0 -1
1593 33 78 37 78 1627 1661 1662 1665
922 3 -1
1594 89 51 89 53 1628 1662 1663 1664
923 2 -1
1596 46 15 46 16 1630 1664 1665 1666
924 2 -1
1598 2 13 2 14 1632 1666 1667 1667
925 1 -1
1599 66 9 69 9 1633 1667 1668 1671
926 0 -1
1600 66 67 66 68 1634 1668 1669 1669
927 3 -1
1603 24 69 24 69 1637 1671 1672 1672
928 0 -1
1606 50 21 51 21 1640 1674 1675 1676
929 2 -1
1608 55 58 56 58 1642 1676 1677 1677
930 1 -1
1609 92 19 94 19 1643 1677 1678 1679
931 3 -1
1610 65 5 66 5 1644 1678 1679 1679
932 2 -1
1611 18 32 18 33 1645 1679 1680 1681
933 3 -1
1613 57 30 59 30 1647 1681 1682 1683
934 1 -1
1615 40 46 41 46 1649 1683 1684 1684
935 1 -1
1618 70 2 71 2 1652 1686 1687 1689
936 2 -1
1620 29 59 34 59 1654 1688 1689 1693
937 1 -1
1621 62 84 67 86 1655 1689 1690 1696
938 0 -1
1623 60 21 62 22 1657 1691 1692 1696
939 0 -1
1624 6 56 7 56 1658 1692 1693 1693
940 1 -1
1625 99 28 99 30 1659 1693 1694 1696
941 1 -1
1626 37 51 38 52 1660 1694 1695 1696
942 0 -1
1627 90 48 94 52 1661 1695 1696 1708
943 3 -1
1629 80 38 81 38 1663 1697 1698 1698
944 3 -1
1631 52 18 54 18 1665 1699 1700 1701
945 1 -1
1633 91 65 99 67 1667 1701 1702 1711
946 0 -1
1634 30 90 32 90 1668 1702 1703 1704
947 0 -1
1637 33 24 33 25 1671 1705 1706 1706
948 1 -1
1638 37 80 40 80 1672 1706 1707 1709
949 0 -1
1640 36 42 37 44 1674 1708 1709 1718
950 0 -1
1641 93 48 96 48 1675 1709 1710 1712
951 3 -1
1642 34 35 35 35 1676 1710 1711 1714
952 1 -1
1645 81 20 81 21 1679 1713 1714 1714
953 3 -1
1648 46 1 48 1 1682 1716 1717 1718
954 0 -1
1649 32 50 33 50 1683 1717 1718 1719
955 1 -1
1650 21 0 22 0 1684 1718 1719 1719
956 2 -1
1656 48 66 49 66 1690 1724 1725 1728
957 2 -1
1657 59 86 62 86 1691 1725 1726 1728
958 0 -1
1659 1 82 5 82 1693 1727 1728 1731
959 0 -1
1660 36 80 37 83 1694 1728 1729 1732
960 0 -1
1661 47 30 52 31 1695 1729 1730 1736
961 0 -1
1662 4 1 4 5 1696 1730 1731 1737
962 1 -1
1663 53 37 55 39 1697 1731 1732 1738
963 2 -1
1664 46 61 47 62 1698 1732 1733 1734
964 3 -1
1665 83 41 83 42 1699 1733 1734 1734
965 0 -1
1668 53 70 54 72 1702 1736 1737 1739
966 0 -1
1671 10 19 10 19 1705 1739 1740 1747
967 0 -1
1672 95 86 95 87 1706 1740 1741 1744
968 2 -1
1673 40 70 45 70 1707 1741 1742 1746
969 2 -1
1675 3 34 4 34 1709 1743 1744 1744
970 2 -1
1676 68 65 69 65 1710 1744 1745 1747
971 1 -1
1678 1 63 2 65 1712 1746 1747 1749
972 0 -1
1679 72 52 74 53 1713 1747 1748 1754
973 2 -1
1680 89 20 90 22 1714 1748 1749 1752
974 1 -1
1683 99 36 94 38 1717 1751 1752 1758
975 2 -1
1685 42 3 42 5 1719 1753 1754 1756
976 2 -1
1686 80 72 88 72 1720 1754 1755 1764
977 2 -1
1687 21 71 23 71 1721 1755 1756 1759
978 2 -1
1688 70 53 74 53 1722 1756 1757 1762
979 1 -1
1690 16 15 16 18 1724 1758 1759 1762
980 2 -1
1691 95 78 97 78 1725 1759 1760 1761
981 0 -1
1692 45 97 48 97 1726 1760 1761 1763
982 3 -1
1694 33 10 34 10 1728 1762 1763 1763
983 2 -1
1695 31 53 33 55 1729 1763 1764 1767
984 3 -1
1696 91 35 92 37 1730 1764 1765 1767
985 2 -1
1697 95 35 97 35 1731 1765 1766 1767
986 1 -1
1698 46 30 46 31 1732 1766 1767 1768
987 1 -1
1700 37 47 38 48 1734 1768 1769 1770
988 2 -1
1702 60 92 67 99 1736 1770 1771 1784
989 3 -1
1703 58 57 59 57 1737 1771 1772 1772
990 3 -1
1704 9 16 9 17 1738 1772 1773 1775
991 1 -1
1709 23 94 26 94 1743 1777 1778 1780
992 2 -1
1712 87 15 88 15 1746 1780 1781 1783
993 0 -1
1714 4 33 8 33 1748 1782 1783 1786
994 2 -1
1717 75 87 78 88 1751 1785 1786 1789
995 0 -1
1718 95 18 96 19 1752 1786 1787 1788
996 3 -1
1720 12 57 17 58 1754 1788 1789 1794
997 2 -1
1722 31 64 31 65 1756 1790 1791 1791
998 0 -1
1723 32 35 34 35 1757 1791 1792 1793
999 0 -1
1725 6 10 7 11 1759 1793 1794 1795
1000 0 -1
1726 68 68 69 70 1760 1794 1795 1797
