100 100 2073
16
0 54 13
1 26 41
2 77 27
3 58 22
4 68 64
5 42 81
6 48 46
7 7 36
8 88 71
9 84 36
10 59 59
11 97 58
12 82 1
13 45 54
14 62 2
15 29 16
64
0 0 186 100 6
0
1 0 391 100 6
0
2 0 586 100 6
0
3 0 776 100 6
0
4 1 178 100 6
0
5 1 352 100 6
0
6 1 549 100 6
0
7 1 779 100 6
0
8 2 182 100 6
0
9 2 383 100 6
0
10 2 583 100 6
0
11 2 772 100 6
0
12 3 181 100 6
0
13 3 372 100 6
0
14 3 562 100 6
0
15 3 729 100 6
0
16 4 206 100 6
0
17 4 397 100 6
0
18 4 602 100 6
0
19 4 780 100 6
0
20 5 198 100 6
0
21 5 394 100 6
0
22 5 575 100 6
0
23 5 781 100 6
0
24 6 173 100 6
0
25 6 358 100 6
0
26 6 541 100 6
0
27 6 746 100 6
0
28 7 186 100 6
0
29 7 383 100 6
0
30 7 575 100 6
0
31 7 755 100 6
0
32 8 200 100 6
0
33 8 365 100 6
0
34 8 554 100 6
0
35 8 766 100 6
0
36 9 193 100 6
0
37 9 389 100 6
0
38 9 575 100 6
0
39 9 773 100 6
0
40 10 204 100 6
0
41 10 381 100 6
0
42 10 572 100 6
0
43 10 769 100 6
0
44 11 193 100 6
0
45 11 383 100 6
0
46 11 582 100 6
0
47 11 777 100 6
0
48 12 189 100 6
0
49 12 369 100 6
0
50 12 551 100 6
0
51 12 761 100 6
0
52 13 198 100 6
0
53 13 389 100 6
0
54 13 554 100 6
0
55 13 758 100 6
0
56 14 205 100 6
0
57 14 388 100 6
0
58 14 583 100 6
0
59 14 777 100 6
0
60 15 182 100 6
0
61 15 373 100 6
0
62 15 571 100 6
0
63 15 771 100 6
0
1000
1 1 -1
2 0 24 1 26 174 346 347 349
2 12 -1
5 94 64 99 64 177 349 350 354
3 14 -1
7 91 54 95 54 179 351 352 355
4 9 -1
8 68 41 71 42 180 352 353 361
5 15 -1
9 42 15 43 16 181 353 354 359
6 13 -1
10 57 91 61 91 182 354 355 358
7 8 -1
11 57 8 59 9 183 355 356 361
8 12 -1
12 20 56 20 58 184 356 357 358
9 7 -1
13 54 19 55 20 185 357 358 359
10 14 -1
14 52 62 52 63 186 358 359 361
11 8 -1
15 62 40 68 40 187 359 360 365
12 5 -1
17 20 30 21 33 189 361 362 365
13 2 -1
18 85 60 89 61 190 362 363 368
14 3 -1
19 79 75 80 75 191 363 364 364
15 7 -1
20 24 53 25 53 192 364 365 366
16 5 -1
21 1 76 3 76 193 365 366 367
17 4 -1
22 45 15 47 17 194 366 367 370
18 15 -1
24 56 23 58 23 196 368 369 370
19 15 -1
29 69 64 73 65 201 373 374 379
20 11 -1
30 69 33 69 34 202 374 375 376
21 13 -1
31 51 41 51 41 203 375 376 377
22 1 -1
33 97 99 94 96 205 377 378 383
23 11 -1
35 76 48 77 48 207 379 380 380
24 13 -1
36 37 62 39 62 208 380 381 382
25 12 -1
39 21 30 21 30 211 383 384 384
26 0 -1
40 35 4 35 5 212 384 385 385
27 12 -1
41 7 73 9 73 213 385 386 387
28 12 -1
42 91 58 91 59 214 386 387 387
29 2 -1
43 18 39 19 39 215 387 388 388
30 3 -1
45 99 54 97 54 217 389 390 391
31 10 -1
49 40 15 42 16 221 393 394 396
32 11 -1
52 55 29 58 31 224 396 397 403
33 13 -1
53 62 35 64 35 225 397 398 402
34 3 -1
54 3 86 4 86 226 398 399 399
35 6 -1
56 80 2 97 2 228 400 401 417
36 9 -1
57 88 32 88 34 229 401 402 403
37 11 -1
59 19 66 19 66 231 403 404 404
38 13 -1
61 34 63 34 64 233 405 406 407
39 15 -1
62 72 34 79 34 234 406 407 414
40 2 -1
64 48 99 67 99 236 408 409 427
41 5 -1
69 69 56 70 57 241 413 414 415
42 14 -1
71 16 21 17 22 243 415 416 423
43 1 -1
73 79 22 84 22 245 417 418 422
44 11 -1
76 99 25 98 26 248 420 421 423
45 11 -1
78 41 15 43 15 250 422 423 424
46 0 -1
80 22 37 23 38 252 424 425 427
47 8 -1
81 18 83 20 83 253 425 426 427
48 15 -1
82 71 41 72 41 254 426 427 432
49 10 -1
83 60 59 63 59 255 427 428 432
50 12 -1
84 21 34 21 35 256 428 429 429
51 4 -1
86 10 17 11 24 258 430 431 440
52 13 -1
87 1 44 1 45 259 431 432 432
53 1 -1
90 39 11 39 11 262 434 435 435
54 1 -1
91 27 14 28 16 263 435 436 439
55 3 -1
92 86 63 86 63 264 436 437 437
56 1 -1
93 28 62 30 62 265 437 438 440
57 13 -1
94 44 18 50 18 266 438 439 444
58 4 -1
96 9 47 11 47 268 440 441 442
59 1 -1
103 39 82 40 82 275 447 448 450
60 11 -1
105 9 73 10 74 277 449 450 451
61 3 -1
106 24 38 31 40 278 450 451 460
62 3 -1
107 72 31 74 31 279 451 452 454
63 7 -1
108 19 88 27 88 280 452 453 460
64 14 -1
110 49 51 50 56 282 454 455 462
65 5 -1
111 3 29 3 30 283 455 456 456
66 4 -1
114 9 93 10 98 286 458 459 464
67 3 -1
115 63 18 64 18 287 459 460 464
68 5 -1
116 31 89 37 95 288 460 461 472
69 13 -1
119 0 43 0 44 291 463 464 466
70 3 -1
120 53 89 54 89 292 464 465 465
71 14 -1
122 64 52 64 54 294 466 467 470
72 12 -1
123 11 96 12 98 295 467 468 470
73 12 -1
124 73 24 76 24 296 468 469 472
74 15 -1
127 7 45 8 45 299 471 472 472
75 15 -1
128 95 86 96 70 300 472 473 491
76 8 -1
130 91 4 92 4 302 474 475 475
77 4 -1
132 51 11 65 12 304 476 477 491
78 2 -1
134 74 72 75 72 306 478 479 479
79 4 -1
135 89 4 92 12 307 479 480 490
80 8 -1
136 38 41 40 41 308 480 481 482
81 13 -1
139 28 12 29 12 311 483 484 484
82 2 -1
140 47 71 47 75 312 484 485 488
83 11 -1
141 54 30 59 30 313 485 486 490
84 2 -1
144 7 82 8 83 316 488 489 493
85 10 -1
145 88 93 89 94 317 489 490 491
86 6 -1
146 32 11 32 12 318 490 491 491
87 8 -1
147 44 74 44 74 319 491 492 492
88 5 -1
148 92 20 93 20 320 492 493 493
89 12 -1
149 79 93 81 93 321 493 494 495
90 10 -1
150 82 6 84 7 322 494 495 500
91 11 -1
153 40 74 40 74 325 497 498 498
92 10 -1
154 85 25 85 27 326 498 499 502
93 15 -1
155 78 19 81 20 327 499 500 503
94 14 -1
156 53 88 57 89 328 500 501 505
95 2 -1
157 98 3 95 5 329 501 502 506
96 14 -1
160 19 31 25 31 332 504 505 510
97 11 -1
162 1 37 1 37 334 506 507 507
98 10 -1
163 89 2 90 2 335 507 508 508
99 4 -1
166 77 51 77 53 338 510 511 512
100 12 -1
167 77 34 78 36 339 511 512 516
101 10 -1
168 62 27 62 28 340 512 513 514
102 1 -1
169 36 43 38 43 341 513 514 518
103 7 -1
170 98 22 99 25 342 514 515 519
104 9 -1
172 53 18 55 19 344 516 517 521
105 2 -1
173 10 17 11 20 345 517 518 522
106 11 -1
174 56 82 58 82 346 518 519 520
107 5 -1
179 33 61 33 62 351 523 524 524
108 3 -1
183 46 15 48 16 355 527 528 532
109 10 -1
184 96 63 96 64 356 528 529 530
110 9 -1
185 88 60 90 60 357 529 530 531
111 4 -1
186 35 79 42 80 358 530 531 539
112 2 -1
187 49 5 52 6 359 531 532 537
113 9 -1
189 82 64 82 68 361 533 534 538
114 10 -1
190 7 82 7 83 362 534 535 539
115 12 -1
193 89 71 90 71 365 537 538 538
116 15 -1
196 71 12 71 12 368 540 541 542
117 3 -1
197 37 64 38 64 369 541 542 542
118 15 -1
198 68 92 78 92 370 542 543 560
119 14 -1
199 97 25 97 25 371 543 544 544
120 13 -1
200 6 64 6 65 372 544 545 546
121 5 -1
201 71 40 72 40 373 545 546 546
122 13 -1
204 69 68 70 68 376 548 549 549
123 9 -1
208 25 81 25 82 380 552 553 553
124 14 -1
209 17 53 17 54 381 553 554 554
125 12 -1
211 28 4 31 4 383 555 556 558
126 4 -1
212 61 34 62 35 384 556 557 558
127 2 -1
213 74 26 75 32 385 557 558 565
128 0 -1
214 95 24 96 28 386 558 559 563
129 9 -1
218 58 32 64 32 390 562 563 569
130 6 -1
219 41 16 41 16 391 563 564 565
131 1 -1
224 42 28 45 28 396 568 569 571
132 8 -1
225 75 32 75 32 397 569 570 571
133 13 -1
229 18 30 18 32 401 573 574 579
134 8 -1
230 89 66 89 66 402 574 575 575
135 1 -1
231 90 37 91 39 403 575 576 578
136 8 -1
236 63 4 65 4 408 580 581 582
137 15 -1
237 5 6 6 7 409 581 582 583
138 6 -1
240 65 33 66 43 412 584 585 595
139 6 -1
242 75 72 77 72 414 586 587 588
140 12 -1
244 20 17 22 20 416 588 589 593
141 13 -1
245 11 23 11 23 417 589 590 595
142 9 -1
246 93 45 93 48 418 590 591 593
143 5 -1
247 88 78 90 78 419 591 592 594
144 5 -1
248 49 2 51 2 420 592 593 595
145 3 -1
250 11 11 12 11 422 594 595 596
146 5 -1
251 13 91 14 93 423 595 596 598
147 0 -1
253 74 5 74 6 425 597 598 598
148 13 -1
255 35 44 36 44 427 599 600 601
149 9 -1
256 21 75 22 75 428 600 601 604
150 7 -1
257 25 1 29 1 429 601 602 605
151 1 -1
258 13 27 13 27 430 602 603 603
152 14 -1
260 14 92 15 93 432 604 605 606
153 2 -1
261 34 11 34 11 433 605 606 617
154 4 -1
266 9 87 12 87 438 610 611 614
155 13 -1
267 70 59 72 59 439 611 612 614
156 0 -1
268 5 58 6 59 440 612 613 614
157 15 -1
269 90 77 91 77 441 613 614 614
158 3 -1
271 70 89 74 91 443 615 616 621
159 13 -1
272 48 64 48 64 444 616 617 617
160 9 -1
274 45 52 48 62 446 618 619 631
161 3 -1
277 66 51 67 51 449 621 622 623
162 4 -1
278 89 47 93 49 450 622 623 628
163 0 -1
279 2 45 5 45 451 623 624 627
164 5 -1
280 28 40 31 40 452 624 625 627
165 12 -1
283 65 32 66 32 455 627 628 628
166 13 -1
285 87 55 89 55 457 629 630 632
167 6 -1
286 85 64 88 64 458 630 631 633
168 1 -1
289 81 98 82 100 461 633 634 636
169 0 -1
293 31 81 34 81 465 637 638 641
170 12 -1
294 1 91 5 91 466 638 639 642
171 14 -1
295 37 4 38 5 467 639 640 641
172 13 -1
296 65 89 67 91 468 640 641 644
173 2 -1
303 63 56 72 56 475 647 648 656
174 4 -1
305 14 19 19 19 477 649 650 654
175 4 -1
306 26 86 27 86 478 650 651 651
176 6 -1
307 91 97 92 97 479 651 652 653
177 2 -1
310 99 54 96 55 482 654 655 658
178 14 -1
311 7 22 11 22 483 655 656 659
179 12 -1
312 31 2 33 6 484 656 657 665
180 3 -1
313 2 26 3 26 485 657 658 658
181 12 -1
315 70 59 71 60 487 659 660 661
182 3 -1
320 68 34 72 37 492 664 665 680
183 15 -1
321 78 29 79 30 493 665 666 668
184 7 -1
323 46 74 56 75 495 667 668 680
185 0 -1
325 4 20 11 21 497 669 670 677
186 15 -1
326 67 64 68 64 498 670 671 671
187 11 -1
327 87 30 87 30 499 671 672 674
188 4 -1
328 94 37 99 37 500 672 673 677
189 5 -1
329 63 11 63 11 501 673 674 676
190 7 -1
330 25 11 29 11 502 674 675 679
191 5 -1
337 6 7 14 8 509 681 682 694
192 6 -1
340 89 7 91 8 512 684 685 687
193 15 -1
342 15 92 15 93 514 686 687 687
194 11 -1
343 98 13 99 14 515 687 688 690
195 15 -1
345 83 59 91 60 517 689 690 701
196 7 -1
349 53 71 53 71 521 693 694 694
197 5 -1
351 37 6 37 6 523 695 696 696
198 12 -1
354 7 16 12 17 526 698 699 704
199 2 -1
356 94 66 95 66 528 700 701 701
200 2 -1
357 92 37 95 38 529 701 702 705
201 7 -1
358 85 12 90 13 530 702 703 709
202 6 -1
359 51 15 53 16 531 703 704 706
203 2 -1
360 92 48 93 48 532 704 705 706
204 11 -1
361 14 14 14 20 533 705 706 711
205 11 -1
363 90 84 90 85 535 707 708 708
206 12 -1
364 67 42 68 42 536 708 709 709
207 5 -1
365 21 15 21 16 537 709 710 711
208 3 -1
367 41 33 47 33 539 711 712 717
209 10 -1
371 6 73 6 73 543 715 716 716
210 2 -1
372 96 67 96 69 544 716 717 724
211 14 -1
373 55 33 55 35 545 717 718 720
212 0 -1
374 35 73 35 74 546 718 719 719
213 4 -1
375 58 70 58 70 547 719 720 720
214 1 -1
377 54 37 54 38 549 721 722 722
215 1 -1
379 28 73 28 73 551 723 724 724
216 10 -1
380 95 78 96 78 552 724 725 725
217 4 -1
381 8 14 13 14 553 725 726 730
218 13 -1
382 32 73 33 74 554 726 727 728
219 5 -1
383 98 46 98 46 555 727 728 728
220 10 -1
388 66 13 66 14 560 732 733 733
221 14 -1
391 73 11 75 11 563 735 736 737
222 10 -1
392 54 63 56 63 564 736 737 738
223 11 -1
394 23 60 26 60 566 738 739 741
224 14 -1
396 29 53 32 55 568 740 741 745
225 9 -1
397 92 13 92 14 569 741 742 742
226 9 -1
400 83 47 85 47 572 744 745 746
227 14 -1
401 39 84 40 85 573 745 746 747
228 6 -1
403 47 94 50 94 575 747 748 752
229 6 -1
404 29 44 29 44 576 748 749 750
230 0 -1
407 32 54 32 54 579 751 752 752
231 5 -1
408 10 33 11 34 580 752 753 755
232 8 -1
411 52 91 54 91 583 755 756 757
233 3 -1
412 10 61 11 61 584 756 757 757
234 10 -1
414 73 51 74 51 586 758 759 759
235 6 -1
418 12 39 13 39 590 762 763 763
236 0 -1
420 78 89 78 90 592 764 765 765
237 1 -1
421 23 75 23 77 593 765 766 767
238 2 -1
423 4 77 5 77 595 767 768 768
239 6 -1
426 33 42 38 42 598 770 771 775
240 15 -1
428 77 29 78 29 600 772 773 774
241 5 -1
433 56 68 58 68 605 777 778 779
242 3 -1
437 69 1 70 1 609 781 782 782
243 2 -1
439 82 86 82 88 611 783 784 785
244 13 -1
441 93 91 98 94 613 785 786 793
245 4 -1
446 6 0 8 1 618 790 791 794
246 0 -1
448 50 99 51 97 620 792 793 795
247 3 -1
450 14 48 22 48 622 794 795 802
248 5 -1
452 58 23 60 24 624 796 797 799
249 9 -1
455 44 6 47 6 627 799 800 802
250 7 -1
460 16 47 20 48 632 804 805 810
251 6 -1
461 80 90 80 92 633 805 806 807
252 9 -1
462 62 67 63 67 634 806 807 809
253 8 -1
464 87 93 87 95 636 808 809 810
254 5 -1
469 61 0 61 2 641 813 814 815
255 0 -1
471 52 53 57 55 643 815 816 826
256 7 -1
475 60 48 60 49 647 819 820 821
257 4 -1
478 44 49 48 49 650 822 823 826
258 11 -1
479 16 6 18 6 651 823 824 825
259 9 -1
480 52 16 57 19 652 824 825 832
260 6 -1
481 98 10 94 12 653 825 826 831
261 12 -1
482 40 18 40 19 654 826 827 827
262 2 -1
484 43 75 45 75 656 828 829 832
263 6 -1
486 23 83 25 83 658 830 831 833
264 4 -1
488 51 40 53 41 660 832 833 835
265 8 -1
489 18 5 19 15 661 833 834 846
266 14 -1
491 83 52 85 52 663 835 836 837
267 15 -1
493 68 66 68 67 665 837 838 838
268 13 -1
496 93 92 94 92 668 840 841 841
269 4 -1
501 18 54 20 54 673 845 846 847
270 4 -1
502 5 92 8 93 674 846 847 850
271 11 -1
505 86 49 86 51 677 849 850 851
272 11 -1
506 41 4 46 4 678 850 851 855
273 3 -1
507 30 8 32 8 679 851 852 855
274 15 -1
509 38 16 39 16 681 853 854 854
275 1 -1
511 36 43 38 43 683 855 856 857
276 10 -1
512 10 30 10 31 684 856 857 857
277 4 -1
515 4 31 7 31 687 859 860 862
278 5 -1
516 21 62 26 70 688 860 861 873
279 6 -1
517 11 75 15 75 689 861 862 865
280 5 -1
518 16 70 17 70 690 862 863 864
281 2 -1
520 97 90 98 90 692 864 865 865
282 5 -1
522 65 16 70 17 694 866 867 875
283 12 -1
523 74 13 74 13 695 867 868 868
284 14 -1
525 59 71 61 71 697 869 870 871
285 0 -1
526 53 54 53 56 698 870 871 872
286 0 -1
528 74 69 75 72 700 872 873 877
287 13 -1
530 1 3 1 5 702 874 875 878
288 12 -1
533 25 50 25 50 705 877 878 879
289 13 -1
535 59 26 62 26 707 879 880 882
290 3 -1
536 37 2 39 2 708 880 881 882
291 11 -1
537 24 88 24 89 709 881 882 882
292 6 -1
538 91 52 91 55 710 882 883 885
293 10 -1
540 24 37 26 39 712 884 885 888
294 1 -1
541 77 49 77 52 713 885 886 888
295 2 -1
542 85 61 87 64 714 886 887 894
296 5 -1
543 49 72 49 74 715 887 888 889
297 9 -1
546 39 66 39 67 718 890 891 892
298 8 -1
547 82 94 82 96 719 891 892 893
299 3 -1
550 84 41 85 41 722 894 895 895
300 14 -1
552 31 53 31 53 724 896 897 899
301 11 -1
553 76 14 78 14 725 897 898 899
302 3 -1
555 73 90 77 91 727 899 900 904
303 14 -1
556 7 82 8 82 728 900 901 902
304 10 -1
558 49 45 49 45 730 902 903 903
305 11 -1
559 30 15 35 15 731 903 904 908
306 9 -1
560 37 90 39 90 732 904 905 906
307 11 -1
562 30 64 30 64 734 906 907 907
308 12 -1
565 91 26 95 26 737 909 910 913
309 9 -1
566 13 47 15 47 738 910 911 914
310 5 -1
567 88 93 88 93 739 911 912 912
311 7 -1
570 42 5 45 5 742 914 915 918
312 10 -1
572 61 60 64 60 744 916 917 919
313 0 -1
573 68 62 71 62 745 917 918 920
314 9 -1
575 52 62 52 62 747 919 920 921
315 11 -1
577 52 14 52 14 749 921 922 922
316 11 -1
578 45 35 45 36 750 922 923 924
317 5 -1
579 55 42 55 42 751 923 924 928
318 0 -1
580 19 2 20 2 752 924 925 925
319 9 -1
585 19 67 22 67 757 929 930 932
320 2 -1
588 14 64 16 66 760 932 933 937
321 7 -1
589 18 53 20 64 761 933 934 948
322 12 -1
592 39 71 40 71 764 936 937 937
323 0 -1
594 30 33 31 33 766 938 939 940
324 8 -1
595 99 59 93 67 767 939 940 954
325 1 -1
596 43 18 45 18 768 940 941 944
326 10 -1
597 42 19 50 19 769 941 942 949
327 15 -1
599 82 25 90 25 771 943 944 951
328 8 -1
600 94 46 95 47 772 944 945 947
329 1 -1
601 72 80 72 82 773 945 946 947
330 8 -1
603 26 77 28 77 775 947 948 949
331 6 -1
608 38 96 41 96 780 952 953 955
332 5 -1
609 39 35 39 35 781 953 954 954
333 10 -1
610 5 16 5 20 782 954 955 959
334 7 -1
611 60 56 61 57 783 955 956 959
335 7 -1
613 42 70 43 75 785 957 958 965
336 5 -1
614 11 29 17 29 786 958 959 964
337 15 -1
615 22 50 22 50 787 959 960 960
338 1 -1
616 51 25 53 25 788 960 961 962
339 12 -1
619 9 36 11 38 791 963 964 968
340 4 -1
620 98 35 98 37 792 964 965 966
341 10 -1
621 48 87 49 90 793 965 966 970
342 1 -1
622 11 43 14 43 794 966 967 969
343 6 -1
623 51 85 53 85 795 967 968 969
344 11 -1
624 91 29 91 29 796 968 969 969
345 3 -1
625 72 13 73 13 797 969 970 971
346 0 -1
628 10 89 11 89 800 972 973 973
347 14 -1
629 4 92 4 97 801 973 974 978
348 9 -1
630 72 63 72 63 802 974 975 975
349 5 -1
634 9 86 10 86 806 978 979 979
350 2 -1
635 31 94 33 94 807 979 980 981
351 15 -1
636 16 19 16 20 808 980 981 982
352 6 -1
637 8 22 8 22 809 981 982 983
353 15 -1
639 95 40 96 40 811 983 984 984
354 15 -1
640 70 54 70 55 812 984 985 986
355 5 -1
641 58 79 58 81 813 985 986 987
356 8 -1
643 44 31 48 33 815 987 988 993
357 7 -1
645 81 57 82 58 817 989 990 991
358 12 -1
646 97 90 99 90 818 990 991 992
359 0 -1
648 49 73 49 73 820 992 993 993
360 0 -1
649 13 70 20 72 821 993 994 1003
361 8 -1
650 22 93 22 93 822 994 995 995
362 13 -1
651 1 3 4 4 823 995 996 999
363 12 -1
652 23 53 33 55 824 996 997 1011
364 0 -1
653 72 54 72 54 825 997 998 998
365 4 -1
656 76 20 77 20 828 1000 1001 1001
366 11 -1
662 84 17 85 17 834 1006 1007 1008
367 10 -1
663 34 13 40 13 835 1007 1008 1015
368 2 -1
664 5 15 7 15 836 1008 1009 1010
369 14 -1
665 14 4 14 4 837 1009 1010 1010
370 13 -1
666 94 84 94 84 838 1010 1011 1012
371 12 -1
667 4 19 5 20 839 1011 1012 1014
372 2 -1
669 46 93 47 93 841 1013 1014 1014
373 7 -1
672 87 72 91 72 844 1016 1017 1020
374 12 -1
673 10 67 10 67 845 1017 1018 1019
375 2 -1
674 46 96 47 99 846 1018 1019 1022
376 14 -1
675 6 55 8 57 847 1019 1020 1024
377 2 -1
678 70 43 73 44 850 1022 1023 1026
378 3 -1
679 37 31 40 31 851 1023 1024 1026
379 5 -1
680 5 99 6 99 852 1024 1025 1030
380 10 -1
681 67 18 69 18 853 1025 1026 1027
381 5 -1
682 37 39 39 39 854 1026 1027 1028
382 0 -1
684 20 79 21 80 856 1028 1029 1030
383 9 -1
685 35 98 37 100 857 1029 1030 1034
384 13 -1
687 40 11 40 13 859 1031 1032 1036
385 10 -1
688 16 66 18 66 860 1032 1033 1034
386 2 -1
689 10 99 11 100 861 1033 1034 1035
387 1 -1
690 82 68 84 68 862 1034 1035 1036
388 13 -1
691 21 2 23 2 863 1035 1036 1037
389 3 -1
692 45 59 46 59 864 1036 1037 1038
390 7 -1
694 49 54 50 55 866 1038 1039 1041
391 10 -1
696 89 66 89 68 868 1040 1041 1042
392 13 -1
698 56 5 60 5 870 1042 1043 1047
393 8 -1
700 76 87 76 87 872 1044 1045 1045
394 9 -1
701 97 96 98 96 873 1045 1046 1046
395 14 -1
702 69 77 70 81 874 1046 1047 1053
396 9 -1
703 25 16 27 16 875 1047 1048 1049
397 14 -1
704 22 62 24 62 876 1048 1049 1050
398 3 -1
705 98 65 99 65 877 1049 1050 1053
399 13 -1
706 67 99 68 100 878 1050 1051 1052
400 7 -1
707 9 60 13 60 879 1051 1052 1055
401 15 -1
708 61 39 65 40 880 1052 1053 1059
402 14 -1
710 44 8 47 8 882 1054 1055 1057
403 12 -1
712 11 60 12 60 884 1056 1057 1057
404 9 -1
714 5 56 6 56 886 1058 1059 1059
405 6 -1
716 58 22 58 22 888 1060 1061 1061
406 2 -1
718 90 94 90 100 890 1062 1063 1070
407 3 -1
719 77 9 77 9 891 1063 1064 1064
408 15 -1
720 75 22 75 22 892 1064 1065 1066
409 6 -1
722 33 75 35 75 894 1066 1067 1068
410 4 -1
724 83 30 85 30 896 1068 1069 1070
411 13 -1
725 67 29 70 34 897 1069 1070 1080
412 11 -1
726 83 59 85 60 898 1070 1071 1074
413 13 -1
727 29 98 31 98 899 1071 1072 1074
414 9 -1
728 63 12 66 13 900 1072 1073 1077
415 4 -1
729 41 37 42 37 901 1073 1074 1074
416 4 -1
731 27 48 27 48 903 1075 1076 1076
417 4 -1
733 26 29 26 29 905 1077 1078 1079
418 12 -1
734 70 26 72 26 906 1078 1079 1080
419 14 -1
735 83 6 84 8 907 1079 1080 1082
420 13 -1
736 85 52 85 52 908 1080 1081 1082
421 3 -1
737 78 58 80 58 909 1081 1082 1084
422 9 -1
742 17 47 22 47 914 1086 1087 1091
423 3 -1
744 98 49 98 50 916 1088 1089 1090
424 1 -1
745 21 8 21 13 917 1089 1090 1094
425 14 -1
748 77 47 78 47 920 1092 1093 1094
426 4 -1
750 42 62 42 62 922 1094 1095 1095
427 8 -1
751 52 62 53 62 923 1095 1096 1096
428 13 -1
752 68 45 70 46 924 1096 1097 1099
429 14 -1
753 61 53 62 53 925 1097 1098 1098
430 7 -1
754 13 96 14 97 926 1098 1099 1104
431 4 -1
755 9 72 10 72 927 1099 1100 1101
432 4 -1
757 30 81 32 81 929 1101 1102 1103
433 6 -1
758 98 20 98 22 930 1102 1103 1110
434 2 -1
759 25 21 27 21 931 1103 1104 1105
435 8 -1
760 58 39 58 40 932 1104 1105 1105
436 8 -1
766 19 16 21 16 938 1110 1111 1112
437 6 -1
767 76 44 78 44 939 1111 1112 1113
438 5 -1
768 48 29 48 31 940 1112 1113 1115
439 1 -1
771 36 39 36 39 943 1115 1116 1116
440 4 -1
772 33 95 33 95 944 1116 1117 1118
441 12 -1
773 24 81 24 84 945 1117 1118 1120
442 0 -1
775 99 32 95 32 947 1119 1120 1124
443 9 -1
777 72 5 74 5 949 1121 1122 1123
444 15 -1
778 82 1 83 2 950 1122 1123 1124
445 7 -1
779 2 8 5 8 951 1123 1124 1126
446 15 -1
781 62 21 62 21 953 1125 1126 1126
447 2 -1
782 66 97 70 97 954 1126 1127 1130
448 8 -1
784 84 17 84 18 956 1128 1129 1130
449 9 -1
787 94 43 96 43 959 1131 1132 1133
450 4 -1
788 86 32 87 32 960 1132 1133 1133
451 13 -1
789 35 51 39 51 961 1133 1134 1137
452 7 -1
790 74 24 76 24 962 1134 1135 1136
453 5 -1
791 70 52 71 55 963 1135 1136 1140
454 10 -1
793 70 75 72 75 965 1137 1138 1140
455 9 -1
794 46 16 46 17 966 1138 1139 1142
456 12 -1
795 6 3 7 3 967 1139 1140 1141
457 13 -1
796 36 76 40 76 968 1140 1141 1144
458 6 -1
797 7 52 7 53 969 1141 1142 1142
459 6 -1
798 30 52 31 53 970 1142 1143 1145
460 3 -1
799 39 44 41 44 971 1143 1144 1145
461 9 -1
800 75 14 78 15 972 1144 1145 1149
462 3 -1
802 87 31 87 33 974 1146 1147 1150
463 12 -1
803 33 13 34 13 975 1147 1148 1149
464 8 -1
805 89 70 93 71 977 1149 1150 1154
465 10 -1
806 71 63 80 63 978 1150 1151 1159
466 1 -1
807 22 1 23 1 979 1151 1152 1153
467 9 -1
810 44 59 45 59 982 1154 1155 1155
468 11 -1
813 27 52 27 52 985 1157 1158 1158
469 4 -1
818 53 26 55 26 990 1162 1163 1164
470 5 -1
820 91 80 94 80 992 1164 1165 1167
471 6 -1
824 17 23 17 25 996 1168 1169 1170
472 12 -1
825 38 51 40 52 997 1169 1170 1172
473 12 -1
827 54 52 54 53 999 1171 1172 1172
474 0 -1
828 65 93 68 94 1000 1172 1173 1182
475 12 -1
830 39 95 42 95 1002 1174 1175 1177
476 5 -1
831 4 4 5 4 1003 1175 1176 1176
477 1 -1
833 1 34 2 35 1005 1177 1178 1179
478 13 -1
834 27 24 29 24 1006 1178 1179 1180
479 1 -1
835 97 38 94 39 1007 1179 1180 1189
480 11 -1
839 80 77 81 78 1011 1183 1184 1185
481 4 -1
841 90 38 91 40 1013 1185 1186 1189
482 11 -1
842 83 43 83 44 1014 1186 1187 1188
483 6 -1
844 18 78 20 78 1016 1188 1189 1193
484 15 -1
845 83 15 83 17 1017 1189 1190 1191
485 14 -1
846 49 99 55 99 1018 1190 1191 1196
486 7 -1
847 46 48 46 48 1019 1191 1192 1192
487 6 -1
850 58 1 59 1 1022 1194 1195 1197
488 10 -1
851 38 93 42 93 1023 1195 1196 1199
489 7 -1
854 95 0 96 0 1026 1198 1199 1199
490 14 -1
856 98 84 95 84 1028 1200 1201 1203
491 4 -1
859 79 65 82 67 1031 1203 1204 1208
492 9 -1
860 84 27 84 28 1032 1204 1205 1205
493 11 -1
861 73 47 75 47 1033 1205 1206 1207
494 5 -1
864 85 15 87 16 1036 1208 1209 1211
495 9 -1
867 40 11 40 11 1039 1211 1212 1212
496 13 -1
868 9 94 10 95 1040 1212 1213 1214
497 7 -1
871 58 37 59 47 1043 1215 1216 1231
498 1 -1
873 27 65 29 65 1045 1217 1218 1219
499 11 -1
874 63 8 68 8 1046 1218 1219 1223
500 15 -1
875 70 36 71 37 1047 1219 1220 1222
501 8 -1
877 34 67 36 67 1049 1221 1222 1224
502 0 -1
878 7 19 7 19 1050 1222 1223 1224
503 15 -1
879 10 56 11 56 1051 1223 1224 1225
504 9 -1
880 20 28 23 29 1052 1224 1225 1228
505 14 -1
881 89 79 95 79 1053 1225 1226 1231
506 10 -1
882 90 37 92 37 1054 1226 1227 1228
507 11 -1
885 1 81 1 81 1057 1229 1230 1230
508 9 -1
887 23 55 24 56 1059 1231 1232 1234
509 5 -1
889 24 94 25 94 1061 1233 1234 1236
510 11 -1
891 79 19 79 19 1063 1235 1236 1237
511 14 -1
893 28 47 29 48 1065 1237 1238 1239
512 10 -1
894 63 23 63 24 1066 1238 1239 1241
513 11 -1
895 16 89 16 90 1067 1239 1240 1242
514 3 -1
896 79 7 80 7 1068 1240 1241 1242
515 12 -1
897 74 58 75 58 1069 1241 1242 1242
516 7 -1
898 9 50 10 50 1070 1242 1243 1244
517 4 -1
899 56 82 56 84 1071 1243 1244 1245
518 7 -1
900 99 67 98 72 1072 1244 1245 1250
519 11 -1
901 33 87 35 87 1073 1245 1246 1247
520 5 -1
902 96 93 96 93 1074 1246 1247 1247
521 15 -1
905 33 82 34 82 1077 1249 1250 1250
522 10 -1
910 14 61 14 61 1082 1254 1255 1255
523 12 -1
912 57 39 64 42 1084 1256 1257 1266
524 3 -1
914 55 13 57 14 1086 1258 1259 1265
525 6 -1
917 41 34 45 34 1089 1261 1262 1265
526 6 -1
919 11 65 13 65 1091 1263 1264 1265
527 1 -1
920 23 9 24 11 1092 1264 1265 1267
528 15 -1
921 33 66 34 66 1093 1265 1266 1266
529 6 -1
923 18 43 19 43 1095 1267 1268 1268
530 8 -1
925 34 74 37 74 1097 1269 1270 1272
531 2 -1
926 59 99 63 100 1098 1270 1271 1279
532 6 -1
927 83 12 86 12 1099 1271 1272 1274
533 9 -1
928 56 77 58 78 1100 1272 1273 1276
534 13 -1
929 98 71 98 71 1101 1273 1274 1274
535 8 -1
931 58 46 60 46 1103 1275 1276 1277
536 4 -1
933 35 84 36 88 1105 1277 1278 1284
537 14 -1
935 2 66 4 66 1107 1279 1280 1281
538 13 -1
936 51 85 51 85 1108 1280 1281 1281
539 3 -1
937 13 30 13 34 1109 1281 1282 1285
540 8 -1
938 58 35 58 39 1110 1282 1283 1286
541 9 -1
940 23 48 25 48 1112 1284 1285 1286
542 1 -1
942 20 76 20 77 1114 1286 1287 1287
543 4 -1
943 68 41 73 41 1115 1287 1288 1294
544 12 -1
944 10 87 10 87 1116 1288 1289 1289
545 7 -1
945 44 0 44 2 1117 1289 1290 1292
546 11 -1
947 69 18 81 19 1119 1291 1292 1304
547 14 -1
948 71 50 71 51 1120 1292 1293 1295
548 15 -1
950 39 50 40 50 1122 1294 1295 1296
549 5 -1
951 40 67 42 67 1123 1295 1296 1297
550 11 -1
954 23 98 24 98 1126 1298 1299 1300
551 2 -1
955 77 42 77 43 1127 1299 1300 1300
552 0 -1
957 32 93 35 93 1129 1301 1302 1304
553 5 -1
958 39 63 39 63 1130 1302 1303 1303
554 4 -1
963 65 29 66 29 1135 1307 1308 1310
555 7 -1
964 29 42 31 42 1136 1308 1309 1310
556 2 -1
966 19 95 19 95 1138 1310 1311 1312
557 10 -1
969 34 73 35 73 1141 1313 1314 1315
558 8 -1
972 15 67 17 71 1144 1316 1317 1322
559 15 -1
973 9 58 12 58 1145 1317 1318 1321
560 7 -1
974 63 39 72 39 1146 1318 1319 1328
561 4 -1
976 89 37 90 41 1148 1320 1321 1325
562 7 -1
979 0 82 3 82 1151 1323 1324 1327
563 13 -1
981 13 74 13 75 1153 1325 1326 1326
564 9 -1
983 46 19 48 20 1155 1327 1328 1330
565 7 -1
984 20 1 23 1 1156 1328 1329 1334
566 10 -1
987 85 17 87 18 1159 1331 1332 1335
567 11 -1
989 65 31 67 31 1161 1333 1334 1336
568 15 -1
990 99 67 96 67 1162 1334 1335 1338
569 5 -1
992 55 6 59 6 1164 1336 1337 1340
570 15 -1
993 34 93 36 93 1165 1337 1338 1339
571 8 -1
994 33 18 36 18 1166 1338 1339 1342
572 13 -1
996 46 47 46 48 1168 1340 1341 1342
573 6 -1
997 74 4 76 4 1169 1341 1342 1343
574 14 -1
998 35 80 36 80 1170 1342 1343 1343
575 12 -1
999 27 56 28 56 1171 1343 1344 1345
576 8 -1
1001 57 95 13 96 1173 1345 1346 1394
577 3 -1
1004 77 44 77 46 1176 1348 1349 1350
578 8 -1
1008 39 5 40 5 1180 1352 1353 1353
579 6 -1
1010 47 78 48 79 1182 1354 1355 1356
580 11 -1
1012 61 4 62 4 1184 1356 1357 1357
581 6 -1
1015 2 18 2 19 1187 1359 1360 1360
582 9 -1
1016 78 34 78 34 1188 1360 1361 1361
583 8 -1
1017 34 45 34 47 1189 1361 1362 1364
584 6 -1
1018 75 92 75 93 1190 1362 1363 1376
585 14 -1
1019 79 28 79 28 1191 1363 1364 1373
586 0 -1
1020 96 18 96 21 1192 1364 1365 1367
587 14 -1
1021 62 32 63 32 1193 1365 1366 1366
588 8 -1
1022 95 98 81 98 1194 1366 1367 1380
589 6 -1
1025 68 86 69 90 1197 1369 1370 1374
590 1 -1
1027 3 76 3 77 1199 1371 1372 1372
591 2 -1
1028 23 0 23 1 1200 1372 1373 1373
592 8 -1
1031 13 96 15 96 1203 1375 1376 1384
593 12 -1
1032 38 25 43 25 1204 1376 1377 1383
594 8 -1
1033 20 97 23 98 1205 1377 1378 1381
595 12 -1
1035 85 21 87 21 1207 1379 1380 1381
596 1 -1
1036 21 93 23 93 1208 1380 1381 1382
597 1 -1
1037 82 40 82 41 1209 1381 1382 1382
598 14 -1
1039 58 30 59 30 1211 1383 1384 1384
599 12 -1
1040 80 76 80 76 1212 1384 1385 1385
600 11 -1
1042 93 30 84 30 1214 1386 1387 1397
601 6 -1
1044 91 61 91 64 1216 1388 1389 1392
602 0 -1
1045 74 45 75 45 1217 1389 1390 1392
603 7 -1
1051 6 38 7 38 1223 1395 1396 1396
604 15 -1
1053 41 68 42 68 1225 1397 1398 1398
605 8 -1
1056 31 50 31 50 1228 1400 1401 1402
606 10 -1
1057 34 42 35 42 1229 1401 1402 1403
607 13 -1
1059 80 94 84 94 1231 1403 1404 1407
608 7 -1
1060 33 97 34 93 1232 1404 1405 1409
609 1 -1
1063 93 23 94 25 1235 1407 1408 1410
610 2 -1
1065 78 83 79 84 1237 1409 1410 1412
611 4 -1
1066 48 57 49 57 1238 1410 1411 1412
612 8 -1
1067 44 1 45 1 1239 1411 1412 1412
613 1 -1
1070 16 57 26 57 1242 1414 1415 1426
614 11 -1
1071 94 0 95 1 1243 1415 1416 1420
615 3 -1
1073 46 67 60 67 1245 1417 1418 1432
616 7 -1
1074 14 15 14 16 1246 1418 1419 1419
617 11 -1
1075 15 46 17 47 1247 1419 1420 1422
618 15 -1
1078 1 85 1 85 1250 1422 1423 1426
619 6 -1
1082 56 96 56 96 1254 1426 1427 1427
620 12 -1
1083 50 77 51 77 1255 1427 1428 1429
621 1 -1
1084 49 0 55 0 1256 1428 1429 1434
622 13 -1
1085 7 75 9 76 1257 1429 1430 1432
623 13 -1
1086 36 78 40 78 1258 1430 1431 1434
624 3 -1
1090 70 96 70 97 1262 1434 1435 1435
625 0 -1
1091 87 60 88 63 1263 1435 1436 1439
626 1 -1
1092 65 27 66 27 1264 1436 1437 1437
627 5 -1
1095 79 4 79 5 1267 1439 1440 1442
628 1 -1
1097 61 37 64 37 1269 1441 1442 1444
629 11 -1
1098 38 75 39 77 1270 1442 1443 1446
630 7 -1
1099 80 93 84 94 1271 1443 1444 1448
631 11 -1
1100 26 95 28 98 1272 1444 1445 1449
632 3 -1
1102 90 42 92 42 1274 1446 1447 1449
633 15 -1
1103 57 4 57 11 1275 1447 1448 1454
634 13 -1
1104 63 82 64 82 1276 1448 1449 1449
635 10 -1
1105 59 84 60 84 1277 1449 1450 1450
636 1 -1
1107 53 85 60 85 1279 1451 1452 1461
637 15 -1
1109 29 28 31 28 1281 1453 1454 1456
638 5 -1
1111 96 95 97 95 1283 1455 1456 1457
639 8 -1
1113 8 23 8 23 1285 1457 1458 1458
640 13 -1
1114 54 94 55 94 1286 1458 1459 1459
641 6 -1
1115 33 92 33 93 1287 1459 1460 1462
642 7 -1
1116 24 17 30 17 1288 1460 1461 1471
643 14 -1
1118 78 65 80 65 1290 1462 1463 1464
644 6 -1
1120 37 42 39 42 1292 1464 1465 1466
645 2 -1
1121 82 4 82 5 1293 1465 1466 1466
646 12 -1
1122 13 68 15 68 1294 1466 1467 1469
647 11 -1
1124 32 12 32 16 1296 1468 1469 1475
648 13 -1
1125 88 9 89 9 1297 1469 1470 1471
649 9 -1
1126 49 44 51 51 1298 1470 1471 1482
650 1 -1
1129 35 17 36 17 1301 1473 1474 1474
651 13 -1
1130 63 26 63 26 1302 1474 1475 1475
652 2 -1
1132 62 6 62 7 1304 1476 1477 1478
653 2 -1
1133 85 51 87 51 1305 1477 1478 1480
654 9 -1
1137 16 42 18 43 1309 1481 1482 1485
655 5 -1
1138 76 75 76 76 1310 1482 1483 1483
656 11 -1
1139 78 89 79 89 1311 1483 1484 1484
657 3 -1
1141 4 30 4 30 1313 1485 1486 1487
658 13 -1
1142 61 22 62 24 1314 1486 1487 1489
659 15 -1
1144 13 16 14 18 1316 1488 1489 1491
660 3 -1
1147 60 94 61 97 1319 1491 1492 1495
661 4 -1
1150 12 39 13 39 1322 1494 1495 1495
662 10 -1
1151 38 1 40 1 1323 1495 1496 1497
663 11 -1
1154 28 63 28 64 1326 1498 1499 1499
664 1 -1
1156 76 58 77 59 1328 1500 1501 1502
665 6 -1
1157 90 61 91 61 1329 1501 1502 1506
666 12 -1
1158 15 8 18 8 1330 1502 1503 1506
667 5 -1
1159 71 2 71 2 1331 1503 1504 1505
668 1 -1
1164 27 24 28 26 1336 1508 1509 1511
669 10 -1
1166 39 44 40 44 1338 1510 1511 1513
670 5 -1
1169 18 63 20 64 1341 1513 1514 1516
671 14 -1
1170 29 3 32 3 1342 1514 1515 1517
672 6 -1
1171 35 43 40 46 1343 1515 1516 1524
673 11 -1
1172 73 75 73 75 1344 1516 1517 1517
674 6 -1
1174 96 53 96 58 1346 1518 1519 1525
675 0 -1
1175 23 52 25 53 1347 1519 1520 1522
676 12 -1
1176 81 46 82 46 1348 1520 1521 1522
677 15 -1
1177 96 49 97 49 1349 1521 1522 1523
678 8 -1
1179 10 91 11 91 1351 1523 1524 1524
679 14 -1
1186 32 7 33 7 1358 1530 1531 1532
680 1 -1
1187 77 40 77 40 1359 1531 1532 1533
681 6 -1
1188 75 14 75 15 1360 1532 1533 1533
682 9 -1
1190 48 20 48 20 1362 1534 1535 1535
683 12 -1
1191 10 97 12 97 1363 1535 1536 1537
684 14 -1
1194 82 82 83 83 1366 1538 1539 1540
685 14 -1
1195 83 65 84 67 1367 1539 1540 1542
686 15 -1
1197 60 82 62 83 1369 1541 1542 1544
687 12 -1
1198 94 98 96 98 1370 1542 1543 1546
688 2 -1
1201 31 14 36 14 1373 1545 1546 1550
689 8 -1
1202 46 62 46 63 1374 1546 1547 1547
690 9 -1
1203 84 88 85 88 1375 1547 1548 1548
691 1 -1
1205 23 11 23 11 1377 1549 1550 1552
692 2 -1
1207 98 17 98 18 1379 1551 1552 1555
693 0 -1
1208 82 64 82 66 1380 1552 1553 1554
694 6 -1
1209 58 52 59 52 1381 1553 1554 1554
695 3 -1
1211 19 47 22 47 1383 1555 1556 1559
696 1 -1
1214 49 98 55 98 1386 1558 1559 1564
697 6 -1
1217 3 65 3 65 1389 1561 1562 1563
698 5 -1
1218 10 43 11 43 1390 1562 1563 1563
699 3 -1
1219 28 14 35 14 1391 1563 1564 1570
700 8 -1
1220 53 35 54 35 1392 1564 1565 1565
701 12 -1
1222 86 25 87 26 1394 1566 1567 1569
702 13 -1
1223 46 75 50 75 1395 1567 1568 1571
703 9 -1
1226 16 27 17 27 1398 1570 1571 1573
704 0 -1
1227 82 63 82 63 1399 1571 1572 1572
705 11 -1
1229 39 11 39 12 1401 1573 1574 1574
706 14 -1
1230 69 48 70 48 1402 1574 1575 1579
707 6 -1
1231 96 73 96 74 1403 1575 1576 1576
708 3 -1
1233 85 94 87 94 1405 1577 1578 1579
709 5 -1
1235 16 44 19 44 1407 1579 1580 1583
710 6 -1
1236 5 23 8 24 1408 1580 1581 1585
711 6 -1
1237 77 60 78 60 1409 1581 1582 1586
712 8 -1
1238 62 23 64 23 1410 1582 1583 1587
713 10 -1
1240 33 0 33 1 1412 1584 1585 1588
714 9 -1
1241 0 48 1 48 1413 1585 1586 1586
715 11 -1
1242 32 0 34 11 1414 1586 1587 1599
716 12 -1
1243 53 28 54 29 1415 1587 1588 1589
717 2 -1
1244 46 61 52 61 1416 1588 1589 1595
718 8 -1
1246 55 64 55 71 1418 1590 1591 1599
719 12 -1
1250 16 4 16 4 1422 1594 1595 1595
720 9 -1
1254 50 35 57 35 1426 1598 1599 1605
721 12 -1
1255 37 23 38 26 1427 1599 1600 1603
722 15 -1
1258 7 91 15 96 1430 1602 1603 1618
723 12 -1
1259 11 63 26 64 1431 1603 1604 1621
724 7 -1
1260 74 72 80 72 1432 1604 1605 1610
725 4 -1
1261 21 3 23 7 1433 1605 1606 1612
726 15 -1
1263 17 18 21 19 1435 1607 1608 1614
727 2 -1
1264 39 62 39 63 1436 1608 1609 1612
728 2 -1
1265 69 56 70 57 1437 1609 1610 1611
729 7 -1
1266 47 39 48 39 1438 1610 1611 1611
730 11 -1
1268 63 7 66 7 1440 1612 1613 1615
731 7 -1
1276 80 37 81 37 1448 1620 1621 1621
732 14 -1
1277 7 79 12 79 1449 1621 1622 1626
733 0 -1
1281 70 60 71 60 1453 1625 1626 1627
734 11 -1
1284 2 57 4 57 1456 1628 1629 1630
735 4 -1
1287 10 92 11 93 1459 1631 1632 1635
736 14 -1
1290 40 52 44 53 1462 1634 1635 1641
737 12 -1
1291 12 18 14 18 1463 1635 1636 1638
738 2 -1
1292 27 6 45 7 1464 1636 1637 1662
739 2 -1
1297 10 63 13 63 1469 1641 1642 1644
740 8 -1
1298 86 24 87 24 1470 1642 1643 1643
741 0 -1
1299 53 41 56 41 1471 1643 1644 1646
742 4 -1
1300 71 54 71 55 1472 1644 1645 1646
743 2 -1
1307 11 78 12 78 1479 1651 1652 1652
744 6 -1
1309 3 63 5 63 1481 1653 1654 1655
745 12 -1
1312 95 42 95 44 1484 1656 1657 1658
746 6 -1
1313 67 24 68 24 1485 1657 1658 1658
747 3 -1
1314 21 92 21 93 1486 1658 1659 1662
748 0 -1
1315 48 69 52 70 1487 1659 1660 1664
749 15 -1
1316 10 34 10 35 1488 1660 1661 1662
750 9 -1
1317 12 54 13 55 1489 1661 1662 1663
751 1 -1
1318 55 28 57 28 1490 1662 1663 1665
752 2 -1
1319 28 6 30 6 1491 1663 1664 1665
753 13 -1
1320 29 12 30 12 1492 1664 1665 1665
754 12 -1
1321 42 24 43 24 1493 1665 1666 1667
755 4 -1
1323 2 7 4 7 1495 1667 1668 1669
756 12 -1
1324 59 58 61 61 1496 1668 1669 1673
757 7 -1
1325 12 32 13 34 1497 1669 1670 1675
758 3 -1
1326 1 93 2 93 1498 1670 1671 1671
759 1 -1
1327 4 84 11 86 1499 1671 1672 1681
760 1 -1
1329 57 69 58 69 1501 1673 1674 1675
761 2 -1
1332 70 61 70 63 1504 1676 1677 1678
762 7 -1
1333 70 64 70 65 1505 1677 1678 1678
763 13 -1
1335 3 84 14 84 1507 1679 1680 1695
764 9 -1
1336 4 8 4 9 1508 1680 1681 1681
765 10 -1
1338 21 37 22 39 1510 1682 1683 1685
766 10 -1
1340 13 13 13 19 1512 1684 1685 1691
767 0 -1
1342 79 83 79 85 1514 1686 1687 1689
768 6 -1
1344 76 87 77 87 1516 1688 1689 1690
769 15 -1
1345 82 89 82 89 1517 1689 1690 1690
770 7 -1
1347 80 43 83 43 1519 1691 1692 1694
771 4 -1
1348 51 25 53 25 1520 1692 1693 1697
772 14 -1
1349 84 62 88 64 1521 1693 1694 1699
773 6 -1
1354 10 49 11 50 1526 1698 1699 1701
774 11 -1
1355 88 34 93 34 1527 1699 1700 1704
775 14 -1
1359 64 86 64 88 1531 1703 1704 1708
776 12 -1
1362 13 29 13 29 1534 1706 1707 1708
777 3 -1
1365 38 46 38 47 1537 1709 1710 1710
778 7 -1
1368 0 98 0 100 1540 1712 1713 1714
779 15 -1
1369 50 82 62 94 1541 1713 1714 1748
780 1 -1
1370 24 64 24 65 1542 1714 1715 1716
781 13 -1
1372 62 62 64 64 1544 1716 1717 1721
782 1 -1
1374 78 9 78 10 1546 1718 1719 1720
783 11 -1
1375 31 31 31 34 1547 1719 1720 1726
784 10 -1
1376 10 71 10 71 1548 1720 1721 1721
785 8 -1
1377 73 9 75 9 1549 1721 1722 1724
786 13 -1
1378 10 35 10 36 1550 1722 1723 1723
787 8 -1
1379 43 92 46 93 1551 1723 1724 1727
788 0 -1
1381 92 10 94 10 1553 1725 1726 1728
789 0 -1
1382 38 42 38 45 1554 1726 1727 1729
790 11 -1
1383 20 23 20 25 1555 1727 1728 1729
791 12 -1
1385 78 77 83 77 1557 1729 1730 1735
792 8 -1
1386 43 25 44 26 1558 1730 1731 1733
793 14 -1
1387 21 88 28 88 1559 1731 1732 1742
794 7 -1
1388 45 90 45 90 1560 1732 1733 1735
795 9 -1
1389 49 19 50 20 1561 1733 1734 1735
796 4 -1
1390 32 73 32 73 1562 1734 1735 1736
797 13 -1
1391 4 18 5 19 1563 1735 1736 1737
798 6 -1
1393 6 7 6 8 1565 1737 1738 1739
799 4 -1
1395 21 18 29 18 1567 1739 1740 1747
800 11 -1
1396 32 56 33 56 1568 1740 1741 1741
801 2 -1
1400 32 35 35 35 1572 1744 1745 1747
802 7 -1
1401 37 4 39 5 1573 1745 1746 1748
803 11 -1
1402 95 3 90 3 1574 1746 1747 1753
804 9 -1
1403 19 12 20 12 1575 1747 1748 1749
805 15 -1
1406 76 2 76 3 1578 1750 1751 1751
806 2 -1
1411 30 68 32 68 1583 1755 1756 1757
807 3 -1
1412 60 55 62 58 1584 1756 1757 1762
808 12 -1
1413 95 23 95 24 1585 1757 1758 1758
809 13 -1
1414 52 83 52 85 1586 1758 1759 1760
810 0 -1
1415 9 63 11 63 1587 1759 1760 1761
811 15 -1
1417 10 98 10 99 1589 1761 1762 1762
812 4 -1
1418 53 3 58 3 1590 1762 1763 1767
813 3 -1
1419 94 59 98 59 1591 1763 1764 1770
814 0 -1
1420 40 96 40 97 1592 1764 1765 1772
815 5 -1
1423 79 28 79 28 1595 1767 1768 1768
816 1 -1
1426 62 13 64 13 1598 1770 1771 1772
817 15 -1
1428 62 89 64 90 1600 1772 1773 1775
818 7 -1
1429 46 19 48 19 1601 1773 1774 1775
819 7 -1
1430 53 7 53 8 1602 1774 1775 1775
820 12 -1
1431 41 72 42 73 1603 1775 1776 1778
821 1 -1
1432 10 21 10 21 1604 1776 1777 1777
822 11 -1
1434 88 29 89 29 1606 1778 1779 1779
823 2 -1
1435 41 63 46 65 1607 1779 1780 1786
824 14 -1
1436 96 20 97 20 1608 1780 1781 1782
825 1 -1
1438 30 50 34 50 1610 1782 1783 1786
826 14 -1
1439 58 88 59 88 1611 1783 1784 1784
827 12 -1
1440 93 65 95 65 1612 1784 1785 1787
828 13 -1
1441 66 33 67 34 1613 1785 1786 1792
829 4 -1
1442 20 50 21 50 1614 1786 1787 1788
830 3 -1
1443 85 10 88 10 1615 1787 1788 1792
831 8 -1
1444 49 89 49 90 1616 1788 1789 1790
832 12 -1
1446 13 16 14 19 1618 1790 1791 1796
833 4 -1
1447 57 44 57 46 1619 1791 1792 1793
834 15 -1
1448 2 84 2 85 1620 1792 1793 1794
835 13 -1
1452 92 84 93 84 1624 1796 1797 1797
836 7 -1
1454 87 35 89 37 1626 1798 1799 1802
837 7 -1
1455 71 93 71 94 1627 1799 1800 1801
838 4 -1
1456 57 76 57 77 1628 1800 1801 1801
839 4 -1
1457 69 75 69 75 1629 1801 1802 1807
840 5 -1
1458 71 0 74 2 1630 1802 1803 1812
841 13 -1
1461 0 4 3 4 1633 1805 1806 1808
842 1 -1
1462 49 10 50 11 1634 1806 1807 1810
843 14 -1
1463 79 7 80 7 1635 1807 1808 1809
844 12 -1
1465 64 17 66 17 1637 1809 1810 1811
845 10 -1
1466 69 11 70 12 1638 1810 1811 1812
846 9 -1
1468 48 21 49 21 1640 1812 1813 1813
847 1 -1
1469 88 75 92 76 1641 1813 1814 1818
848 5 -1
1470 6 42 7 42 1642 1814 1815 1815
849 9 -1
1472 43 62 46 62 1644 1816 1817 1821
850 9 -1
1473 74 65 77 67 1645 1817 1818 1822
851 9 -1
1474 59 32 60 33 1646 1818 1819 1829
852 11 -1
1475 35 73 35 74 1647 1819 1820 1821
853 14 -1
1478 17 21 17 23 1650 1822 1823 1828
854 11 -1
1479 35 46 36 47 1651 1823 1824 1825
855 7 -1
1481 52 72 52 73 1653 1825 1826 1827
856 14 -1
1483 28 3 34 3 1655 1827 1828 1838
857 15 -1
1486 93 43 95 46 1658 1830 1831 1835
858 15 -1
1487 70 37 70 41 1659 1831 1832 1835
859 13 -1
1493 98 80 99 81 1665 1837 1838 1839
860 15 -1
1495 35 34 36 34 1667 1839 1840 1840
861 11 -1
1496 48 95 49 97 1668 1840 1841 1844
862 6 -1
1497 79 29 80 31 1669 1841 1842 1845
863 9 -1
1499 72 71 73 72 1671 1843 1844 1845
864 3 -1
1500 5 22 7 22 1672 1844 1845 1846
865 13 -1
1501 6 12 12 12 1673 1845 1846 1853
866 15 -1
1502 9 89 13 89 1674 1846 1847 1850
867 8 -1
1504 90 78 91 83 1676 1848 1849 1861
868 4 -1
1505 14 46 21 48 1677 1849 1850 1859
869 12 -1
1506 48 30 48 31 1678 1850 1851 1852
870 9 -1
1507 80 0 83 0 1679 1851 1852 1854
871 15 -1
1508 3 64 5 68 1680 1852 1853 1858
872 15 -1
1509 27 25 28 25 1681 1853 1854 1854
873 11 -1
1511 53 56 55 56 1683 1855 1856 1857
874 0 -1
1513 18 36 21 38 1685 1857 1858 1862
875 3 -1
1515 59 36 59 36 1687 1859 1860 1860
876 15 -1
1516 87 50 90 50 1688 1860 1861 1863
877 14 -1
1517 43 69 45 69 1689 1861 1862 1864
878 0 -1
1518 85 73 86 73 1690 1862 1863 1865
879 3 -1
1519 83 57 86 57 1691 1863 1864 1867
880 2 -1
1521 82 5 83 7 1693 1865 1866 1869
881 14 -1
1522 9 43 9 43 1694 1866 1867 1868
882 13 -1
1523 96 24 97 24 1695 1867 1868 1869
883 4 -1
1527 71 53 72 56 1699 1871 1872 1875
884 8 -1
1528 47 66 47 67 1700 1872 1873 1873
885 9 -1
1533 84 34 84 35 1705 1877 1878 1878
886 15 -1
1534 58 58 63 61 1706 1878 1879 1887
887 6 -1
1535 51 62 54 62 1707 1879 1880 1882
888 9 -1
1536 33 58 33 60 1708 1880 1881 1882
889 5 -1
1538 62 89 65 89 1710 1882 1883 1886
890 11 -1
1540 85 28 85 29 1712 1884 1885 1885
891 14 -1
1543 44 46 44 46 1715 1887 1888 1890
892 13 -1
1544 22 90 24 90 1716 1888 1889 1890
893 10 -1
1545 68 59 69 59 1717 1889 1890 1891
894 6 -1
1547 22 49 25 50 1719 1891 1892 1896
895 0 -1
1550 65 51 65 51 1722 1894 1895 1896
896 4 -1
1551 65 26 67 26 1723 1895 1896 1897
897 0 -1
1552 84 66 84 69 1724 1896 1897 1901
898 6 -1
1554 31 71 32 73 1726 1898 1899 1902
899 3 -1
1555 31 5 31 5 1727 1899 1900 1901
900 6 -1
1556 41 73 42 74 1728 1900 1901 1902
901 10 -1
1559 68 41 72 43 1731 1903 1904 1909
902 8 -1
1560 80 63 86 63 1732 1904 1905 1910
903 4 -1
1562 32 4 33 4 1734 1906 1907 1908
904 2 -1
1563 86 10 93 13 1735 1907 1908 1917
905 2 -1
1564 16 67 17 68 1736 1908 1909 1910
906 14 -1
1566 34 64 34 66 1738 1910 1911 1912
907 0 -1
1567 19 44 21 46 1739 1911 1912 1915
908 11 -1
1573 41 93 48 94 1745 1917 1918 1925
909 8 -1
1575 92 23 92 23 1747 1919 1920 1920
910 0 -1
1576 56 63 56 63 1748 1920 1921 1922
911 6 -1
1577 29 92 30 92 1749 1921 1922 1923
912 0 -1
1579 79 44 82 44 1751 1923 1924 1926
913 4 -1
1580 52 30 53 31 1752 1924 1925 1926
914 6 -1
1582 79 28 79 29 1754 1926 1927 1927
915 14 -1
1584 51 93 52 93 1756 1928 1929 1929
916 0 -1
1587 24 49 31 53 1759 1931 1932 1943
917 13 -1
1588 80 24 82 26 1760 1932 1933 1936
918 5 -1
1589 14 5 16 5 1761 1933 1934 1935
919 6 -1
1590 84 56 85 56 1762 1934 1935 1937
920 3 -1
1591 81 61 83 62 1763 1935 1936 1940
921 3 -1
1593 88 60 90 61 1765 1937 1938 1941
922 13 -1
1594 68 31 68 31 1766 1938 1939 1940
923 10 -1
1596 21 72 22 73 1768 1940 1941 1942
924 15 -1
1598 30 34 30 35 1770 1942 1943 1943
925 7 -1
1599 33 23 36 24 1771 1943 1944 1947
926 8 -1
1600 95 86 96 86 1772 1944 1945 1945
927 3 -1
1603 68 43 68 43 1775 1947 1948 1948
928 6 -1
1606 16 53 18 53 1778 1950 1951 1952
929 7 -1
1608 38 93 39 93 1780 1952 1953 1953
930 9 -1
1609 8 61 10 61 1781 1953 1954 1955
931 1 -1
1610 40 39 41 39 1782 1954 1955 1955
932 3 -1
1611 19 0 21 0 1783 1955 1956 1957
933 11 -1
1613 37 50 39 50 1785 1957 1958 1959
934 8 -1
1615 48 97 48 97 1787 1959 1960 1960
935 5 -1
1618 62 27 65 27 1790 1962 1963 1965
936 1 -1
1620 19 25 22 25 1792 1964 1965 1969
937 0 -1
1621 82 44 84 48 1793 1965 1966 1972
938 13 -1
1623 24 64 27 65 1795 1967 1968 1972
939 6 -1
1624 42 66 42 67 1796 1968 1969 1969
940 2 -1
1625 84 36 85 38 1797 1969 1970 1972
941 11 -1
1626 89 28 91 28 1798 1970 1971 1972
942 2 -1
1627 13 97 22 99 1799 1971 1972 1984
943 12 -1
1629 61 1 62 1 1801 1973 1974 1974
944 6 -1
1631 39 56 39 58 1803 1975 1976 1977
945 15 -1
1633 8 59 15 61 1805 1977 1978 1987
946 11 -1
1634 4 13 4 15 1806 1978 1979 1980
947 9 -1
1637 58 86 58 87 1809 1981 1982 1982
948 12 -1
1638 85 38 86 38 1810 1982 1983 1985
949 12 -1
1640 49 57 59 57 1812 1984 1985 1994
950 6 -1
1641 94 8 95 9 1813 1985 1986 1988
951 2 -1
1642 79 21 79 25 1814 1986 1987 1990
952 9 -1
1645 49 62 49 62 1817 1989 1990 1990
953 4 -1
1648 83 66 85 66 1820 1992 1993 1994
954 2 -1
1649 8 93 9 93 1821 1993 1994 1995
955 15 -1
1650 15 74 15 75 1822 1994 1995 1995
956 2 -1
1656 40 85 43 85 1828 2000 2001 2004
957 12 -1
1657 53 34 53 35 1829 2001 2002 2004
958 12 -1
1659 17 69 20 70 1831 2003 2004 2007
959 0 -1
1660 30 78 34 78 1832 2004 2005 2008
960 2 -1
1661 66 33 69 34 1833 2005 2006 2012
961 4 -1
1662 46 30 50 32 1834 2006 2007 2013
962 11 -1
1663 47 1 49 1 1835 2007 2008 2014
963 5 -1
1664 39 37 39 39 1836 2008 2009 2010
964 11 -1
1665 70 51 71 51 1837 2009 2010 2010
965 1 -1
1668 40 79 41 79 1840 2012 2013 2015
966 10 -1
1671 13 15 21 15 1843 2015 2016 2023
967 1 -1
1672 82 39 83 42 1844 2016 2017 2020
968 4 -1
1673 47 6 49 7 1845 2017 2018 2022
969 0 -1
1675 45 42 45 42 1847 2019 2020 2020
970 7 -1
1676 17 37 17 37 1848 2020 2021 2023
971 7 -1
1678 80 10 80 13 1850 2022 2023 2025
972 8 -1
1679 82 6 88 7 1851 2023 2024 2030
973 11 -1
1680 53 80 54 81 1852 2024 2025 2028
974 5 -1
1683 4 79 4 85 1855 2027 2028 2034
975 8 -1
1685 27 48 30 48 1857 2029 2030 2032
976 3 -1
1686 79 15 84 15 1858 2030 2031 2040
977 4 -1
1687 20 16 20 18 1859 2031 2032 2035
978 15 -1
1688 33 77 35 78 1860 2032 2033 2038
979 6 -1
1690 73 94 76 95 1862 2034 2035 2038
980 14 -1
1691 20 61 21 62 1863 2035 2036 2037
981 8 -1
1692 6 58 8 59 1864 2036 2037 2039
982 3 -1
1694 72 86 73 86 1866 2038 2039 2039
983 1 -1
1695 38 76 41 76 1867 2039 2040 2043
984 4 -1
1696 91 36 94 36 1868 2040 2041 2043
985 6 -1
1697 12 36 12 37 1869 2041 2042 2043
986 3 -1
1698 95 77 97 77 1870 2042 2043 2044
987 2 -1
1700 66 99 68 99 1872 2044 2045 2046
988 13 -1
1702 85 72 89 77 1874 2046 2047 2060
989 4 -1
1703 45 49 45 49 1875 2047 2048 2048
990 15 -1
1704 16 83 16 86 1876 2048 2049 2051
991 4 -1
1709 94 19 97 19 1881 2053 2054 2056
992 10 -1
1712 3 28 6 28 1884 2056 2057 2059
993 11 -1
1714 84 21 86 22 1886 2058 2059 2062
994 0 -1
1717 51 84 52 86 1889 2061 2062 2065
995 4 -1
1718 36 91 36 91 1890 2062 2063 2064
996 4 -1
1720 12 63 13 68 1892 2064 2065 2070
997 0 -1
1722 43 9 43 10 1894 2066 2067 2067
998 14 -1
1723 80 79 80 80 1895 2067 2068 2069
999 2 -1
1725 53 72 54 73 1897 2069 2070 2071
1000 8 -1
1726 81 81 84 81 1898 2070 2071 2073
