100 100 2591
1
0 70 3
72
0 0 15 100 6
0
1 0 25 100 6
0
2 0 37 100 6
0
3 0 48 100 6
0
4 0 59 100 6
0
5 0 75 100 6
0
6 0 86 100 6
0
7 0 97 100 6
0
8 0 110 100 6
0
9 0 124 100 6
0
10 0 134 100 6
0
11 0 146 100 6
0
12 0 163 100 6
0
13 0 174 100 6
0
14 0 187 100 6
0
15 0 197 100 6
0
16 0 209 100 6
0
17 0 222 100 6
0
18 0 231 100 6
0
19 0 242 100 6
0
20 0 255 100 6
0
21 0 269 100 6
0
22 0 280 100 6
0
23 0 292 100 6
0
24 0 308 100 6
0
25 0 320 100 6
0
26 0 331 100 6
0
27 0 346 100 6
0
28 0 359 100 6
0
29 0 371 100 6
0
30 0 383 100 6
0
31 0 399 100 6
0
32 0 411 100 6
0
33 0 421 100 6
0
34 0 435 100 6
0
35 0 446 100 6
0
36 0 457 100 6
0
37 0 469 100 6
0
38 0 479 100 6
0
39 0 489 100 6
0
40 0 504 100 6
0
41 0 519 100 6
0
42 0 532 100 6
0
43 0 545 100 6
0
44 0 560 100 6
0
45 0 576 100 6
0
46 0 588 100 6
0
47 0 599 100 6
0
48 0 612 100 6
0
49 0 623 100 6
0
50 0 636 100 6
0
51 0 646 100 6
0
52 0 663 100 6
0
53 0 679 100 6
0
54 0 691 100 6
0
55 0 704 100 6
0
56 0 718 100 6
0
57 0 732 100 6
0
58 0 742 100 6
0
59 0 752 100 6
0
60 0 765 100 6
0
61 0 778 100 6
0
62 0 791 100 6
0
63 0 804 100 6
0
64 0 815 100 6
0
65 0 831 100 6
0
66 0 843 100 6
0
67 0 859 100 6
0
68 0 873 100 6
0
69 0 883 100 6
0
70 0 895 100 6
0
71 0 904 100 6
0
1000
1 0 -1
2 20 16 22 16 433 864 865 867
2 0 -1
5 39 88 43 88 436 867 868 872
3 0 -1
7 24 61 25 64 438 869 870 873
4 0 -1
8 6 46 11 48 439 870 871 879
5 0 -1
9 40 65 45 65 440 871 872 877
6 0 -1
10 99 43 96 43 441 872 873 876
7 0 -1
11 91 11 97 11 442 873 874 879
8 0 -1
12 88 83 88 85 443 874 875 876
9 0 -1
13 43 49 44 49 444 875 876 877
10 0 -1
14 35 44 37 44 445 876 877 879
11 0 -1
15 80 89 82 89 446 877 878 883
12 0 -1
17 36 85 36 87 448 879 880 883
13 0 -1
18 9 3 15 3 449 880 881 886
14 0 -1
19 31 47 32 47 450 881 882 882
15 0 -1
20 44 93 46 93 451 882 883 884
16 0 -1
21 72 62 72 63 452 883 884 885
17 0 -1
22 4 70 6 72 453 884 885 888
18 0 -1
24 9 19 9 19 455 886 887 888
19 0 -1
29 70 58 70 61 460 891 892 897
20 0 -1
30 94 98 96 98 461 892 893 894
21 0 -1
31 12 6 14 6 462 893 894 895
22 0 -1
33 92 79 98 79 464 895 896 901
23 0 -1
35 82 77 82 77 466 897 898 898
24 0 -1
36 67 22 69 22 467 898 899 900
25 0 -1
39 22 77 22 77 470 901 902 902
26 0 -1
40 9 93 9 93 471 902 903 903
27 0 -1
41 89 81 90 81 472 903 904 905
28 0 -1
42 97 86 98 86 473 904 905 905
29 0 -1
43 85 81 85 81 474 905 906 906
30 0 -1
45 28 25 30 25 476 907 908 909
31 0 -1
49 5 94 5 97 480 911 912 914
32 0 -1
52 4 65 6 65 483 914 915 921
33 0 -1
53 63 49 67 49 484 915 916 920
34 0 -1
54 43 99 44 99 485 916 917 917
35 0 -1
56 11 59 27 59 487 918 919 935
36 0 -1
57 24 34 25 35 488 919 920 921
37 0 -1
59 41 18 41 18 490 921 922 922
38 0 -1
61 3 97 4 97 492 923 924 925
39 0 -1
62 7 50 10 55 493 924 925 932
40 0 -1
64 46 41 65 41 495 926 927 945
41 0 -1
69 95 6 96 7 500 931 932 933
42 0 -1
71 92 90 99 90 502 933 934 941
43 0 -1
73 50 13 51 14 504 935 936 940
44 0 -1
76 60 41 62 42 507 938 939 941
45 0 -1
78 22 42 22 42 509 940 941 942
46 0 -1
80 31 11 33 12 511 942 943 945
47 0 -1
81 74 71 76 71 512 943 944 945
48 0 -1
82 52 39 56 41 513 944 945 950
49 0 -1
83 8 34 13 34 514 945 946 950
50 0 -1
84 17 46 17 47 515 946 947 947
51 0 -1
86 42 12 45 19 517 948 949 958
52 0 -1
87 86 89 86 90 518 949 950 950
53 0 -1
90 87 41 87 41 521 952 953 953
54 0 -1
91 52 0 56 0 522 953 954 957
55 0 -1
92 1 70 1 71 523 954 955 955
56 0 -1
93 59 23 60 23 524 955 956 958
57 0 -1
94 50 58 52 58 525 956 957 962
58 0 -1
96 97 22 97 24 527 958 959 960
59 0 -1
103 54 89 57 89 534 965 966 968
60 0 -1
105 92 98 94 98 536 967 968 969
61 0 -1
106 26 61 26 65 537 968 969 978
62 0 -1
107 91 27 93 27 538 969 970 972
63 0 -1
108 17 53 17 58 539 970 971 978
64 0 -1
110 81 86 85 87 541 972 973 980
65 0 -1
111 21 69 22 69 542 973 974 974
66 0 -1
114 0 28 0 30 545 976 977 982
67 0 -1
115 16 96 17 98 546 977 978 982
68 0 -1
116 72 64 72 65 547 978 979 990
69 0 -1
119 35 20 36 22 550 981 982 984
70 0 -1
120 98 25 99 25 551 982 983 983
71 0 -1
122 6 5 6 5 553 984 985 988
72 0 -1
123 61 33 62 35 554 985 986 988
73 0 -1
124 21 3 24 3 555 986 987 990
74 0 -1
127 11 7 12 7 558 989 990 990
75 0 -1
128 62 39 71 41 559 990 991 1009
76 0 -1
130 80 91 80 91 561 992 993 993
77 0 -1
132 25 4 37 4 563 994 995 1009
78 0 -1
134 82 80 83 80 565 996 997 997
79 0 -1
135 74 52 83 52 566 997 998 1008
80 0 -1
136 96 26 96 28 567 998 999 1000
81 0 -1
139 95 71 95 71 570 1001 1002 1002
82 0 -1
140 82 25 82 27 571 1002 1003 1006
83 0 -1
141 29 94 31 95 572 1003 1004 1008
84 0 -1
144 8 48 13 48 575 1006 1007 1011
85 0 -1
145 17 26 18 27 576 1007 1008 1009
86 0 -1
146 94 20 94 21 577 1008 1009 1009
87 0 -1
147 92 49 92 49 578 1009 1010 1010
88 0 -1
148 36 1 36 2 579 1010 1011 1011
89 0 -1
149 61 5 62 5 580 1011 1012 1013
90 0 -1
150 28 51 30 55 581 1012 1013 1018
91 0 -1
153 53 60 54 60 584 1015 1016 1016
92 0 -1
154 10 45 10 48 585 1016 1017 1020
93 0 -1
155 43 53 46 53 586 1017 1018 1021
94 0 -1
156 16 57 18 60 587 1018 1019 1023
95 0 -1
157 61 62 66 62 588 1019 1020 1024
96 0 -1
160 36 75 37 80 591 1022 1023 1028
97 0 -1
162 76 39 77 39 593 1024 1025 1025
98 0 -1
163 94 51 94 51 594 1025 1026 1026
99 0 -1
166 87 69 88 69 597 1028 1029 1030
100 0 -1
167 43 35 47 35 598 1029 1030 1034
101 0 -1
168 58 24 58 24 599 1030 1031 1032
102 0 -1
169 69 8 72 9 600 1031 1032 1036
103 0 -1
170 25 45 27 46 601 1032 1033 1037
104 0 -1
172 10 90 14 90 603 1034 1035 1039
105 0 -1
173 85 71 88 72 604 1035 1036 1040
106 0 -1
174 49 52 51 52 605 1036 1037 1038
107 0 -1
179 49 25 50 25 610 1041 1042 1042
108 0 -1
183 65 21 69 21 614 1045 1046 1050
109 0 -1
184 22 43 23 43 615 1046 1047 1048
110 0 -1
185 38 97 40 97 616 1047 1048 1049
111 0 -1
186 30 81 35 83 617 1048 1049 1057
112 0 -1
187 40 24 46 24 618 1049 1050 1055
113 0 -1
189 64 85 64 88 620 1051 1052 1056
114 0 -1
190 53 46 54 46 621 1052 1053 1057
115 0 -1
193 10 55 11 55 624 1055 1056 1056
116 0 -1
196 37 14 38 14 627 1058 1059 1060
117 0 -1
197 57 34 58 34 628 1059 1060 1060
118 0 -1
198 37 99 42 92 629 1060 1061 1078
119 0 -1
199 61 15 62 15 630 1061 1062 1062
120 0 -1
200 11 12 11 14 631 1062 1063 1064
121 0 -1
201 79 84 80 84 632 1063 1064 1064
122 0 -1
204 31 3 31 3 635 1066 1067 1067
123 0 -1
208 95 34 95 35 639 1070 1071 1071
124 0 -1
209 82 95 82 95 640 1071 1072 1072
125 0 -1
211 77 56 80 56 642 1073 1074 1076
126 0 -1
212 48 2 48 2 643 1074 1075 1076
127 0 -1
213 87 89 94 90 644 1075 1076 1083
128 0 -1
214 76 10 76 10 645 1076 1077 1081
129 0 -1
218 4 86 10 86 649 1080 1081 1087
130 0 -1
219 1 72 1 74 650 1081 1082 1083
131 0 -1
224 81 85 82 85 655 1086 1087 1089
132 0 -1
225 60 26 62 26 656 1087 1088 1089
133 0 -1
229 31 84 31 84 660 1091 1092 1097
134 0 -1
230 5 40 5 41 661 1092 1093 1093
135 0 -1
231 75 8 75 9 662 1093 1094 1096
136 0 -1
236 67 2 68 2 667 1098 1099 1100
137 0 -1
237 86 68 87 69 668 1099 1100 1101
138 0 -1
240 37 78 39 87 671 1102 1103 1113
139 0 -1
242 25 12 25 14 673 1104 1105 1106
140 0 -1
244 23 2 24 5 675 1106 1107 1111
141 0 -1
245 33 93 39 93 676 1107 1108 1113
142 0 -1
246 92 5 92 7 677 1108 1109 1111
143 0 -1
247 84 35 85 36 678 1109 1110 1112
144 0 -1
248 88 70 91 70 679 1110 1111 1113
145 0 -1
250 59 6 60 7 681 1112 1113 1114
146 0 -1
251 41 73 43 73 682 1113 1114 1116
147 0 -1
253 57 36 58 36 684 1115 1116 1116
148 0 -1
255 54 16 54 17 686 1117 1118 1119
149 0 -1
256 43 74 43 75 687 1118 1119 1122
150 0 -1
257 67 52 67 54 688 1119 1120 1123
151 0 -1
258 5 66 5 66 689 1120 1121 1121
152 0 -1
260 25 14 25 16 691 1122 1123 1124
153 0 -1
261 18 14 21 18 692 1123 1124 1135
154 0 -1
266 56 51 57 52 697 1128 1129 1132
155 0 -1
267 1 15 1 17 698 1129 1130 1132
156 0 -1
268 61 6 62 7 699 1130 1131 1132
157 0 -1
269 51 3 52 3 700 1131 1132 1132
158 0 -1
271 28 12 28 14 702 1133 1134 1139
159 0 -1
272 88 35 88 36 703 1134 1135 1135
160 0 -1
274 89 83 96 86 705 1136 1137 1149
161 0 -1
277 99 72 98 72 708 1139 1140 1141
162 0 -1
278 39 17 40 21 709 1140 1141 1146
163 0 -1
279 61 19 61 23 710 1141 1142 1145
164 0 -1
280 77 34 77 36 711 1142 1143 1145
165 0 -1
283 23 6 23 7 714 1145 1146 1146
166 0 -1
285 17 56 19 56 716 1147 1148 1150
167 0 -1
286 95 31 96 31 717 1148 1149 1151
168 0 -1
289 43 76 45 77 720 1151 1152 1154
169 0 -1
293 4 24 5 26 724 1155 1156 1159
170 0 -1
294 34 29 37 30 725 1156 1157 1160
171 0 -1
295 8 89 9 89 726 1157 1158 1159
172 0 -1
296 99 75 98 75 727 1158 1159 1162
173 0 -1
303 76 50 85 50 734 1165 1166 1174
174 0 -1
305 17 35 19 38 736 1167 1168 1172
175 0 -1
306 89 20 89 21 737 1168 1169 1169
176 0 -1
307 77 39 79 39 738 1169 1170 1171
177 0 -1
310 96 2 96 5 741 1172 1173 1176
178 0 -1
311 41 35 42 37 742 1173 1174 1177
179 0 -1
312 88 30 92 35 743 1174 1175 1183
180 0 -1
313 42 9 43 9 744 1175 1176 1176
181 0 -1
315 78 27 79 28 746 1177 1178 1179
182 0 -1
320 96 51 96 58 751 1182 1183 1198
183 0 -1
321 31 46 33 46 752 1183 1184 1186
184 0 -1
323 65 7 73 9 754 1185 1186 1198
185 0 -1
325 72 28 76 29 756 1187 1188 1195
186 0 -1
326 87 90 87 90 757 1188 1189 1189
187 0 -1
327 44 87 45 87 758 1189 1190 1192
188 0 -1
328 68 20 69 24 759 1190 1191 1195
189 0 -1
329 39 25 41 25 760 1191 1192 1194
190 0 -1
330 49 0 54 0 761 1192 1193 1197
191 0 -1
337 37 37 44 37 768 1199 1200 1212
192 0 -1
340 63 70 64 72 771 1202 1203 1205
193 0 -1
342 72 0 73 0 773 1204 1205 1205
194 0 -1
343 66 90 69 90 774 1205 1206 1208
195 0 -1
345 34 25 35 29 776 1207 1208 1219
196 0 -1
349 84 33 85 33 780 1211 1212 1212
197 0 -1
351 76 31 77 31 782 1213 1214 1214
198 0 -1
354 50 70 54 70 785 1216 1217 1222
199 0 -1
356 98 70 98 71 787 1218 1219 1219
200 0 -1
357 10 82 12 82 788 1219 1220 1223
201 0 -1
358 62 5 62 9 789 1220 1221 1227
202 0 -1
359 75 1 75 3 790 1221 1222 1224
203 0 -1
360 39 21 41 21 791 1222 1223 1224
204 0 -1
361 68 57 72 59 792 1223 1224 1229
205 0 -1
363 16 7 16 8 794 1225 1226 1226
206 0 -1
364 10 11 10 11 795 1226 1227 1227
207 0 -1
365 11 66 13 66 796 1227 1228 1229
208 0 -1
367 9 88 15 88 798 1229 1230 1235
209 0 -1
371 94 28 95 28 802 1233 1234 1234
210 0 -1
372 86 46 94 46 803 1234 1235 1242
211 0 -1
373 8 53 11 53 804 1235 1236 1238
212 0 -1
374 32 13 32 14 805 1236 1237 1237
213 0 -1
375 84 70 84 71 806 1237 1238 1238
214 0 -1
377 79 23 79 24 808 1239 1240 1240
215 0 -1
379 34 13 35 13 810 1241 1242 1242
216 0 -1
380 87 63 87 64 811 1242 1243 1243
217 0 -1
381 56 80 60 81 812 1243 1244 1248
218 0 -1
382 42 37 42 38 813 1244 1245 1246
219 0 -1
383 19 68 19 69 814 1245 1246 1246
220 0 -1
388 61 52 61 53 819 1250 1251 1251
221 0 -1
391 90 80 92 80 822 1253 1254 1255
222 0 -1
392 42 56 42 58 823 1254 1255 1256
223 0 -1
394 90 90 90 90 825 1256 1257 1259
224 0 -1
396 17 15 17 18 827 1258 1259 1263
225 0 -1
397 52 92 52 92 828 1259 1260 1260
226 0 -1
400 40 9 41 10 831 1262 1263 1264
227 0 -1
401 59 29 59 29 832 1263 1264 1265
228 0 -1
403 27 91 30 93 834 1265 1266 1270
229 0 -1
404 36 65 36 67 835 1266 1267 1268
230 0 -1
407 88 35 89 35 838 1269 1270 1270
231 0 -1
408 74 41 77 41 839 1270 1271 1273
232 0 -1
411 16 92 16 92 842 1273 1274 1275
233 0 -1
412 15 95 16 95 843 1274 1275 1275
234 0 -1
414 21 22 21 22 845 1276 1277 1277
235 0 -1
418 9 1 9 2 849 1280 1281 1281
236 0 -1
420 86 4 86 5 851 1282 1283 1283
237 0 -1
421 70 87 70 89 852 1283 1284 1285
238 0 -1
423 97 57 98 57 854 1285 1286 1286
239 0 -1
426 94 33 95 34 857 1288 1289 1293
240 0 -1
428 43 74 44 75 859 1290 1291 1292
241 0 -1
433 66 58 68 58 864 1295 1296 1297
242 0 -1
437 66 15 67 15 868 1299 1300 1300
243 0 -1
439 46 97 46 98 870 1301 1302 1303
244 0 -1
441 89 91 89 97 872 1303 1304 1311
245 0 -1
446 5 98 6 100 877 1308 1309 1312
246 0 -1
448 0 67 1 68 879 1310 1311 1313
247 0 -1
450 22 69 28 70 881 1312 1313 1320
248 0 -1
452 19 22 21 23 883 1314 1315 1317
249 0 -1
455 33 14 34 15 886 1317 1318 1320
250 0 -1
460 78 78 79 79 891 1322 1323 1328
251 0 -1
461 61 10 61 12 892 1323 1324 1325
252 0 -1
462 73 8 73 10 893 1324 1325 1327
253 0 -1
464 73 91 73 91 895 1326 1327 1328
254 0 -1
469 35 32 37 32 900 1331 1332 1333
255 0 -1
471 43 89 49 94 902 1333 1334 1344
256 0 -1
475 23 69 24 69 906 1337 1338 1339
257 0 -1
478 91 66 95 66 909 1340 1341 1344
258 0 -1
479 88 93 88 94 910 1341 1342 1343
259 0 -1
480 33 48 40 49 911 1342 1343 1350
260 0 -1
481 39 80 39 86 912 1343 1344 1349
261 0 -1
482 29 91 29 92 913 1344 1345 1345
262 0 -1
484 32 92 36 92 915 1346 1347 1350
263 0 -1
486 0 78 0 78 917 1348 1349 1351
264 0 -1
488 56 62 56 63 919 1350 1351 1353
265 0 -1
489 44 64 49 66 920 1351 1352 1364
266 0 -1
491 23 28 24 28 922 1353 1354 1355
267 0 -1
493 6 0 6 1 924 1355 1356 1356
268 0 -1
496 56 78 57 78 927 1358 1359 1359
269 0 -1
501 12 72 14 72 932 1363 1364 1365
270 0 -1
502 13 4 17 4 933 1364 1365 1368
271 0 -1
505 78 66 79 67 936 1367 1368 1369
272 0 -1
506 50 18 55 18 937 1368 1369 1373
273 0 -1
507 64 88 68 88 938 1369 1370 1373
274 0 -1
509 67 53 67 53 940 1371 1372 1372
275 0 -1
511 37 44 37 46 942 1373 1374 1375
276 0 -1
512 4 17 4 17 943 1374 1375 1375
277 0 -1
515 37 84 38 86 946 1377 1378 1380
278 0 -1
516 15 61 15 69 947 1378 1379 1391
279 0 -1
517 73 44 74 45 948 1379 1380 1383
280 0 -1
518 48 42 48 44 949 1380 1381 1382
281 0 -1
520 7 10 8 10 951 1382 1383 1383
282 0 -1
522 39 23 39 31 953 1384 1385 1393
283 0 -1
523 78 49 78 50 954 1385 1386 1386
284 0 -1
525 36 58 37 58 956 1387 1388 1389
285 0 -1
526 77 32 77 34 957 1388 1389 1390
286 0 -1
528 3 34 7 35 959 1390 1391 1395
287 0 -1
530 97 88 94 89 961 1392 1393 1396
288 0 -1
533 76 82 78 82 964 1395 1396 1397
289 0 -1
535 33 18 34 19 966 1397 1398 1400
290 0 -1
536 79 5 80 6 967 1398 1399 1400
291 0 -1
537 47 96 47 96 968 1399 1400 1400
292 0 -1
538 91 20 92 22 969 1400 1401 1403
293 0 -1
540 37 75 38 78 971 1402 1403 1406
294 0 -1
541 78 52 78 52 972 1403 1404 1406
295 0 -1
542 90 22 97 22 973 1404 1405 1412
296 0 -1
543 50 85 52 85 974 1405 1406 1407
297 0 -1
546 64 77 64 79 977 1408 1409 1410
298 0 -1
547 66 4 67 5 978 1409 1410 1411
299 0 -1
550 84 76 84 76 981 1412 1413 1413
300 0 -1
552 94 35 95 35 983 1414 1415 1417
301 0 -1
553 3 98 3 98 984 1415 1416 1417
302 0 -1
555 85 26 88 28 986 1417 1418 1422
303 0 -1
556 23 42 25 42 987 1418 1419 1420
304 0 -1
558 88 98 89 98 989 1420 1421 1421
305 0 -1
559 58 85 59 85 990 1421 1422 1426
306 0 -1
560 6 52 6 54 991 1422 1423 1424
307 0 -1
562 55 36 56 36 993 1424 1425 1425
308 0 -1
565 95 87 96 87 996 1427 1428 1431
309 0 -1
566 98 94 99 94 997 1428 1429 1432
310 0 -1
567 88 44 88 45 998 1429 1430 1430
311 0 -1
570 90 31 91 31 1001 1432 1433 1436
312 0 -1
572 10 93 12 93 1003 1434 1435 1437
313 0 -1
573 75 5 77 6 1004 1435 1436 1438
314 0 -1
575 64 60 65 61 1006 1437 1438 1439
315 0 -1
577 51 99 52 99 1008 1439 1440 1440
316 0 -1
578 18 34 19 35 1009 1440 1441 1442
317 0 -1
579 40 44 40 49 1010 1441 1442 1446
318 0 -1
580 28 47 29 47 1011 1442 1443 1443
319 0 -1
585 75 63 77 64 1016 1447 1448 1450
320 0 -1
588 83 36 84 36 1019 1450 1451 1455
321 0 -1
589 99 87 90 87 1020 1451 1452 1466
322 0 -1
592 44 76 45 76 1023 1454 1455 1455
323 0 -1
594 59 5 60 5 1025 1456 1457 1458
324 0 -1
595 55 46 55 51 1026 1457 1458 1472
325 0 -1
596 0 93 1 96 1027 1458 1459 1462
326 0 -1
597 25 84 29 86 1028 1459 1460 1467
327 0 -1
599 54 49 60 51 1030 1461 1462 1469
328 0 -1
600 61 11 64 11 1031 1462 1463 1465
329 0 -1
601 10 68 12 68 1032 1463 1464 1465
330 0 -1
603 57 3 59 3 1034 1465 1466 1467
331 0 -1
608 7 70 10 70 1039 1470 1471 1473
332 0 -1
609 21 72 22 72 1040 1471 1472 1472
333 0 -1
610 85 58 88 60 1041 1472 1473 1477
334 0 -1
611 83 77 86 77 1042 1473 1474 1477
335 0 -1
613 18 69 20 70 1044 1475 1476 1483
336 0 -1
614 39 73 41 77 1045 1476 1477 1482
337 0 -1
615 16 32 16 32 1046 1477 1478 1478
338 0 -1
616 6 5 7 6 1047 1478 1479 1480
339 0 -1
619 35 8 40 8 1050 1481 1482 1486
340 0 -1
620 71 28 72 29 1051 1482 1483 1484
341 0 -1
621 65 28 66 30 1052 1483 1484 1488
342 0 -1
622 57 59 57 59 1053 1484 1485 1487
343 0 -1
623 75 41 77 41 1054 1485 1486 1487
344 0 -1
624 74 99 75 99 1055 1486 1487 1487
345 0 -1
625 19 36 20 36 1056 1487 1488 1489
346 0 -1
628 16 20 17 20 1059 1490 1491 1491
347 0 -1
629 13 72 16 74 1060 1491 1492 1496
348 0 -1
630 8 65 9 65 1061 1492 1493 1493
349 0 -1
634 41 48 42 48 1065 1496 1497 1497
350 0 -1
635 77 67 79 67 1066 1497 1498 1499
351 0 -1
636 84 94 84 96 1067 1498 1499 1500
352 0 -1
637 63 25 64 26 1068 1499 1500 1501
353 0 -1
639 50 90 51 90 1070 1501 1502 1502
354 0 -1
640 50 91 51 92 1071 1502 1503 1504
355 0 -1
641 20 61 20 62 1072 1503 1504 1505
356 0 -1
643 63 19 63 22 1074 1505 1506 1511
357 0 -1
645 65 85 67 85 1076 1507 1508 1509
358 0 -1
646 69 95 69 97 1077 1508 1509 1510
359 0 -1
648 40 7 41 7 1079 1510 1511 1511
360 0 -1
649 40 30 44 35 1080 1511 1512 1521
361 0 -1
650 99 47 98 47 1081 1512 1513 1513
362 0 -1
651 98 36 98 36 1082 1513 1514 1517
363 0 -1
652 67 65 75 68 1083 1514 1515 1529
364 0 -1
653 3 15 3 15 1084 1515 1516 1516
365 0 -1
656 74 4 74 5 1087 1518 1519 1519
366 0 -1
662 10 62 11 63 1093 1524 1525 1526
367 0 -1
663 37 9 38 12 1094 1525 1526 1533
368 0 -1
664 4 47 4 49 1095 1526 1527 1528
369 0 -1
665 59 15 60 15 1096 1527 1528 1528
370 0 -1
666 78 79 79 80 1097 1528 1529 1530
371 0 -1
667 50 42 53 42 1098 1529 1530 1532
372 0 -1
669 65 67 66 67 1100 1531 1532 1532
373 0 -1
672 55 43 59 43 1103 1534 1535 1538
374 0 -1
673 6 3 7 4 1104 1535 1536 1537
375 0 -1
674 56 30 59 31 1105 1536 1537 1540
376 0 -1
675 29 69 29 70 1106 1537 1538 1542
377 0 -1
678 85 50 85 54 1109 1540 1541 1544
378 0 -1
679 19 39 19 41 1110 1541 1542 1544
379 0 -1
680 54 5 58 7 1111 1542 1543 1548
380 0 -1
681 61 63 63 63 1112 1543 1544 1545
381 0 -1
682 92 5 93 5 1113 1544 1545 1546
382 0 -1
684 4 60 4 61 1115 1546 1547 1548
383 0 -1
685 78 90 83 90 1116 1547 1548 1552
384 0 -1
687 75 78 80 78 1118 1549 1550 1554
385 0 -1
688 45 41 45 42 1119 1550 1551 1552
386 0 -1
689 18 25 19 26 1120 1551 1552 1553
387 0 -1
690 34 78 35 79 1121 1552 1553 1554
388 0 -1
691 69 15 70 16 1122 1553 1554 1555
389 0 -1
692 81 0 81 1 1123 1554 1555 1556
390 0 -1
694 16 35 17 35 1125 1556 1557 1559
391 0 -1
696 64 76 66 76 1127 1558 1559 1560
392 0 -1
698 44 99 44 94 1129 1560 1561 1565
393 0 -1
700 61 84 62 84 1131 1562 1563 1563
394 0 -1
701 85 5 85 5 1132 1563 1564 1564
395 0 -1
702 79 24 83 25 1133 1564 1565 1571
396 0 -1
703 26 2 28 2 1134 1565 1566 1567
397 0 -1
704 91 76 93 76 1135 1566 1567 1568
398 0 -1
705 42 65 43 68 1136 1567 1568 1571
399 0 -1
706 19 92 21 92 1137 1568 1569 1570
400 0 -1
707 93 55 93 56 1138 1569 1570 1573
401 0 -1
708 35 66 37 69 1139 1570 1571 1577
402 0 -1
710 98 23 95 23 1141 1572 1573 1575
403 0 -1
712 26 30 27 30 1143 1574 1575 1575
404 0 -1
714 86 98 87 98 1145 1576 1577 1577
405 0 -1
716 97 35 97 36 1147 1578 1579 1579
406 0 -1
718 71 12 74 12 1149 1580 1581 1588
407 0 -1
719 0 73 1 73 1150 1581 1582 1582
408 0 -1
720 82 93 82 93 1151 1582 1583 1584
409 0 -1
722 30 52 31 53 1153 1584 1585 1586
410 0 -1
724 34 68 34 69 1155 1586 1587 1588
411 0 -1
725 19 85 28 85 1156 1587 1588 1598
412 0 -1
726 59 43 63 43 1157 1588 1589 1592
413 0 -1
727 90 14 92 14 1158 1589 1590 1592
414 0 -1
728 80 9 84 9 1159 1590 1591 1595
415 0 -1
729 62 89 62 89 1160 1591 1592 1592
416 0 -1
731 75 72 75 72 1162 1593 1594 1594
417 0 -1
733 6 38 8 38 1164 1595 1596 1597
418 0 -1
734 77 87 78 87 1165 1596 1597 1598
419 0 -1
735 33 61 33 63 1166 1597 1598 1600
420 0 -1
736 5 45 6 45 1167 1598 1599 1600
421 0 -1
737 55 16 56 16 1168 1599 1600 1602
422 0 -1
742 68 12 72 13 1173 1604 1605 1609
423 0 -1
744 5 97 6 98 1175 1606 1607 1608
424 0 -1
745 78 39 78 40 1176 1607 1608 1612
425 0 -1
748 90 61 92 61 1179 1610 1611 1612
426 0 -1
750 18 0 18 0 1181 1612 1613 1613
427 0 -1
751 49 14 49 15 1182 1613 1614 1614
428 0 -1
752 12 5 12 8 1183 1614 1615 1617
429 0 -1
753 43 73 44 73 1184 1615 1616 1616
430 0 -1
754 69 10 73 11 1185 1616 1617 1622
431 0 -1
755 41 5 41 6 1186 1617 1618 1619
432 0 -1
757 73 69 75 69 1188 1619 1620 1621
433 0 -1
758 41 85 41 89 1189 1620 1621 1628
434 0 -1
759 14 56 14 56 1190 1621 1622 1623
435 0 -1
760 10 9 10 10 1191 1622 1623 1623
436 0 -1
766 99 60 99 61 1197 1628 1629 1630
437 0 -1
767 43 56 43 58 1198 1629 1630 1631
438 0 -1
768 31 76 33 77 1199 1630 1631 1633
439 0 -1
771 26 98 26 98 1202 1633 1634 1634
440 0 -1
772 23 74 23 74 1203 1634 1635 1636
441 0 -1
773 99 34 98 34 1204 1635 1636 1638
442 0 -1
775 68 13 73 13 1206 1637 1638 1642
443 0 -1
777 60 80 61 81 1208 1639 1640 1641
444 0 -1
778 73 22 75 22 1209 1640 1641 1642
445 0 -1
779 59 20 61 21 1210 1641 1642 1644
446 0 -1
781 31 90 31 91 1212 1643 1644 1644
447 0 -1
782 60 37 64 37 1213 1644 1645 1648
448 0 -1
784 83 93 84 93 1215 1646 1647 1648
449 0 -1
787 27 46 29 46 1218 1649 1650 1651
450 0 -1
788 94 80 94 81 1219 1650 1651 1651
451 0 -1
789 8 86 12 86 1220 1651 1652 1655
452 0 -1
790 83 99 85 99 1221 1652 1653 1654
453 0 -1
791 92 31 95 31 1222 1653 1654 1658
454 0 -1
793 40 72 41 72 1224 1655 1656 1658
455 0 -1
794 99 75 96 75 1225 1656 1657 1660
456 0 -1
795 11 43 12 43 1226 1657 1658 1659
457 0 -1
796 52 42 52 43 1227 1658 1659 1662
458 0 -1
797 44 18 44 18 1228 1659 1660 1660
459 0 -1
798 44 97 47 97 1229 1660 1661 1663
460 0 -1
799 10 93 10 93 1230 1661 1662 1663
461 0 -1
800 59 5 63 5 1231 1662 1663 1667
462 0 -1
802 57 46 57 49 1233 1664 1665 1668
463 0 -1
803 99 80 98 81 1234 1665 1666 1667
464 0 -1
805 35 91 35 93 1236 1667 1668 1672
465 0 -1
806 73 97 78 98 1237 1668 1669 1677
466 0 -1
807 97 80 98 81 1238 1669 1670 1671
467 0 -1
810 66 9 67 9 1241 1672 1673 1673
468 0 -1
813 61 2 62 2 1244 1675 1676 1676
469 0 -1
818 46 52 48 52 1249 1680 1681 1682
470 0 -1
820 52 66 53 66 1251 1682 1683 1685
471 0 -1
824 65 73 67 73 1255 1686 1687 1688
472 0 -1
825 36 76 37 77 1256 1687 1688 1690
473 0 -1
827 62 89 62 90 1258 1689 1690 1690
474 0 -1
828 63 80 64 83 1259 1690 1691 1700
475 0 -1
830 31 70 31 72 1261 1692 1693 1695
476 0 -1
831 15 23 15 23 1262 1693 1694 1694
477 0 -1
833 49 37 50 37 1264 1695 1696 1697
478 0 -1
834 44 89 46 89 1265 1696 1697 1698
479 0 -1
835 36 11 44 11 1266 1697 1698 1707
480 0 -1
839 33 89 34 89 1270 1701 1702 1703
481 0 -1
841 39 57 40 59 1272 1703 1704 1707
482 0 -1
842 73 10 75 10 1273 1704 1705 1706
483 0 -1
844 74 67 78 67 1275 1706 1707 1711
484 0 -1
845 26 5 28 5 1276 1707 1708 1709
485 0 -1
846 65 78 71 78 1277 1708 1709 1714
486 0 -1
847 68 28 69 28 1278 1709 1710 1710
487 0 -1
850 22 65 22 66 1281 1712 1713 1715
488 0 -1
851 87 27 90 28 1282 1713 1714 1717
489 0 -1
854 1 46 1 47 1285 1716 1717 1717
490 0 -1
856 49 84 50 84 1287 1718 1719 1721
491 0 -1
859 94 51 95 52 1290 1721 1722 1726
492 0 -1
860 18 52 18 52 1291 1722 1723 1723
493 0 -1
861 2 21 4 21 1292 1723 1724 1725
494 0 -1
864 89 69 90 71 1295 1726 1727 1729
495 0 -1
867 26 67 27 67 1298 1729 1730 1730
496 0 -1
868 76 63 76 65 1299 1730 1731 1732
497 0 -1
871 74 60 80 66 1302 1733 1734 1749
498 0 -1
873 98 66 98 66 1304 1735 1736 1737
499 0 -1
874 51 80 54 81 1305 1736 1737 1741
500 0 -1
875 94 24 95 24 1306 1737 1738 1740
501 0 -1
877 7 55 7 55 1308 1739 1740 1742
502 0 -1
878 58 39 58 39 1309 1740 1741 1742
503 0 -1
879 70 53 70 54 1310 1741 1742 1743
504 0 -1
880 2 5 5 6 1311 1742 1743 1746
505 0 -1
881 88 76 89 80 1312 1743 1744 1749
506 0 -1
882 67 44 67 45 1313 1744 1745 1746
507 0 -1
885 3 96 4 96 1316 1747 1748 1748
508 0 -1
887 6 7 7 7 1318 1749 1750 1752
509 0 -1
889 90 98 91 98 1320 1751 1752 1754
510 0 -1
891 25 82 27 82 1322 1753 1754 1755
511 0 -1
893 58 47 58 48 1324 1755 1756 1757
512 0 -1
894 51 31 52 31 1325 1756 1757 1759
513 0 -1
895 60 47 63 47 1326 1757 1758 1760
514 0 -1
896 72 52 72 52 1327 1758 1759 1760
515 0 -1
897 46 0 47 0 1328 1759 1760 1760
516 0 -1
898 97 22 99 22 1329 1760 1761 1762
517 0 -1
899 56 47 57 48 1330 1761 1762 1763
518 0 -1
900 29 53 31 55 1331 1762 1763 1768
519 0 -1
901 98 64 96 64 1332 1763 1764 1765
520 0 -1
902 48 43 48 43 1333 1764 1765 1765
521 0 -1
905 18 81 18 81 1336 1767 1768 1768
522 0 -1
910 66 21 67 21 1341 1772 1773 1773
523 0 -1
912 55 19 63 21 1343 1774 1775 1784
524 0 -1
914 28 79 30 84 1345 1776 1777 1783
525 0 -1
917 5 33 9 33 1348 1779 1780 1783
526 0 -1
919 15 50 16 50 1350 1781 1782 1783
527 0 -1
920 0 19 3 19 1351 1782 1783 1785
528 0 -1
921 88 20 89 20 1352 1783 1784 1784
529 0 -1
923 6 30 7 30 1354 1785 1786 1786
530 0 -1
925 62 40 64 41 1356 1787 1788 1790
531 0 -1
926 99 66 95 71 1357 1788 1789 1797
532 0 -1
927 93 84 96 84 1358 1789 1790 1792
533 0 -1
928 21 67 24 67 1359 1790 1791 1794
534 0 -1
929 35 30 35 31 1360 1791 1792 1792
535 0 -1
931 47 89 49 89 1362 1793 1794 1795
536 0 -1
933 20 74 21 75 1364 1795 1796 1802
537 0 -1
935 47 0 48 1 1366 1797 1798 1799
538 0 -1
936 60 12 60 13 1367 1798 1799 1799
539 0 -1
937 76 69 79 70 1368 1799 1800 1803
540 0 -1
938 77 56 80 56 1369 1800 1801 1804
541 0 -1
940 94 92 95 92 1371 1802 1803 1804
542 0 -1
942 90 64 90 64 1373 1804 1805 1805
543 0 -1
943 4 55 6 55 1374 1805 1806 1812
544 0 -1
944 65 37 65 37 1375 1806 1807 1807
545 0 -1
945 34 68 34 69 1376 1807 1808 1810
546 0 -1
947 35 48 43 50 1378 1809 1810 1822
547 0 -1
948 10 25 13 25 1379 1810 1811 1813
548 0 -1
950 13 65 14 66 1381 1812 1813 1814
549 0 -1
951 15 97 15 99 1382 1813 1814 1815
550 0 -1
954 61 45 62 45 1385 1816 1817 1818
551 0 -1
955 19 70 20 70 1386 1817 1818 1818
552 0 -1
957 30 91 32 91 1388 1819 1820 1822
553 0 -1
958 43 90 44 90 1389 1820 1821 1821
554 0 -1
963 72 44 74 45 1394 1825 1826 1828
555 0 -1
964 90 93 92 93 1395 1826 1827 1828
556 0 -1
966 25 26 27 26 1397 1828 1829 1830
557 0 -1
969 81 98 81 98 1400 1831 1832 1833
558 0 -1
972 20 52 26 52 1403 1834 1835 1840
559 0 -1
973 72 81 73 84 1404 1835 1836 1839
560 0 -1
974 51 8 58 11 1405 1836 1837 1846
561 0 -1
976 8 5 8 8 1407 1838 1839 1843
562 0 -1
979 33 31 36 32 1410 1841 1842 1845
563 0 -1
981 32 73 33 73 1412 1843 1844 1844
564 0 -1
983 92 56 94 57 1414 1845 1846 1848
565 0 -1
984 91 65 97 65 1415 1846 1847 1852
566 0 -1
987 5 47 9 47 1418 1849 1850 1853
567 0 -1
989 30 23 30 24 1420 1851 1852 1854
568 0 -1
990 82 98 83 98 1421 1852 1853 1856
569 0 -1
992 44 55 45 55 1423 1854 1855 1858
570 0 -1
993 94 52 96 52 1424 1855 1856 1857
571 0 -1
994 8 50 10 52 1425 1856 1857 1860
572 0 -1
996 76 38 77 39 1427 1858 1859 1860
573 0 -1
997 92 60 93 60 1428 1859 1860 1861
574 0 -1
998 30 50 30 50 1429 1860 1861 1861
575 0 -1
999 14 69 14 71 1430 1861 1862 1863
576 0 -1
1001 40 59 65 78 1432 1863 1864 1912
577 0 -1
1004 3 16 3 17 1435 1866 1867 1868
578 0 -1
1008 27 65 27 65 1439 1870 1871 1871
579 0 -1
1010 78 37 79 37 1441 1872 1873 1874
580 0 -1
1012 87 15 88 15 1443 1874 1875 1875
581 0 -1
1015 22 46 23 46 1446 1877 1878 1878
582 0 -1
1016 89 33 89 33 1447 1878 1879 1879
583 0 -1
1017 51 74 53 74 1448 1879 1880 1882
584 0 -1
1018 97 27 94 33 1449 1880 1881 1894
585 0 -1
1019 66 38 72 41 1450 1881 1882 1891
586 0 -1
1020 56 32 59 32 1451 1882 1883 1885
587 0 -1
1021 53 47 54 47 1452 1883 1884 1884
588 0 -1
1022 59 44 59 44 1453 1884 1885 1898
589 0 -1
1025 33 13 36 13 1456 1887 1888 1892
590 0 -1
1027 86 65 86 66 1458 1889 1890 1890
591 0 -1
1028 61 25 61 26 1459 1890 1891 1891
592 0 -1
1031 16 21 23 21 1462 1893 1894 1902
593 0 -1
1032 60 12 62 15 1463 1894 1895 1901
594 0 -1
1033 37 25 40 26 1464 1895 1896 1899
595 0 -1
1035 88 62 88 63 1466 1897 1898 1899
596 0 -1
1036 49 80 49 81 1467 1898 1899 1900
597 0 -1
1037 51 5 51 5 1468 1899 1900 1900
598 0 -1
1039 19 38 19 39 1470 1901 1902 1902
599 0 -1
1040 8 20 8 20 1471 1902 1903 1903
600 0 -1
1042 33 18 39 18 1473 1904 1905 1915
601 0 -1
1044 0 23 2 25 1475 1906 1907 1910
602 0 -1
1045 86 83 89 83 1476 1907 1908 1910
603 0 -1
1051 77 41 77 41 1482 1913 1914 1914
604 0 -1
1053 13 33 13 33 1484 1915 1916 1916
605 0 -1
1056 67 22 67 22 1487 1918 1919 1920
606 0 -1
1057 78 14 79 14 1488 1919 1920 1921
607 0 -1
1059 13 92 16 92 1490 1921 1922 1925
608 0 -1
1060 56 55 56 57 1491 1922 1923 1927
609 0 -1
1063 24 52 25 54 1494 1925 1926 1928
610 0 -1
1065 15 18 17 19 1496 1927 1928 1930
611 0 -1
1066 38 27 39 27 1497 1928 1929 1930
612 0 -1
1067 47 17 48 17 1498 1929 1930 1930
613 0 -1
1070 67 25 68 36 1501 1932 1933 1944
614 0 -1
1071 20 46 21 48 1502 1933 1934 1938
615 0 -1
1073 51 59 59 63 1504 1935 1936 1950
616 0 -1
1074 75 42 75 43 1505 1936 1937 1937
617 0 -1
1075 81 79 82 81 1506 1937 1938 1940
618 0 -1
1078 2 38 5 39 1509 1940 1941 1944
619 0 -1
1082 35 56 35 57 1513 1944 1945 1945
620 0 -1
1083 78 59 79 60 1514 1945 1946 1947
621 0 -1
1084 57 26 60 26 1515 1946 1947 1952
622 0 -1
1085 44 98 46 99 1516 1947 1948 1950
623 0 -1
1086 10 56 13 56 1517 1948 1949 1952
624 0 -1
1090 59 29 59 29 1521 1952 1953 1953
625 0 -1
1091 70 64 72 66 1522 1953 1954 1957
626 0 -1
1092 33 36 34 36 1523 1954 1955 1955
627 0 -1
1095 69 77 70 78 1526 1957 1958 1960
628 0 -1
1097 48 78 48 81 1528 1959 1960 1962
629 0 -1
1098 76 60 77 60 1529 1960 1961 1964
630 0 -1
1099 46 62 50 62 1530 1961 1962 1966
631 0 -1
1100 13 35 14 35 1531 1962 1963 1967
632 0 -1
1102 56 58 57 58 1533 1964 1965 1967
633 0 -1
1103 98 56 94 57 1534 1965 1966 1972
634 0 -1
1104 80 24 81 24 1535 1966 1967 1967
635 0 -1
1105 41 26 41 26 1536 1967 1968 1968
636 0 -1
1107 37 21 47 21 1538 1969 1970 1979
637 0 -1
1109 22 38 24 38 1540 1971 1972 1974
638 0 -1
1111 65 58 67 58 1542 1973 1974 1975
639 0 -1
1113 82 25 83 25 1544 1975 1976 1976
640 0 -1
1114 97 51 97 51 1545 1976 1977 1977
641 0 -1
1115 77 16 77 19 1546 1977 1978 1980
642 0 -1
1116 22 56 31 58 1547 1978 1979 1989
643 0 -1
1118 57 92 57 94 1549 1980 1981 1982
644 0 -1
1120 15 47 16 47 1551 1982 1983 1984
645 0 -1
1121 44 22 45 22 1552 1983 1984 1984
646 0 -1
1122 29 33 29 33 1553 1984 1985 1987
647 0 -1
1124 25 87 30 88 1555 1986 1987 1993
648 0 -1
1125 33 66 33 66 1556 1987 1988 1989
649 0 -1
1126 21 58 23 63 1557 1988 1989 2000
650 0 -1
1129 50 84 51 84 1560 1991 1992 1992
651 0 -1
1130 85 59 85 59 1561 1992 1993 1993
652 0 -1
1132 44 22 46 22 1563 1994 1995 1996
653 0 -1
1133 0 13 0 15 1564 1995 1996 1998
654 0 -1
1137 41 44 43 44 1568 1999 2000 2003
655 0 -1
1138 50 15 51 15 1569 2000 2001 2001
656 0 -1
1139 48 26 48 26 1570 2001 2002 2002
657 0 -1
1141 11 6 11 8 1572 2003 2004 2005
658 0 -1
1142 18 52 18 54 1573 2004 2005 2007
659 0 -1
1144 2 80 3 80 1575 2006 2007 2009
660 0 -1
1147 11 8 14 8 1578 2009 2010 2013
661 0 -1
1150 39 9 40 9 1581 2012 2013 2013
662 0 -1
1151 78 37 79 38 1582 2013 2014 2015
663 0 -1
1154 65 2 65 3 1585 2016 2017 2017
664 0 -1
1156 3 60 5 60 1587 2018 2019 2020
665 0 -1
1157 74 34 78 34 1588 2019 2020 2024
666 0 -1
1158 7 41 10 42 1589 2020 2021 2024
667 0 -1
1159 17 8 17 10 1590 2021 2022 2023
668 0 -1
1164 94 60 97 60 1595 2026 2027 2029
669 0 -1
1166 40 85 40 85 1597 2028 2029 2031
670 0 -1
1169 55 42 57 43 1600 2031 2032 2034
671 0 -1
1170 47 40 50 40 1601 2032 2033 2035
672 0 -1
1171 77 9 85 9 1602 2033 2034 2042
673 0 -1
1172 89 44 90 44 1603 2034 2035 2035
674 0 -1
1174 51 1 57 2 1605 2036 2037 2043
675 0 -1
1175 10 81 10 81 1606 2037 2038 2040
676 0 -1
1176 64 95 65 95 1607 2038 2039 2040
677 0 -1
1177 53 92 53 92 1608 2039 2040 2041
678 0 -1
1179 12 9 13 9 1610 2041 2042 2042
679 0 -1
1186 13 40 13 42 1617 2048 2049 2050
680 0 -1
1187 76 80 78 80 1618 2049 2050 2051
681 0 -1
1188 51 80 52 80 1619 2050 2051 2051
682 0 -1
1190 22 15 22 15 1621 2052 2053 2053
683 0 -1
1191 0 98 0 100 1622 2053 2054 2055
684 0 -1
1194 6 35 7 36 1625 2056 2057 2058
685 0 -1
1195 94 10 96 10 1626 2057 2058 2060
686 0 -1
1197 35 27 38 27 1628 2059 2060 2062
687 0 -1
1198 4 17 7 18 1629 2060 2061 2064
688 0 -1
1201 44 91 44 91 1632 2063 2064 2068
689 0 -1
1202 46 51 46 51 1633 2064 2065 2065
690 0 -1
1203 85 21 86 21 1634 2065 2066 2066
691 0 -1
1205 13 37 14 38 1636 2067 2068 2070
692 0 -1
1207 93 84 97 84 1638 2069 2070 2073
693 0 -1
1208 45 79 45 79 1639 2070 2071 2072
694 0 -1
1209 63 43 64 43 1640 2071 2072 2072
695 0 -1
1211 5 17 7 19 1642 2073 2074 2077
696 0 -1
1214 99 60 95 60 1645 2076 2077 2082
697 0 -1
1217 39 98 39 100 1648 2079 2080 2081
698 0 -1
1218 76 70 77 70 1649 2080 2081 2081
699 0 -1
1219 27 36 31 39 1650 2081 2082 2088
700 0 -1
1220 60 53 61 53 1651 2082 2083 2083
701 0 -1
1222 38 68 41 68 1653 2084 2085 2087
702 0 -1
1223 6 54 8 54 1654 2085 2086 2089
703 0 -1
1226 35 39 37 39 1657 2088 2089 2091
704 0 -1
1227 27 24 27 24 1658 2089 2090 2090
705 0 -1
1229 6 66 6 66 1660 2091 2092 2092
706 0 -1
1230 99 85 98 86 1661 2092 2093 2097
707 0 -1
1231 22 82 22 83 1662 2093 2094 2094
708 0 -1
1233 91 79 92 80 1664 2095 2096 2097
709 0 -1
1235 90 13 90 17 1666 2097 2098 2101
710 0 -1
1236 86 75 86 76 1667 2098 2099 2103
711 0 -1
1237 54 71 59 71 1668 2099 2100 2104
712 0 -1
1238 89 64 93 65 1669 2100 2101 2105
713 0 -1
1240 64 65 64 66 1671 2102 2103 2106
714 0 -1
1241 85 84 85 84 1672 2103 2104 2104
715 0 -1
1242 38 32 43 40 1673 2104 2105 2117
716 0 -1
1243 60 97 60 99 1674 2105 2106 2107
717 0 -1
1244 83 52 86 55 1675 2106 2107 2113
718 0 -1
1246 98 60 90 60 1677 2108 2109 2117
719 0 -1
1250 40 84 40 85 1681 2112 2113 2113
720 0 -1
1254 50 8 57 8 1685 2116 2117 2123
721 0 -1
1255 3 34 4 36 1686 2117 2118 2121
722 0 -1
1258 29 90 38 91 1689 2120 2121 2136
723 0 -1
1259 31 99 40 92 1690 2121 2122 2139
724 0 -1
1260 41 4 43 7 1691 2122 2123 2128
725 0 -1
1261 1 35 7 35 1692 2123 2124 2130
726 0 -1
1263 23 77 30 77 1694 2125 2126 2132
727 0 -1
1264 42 39 44 40 1695 2126 2127 2130
728 0 -1
1265 90 76 91 77 1696 2127 2128 2129
729 0 -1
1266 67 54 68 54 1697 2128 2129 2129
730 0 -1
1268 0 74 3 74 1699 2130 2131 2133
731 0 -1
1276 34 34 35 34 1707 2138 2139 2139
732 0 -1
1277 60 37 64 38 1708 2139 2140 2144
733 0 -1
1281 29 39 29 40 1712 2143 2144 2145
734 0 -1
1284 56 15 58 15 1715 2146 2147 2148
735 0 -1
1287 61 23 63 25 1718 2149 2150 2153
736 0 -1
1290 47 18 53 18 1721 2152 2153 2159
737 0 -1
1291 32 45 32 45 1722 2153 2154 2156
738 0 -1
1292 64 3 66 22 1723 2154 2155 2180
739 0 -1
1297 53 94 55 94 1728 2159 2160 2162
740 0 -1
1298 84 93 84 94 1729 2160 2161 2161
741 0 -1
1299 7 98 8 98 1730 2161 2162 2164
742 0 -1
1300 28 5 30 5 1731 2162 2163 2164
743 0 -1
1307 57 37 58 37 1738 2169 2170 2170
744 0 -1
1309 33 54 34 55 1740 2171 2172 2173
745 0 -1
1312 50 43 50 44 1743 2174 2175 2176
746 0 -1
1313 87 45 88 45 1744 2175 2176 2176
747 0 -1
1314 54 86 58 86 1745 2176 2177 2180
748 0 -1
1315 1 52 3 55 1746 2177 2178 2182
749 0 -1
1316 36 45 37 46 1747 2178 2179 2180
750 0 -1
1317 10 44 12 44 1748 2179 2180 2181
751 0 -1
1318 54 18 56 18 1749 2180 2181 2183
752 0 -1
1319 10 28 10 28 1750 2181 2182 2183
753 0 -1
1320 55 44 56 44 1751 2182 2183 2183
754 0 -1
1321 90 1 92 1 1752 2183 2184 2185
755 0 -1
1323 14 99 14 97 1754 2185 2186 2187
756 0 -1
1324 69 1 69 3 1755 2186 2187 2191
757 0 -1
1325 51 96 55 98 1756 2187 2188 2193
758 0 -1
1326 77 82 78 82 1757 2188 2189 2189
759 0 -1
1327 58 66 61 68 1758 2189 2190 2199
760 0 -1
1329 33 64 34 64 1760 2191 2192 2193
761 0 -1
1332 20 0 20 1 1763 2194 2195 2196
762 0 -1
1333 88 21 88 21 1764 2195 2196 2196
763 0 -1
1335 34 94 49 95 1766 2197 2198 2213
764 0 -1
1336 26 35 26 35 1767 2198 2199 2199
765 0 -1
1338 27 98 28 99 1769 2200 2201 2203
766 0 -1
1340 70 79 70 83 1771 2202 2203 2209
767 0 -1
1342 52 72 55 72 1773 2204 2205 2207
768 0 -1
1344 82 27 83 27 1775 2206 2207 2208
769 0 -1
1345 42 82 42 83 1776 2207 2208 2208
770 0 -1
1347 13 78 14 78 1778 2209 2210 2212
771 0 -1
1348 7 24 7 27 1779 2210 2211 2215
772 0 -1
1349 25 39 27 41 1780 2211 2212 2217
773 0 -1
1354 15 45 15 47 1785 2216 2217 2219
774 0 -1
1355 29 87 29 87 1786 2217 2218 2222
775 0 -1
1359 96 50 99 51 1790 2221 2222 2226
776 0 -1
1362 6 61 6 63 1793 2224 2225 2226
777 0 -1
1365 45 61 46 61 1796 2227 2228 2228
778 0 -1
1368 39 64 41 64 1799 2230 2231 2232
779 0 -1
1369 89 68 72 72 1800 2231 2232 2266
780 0 -1
1370 74 81 74 83 1801 2232 2233 2234
781 0 -1
1372 27 43 28 43 1803 2234 2235 2239
782 0 -1
1374 23 70 23 71 1805 2236 2237 2238
783 0 -1
1375 66 15 66 22 1806 2237 2238 2244
784 0 -1
1376 20 94 21 94 1807 2238 2239 2239
785 0 -1
1377 24 70 24 73 1808 2239 2240 2242
786 0 -1
1378 59 31 59 31 1809 2240 2241 2241
787 0 -1
1379 10 91 11 93 1810 2241 2242 2245
788 0 -1
1381 2 13 2 16 1812 2243 2244 2246
789 0 -1
1382 7 86 8 88 1813 2244 2245 2247
790 0 -1
1383 46 94 46 94 1814 2245 2246 2247
791 0 -1
1385 49 56 54 57 1816 2247 2248 2253
792 0 -1
1386 95 12 98 12 1817 2248 2249 2251
793 0 -1
1387 42 99 49 100 1818 2249 2250 2260
794 0 -1
1388 59 20 62 20 1819 2250 2251 2253
795 0 -1
1389 97 40 98 40 1820 2251 2252 2253
796 0 -1
1390 70 81 72 81 1821 2252 2253 2254
797 0 -1
1391 50 82 51 83 1822 2253 2254 2255
798 0 -1
1393 59 23 59 24 1824 2255 2256 2257
799 0 -1
1395 55 68 55 69 1826 2257 2258 2265
800 0 -1
1396 21 4 22 4 1827 2258 2259 2259
801 0 -1
1400 56 33 57 35 1831 2262 2263 2265
802 0 -1
1401 81 14 84 14 1832 2263 2264 2266
803 0 -1
1402 41 51 48 51 1833 2264 2265 2271
804 0 -1
1403 88 1 89 2 1834 2265 2266 2267
805 0 -1
1406 30 1 30 2 1837 2268 2269 2269
806 0 -1
1411 35 65 37 65 1842 2273 2274 2275
807 0 -1
1412 88 26 91 26 1843 2274 2275 2280
808 0 -1
1413 93 18 93 18 1844 2275 2276 2276
809 0 -1
1414 91 91 93 91 1845 2276 2277 2278
810 0 -1
1415 19 49 20 50 1846 2277 2278 2279
811 0 -1
1417 17 30 18 30 1848 2279 2280 2280
812 0 -1
1418 7 52 10 52 1849 2280 2281 2285
813 0 -1
1419 12 28 18 28 1850 2281 2282 2288
814 0 -1
1420 40 60 46 62 1851 2282 2283 2290
815 0 -1
1423 57 76 57 76 1854 2285 2286 2286
816 0 -1
1426 44 97 44 97 1857 2288 2289 2290
817 0 -1
1428 80 13 83 13 1859 2290 2291 2293
818 0 -1
1429 82 91 84 91 1860 2291 2292 2293
819 0 -1
1430 80 50 81 50 1861 2292 2293 2293
820 0 -1
1431 89 65 89 65 1862 2293 2294 2296
821 0 -1
1432 74 61 75 61 1863 2294 2295 2295
822 0 -1
1434 64 41 65 41 1865 2296 2297 2297
823 0 -1
1435 72 87 78 87 1866 2297 2298 2304
824 0 -1
1436 0 44 1 45 1867 2298 2299 2300
825 0 -1
1438 56 67 59 68 1869 2300 2301 2304
826 0 -1
1439 85 42 85 43 1870 2301 2302 2302
827 0 -1
1440 23 83 25 83 1871 2302 2303 2305
828 0 -1
1441 26 13 27 18 1872 2303 2304 2310
829 0 -1
1442 51 13 52 14 1873 2304 2305 2306
830 0 -1
1443 28 28 32 29 1874 2305 2306 2310
831 0 -1
1444 75 52 75 52 1875 2306 2307 2308
832 0 -1
1446 14 51 16 52 1877 2308 2309 2314
833 0 -1
1447 11 72 12 72 1878 2309 2310 2311
834 0 -1
1448 12 20 14 20 1879 2310 2311 2312
835 0 -1
1452 6 71 7 71 1883 2314 2315 2315
836 0 -1
1454 38 63 39 64 1885 2316 2317 2320
837 0 -1
1455 38 40 39 41 1886 2317 2318 2319
838 0 -1
1456 79 40 79 40 1887 2318 2319 2319
839 0 -1
1457 49 31 50 31 1888 2319 2320 2325
840 0 -1
1458 15 74 16 76 1889 2320 2321 2330
841 0 -1
1461 69 71 69 73 1892 2323 2324 2326
842 0 -1
1462 8 19 12 19 1893 2324 2325 2328
843 0 -1
1463 87 47 89 47 1894 2325 2326 2327
844 0 -1
1465 61 0 62 1 1896 2327 2328 2329
845 0 -1
1466 99 93 97 93 1897 2328 2329 2330
846 0 -1
1468 81 2 82 2 1899 2330 2331 2331
847 0 -1
1469 99 11 97 12 1900 2331 2332 2336
848 0 -1
1470 55 80 56 80 1901 2332 2333 2333
849 0 -1
1472 32 94 32 98 1903 2334 2335 2339
850 0 -1
1473 20 75 22 75 1904 2335 2336 2340
851 0 -1
1474 11 78 15 79 1905 2336 2337 2347
852 0 -1
1475 74 12 75 12 1906 2337 2338 2339
853 0 -1
1478 73 53 73 59 1909 2340 2341 2346
854 0 -1
1479 85 13 87 13 1910 2341 2342 2343
855 0 -1
1481 5 79 6 79 1912 2343 2344 2345
856 0 -1
1483 79 54 90 54 1914 2345 2346 2356
857 0 -1
1486 86 45 86 50 1917 2348 2349 2353
858 0 -1
1487 18 42 21 42 1918 2349 2350 2353
859 0 -1
1493 12 55 14 55 1924 2355 2356 2357
860 0 -1
1495 49 74 49 74 1926 2357 2358 2358
861 0 -1
1496 15 64 15 65 1927 2358 2359 2362
862 0 -1
1497 63 69 63 71 1928 2359 2360 2363
863 0 -1
1499 78 35 78 35 1930 2361 2362 2363
864 0 -1
1500 91 54 93 54 1931 2362 2363 2364
865 0 -1
1501 42 92 44 97 1932 2363 2364 2371
866 0 -1
1502 91 39 92 40 1933 2364 2365 2368
867 0 -1
1504 12 71 23 73 1935 2366 2367 2379
868 0 -1
1505 2 5 11 5 1936 2367 2368 2377
869 0 -1
1506 41 36 42 37 1937 2368 2369 2370
870 0 -1
1507 98 51 98 52 1938 2369 2370 2372
871 0 -1
1508 93 92 93 98 1939 2370 2371 2376
872 0 -1
1509 94 84 95 84 1940 2371 2372 2372
873 0 -1
1511 74 94 75 95 1942 2373 2374 2375
874 0 -1
1513 41 54 42 56 1944 2375 2376 2380
875 0 -1
1515 63 6 64 6 1946 2377 2378 2378
876 0 -1
1516 27 52 29 53 1947 2378 2379 2381
877 0 -1
1517 21 52 22 53 1948 2379 2380 2382
878 0 -1
1518 66 70 68 71 1949 2380 2381 2383
879 0 -1
1519 41 40 45 40 1950 2381 2382 2385
880 0 -1
1521 54 33 55 36 1952 2383 2384 2387
881 0 -1
1522 67 82 67 83 1953 2384 2385 2386
882 0 -1
1523 62 52 62 53 1954 2385 2386 2387
883 0 -1
1527 95 75 99 75 1958 2389 2390 2393
884 0 -1
1528 74 78 75 78 1959 2390 2391 2391
885 0 -1
1533 34 51 35 51 1964 2395 2396 2396
886 0 -1
1534 75 49 78 55 1965 2396 2397 2405
887 0 -1
1535 69 58 71 58 1966 2397 2398 2400
888 0 -1
1536 71 86 72 86 1967 2398 2399 2400
889 0 -1
1538 32 5 35 6 1969 2400 2401 2404
890 0 -1
1540 42 69 43 69 1971 2402 2403 2403
891 0 -1
1543 68 76 71 76 1974 2405 2406 2408
892 0 -1
1544 24 87 26 87 1975 2406 2407 2408
893 0 -1
1545 3 10 3 10 1976 2407 2408 2409
894 0 -1
1547 45 81 45 81 1978 2409 2410 2414
895 0 -1
1550 80 44 80 45 1981 2412 2413 2414
896 0 -1
1551 65 59 65 59 1982 2413 2414 2415
897 0 -1
1552 70 82 71 83 1983 2414 2415 2419
898 0 -1
1554 56 65 58 67 1985 2416 2417 2420
899 0 -1
1555 53 97 55 97 1986 2417 2418 2419
900 0 -1
1556 82 41 84 41 1987 2418 2419 2420
901 0 -1
1559 74 44 80 44 1990 2421 2422 2427
902 0 -1
1560 66 76 71 76 1991 2422 2423 2428
903 0 -1
1562 59 27 59 27 1993 2424 2425 2426
904 0 -1
1563 83 32 89 34 1994 2425 2426 2435
905 0 -1
1564 8 43 10 43 1995 2426 2427 2428
906 0 -1
1566 53 6 54 7 1997 2428 2429 2430
907 0 -1
1567 53 28 54 29 1998 2429 2430 2433
908 0 -1
1573 89 6 89 6 2004 2435 2436 2443
909 0 -1
1575 35 28 36 28 2006 2437 2438 2438
910 0 -1
1576 63 64 65 64 2007 2438 2439 2440
911 0 -1
1577 18 80 19 80 2008 2439 2440 2441
912 0 -1
1579 94 46 96 46 2010 2441 2442 2444
913 0 -1
1580 17 14 19 14 2011 2442 2443 2444
914 0 -1
1582 48 73 49 73 2013 2444 2445 2445
915 0 -1
1584 63 82 63 82 2015 2446 2447 2447
916 0 -1
1587 94 45 84 46 2018 2449 2450 2461
917 0 -1
1588 58 39 60 39 2019 2450 2451 2454
918 0 -1
1589 32 6 32 6 2020 2451 2452 2453
919 0 -1
1590 77 74 80 74 2021 2452 2453 2455
920 0 -1
1591 2 23 7 23 2022 2453 2454 2458
921 0 -1
1593 54 6 57 7 2024 2455 2456 2459
922 0 -1
1594 1 73 2 73 2025 2456 2457 2458
923 0 -1
1596 28 50 28 50 2027 2458 2459 2460
924 0 -1
1598 94 67 94 68 2029 2460 2461 2461
925 0 -1
1599 99 71 96 72 2030 2461 2462 2465
926 0 -1
1600 71 40 71 41 2031 2462 2463 2463
927 0 -1
1603 71 97 71 97 2034 2465 2466 2466
928 0 -1
1606 11 33 13 33 2037 2468 2469 2470
929 0 -1
1608 46 4 47 4 2039 2470 2471 2471
930 0 -1
1609 77 84 79 84 2040 2471 2472 2473
931 0 -1
1610 78 99 78 99 2041 2472 2473 2473
932 0 -1
1611 8 91 10 91 2042 2473 2474 2475
933 0 -1
1613 57 5 58 5 2044 2475 2476 2477
934 0 -1
1615 77 58 78 58 2046 2477 2478 2478
935 0 -1
1618 70 65 73 65 2049 2480 2481 2483
936 0 -1
1620 59 23 61 25 2051 2482 2483 2487
937 0 -1
1621 26 55 31 56 2052 2483 2484 2490
938 0 -1
1623 59 62 60 64 2054 2485 2486 2490
939 0 -1
1624 59 56 60 56 2055 2486 2487 2487
940 0 -1
1625 99 28 96 28 2056 2487 2488 2490
941 0 -1
1626 98 91 98 93 2057 2488 2489 2490
942 0 -1
1627 87 0 96 3 2058 2489 2490 2502
943 0 -1
1629 95 62 95 63 2060 2491 2492 2492
944 0 -1
1631 56 14 56 14 2062 2493 2494 2495
945 0 -1
1633 70 45 71 45 2064 2495 2496 2505
946 0 -1
1634 58 61 58 61 2065 2496 2497 2498
947 0 -1
1637 16 54 16 55 2068 2499 2500 2500
948 0 -1
1638 33 30 35 31 2069 2500 2501 2503
949 0 -1
1640 9 0 18 0 2071 2502 2503 2512
950 0 -1
1641 98 53 98 56 2072 2503 2504 2506
951 0 -1
1642 24 69 26 70 2073 2504 2505 2508
952 0 -1
1645 94 15 94 16 2076 2507 2508 2508
953 0 -1
1648 67 30 69 30 2079 2510 2511 2512
954 0 -1
1649 0 85 1 86 2080 2511 2512 2513
955 0 -1
1650 66 36 66 37 2081 2512 2513 2513
956 0 -1
1656 83 87 83 88 2087 2518 2519 2522
957 0 -1
1657 47 28 48 29 2088 2519 2520 2522
958 0 -1
1659 11 79 15 79 2090 2521 2522 2525
959 0 -1
1660 72 5 72 8 2091 2522 2523 2526
960 0 -1
1661 73 23 73 27 2092 2523 2524 2530
961 0 -1
1662 66 64 69 68 2093 2524 2525 2531
962 0 -1
1663 56 74 61 75 2094 2525 2526 2532
963 0 -1
1664 41 44 42 45 2095 2526 2527 2528
964 0 -1
1665 71 23 72 23 2096 2527 2528 2528
965 0 -1
1668 86 15 88 16 2099 2530 2531 2533
966 0 -1
1671 32 13 39 14 2102 2533 2534 2541
967 0 -1
1672 97 86 97 87 2103 2534 2535 2538
968 0 -1
1673 85 32 88 34 2104 2535 2536 2540
969 0 -1
1675 59 89 59 90 2106 2537 2538 2538
970 0 -1
1676 95 68 98 68 2107 2538 2539 2541
971 0 -1
1678 32 99 33 97 2109 2540 2541 2543
972 0 -1
1679 3 15 3 22 2110 2541 2542 2548
973 0 -1
1680 6 59 9 59 2111 2542 2543 2546
974 0 -1
1683 12 75 16 78 2114 2545 2546 2552
975 0 -1
1685 78 77 79 77 2116 2547 2548 2550
976 0 -1
1686 48 73 56 75 2117 2548 2549 2558
977 0 -1
1687 17 76 18 77 2118 2549 2550 2553
978 0 -1
1688 42 90 48 90 2119 2550 2551 2556
979 0 -1
1690 47 12 51 12 2121 2552 2553 2556
980 0 -1
1691 58 48 59 48 2122 2553 2554 2555
981 0 -1
1692 54 45 55 47 2123 2554 2555 2557
982 0 -1
1694 36 63 37 63 2125 2556 2557 2557
983 0 -1
1695 30 21 30 23 2126 2557 2558 2561
984 0 -1
1696 49 94 51 95 2127 2558 2559 2561
985 0 -1
1697 88 1 90 1 2128 2559 2560 2561
986 0 -1
1698 91 81 92 81 2129 2560 2561 2562
987 0 -1
1700 51 87 53 87 2131 2562 2563 2564
988 0 -1
1702 61 27 64 30 2133 2564 2565 2578
989 0 -1
1703 33 55 34 55 2134 2565 2566 2566
990 0 -1
1704 35 33 35 35 2135 2566 2567 2569
991 0 -1
1709 64 53 66 53 2140 2571 2572 2574
992 0 -1
1712 29 28 31 28 2143 2574 2575 2577
993 0 -1
1714 7 54 8 56 2145 2576 2577 2580
994 0 -1
1717 44 59 45 61 2148 2579 2580 2583
995 0 -1
1718 76 70 77 70 2149 2580 2581 2582
996 0 -1
1720 1 81 3 81 2151 2582 2583 2588
997 0 -1
1722 76 72 76 72 2153 2584 2585 2585
998 0 -1
1723 71 90 72 91 2154 2585 2586 2587
999 0 -1
1725 55 35 55 35 2156 2587 2588 2589
1000 0 -1
1726 17 43 19 43 2157 2588 2589 2591
