100 100 577
4
0 35 97
1 17 75
2 30 46
3 66 10
8
0 0 50 100 6
0
1 0 101 100 6
0
2 1 55 100 6
0
3 1 99 100 6
0
4 2 54 100 6
0
5 2 105 100 6
0
6 3 51 100 6
0
7 3 99 100 6
0
300
1 2 -1
2 33 89 33 90 13 24 25 27
2 3 -1
5 3 30 7 31 16 27 28 32
3 1 -1
7 59 40 59 43 18 29 30 33
4 0 -1
8 84 47 85 53 19 30 31 39
5 1 -1
9 90 71 90 77 20 31 32 37
6 2 -1
10 36 23 37 24 21 32 33 36
7 1 -1
11 90 11 92 12 22 33 34 39
8 0 -1
12 8 11 9 12 23 34 35 36
9 1 -1
13 22 48 22 49 24 35 36 37
10 2 -1
14 7 68 8 68 25 36 37 39
11 3 -1
15 13 81 17 82 26 37 38 43
12 0 -1
17 19 52 19 55 28 39 40 43
13 1 -1
18 14 81 18 83 29 40 41 46
14 2 -1
19 73 30 74 30 30 41 42 42
15 3 -1
20 94 44 96 44 31 42 43 44
16 0 -1
21 92 6 93 6 32 43 44 45
17 1 -1
22 5 98 7 99 33 44 45 48
18 0 -1
24 5 3 7 3 35 46 47 48
19 0 -1
29 55 72 57 73 40 51 52 57
20 0 -1
30 85 48 85 50 41 52 53 54
21 1 -1
31 74 58 76 58 42 53 54 55
22 1 -1
33 30 21 32 22 44 55 56 61
23 2 -1
35 96 34 97 34 46 57 58 58
24 0 -1
36 48 48 48 50 47 58 59 60
25 3 -1
39 67 99 67 99 50 61 62 62
26 0 -1
40 52 75 53 75 51 62 63 63
27 3 -1
41 51 42 52 43 52 63 64 65
28 0 -1
42 84 32 85 32 53 64 65 65
29 3 -1
43 7 16 8 16 54 65 66 66
30 0 -1
45 32 59 32 59 56 67 68 69
31 1 -1
49 39 57 40 58 60 71 72 74
32 3 -1
52 92 73 98 73 63 74 75 81
33 0 -1
53 21 38 23 40 64 75 76 80
34 2 -1
54 47 94 47 95 65 76 77 77
35 0 -1
56 66 5 83 5 67 78 79 95
36 0 -1
57 2 86 2 87 68 79 80 81
37 2 -1
59 38 99 39 99 70 81 82 82
38 1 -1
61 87 27 87 27 72 83 84 85
39 3 -1
62 86 84 89 84 73 84 85 92
40 1 -1
64 13 83 30 85 75 86 87 105
41 3 -1
69 98 31 96 31 80 91 92 93
42 2 -1
71 97 4 90 4 82 93 94 101
43 2 -1
73 4 47 7 48 84 95 96 100
44 1 -1
76 57 25 57 26 87 98 99 101
45 2 -1
78 98 76 98 78 89 100 101 102
46 2 -1
80 55 41 55 42 91 102 103 105
47 3 -1
81 68 85 70 85 92 103 104 105
48 0 -1
82 76 20 79 22 93 104 105 110
49 3 -1
83 36 44 36 46 94 105 106 110
50 0 -1
84 72 50 73 50 95 106 107 107
51 1 -1
86 4 18 7 21 97 108 109 118
52 3 -1
87 52 4 52 4 98 109 110 110
53 0 -1
90 35 7 36 7 101 112 113 113
54 3 -1
91 26 50 30 50 102 113 114 117
55 0 -1
92 87 66 87 67 103 114 115 115
56 1 -1
93 86 22 88 23 104 115 116 118
57 3 -1
94 24 92 30 92 105 116 117 122
58 2 -1
96 40 34 40 34 107 118 119 120
59 1 -1
103 50 99 52 99 114 125 126 128
60 3 -1
105 10 98 12 98 116 127 128 129
61 0 -1
106 18 94 21 94 117 128 129 138
62 2 -1
107 29 22 29 23 118 129 130 132
63 3 -1
108 50 26 53 31 119 130 131 138
64 0 -1
110 15 94 23 94 121 132 133 140
65 2 -1
111 16 57 17 57 122 133 134 134
66 3 -1
114 81 35 87 35 125 136 137 142
67 1 -1
115 81 39 85 39 126 137 138 142
68 3 -1
116 13 43 19 49 127 138 139 150
69 0 -1
119 25 75 28 75 130 141 142 144
70 0 -1
120 84 62 84 63 131 142 143 143
71 1 -1
122 89 92 91 94 133 144 145 148
72 0 -1
123 28 22 28 24 134 145 146 148
73 1 -1
124 97 31 94 31 135 146 147 150
74 2 -1
127 2 0 3 0 138 149 150 150
75 1 -1
128 38 94 56 95 139 150 151 169
76 2 -1
130 59 21 60 21 141 152 153 153
77 2 -1
132 20 75 25 78 143 154 155 169
78 1 -1
134 16 0 17 0 145 156 157 157
79 1 -1
135 97 85 86 85 146 157 158 168
80 0 -1
136 94 71 96 71 147 158 159 160
81 3 -1
139 17 26 17 26 150 161 162 162
82 0 -1
140 72 78 73 79 151 162 163 166
83 2 -1
141 23 23 27 24 152 163 164 168
84 3 -1
144 60 75 65 75 155 166 167 171
85 0 -1
145 68 23 69 24 156 167 168 169
86 2 -1
146 98 69 98 69 157 168 169 169
87 0 -1
147 50 16 51 16 158 169 170 170
88 1 -1
148 97 15 98 15 159 170 171 171
89 1 -1
149 80 14 82 14 160 171 172 173
90 1 -1
150 12 64 18 64 161 172 173 178
91 1 -1
153 31 86 31 87 164 175 176 176
92 2 -1
154 69 14 72 14 165 176 177 180
93 2 -1
155 15 35 16 37 166 177 178 181
94 0 -1
156 59 19 63 20 167 178 179 183
95 0 -1
157 49 22 50 25 168 179 180 184
96 1 -1
160 56 99 60 99 171 182 183 188
97 3 -1
162 32 94 33 94 173 184 185 185
98 0 -1
163 42 61 43 61 174 185 186 186
99 3 -1
166 19 26 20 27 177 188 189 190
100 3 -1
167 35 38 35 43 178 189 190 194
101 3 -1
168 91 46 92 47 179 190 191 192
102 3 -1
169 41 78 46 78 180 191 192 196
103 3 -1
170 32 37 35 39 181 192 193 197
104 3 -1
172 96 15 96 15 183 194 195 199
105 0 -1
173 41 95 45 95 184 195 196 200
106 1 -1
174 84 41 86 41 185 196 197 198
107 0 -1
179 62 93 63 93 190 201 202 202
108 2 -1
183 51 87 54 88 194 205 206 210
109 0 -1
184 72 50 73 50 195 206 207 208
110 0 -1
185 44 59 44 59 196 207 208 209
111 3 -1
186 79 80 87 81 197 208 209 217
112 1 -1
187 28 36 31 36 198 209 210 215
113 1 -1
189 62 84 65 84 200 211 212 216
114 1 -1
190 65 48 65 49 201 212 213 217
115 0 -1
193 14 32 14 32 204 215 216 216
116 1 -1
196 80 14 81 14 207 218 219 220
117 0 -1
197 66 88 66 88 208 219 220 220
118 1 -1
198 15 73 32 73 209 220 221 238
119 3 -1
199 59 49 60 49 210 221 222 222
120 1 -1
200 7 39 8 39 211 222 223 224
121 0 -1
201 93 49 94 49 212 223 224 224
122 1 -1
204 45 77 46 77 215 226 227 227
123 1 -1
208 63 48 64 48 219 230 231 231
124 3 -1
209 89 35 90 35 220 231 232 232
125 2 -1
211 81 66 81 67 222 233 234 236
126 0 -1
212 70 48 70 50 223 234 235 236
127 2 -1
213 37 42 45 42 224 235 236 243
128 3 -1
214 72 80 74 81 225 236 237 241
129 0 -1
218 51 66 58 66 229 240 241 247
130 2 -1
219 80 87 81 88 230 241 242 243
131 1 -1
224 69 42 69 45 235 246 247 249
132 3 -1
225 84 39 85 39 236 247 248 249
133 0 -1
229 23 0 25 0 240 251 252 257
134 3 -1
230 70 95 71 95 241 252 253 253
135 1 -1
231 69 12 70 13 242 253 254 256
136 3 -1
236 40 98 42 98 247 258 259 260
137 3 -1
237 78 45 78 47 248 259 260 261
138 2 -1
240 63 38 71 40 251 262 263 273
139 0 -1
242 54 3 55 4 253 264 265 266
140 1 -1
244 75 26 79 27 255 266 267 271
141 2 -1
245 39 18 43 19 256 267 268 273
142 2 -1
246 38 19 39 19 257 268 269 271
143 1 -1
247 87 66 89 66 258 269 270 272
144 2 -1
248 72 42 74 42 259 270 271 273
145 0 -1
250 22 30 23 30 261 272 273 274
146 3 -1
251 80 83 82 84 262 273 274 276
147 3 -1
253 35 69 36 69 264 275 276 276
148 1 -1
255 33 41 35 41 266 277 278 279
149 2 -1
256 14 92 18 92 267 278 279 282
150 3 -1
257 32 99 33 96 268 279 280 283
151 0 -1
258 12 41 13 41 269 280 281 281
152 1 -1
260 91 67 93 67 271 282 283 284
153 1 -1
261 56 9 58 14 272 283 284 295
154 0 -1
266 70 47 71 50 277 288 289 292
155 2 -1
267 30 39 30 42 278 289 290 292
156 2 -1
268 27 40 27 41 279 290 291 292
157 3 -1
269 61 69 61 69 280 291 292 292
158 0 -1
271 30 36 31 36 282 293 294 299
159 0 -1
272 18 17 18 17 283 294 295 295
160 3 -1
274 45 2 45 3 285 296 297 309
161 2 -1
277 54 67 55 68 288 299 300 301
162 2 -1
278 90 8 94 9 289 300 301 306
163 2 -1
279 76 60 80 60 290 301 302 305
164 2 -1
280 55 92 58 92 291 302 303 305
165 0 -1
283 60 95 61 95 294 305 306 306
166 0 -1
285 25 91 28 91 296 307 308 310
167 3 -1
286 95 12 96 12 297 308 309 311
168 0 -1
289 56 86 56 87 300 311 312 314
169 0 -1
293 24 29 27 30 304 315 316 319
170 2 -1
294 63 28 64 28 305 316 317 320
171 2 -1
295 65 21 65 22 306 317 318 319
172 3 -1
296 5 82 6 84 307 318 319 322
173 0 -1
303 30 41 37 43 314 325 326 334
174 1 -1
305 54 12 57 13 316 327 328 332
175 0 -1
306 78 91 79 91 317 328 329 329
176 0 -1
307 82 69 83 69 318 329 330 331
177 1 -1
310 7 5 10 6 321 332 333 336
178 0 -1
311 72 40 74 41 322 333 334 337
179 0 -1
312 7 63 16 63 323 334 335 343
180 1 -1
313 78 16 78 17 324 335 336 336
181 1 -1
315 72 39 72 41 326 337 338 339
182 2 -1
320 15 51 21 54 331 342 343 358
183 3 -1
321 45 26 45 29 332 343 344 346
184 3 -1
323 72 7 80 8 334 345 346 358
185 2 -1
325 43 9 51 9 336 347 348 355
186 3 -1
326 4 37 4 37 337 348 349 349
187 0 -1
327 23 32 26 32 338 349 350 352
188 0 -1
328 58 72 59 75 339 350 351 355
189 3 -1
329 5 12 5 13 340 351 352 354
190 2 -1
330 70 81 70 83 341 352 353 357
191 0 -1
337 55 84 56 90 348 359 360 372
192 3 -1
340 47 0 48 2 351 362 363 365
193 3 -1
342 36 24 36 25 353 364 365 365
194 2 -1
343 63 69 64 71 354 365 366 368
195 2 -1
345 17 45 28 45 356 367 368 379
196 0 -1
349 28 9 28 10 360 371 372 372
197 0 -1
351 59 14 59 14 362 373 374 374
198 1 -1
354 98 56 99 59 365 376 377 382
199 0 -1
356 73 42 73 42 367 378 379 379
200 0 -1
357 42 59 46 59 368 379 380 383
201 1 -1
358 71 12 75 15 369 380 381 387
202 2 -1
359 30 67 31 68 370 381 382 384
203 3 -1
360 92 15 93 15 371 382 383 384
204 1 -1
361 14 5 16 5 372 383 384 389
205 2 -1
363 96 5 97 5 374 385 386 386
206 1 -1
364 39 47 39 48 375 386 387 387
207 2 -1
365 71 66 71 68 376 387 388 389
208 3 -1
367 56 89 60 89 378 389 390 395
209 1 -1
371 31 90 31 90 382 393 394 394
210 0 -1
372 17 18 18 25 383 394 395 402
211 0 -1
373 88 0 91 0 384 395 396 398
212 1 -1
374 16 15 16 15 385 396 397 397
213 1 -1
375 97 0 98 0 386 397 398 398
214 0 -1
377 61 20 61 20 388 399 400 400
215 0 -1
379 31 78 32 78 390 401 402 402
216 0 -1
380 87 77 88 77 391 402 403 403
217 1 -1
381 37 29 37 31 392 403 404 408
218 1 -1
382 63 84 64 84 393 404 405 406
219 3 -1
383 48 69 49 69 394 405 406 406
220 2 -1
388 1 81 1 82 399 410 411 411
221 2 -1
391 84 59 84 60 402 413 414 415
222 2 -1
392 30 96 32 96 403 414 415 416
223 0 -1
394 39 30 42 30 405 416 417 419
224 2 -1
396 32 4 35 5 407 418 419 423
225 2 -1
397 41 88 41 88 408 419 420 420
226 0 -1
400 61 32 63 32 411 422 423 424
227 2 -1
401 91 33 91 33 412 423 424 425
228 0 -1
403 0 52 3 52 414 425 426 430
229 0 -1
404 11 24 11 25 415 426 427 428
230 2 -1
407 86 59 87 59 418 429 430 430
231 3 -1
408 11 18 12 20 419 430 431 433
232 2 -1
411 47 22 49 22 422 433 434 435
233 3 -1
412 87 14 87 15 423 434 435 435
234 3 -1
414 17 61 17 62 425 436 437 437
235 3 -1
418 15 96 15 97 429 440 441 441
236 0 -1
420 89 4 90 4 431 442 443 443
237 0 -1
421 23 90 23 90 432 443 444 445
238 2 -1
423 3 93 4 93 434 445 446 446
239 2 -1
426 79 44 84 44 437 448 449 453
240 3 -1
428 0 38 1 38 439 450 451 452
241 2 -1
433 58 0 59 1 444 455 456 457
242 2 -1
437 42 53 43 53 448 459 460 460
243 0 -1
439 8 76 10 76 450 461 462 463
244 2 -1
441 86 38 87 39 452 463 464 471
245 1 -1
446 65 19 66 22 457 468 469 472
246 1 -1
448 87 25 90 25 459 470 471 473
247 2 -1
450 38 39 40 42 461 472 473 480
248 3 -1
452 54 14 56 14 463 474 475 477
249 2 -1
455 66 15 66 15 466 477 478 480
250 3 -1
460 19 21 22 21 471 482 483 488
251 0 -1
461 25 93 25 93 472 483 484 485
252 3 -1
462 40 4 41 5 473 484 485 487
253 1 -1
464 87 36 88 36 475 486 487 488
254 1 -1
469 0 90 1 90 480 491 492 493
255 0 -1
471 5 35 5 46 482 493 494 504
256 1 -1
475 31 0 32 0 486 497 498 499
257 0 -1
478 58 35 59 35 489 500 501 504
258 3 -1
479 88 9 90 9 490 501 502 503
259 0 -1
480 85 89 90 92 491 502 503 510
260 0 -1
481 84 89 87 89 492 503 504 509
261 2 -1
482 41 80 42 80 493 504 505 505
262 1 -1
484 14 89 16 91 495 506 507 510
263 3 -1
486 37 58 38 58 497 508 509 511
264 0 -1
488 80 18 83 18 499 510 511 513
265 2 -1
489 28 10 41 10 500 511 512 524
266 3 -1
491 65 70 66 70 502 513 514 515
267 3 -1
493 83 30 83 31 504 515 516 516
268 2 -1
496 34 74 34 74 507 518 519 519
269 2 -1
501 50 59 52 59 512 523 524 525
270 3 -1
502 36 65 40 65 513 524 525 528
271 2 -1
505 59 5 60 5 516 527 528 529
272 2 -1
506 40 46 41 46 517 528 529 533
273 0 -1
507 3 56 6 57 518 529 530 533
274 1 -1
509 17 37 17 38 520 531 532 532
275 1 -1
511 70 7 71 8 522 533 534 535
276 2 -1
512 71 73 72 73 523 534 535 535
277 1 -1
515 27 97 30 97 526 537 538 540
278 1 -1
516 24 69 33 70 527 538 539 551
279 0 -1
517 15 86 16 88 528 539 540 543
280 1 -1
518 62 30 62 32 529 540 541 542
281 0 -1
520 58 91 58 91 531 542 543 543
282 3 -1
522 49 39 51 40 533 544 545 553
283 3 -1
523 68 63 69 63 534 545 546 546
284 3 -1
525 36 75 38 75 536 547 548 549
285 3 -1
526 36 5 38 5 537 548 549 550
286 3 -1
528 90 93 94 93 539 550 551 555
287 3 -1
530 41 53 41 53 541 552 553 556
288 0 -1
533 66 64 66 65 544 555 556 557
289 2 -1
535 63 52 65 52 546 557 558 560
290 3 -1
536 32 84 32 84 547 558 559 560
291 1 -1
537 35 63 35 64 548 559 560 560
292 1 -1
538 98 8 99 8 549 560 561 563
293 3 -1
540 82 72 82 73 551 562 563 566
294 2 -1
541 81 21 84 21 552 563 564 566
295 0 -1
542 85 90 88 91 553 564 565 572
296 2 -1
543 83 44 85 44 554 565 566 567
297 3 -1
546 69 94 71 94 557 568 569 570
298 0 -1
547 89 35 91 35 558 569 570 571
299 3 -1
550 40 78 41 78 561 572 573 573
300 0 -1
552 73 21 73 21 563 574 575 577
