100 100 831
16
0 18 3
1 58 62
2 82 0
3 48 6
4 91 68
5 99 97
6 31 37
7 34 65
8 72 22
9 9 11
10 9 82
11 43 1
12 76 30
13 45 9
14 41 97
15 40 87
16
0 0 -1 100 6
0
1 1 -1 100 6
0
2 2 -1 100 6
0
3 3 -1 100 6
0
4 4 -1 100 6
0
5 5 -1 100 6
0
6 6 -1 100 6
0
7 7 -1 100 6
0
8 8 -1 100 6
0
9 9 -1 100 6
0
10 10 -1 100 6
0
11 11 -1 100 6
0
12 12 -1 100 6
0
13 13 -1 100 6
0
14 14 -1 100 6
0
15 15 -1 100 6
0
300
1 3 -1
2 17 10 20 10 140 278 279 281
2 5 -1
5 53 52 54 53 143 281 282 286
3 13 -1
7 13 43 13 47 145 283 284 287
4 6 -1
8 30 66 31 67 146 284 285 293
5 13 -1
9 99 95 93 95 147 285 286 291
6 7 -1
10 45 11 46 11 148 286 287 290
7 6 -1
11 21 7 27 7 149 287 288 293
8 15 -1
12 18 88 19 88 150 288 289 290
9 4 -1
13 3 27 5 27 151 289 290 291
10 2 -1
14 19 54 20 56 152 290 291 293
11 2 -1
15 67 34 71 34 153 291 292 297
12 14 -1
17 6 46 8 48 155 293 294 297
13 8 -1
18 86 37 91 37 156 294 295 300
14 11 -1
19 65 73 66 73 157 295 296 296
15 0 -1
20 93 83 94 83 158 296 297 298
16 12 -1
21 39 11 41 11 159 297 298 299
17 12 -1
22 9 49 13 49 160 298 299 302
18 4 -1
24 91 76 91 76 162 300 301 302
19 14 -1
29 27 67 30 69 167 305 306 311
20 3 -1
30 65 57 67 57 168 306 307 308
21 13 -1
31 16 68 16 70 169 307 308 309
22 9 -1
33 91 15 95 17 171 309 310 315
23 11 -1
35 1 23 1 24 173 311 312 312
24 9 -1
36 34 15 35 15 174 312 313 314
25 12 -1
39 24 47 25 47 177 315 316 316
26 3 -1
40 22 87 22 88 178 316 317 317
27 13 -1
41 95 54 95 56 179 317 318 319
28 6 -1
42 38 76 39 76 180 318 319 319
29 3 -1
43 19 45 19 46 181 319 320 320
30 13 -1
45 86 25 87 25 183 321 322 323
31 8 -1
49 1 95 1 95 187 325 326 328
32 10 -1
52 44 55 44 57 190 328 329 335
33 13 -1
53 34 76 34 80 191 329 330 334
34 13 -1
54 86 78 86 78 192 330 331 331
35 0 -1
56 34 0 48 2 194 332 333 349
36 13 -1
57 50 69 52 69 195 333 334 335
37 5 -1
59 15 38 15 38 197 335 336 336
38 6 -1
61 18 36 20 36 199 337 338 339
39 0 -1
62 64 13 70 14 200 338 339 346
40 10 -1
64 89 86 91 91 202 340 341 359
41 9 -1
69 8 69 8 71 207 345 346 347
42 3 -1
71 89 68 90 69 209 347 348 355
43 8 -1
73 98 22 93 22 211 349 350 354
44 12 -1
76 14 87 15 87 214 352 353 355
45 10 -1
78 80 54 82 54 216 354 355 356
46 0 -1
80 64 65 65 65 218 356 357 359
47 2 -1
81 55 27 57 27 219 357 358 359
48 4 -1
82 14 92 20 92 220 358 359 364
49 12 -1
83 52 35 54 35 221 359 360 364
50 0 -1
84 49 88 49 88 222 360 361 361
51 5 -1
86 16 91 26 91 224 362 363 372
52 11 -1
87 43 35 43 36 225 363 364 364
53 13 -1
90 1 44 1 45 228 366 367 367
54 9 -1
91 53 72 56 73 229 367 368 371
55 8 -1
92 1 36 1 36 230 368 369 369
56 1 -1
93 8 91 8 91 231 369 370 372
57 11 -1
94 62 17 63 21 232 370 371 376
58 9 -1
96 77 48 77 50 234 372 373 374
59 9 -1
103 16 20 19 20 241 379 380 382
60 14 -1
105 48 45 48 46 243 381 382 383
61 1 -1
106 29 99 37 99 244 382 383 392
62 6 -1
107 15 68 15 71 245 383 384 386
63 15 -1
108 38 47 38 54 246 384 385 392
64 11 -1
110 2 90 10 90 248 386 387 394
65 0 -1
111 31 51 31 51 249 387 388 388
66 3 -1
114 41 2 43 3 252 390 391 396
67 2 -1
115 70 66 73 68 253 391 392 396
68 2 -1
116 22 74 25 82 254 392 393 404
69 15 -1
119 93 69 95 69 257 395 396 398
70 13 -1
120 65 49 65 50 258 396 397 397
71 15 -1
122 14 47 18 47 260 398 399 402
72 2 -1
123 43 56 44 56 261 399 400 402
73 14 -1
124 89 57 92 57 262 400 401 404
74 2 -1
127 6 10 6 11 265 403 404 404
75 7 -1
128 11 23 23 27 266 404 405 423
76 0 -1
130 72 80 73 80 268 406 407 407
77 3 -1
132 31 7 40 10 270 408 409 423
78 6 -1
134 96 66 96 67 272 410 411 411
79 2 -1
135 11 20 21 20 273 411 412 422
80 4 -1
136 69 11 70 12 274 412 413 414
81 15 -1
139 59 82 60 82 277 415 416 416
82 7 -1
140 6 21 7 24 278 416 417 420
83 8 -1
141 66 6 67 10 279 417 418 422
84 13 -1
144 34 28 38 29 282 420 421 425
85 8 -1
145 87 54 88 54 283 421 422 423
86 2 -1
146 49 56 49 57 284 422 423 423
87 8 -1
147 2 67 3 67 285 423 424 424
88 3 -1
148 42 58 43 58 286 424 425 425
89 15 -1
149 5 82 6 82 287 425 426 427
90 5 -1
150 95 24 95 27 288 426 427 432
91 7 -1
153 40 54 40 54 291 429 430 430
92 3 -1
154 75 4 76 6 292 430 431 434
93 4 -1
155 83 17 85 19 293 431 432 435
94 8 -1
156 61 19 63 21 294 432 433 437
95 0 -1
157 85 61 88 61 295 433 434 438
96 12 -1
160 15 70 21 70 298 436 437 442
97 2 -1
162 46 99 47 99 300 438 439 439
98 9 -1
163 53 82 53 83 301 439 440 440
99 7 -1
166 23 67 25 67 304 442 443 444
100 7 -1
167 23 0 25 1 305 443 444 448
101 2 -1
168 70 96 70 97 306 444 445 446
102 7 -1
169 34 12 37 14 307 445 446 450
103 14 -1
170 73 34 73 34 308 446 447 451
104 15 -1
172 60 65 62 68 310 448 449 453
105 12 -1
173 64 37 65 40 311 449 450 454
106 4 -1
174 80 38 80 39 312 450 451 452
107 5 -1
179 0 64 0 65 317 455 456 456
108 2 -1
183 41 88 42 89 321 459 460 464
109 13 -1
184 16 97 17 98 322 460 461 462
110 8 -1
185 12 85 12 85 323 461 462 463
111 13 -1
186 26 25 31 28 324 462 463 471
112 2 -1
187 49 83 51 85 325 463 464 469
113 1 -1
189 82 46 83 48 327 465 466 470
114 2 -1
190 3 16 6 18 328 466 467 471
115 14 -1
193 81 89 82 89 331 469 470 470
116 12 -1
196 9 69 11 69 334 472 473 474
117 11 -1
197 38 52 38 52 335 473 474 474
118 6 -1
198 85 42 98 43 336 474 475 492
119 11 -1
199 9 38 9 38 337 475 476 476
120 13 -1
200 28 14 29 15 338 476 477 478
121 14 -1
201 8 31 9 31 339 477 478 478
122 3 -1
204 74 31 74 31 342 480 481 481
123 12 -1
208 59 92 59 92 346 484 485 485
124 3 -1
209 41 53 42 53 347 485 486 486
125 7 -1
211 29 55 32 55 349 487 488 490
126 0 -1
212 7 22 9 22 350 488 489 490
127 5 -1
213 60 34 66 34 351 489 490 497
128 9 -1
214 34 92 38 93 352 490 491 495
129 15 -1
218 51 3 51 3 356 494 495 501
130 7 -1
219 86 50 87 50 357 495 496 497
131 0 -1
224 30 67 33 67 362 500 501 503
132 1 -1
225 28 48 30 48 363 501 502 503
133 15 -1
229 84 21 84 22 367 505 506 511
134 12 -1
230 89 3 89 3 368 506 507 507
135 4 -1
231 47 16 47 17 369 507 508 510
136 0 -1
236 42 73 42 75 374 512 513 514
137 0 -1
237 44 58 44 60 375 513 514 515
138 11 -1
240 84 60 93 61 378 516 517 527
139 3 -1
242 90 49 92 49 380 518 519 520
140 10 -1
244 52 0 57 0 382 520 521 525
141 8 -1
245 37 87 41 89 383 521 522 527
142 4 -1
246 98 23 98 24 384 522 523 525
143 6 -1
247 1 76 4 76 385 523 524 526
144 15 -1
248 61 30 61 32 386 524 525 527
145 7 -1
250 85 40 85 41 388 526 527 528
146 12 -1
251 76 5 79 5 389 527 528 530
147 13 -1
253 11 89 12 89 391 529 530 530
148 4 -1
255 10 71 12 71 393 531 532 533
149 12 -1
256 9 43 12 44 394 532 533 536
150 6 -1
257 10 56 14 56 395 533 534 537
151 4 -1
258 66 33 66 33 396 534 535 535
152 5 -1
260 35 17 35 19 398 536 537 538
153 8 -1
261 13 6 13 16 399 537 538 549
154 15 -1
266 37 71 39 73 404 542 543 546
155 8 -1
267 78 45 78 45 405 543 544 546
156 2 -1
268 98 93 96 93 406 544 545 546
157 3 -1
269 48 44 49 44 407 545 546 546
158 2 -1
271 57 13 61 14 409 547 548 553
159 14 -1
272 35 5 35 5 410 548 549 549
160 9 -1
274 33 72 39 77 412 550 551 563
161 7 -1
277 20 22 20 22 415 553 554 555
162 11 -1
278 47 52 48 54 416 554 555 560
163 12 -1
279 32 4 32 7 417 555 556 559
164 13 -1
280 36 4 39 4 418 556 557 559
165 2 -1
283 58 18 59 18 421 559 560 560
166 9 -1
285 33 1 36 1 423 561 562 564
167 11 -1
286 41 60 42 61 424 562 563 565
168 12 -1
289 1 54 1 57 427 565 566 568
169 0 -1
293 15 44 19 44 431 569 570 573
170 9 -1
294 11 7 12 8 432 570 571 574
171 0 -1
295 62 51 64 51 433 571 572 573
172 14 -1
296 31 91 32 94 434 572 573 576
173 7 -1
303 56 43 59 49 441 579 580 588
174 3 -1
305 19 43 19 45 443 581 582 586
175 4 -1
306 9 25 10 25 444 582 583 583
176 10 -1
307 8 8 9 8 445 583 584 585
177 15 -1
310 91 31 94 32 448 586 587 590
178 10 -1
311 79 84 79 88 449 587 588 591
179 14 -1
312 36 54 37 62 450 588 589 597
180 15 -1
313 50 69 51 69 451 589 590 590
181 0 -1
315 39 66 41 66 453 591 592 593
182 8 -1
320 80 86 88 92 458 596 597 612
183 6 -1
321 15 25 17 26 459 597 598 600
184 12 -1
323 25 20 37 20 461 599 600 612
185 0 -1
325 9 71 17 71 463 601 602 609
186 0 -1
326 92 35 93 35 464 602 603 603
187 5 -1
327 15 65 18 65 465 603 604 606
188 3 -1
328 75 90 77 90 466 604 605 609
189 8 -1
329 60 83 63 83 467 605 606 608
190 9 -1
330 20 22 24 22 468 606 607 611
191 9 -1
337 94 1 87 4 475 613 614 626
192 13 -1
340 38 51 38 52 478 616 617 619
193 10 -1
342 34 30 35 30 480 618 619 619
194 15 -1
343 81 86 82 87 481 619 620 622
195 7 -1
345 85 41 85 47 483 621 622 633
196 0 -1
349 68 61 68 62 487 625 626 626
197 2 -1
351 48 69 49 69 489 627 628 628
198 9 -1
354 51 31 53 34 492 630 631 636
199 10 -1
356 85 69 86 69 494 632 633 633
200 15 -1
357 80 74 84 74 495 633 634 637
201 11 -1
358 75 93 75 100 496 634 635 641
202 0 -1
359 83 12 84 13 497 635 636 638
203 10 -1
360 24 80 24 81 498 636 637 638
204 6 -1
361 13 98 15 100 499 637 638 643
205 6 -1
363 40 41 40 42 501 639 640 640
206 14 -1
364 2 27 3 27 502 640 641 641
207 5 -1
365 9 99 11 99 503 641 642 643
208 12 -1
367 84 87 84 91 505 643 644 649
209 3 -1
371 92 54 92 55 509 647 648 648
210 13 -1
372 31 77 33 80 510 648 649 656
211 7 -1
373 31 59 32 61 511 649 650 652
212 6 -1
374 69 89 70 89 512 650 651 651
213 9 -1
375 59 27 60 27 513 651 652 652
214 11 -1
377 20 41 20 41 515 653 654 654
215 9 -1
379 1 15 2 15 517 655 656 656
216 5 -1
380 45 25 45 26 518 656 657 657
217 12 -1
381 41 73 46 73 519 657 658 662
218 4 -1
382 83 50 84 51 520 658 659 660
219 4 -1
383 84 49 85 49 521 659 660 660
220 0 -1
388 86 79 86 80 526 664 665 665
221 0 -1
391 43 89 45 89 529 667 668 669
222 14 -1
392 29 59 31 59 530 668 669 670
223 0 -1
394 4 35 7 35 532 670 671 673
224 1 -1
396 51 11 55 12 534 672 673 677
225 11 -1
397 86 53 86 54 535 673 674 674
226 6 -1
400 84 34 86 34 538 676 677 678
227 2 -1
401 11 99 12 100 539 677 678 679
228 3 -1
403 75 88 79 89 541 679 680 684
229 15 -1
404 50 30 50 32 542 680 681 682
230 7 -1
407 29 49 29 49 545 683 684 684
231 0 -1
408 80 29 82 29 546 684 685 687
232 2 -1
411 23 35 25 35 549 687 688 689
233 15 -1
412 59 41 59 41 550 688 689 689
234 5 -1
414 14 20 15 20 552 690 691 691
235 3 -1
418 97 3 98 3 556 694 695 695
236 7 -1
420 57 18 57 18 558 696 697 697
237 14 -1
421 56 14 58 14 559 697 698 699
238 5 -1
423 33 27 33 28 561 699 700 700
239 1 -1
426 83 41 85 43 564 702 703 707
240 1 -1
428 32 23 32 25 566 704 705 706
241 1 -1
433 13 8 15 8 571 709 710 711
242 15 -1
437 10 57 10 57 575 713 714 714
243 1 -1
439 20 43 21 43 577 715 716 717
244 0 -1
441 88 36 90 38 579 717 718 725
245 12 -1
446 34 65 37 65 584 722 723 726
246 6 -1
448 54 85 54 85 586 724 725 727
247 5 -1
450 96 62 90 63 588 726 727 734
248 13 -1
452 38 83 38 85 590 728 729 731
249 15 -1
455 73 5 76 5 593 731 732 734
250 7 -1
460 41 1 45 2 598 736 737 742
251 12 -1
461 56 66 58 66 599 737 738 739
252 5 -1
462 78 53 78 56 600 738 739 741
253 6 -1
464 74 73 74 75 602 740 741 742
254 0 -1
469 22 31 23 32 607 745 746 747
255 10 -1
471 65 99 73 97 609 747 748 758
256 12 -1
475 49 8 51 8 613 751 752 753
257 11 -1
478 76 92 80 92 616 754 755 758
258 14 -1
479 99 8 97 8 617 755 756 757
259 7 -1
480 19 8 23 10 618 756 757 764
260 4 -1
481 6 74 12 74 619 757 758 763
261 13 -1
482 93 8 93 9 620 758 759 759
262 2 -1
484 47 25 49 25 622 760 761 764
263 13 -1
486 29 38 30 38 624 762 763 765
264 9 -1
488 61 82 63 83 626 764 765 767
265 12 -1
489 36 24 37 27 627 765 766 778
266 2 -1
491 93 45 94 46 629 767 768 769
267 15 -1
493 75 57 75 58 631 769 770 770
268 0 -1
496 62 18 62 18 634 772 773 773
269 0 -1
501 11 21 12 21 639 777 778 779
270 2 -1
502 6 96 7 99 640 778 779 782
271 0 -1
505 42 80 44 80 643 781 782 783
272 12 -1
506 35 87 37 88 644 782 783 787
273 11 -1
507 11 68 11 68 645 783 784 787
274 6 -1
509 24 44 24 44 647 785 786 786
275 2 -1
511 63 25 63 26 649 787 788 789
276 5 -1
512 58 14 59 14 650 788 789 789
277 12 -1
515 81 77 83 78 653 791 792 794
278 1 -1
516 0 3 10 3 654 792 793 805
279 11 -1
517 80 45 84 45 655 793 794 797
280 1 -1
518 31 22 33 22 656 794 795 796
281 9 -1
520 81 96 82 96 658 796 797 797
282 10 -1
522 41 76 45 76 660 798 799 807
283 14 -1
523 64 36 65 36 661 799 800 800
284 9 -1
525 16 94 18 94 663 801 802 803
285 2 -1
526 36 76 37 76 664 802 803 804
286 14 -1
528 47 54 51 54 666 804 805 809
287 13 -1
530 0 61 0 62 668 806 807 810
288 15 -1
533 80 25 81 26 671 809 810 811
289 5 -1
535 52 74 55 74 673 811 812 814
290 7 -1
536 88 82 90 82 674 812 813 814
291 7 -1
537 82 44 83 44 675 813 814 814
292 15 -1
538 43 16 44 18 676 814 815 817
293 13 -1
540 65 20 66 22 678 816 817 820
294 5 -1
541 74 83 76 83 679 817 818 820
295 6 -1
542 48 91 48 96 680 818 819 826
296 5 -1
543 43 8 44 9 681 819 820 821
297 4 -1
546 28 19 28 21 684 822 823 824
298 5 -1
547 11 25 13 25 685 823 824 825
299 1 -1
550 58 57 59 57 688 826 827 827
300 2 -1
552 31 59 32 59 690 828 829 831
