100 100 2073
16
0 3 66
1 2 2
2 18 72
3 92 72
4 47 37
5 85 13
6 17 98
7 6 24
8 88 5
9 93 7
10 8 36
11 92 34
12 25 66
13 86 17
14 33 37
15 39 71
48
0 0 0 100 6
0
1 0 0 100 6
0
2 0 0 100 6
0
3 1 0 100 6
0
4 1 0 100 6
0
5 1 0 100 6
0
6 2 0 100 6
0
7 2 0 100 6
0
8 2 0 100 6
0
9 3 0 100 6
0
10 3 0 100 6
0
11 3 0 100 6
0
12 4 0 100 6
0
13 4 0 100 6
0
14 4 0 100 6
0
15 5 0 100 6
0
16 5 0 100 6
0
17 5 0 100 6
0
18 6 0 100 6
0
19 6 0 100 6
0
20 6 0 100 6
0
21 7 0 100 6
0
22 7 0 100 6
0
23 7 0 100 6
0
24 8 0 100 6
0
25 8 0 100 6
0
26 8 0 100 6
0
27 9 0 100 6
0
28 9 0 100 6
0
29 9 0 100 6
0
30 10 0 100 6
0
31 10 0 100 6
0
32 10 0 100 6
0
33 11 0 100 6
0
34 11 0 100 6
0
35 11 0 100 6
0
36 12 0 100 6
0
37 12 0 100 6
0
38 12 0 100 6
0
39 13 0 100 6
0
40 13 0 100 6
0
41 13 0 100 6
0
42 14 0 100 6
0
43 14 0 100 6
0
44 14 0 100 6
0
45 15 0 100 6
0
46 15 0 100 6
0
47 15 0 100 6
0
1000
1 11 -1
2 18 31 20 31 174 346 347 349
2 8 -1
5 10 42 11 44 177 349 350 354
3 10 -1
7 96 89 92 89 179 351 352 355
4 0 -1
8 20 0 29 0 180 352 353 361
5 3 -1
9 25 13 28 15 181 353 354 359
6 9 -1
10 35 11 37 11 182 354 355 358
7 7 -1
11 35 61 37 64 183 355 356 361
8 1 -1
12 59 5 59 6 184 356 357 358
9 14 -1
13 63 17 65 17 185 357 358 359
10 8 -1
14 49 10 51 11 186 358 359 361
11 9 -1
15 42 36 48 36 187 359 360 365
12 13 -1
17 75 24 78 25 189 361 362 365
13 5 -1
18 93 61 96 61 190 362 363 368
14 8 -1
19 21 45 21 45 191 363 364 364
15 14 -1
20 86 74 87 75 192 364 365 366
16 4 -1
21 30 83 32 83 193 365 366 367
17 8 -1
22 66 36 67 38 194 366 367 370
18 4 -1
24 62 29 62 30 196 368 369 370
19 13 -1
29 75 49 80 49 201 373 374 379
20 6 -1
30 98 25 96 25 202 374 375 376
21 4 -1
31 65 96 65 96 203 375 376 377
22 3 -1
33 3 4 8 5 205 377 378 383
23 3 -1
35 92 4 93 4 207 379 380 380
24 5 -1
36 78 25 80 25 208 380 381 382
25 12 -1
39 45 88 46 88 211 383 384 384
26 7 -1
40 12 59 13 59 212 384 385 385
27 11 -1
41 25 49 27 49 213 385 386 387
28 10 -1
42 18 8 18 8 214 386 387 387
29 5 -1
43 36 27 37 27 215 387 388 388
30 8 -1
45 22 29 23 29 217 389 390 391
31 11 -1
49 95 87 96 88 221 393 394 396
32 12 -1
52 41 71 41 73 224 396 397 403
33 12 -1
53 21 0 24 2 225 397 398 402
34 4 -1
54 5 24 6 24 226 398 399 399
35 13 -1
56 96 63 90 64 228 400 401 417
36 2 -1
57 17 52 18 52 229 401 402 403
37 4 -1
59 44 81 44 81 231 403 404 404
38 6 -1
61 73 25 75 25 233 405 406 407
39 6 -1
62 36 45 41 45 234 406 407 414
40 1 -1
64 68 74 69 76 236 408 409 427
41 14 -1
69 57 83 58 83 241 413 414 415
42 1 -1
71 88 76 88 80 243 415 416 423
43 11 -1
73 10 86 12 89 245 417 418 422
44 10 -1
76 33 72 35 72 248 420 421 423
45 6 -1
78 66 12 68 12 250 422 423 424
46 12 -1
80 93 54 94 56 252 424 425 427
47 4 -1
81 53 75 54 76 253 425 426 427
48 4 -1
82 1 3 5 3 254 426 427 432
49 6 -1
83 34 59 35 60 255 427 428 432
50 11 -1
84 21 11 22 11 256 428 429 429
51 15 -1
86 9 32 19 32 258 430 431 440
52 9 -1
87 24 76 25 76 259 431 432 432
53 12 -1
90 55 53 56 53 262 434 435 435
54 14 -1
91 11 49 14 50 263 435 436 439
55 15 -1
92 92 24 93 24 264 436 437 437
56 6 -1
93 6 12 7 12 265 437 438 440
57 4 -1
94 73 50 73 50 266 438 439 444
58 9 -1
96 9 7 11 7 268 440 441 442
59 13 -1
103 55 53 58 53 275 447 448 450
60 2 -1
105 83 68 85 68 277 449 450 451
61 0 -1
106 87 93 89 99 278 450 451 460
62 1 -1
107 52 96 55 96 279 451 452 454
63 11 -1
108 13 40 16 45 280 452 453 460
64 3 -1
110 14 63 15 69 282 454 455 462
65 13 -1
111 3 70 4 70 283 455 456 456
66 9 -1
114 0 58 6 58 286 458 459 464
67 4 -1
115 43 32 47 33 287 459 460 464
68 2 -1
116 41 56 42 65 288 460 461 472
69 15 -1
119 72 45 72 48 291 463 464 466
70 5 -1
120 29 14 29 15 292 464 465 465
71 11 -1
122 52 0 56 0 294 466 467 470
72 2 -1
123 1 18 1 18 295 467 468 470
73 6 -1
124 83 77 83 77 296 468 469 472
74 2 -1
127 10 91 11 91 299 471 472 472
75 12 -1
128 77 81 78 83 300 472 473 491
76 1 -1
130 67 73 67 73 302 474 475 475
77 8 -1
132 53 4 60 11 304 476 477 491
78 8 -1
134 94 53 94 54 306 478 479 479
79 5 -1
135 7 75 9 76 307 479 480 490
80 2 -1
136 59 81 61 81 308 480 481 482
81 3 -1
139 23 92 24 92 311 483 484 484
82 9 -1
140 24 60 26 60 312 484 485 488
83 15 -1
141 28 83 29 86 313 485 486 490
84 8 -1
144 41 17 43 18 316 488 489 493
85 3 -1
145 77 13 78 14 317 489 490 491
86 0 -1
146 95 12 96 12 318 490 491 491
87 7 -1
147 8 70 8 70 319 491 492 492
88 8 -1
148 24 39 25 39 320 492 493 493
89 1 -1
149 61 25 63 25 321 493 494 495
90 13 -1
150 68 11 69 11 322 494 495 500
91 7 -1
153 95 62 96 62 325 497 498 498
92 11 -1
154 23 77 23 80 326 498 499 502
93 4 -1
155 40 2 40 4 327 499 500 503
94 10 -1
156 22 11 27 11 328 500 501 505
95 11 -1
157 12 70 16 70 329 501 502 506
96 12 -1
160 61 8 62 13 332 504 505 510
97 14 -1
162 60 71 61 71 334 506 507 507
98 0 -1
163 71 89 71 89 335 507 508 508
99 1 -1
166 29 48 30 48 338 510 511 512
100 15 -1
167 51 46 51 51 339 511 512 516
101 6 -1
168 78 21 80 21 340 512 513 514
102 9 -1
169 57 4 60 6 341 513 514 518
103 13 -1
170 54 75 59 75 342 514 515 519
104 7 -1
172 29 7 34 7 344 516 517 521
105 15 -1
173 85 1 89 2 345 517 518 522
106 5 -1
174 71 40 71 41 346 518 519 520
107 8 -1
179 86 44 87 44 351 523 524 524
108 10 -1
183 23 38 23 41 355 527 528 532
109 15 -1
184 16 20 17 21 356 528 529 530
110 5 -1
185 81 89 82 89 357 529 530 531
111 9 -1
186 35 41 35 49 358 530 531 539
112 7 -1
187 32 97 32 97 359 531 532 537
113 3 -1
189 37 11 42 11 361 533 534 538
114 14 -1
190 83 85 84 85 362 534 535 539
115 8 -1
193 15 36 16 36 365 537 538 538
116 10 -1
196 4 53 5 53 368 540 541 542
117 13 -1
197 36 6 36 6 369 541 542 542
118 12 -1
198 12 35 14 41 370 542 543 560
119 7 -1
199 97 3 97 4 371 543 544 544
120 7 -1
200 92 26 92 26 372 544 545 546
121 4 -1
201 94 58 95 58 373 545 546 546
122 3 -1
204 20 96 21 96 376 548 549 549
123 0 -1
208 32 92 33 92 380 552 553 553
124 7 -1
209 59 31 59 31 381 553 554 554
125 12 -1
211 39 1 40 1 383 555 556 558
126 3 -1
212 79 57 81 57 384 556 557 558
127 4 -1
213 13 68 14 73 385 557 558 565
128 8 -1
214 58 7 58 11 386 558 559 563
129 9 -1
218 59 69 64 70 390 562 563 569
130 5 -1
219 33 6 34 7 391 563 564 565
131 3 -1
224 41 69 42 71 396 568 569 571
132 8 -1
225 5 81 7 81 397 569 570 571
133 4 -1
229 67 48 72 49 401 573 574 579
134 6 -1
230 31 14 32 14 402 574 575 575
135 7 -1
231 15 26 18 26 403 575 576 578
136 15 -1
236 12 75 13 76 408 580 581 582
137 9 -1
237 58 35 59 35 409 581 582 583
138 5 -1
240 56 41 62 45 412 584 585 595
139 2 -1
242 64 95 65 96 414 586 587 588
140 0 -1
244 7 75 12 75 416 588 589 593
141 11 -1
245 48 75 54 75 417 589 590 595
142 3 -1
246 44 52 44 55 418 590 591 593
143 11 -1
247 36 9 37 9 419 591 592 594
144 14 -1
248 1 10 2 11 420 592 593 595
145 5 -1
250 1 25 3 25 422 594 595 596
146 10 -1
251 25 65 28 65 423 595 596 598
147 11 -1
253 95 86 95 86 425 597 598 598
148 1 -1
255 58 30 58 30 427 599 600 601
149 0 -1
256 5 48 8 49 428 600 601 604
150 10 -1
257 42 5 45 5 429 601 602 605
151 10 -1
258 71 44 72 44 430 602 603 603
152 1 -1
260 57 94 59 94 432 604 605 606
153 3 -1
261 0 38 7 39 433 605 606 617
154 13 -1
266 91 39 92 41 438 610 611 614
155 12 -1
267 38 61 38 63 439 611 612 614
156 10 -1
268 6 79 6 79 440 612 613 614
157 3 -1
269 15 60 16 60 441 613 614 614
158 4 -1
271 60 9 65 10 443 615 616 621
159 13 -1
272 91 52 91 53 444 616 617 617
160 8 -1
274 28 12 35 12 446 618 619 631
161 11 -1
277 84 32 86 32 449 621 622 623
162 10 -1
278 52 21 52 26 450 622 623 628
163 13 -1
279 55 68 58 69 451 623 624 627
164 9 -1
280 91 13 93 14 452 624 625 627
165 8 -1
283 78 87 79 87 455 627 628 628
166 15 -1
285 53 71 56 71 457 629 630 632
167 14 -1
286 55 55 55 57 458 630 631 633
168 10 -1
289 41 89 43 89 461 633 634 636
169 13 -1
293 29 9 33 9 465 637 638 641
170 12 -1
294 43 84 47 84 466 638 639 642
171 5 -1
295 11 64 11 65 467 639 640 641
172 0 -1
296 84 11 87 11 468 640 641 644
173 11 -1
303 63 27 72 27 475 647 648 656
174 9 -1
305 51 78 51 78 477 649 650 654
175 1 -1
306 18 97 19 97 478 650 651 651
176 12 -1
307 9 3 9 5 479 651 652 653
177 3 -1
310 78 70 80 72 482 654 655 658
178 15 -1
311 43 77 46 78 483 655 656 659
179 8 -1
312 46 16 50 20 484 656 657 665
180 14 -1
313 86 39 86 39 485 657 658 658
181 7 -1
315 89 32 89 33 487 659 660 661
182 10 -1
320 38 27 51 28 492 664 665 680
183 4 -1
321 95 45 97 46 493 665 666 668
184 11 -1
323 84 22 86 27 495 667 668 680
185 5 -1
325 78 33 79 36 497 669 670 677
186 7 -1
326 32 73 32 73 498 670 671 671
187 3 -1
327 59 10 62 10 499 671 672 674
188 14 -1
328 58 56 61 57 500 672 673 677
189 10 -1
329 21 97 23 97 501 673 674 676
190 12 -1
330 93 95 97 96 502 674 675 679
191 3 -1
337 39 92 46 94 509 681 682 694
192 9 -1
340 78 84 79 84 512 684 685 687
193 10 -1
342 43 63 44 63 514 686 687 687
194 5 -1
343 59 75 60 75 515 687 688 690
195 6 -1
345 16 26 17 36 517 689 690 701
196 12 -1
349 0 88 1 88 521 693 694 694
197 14 -1
351 95 83 96 83 523 695 696 696
198 0 -1
354 66 65 72 65 526 698 699 704
199 11 -1
356 0 84 0 85 528 700 701 701
200 7 -1
357 52 19 52 22 529 701 702 705
201 2 -1
358 93 1 86 1 530 702 703 709
202 8 -1
359 45 87 48 87 531 703 704 706
203 11 -1
360 97 52 98 53 532 704 705 706
204 3 -1
361 49 22 51 22 533 705 706 711
205 12 -1
363 78 28 79 28 535 707 708 708
206 9 -1
364 65 64 66 64 536 708 709 709
207 10 -1
365 78 78 78 80 537 709 710 711
208 13 -1
367 49 32 50 32 539 711 712 717
209 8 -1
371 20 64 20 65 543 715 716 716
210 9 -1
372 3 3 5 8 544 716 717 724
211 4 -1
373 45 12 46 12 545 717 718 720
212 13 -1
374 37 47 38 47 546 718 719 719
213 4 -1
375 82 5 83 5 547 719 720 720
214 13 -1
377 67 25 67 26 549 721 722 722
215 1 -1
379 31 77 31 78 551 723 724 724
216 11 -1
380 93 19 93 20 552 724 725 725
217 10 -1
381 7 54 11 55 553 725 726 730
218 12 -1
382 46 63 47 64 554 726 727 728
219 10 -1
383 11 10 12 10 555 727 728 728
220 1 -1
388 89 96 90 96 560 732 733 733
221 2 -1
391 77 58 79 58 563 735 736 737
222 13 -1
392 7 32 7 32 564 736 737 738
223 15 -1
394 26 56 26 59 566 738 739 741
224 9 -1
396 72 3 77 3 568 740 741 745
225 2 -1
397 97 32 98 32 569 741 742 742
226 3 -1
400 10 34 11 35 572 744 745 746
227 5 -1
401 51 8 52 9 573 745 746 747
228 8 -1
403 57 66 57 68 575 747 748 752
229 13 -1
404 31 23 32 24 576 748 749 750
230 15 -1
407 76 96 77 96 579 751 752 752
231 8 -1
408 53 17 54 18 580 752 753 755
232 5 -1
411 83 10 85 10 583 755 756 757
233 9 -1
412 20 56 20 57 584 756 757 757
234 9 -1
414 43 81 44 81 586 758 759 759
235 7 -1
418 13 3 13 4 590 762 763 763
236 10 -1
420 65 1 65 2 592 764 765 765
237 14 -1
421 78 34 80 34 593 765 766 767
238 12 -1
423 56 79 57 79 595 767 768 768
239 10 -1
426 75 23 77 25 598 770 771 775
240 12 -1
428 97 43 98 44 600 772 773 774
241 8 -1
433 58 46 60 46 605 777 778 779
242 4 -1
437 6 33 7 33 609 781 782 782
243 4 -1
439 53 92 54 92 611 783 784 785
244 6 -1
441 44 89 51 90 613 785 786 793
245 9 -1
446 93 70 93 74 618 790 791 794
246 9 -1
448 34 99 34 96 620 792 793 795
247 0 -1
450 34 42 34 50 622 794 795 802
248 7 -1
452 54 89 55 90 624 796 797 799
249 3 -1
455 78 52 80 53 627 799 800 802
250 10 -1
460 83 93 86 94 632 804 805 810
251 10 -1
461 42 83 44 83 633 805 806 807
252 2 -1
462 86 81 86 81 634 806 807 809
253 13 -1
464 17 12 19 12 636 808 809 810
254 15 -1
469 79 5 80 5 641 813 814 815
255 6 -1
471 19 10 22 12 643 815 816 826
256 7 -1
475 74 26 75 27 647 819 820 821
257 5 -1
478 18 96 18 99 650 822 823 826
258 3 -1
479 32 45 33 46 651 823 824 825
259 14 -1
480 46 10 53 11 652 824 825 832
260 12 -1
481 38 96 42 96 653 825 826 831
261 15 -1
482 13 39 14 39 654 826 827 827
262 12 -1
484 61 7 62 10 656 828 829 832
263 15 -1
486 32 71 34 72 658 830 831 833
264 7 -1
488 41 14 44 14 660 832 833 835
265 12 -1
489 79 66 83 74 661 833 834 846
266 1 -1
491 78 10 78 12 663 835 836 837
267 6 -1
493 84 57 85 57 665 837 838 838
268 8 -1
496 89 57 90 57 668 840 841 841
269 4 -1
501 1 33 3 33 673 845 846 847
270 14 -1
502 42 2 46 2 674 846 847 850
271 0 -1
505 60 5 62 5 677 849 850 851
272 9 -1
506 65 54 69 54 678 850 851 855
273 6 -1
507 29 7 33 7 679 851 852 855
274 14 -1
509 82 14 82 14 681 853 854 854
275 15 -1
511 89 62 90 62 683 855 856 857
276 7 -1
512 3 65 3 65 684 856 857 857
277 6 -1
515 49 21 51 22 687 859 860 862
278 10 -1
516 49 61 54 62 688 860 861 873
279 3 -1
517 53 22 55 22 689 861 862 865
280 13 -1
518 2 2 3 3 690 862 863 864
281 5 -1
520 43 37 43 38 692 864 865 865
282 10 -1
522 36 83 39 83 694 866 867 875
283 2 -1
523 19 3 19 4 695 867 868 868
284 9 -1
525 78 96 80 96 697 869 870 871
285 5 -1
526 21 20 22 21 698 870 871 872
286 1 -1
528 73 5 73 10 700 872 873 877
287 4 -1
530 78 83 78 87 702 874 875 878
288 4 -1
533 99 68 99 68 705 877 878 879
289 11 -1
535 87 49 89 50 707 879 880 882
290 0 -1
536 50 65 50 65 708 880 881 882
291 13 -1
537 24 1 25 1 709 881 882 882
292 7 -1
538 22 31 23 32 710 882 883 885
293 1 -1
540 29 73 29 76 712 884 885 888
294 6 -1
541 94 40 94 42 713 885 886 888
295 7 -1
542 24 76 24 78 714 886 887 894
296 15 -1
543 14 14 16 14 715 887 888 889
297 1 -1
546 47 11 48 11 718 890 891 892
298 5 -1
547 98 49 99 50 719 891 892 893
299 10 -1
550 96 50 96 51 722 894 895 895
300 13 -1
552 26 11 29 11 724 896 897 899
301 9 -1
553 79 86 80 87 725 897 898 899
302 7 -1
555 76 91 81 91 727 899 900 904
303 7 -1
556 21 81 22 81 728 900 901 902
304 1 -1
558 83 90 84 90 730 902 903 903
305 13 -1
559 6 13 9 15 731 903 904 908
306 7 -1
560 2 36 3 36 732 904 905 906
307 4 -1
562 65 36 66 36 734 906 907 907
308 11 -1
565 12 40 13 42 737 909 910 913
309 9 -1
566 61 2 61 5 738 910 911 914
310 6 -1
567 28 66 28 66 739 911 912 912
311 12 -1
570 2 48 4 49 742 914 915 918
312 10 -1
572 87 6 89 6 744 916 917 919
313 12 -1
573 18 14 18 17 745 917 918 920
314 12 -1
575 26 14 27 15 747 919 920 921
315 8 -1
577 31 30 32 30 749 921 922 922
316 9 -1
578 90 22 92 22 750 922 923 924
317 11 -1
579 2 77 7 77 751 923 924 928
318 0 -1
580 7 79 8 79 752 924 925 925
319 12 -1
585 87 42 90 42 757 929 930 932
320 0 -1
588 86 11 87 15 760 932 933 937
321 11 -1
589 73 37 74 49 761 933 934 948
322 4 -1
592 43 55 44 55 764 936 937 937
323 4 -1
594 20 68 21 68 766 938 939 940
324 8 -1
595 5 35 10 42 767 939 940 954
325 7 -1
596 16 24 16 26 768 940 941 944
326 14 -1
597 52 34 53 41 769 941 942 949
327 13 -1
599 45 74 46 81 771 943 944 951
328 10 -1
600 47 62 50 62 772 944 945 947
329 10 -1
601 20 72 21 73 773 945 946 947
330 4 -1
603 83 31 85 31 775 947 948 949
331 1 -1
608 70 17 73 17 780 952 953 955
332 2 -1
609 25 45 26 45 781 953 954 954
333 8 -1
610 83 13 83 14 782 954 955 959
334 4 -1
611 91 24 95 24 783 955 956 959
335 7 -1
613 43 40 49 40 785 957 958 965
336 13 -1
614 4 7 6 8 786 958 959 964
337 12 -1
615 94 78 94 78 787 959 960 960
338 11 -1
616 72 16 74 16 788 960 961 962
339 14 -1
619 39 20 43 21 791 963 964 968
340 10 -1
620 91 39 91 41 792 964 965 966
341 1 -1
621 74 47 79 47 793 965 966 970
342 12 -1
622 49 50 51 50 794 966 967 969
343 10 -1
623 34 52 34 52 795 967 968 969
344 8 -1
624 96 50 97 50 796 968 969 969
345 11 -1
625 84 66 84 68 797 969 970 971
346 0 -1
628 9 40 9 41 800 972 973 973
347 12 -1
629 43 72 44 76 801 973 974 978
348 1 -1
630 16 4 17 4 802 974 975 975
349 4 -1
634 84 64 84 65 806 978 979 979
350 15 -1
635 51 78 51 79 807 979 980 981
351 7 -1
636 5 89 5 89 808 980 981 982
352 13 -1
637 19 71 21 71 809 981 982 983
353 13 -1
639 19 92 19 93 811 983 984 984
354 4 -1
640 46 78 46 80 812 984 985 986
355 11 -1
641 49 34 49 34 813 985 986 987
356 4 -1
643 98 11 93 11 815 987 988 993
357 7 -1
645 46 19 46 21 817 989 990 991
358 13 -1
646 52 63 53 64 818 990 991 992
359 7 -1
648 3 61 4 61 820 992 993 993
360 2 -1
649 62 28 64 34 821 993 994 1003
361 0 -1
650 95 99 96 99 822 994 995 995
362 12 -1
651 2 90 4 90 823 995 996 999
363 6 -1
652 24 77 30 83 824 996 997 1011
364 6 -1
653 79 26 79 26 825 997 998 998
365 10 -1
656 92 66 93 66 828 1000 1001 1001
366 5 -1
662 79 2 81 2 834 1006 1007 1008
367 4 -1
663 57 87 64 88 835 1007 1008 1015
368 8 -1
664 37 83 37 85 836 1008 1009 1010
369 6 -1
665 93 74 94 74 837 1009 1010 1010
370 8 -1
666 99 97 98 97 838 1010 1011 1012
371 2 -1
667 36 49 38 50 839 1011 1012 1014
372 10 -1
669 72 76 73 76 841 1013 1014 1014
373 1 -1
672 22 56 26 56 844 1016 1017 1020
374 6 -1
673 78 17 78 17 845 1017 1018 1019
375 7 -1
674 53 61 56 62 846 1018 1019 1022
376 15 -1
675 65 94 70 94 847 1019 1020 1024
377 8 -1
678 47 48 48 51 850 1022 1023 1026
378 8 -1
679 98 91 98 93 851 1023 1024 1026
379 10 -1
680 17 72 17 73 852 1024 1025 1030
380 6 -1
681 81 84 82 84 853 1025 1026 1027
381 10 -1
682 23 7 23 9 854 1026 1027 1028
382 0 -1
684 74 4 75 4 856 1028 1029 1030
383 10 -1
685 67 36 69 36 857 1029 1030 1034
384 5 -1
687 97 91 97 92 859 1031 1032 1036
385 1 -1
688 73 38 73 40 860 1032 1033 1034
386 15 -1
689 41 29 41 31 861 1033 1034 1035
387 14 -1
690 92 77 94 77 862 1034 1035 1036
388 12 -1
691 87 47 89 47 863 1035 1036 1037
389 8 -1
692 8 87 8 88 864 1036 1037 1038
390 1 -1
694 8 53 10 53 866 1038 1039 1041
391 8 -1
696 79 86 79 88 868 1040 1041 1042
392 11 -1
698 10 8 12 8 870 1042 1043 1047
393 1 -1
700 42 69 42 70 872 1044 1045 1045
394 6 -1
701 83 27 84 27 873 1045 1046 1046
395 13 -1
702 8 87 15 87 874 1046 1047 1053
396 7 -1
703 92 5 93 6 875 1047 1048 1049
397 10 -1
704 1 63 2 63 876 1048 1049 1050
398 13 -1
705 7 6 11 6 877 1049 1050 1053
399 0 -1
706 60 37 62 37 878 1050 1051 1052
400 4 -1
707 42 61 45 62 879 1051 1052 1055
401 12 -1
708 49 93 56 93 880 1052 1053 1059
402 13 -1
710 60 31 61 32 882 1054 1055 1057
403 11 -1
712 91 34 92 34 884 1056 1057 1057
404 3 -1
714 96 78 97 78 886 1058 1059 1059
405 7 -1
716 54 84 55 84 888 1060 1061 1061
406 12 -1
718 50 50 53 51 890 1062 1063 1070
407 7 -1
719 62 41 63 41 891 1063 1064 1064
408 9 -1
720 66 93 68 93 892 1064 1065 1066
409 5 -1
722 91 45 93 45 894 1066 1067 1068
410 0 -1
724 38 53 39 53 896 1068 1069 1070
411 9 -1
725 41 31 50 31 897 1069 1070 1080
412 8 -1
726 58 21 58 23 898 1070 1071 1074
413 1 -1
727 56 4 58 5 899 1071 1072 1074
414 15 -1
728 38 99 43 99 900 1072 1073 1077
415 4 -1
729 92 71 93 71 901 1073 1074 1074
416 13 -1
731 18 75 19 75 903 1075 1076 1076
417 2 -1
733 1 35 3 35 905 1077 1078 1079
418 1 -1
734 44 38 45 38 906 1078 1079 1080
419 6 -1
735 60 9 61 10 907 1079 1080 1082
420 11 -1
736 43 12 45 12 908 1080 1081 1082
421 0 -1
737 67 57 70 57 909 1081 1082 1084
422 0 -1
742 50 11 53 13 914 1086 1087 1091
423 4 -1
744 12 55 13 55 916 1088 1089 1090
424 15 -1
745 17 37 22 37 917 1089 1090 1094
425 15 -1
748 41 12 42 12 920 1092 1093 1094
426 4 -1
750 76 45 77 45 922 1094 1095 1095
427 8 -1
751 46 11 46 12 923 1095 1096 1096
428 3 -1
752 69 14 69 16 924 1096 1097 1099
429 15 -1
753 60 94 60 94 925 1097 1098 1098
430 8 -1
754 8 23 8 23 926 1098 1099 1104
431 6 -1
755 98 77 96 77 927 1099 1100 1101
432 15 -1
757 78 29 80 29 929 1101 1102 1103
433 1 -1
758 31 65 37 66 930 1102 1103 1110
434 3 -1
759 37 91 38 91 931 1103 1104 1105
435 7 -1
760 32 13 32 14 932 1104 1105 1105
436 14 -1
766 61 29 61 30 938 1110 1111 1112
437 8 -1
767 2 92 3 93 939 1111 1112 1113
438 14 -1
768 3 54 5 55 940 1112 1113 1115
439 13 -1
771 97 58 97 59 943 1115 1116 1116
440 5 -1
772 68 47 69 48 944 1116 1117 1118
441 15 -1
773 71 53 72 53 945 1117 1118 1120
442 7 -1
775 77 15 80 15 947 1119 1120 1124
443 14 -1
777 33 27 35 27 949 1121 1122 1123
444 9 -1
778 2 50 3 51 950 1122 1123 1124
445 1 -1
779 3 23 4 24 951 1123 1124 1126
446 12 -1
781 69 5 69 5 953 1125 1126 1126
447 1 -1
782 80 61 80 65 954 1126 1127 1130
448 12 -1
784 94 0 96 0 956 1128 1129 1130
449 1 -1
787 35 96 36 97 959 1131 1132 1133
450 8 -1
788 50 73 50 73 960 1132 1133 1133
451 10 -1
789 58 48 61 48 961 1133 1134 1137
452 7 -1
790 42 34 42 35 962 1134 1135 1136
453 1 -1
791 61 52 61 55 963 1135 1136 1140
454 6 -1
793 18 2 20 2 965 1137 1138 1140
455 4 -1
794 44 7 44 10 966 1138 1139 1142
456 9 -1
795 94 86 94 87 967 1139 1140 1141
457 0 -1
796 83 46 83 50 968 1140 1141 1144
458 14 -1
797 83 7 84 7 969 1141 1142 1142
459 14 -1
798 99 97 97 98 970 1142 1143 1145
460 1 -1
799 11 44 12 44 971 1143 1144 1145
461 11 -1
800 20 30 25 30 972 1144 1145 1149
462 11 -1
802 27 13 27 16 974 1146 1147 1150
463 13 -1
803 50 89 52 89 975 1147 1148 1149
464 7 -1
805 48 14 49 16 977 1149 1150 1154
465 15 -1
806 25 19 26 19 978 1150 1151 1159
466 4 -1
807 36 7 36 8 979 1151 1152 1153
467 11 -1
810 9 82 10 82 982 1154 1155 1155
468 10 -1
813 11 88 11 88 985 1157 1158 1158
469 0 -1
818 36 23 38 23 990 1162 1163 1164
470 14 -1
820 27 87 28 88 992 1164 1165 1167
471 11 -1
824 69 46 71 46 996 1168 1169 1170
472 0 -1
825 12 58 14 58 997 1169 1170 1172
473 6 -1
827 40 86 41 86 999 1171 1172 1172
474 12 -1
828 86 92 90 95 1000 1172 1173 1182
475 11 -1
830 67 44 67 45 1002 1174 1175 1177
476 2 -1
831 68 64 68 64 1003 1175 1176 1176
477 2 -1
833 0 43 2 43 1005 1177 1178 1179
478 3 -1
834 30 32 30 34 1006 1178 1179 1180
479 0 -1
835 70 12 74 15 1007 1179 1180 1189
480 1 -1
839 29 85 29 86 1011 1183 1184 1185
481 7 -1
841 37 93 41 93 1013 1185 1186 1189
482 13 -1
842 93 80 93 80 1014 1186 1187 1188
483 6 -1
844 44 64 46 65 1016 1188 1189 1193
484 10 -1
845 96 49 97 49 1017 1189 1190 1191
485 3 -1
846 94 58 95 58 1018 1190 1191 1196
486 2 -1
847 14 87 15 87 1019 1191 1192 1192
487 3 -1
850 89 56 91 56 1022 1194 1195 1197
488 9 -1
851 13 28 17 28 1023 1195 1196 1199
489 6 -1
854 37 13 38 13 1026 1198 1199 1199
490 3 -1
856 72 61 72 61 1028 1200 1201 1203
491 3 -1
859 85 95 85 97 1031 1203 1204 1208
492 1 -1
860 54 27 55 27 1032 1204 1205 1205
493 10 -1
861 49 22 50 23 1033 1205 1206 1207
494 9 -1
864 52 11 52 14 1036 1208 1209 1211
495 5 -1
867 82 57 83 57 1039 1211 1212 1212
496 14 -1
868 55 74 56 75 1040 1212 1213 1214
497 8 -1
871 24 66 35 69 1043 1215 1216 1231
498 5 -1
873 77 68 78 68 1045 1217 1218 1219
499 8 -1
874 82 38 84 38 1046 1218 1219 1223
500 5 -1
875 84 0 84 0 1047 1219 1220 1222
501 15 -1
877 34 6 37 6 1049 1221 1222 1224
502 7 -1
878 33 43 35 43 1050 1222 1223 1224
503 1 -1
879 99 36 98 36 1051 1223 1224 1225
504 3 -1
880 27 11 28 13 1052 1224 1225 1228
505 1 -1
881 21 80 22 80 1053 1225 1226 1231
506 2 -1
882 19 70 21 70 1054 1226 1227 1228
507 0 -1
885 1 63 2 63 1057 1229 1230 1230
508 8 -1
887 16 23 16 24 1059 1231 1232 1234
509 6 -1
889 13 17 16 17 1061 1233 1234 1236
510 3 -1
891 42 48 42 49 1063 1235 1236 1237
511 4 -1
893 93 9 95 9 1065 1237 1238 1239
512 0 -1
894 13 4 16 4 1066 1238 1239 1241
513 13 -1
895 50 16 50 17 1067 1239 1240 1242
514 9 -1
896 65 60 66 61 1068 1240 1241 1242
515 12 -1
897 67 56 68 56 1069 1241 1242 1242
516 6 -1
898 14 11 14 12 1070 1242 1243 1244
517 6 -1
899 74 62 74 62 1071 1243 1244 1245
518 0 -1
900 76 69 80 70 1072 1244 1245 1250
519 12 -1
901 75 16 76 16 1073 1245 1246 1247
520 1 -1
902 74 8 74 8 1074 1246 1247 1247
521 2 -1
905 55 76 55 76 1077 1249 1250 1250
522 11 -1
910 68 95 68 95 1082 1254 1255 1255
523 1 -1
912 29 36 39 36 1084 1256 1257 1266
524 7 -1
914 24 33 31 33 1086 1258 1259 1265
525 13 -1
917 55 51 58 52 1089 1261 1262 1265
526 4 -1
919 66 32 66 33 1091 1263 1264 1265
527 12 -1
920 22 47 24 48 1092 1264 1265 1267
528 3 -1
921 79 57 79 57 1093 1265 1266 1266
529 2 -1
923 14 14 15 14 1095 1267 1268 1268
530 5 -1
925 27 53 27 54 1097 1269 1270 1272
531 6 -1
926 29 81 38 81 1098 1270 1271 1279
532 14 -1
927 64 1 64 1 1099 1271 1272 1274
533 11 -1
928 57 82 58 83 1100 1272 1273 1276
534 13 -1
929 23 50 23 50 1101 1273 1274 1274
535 10 -1
931 63 51 65 51 1103 1275 1276 1277
536 3 -1
933 80 66 81 66 1105 1277 1278 1284
537 14 -1
935 33 85 33 87 1107 1279 1280 1281
538 12 -1
936 17 92 17 92 1108 1280 1281 1281
539 6 -1
937 43 34 44 35 1109 1281 1282 1285
540 15 -1
938 61 88 65 88 1110 1282 1283 1286
541 0 -1
940 31 62 33 62 1112 1284 1285 1286
542 9 -1
942 55 82 55 82 1114 1286 1287 1287
543 13 -1
943 97 94 90 94 1115 1287 1288 1294
544 3 -1
944 70 25 71 25 1116 1288 1289 1289
545 4 -1
945 39 52 40 53 1117 1289 1290 1292
546 13 -1
947 90 34 90 40 1119 1291 1292 1304
547 6 -1
948 61 4 62 4 1120 1292 1293 1295
548 12 -1
950 36 33 38 33 1122 1294 1295 1296
549 13 -1
951 63 18 63 18 1123 1295 1296 1297
550 7 -1
954 34 45 36 45 1126 1298 1299 1300
551 7 -1
955 63 70 64 70 1127 1299 1300 1300
552 1 -1
957 78 30 79 31 1129 1301 1302 1304
553 6 -1
958 47 1 47 2 1130 1302 1303 1303
554 15 -1
963 84 55 85 55 1135 1307 1308 1310
555 0 -1
964 50 63 52 63 1136 1308 1309 1310
556 13 -1
966 49 43 49 43 1138 1310 1311 1312
557 11 -1
969 22 36 23 36 1141 1313 1314 1315
558 6 -1
972 17 65 17 70 1144 1316 1317 1322
559 6 -1
973 57 97 59 99 1145 1317 1318 1321
560 9 -1
974 78 81 79 85 1146 1318 1319 1328
561 8 -1
976 16 20 17 24 1148 1320 1321 1325
562 5 -1
979 72 29 73 32 1151 1323 1324 1327
563 11 -1
981 64 27 65 27 1153 1325 1326 1326
564 12 -1
983 14 55 15 57 1155 1327 1328 1330
565 8 -1
984 1 91 6 91 1156 1328 1329 1334
566 5 -1
987 76 40 78 41 1159 1331 1332 1335
567 7 -1
989 38 80 38 83 1161 1333 1334 1336
568 13 -1
990 69 29 71 30 1162 1334 1335 1338
569 14 -1
992 50 66 54 66 1164 1336 1337 1340
570 9 -1
993 42 94 44 94 1165 1337 1338 1339
571 8 -1
994 75 5 75 9 1166 1338 1339 1342
572 8 -1
996 72 73 72 73 1168 1340 1341 1342
573 11 -1
997 89 18 91 18 1169 1341 1342 1343
574 15 -1
998 95 97 96 97 1170 1342 1343 1343
575 5 -1
999 65 27 65 28 1171 1343 1344 1345
576 14 -1
1001 93 6 49 9 1173 1345 1346 1394
577 5 -1
1004 16 16 18 16 1176 1348 1349 1350
578 4 -1
1008 46 27 47 27 1180 1352 1353 1353
579 5 -1
1010 82 59 84 59 1182 1354 1355 1356
580 6 -1
1012 39 44 40 44 1184 1356 1357 1357
581 11 -1
1015 23 86 24 86 1187 1359 1360 1360
582 3 -1
1016 13 18 13 18 1188 1360 1361 1361
583 13 -1
1017 54 7 55 9 1189 1361 1362 1364
584 14 -1
1018 54 97 68 97 1190 1362 1363 1376
585 7 -1
1019 80 97 89 97 1191 1363 1364 1373
586 8 -1
1020 32 49 33 50 1192 1364 1365 1367
587 2 -1
1021 61 60 62 60 1193 1365 1366 1366
588 10 -1
1022 20 54 22 59 1194 1366 1367 1380
589 10 -1
1025 31 56 31 56 1197 1369 1370 1374
590 1 -1
1027 98 19 98 19 1199 1371 1372 1372
591 14 -1
1028 32 48 33 48 1200 1372 1373 1373
592 12 -1
1031 77 52 78 53 1203 1375 1376 1384
593 2 -1
1032 83 49 88 49 1204 1376 1377 1383
594 2 -1
1033 37 9 40 9 1205 1377 1378 1381
595 13 -1
1035 71 17 73 17 1207 1379 1380 1381
596 15 -1
1036 75 24 76 24 1208 1380 1381 1382
597 6 -1
1037 52 82 53 82 1209 1381 1382 1382
598 2 -1
1039 23 59 23 60 1211 1383 1384 1384
599 1 -1
1040 33 35 33 36 1212 1384 1385 1385
600 10 -1
1042 80 52 86 53 1214 1386 1387 1397
601 4 -1
1044 65 3 66 3 1216 1388 1389 1392
602 7 -1
1045 19 30 19 30 1217 1389 1390 1392
603 2 -1
1051 95 38 96 38 1223 1395 1396 1396
604 3 -1
1053 20 55 21 55 1225 1397 1398 1398
605 8 -1
1056 71 9 73 9 1228 1400 1401 1402
606 5 -1
1057 73 21 74 22 1229 1401 1402 1403
607 10 -1
1059 53 25 54 27 1231 1403 1404 1407
608 13 -1
1060 94 0 96 2 1232 1404 1405 1409
609 8 -1
1063 1 4 1 5 1235 1407 1408 1410
610 15 -1
1065 43 50 44 51 1237 1409 1410 1412
611 13 -1
1066 80 15 81 15 1238 1410 1411 1412
612 6 -1
1067 27 35 28 35 1239 1411 1412 1412
613 7 -1
1070 21 16 32 16 1242 1414 1415 1426
614 6 -1
1071 27 18 27 22 1243 1415 1416 1420
615 3 -1
1073 61 74 72 78 1245 1417 1418 1432
616 3 -1
1074 65 33 65 33 1246 1418 1419 1419
617 7 -1
1075 62 13 65 13 1247 1419 1420 1422
618 9 -1
1078 41 30 45 30 1250 1422 1423 1426
619 6 -1
1082 53 85 53 85 1254 1426 1427 1427
620 4 -1
1083 57 82 57 83 1255 1427 1428 1429
621 6 -1
1084 50 86 55 86 1256 1428 1429 1434
622 8 -1
1085 28 79 28 82 1257 1429 1430 1432
623 14 -1
1086 83 9 87 9 1258 1430 1431 1434
624 7 -1
1090 46 64 47 64 1262 1434 1435 1435
625 12 -1
1091 0 20 3 20 1263 1435 1436 1439
626 2 -1
1092 59 99 59 99 1264 1436 1437 1437
627 7 -1
1095 13 68 16 68 1267 1439 1440 1442
628 10 -1
1097 74 48 74 51 1269 1441 1442 1444
629 11 -1
1098 89 48 90 51 1270 1442 1443 1446
630 13 -1
1099 17 0 17 3 1271 1443 1444 1448
631 15 -1
1100 76 56 77 59 1272 1444 1445 1449
632 10 -1
1102 6 90 6 91 1274 1446 1447 1449
633 1 -1
1103 69 69 71 71 1275 1447 1448 1454
634 12 -1
1104 82 10 82 10 1276 1448 1449 1449
635 12 -1
1105 68 74 68 74 1277 1449 1450 1450
636 10 -1
1107 12 99 20 100 1279 1451 1452 1461
637 15 -1
1109 25 90 26 91 1281 1453 1454 1456
638 1 -1
1111 7 56 7 58 1283 1455 1456 1457
639 0 -1
1113 81 76 81 76 1285 1457 1458 1458
640 5 -1
1114 74 35 75 35 1286 1458 1459 1459
641 8 -1
1115 77 17 80 17 1287 1459 1460 1462
642 8 -1
1116 55 97 57 89 1288 1460 1461 1471
643 13 -1
1118 97 19 99 19 1290 1462 1463 1464
644 4 -1
1120 79 20 79 22 1292 1464 1465 1466
645 3 -1
1121 73 26 74 26 1293 1465 1466 1466
646 4 -1
1122 40 79 40 79 1294 1466 1467 1469
647 8 -1
1124 86 73 88 73 1296 1468 1469 1475
648 13 -1
1125 90 73 92 73 1297 1469 1470 1471
649 10 -1
1126 44 76 50 81 1298 1470 1471 1482
650 8 -1
1129 75 68 75 68 1301 1473 1474 1474
651 2 -1
1130 73 10 74 10 1302 1474 1475 1475
652 3 -1
1132 86 58 88 58 1304 1476 1477 1478
653 9 -1
1133 93 73 94 75 1305 1477 1478 1480
654 5 -1
1137 88 6 89 8 1309 1481 1482 1485
655 7 -1
1138 34 98 35 98 1310 1482 1483 1483
656 12 -1
1139 58 31 59 31 1311 1483 1484 1484
657 0 -1
1141 41 20 42 21 1313 1485 1486 1487
658 7 -1
1142 4 21 5 21 1314 1486 1487 1489
659 4 -1
1144 32 5 34 6 1316 1488 1489 1491
660 2 -1
1147 65 33 66 34 1319 1491 1492 1495
661 1 -1
1150 71 93 71 93 1322 1494 1495 1495
662 4 -1
1151 40 28 41 28 1323 1495 1496 1497
663 3 -1
1154 8 89 8 90 1326 1498 1499 1499
664 0 -1
1156 83 53 85 53 1328 1500 1501 1502
665 6 -1
1157 90 53 90 58 1329 1501 1502 1506
666 2 -1
1158 9 38 12 38 1330 1502 1503 1506
667 5 -1
1159 95 53 96 53 1331 1503 1504 1505
668 15 -1
1164 56 71 56 73 1336 1508 1509 1511
669 3 -1
1166 45 76 45 79 1338 1510 1511 1513
670 7 -1
1169 15 49 17 50 1341 1513 1514 1516
671 4 -1
1170 31 43 31 45 1342 1514 1515 1517
672 6 -1
1171 55 83 56 89 1343 1515 1516 1524
673 2 -1
1172 25 1 26 1 1344 1516 1517 1517
674 6 -1
1174 85 53 92 53 1346 1518 1519 1525
675 9 -1
1175 35 28 35 29 1347 1519 1520 1522
676 9 -1
1176 71 19 71 20 1348 1520 1521 1522
677 9 -1
1177 86 79 88 79 1349 1521 1522 1523
678 9 -1
1179 32 60 32 60 1351 1523 1524 1524
679 3 -1
1186 36 55 38 55 1358 1530 1531 1532
680 12 -1
1187 57 85 57 87 1359 1531 1532 1533
681 7 -1
1188 68 80 68 81 1360 1532 1533 1533
682 15 -1
1190 72 43 72 43 1362 1534 1535 1535
683 13 -1
1191 53 95 53 97 1363 1535 1536 1537
684 14 -1
1194 21 18 21 20 1366 1538 1539 1540
685 13 -1
1195 43 6 45 7 1367 1539 1540 1542
686 8 -1
1197 65 84 68 84 1369 1541 1542 1544
687 9 -1
1198 84 90 85 90 1370 1542 1543 1546
688 10 -1
1201 16 98 18 95 1373 1545 1546 1550
689 0 -1
1202 48 74 48 74 1374 1546 1547 1547
690 0 -1
1203 41 49 42 49 1375 1547 1548 1548
691 3 -1
1205 48 48 50 49 1377 1549 1550 1552
692 3 -1
1207 9 18 11 18 1379 1551 1552 1555
693 5 -1
1208 76 72 77 72 1380 1552 1553 1554
694 6 -1
1209 89 80 89 81 1381 1553 1554 1554
695 2 -1
1211 15 29 16 29 1383 1555 1556 1559
696 13 -1
1214 45 49 48 49 1386 1558 1559 1564
697 3 -1
1217 71 65 72 66 1389 1561 1562 1563
698 4 -1
1218 26 95 27 95 1390 1562 1563 1563
699 14 -1
1219 80 1 81 4 1391 1563 1564 1570
700 15 -1
1220 90 70 90 70 1392 1564 1565 1565
701 0 -1
1222 14 54 15 55 1394 1566 1567 1569
702 5 -1
1223 79 24 81 24 1395 1567 1568 1571
703 11 -1
1226 71 82 73 83 1398 1570 1571 1573
704 14 -1
1227 47 79 47 80 1399 1571 1572 1572
705 15 -1
1229 1 56 2 56 1401 1573 1574 1574
706 7 -1
1230 95 37 96 38 1402 1574 1575 1579
707 4 -1
1231 72 91 73 91 1403 1575 1576 1576
708 0 -1
1233 74 1 76 1 1405 1577 1578 1579
709 2 -1
1235 71 49 72 51 1407 1579 1580 1583
710 3 -1
1236 33 71 35 71 1408 1580 1581 1585
711 1 -1
1237 76 62 78 64 1409 1581 1582 1586
712 8 -1
1238 88 0 93 0 1410 1582 1583 1587
713 8 -1
1240 79 30 81 32 1412 1584 1585 1588
714 7 -1
1241 7 93 7 93 1413 1585 1586 1586
715 5 -1
1242 66 66 70 67 1414 1586 1587 1599
716 8 -1
1243 60 24 61 24 1415 1587 1588 1589
717 6 -1
1244 31 72 36 74 1416 1588 1589 1595
718 1 -1
1246 29 64 29 72 1418 1590 1591 1599
719 5 -1
1250 56 86 57 86 1422 1594 1595 1595
720 13 -1
1254 56 34 61 35 1426 1598 1599 1605
721 1 -1
1255 72 30 74 32 1427 1599 1600 1603
722 9 -1
1258 94 29 78 29 1430 1602 1603 1618
723 7 -1
1259 70 38 73 52 1431 1603 1604 1621
724 7 -1
1260 50 60 56 60 1432 1604 1605 1610
725 12 -1
1261 57 1 58 3 1433 1605 1606 1612
726 6 -1
1263 23 10 29 10 1435 1607 1608 1614
727 4 -1
1264 66 89 70 89 1436 1608 1609 1612
728 15 -1
1265 20 52 21 53 1437 1609 1610 1611
729 1 -1
1266 56 39 57 39 1438 1610 1611 1611
730 13 -1
1268 94 2 94 4 1440 1612 1613 1615
731 13 -1
1276 62 21 63 21 1448 1620 1621 1621
732 12 -1
1277 65 5 67 6 1449 1621 1622 1626
733 10 -1
1281 7 93 9 93 1453 1625 1626 1627
734 14 -1
1284 10 96 12 96 1456 1628 1629 1630
735 3 -1
1287 21 39 21 41 1459 1631 1632 1635
736 6 -1
1290 46 19 51 19 1462 1634 1635 1641
737 9 -1
1291 92 87 95 87 1463 1635 1636 1638
738 0 -1
1292 38 29 50 40 1464 1636 1637 1662
739 7 -1
1297 15 68 15 69 1469 1641 1642 1644
740 5 -1
1298 97 16 97 16 1470 1642 1643 1643
741 2 -1
1299 2 13 4 13 1471 1643 1644 1646
742 15 -1
1300 51 3 52 3 1472 1644 1645 1646
743 1 -1
1307 61 75 61 75 1479 1651 1652 1652
744 2 -1
1309 94 21 94 22 1481 1653 1654 1655
745 6 -1
1312 48 23 49 23 1484 1656 1657 1658
746 4 -1
1313 90 66 90 67 1485 1657 1658 1658
747 6 -1
1314 68 30 71 31 1486 1658 1659 1662
748 4 -1
1315 24 18 27 18 1487 1659 1660 1664
749 15 -1
1316 54 73 54 74 1488 1660 1661 1662
750 11 -1
1317 94 3 94 5 1489 1661 1662 1663
751 2 -1
1318 34 8 34 10 1490 1662 1663 1665
752 11 -1
1319 62 68 64 68 1491 1663 1664 1665
753 10 -1
1320 41 42 41 42 1492 1664 1665 1665
754 7 -1
1321 54 73 55 74 1493 1665 1666 1667
755 10 -1
1323 13 94 13 95 1495 1667 1668 1669
756 9 -1
1324 68 48 69 48 1496 1668 1669 1673
757 13 -1
1325 60 38 62 38 1497 1669 1670 1675
758 13 -1
1326 53 80 54 80 1498 1670 1671 1671
759 8 -1
1327 89 74 91 76 1499 1671 1672 1681
760 1 -1
1329 74 96 74 97 1501 1673 1674 1675
761 11 -1
1332 81 96 81 96 1504 1676 1677 1678
762 0 -1
1333 46 82 47 82 1505 1677 1678 1678
763 4 -1
1335 91 51 77 51 1507 1679 1680 1695
764 9 -1
1336 47 1 48 1 1508 1680 1681 1681
765 14 -1
1338 87 97 87 98 1510 1682 1683 1685
766 2 -1
1340 2 75 9 75 1512 1684 1685 1691
767 13 -1
1342 86 56 86 59 1514 1686 1687 1689
768 11 -1
1344 21 34 22 34 1516 1688 1689 1690
769 11 -1
1345 97 56 97 56 1517 1689 1690 1690
770 2 -1
1347 61 10 63 10 1519 1691 1692 1694
771 10 -1
1348 92 19 95 19 1520 1692 1693 1697
772 10 -1
1349 95 73 96 75 1521 1693 1694 1699
773 11 -1
1354 31 41 34 41 1526 1698 1699 1701
774 12 -1
1355 52 91 57 91 1527 1699 1700 1704
775 13 -1
1359 6 51 6 55 1531 1703 1704 1708
776 4 -1
1362 72 34 73 35 1534 1706 1707 1708
777 8 -1
1365 39 24 40 24 1537 1709 1710 1710
778 10 -1
1368 33 85 35 85 1540 1712 1713 1714
779 5 -1
1369 25 78 38 89 1541 1713 1714 1748
780 1 -1
1370 4 4 5 5 1542 1714 1715 1716
781 10 -1
1372 65 54 66 56 1544 1716 1717 1721
782 10 -1
1374 44 28 45 29 1546 1718 1719 1720
783 7 -1
1375 54 47 56 49 1547 1719 1720 1726
784 1 -1
1376 87 51 87 51 1548 1720 1721 1721
785 11 -1
1377 23 64 24 66 1549 1721 1722 1724
786 3 -1
1378 94 94 94 95 1550 1722 1723 1723
787 14 -1
1379 67 48 71 48 1551 1723 1724 1727
788 0 -1
1381 97 39 99 40 1553 1725 1726 1728
789 3 -1
1382 64 20 66 20 1554 1726 1727 1729
790 10 -1
1383 53 49 55 49 1555 1727 1728 1729
791 14 -1
1385 70 91 72 95 1557 1729 1730 1735
792 3 -1
1386 36 32 37 32 1558 1730 1731 1733
793 14 -1
1387 26 12 36 12 1559 1731 1732 1742
794 3 -1
1388 26 16 28 17 1560 1732 1733 1735
795 4 -1
1389 96 18 96 20 1561 1733 1734 1735
796 13 -1
1390 24 14 25 14 1562 1734 1735 1736
797 6 -1
1391 53 24 53 25 1563 1735 1736 1737
798 4 -1
1393 87 5 87 5 1565 1737 1738 1739
799 2 -1
1395 5 37 12 37 1567 1739 1740 1747
800 5 -1
1396 56 78 56 78 1568 1740 1741 1741
801 8 -1
1400 13 64 15 64 1572 1744 1745 1747
802 14 -1
1401 6 83 9 83 1573 1745 1746 1748
803 5 -1
1402 39 50 42 52 1574 1746 1747 1753
804 3 -1
1403 19 68 21 68 1575 1747 1748 1749
805 11 -1
1406 89 58 89 59 1578 1750 1751 1751
806 12 -1
1411 39 24 41 24 1583 1755 1756 1757
807 7 -1
1412 40 26 45 26 1584 1756 1757 1762
808 1 -1
1413 75 23 75 24 1585 1757 1758 1758
809 4 -1
1414 54 28 56 28 1586 1758 1759 1760
810 15 -1
1415 59 66 61 66 1587 1759 1760 1761
811 5 -1
1417 84 96 84 96 1589 1761 1762 1762
812 15 -1
1418 74 35 77 37 1590 1762 1763 1767
813 7 -1
1419 59 86 65 86 1591 1763 1764 1770
814 2 -1
1420 75 14 80 16 1592 1764 1765 1772
815 3 -1
1423 4 33 5 33 1595 1767 1768 1768
816 7 -1
1426 95 64 96 64 1598 1770 1771 1772
817 9 -1
1428 9 83 12 83 1600 1772 1773 1775
818 0 -1
1429 9 71 9 72 1601 1773 1774 1775
819 5 -1
1430 43 3 44 3 1602 1774 1775 1775
820 10 -1
1431 24 14 24 15 1603 1775 1776 1778
821 7 -1
1432 22 87 22 87 1604 1776 1777 1777
822 9 -1
1434 62 64 63 64 1606 1778 1779 1779
823 11 -1
1435 62 52 63 53 1607 1779 1780 1786
824 10 -1
1436 59 15 59 16 1608 1780 1781 1782
825 8 -1
1438 24 67 28 67 1610 1782 1783 1786
826 12 -1
1439 56 66 57 66 1611 1783 1784 1784
827 5 -1
1440 9 33 10 33 1612 1784 1785 1787
828 15 -1
1441 28 70 29 72 1613 1785 1786 1792
829 1 -1
1442 36 61 37 61 1614 1786 1787 1788
830 3 -1
1443 81 45 82 45 1615 1787 1788 1792
831 7 -1
1444 65 54 65 55 1616 1788 1789 1790
832 2 -1
1446 58 7 59 8 1618 1790 1791 1796
833 3 -1
1447 85 33 87 33 1619 1791 1792 1793
834 7 -1
1448 97 44 98 45 1620 1792 1793 1794
835 14 -1
1452 45 67 45 67 1624 1796 1797 1797
836 2 -1
1454 45 71 45 73 1626 1798 1799 1802
837 10 -1
1455 89 11 91 11 1627 1799 1800 1801
838 4 -1
1456 72 83 73 83 1628 1800 1801 1801
839 9 -1
1457 25 99 27 100 1629 1801 1802 1807
840 0 -1
1458 89 40 92 44 1630 1802 1803 1812
841 8 -1
1461 96 38 99 38 1633 1805 1806 1808
842 14 -1
1462 36 44 40 44 1634 1806 1807 1810
843 15 -1
1463 79 39 81 39 1635 1807 1808 1809
844 6 -1
1465 1 94 1 96 1637 1809 1810 1811
845 1 -1
1466 8 42 9 43 1638 1810 1811 1812
846 1 -1
1468 40 93 41 93 1640 1812 1813 1813
847 3 -1
1469 17 45 20 47 1641 1813 1814 1818
848 0 -1
1470 56 42 57 42 1642 1814 1815 1815
849 0 -1
1472 2 74 3 74 1644 1816 1817 1821
850 0 -1
1473 93 18 98 18 1645 1817 1818 1822
851 0 -1
1474 82 43 82 44 1646 1818 1819 1829
852 2 -1
1475 37 82 38 82 1647 1819 1820 1821
853 7 -1
1478 99 80 99 83 1650 1822 1823 1828
854 13 -1
1479 28 74 30 74 1651 1823 1824 1825
855 9 -1
1481 39 40 41 40 1653 1825 1826 1827
856 11 -1
1483 72 85 78 88 1655 1827 1828 1838
857 14 -1
1486 17 55 17 59 1658 1830 1831 1835
858 13 -1
1487 11 8 15 8 1659 1831 1832 1835
859 2 -1
1493 84 86 84 88 1665 1837 1838 1839
860 5 -1
1495 24 5 24 6 1667 1839 1840 1840
861 4 -1
1496 7 50 9 50 1668 1840 1841 1844
862 5 -1
1497 19 95 22 96 1669 1841 1842 1845
863 3 -1
1499 91 15 93 15 1671 1843 1844 1845
864 8 -1
1500 84 57 86 57 1672 1844 1845 1846
865 0 -1
1501 1 93 1 100 1673 1845 1846 1853
866 3 -1
1502 0 93 4 93 1674 1846 1847 1850
867 10 -1
1504 94 40 85 40 1676 1848 1849 1861
868 13 -1
1505 83 76 86 82 1677 1849 1850 1859
869 15 -1
1506 51 33 52 34 1678 1850 1851 1852
870 8 -1
1507 7 90 7 91 1679 1851 1852 1854
871 5 -1
1508 24 42 27 43 1680 1852 1853 1858
872 14 -1
1509 18 98 19 98 1681 1853 1854 1854
873 5 -1
1511 80 76 81 77 1683 1855 1856 1857
874 11 -1
1513 64 13 66 15 1685 1857 1858 1862
875 13 -1
1515 25 24 25 25 1687 1859 1860 1860
876 15 -1
1516 91 49 91 49 1688 1860 1861 1863
877 3 -1
1517 25 11 28 11 1689 1861 1862 1864
878 11 -1
1518 4 45 5 47 1690 1862 1863 1865
879 12 -1
1519 19 55 23 55 1691 1863 1864 1867
880 1 -1
1521 37 75 40 76 1693 1865 1866 1869
881 9 -1
1522 21 0 21 1 1694 1866 1867 1868
882 14 -1
1523 96 26 96 27 1695 1867 1868 1869
883 13 -1
1527 40 9 41 11 1699 1871 1872 1875
884 0 -1
1528 27 11 27 11 1700 1872 1873 1873
885 2 -1
1533 33 28 33 29 1705 1877 1878 1878
886 12 -1
1534 91 97 96 99 1706 1878 1879 1887
887 15 -1
1535 10 87 13 87 1707 1879 1880 1882
888 2 -1
1536 86 53 87 53 1708 1880 1881 1882
889 13 -1
1538 42 20 45 20 1710 1882 1883 1886
890 12 -1
1540 77 79 78 79 1712 1884 1885 1885
891 4 -1
1543 66 75 67 77 1715 1887 1888 1890
892 6 -1
1544 88 13 90 13 1716 1888 1889 1890
893 14 -1
1545 10 4 11 4 1717 1889 1890 1891
894 14 -1
1547 69 72 74 72 1719 1891 1892 1896
895 7 -1
1550 29 1 30 1 1722 1894 1895 1896
896 5 -1
1551 31 99 33 99 1723 1895 1896 1897
897 10 -1
1552 23 25 25 28 1724 1896 1897 1901
898 8 -1
1554 94 6 95 6 1726 1898 1899 1902
899 2 -1
1555 37 41 38 41 1727 1899 1900 1901
900 9 -1
1556 43 45 44 46 1728 1900 1901 1902
901 4 -1
1559 6 23 9 25 1731 1903 1904 1909
902 2 -1
1560 45 95 50 96 1732 1904 1905 1910
903 8 -1
1562 15 86 16 86 1734 1906 1907 1908
904 2 -1
1563 92 41 94 42 1735 1907 1908 1917
905 11 -1
1564 31 65 32 65 1736 1908 1909 1910
906 2 -1
1566 54 11 54 13 1738 1910 1911 1912
907 0 -1
1567 87 11 90 12 1739 1911 1912 1915
908 11 -1
1573 95 91 96 93 1745 1917 1918 1925
909 1 -1
1575 56 83 57 83 1747 1919 1920 1920
910 9 -1
1576 49 27 51 27 1748 1920 1921 1922
911 4 -1
1577 96 53 96 54 1749 1921 1922 1923
912 8 -1
1579 26 30 27 32 1751 1923 1924 1926
913 1 -1
1580 50 96 52 96 1752 1924 1925 1926
914 8 -1
1582 97 60 97 61 1754 1926 1927 1927
915 9 -1
1584 42 59 42 59 1756 1928 1929 1929
916 14 -1
1587 41 3 48 4 1759 1931 1932 1943
917 9 -1
1588 79 2 82 3 1760 1932 1933 1936
918 2 -1
1589 54 73 54 73 1761 1933 1934 1935
919 0 -1
1590 75 58 78 58 1762 1934 1935 1937
920 2 -1
1591 47 30 51 30 1763 1935 1936 1940
921 15 -1
1593 71 81 75 81 1765 1937 1938 1941
922 8 -1
1594 26 82 26 83 1766 1938 1939 1940
923 4 -1
1596 38 94 40 94 1768 1940 1941 1942
924 0 -1
1598 88 84 88 85 1770 1942 1943 1943
925 7 -1
1599 10 51 10 51 1771 1943 1944 1947
926 14 -1
1600 56 2 57 2 1772 1944 1945 1945
927 3 -1
1603 40 92 41 92 1775 1947 1948 1948
928 4 -1
1606 40 10 42 10 1778 1950 1951 1952
929 7 -1
1608 12 0 12 0 1780 1952 1953 1953
930 0 -1
1609 55 29 55 29 1781 1953 1954 1955
931 2 -1
1610 63 10 64 10 1782 1954 1955 1955
932 3 -1
1611 19 27 20 27 1783 1955 1956 1957
933 13 -1
1613 38 26 40 26 1785 1957 1958 1959
934 15 -1
1615 26 42 26 42 1787 1959 1960 1960
935 7 -1
1618 0 98 1 99 1790 1962 1963 1965
936 9 -1
1620 66 89 71 89 1792 1964 1965 1969
937 5 -1
1621 18 22 25 22 1793 1965 1966 1972
938 14 -1
1623 85 60 90 60 1795 1967 1968 1972
939 10 -1
1624 98 41 98 42 1796 1968 1969 1969
940 9 -1
1625 44 73 47 73 1797 1969 1970 1972
941 4 -1
1626 91 2 92 3 1798 1970 1971 1972
942 1 -1
1627 66 24 77 26 1799 1971 1972 1984
943 13 -1
1629 67 84 67 84 1801 1973 1974 1974
944 14 -1
1631 60 57 62 57 1803 1975 1976 1977
945 15 -1
1633 34 7 36 8 1805 1977 1978 1987
946 0 -1
1634 80 89 82 89 1806 1978 1979 1980
947 3 -1
1637 46 33 46 33 1809 1981 1982 1982
948 8 -1
1638 19 99 20 97 1810 1982 1983 1985
949 7 -1
1640 25 88 32 90 1812 1984 1985 1994
950 10 -1
1641 33 47 35 48 1813 1985 1986 1988
951 1 -1
1642 30 77 30 77 1814 1986 1987 1990
952 7 -1
1645 52 1 52 2 1817 1989 1990 1990
953 14 -1
1648 11 65 13 65 1820 1992 1993 1994
954 10 -1
1649 46 25 48 25 1821 1993 1994 1995
955 1 -1
1650 58 74 59 74 1822 1994 1995 1995
956 5 -1
1656 61 69 62 69 1828 2000 2001 2004
957 4 -1
1657 92 57 94 58 1829 2001 2002 2004
958 10 -1
1659 83 41 86 41 1831 2003 2004 2007
959 2 -1
1660 90 8 94 8 1832 2004 2005 2008
960 5 -1
1661 9 67 16 67 1833 2005 2006 2012
961 1 -1
1662 53 61 59 62 1834 2006 2007 2013
962 2 -1
1663 35 64 39 65 1835 2007 2008 2014
963 10 -1
1664 53 13 55 13 1836 2008 2009 2010
964 12 -1
1665 71 97 71 97 1837 2009 2010 2010
965 6 -1
1668 90 27 90 27 1840 2012 2013 2015
966 15 -1
1671 6 53 8 55 1843 2015 2016 2023
967 15 -1
1672 99 76 98 78 1844 2016 2017 2020
968 5 -1
1673 46 63 49 64 1845 2017 2018 2022
969 12 -1
1675 55 82 56 82 1847 2019 2020 2020
970 4 -1
1676 78 90 78 92 1848 2020 2021 2023
971 5 -1
1678 91 58 93 58 1850 2022 2023 2025
972 1 -1
1679 91 96 97 96 1851 2023 2024 2030
973 7 -1
1680 0 0 0 4 1852 2024 2025 2028
974 3 -1
1683 68 58 71 59 1855 2027 2028 2034
975 10 -1
1685 87 99 89 99 1857 2029 2030 2032
976 0 -1
1686 90 43 80 43 1858 2030 2031 2040
977 4 -1
1687 2 74 4 76 1859 2031 2032 2035
978 0 -1
1688 7 2 11 2 1860 2032 2033 2038
979 15 -1
1690 70 82 71 83 1862 2034 2035 2038
980 0 -1
1691 19 56 20 56 1863 2035 2036 2037
981 7 -1
1692 4 41 5 41 1864 2036 2037 2039
982 15 -1
1694 10 21 11 21 1866 2038 2039 2039
983 0 -1
1695 97 29 94 30 1867 2039 2040 2043
984 3 -1
1696 7 45 10 45 1868 2040 2041 2043
985 13 -1
1697 44 26 46 26 1869 2041 2042 2043
986 12 -1
1698 14 32 15 32 1870 2042 2043 2044
987 11 -1
1700 41 13 41 14 1872 2044 2045 2046
988 9 -1
1702 72 24 74 35 1874 2046 2047 2060
989 15 -1
1703 76 34 77 34 1875 2047 2048 2048
990 11 -1
1704 91 57 92 59 1876 2048 2049 2051
991 14 -1
1709 24 14 24 15 1881 2053 2054 2056
992 4 -1
1712 95 83 95 84 1884 2056 2057 2059
993 11 -1
1714 92 23 96 23 1886 2058 2059 2062
994 7 -1
1717 84 61 86 63 1889 2061 2062 2065
995 2 -1
1718 17 0 19 0 1890 2062 2063 2064
996 0 -1
1720 11 74 13 78 1892 2064 2065 2070
997 12 -1
1722 91 89 91 89 1894 2066 2067 2067
998 4 -1
1723 43 92 45 92 1895 2067 2068 2069
999 10 -1
1725 23 45 25 45 1897 2069 2070 2071
1000 15 -1
1726 44 72 44 74 1898 2070 2071 2073
