100 100 2591
1
0 49 59
36
0 0 0 100 6
0
1 0 0 100 6
0
2 0 0 100 6
0
3 0 0 100 6
0
4 0 0 100 6
0
5 0 0 100 6
0
6 0 0 100 6
0
7 0 0 100 6
0
8 0 0 100 6
0
9 0 0 100 6
0
10 0 0 100 6
0
11 0 0 100 6
0
12 0 0 100 6
0
13 0 0 100 6
0
14 0 0 100 6
0
15 0 0 100 6
0
16 0 0 100 6
0
17 0 0 100 6
0
18 0 0 100 6
0
19 0 0 100 6
0
20 0 0 100 6
0
21 0 0 100 6
0
22 0 0 100 6
0
23 0 0 100 6
0
24 0 0 100 6
0
25 0 0 100 6
0
26 0 0 100 6
0
27 0 0 100 6
0
28 0 0 100 6
0
29 0 0 100 6
0
30 0 0 100 6
0
31 0 0 100 6
0
32 0 0 100 6
0
33 0 0 100 6
0
34 0 0 100 6
0
35 0 0 100 6
0
1000
1 0 -1
2 5 25 8 25 433 864 865 867
2 0 -1
5 42 69 44 69 436 867 868 872
3 0 -1
7 75 69 77 71 438 869 870 873
4 0 -1
8 2 4 10 5 439 870 871 879
5 0 -1
9 16 14 17 17 440 871 872 877
6 0 -1
10 6 57 7 58 441 872 873 876
7 0 -1
11 90 24 91 25 442 873 874 879
8 0 -1
12 21 4 23 4 443 874 875 876
9 0 -1
13 46 95 47 95 444 875 876 877
10 0 -1
14 44 53 47 53 445 876 877 879
11 0 -1
15 27 24 30 27 446 877 878 883
12 0 -1
17 66 80 69 80 448 879 880 883
13 0 -1
18 12 59 14 61 449 880 881 886
14 0 -1
19 33 39 33 40 450 881 882 882
15 0 -1
20 8 89 8 91 451 882 883 884
16 0 -1
21 84 86 86 86 452 883 884 885
17 0 -1
22 23 70 24 71 453 884 885 888
18 0 -1
24 66 71 68 71 455 886 887 888
19 0 -1
29 84 33 90 33 460 891 892 897
20 0 -1
30 81 65 83 65 461 892 893 894
21 0 -1
31 19 37 20 38 462 893 894 895
22 0 -1
33 13 95 17 95 464 895 896 901
23 0 -1
35 66 96 67 96 466 897 898 898
24 0 -1
36 73 25 75 25 467 898 899 900
25 0 -1
39 92 83 92 84 470 901 902 902
26 0 -1
40 88 2 89 2 471 902 903 903
27 0 -1
41 85 74 86 74 472 903 904 905
28 0 -1
42 29 81 30 81 473 904 905 905
29 0 -1
43 75 81 76 81 474 905 906 906
30 0 -1
45 48 38 48 38 476 907 908 909
31 0 -1
49 12 79 14 80 480 911 912 914
32 0 -1
52 92 41 97 42 483 914 915 921
33 0 -1
53 15 33 16 33 484 915 916 920
34 0 -1
54 94 48 94 48 485 916 917 917
35 0 -1
56 47 51 55 59 487 918 919 935
36 0 -1
57 24 37 24 38 488 919 920 921
37 0 -1
59 99 84 98 84 490 921 922 922
38 0 -1
61 60 68 61 68 492 923 924 925
39 0 -1
62 81 95 82 99 493 924 925 932
40 0 -1
64 93 49 85 59 495 926 927 945
41 0 -1
69 40 53 40 54 500 931 932 933
42 0 -1
71 4 89 11 90 502 933 934 941
43 0 -1
73 91 29 95 30 504 935 936 940
44 0 -1
76 45 62 45 63 507 938 939 941
45 0 -1
78 50 35 50 36 509 940 941 942
46 0 -1
80 77 67 79 67 511 942 943 945
47 0 -1
81 87 80 88 81 512 943 944 945
48 0 -1
82 28 84 29 89 513 944 945 950
49 0 -1
83 39 13 44 13 514 945 946 950
50 0 -1
84 76 20 77 20 515 946 947 947
51 0 -1
86 33 56 36 61 517 948 949 958
52 0 -1
87 8 0 9 0 518 949 950 950
53 0 -1
90 98 11 99 11 521 952 953 953
54 0 -1
91 91 35 94 36 522 953 954 957
55 0 -1
92 9 80 9 81 523 954 955 955
56 0 -1
93 73 53 74 53 524 955 956 958
57 0 -1
94 2 12 2 16 525 956 957 962
58 0 -1
96 61 56 63 56 527 958 959 960
59 0 -1
103 81 48 81 48 534 965 966 968
60 0 -1
105 51 0 51 0 536 967 968 969
61 0 -1
106 71 27 72 34 537 968 969 978
62 0 -1
107 86 42 87 43 538 969 970 972
63 0 -1
108 33 29 39 31 539 970 971 978
64 0 -1
110 47 61 55 61 541 972 973 980
65 0 -1
111 96 73 97 73 542 973 974 974
66 0 -1
114 15 69 17 72 545 976 977 982
67 0 -1
115 31 42 31 44 546 977 978 982
68 0 -1
116 42 37 53 37 547 978 979 990
69 0 -1
119 37 73 37 74 550 981 982 984
70 0 -1
120 2 93 2 94 551 982 983 983
71 0 -1
122 94 31 97 32 553 984 985 988
72 0 -1
123 97 45 97 45 554 985 986 988
73 0 -1
124 94 93 94 94 555 986 987 990
74 0 -1
127 94 66 95 66 558 989 990 990
75 0 -1
128 75 48 79 53 559 990 991 1009
76 0 -1
130 99 78 98 78 561 992 993 993
77 0 -1
132 26 21 33 24 563 994 995 1009
78 0 -1
134 76 33 76 34 565 996 997 997
79 0 -1
135 35 14 40 20 566 997 998 1008
80 0 -1
136 76 19 77 19 567 998 999 1000
81 0 -1
139 60 38 61 38 570 1001 1002 1002
82 0 -1
140 36 96 40 96 571 1002 1003 1006
83 0 -1
141 15 18 17 20 572 1003 1004 1008
84 0 -1
144 49 85 51 85 575 1006 1007 1011
85 0 -1
145 19 66 19 67 576 1007 1008 1009
86 0 -1
146 58 78 59 78 577 1008 1009 1009
87 0 -1
147 91 96 92 96 578 1009 1010 1010
88 0 -1
148 19 59 20 59 579 1010 1011 1011
89 0 -1
149 10 57 11 58 580 1011 1012 1013
90 0 -1
150 2 45 7 45 581 1012 1013 1018
91 0 -1
153 51 11 52 11 584 1015 1016 1016
92 0 -1
154 35 7 35 10 585 1016 1017 1020
93 0 -1
155 83 87 84 88 586 1017 1018 1021
94 0 -1
156 93 12 97 13 587 1018 1019 1023
95 0 -1
157 69 9 70 13 588 1019 1020 1024
96 0 -1
160 65 19 67 21 591 1022 1023 1028
97 0 -1
162 38 90 39 90 593 1024 1025 1025
98 0 -1
163 93 85 94 85 594 1025 1026 1026
99 0 -1
166 31 22 32 23 597 1028 1029 1030
100 0 -1
167 20 37 20 40 598 1029 1030 1034
101 0 -1
168 80 33 81 33 599 1030 1031 1032
102 0 -1
169 28 59 30 61 600 1031 1032 1036
103 0 -1
170 81 43 81 45 601 1032 1033 1037
104 0 -1
172 49 57 51 59 603 1034 1035 1039
105 0 -1
173 90 5 94 5 604 1035 1036 1040
106 0 -1
174 55 76 57 76 605 1036 1037 1038
107 0 -1
179 49 13 50 13 610 1041 1042 1042
108 0 -1
183 78 42 82 42 614 1045 1046 1050
109 0 -1
184 36 16 37 17 615 1046 1047 1048
110 0 -1
185 42 11 44 11 616 1047 1048 1049
111 0 -1
186 96 67 87 67 617 1048 1049 1057
112 0 -1
187 53 28 58 28 618 1049 1050 1055
113 0 -1
189 4 31 6 34 620 1051 1052 1056
114 0 -1
190 73 99 75 97 621 1052 1053 1057
115 0 -1
193 86 93 87 93 624 1055 1056 1056
116 0 -1
196 0 25 0 26 627 1058 1059 1060
117 0 -1
197 46 90 47 90 628 1059 1060 1060
118 0 -1
198 58 73 64 78 629 1060 1061 1078
119 0 -1
199 22 25 23 25 630 1061 1062 1062
120 0 -1
200 74 55 75 56 631 1062 1063 1064
121 0 -1
201 69 27 69 28 632 1063 1064 1064
122 0 -1
204 57 53 58 53 635 1066 1067 1067
123 0 -1
208 17 41 17 41 639 1070 1071 1071
124 0 -1
209 12 95 13 95 640 1071 1072 1072
125 0 -1
211 8 93 10 94 642 1073 1074 1076
126 0 -1
212 5 62 7 62 643 1074 1075 1076
127 0 -1
213 30 82 37 83 644 1075 1076 1083
128 0 -1
214 4 43 8 44 645 1076 1077 1081
129 0 -1
218 11 64 16 64 649 1080 1081 1087
130 0 -1
219 41 98 42 99 650 1081 1082 1083
131 0 -1
224 24 98 26 99 655 1086 1087 1089
132 0 -1
225 66 12 67 13 656 1087 1088 1089
133 0 -1
229 87 33 93 33 660 1091 1092 1097
134 0 -1
230 67 61 68 61 661 1092 1093 1093
135 0 -1
231 90 57 93 57 662 1093 1094 1096
136 0 -1
236 10 92 11 92 667 1098 1099 1100
137 0 -1
237 36 76 37 76 668 1099 1100 1101
138 0 -1
240 15 46 16 48 671 1102 1103 1113
139 0 -1
242 31 36 33 36 673 1104 1105 1106
140 0 -1
244 83 27 88 27 675 1106 1107 1111
141 0 -1
245 43 11 49 11 676 1107 1108 1113
142 0 -1
246 30 19 32 19 677 1108 1109 1111
143 0 -1
247 16 88 16 91 678 1109 1110 1112
144 0 -1
248 33 70 35 70 679 1110 1111 1113
145 0 -1
250 13 32 13 34 681 1112 1113 1114
146 0 -1
251 3 1 3 2 682 1113 1114 1116
147 0 -1
253 16 25 16 26 684 1115 1116 1116
148 0 -1
255 80 84 82 84 686 1117 1118 1119
149 0 -1
256 77 53 80 53 687 1118 1119 1122
150 0 -1
257 28 16 29 19 688 1119 1120 1123
151 0 -1
258 17 29 18 29 689 1120 1121 1121
152 0 -1
260 13 21 14 21 691 1122 1123 1124
153 0 -1
261 33 1 35 4 692 1123 1124 1135
154 0 -1
266 22 59 23 62 697 1128 1129 1132
155 0 -1
267 56 60 59 60 698 1129 1130 1132
156 0 -1
268 12 63 13 64 699 1130 1131 1132
157 0 -1
269 61 23 61 24 700 1131 1132 1132
158 0 -1
271 83 11 85 14 702 1133 1134 1139
159 0 -1
272 83 23 83 24 703 1134 1135 1135
160 0 -1
274 53 90 53 92 705 1136 1137 1149
161 0 -1
277 69 4 70 4 708 1139 1140 1141
162 0 -1
278 21 60 27 60 709 1140 1141 1146
163 0 -1
279 42 68 46 68 710 1141 1142 1145
164 0 -1
280 40 58 40 59 711 1142 1143 1145
165 0 -1
283 44 79 44 80 714 1145 1146 1146
166 0 -1
285 75 97 76 99 716 1147 1148 1150
167 0 -1
286 39 36 42 36 717 1148 1149 1151
168 0 -1
289 75 46 75 47 720 1151 1152 1154
169 0 -1
293 15 99 18 100 724 1155 1156 1159
170 0 -1
294 61 27 63 29 725 1156 1157 1160
171 0 -1
295 1 12 2 12 726 1157 1158 1159
172 0 -1
296 17 89 19 91 727 1158 1159 1162
173 0 -1
303 90 22 99 22 734 1165 1166 1174
174 0 -1
305 45 72 50 72 736 1167 1168 1172
175 0 -1
306 33 92 33 92 737 1168 1169 1169
176 0 -1
307 2 64 2 66 738 1169 1170 1171
177 0 -1
310 69 9 72 10 741 1172 1173 1176
178 0 -1
311 28 86 29 88 742 1173 1174 1177
179 0 -1
312 27 28 28 30 743 1174 1175 1183
180 0 -1
313 32 88 32 88 744 1175 1176 1176
181 0 -1
315 5 29 6 29 746 1177 1178 1179
182 0 -1
320 78 71 79 72 751 1182 1183 1198
183 0 -1
321 82 35 82 35 752 1183 1184 1186
184 0 -1
323 19 77 22 79 754 1185 1186 1198
185 0 -1
325 91 57 96 60 756 1187 1188 1195
186 0 -1
326 36 82 37 82 757 1188 1189 1189
187 0 -1
327 20 74 21 75 758 1189 1190 1192
188 0 -1
328 63 21 66 23 759 1190 1191 1195
189 0 -1
329 77 11 78 12 760 1191 1192 1194
190 0 -1
330 73 8 75 10 761 1192 1193 1197
191 0 -1
337 92 97 98 100 768 1199 1200 1212
192 0 -1
340 53 97 56 97 771 1202 1203 1205
193 0 -1
342 70 77 70 77 773 1204 1205 1205
194 0 -1
343 13 20 16 20 774 1205 1206 1208
195 0 -1
345 8 64 13 70 776 1207 1208 1219
196 0 -1
349 39 41 39 42 780 1211 1212 1212
197 0 -1
351 85 58 85 58 782 1213 1214 1214
198 0 -1
354 10 64 13 65 785 1216 1217 1222
199 0 -1
356 49 19 50 19 787 1218 1219 1219
200 0 -1
357 92 33 93 34 788 1219 1220 1223
201 0 -1
358 65 44 72 44 789 1220 1221 1227
202 0 -1
359 12 53 15 53 790 1221 1222 1224
203 0 -1
360 20 67 22 67 791 1222 1223 1224
204 0 -1
361 8 0 8 4 792 1223 1224 1229
205 0 -1
363 47 55 48 55 794 1225 1226 1226
206 0 -1
364 17 34 18 34 795 1226 1227 1227
207 0 -1
365 86 70 86 72 796 1227 1228 1229
208 0 -1
367 72 61 75 61 798 1229 1230 1235
209 0 -1
371 83 41 84 41 802 1233 1234 1234
210 0 -1
372 48 55 51 56 803 1234 1235 1242
211 0 -1
373 59 25 59 25 804 1235 1236 1238
212 0 -1
374 96 63 97 63 805 1236 1237 1237
213 0 -1
375 3 28 3 29 806 1237 1238 1238
214 0 -1
377 94 65 94 66 808 1239 1240 1240
215 0 -1
379 73 83 74 83 810 1241 1242 1242
216 0 -1
380 39 57 40 57 811 1242 1243 1243
217 0 -1
381 74 88 74 93 812 1243 1244 1248
218 0 -1
382 68 46 68 47 813 1244 1245 1246
219 0 -1
383 31 47 32 47 814 1245 1246 1246
220 0 -1
388 20 82 21 82 819 1250 1251 1251
221 0 -1
391 97 68 98 68 822 1253 1254 1255
222 0 -1
392 89 89 91 89 823 1254 1255 1256
223 0 -1
394 51 8 54 8 825 1256 1257 1259
224 0 -1
396 87 35 91 35 827 1258 1259 1263
225 0 -1
397 9 40 9 40 828 1259 1260 1260
226 0 -1
400 23 96 25 96 831 1262 1263 1264
227 0 -1
401 16 41 18 41 832 1263 1264 1265
228 0 -1
403 14 80 19 80 834 1265 1266 1270
229 0 -1
404 70 86 71 86 835 1266 1267 1268
230 0 -1
407 90 52 90 53 838 1269 1270 1270
231 0 -1
408 65 15 67 15 839 1270 1271 1273
232 0 -1
411 40 31 42 31 842 1273 1274 1275
233 0 -1
412 89 24 90 24 843 1274 1275 1275
234 0 -1
414 40 85 41 85 845 1276 1277 1277
235 0 -1
418 7 12 8 12 849 1280 1281 1281
236 0 -1
420 75 62 76 62 851 1282 1283 1283
237 0 -1
421 0 38 0 39 852 1283 1284 1285
238 0 -1
423 8 76 9 76 854 1285 1286 1286
239 0 -1
426 14 31 15 32 857 1288 1289 1293
240 0 -1
428 10 8 11 9 859 1290 1291 1292
241 0 -1
433 62 37 62 37 864 1295 1296 1297
242 0 -1
437 42 84 43 84 868 1299 1300 1300
243 0 -1
439 96 15 97 16 870 1301 1302 1303
244 0 -1
441 46 70 51 73 872 1303 1304 1311
245 0 -1
446 80 63 83 63 877 1308 1309 1312
246 0 -1
448 97 49 97 52 879 1310 1311 1313
247 0 -1
450 17 54 18 58 881 1312 1313 1320
248 0 -1
452 40 2 40 3 883 1314 1315 1317
249 0 -1
455 54 72 57 72 886 1317 1318 1320
250 0 -1
460 15 5 18 8 891 1322 1323 1328
251 0 -1
461 58 33 58 33 892 1323 1324 1325
252 0 -1
462 44 67 47 67 893 1324 1325 1327
253 0 -1
464 52 54 52 56 895 1326 1327 1328
254 0 -1
469 61 67 63 67 900 1331 1332 1333
255 0 -1
471 99 78 91 79 902 1333 1334 1344
256 0 -1
475 18 91 18 92 906 1337 1338 1339
257 0 -1
478 38 93 42 93 909 1340 1341 1344
258 0 -1
479 20 51 21 51 910 1341 1342 1343
259 0 -1
480 79 94 83 97 911 1342 1343 1350
260 0 -1
481 13 3 13 5 912 1343 1344 1349
261 0 -1
482 89 63 89 64 913 1344 1345 1345
262 0 -1
484 30 25 32 25 915 1346 1347 1350
263 0 -1
486 87 76 89 76 917 1348 1349 1351
264 0 -1
488 33 5 36 5 919 1350 1351 1353
265 0 -1
489 65 30 75 30 920 1351 1352 1364
266 0 -1
491 70 43 70 44 922 1353 1354 1355
267 0 -1
493 83 67 83 68 924 1355 1356 1356
268 0 -1
496 97 16 97 16 927 1358 1359 1359
269 0 -1
501 26 46 27 46 932 1363 1364 1365
270 0 -1
502 71 37 72 39 933 1364 1365 1368
271 0 -1
505 13 74 14 74 936 1367 1368 1369
272 0 -1
506 10 73 10 74 937 1368 1369 1373
273 0 -1
507 80 45 80 46 938 1369 1370 1373
274 0 -1
509 9 8 9 9 940 1371 1372 1372
275 0 -1
511 11 32 11 32 942 1373 1374 1375
276 0 -1
512 46 58 47 58 943 1374 1375 1375
277 0 -1
515 21 35 24 35 946 1377 1378 1380
278 0 -1
516 70 54 70 66 947 1378 1379 1391
279 0 -1
517 62 55 63 57 948 1379 1380 1383
280 0 -1
518 52 35 53 35 949 1380 1381 1382
281 0 -1
520 17 75 18 75 951 1382 1383 1383
282 0 -1
522 40 99 42 100 953 1384 1385 1393
283 0 -1
523 85 38 86 38 954 1385 1386 1386
284 0 -1
525 2 21 4 21 956 1387 1388 1389
285 0 -1
526 47 21 47 22 957 1388 1389 1390
286 0 -1
528 13 38 17 39 959 1390 1391 1395
287 0 -1
530 15 84 18 84 961 1392 1393 1396
288 0 -1
533 37 91 37 92 964 1395 1396 1397
289 0 -1
535 72 0 75 0 966 1397 1398 1400
290 0 -1
536 95 50 97 50 967 1398 1399 1400
291 0 -1
537 51 67 52 67 968 1399 1400 1400
292 0 -1
538 55 99 57 100 969 1400 1401 1403
293 0 -1
540 16 42 20 42 971 1402 1403 1406
294 0 -1
541 70 73 73 73 972 1403 1404 1406
295 0 -1
542 96 47 98 48 973 1404 1405 1412
296 0 -1
543 90 21 92 21 974 1405 1406 1407
297 0 -1
546 76 64 78 64 977 1408 1409 1410
298 0 -1
547 13 16 14 17 978 1409 1410 1411
299 0 -1
550 72 98 73 98 981 1412 1413 1413
300 0 -1
552 35 4 38 4 983 1414 1415 1417
301 0 -1
553 80 97 81 97 984 1415 1416 1417
302 0 -1
555 96 28 96 28 986 1417 1418 1422
303 0 -1
556 94 97 94 99 987 1418 1419 1420
304 0 -1
558 79 4 80 4 989 1420 1421 1421
305 0 -1
559 41 88 45 89 990 1421 1422 1426
306 0 -1
560 68 87 69 87 991 1422 1423 1424
307 0 -1
562 11 55 11 56 993 1424 1425 1425
308 0 -1
565 95 33 99 33 996 1427 1428 1431
309 0 -1
566 27 49 31 49 997 1428 1429 1432
310 0 -1
567 41 12 42 12 998 1429 1430 1430
311 0 -1
570 56 11 56 14 1001 1432 1433 1436
312 0 -1
572 16 3 16 4 1003 1434 1435 1437
313 0 -1
573 24 77 24 80 1004 1435 1436 1438
314 0 -1
575 57 46 57 47 1006 1437 1438 1439
315 0 -1
577 50 53 50 53 1008 1439 1440 1440
316 0 -1
578 3 1 5 1 1009 1440 1441 1442
317 0 -1
579 15 97 15 99 1010 1441 1442 1446
318 0 -1
580 60 16 61 16 1011 1442 1443 1443
319 0 -1
585 35 88 35 90 1016 1447 1448 1450
320 0 -1
588 5 90 9 91 1019 1450 1451 1455
321 0 -1
589 81 1 95 1 1020 1451 1452 1466
322 0 -1
592 5 98 6 98 1023 1454 1455 1455
323 0 -1
594 62 21 64 21 1025 1456 1457 1458
324 0 -1
595 0 15 10 18 1026 1457 1458 1472
325 0 -1
596 67 18 68 21 1027 1458 1459 1462
326 0 -1
597 16 7 21 7 1028 1459 1460 1467
327 0 -1
599 40 53 46 55 1030 1461 1462 1469
328 0 -1
600 93 7 95 8 1031 1462 1463 1465
329 0 -1
601 41 76 43 76 1032 1463 1464 1465
330 0 -1
603 84 29 84 31 1034 1465 1466 1467
331 0 -1
608 70 98 71 98 1039 1470 1471 1473
332 0 -1
609 44 73 45 73 1040 1471 1472 1472
333 0 -1
610 6 75 7 79 1041 1472 1473 1477
334 0 -1
611 8 23 8 27 1042 1473 1474 1477
335 0 -1
613 16 86 20 90 1044 1475 1476 1483
336 0 -1
614 37 66 41 68 1045 1476 1477 1482
337 0 -1
615 40 73 41 73 1046 1477 1478 1478
338 0 -1
616 71 89 73 89 1047 1478 1479 1480
339 0 -1
619 12 6 15 7 1050 1481 1482 1486
340 0 -1
620 95 4 96 5 1051 1482 1483 1484
341 0 -1
621 10 22 15 22 1052 1483 1484 1488
342 0 -1
622 73 90 76 90 1053 1484 1485 1487
343 0 -1
623 47 50 47 52 1054 1485 1486 1487
344 0 -1
624 11 96 12 96 1055 1486 1487 1487
345 0 -1
625 86 27 86 29 1056 1487 1488 1489
346 0 -1
628 78 61 78 61 1059 1490 1491 1491
347 0 -1
629 84 18 86 18 1060 1491 1492 1496
348 0 -1
630 32 62 33 62 1061 1492 1493 1493
349 0 -1
634 69 62 70 62 1065 1496 1497 1497
350 0 -1
635 1 42 1 42 1066 1497 1498 1499
351 0 -1
636 56 64 57 65 1067 1498 1499 1500
352 0 -1
637 75 6 76 7 1068 1499 1500 1501
353 0 -1
639 40 81 40 81 1070 1501 1502 1502
354 0 -1
640 86 99 86 99 1071 1502 1503 1504
355 0 -1
641 0 81 0 82 1072 1503 1504 1505
356 0 -1
643 49 6 49 8 1074 1505 1506 1511
357 0 -1
645 55 59 55 60 1076 1507 1508 1509
358 0 -1
646 62 73 64 73 1077 1508 1509 1510
359 0 -1
648 71 6 72 6 1079 1510 1511 1511
360 0 -1
649 48 98 58 98 1080 1511 1512 1521
361 0 -1
650 12 82 13 82 1081 1512 1513 1513
362 0 -1
651 28 24 30 26 1082 1513 1514 1517
363 0 -1
652 71 76 75 83 1083 1514 1515 1529
364 0 -1
653 49 9 50 9 1084 1515 1516 1516
365 0 -1
656 94 2 94 3 1087 1518 1519 1519
366 0 -1
662 97 38 98 39 1093 1524 1525 1526
367 0 -1
663 41 8 49 8 1094 1525 1526 1533
368 0 -1
664 2 36 4 36 1095 1526 1527 1528
369 0 -1
665 47 45 47 45 1096 1527 1528 1528
370 0 -1
666 97 15 98 15 1097 1528 1529 1530
371 0 -1
667 0 43 0 45 1098 1529 1530 1532
372 0 -1
669 84 13 84 13 1100 1531 1532 1532
373 0 -1
672 32 63 35 63 1103 1534 1535 1538
374 0 -1
673 66 93 67 93 1104 1535 1536 1537
375 0 -1
674 55 4 57 4 1105 1536 1537 1540
376 0 -1
675 39 18 43 18 1106 1537 1538 1542
377 0 -1
678 25 30 26 32 1109 1540 1541 1544
378 0 -1
679 54 13 55 15 1110 1541 1542 1544
379 0 -1
680 61 20 66 20 1111 1542 1543 1548
380 0 -1
681 22 11 23 12 1112 1543 1544 1545
381 0 -1
682 37 66 37 67 1113 1544 1545 1546
382 0 -1
684 71 11 71 11 1115 1546 1547 1548
383 0 -1
685 39 51 40 54 1116 1547 1548 1552
384 0 -1
687 72 64 72 67 1118 1549 1550 1554
385 0 -1
688 65 42 66 43 1119 1550 1551 1552
386 0 -1
689 96 80 97 81 1120 1551 1552 1553
387 0 -1
690 3 72 5 72 1121 1552 1553 1554
388 0 -1
691 60 96 62 96 1122 1553 1554 1555
389 0 -1
692 38 35 39 36 1123 1554 1555 1556
390 0 -1
694 77 15 79 16 1125 1556 1557 1559
391 0 -1
696 40 1 42 1 1127 1558 1559 1560
392 0 -1
698 11 33 12 34 1129 1560 1561 1565
393 0 -1
700 23 52 23 53 1131 1562 1563 1563
394 0 -1
701 72 16 72 16 1132 1563 1564 1564
395 0 -1
702 17 16 23 17 1133 1564 1565 1571
396 0 -1
703 65 32 65 32 1134 1565 1566 1567
397 0 -1
704 99 24 98 24 1135 1566 1567 1568
398 0 -1
705 98 15 95 15 1136 1567 1568 1571
399 0 -1
706 12 4 12 4 1137 1568 1569 1570
400 0 -1
707 74 64 77 65 1138 1569 1570 1573
401 0 -1
708 31 87 38 87 1139 1570 1571 1577
402 0 -1
710 11 35 14 35 1141 1572 1573 1575
403 0 -1
712 84 86 85 86 1143 1574 1575 1575
404 0 -1
714 98 58 98 59 1145 1576 1577 1577
405 0 -1
716 39 70 39 71 1147 1578 1579 1579
406 0 -1
718 5 28 11 29 1149 1580 1581 1588
407 0 -1
719 47 1 47 1 1150 1581 1582 1582
408 0 -1
720 37 48 39 48 1151 1582 1583 1584
409 0 -1
722 34 82 34 84 1153 1584 1585 1586
410 0 -1
724 21 2 23 2 1155 1586 1587 1588
411 0 -1
725 90 29 96 29 1156 1587 1588 1598
412 0 -1
726 79 39 79 40 1157 1588 1589 1592
413 0 -1
727 2 74 5 74 1158 1589 1590 1592
414 0 -1
728 8 17 8 18 1159 1590 1591 1595
415 0 -1
729 69 31 69 32 1160 1591 1592 1592
416 0 -1
731 57 71 58 71 1162 1593 1594 1594
417 0 -1
733 94 65 96 65 1164 1595 1596 1597
418 0 -1
734 50 61 51 61 1165 1596 1597 1598
419 0 -1
735 71 9 73 9 1166 1597 1598 1600
420 0 -1
736 94 7 95 8 1167 1598 1599 1600
421 0 -1
737 19 83 21 84 1168 1599 1600 1602
422 0 -1
742 71 31 73 31 1173 1604 1605 1609
423 0 -1
744 41 33 41 35 1175 1606 1607 1608
424 0 -1
745 49 47 52 49 1176 1607 1608 1612
425 0 -1
748 7 54 9 54 1179 1610 1611 1612
426 0 -1
750 86 7 86 8 1181 1612 1613 1613
427 0 -1
751 75 28 76 28 1182 1613 1614 1614
428 0 -1
752 4 13 5 13 1183 1614 1615 1617
429 0 -1
753 77 61 77 62 1184 1615 1616 1616
430 0 -1
754 9 68 13 68 1185 1616 1617 1622
431 0 -1
755 28 83 28 83 1186 1617 1618 1619
432 0 -1
757 71 9 73 9 1188 1619 1620 1621
433 0 -1
758 23 57 26 61 1189 1620 1621 1628
434 0 -1
759 51 0 53 0 1190 1621 1622 1623
435 0 -1
760 24 92 24 93 1191 1622 1623 1623
436 0 -1
766 50 34 50 35 1197 1628 1629 1630
437 0 -1
767 78 32 80 32 1198 1629 1630 1631
438 0 -1
768 61 74 61 76 1199 1630 1631 1633
439 0 -1
771 9 36 10 36 1202 1633 1634 1634
440 0 -1
772 45 87 45 88 1203 1634 1635 1636
441 0 -1
773 74 11 74 12 1204 1635 1636 1638
442 0 -1
775 79 40 80 44 1206 1637 1638 1642
443 0 -1
777 6 71 6 71 1208 1639 1640 1641
444 0 -1
778 25 8 27 8 1209 1640 1641 1642
445 0 -1
779 88 13 88 15 1210 1641 1642 1644
446 0 -1
781 42 48 43 48 1212 1643 1644 1644
447 0 -1
782 53 18 53 18 1213 1644 1645 1648
448 0 -1
784 56 34 57 35 1215 1646 1647 1648
449 0 -1
787 97 86 99 86 1218 1649 1650 1651
450 0 -1
788 31 50 31 50 1219 1650 1651 1651
451 0 -1
789 59 81 62 81 1220 1651 1652 1655
452 0 -1
790 58 26 59 26 1221 1652 1653 1654
453 0 -1
791 61 6 61 11 1222 1653 1654 1658
454 0 -1
793 43 45 44 45 1224 1655 1656 1658
455 0 -1
794 66 89 69 90 1225 1656 1657 1660
456 0 -1
795 54 4 54 4 1226 1657 1658 1659
457 0 -1
796 13 89 15 89 1227 1658 1659 1662
458 0 -1
797 9 88 9 88 1228 1659 1660 1660
459 0 -1
798 2 30 3 32 1229 1660 1661 1663
460 0 -1
799 98 56 98 56 1230 1661 1662 1663
461 0 -1
800 22 32 23 35 1231 1662 1663 1667
462 0 -1
802 80 65 80 69 1233 1664 1665 1668
463 0 -1
803 6 94 7 94 1234 1665 1666 1667
464 0 -1
805 78 82 82 83 1236 1667 1668 1672
465 0 -1
806 5 24 9 26 1237 1668 1669 1677
466 0 -1
807 1 73 2 74 1238 1669 1670 1671
467 0 -1
810 61 67 62 67 1241 1672 1673 1673
468 0 -1
813 66 58 66 58 1244 1675 1676 1676
469 0 -1
818 31 41 33 41 1249 1680 1681 1682
470 0 -1
820 76 98 77 98 1251 1682 1683 1685
471 0 -1
824 93 43 93 43 1255 1686 1687 1688
472 0 -1
825 78 18 79 19 1256 1687 1688 1690
473 0 -1
827 84 87 85 87 1258 1689 1690 1690
474 0 -1
828 41 1 42 4 1259 1690 1691 1700
475 0 -1
830 19 80 20 82 1261 1692 1693 1695
476 0 -1
831 95 45 95 46 1262 1693 1694 1694
477 0 -1
833 22 94 24 94 1264 1695 1696 1697
478 0 -1
834 90 91 92 91 1265 1696 1697 1698
479 0 -1
835 3 43 4 52 1266 1697 1698 1707
480 0 -1
839 73 82 75 82 1270 1701 1702 1703
481 0 -1
841 54 1 56 1 1272 1703 1704 1707
482 0 -1
842 85 70 85 72 1273 1704 1705 1706
483 0 -1
844 91 53 93 53 1275 1706 1707 1711
484 0 -1
845 41 17 43 17 1276 1707 1708 1709
485 0 -1
846 29 99 31 99 1277 1708 1709 1714
486 0 -1
847 93 98 94 98 1278 1709 1710 1710
487 0 -1
850 56 33 59 33 1281 1712 1713 1715
488 0 -1
851 79 15 83 15 1282 1713 1714 1717
489 0 -1
854 32 65 32 65 1285 1716 1717 1717
490 0 -1
856 70 61 73 61 1287 1718 1719 1721
491 0 -1
859 26 27 29 29 1290 1721 1722 1726
492 0 -1
860 70 26 70 26 1291 1722 1723 1723
493 0 -1
861 99 86 97 86 1292 1723 1724 1725
494 0 -1
864 32 1 35 1 1295 1726 1727 1729
495 0 -1
867 94 14 95 14 1298 1729 1730 1730
496 0 -1
868 77 80 79 80 1299 1730 1731 1732
497 0 -1
871 61 96 63 87 1302 1733 1734 1749
498 0 -1
873 72 25 73 25 1304 1735 1736 1737
499 0 -1
874 37 12 40 14 1305 1736 1737 1741
500 0 -1
875 1 47 1 50 1306 1737 1738 1740
501 0 -1
877 30 83 30 86 1308 1739 1740 1742
502 0 -1
878 25 79 26 80 1309 1740 1741 1742
503 0 -1
879 56 45 58 45 1310 1741 1742 1743
504 0 -1
880 13 76 17 76 1311 1742 1743 1746
505 0 -1
881 94 24 94 29 1312 1743 1744 1749
506 0 -1
882 41 25 43 25 1313 1744 1745 1746
507 0 -1
885 17 21 17 22 1316 1747 1748 1748
508 0 -1
887 84 39 87 39 1318 1749 1750 1752
509 0 -1
889 57 29 60 29 1320 1751 1752 1754
510 0 -1
891 48 30 48 31 1322 1753 1754 1755
511 0 -1
893 70 32 72 32 1324 1755 1756 1757
512 0 -1
894 90 28 90 28 1325 1756 1757 1759
513 0 -1
895 80 89 82 90 1326 1757 1758 1760
514 0 -1
896 30 46 30 46 1327 1758 1759 1760
515 0 -1
897 27 5 27 6 1328 1759 1760 1760
516 0 -1
898 85 65 86 65 1329 1760 1761 1762
517 0 -1
899 91 67 91 68 1330 1761 1762 1763
518 0 -1
900 23 75 26 78 1331 1762 1763 1768
519 0 -1
901 28 59 29 60 1332 1763 1764 1765
520 0 -1
902 60 29 61 29 1333 1764 1765 1765
521 0 -1
905 42 4 42 5 1336 1767 1768 1768
522 0 -1
910 58 2 59 2 1341 1772 1773 1773
523 0 -1
912 21 91 26 96 1343 1774 1775 1784
524 0 -1
914 71 27 74 31 1345 1776 1777 1783
525 0 -1
917 27 49 27 50 1348 1779 1780 1783
526 0 -1
919 12 95 14 95 1350 1781 1782 1783
527 0 -1
920 21 38 24 38 1351 1782 1783 1785
528 0 -1
921 15 28 15 29 1352 1783 1784 1784
529 0 -1
923 4 17 4 17 1354 1785 1786 1786
530 0 -1
925 94 87 96 87 1356 1787 1788 1790
531 0 -1
926 53 73 55 73 1357 1788 1789 1797
532 0 -1
927 18 78 21 78 1358 1789 1790 1792
533 0 -1
928 26 57 26 60 1359 1790 1791 1794
534 0 -1
929 34 76 35 76 1360 1791 1792 1792
535 0 -1
931 79 91 80 91 1362 1793 1794 1795
536 0 -1
933 44 29 44 29 1364 1795 1796 1802
537 0 -1
935 39 49 41 49 1366 1797 1798 1799
538 0 -1
936 44 54 45 54 1367 1798 1799 1799
539 0 -1
937 5 93 5 97 1368 1799 1800 1803
540 0 -1
938 11 8 13 8 1369 1800 1801 1804
541 0 -1
940 70 72 72 72 1371 1802 1803 1804
542 0 -1
942 87 90 87 90 1373 1804 1805 1805
543 0 -1
943 28 14 33 14 1374 1805 1806 1812
544 0 -1
944 8 10 9 10 1375 1806 1807 1807
545 0 -1
945 45 30 48 30 1376 1807 1808 1810
546 0 -1
947 64 23 77 23 1378 1809 1810 1822
547 0 -1
948 44 70 46 71 1379 1810 1811 1813
548 0 -1
950 99 97 99 98 1381 1812 1813 1814
549 0 -1
951 9 79 11 79 1382 1813 1814 1815
550 0 -1
954 16 59 16 60 1385 1816 1817 1818
551 0 -1
955 25 31 26 31 1386 1817 1818 1818
552 0 -1
957 9 55 9 56 1388 1819 1820 1822
553 0 -1
958 96 70 96 70 1389 1820 1821 1821
554 0 -1
963 63 59 65 59 1394 1825 1826 1828
555 0 -1
964 80 32 81 32 1395 1826 1827 1828
556 0 -1
966 18 22 18 24 1397 1828 1829 1830
557 0 -1
969 51 10 52 10 1400 1831 1832 1833
558 0 -1
972 58 87 61 89 1403 1834 1835 1840
559 0 -1
973 25 61 29 61 1404 1835 1836 1839
560 0 -1
974 1 69 5 75 1405 1836 1837 1846
561 0 -1
976 41 25 42 26 1407 1838 1839 1843
562 0 -1
979 20 38 20 39 1410 1841 1842 1845
563 0 -1
981 4 83 5 83 1412 1843 1844 1844
564 0 -1
983 29 18 30 20 1414 1845 1846 1848
565 0 -1
984 30 27 36 27 1415 1846 1847 1852
566 0 -1
987 14 32 16 32 1418 1849 1850 1853
567 0 -1
989 19 66 21 66 1420 1851 1852 1854
568 0 -1
990 43 32 46 32 1421 1852 1853 1856
569 0 -1
992 93 66 94 68 1423 1854 1855 1858
570 0 -1
993 75 58 76 59 1424 1855 1856 1857
571 0 -1
994 34 1 36 2 1425 1856 1857 1860
572 0 -1
996 65 74 65 75 1427 1858 1859 1860
573 0 -1
997 21 94 23 94 1428 1859 1860 1861
574 0 -1
998 14 12 14 13 1429 1860 1861 1861
575 0 -1
999 77 5 77 5 1430 1861 1862 1863
576 0 -1
1001 90 87 92 63 1432 1863 1864 1912
577 0 -1
1004 54 45 54 45 1435 1866 1867 1868
578 0 -1
1008 71 65 72 65 1439 1870 1871 1871
579 0 -1
1010 77 72 79 72 1441 1872 1873 1874
580 0 -1
1012 89 25 89 25 1443 1874 1875 1875
581 0 -1
1015 28 11 29 11 1446 1877 1878 1878
582 0 -1
1016 91 87 92 87 1447 1878 1879 1879
583 0 -1
1017 11 91 11 91 1448 1879 1880 1882
584 0 -1
1018 14 10 22 12 1449 1880 1881 1894
585 0 -1
1019 61 75 65 76 1450 1881 1882 1891
586 0 -1
1020 77 81 78 83 1451 1882 1883 1885
587 0 -1
1021 49 8 49 9 1452 1883 1884 1884
588 0 -1
1022 80 28 91 30 1453 1884 1885 1898
589 0 -1
1025 0 75 4 76 1456 1887 1888 1892
590 0 -1
1027 82 31 82 32 1458 1889 1890 1890
591 0 -1
1028 46 18 46 18 1459 1890 1891 1891
592 0 -1
1031 46 75 55 75 1462 1893 1894 1902
593 0 -1
1032 31 8 32 14 1463 1894 1895 1901
594 0 -1
1033 86 87 90 87 1464 1895 1896 1899
595 0 -1
1035 98 70 96 70 1466 1897 1898 1899
596 0 -1
1036 25 19 25 21 1467 1898 1899 1900
597 0 -1
1037 82 8 82 8 1468 1899 1900 1900
598 0 -1
1039 16 62 17 62 1470 1901 1902 1902
599 0 -1
1040 29 5 29 6 1471 1902 1903 1903
600 0 -1
1042 81 38 87 40 1473 1904 1905 1915
601 0 -1
1044 68 94 71 94 1475 1906 1907 1910
602 0 -1
1045 52 72 53 74 1476 1907 1908 1910
603 0 -1
1051 24 27 24 28 1482 1913 1914 1914
604 0 -1
1053 12 81 13 81 1484 1915 1916 1916
605 0 -1
1056 90 15 90 16 1487 1918 1919 1920
606 0 -1
1057 64 63 66 63 1488 1919 1920 1921
607 0 -1
1059 20 49 21 51 1490 1921 1922 1925
608 0 -1
1060 22 30 27 30 1491 1922 1923 1927
609 0 -1
1063 53 70 56 70 1494 1925 1926 1928
610 0 -1
1065 94 22 96 22 1496 1927 1928 1930
611 0 -1
1066 80 74 80 75 1497 1928 1929 1930
612 0 -1
1067 47 94 47 95 1498 1929 1930 1930
613 0 -1
1070 30 98 42 98 1501 1932 1933 1944
614 0 -1
1071 87 74 87 74 1502 1933 1934 1938
615 0 -1
1073 90 56 97 61 1504 1935 1936 1950
616 0 -1
1074 52 44 52 44 1505 1936 1937 1937
617 0 -1
1075 83 66 84 68 1506 1937 1938 1940
618 0 -1
1078 40 63 40 65 1509 1940 1941 1944
619 0 -1
1082 12 48 12 48 1513 1944 1945 1945
620 0 -1
1083 75 75 75 76 1514 1945 1946 1947
621 0 -1
1084 56 20 59 23 1515 1946 1947 1952
622 0 -1
1085 12 97 12 99 1516 1947 1948 1950
623 0 -1
1086 38 55 42 55 1517 1948 1949 1952
624 0 -1
1090 1 59 2 59 1521 1952 1953 1953
625 0 -1
1091 37 20 39 21 1522 1953 1954 1957
626 0 -1
1092 69 94 70 94 1523 1954 1955 1955
627 0 -1
1095 99 35 99 35 1526 1957 1958 1960
628 0 -1
1097 29 47 29 48 1528 1959 1960 1962
629 0 -1
1098 44 96 46 96 1529 1960 1961 1964
630 0 -1
1099 96 64 91 64 1530 1961 1962 1966
631 0 -1
1100 92 18 94 19 1531 1962 1963 1967
632 0 -1
1102 25 41 25 41 1533 1964 1965 1967
633 0 -1
1103 12 65 17 65 1534 1965 1966 1972
634 0 -1
1104 71 73 72 73 1535 1966 1967 1967
635 0 -1
1105 52 90 52 91 1536 1967 1968 1968
636 0 -1
1107 50 12 51 15 1538 1969 1970 1979
637 0 -1
1109 79 87 81 87 1540 1971 1972 1974
638 0 -1
1111 30 72 32 72 1542 1973 1974 1975
639 0 -1
1113 7 12 7 12 1544 1975 1976 1976
640 0 -1
1114 21 1 22 1 1545 1976 1977 1977
641 0 -1
1115 78 63 81 63 1546 1977 1978 1980
642 0 -1
1116 67 32 73 34 1547 1978 1979 1989
643 0 -1
1118 81 22 81 24 1549 1980 1981 1982
644 0 -1
1120 57 99 58 100 1551 1982 1983 1984
645 0 -1
1121 40 25 41 25 1552 1983 1984 1984
646 0 -1
1122 92 32 93 32 1553 1984 1985 1987
647 0 -1
1124 80 67 85 69 1555 1986 1987 1993
648 0 -1
1125 21 79 21 79 1556 1987 1988 1989
649 0 -1
1126 43 38 53 40 1557 1988 1989 2000
650 0 -1
1129 56 46 57 46 1560 1991 1992 1992
651 0 -1
1130 67 19 68 19 1561 1992 1993 1993
652 0 -1
1132 96 49 97 49 1563 1994 1995 1996
653 0 -1
1133 81 14 82 14 1564 1995 1996 1998
654 0 -1
1137 18 13 18 14 1568 1999 2000 2003
655 0 -1
1138 82 95 82 96 1569 2000 2001 2001
656 0 -1
1139 33 34 33 35 1570 2001 2002 2002
657 0 -1
1141 30 11 31 12 1572 2003 2004 2005
658 0 -1
1142 59 54 61 54 1573 2004 2005 2007
659 0 -1
1144 77 3 77 5 1575 2006 2007 2009
660 0 -1
1147 97 63 99 65 1578 2009 2010 2013
661 0 -1
1150 96 83 97 83 1581 2012 2013 2013
662 0 -1
1151 71 15 71 16 1582 2013 2014 2015
663 0 -1
1154 30 19 31 19 1585 2016 2017 2017
664 0 -1
1156 78 72 78 72 1587 2018 2019 2020
665 0 -1
1157 94 23 96 26 1588 2019 2020 2024
666 0 -1
1158 2 88 3 89 1589 2020 2021 2024
667 0 -1
1159 28 87 28 89 1590 2021 2022 2023
668 0 -1
1164 36 7 36 9 1595 2026 2027 2029
669 0 -1
1166 19 92 20 94 1597 2028 2029 2031
670 0 -1
1169 14 12 16 13 1600 2031 2032 2034
671 0 -1
1170 85 11 87 12 1601 2032 2033 2035
672 0 -1
1171 49 18 50 25 1602 2033 2034 2042
673 0 -1
1172 88 36 89 36 1603 2034 2035 2035
674 0 -1
1174 90 47 90 50 1605 2036 2037 2043
675 0 -1
1175 55 37 55 37 1606 2037 2038 2040
676 0 -1
1176 9 15 10 15 1607 2038 2039 2040
677 0 -1
1177 98 62 96 62 1608 2039 2040 2041
678 0 -1
1179 39 2 40 2 1610 2041 2042 2042
679 0 -1
1186 77 76 79 76 1617 2048 2049 2050
680 0 -1
1187 98 73 99 74 1618 2049 2050 2051
681 0 -1
1188 76 21 77 21 1619 2050 2051 2051
682 0 -1
1190 21 70 21 70 1621 2052 2053 2053
683 0 -1
1191 39 91 39 91 1622 2053 2054 2055
684 0 -1
1194 16 81 17 82 1625 2056 2057 2058
685 0 -1
1195 53 96 55 97 1626 2057 2058 2060
686 0 -1
1197 44 1 46 1 1628 2059 2060 2062
687 0 -1
1198 84 38 85 41 1629 2060 2061 2064
688 0 -1
1201 95 85 90 85 1632 2063 2064 2068
689 0 -1
1202 91 15 91 15 1633 2064 2065 2065
690 0 -1
1203 31 54 31 54 1634 2065 2066 2066
691 0 -1
1205 85 26 86 28 1636 2067 2068 2070
692 0 -1
1207 21 92 25 92 1638 2069 2070 2073
693 0 -1
1208 74 80 75 81 1639 2070 2071 2072
694 0 -1
1209 63 25 63 25 1640 2071 2072 2072
695 0 -1
1211 56 83 57 85 1642 2073 2074 2077
696 0 -1
1214 71 8 71 14 1645 2076 2077 2082
697 0 -1
1217 80 98 81 98 1648 2079 2080 2081
698 0 -1
1218 79 43 79 44 1649 2080 2081 2081
699 0 -1
1219 31 71 34 73 1650 2081 2082 2088
700 0 -1
1220 15 82 16 82 1651 2082 2083 2083
701 0 -1
1222 62 32 63 33 1653 2084 2085 2087
702 0 -1
1223 36 28 36 30 1654 2085 2086 2089
703 0 -1
1226 52 83 52 84 1657 2088 2089 2091
704 0 -1
1227 90 97 91 97 1658 2089 2090 2090
705 0 -1
1229 27 50 28 50 1660 2091 2092 2092
706 0 -1
1230 4 44 6 44 1661 2092 2093 2097
707 0 -1
1231 79 81 80 81 1662 2093 2094 2094
708 0 -1
1233 87 98 87 100 1664 2095 2096 2097
709 0 -1
1235 67 21 70 22 1666 2097 2098 2101
710 0 -1
1236 57 81 62 81 1667 2098 2099 2103
711 0 -1
1237 88 25 88 30 1668 2099 2100 2104
712 0 -1
1238 73 61 73 61 1669 2100 2101 2105
713 0 -1
1240 79 33 79 33 1671 2102 2103 2106
714 0 -1
1241 73 7 73 7 1672 2103 2104 2104
715 0 -1
1242 66 77 71 77 1673 2104 2105 2117
716 0 -1
1243 20 88 20 89 1674 2105 2106 2107
717 0 -1
1244 83 2 85 5 1675 2106 2107 2113
718 0 -1
1246 7 30 9 37 1677 2108 2109 2117
719 0 -1
1250 93 34 94 34 1681 2112 2113 2113
720 0 -1
1254 54 54 58 56 1685 2116 2117 2123
721 0 -1
1255 95 39 98 40 1686 2117 2118 2121
722 0 -1
1258 10 73 26 73 1689 2120 2121 2136
723 0 -1
1259 56 97 64 90 1690 2121 2122 2139
724 0 -1
1260 82 56 85 59 1691 2122 2123 2128
725 0 -1
1261 0 54 4 55 1692 2123 2124 2130
726 0 -1
1263 22 20 24 22 1694 2125 2126 2132
727 0 -1
1264 28 86 29 88 1695 2126 2127 2130
728 0 -1
1265 48 88 48 90 1696 2127 2128 2129
729 0 -1
1266 15 85 16 85 1697 2128 2129 2129
730 0 -1
1268 14 7 17 7 1699 2130 2131 2133
731 0 -1
1276 7 85 8 85 1707 2138 2139 2139
732 0 -1
1277 89 9 91 11 1708 2139 2140 2144
733 0 -1
1281 59 86 59 88 1712 2143 2144 2145
734 0 -1
1284 72 77 73 78 1715 2146 2147 2148
735 0 -1
1287 19 84 20 86 1718 2149 2150 2153
736 0 -1
1290 66 74 72 74 1721 2152 2153 2159
737 0 -1
1291 72 51 73 52 1722 2153 2154 2156
738 0 -1
1292 51 87 71 93 1723 2154 2155 2180
739 0 -1
1297 97 30 98 30 1728 2159 2160 2162
740 0 -1
1298 39 17 39 18 1729 2160 2161 2161
741 0 -1
1299 11 89 13 90 1730 2161 2162 2164
742 0 -1
1300 97 94 98 94 1731 2162 2163 2164
743 0 -1
1307 45 83 45 84 1738 2169 2170 2170
744 0 -1
1309 88 70 90 70 1740 2171 2172 2173
745 0 -1
1312 80 18 82 18 1743 2174 2175 2176
746 0 -1
1313 78 59 78 60 1744 2175 2176 2176
747 0 -1
1314 13 70 13 74 1745 2176 2177 2180
748 0 -1
1315 98 74 96 75 1746 2177 2178 2182
749 0 -1
1316 95 55 95 57 1747 2178 2179 2180
750 0 -1
1317 89 64 91 64 1748 2179 2180 2181
751 0 -1
1318 43 67 43 69 1749 2180 2181 2183
752 0 -1
1319 70 41 70 43 1750 2181 2182 2183
753 0 -1
1320 18 50 19 50 1751 2182 2183 2183
754 0 -1
1321 10 52 12 52 1752 2183 2184 2185
755 0 -1
1323 0 11 1 11 1754 2185 2186 2187
756 0 -1
1324 33 57 38 57 1755 2186 2187 2191
757 0 -1
1325 40 80 42 83 1756 2187 2188 2193
758 0 -1
1326 85 80 85 81 1757 2188 2189 2189
759 0 -1
1327 64 23 69 28 1758 2189 2190 2199
760 0 -1
1329 28 88 28 89 1760 2191 2192 2193
761 0 -1
1332 22 62 24 62 1763 2194 2195 2196
762 0 -1
1333 86 96 87 96 1764 2195 2196 2196
763 0 -1
1335 63 8 73 9 1766 2197 2198 2213
764 0 -1
1336 59 26 60 26 1767 2198 2199 2199
765 0 -1
1338 87 14 87 15 1769 2200 2201 2203
766 0 -1
1340 33 9 34 11 1771 2202 2203 2209
767 0 -1
1342 31 49 32 51 1773 2204 2205 2207
768 0 -1
1344 21 21 23 21 1775 2206 2207 2208
769 0 -1
1345 6 51 7 51 1776 2207 2208 2208
770 0 -1
1347 21 36 21 37 1778 2209 2210 2212
771 0 -1
1348 0 79 2 82 1779 2210 2211 2215
772 0 -1
1349 1 48 2 52 1780 2211 2212 2217
773 0 -1
1354 11 99 12 100 1785 2216 2217 2219
774 0 -1
1355 84 33 85 33 1786 2217 2218 2222
775 0 -1
1359 83 23 84 27 1790 2221 2222 2226
776 0 -1
1362 79 0 81 0 1793 2224 2225 2226
777 0 -1
1365 5 17 5 17 1796 2227 2228 2228
778 0 -1
1368 30 21 30 23 1799 2230 2231 2232
779 0 -1
1369 20 88 47 90 1800 2231 2232 2266
780 0 -1
1370 5 17 7 17 1801 2232 2233 2234
781 0 -1
1372 1 52 5 52 1803 2234 2235 2239
782 0 -1
1374 67 47 67 49 1805 2236 2237 2238
783 0 -1
1375 25 69 28 73 1806 2237 2238 2244
784 0 -1
1376 92 38 93 38 1807 2238 2239 2239
785 0 -1
1377 93 84 94 85 1808 2239 2240 2242
786 0 -1
1378 27 83 28 83 1809 2240 2241 2241
787 0 -1
1379 8 7 12 7 1810 2241 2242 2245
788 0 -1
1381 39 58 39 58 1812 2243 2244 2246
789 0 -1
1382 69 36 71 37 1813 2244 2245 2247
790 0 -1
1383 22 74 24 74 1814 2245 2246 2247
791 0 -1
1385 24 74 29 75 1816 2247 2248 2253
792 0 -1
1386 23 8 25 9 1817 2248 2249 2251
793 0 -1
1387 65 84 75 85 1818 2249 2250 2260
794 0 -1
1388 8 56 9 56 1819 2250 2251 2253
795 0 -1
1389 51 49 52 49 1820 2251 2252 2253
796 0 -1
1390 65 83 67 83 1821 2252 2253 2254
797 0 -1
1391 92 47 92 48 1822 2253 2254 2255
798 0 -1
1393 69 36 70 37 1824 2255 2256 2257
799 0 -1
1395 21 72 21 80 1826 2257 2258 2265
800 0 -1
1396 93 33 94 33 1827 2258 2259 2259
801 0 -1
1400 95 34 96 34 1831 2262 2263 2265
802 0 -1
1401 19 39 21 40 1832 2263 2264 2266
803 0 -1
1402 5 72 10 72 1833 2264 2265 2271
804 0 -1
1403 86 96 88 96 1834 2265 2266 2267
805 0 -1
1406 87 39 88 39 1837 2268 2269 2269
806 0 -1
1411 15 32 15 34 1842 2273 2274 2275
807 0 -1
1412 50 82 54 82 1843 2274 2275 2280
808 0 -1
1413 3 10 4 10 1844 2275 2276 2276
809 0 -1
1414 74 91 75 92 1845 2276 2277 2278
810 0 -1
1415 61 77 62 77 1846 2277 2278 2279
811 0 -1
1417 44 11 44 12 1848 2279 2280 2280
812 0 -1
1418 54 60 54 62 1849 2280 2281 2285
813 0 -1
1419 15 88 18 91 1850 2281 2282 2288
814 0 -1
1420 28 78 30 79 1851 2282 2283 2290
815 0 -1
1423 9 28 10 28 1854 2285 2286 2286
816 0 -1
1426 9 5 9 6 1857 2288 2289 2290
817 0 -1
1428 24 82 27 82 1859 2290 2291 2293
818 0 -1
1429 18 50 19 50 1860 2291 2292 2293
819 0 -1
1430 19 8 19 9 1861 2292 2293 2293
820 0 -1
1431 27 79 30 79 1862 2293 2294 2296
821 0 -1
1432 76 17 77 17 1863 2294 2295 2295
822 0 -1
1434 76 98 77 98 1865 2296 2297 2297
823 0 -1
1435 66 98 66 99 1866 2297 2298 2304
824 0 -1
1436 16 8 16 9 1867 2298 2299 2300
825 0 -1
1438 34 38 35 40 1869 2300 2301 2304
826 0 -1
1439 8 47 9 47 1870 2301 2302 2302
827 0 -1
1440 30 12 32 13 1871 2302 2303 2305
828 0 -1
1441 77 48 78 52 1872 2303 2304 2310
829 0 -1
1442 12 28 12 28 1873 2304 2305 2306
830 0 -1
1443 78 5 83 5 1874 2305 2306 2310
831 0 -1
1444 14 23 14 23 1875 2306 2307 2308
832 0 -1
1446 70 7 74 9 1877 2308 2309 2314
833 0 -1
1447 55 11 55 13 1878 2309 2310 2311
834 0 -1
1448 89 16 89 16 1879 2310 2311 2312
835 0 -1
1452 87 45 88 45 1883 2314 2315 2315
836 0 -1
1454 55 51 57 52 1885 2316 2317 2320
837 0 -1
1455 71 47 73 47 1886 2317 2318 2319
838 0 -1
1456 44 7 44 7 1887 2318 2319 2319
839 0 -1
1457 67 5 73 5 1888 2319 2320 2325
840 0 -1
1458 14 78 16 84 1889 2320 2321 2330
841 0 -1
1461 41 1 41 3 1892 2323 2324 2326
842 0 -1
1462 64 42 68 42 1893 2324 2325 2328
843 0 -1
1463 49 88 50 88 1894 2325 2326 2327
844 0 -1
1465 59 4 59 6 1896 2327 2328 2329
845 0 -1
1466 61 16 62 17 1897 2328 2329 2330
846 0 -1
1468 33 44 34 44 1899 2330 2331 2331
847 0 -1
1469 82 46 85 47 1900 2331 2332 2336
848 0 -1
1470 31 29 31 30 1901 2332 2333 2333
849 0 -1
1472 39 28 43 28 1903 2334 2335 2339
850 0 -1
1473 72 8 72 12 1904 2335 2336 2340
851 0 -1
1474 45 15 52 18 1905 2336 2337 2347
852 0 -1
1475 62 36 63 36 1906 2337 2338 2339
853 0 -1
1478 18 44 21 46 1909 2340 2341 2346
854 0 -1
1479 14 58 15 59 1910 2341 2342 2343
855 0 -1
1481 42 61 44 61 1912 2343 2344 2345
856 0 -1
1483 71 28 79 31 1914 2345 2346 2356
857 0 -1
1486 12 12 15 14 1917 2348 2349 2353
858 0 -1
1487 86 44 87 45 1918 2349 2350 2353
859 0 -1
1493 57 12 58 12 1924 2355 2356 2357
860 0 -1
1495 66 90 67 90 1926 2357 2358 2358
861 0 -1
1496 94 28 97 29 1927 2358 2359 2362
862 0 -1
1497 25 66 28 67 1928 2359 2360 2363
863 0 -1
1499 63 30 64 30 1930 2361 2362 2363
864 0 -1
1500 15 27 16 28 1931 2362 2363 2364
865 0 -1
1501 21 12 24 14 1932 2363 2364 2371
866 0 -1
1502 10 95 14 95 1933 2364 2365 2368
867 0 -1
1504 10 54 22 54 1935 2366 2367 2379
868 0 -1
1505 42 30 44 34 1936 2367 2368 2377
869 0 -1
1506 32 88 33 88 1937 2368 2369 2370
870 0 -1
1507 93 11 94 11 1938 2369 2370 2372
871 0 -1
1508 86 52 89 55 1939 2370 2371 2376
872 0 -1
1509 54 15 54 15 1940 2371 2372 2372
873 0 -1
1511 66 97 66 99 1942 2373 2374 2375
874 0 -1
1513 20 4 21 8 1944 2375 2376 2380
875 0 -1
1515 49 89 50 89 1946 2377 2378 2378
876 0 -1
1516 58 85 61 85 1947 2378 2379 2381
877 0 -1
1517 74 21 76 21 1948 2379 2380 2382
878 0 -1
1518 41 80 44 80 1949 2380 2381 2383
879 0 -1
1519 51 97 54 98 1950 2381 2382 2385
880 0 -1
1521 30 54 33 54 1952 2383 2384 2387
881 0 -1
1522 85 50 86 51 1953 2384 2385 2386
882 0 -1
1523 39 89 41 89 1954 2385 2386 2387
883 0 -1
1527 14 50 16 51 1958 2389 2390 2393
884 0 -1
1528 50 58 51 58 1959 2390 2391 2391
885 0 -1
1533 92 76 92 76 1964 2395 2396 2396
886 0 -1
1534 37 32 37 32 1965 2396 2397 2405
887 0 -1
1535 73 3 75 4 1966 2397 2398 2400
888 0 -1
1536 12 36 13 36 1967 2398 2399 2400
889 0 -1
1538 86 10 89 11 1969 2400 2401 2404
890 0 -1
1540 2 81 3 81 1971 2402 2403 2403
891 0 -1
1543 19 88 21 88 1974 2405 2406 2408
892 0 -1
1544 79 56 80 57 1975 2406 2407 2408
893 0 -1
1545 73 10 75 10 1976 2407 2408 2409
894 0 -1
1547 7 87 12 87 1978 2409 2410 2414
895 0 -1
1550 26 65 26 65 1981 2412 2413 2414
896 0 -1
1551 44 20 44 22 1982 2413 2414 2415
897 0 -1
1552 27 20 29 22 1983 2414 2415 2419
898 0 -1
1554 49 89 50 92 1985 2416 2417 2420
899 0 -1
1555 94 64 96 64 1986 2417 2418 2419
900 0 -1
1556 32 86 32 86 1987 2418 2419 2420
901 0 -1
1559 68 19 69 20 1990 2421 2422 2427
902 0 -1
1560 97 4 97 8 1991 2422 2423 2428
903 0 -1
1562 65 30 67 30 1993 2424 2425 2426
904 0 -1
1563 74 95 80 95 1994 2425 2426 2435
905 0 -1
1564 99 96 98 97 1995 2426 2427 2428
906 0 -1
1566 84 30 86 30 1997 2428 2429 2430
907 0 -1
1567 87 17 91 17 1998 2429 2430 2433
908 0 -1
1573 7 46 7 50 2004 2435 2436 2443
909 0 -1
1575 78 71 79 71 2006 2437 2438 2438
910 0 -1
1576 94 31 94 31 2007 2438 2439 2440
911 0 -1
1577 68 15 70 15 2008 2439 2440 2441
912 0 -1
1579 94 22 97 22 2010 2441 2442 2444
913 0 -1
1580 71 99 73 99 2011 2442 2443 2444
914 0 -1
1582 90 28 90 29 2013 2444 2445 2445
915 0 -1
1584 61 51 62 51 2015 2446 2447 2447
916 0 -1
1587 20 44 25 44 2018 2449 2450 2461
917 0 -1
1588 94 29 94 31 2019 2450 2451 2454
918 0 -1
1589 18 31 19 31 2020 2451 2452 2453
919 0 -1
1590 13 62 14 63 2021 2452 2453 2455
920 0 -1
1591 71 26 76 26 2022 2453 2454 2458
921 0 -1
1593 69 52 69 53 2024 2455 2456 2459
922 0 -1
1594 50 13 52 13 2025 2456 2457 2458
923 0 -1
1596 2 5 3 5 2027 2458 2459 2460
924 0 -1
1598 19 56 20 56 2029 2460 2461 2461
925 0 -1
1599 40 47 41 47 2030 2461 2462 2465
926 0 -1
1600 55 35 56 35 2031 2462 2463 2463
927 0 -1
1603 58 67 59 67 2034 2465 2466 2466
928 0 -1
1606 31 0 31 2 2037 2468 2469 2470
929 0 -1
1608 7 78 8 78 2039 2470 2471 2471
930 0 -1
1609 76 30 76 32 2040 2471 2472 2473
931 0 -1
1610 7 74 7 74 2041 2472 2473 2473
932 0 -1
1611 83 30 85 30 2042 2473 2474 2475
933 0 -1
1613 65 72 67 72 2044 2475 2476 2477
934 0 -1
1615 17 99 18 99 2046 2477 2478 2478
935 0 -1
1618 52 86 52 89 2049 2480 2481 2483
936 0 -1
1620 62 79 62 80 2051 2482 2483 2487
937 0 -1
1621 10 96 15 96 2052 2483 2484 2490
938 0 -1
1623 60 85 64 86 2054 2485 2486 2490
939 0 -1
1624 65 95 66 95 2055 2486 2487 2487
940 0 -1
1625 3 60 4 62 2056 2487 2488 2490
941 0 -1
1626 36 14 38 14 2057 2488 2489 2490
942 0 -1
1627 13 2 19 3 2058 2489 2490 2502
943 0 -1
1629 78 89 79 89 2060 2491 2492 2492
944 0 -1
1631 13 50 15 50 2062 2493 2494 2495
945 0 -1
1633 55 85 62 85 2064 2495 2496 2505
946 0 -1
1634 13 21 15 21 2065 2496 2497 2498
947 0 -1
1637 21 57 21 58 2068 2499 2500 2500
948 0 -1
1638 82 15 84 16 2069 2500 2501 2503
949 0 -1
1640 90 42 94 42 2071 2502 2503 2512
950 0 -1
1641 59 3 62 3 2072 2503 2504 2506
951 0 -1
1642 45 82 46 84 2073 2504 2505 2508
952 0 -1
1645 70 52 70 53 2076 2507 2508 2508
953 0 -1
1648 0 42 1 43 2079 2510 2511 2512
954 0 -1
1649 64 29 64 30 2080 2511 2512 2513
955 0 -1
1650 20 42 20 42 2081 2512 2513 2513
956 0 -1
1656 13 55 17 55 2087 2518 2519 2522
957 0 -1
1657 98 28 98 30 2088 2519 2520 2522
958 0 -1
1659 40 29 40 32 2090 2521 2522 2525
959 0 -1
1660 5 7 8 8 2091 2522 2523 2526
960 0 -1
1661 12 4 12 7 2092 2523 2524 2530
961 0 -1
1662 85 49 87 51 2093 2524 2525 2531
962 0 -1
1663 77 62 84 62 2094 2525 2526 2532
963 0 -1
1664 55 86 57 86 2095 2526 2527 2528
964 0 -1
1665 21 25 22 25 2096 2527 2528 2528
965 0 -1
1668 20 2 20 2 2099 2530 2531 2533
966 0 -1
1671 12 78 14 82 2102 2533 2534 2541
967 0 -1
1672 16 30 16 30 2103 2534 2535 2538
968 0 -1
1673 7 47 11 47 2104 2535 2536 2540
969 0 -1
1675 93 17 93 17 2106 2537 2538 2538
970 0 -1
1676 90 45 92 46 2107 2538 2539 2541
971 0 -1
1678 63 71 66 71 2109 2540 2541 2543
972 0 -1
1679 5 35 9 38 2110 2541 2542 2548
973 0 -1
1680 66 36 70 36 2111 2542 2543 2546
974 0 -1
1683 28 45 29 48 2114 2545 2546 2552
975 0 -1
1685 55 20 58 20 2116 2547 2548 2550
976 0 -1
1686 63 79 69 80 2117 2548 2549 2558
977 0 -1
1687 41 1 41 3 2118 2549 2550 2553
978 0 -1
1688 84 20 88 20 2119 2550 2551 2556
979 0 -1
1690 29 59 31 59 2121 2552 2553 2556
980 0 -1
1691 73 79 73 81 2122 2553 2554 2555
981 0 -1
1692 20 35 22 36 2123 2554 2555 2557
982 0 -1
1694 82 72 83 72 2125 2556 2557 2557
983 0 -1
1695 92 33 95 34 2126 2557 2558 2561
984 0 -1
1696 37 90 38 90 2127 2558 2559 2561
985 0 -1
1697 96 48 96 50 2128 2559 2560 2561
986 0 -1
1698 98 19 96 19 2129 2560 2561 2562
987 0 -1
1700 53 86 54 87 2131 2562 2563 2564
988 0 -1
1702 41 89 51 90 2133 2564 2565 2578
989 0 -1
1703 28 90 29 90 2134 2565 2566 2566
990 0 -1
1704 34 15 34 16 2135 2566 2567 2569
991 0 -1
1709 38 45 38 47 2140 2571 2572 2574
992 0 -1
1712 77 75 78 77 2143 2574 2575 2577
993 0 -1
1714 6 39 8 40 2145 2576 2577 2580
994 0 -1
1717 55 35 57 37 2148 2579 2580 2583
995 0 -1
1718 95 17 97 17 2149 2580 2581 2582
996 0 -1
1720 74 8 76 9 2151 2582 2583 2588
997 0 -1
1722 38 58 38 59 2153 2584 2585 2585
998 0 -1
1723 98 83 99 84 2154 2585 2586 2587
999 0 -1
1725 56 89 56 89 2156 2587 2588 2589
1000 0 -1
1726 41 13 41 16 2157 2588 2589 2591
