100 100 665
4
0 76 88
1 37 76
2 37 5
3 87 78
8
0 0 0 100 6
0
1 0 0 100 6
0
2 1 0 100 6
0
3 1 0 100 6
0
4 2 0 100 6
0
5 2 0 100 6
0
6 3 0 100 6
0
7 3 0 100 6
0
300
1 2 -1
2 73 39 75 40 57 112 113 115
2 1 -1
5 82 43 84 46 60 115 116 120
3 1 -1
7 98 83 98 83 62 117 118 121
4 1 -1
8 20 56 26 57 63 118 119 127
5 0 -1
9 64 71 64 77 64 119 120 125
6 2 -1
10 50 35 52 36 65 120 121 124
7 0 -1
11 17 47 17 53 66 121 122 127
8 2 -1
12 59 51 61 51 67 122 123 124
9 1 -1
13 55 99 56 99 68 123 124 125
10 1 -1
14 57 75 59 75 69 124 125 127
11 2 -1
15 51 40 55 42 70 125 126 131
12 2 -1
17 47 85 51 85 72 127 128 131
13 2 -1
18 16 92 18 94 73 128 129 134
14 2 -1
19 8 85 9 85 74 129 130 130
15 1 -1
20 11 37 13 37 75 130 131 132
16 3 -1
21 42 76 43 76 76 131 132 133
17 1 -1
22 57 59 61 59 77 132 133 136
18 3 -1
24 68 52 70 52 79 134 135 136
19 1 -1
29 85 61 90 61 84 139 140 145
20 3 -1
30 33 25 34 25 85 140 141 142
21 0 -1
31 10 10 12 10 86 141 142 143
22 1 -1
33 97 1 97 4 88 143 144 149
23 1 -1
35 47 21 47 21 90 145 146 146
24 2 -1
36 50 41 52 41 91 146 147 148
25 2 -1
39 8 84 9 84 94 149 150 150
26 2 -1
40 3 58 4 58 95 150 151 151
27 1 -1
41 78 58 78 58 96 151 152 153
28 3 -1
42 51 27 51 27 97 152 153 153
29 3 -1
43 49 13 50 13 98 153 154 154
30 0 -1
45 71 27 71 28 100 155 156 157
31 2 -1
49 14 98 14 100 104 159 160 162
32 0 -1
52 84 56 90 57 107 162 163 169
33 1 -1
53 88 42 92 43 108 163 164 168
34 1 -1
54 98 42 98 42 109 164 165 165
35 3 -1
56 15 44 23 53 111 166 167 183
36 2 -1
57 15 13 15 14 112 167 168 169
37 2 -1
59 45 49 45 49 114 169 170 170
38 2 -1
61 37 67 38 68 116 171 172 173
39 0 -1
62 62 0 70 0 117 172 173 180
40 1 -1
64 48 88 52 94 119 174 175 193
41 0 -1
69 64 52 64 53 124 179 180 181
42 0 -1
71 29 97 37 97 126 181 182 189
43 3 -1
73 37 95 40 97 128 183 184 188
44 3 -1
76 63 93 63 94 131 186 187 189
45 2 -1
78 77 15 77 16 133 188 189 190
46 1 -1
80 4 8 6 9 135 190 191 193
47 1 -1
81 48 57 50 57 136 191 192 193
48 0 -1
82 93 0 93 6 137 192 193 198
49 1 -1
83 88 23 89 25 138 193 194 198
50 2 -1
84 20 61 21 61 139 194 195 195
51 3 -1
86 63 39 65 39 141 196 197 206
52 3 -1
87 26 40 27 40 142 197 198 198
53 0 -1
90 43 45 44 45 145 200 201 201
54 2 -1
91 79 87 82 87 146 201 202 205
55 0 -1
92 44 68 45 68 147 202 203 203
56 3 -1
93 14 53 14 54 148 203 204 206
57 2 -1
94 72 62 73 66 149 204 205 210
58 0 -1
96 24 18 24 18 151 206 207 208
59 0 -1
103 87 20 87 22 158 213 214 216
60 1 -1
105 81 26 83 26 160 215 216 217
61 1 -1
106 51 34 53 41 161 216 217 226
62 2 -1
107 90 12 92 13 162 217 218 220
63 3 -1
108 26 14 32 16 163 218 219 226
64 1 -1
110 13 84 17 86 165 220 221 228
65 1 -1
111 22 45 23 45 166 221 222 222
66 0 -1
114 17 61 17 67 169 224 225 230
67 2 -1
115 28 90 28 95 170 225 226 230
68 2 -1
116 1 44 10 46 171 226 227 238
69 2 -1
119 22 68 23 68 174 229 230 232
70 3 -1
120 86 38 86 38 175 230 231 231
71 3 -1
122 45 62 45 65 177 232 233 236
72 3 -1
123 19 70 21 70 178 233 234 236
73 0 -1
124 66 23 69 23 179 234 235 238
74 2 -1
127 70 14 71 14 182 237 238 238
75 3 -1
128 56 42 70 44 183 238 239 257
76 2 -1
130 55 17 56 17 185 240 241 241
77 2 -1
132 97 8 82 8 187 242 243 257
78 0 -1
134 4 48 5 48 189 244 245 245
79 0 -1
135 94 8 96 17 190 245 246 256
80 0 -1
136 45 17 46 18 191 246 247 248
81 0 -1
139 6 71 7 71 194 249 250 250
82 1 -1
140 42 57 42 61 195 250 251 254
83 3 -1
141 93 21 93 21 196 251 252 256
84 2 -1
144 59 28 63 29 199 254 255 259
85 1 -1
145 81 50 81 52 200 255 256 257
86 2 -1
146 90 90 90 91 201 256 257 257
87 1 -1
147 92 78 92 78 202 257 258 258
88 3 -1
148 16 9 17 9 203 258 259 259
89 0 -1
149 16 3 16 5 204 259 260 261
90 1 -1
150 94 86 96 90 205 260 261 266
91 2 -1
153 97 52 98 52 208 263 264 264
92 2 -1
154 72 65 72 67 209 264 265 268
93 2 -1
155 27 46 29 46 210 265 266 269
94 1 -1
156 35 50 39 51 211 266 267 271
95 2 -1
157 64 70 65 74 212 267 268 272
96 2 -1
160 83 13 86 13 215 270 271 276
97 2 -1
162 66 34 66 35 217 272 273 273
98 2 -1
163 73 14 74 14 218 273 274 274
99 3 -1
166 62 11 63 11 221 276 277 278
100 0 -1
167 30 59 32 60 222 277 278 282
101 2 -1
168 21 35 23 35 223 278 279 280
102 0 -1
169 94 20 97 20 224 279 280 284
103 2 -1
170 56 65 57 67 225 280 281 285
104 1 -1
172 55 75 55 78 227 282 283 287
105 0 -1
173 2 14 3 16 228 283 284 288
106 0 -1
174 51 77 51 79 229 284 285 286
107 2 -1
179 15 80 16 80 234 289 290 290
108 1 -1
183 69 78 69 79 238 293 294 298
109 0 -1
184 74 23 76 23 239 294 295 296
110 3 -1
185 33 83 33 83 240 295 296 297
111 3 -1
186 41 26 44 31 241 296 297 305
112 3 -1
187 25 99 29 100 242 297 298 303
113 0 -1
189 30 49 33 50 244 299 300 304
114 2 -1
190 63 36 68 36 245 300 301 305
115 0 -1
193 4 7 4 7 248 303 304 304
116 2 -1
196 69 87 69 87 251 306 307 308
117 1 -1
197 57 37 57 38 252 307 308 308
118 0 -1
198 75 70 84 79 253 308 309 326
119 3 -1
199 76 65 76 65 254 309 310 310
120 1 -1
200 70 16 71 17 255 310 311 312
121 2 -1
201 74 43 74 44 256 311 312 312
122 0 -1
204 59 82 59 83 259 314 315 315
123 0 -1
208 62 57 63 57 263 318 319 319
124 1 -1
209 30 52 30 52 264 319 320 320
125 0 -1
211 33 51 33 51 266 321 322 324
126 0 -1
212 43 53 43 54 267 322 323 324
127 2 -1
213 85 59 87 65 268 323 324 331
128 1 -1
214 55 31 57 32 269 324 325 329
129 3 -1
218 89 26 91 30 273 328 329 335
130 0 -1
219 6 28 6 30 274 329 330 331
131 3 -1
224 35 15 36 16 279 334 335 337
132 0 -1
225 49 37 49 39 280 335 336 337
133 1 -1
229 82 31 88 31 284 339 340 345
134 1 -1
230 66 73 67 73 285 340 341 341
135 0 -1
231 38 43 41 43 286 341 342 344
136 1 -1
236 65 16 66 17 291 346 347 348
137 3 -1
237 91 1 91 1 292 347 348 349
138 3 -1
240 92 86 98 90 295 350 351 361
139 2 -1
242 64 40 64 42 297 352 353 354
140 2 -1
244 1 32 1 34 299 354 355 359
141 1 -1
245 21 16 25 17 300 355 356 361
142 2 -1
246 98 49 98 52 301 356 357 359
143 0 -1
247 56 27 59 27 302 357 358 360
144 2 -1
248 85 3 86 4 303 358 359 361
145 0 -1
250 6 17 7 18 305 360 361 362
146 2 -1
251 78 29 79 30 306 361 362 364
147 2 -1
253 30 60 30 61 308 363 364 364
148 1 -1
255 71 96 72 96 310 365 366 367
149 2 -1
256 92 99 93 100 311 366 367 370
150 3 -1
257 83 88 84 90 312 367 368 371
151 1 -1
258 60 79 61 79 313 368 369 369
152 2 -1
260 66 36 68 36 315 370 371 372
153 3 -1
261 8 54 16 54 316 371 372 383
154 2 -1
266 29 50 33 50 321 376 377 380
155 3 -1
267 89 61 92 61 322 377 378 380
156 3 -1
268 47 79 47 80 323 378 379 380
157 3 -1
269 72 45 73 45 324 379 380 380
158 2 -1
271 26 77 26 82 326 381 382 387
159 1 -1
272 2 66 2 66 327 382 383 383
160 1 -1
274 27 25 35 30 329 384 385 397
161 0 -1
277 77 64 77 65 332 387 388 389
162 0 -1
278 39 4 41 7 333 388 389 394
163 2 -1
279 13 60 13 63 334 389 390 393
164 2 -1
280 61 69 61 71 335 390 391 393
165 0 -1
283 11 64 12 64 338 393 394 394
166 3 -1
285 84 35 87 35 340 395 396 398
167 1 -1
286 78 40 81 40 341 396 397 399
168 1 -1
289 82 66 85 66 344 399 400 402
169 1 -1
293 76 39 76 42 348 403 404 407
170 0 -1
294 78 82 78 85 349 404 405 408
171 0 -1
295 43 1 45 1 350 405 406 407
172 3 -1
296 95 6 95 9 351 406 407 410
173 1 -1
303 23 34 26 36 358 413 414 422
174 0 -1
305 13 24 13 25 360 415 416 420
175 2 -1
306 23 39 23 40 361 416 417 417
176 1 -1
307 13 64 15 64 362 417 418 419
177 1 -1
310 95 40 98 40 365 420 421 424
178 2 -1
311 54 47 54 50 366 421 422 425
179 3 -1
312 32 1 40 1 367 422 423 431
180 0 -1
313 50 41 50 41 368 423 424 424
181 3 -1
315 33 48 33 49 370 425 426 427
182 2 -1
320 81 27 87 28 375 430 431 446
183 2 -1
321 24 92 27 92 376 431 432 434
184 3 -1
323 17 87 27 88 378 433 434 446
185 1 -1
325 16 94 20 96 380 435 436 443
186 0 -1
326 95 6 95 7 381 436 437 437
187 3 -1
327 52 96 55 96 382 437 438 440
188 0 -1
328 31 12 33 12 383 438 439 443
189 1 -1
329 61 19 64 19 384 439 440 442
190 1 -1
330 99 74 98 74 385 440 441 445
191 0 -1
337 15 44 15 55 392 447 448 460
192 3 -1
340 25 16 25 16 395 450 451 453
193 0 -1
342 80 54 80 54 397 452 453 453
194 0 -1
343 30 45 31 45 398 453 454 456
195 1 -1
345 24 77 24 83 400 455 456 467
196 3 -1
349 66 72 66 73 404 459 460 460
197 3 -1
351 70 94 70 94 406 461 462 462
198 0 -1
354 5 41 10 41 409 464 465 470
199 0 -1
356 2 91 3 91 411 466 467 467
200 0 -1
357 39 36 41 37 412 467 468 471
201 0 -1
358 88 83 93 84 413 468 469 475
202 0 -1
359 64 18 66 19 414 469 470 472
203 2 -1
360 26 85 27 85 415 470 471 472
204 2 -1
361 14 22 14 28 416 471 472 477
205 3 -1
363 44 88 44 89 418 473 474 474
206 1 -1
364 9 49 10 49 419 474 475 475
207 3 -1
365 95 22 97 22 420 475 476 477
208 3 -1
367 90 23 91 26 422 477 478 483
209 0 -1
371 24 27 25 27 426 481 482 482
210 3 -1
372 10 27 12 32 427 482 483 490
211 2 -1
373 18 82 20 82 428 483 484 486
212 1 -1
374 81 92 82 92 429 484 485 485
213 0 -1
375 58 57 59 57 430 485 486 486
214 1 -1
377 34 86 34 87 432 487 488 488
215 3 -1
379 31 3 32 3 434 489 490 490
216 2 -1
380 93 43 93 44 435 490 491 491
217 3 -1
381 29 56 34 56 436 491 492 496
218 2 -1
382 15 42 16 43 437 492 493 494
219 1 -1
383 17 45 18 45 438 493 494 494
220 3 -1
388 91 54 92 54 443 498 499 499
221 2 -1
391 55 4 57 4 446 501 502 503
222 1 -1
392 53 9 54 9 447 502 503 504
223 3 -1
394 83 22 84 23 449 504 505 507
224 1 -1
396 59 93 64 93 451 506 507 511
225 2 -1
397 72 95 73 95 452 507 508 508
226 2 -1
400 57 52 57 52 455 510 511 512
227 3 -1
401 85 21 87 21 456 511 512 513
228 1 -1
403 90 74 91 75 458 513 514 518
229 3 -1
404 29 28 29 28 459 514 515 516
230 2 -1
407 14 77 14 77 462 517 518 518
231 3 -1
408 34 80 34 83 463 518 519 521
232 3 -1
411 37 31 39 31 466 521 522 523
233 2 -1
412 77 6 77 6 467 522 523 523
234 3 -1
414 90 91 91 91 469 524 525 525
235 2 -1
418 38 41 39 41 473 528 529 529
236 2 -1
420 72 86 72 86 475 530 531 531
237 2 -1
421 45 5 46 6 476 531 532 533
238 3 -1
423 48 68 48 69 478 533 534 534
239 3 -1
426 68 16 71 16 481 536 537 541
240 0 -1
428 6 80 8 80 483 538 539 540
241 1 -1
433 27 63 28 64 488 543 544 545
242 3 -1
437 92 22 93 22 492 547 548 548
243 2 -1
439 29 26 29 28 494 549 550 551
244 3 -1
441 89 4 89 9 496 551 552 559
245 2 -1
446 86 92 86 93 501 556 557 560
246 2 -1
448 3 9 5 9 503 558 559 561
247 2 -1
450 78 17 83 18 505 560 561 568
248 0 -1
452 9 56 11 57 507 562 563 565
249 0 -1
455 14 61 16 62 510 565 566 568
250 3 -1
460 55 49 56 52 515 570 571 576
251 2 -1
461 53 49 53 51 516 571 572 573
252 2 -1
462 20 85 22 86 517 572 573 575
253 3 -1
464 78 85 79 86 519 574 575 576
254 2 -1
469 77 26 77 26 524 579 580 581
255 3 -1
471 43 88 48 90 526 581 582 592
256 2 -1
475 5 86 6 86 530 585 586 587
257 1 -1
478 75 20 76 22 533 588 589 592
258 1 -1
479 92 71 92 71 534 589 590 591
259 1 -1
480 20 91 27 91 535 590 591 598
260 3 -1
481 66 22 68 24 536 591 592 597
261 0 -1
482 92 87 93 87 537 592 593 593
262 1 -1
484 7 20 9 20 539 594 595 598
263 3 -1
486 18 58 21 58 541 596 597 599
264 0 -1
488 67 57 67 60 543 598 599 601
265 0 -1
489 19 24 27 27 544 599 600 612
266 2 -1
491 76 71 76 72 546 601 602 603
267 2 -1
493 30 30 30 31 548 603 604 604
268 0 -1
496 24 64 24 64 551 606 607 607
269 0 -1
501 78 24 80 24 556 611 612 613
270 0 -1
502 66 67 67 67 557 612 613 616
271 3 -1
505 64 31 66 31 560 615 616 617
272 3 -1
506 35 83 39 84 561 616 617 621
273 1 -1
507 24 27 27 28 562 617 618 621
274 1 -1
509 76 91 77 91 564 619 620 620
275 3 -1
511 90 78 92 78 566 621 622 623
276 2 -1
512 66 56 67 56 567 622 623 623
277 0 -1
515 38 54 41 54 570 625 626 628
278 2 -1
516 83 29 91 30 571 626 627 639
279 1 -1
517 50 47 53 47 572 627 628 631
280 0 -1
518 57 0 57 0 573 628 629 630
281 2 -1
520 51 42 52 42 575 630 631 631
282 2 -1
522 21 64 29 65 577 632 633 641
283 2 -1
523 56 4 56 5 578 633 634 634
284 1 -1
525 42 77 43 77 580 635 636 637
285 3 -1
526 28 5 29 5 581 636 637 638
286 2 -1
528 38 55 41 57 583 638 639 643
287 0 -1
530 99 32 99 34 585 640 641 644
288 1 -1
533 48 26 50 26 588 643 644 645
289 3 -1
535 94 57 94 57 590 645 646 648
290 1 -1
536 99 44 98 44 591 646 647 648
291 0 -1
537 70 61 70 61 592 647 648 648
292 1 -1
538 85 56 87 57 593 648 649 651
293 3 -1
540 91 36 93 36 595 650 651 654
294 1 -1
541 17 66 20 66 596 651 652 654
295 0 -1
542 49 7 56 7 597 652 653 660
296 3 -1
543 71 83 71 85 598 653 654 655
297 2 -1
546 67 19 68 19 601 656 657 658
298 0 -1
547 64 69 65 70 602 657 658 659
299 0 -1
550 66 21 66 22 605 660 661 661
300 1 -1
552 45 81 46 83 607 662 663 665
