100 100 1797
16
0 85 37
1 57 65
2 87 65
3 91 15
4 0 0
5 16 62
6 48 36
7 91 69
8 60 69
9 55 36
10 22 92
11 40 49
12 74 21
13 86 33
14 60 29
15 87 81
64
0 0 0 100 6
0
1 0 0 100 6
0
2 0 0 100 6
0
3 0 0 100 6
0
4 1 0 100 6
0
5 1 0 100 6
0
6 1 0 100 6
0
7 1 0 100 6
0
8 2 0 100 6
0
9 2 0 100 6
0
10 2 0 100 6
0
11 2 0 100 6
0
12 3 0 100 6
0
13 3 0 100 6
0
14 3 0 100 6
0
15 3 0 100 6
0
16 4 0 100 6
0
17 4 0 100 6
0
18 4 0 100 6
0
19 4 0 100 6
0
20 5 0 100 6
0
21 5 0 100 6
0
22 5 0 100 6
0
23 5 0 100 6
0
24 6 0 100 6
0
25 6 0 100 6
0
26 6 0 100 6
0
27 6 0 100 6
0
28 7 0 100 6
0
29 7 0 100 6
0
30 7 0 100 6
0
31 7 0 100 6
0
32 8 0 100 6
0
33 8 0 100 6
0
34 8 0 100 6
0
35 8 0 100 6
0
36 9 0 100 6
0
37 9 0 100 6
0
38 9 0 100 6
0
39 9 0 100 6
0
40 10 0 100 6
0
41 10 0 100 6
0
42 10 0 100 6
0
43 10 0 100 6
0
44 11 0 100 6
0
45 11 0 100 6
0
46 11 0 100 6
0
47 11 0 100 6
0
48 12 0 100 6
0
49 12 0 100 6
0
50 12 0 100 6
0
51 12 0 100 6
0
52 13 0 100 6
0
53 13 0 100 6
0
54 13 0 100 6
0
55 13 0 100 6
0
56 14 0 100 6
0
57 14 0 100 6
0
58 14 0 100 6
0
59 14 0 100 6
0
60 15 0 100 6
0
61 15 0 100 6
0
62 15 0 100 6
0
63 15 0 100 6
0
1000
1 5 -1
2 65 87 66 87 36 70 71 73
2 2 -1
5 45 3 47 4 39 73 74 78
3 2 -1
7 22 29 23 29 41 75 76 79
4 3 -1
8 67 4 71 6 42 76 77 85
5 3 -1
9 51 4 52 7 43 77 78 83
6 3 -1
10 8 90 9 91 44 78 79 82
7 10 -1
11 57 58 62 59 45 79 80 85
8 1 -1
12 38 93 40 93 46 80 81 82
9 1 -1
13 72 97 72 99 47 81 82 83
10 4 -1
14 46 64 48 65 48 82 83 85
11 13 -1
15 14 25 17 26 49 83 84 89
12 2 -1
17 18 78 22 78 51 85 86 89
13 12 -1
18 37 92 43 92 52 86 87 92
14 7 -1
19 6 16 6 16 53 87 88 88
15 3 -1
20 52 1 52 3 54 88 89 90
16 7 -1
21 25 95 27 95 55 89 90 91
17 7 -1
22 47 56 49 57 56 90 91 94
18 7 -1
24 23 69 24 70 58 92 93 94
19 5 -1
29 53 17 56 17 63 97 98 103
20 8 -1
30 82 87 84 87 64 98 99 100
21 13 -1
31 90 21 91 22 65 99 100 101
22 9 -1
33 78 82 82 84 67 101 102 107
23 11 -1
35 63 17 64 17 69 103 104 104
24 5 -1
36 71 20 71 21 70 104 105 106
25 2 -1
39 27 74 27 75 73 107 108 108
26 3 -1
40 3 85 4 85 74 108 109 109
27 7 -1
41 10 95 12 95 75 109 110 111
28 14 -1
42 66 3 67 3 76 110 111 111
29 12 -1
43 68 94 69 94 77 111 112 112
30 14 -1
45 94 28 94 30 79 113 114 115
31 10 -1
49 11 1 12 2 83 117 118 120
32 6 -1
52 33 10 39 10 86 120 121 127
33 3 -1
53 46 86 47 89 87 121 122 126
34 7 -1
54 40 37 40 37 88 122 123 123
35 7 -1
56 42 47 43 47 90 124 125 141
36 6 -1
57 87 79 89 79 91 125 126 127
37 12 -1
59 50 47 51 47 93 127 128 128
38 5 -1
61 75 41 76 41 95 129 130 131
39 5 -1
62 73 84 80 84 96 130 131 138
40 0 -1
64 11 61 28 61 98 132 133 151
41 5 -1
69 39 54 39 54 103 137 138 139
42 8 -1
71 56 97 63 98 105 139 140 147
43 2 -1
73 42 40 44 40 107 141 142 146
44 4 -1
76 74 40 75 41 110 144 145 147
45 5 -1
78 42 24 42 25 112 146 147 148
46 1 -1
80 84 27 84 27 114 148 149 151
47 1 -1
81 99 61 98 61 115 149 150 151
48 14 -1
82 41 51 41 53 116 150 151 156
49 4 -1
83 88 52 91 53 117 151 152 156
50 5 -1
84 34 14 35 14 118 152 153 153
51 15 -1
86 0 90 10 90 120 154 155 164
52 8 -1
87 65 70 65 71 121 155 156 156
53 1 -1
90 44 83 45 83 124 158 159 159
54 9 -1
91 32 36 34 36 125 159 160 163
55 4 -1
92 91 71 92 71 126 160 161 161
56 9 -1
93 89 84 89 86 127 161 162 164
57 0 -1
94 17 11 19 11 128 162 163 168
58 9 -1
96 87 32 89 32 130 164 165 166
59 14 -1
103 64 79 65 80 137 171 172 174
60 14 -1
105 42 32 42 34 139 173 174 175
61 14 -1
106 52 82 54 82 140 174 175 184
62 12 -1
107 72 8 74 9 141 175 176 178
63 6 -1
108 37 47 44 47 142 176 177 184
64 0 -1
110 0 60 6 60 144 178 179 186
65 3 -1
111 44 52 44 52 145 179 180 180
66 7 -1
114 9 99 10 99 148 182 183 188
67 1 -1
115 28 82 32 82 149 183 184 188
68 12 -1
116 17 69 26 72 150 184 185 196
69 6 -1
119 83 73 85 73 153 187 188 190
70 0 -1
120 84 68 85 68 154 188 189 189
71 1 -1
122 86 80 89 81 156 190 191 194
72 10 -1
123 9 32 11 33 157 191 192 194
73 11 -1
124 68 98 68 95 158 192 193 196
74 15 -1
127 76 89 77 89 161 195 196 196
75 8 -1
128 46 83 46 85 162 196 197 215
76 14 -1
130 58 61 58 61 164 198 199 199
77 15 -1
132 98 10 91 16 166 200 201 215
78 1 -1
134 16 75 16 75 168 202 203 203
79 13 -1
135 87 67 92 72 169 203 204 214
80 15 -1
136 35 43 35 44 170 204 205 206
81 14 -1
139 45 11 45 11 173 207 208 208
82 2 -1
140 74 4 77 4 174 208 209 212
83 12 -1
141 86 82 87 83 175 209 210 214
84 2 -1
144 28 94 29 96 178 212 213 217
85 12 -1
145 11 88 12 89 179 213 214 215
86 1 -1
146 31 80 31 81 180 214 215 215
87 0 -1
147 29 41 30 41 181 215 216 216
88 10 -1
148 54 90 55 90 182 216 217 217
89 10 -1
149 51 62 53 62 183 217 218 219
90 11 -1
150 27 18 29 19 184 218 219 224
91 12 -1
153 2 14 3 14 187 221 222 222
92 7 -1
154 39 61 43 61 188 222 223 226
93 15 -1
155 23 34 25 34 189 223 224 227
94 5 -1
156 67 7 67 10 190 224 225 229
95 1 -1
157 21 64 24 65 191 225 226 230
96 14 -1
160 94 64 94 70 194 228 229 234
97 9 -1
162 32 7 32 7 196 230 231 231
98 13 -1
163 79 39 79 40 197 231 232 232
99 13 -1
166 63 1 64 1 200 234 235 236
100 5 -1
167 89 49 92 51 201 235 236 240
101 11 -1
168 70 28 71 28 202 236 237 238
102 10 -1
169 93 95 98 95 203 237 238 242
103 11 -1
170 69 43 71 45 204 238 239 243
104 8 -1
172 58 68 59 69 206 240 241 245
105 10 -1
173 97 43 94 43 207 241 242 246
106 7 -1
174 89 56 91 56 208 242 243 244
107 7 -1
179 21 98 22 98 213 247 248 248
108 13 -1
183 28 12 29 13 217 251 252 256
109 12 -1
184 73 90 74 91 218 252 253 254
110 6 -1
185 72 97 73 98 219 253 254 255
111 12 -1
186 97 26 99 31 220 254 255 263
112 8 -1
187 79 59 79 65 221 255 256 261
113 9 -1
189 82 71 86 71 223 257 258 262
114 6 -1
190 49 23 49 27 224 258 259 263
115 9 -1
193 93 60 94 60 227 261 262 262
116 7 -1
196 97 22 98 23 230 264 265 266
117 5 -1
197 49 30 49 30 231 265 266 266
118 10 -1
198 66 47 68 57 232 266 267 284
119 12 -1
199 32 16 32 16 233 267 268 268
120 1 -1
200 96 44 96 44 234 268 269 270
121 8 -1
201 63 21 64 21 235 269 270 270
122 15 -1
204 91 77 92 77 238 272 273 273
123 13 -1
208 54 90 55 90 242 276 277 277
124 10 -1
209 26 95 26 96 243 277 278 278
125 14 -1
211 92 44 93 45 245 279 280 282
126 15 -1
212 85 84 87 84 246 280 281 282
127 9 -1
213 69 78 76 78 247 281 282 289
128 14 -1
214 87 14 88 17 248 282 283 287
129 13 -1
218 96 74 89 74 252 286 287 293
130 13 -1
219 65 71 65 71 253 287 288 289
131 6 -1
224 62 35 62 38 258 292 293 295
132 13 -1
225 63 22 64 22 259 293 294 295
133 11 -1
229 22 74 28 74 263 297 298 303
134 15 -1
230 28 73 28 74 264 298 299 299
135 6 -1
231 10 25 13 25 265 299 300 302
136 12 -1
236 52 96 54 96 270 304 305 306
137 1 -1
237 69 84 70 84 271 305 306 307
138 14 -1
240 78 47 84 50 274 308 309 319
139 0 -1
242 3 16 3 16 276 310 311 312
140 0 -1
244 48 95 51 96 278 312 313 317
141 7 -1
245 78 92 78 95 279 313 314 319
142 14 -1
246 70 28 70 30 280 314 315 317
143 8 -1
247 32 12 35 12 281 315 316 318
144 7 -1
248 90 9 90 10 282 316 317 319
145 15 -1
250 23 69 24 69 284 318 319 320
146 8 -1
251 14 15 15 16 285 319 320 322
147 5 -1
253 78 5 79 5 287 321 322 322
148 7 -1
255 41 55 42 55 289 323 324 325
149 0 -1
256 88 23 89 23 290 324 325 328
150 1 -1
257 81 24 81 25 291 325 326 329
151 0 -1
258 96 79 96 79 292 326 327 327
152 3 -1
260 96 89 98 89 294 328 329 330
153 8 -1
261 28 63 35 63 295 329 330 341
154 10 -1
266 6 90 6 93 300 334 335 338
155 3 -1
267 16 50 19 50 301 335 336 338
156 2 -1
268 61 7 63 7 302 336 337 338
157 1 -1
269 1 18 1 19 303 337 338 338
158 0 -1
271 50 49 50 50 305 339 340 345
159 14 -1
272 87 74 88 74 306 340 341 341
160 2 -1
274 35 82 48 82 308 342 343 355
161 2 -1
277 29 20 31 20 311 345 346 347
162 1 -1
278 0 22 1 26 312 346 347 352
163 15 -1
279 72 5 75 5 313 347 348 351
164 13 -1
280 37 21 37 22 314 348 349 351
165 11 -1
283 31 73 32 73 317 351 352 352
166 15 -1
285 70 14 70 17 319 353 354 356
167 4 -1
286 58 85 59 87 320 354 355 357
168 3 -1
289 33 3 35 4 323 357 358 360
169 15 -1
293 60 27 63 27 327 361 362 365
170 9 -1
294 18 82 18 85 328 362 363 366
171 1 -1
295 36 9 37 10 329 363 364 365
172 3 -1
296 18 91 18 91 330 364 365 368
173 8 -1
303 17 18 18 26 337 371 372 380
174 10 -1
305 79 47 81 47 339 373 374 378
175 9 -1
306 21 31 21 31 340 374 375 375
176 1 -1
307 76 75 78 75 341 375 376 377
177 13 -1
310 61 44 61 47 344 378 379 382
178 7 -1
311 90 26 92 27 345 379 380 383
179 6 -1
312 31 44 36 48 346 380 381 389
180 14 -1
313 5 45 6 45 347 381 382 382
181 2 -1
315 11 7 13 7 349 383 384 385
182 5 -1
320 67 5 77 10 354 388 389 404
183 3 -1
321 59 44 59 45 355 389 390 392
184 11 -1
323 25 36 28 46 357 391 392 404
185 5 -1
325 97 66 98 67 359 393 394 401
186 12 -1
326 61 1 61 2 360 394 395 395
187 12 -1
327 97 23 94 23 361 395 396 398
188 13 -1
328 79 50 82 52 362 396 397 401
189 4 -1
329 50 34 51 36 363 397 398 400
190 2 -1
330 47 4 51 4 364 398 399 403
191 7 -1
337 30 47 30 50 371 405 406 418
192 12 -1
340 61 49 64 49 374 408 409 411
193 8 -1
342 45 70 46 70 376 410 411 411
194 6 -1
343 36 43 38 44 377 411 412 414
195 9 -1
345 63 80 65 81 379 413 414 425
196 5 -1
349 99 95 99 96 383 417 418 418
197 7 -1
351 57 53 57 54 385 419 420 420
198 8 -1
354 93 4 99 4 388 422 423 428
199 7 -1
356 90 23 91 23 390 424 425 425
200 0 -1
357 88 43 91 44 391 425 426 429
201 5 -1
358 60 90 65 92 392 426 427 433
202 7 -1
359 47 64 49 64 393 427 428 430
203 8 -1
360 95 39 97 39 394 428 429 430
204 1 -1
361 3 28 9 28 395 429 430 435
205 13 -1
363 44 36 45 36 397 431 432 432
206 13 -1
364 75 76 76 76 398 432 433 433
207 8 -1
365 60 42 62 42 399 433 434 435
208 2 -1
367 10 83 15 84 401 435 436 441
209 11 -1
371 36 77 36 77 405 439 440 440
210 4 -1
372 67 15 75 15 406 440 441 448
211 5 -1
373 96 34 98 34 407 441 442 444
212 3 -1
374 86 31 86 31 408 442 443 443
213 13 -1
375 11 38 12 38 409 443 444 444
214 1 -1
377 70 2 70 2 411 445 446 446
215 14 -1
379 89 7 90 7 413 447 448 448
216 13 -1
380 79 35 79 36 414 448 449 449
217 0 -1
381 63 18 65 18 415 449 450 454
218 8 -1
382 76 8 76 8 416 450 451 452
219 5 -1
383 76 65 76 65 417 451 452 452
220 11 -1
388 95 65 95 65 422 456 457 457
221 8 -1
391 1 40 2 40 425 459 460 461
222 8 -1
392 77 19 79 19 426 460 461 462
223 2 -1
394 12 17 15 17 428 462 463 465
224 0 -1
396 91 2 92 3 430 464 465 469
225 15 -1
397 89 14 90 14 431 465 466 466
226 4 -1
400 92 42 93 43 434 468 469 470
227 5 -1
401 49 48 49 50 435 469 470 471
228 8 -1
403 39 12 43 12 437 471 472 476
229 4 -1
404 63 12 63 12 438 472 473 474
230 10 -1
407 44 73 45 73 441 475 476 476
231 11 -1
408 61 32 63 33 442 476 477 479
232 6 -1
411 74 36 76 36 445 479 480 481
233 4 -1
412 91 1 91 1 446 480 481 481
234 15 -1
414 0 97 1 97 448 482 483 483
235 13 -1
418 11 9 11 10 452 486 487 487
236 0 -1
420 19 60 20 60 454 488 489 489
237 14 -1
421 77 4 77 5 455 489 490 491
238 5 -1
423 28 95 29 95 457 491 492 492
239 7 -1
426 37 0 37 2 460 494 495 499
240 4 -1
428 67 96 67 96 462 496 497 498
241 15 -1
433 83 23 84 24 467 501 502 503
242 4 -1
437 22 16 23 16 471 505 506 506
243 6 -1
439 62 89 62 91 473 507 508 509
244 5 -1
441 26 18 33 18 475 509 510 517
245 3 -1
446 6 87 6 90 480 514 515 518
246 14 -1
448 11 6 14 6 482 516 517 519
247 14 -1
450 6 72 10 76 484 518 519 526
248 0 -1
452 78 29 78 32 486 520 521 523
249 14 -1
455 39 25 39 26 489 523 524 526
250 1 -1
460 86 88 91 89 494 528 529 534
251 14 -1
461 16 1 18 1 495 529 530 531
252 3 -1
462 15 53 15 54 496 530 531 533
253 11 -1
464 59 57 59 58 498 532 533 534
254 10 -1
469 58 19 58 20 503 537 538 539
255 13 -1
471 13 78 20 82 505 539 540 550
256 3 -1
475 27 39 29 39 509 543 544 545
257 6 -1
478 4 31 7 32 512 546 547 550
258 6 -1
479 55 70 57 70 513 547 548 549
259 3 -1
480 67 3 67 9 514 548 549 556
260 7 -1
481 59 13 62 13 515 549 550 555
261 14 -1
482 56 13 56 13 516 550 551 551
262 6 -1
484 77 11 77 11 518 552 553 556
263 2 -1
486 23 42 24 43 520 554 555 557
264 0 -1
488 88 66 88 69 522 556 557 559
265 8 -1
489 7 23 19 23 523 557 558 570
266 11 -1
491 42 36 43 36 525 559 560 561
267 9 -1
493 62 85 63 85 527 561 562 562
268 9 -1
496 49 27 50 27 530 564 565 565
269 4 -1
501 41 33 43 33 535 569 570 571
270 0 -1
502 46 40 46 43 536 570 571 574
271 3 -1
505 12 82 12 82 539 573 574 575
272 11 -1
506 12 26 15 27 540 574 575 579
273 9 -1
507 75 30 76 31 541 575 576 579
274 6 -1
509 26 83 27 83 543 577 578 578
275 5 -1
511 38 37 39 37 545 579 580 581
276 13 -1
512 21 2 22 2 546 580 581 581
277 7 -1
515 60 48 60 51 549 583 584 586
278 13 -1
516 11 75 16 78 550 584 585 597
279 13 -1
517 14 92 16 93 551 585 586 589
280 10 -1
518 36 87 36 89 552 586 587 588
281 11 -1
520 87 43 87 44 554 588 589 589
282 8 -1
522 83 92 84 96 556 590 591 599
283 4 -1
523 44 75 44 75 557 591 592 592
284 0 -1
525 40 90 42 90 559 593 594 595
285 8 -1
526 45 88 45 88 560 594 595 596
286 1 -1
528 87 33 92 33 562 596 597 601
287 2 -1
530 93 66 96 67 564 598 599 602
288 10 -1
533 53 78 54 78 567 601 602 603
289 10 -1
535 20 18 23 18 569 603 604 606
290 0 -1
536 63 66 64 66 570 604 605 606
291 7 -1
537 38 62 39 62 571 605 606 606
292 3 -1
538 80 78 83 78 572 606 607 609
293 7 -1
540 34 9 34 12 574 608 609 612
294 1 -1
541 4 91 4 93 575 609 610 612
295 13 -1
542 53 64 59 65 576 610 611 618
296 5 -1
543 71 3 73 3 577 611 612 613
297 12 -1
546 76 34 77 35 580 614 615 616
298 12 -1
547 17 33 19 33 581 615 616 617
299 4 -1
550 82 37 83 37 584 618 619 619
300 5 -1
552 0 43 3 43 586 620 621 623
301 15 -1
553 45 20 46 20 587 621 622 623
302 11 -1
555 1 65 6 65 589 623 624 628
303 8 -1
556 86 4 88 4 590 624 625 626
304 12 -1
558 20 68 20 69 592 626 627 627
305 12 -1
559 74 45 75 48 593 627 628 632
306 4 -1
560 75 8 76 8 594 628 629 630
307 4 -1
562 57 51 57 52 596 630 631 631
308 11 -1
565 87 84 89 86 599 633 634 637
309 4 -1
566 26 43 27 43 600 634 635 638
310 8 -1
567 40 83 40 84 601 635 636 636
311 0 -1
570 84 97 84 99 604 638 639 642
312 14 -1
572 38 60 40 61 606 640 641 643
313 2 -1
573 8 96 8 98 607 641 642 644
314 10 -1
575 81 66 83 66 609 643 644 645
315 5 -1
577 77 82 78 82 611 645 646 646
316 4 -1
578 20 40 20 40 612 646 647 648
317 14 -1
579 19 96 21 96 613 647 648 652
318 12 -1
580 28 45 28 46 614 648 649 649
319 4 -1
585 51 5 52 5 619 653 654 656
320 10 -1
588 72 35 75 36 622 656 657 661
321 2 -1
589 0 26 2 33 623 657 658 672
322 0 -1
592 39 13 40 13 626 660 661 661
323 1 -1
594 56 31 57 32 628 662 663 664
324 8 -1
595 26 7 36 12 629 663 664 678
325 11 -1
596 28 51 30 51 630 664 665 668
326 11 -1
597 56 88 56 96 631 665 666 673
327 4 -1
599 40 43 42 49 633 667 668 675
328 8 -1
600 67 50 68 50 634 668 669 671
329 3 -1
601 43 34 43 36 635 669 670 671
330 8 -1
603 76 28 78 28 637 671 672 673
331 3 -1
608 66 76 67 76 642 676 677 679
332 1 -1
609 45 16 45 17 643 677 678 678
333 6 -1
610 5 85 6 86 644 678 679 683
334 5 -1
611 78 5 80 6 645 679 680 683
335 11 -1
613 51 20 56 22 647 681 682 689
336 6 -1
614 11 10 11 16 648 682 683 688
337 12 -1
615 88 39 88 40 649 683 684 684
338 2 -1
616 85 72 85 73 650 684 685 686
339 5 -1
619 73 52 73 55 653 687 688 692
340 11 -1
620 82 90 83 90 654 688 689 690
341 11 -1
621 88 67 91 69 655 689 690 694
342 7 -1
622 73 69 73 71 656 690 691 693
343 14 -1
623 67 75 68 75 657 691 692 693
344 7 -1
624 45 1 46 1 658 692 693 693
345 5 -1
625 25 95 25 95 659 693 694 695
346 8 -1
628 37 18 38 18 662 696 697 697
347 4 -1
629 95 43 97 46 663 697 698 702
348 4 -1
630 21 9 21 10 664 698 699 699
349 1 -1
634 68 67 69 67 668 702 703 703
350 7 -1
635 93 45 93 47 669 703 704 705
351 3 -1
636 93 63 94 63 670 704 705 706
352 13 -1
637 81 34 82 34 671 705 706 707
353 8 -1
639 40 93 41 93 673 707 708 708
354 7 -1
640 35 23 36 24 674 708 709 710
355 14 -1
641 69 86 70 86 675 709 710 711
356 9 -1
643 45 69 48 69 677 711 712 717
357 6 -1
645 45 64 45 65 679 713 714 715
358 14 -1
646 94 65 94 66 680 714 715 716
359 4 -1
648 44 23 45 23 682 716 717 717
360 14 -1
649 26 91 28 91 683 717 718 727
361 1 -1
650 75 40 76 40 684 718 719 719
362 9 -1
651 86 28 87 29 685 719 720 723
363 2 -1
652 33 15 42 17 686 720 721 735
364 9 -1
653 3 58 3 58 687 721 722 722
365 15 -1
656 31 54 32 54 690 724 725 725
366 11 -1
662 76 92 77 92 696 730 731 732
367 3 -1
663 84 25 85 28 697 731 732 739
368 6 -1
664 63 46 65 46 698 732 733 734
369 6 -1
665 29 39 29 39 699 733 734 734
370 0 -1
666 62 63 63 63 700 734 735 736
371 5 -1
667 55 38 58 38 701 735 736 738
372 12 -1
669 13 46 14 46 703 737 738 738
373 15 -1
672 74 63 78 63 706 740 741 744
374 3 -1
673 11 41 12 42 707 741 742 743
375 12 -1
674 53 17 56 18 708 742 743 746
376 4 -1
675 29 45 30 49 709 743 744 748
377 13 -1
678 79 43 83 43 712 746 747 750
378 11 -1
679 14 58 16 58 713 747 748 750
379 10 -1
680 57 15 57 17 714 748 749 754
380 12 -1
681 57 22 57 24 715 749 750 751
381 0 -1
682 33 13 34 14 716 750 751 752
382 12 -1
684 3 15 4 15 718 752 753 754
383 1 -1
685 55 72 59 73 719 753 754 758
384 9 -1
687 33 13 37 14 721 755 756 760
385 3 -1
688 52 25 53 26 722 756 757 758
386 0 -1
689 22 98 24 98 723 757 758 759
387 13 -1
690 77 16 78 16 724 758 759 760
388 0 -1
691 43 37 44 37 725 759 760 761
389 8 -1
692 32 86 34 86 726 760 761 762
390 2 -1
694 19 69 21 69 728 762 763 765
391 2 -1
696 95 83 96 83 730 764 765 766
392 11 -1
698 24 52 26 54 732 766 767 771
393 2 -1
700 98 27 98 27 734 768 769 769
394 9 -1
701 68 13 68 13 735 769 770 770
395 8 -1
702 48 21 50 21 736 770 771 777
396 14 -1
703 66 11 66 11 737 771 772 773
397 7 -1
704 29 37 31 37 738 772 773 774
398 0 -1
705 2 1 5 2 739 773 774 777
399 11 -1
706 27 13 27 15 740 774 775 776
400 2 -1
707 61 40 63 41 741 775 776 779
401 3 -1
708 36 78 41 80 742 776 777 783
402 9 -1
710 33 37 36 37 744 778 779 781
403 9 -1
712 6 29 6 30 746 780 781 781
404 9 -1
714 56 81 56 81 748 782 783 783
405 7 -1
716 37 48 37 49 750 784 785 785
406 0 -1
718 7 16 10 18 752 786 787 794
407 14 -1
719 25 23 25 24 753 787 788 788
408 9 -1
720 36 61 36 62 754 788 789 790
409 11 -1
722 2 16 4 16 756 790 791 792
410 4 -1
724 91 38 91 40 758 792 793 794
411 1 -1
725 53 45 63 46 759 793 794 804
412 11 -1
726 79 57 79 58 760 794 795 798
413 13 -1
727 18 76 18 79 761 795 796 798
414 3 -1
728 57 56 62 56 762 796 797 801
415 15 -1
729 38 76 38 76 763 797 798 798
416 15 -1
731 48 85 49 85 765 799 800 800
417 1 -1
733 91 42 93 42 767 801 802 803
418 6 -1
734 53 42 53 44 768 802 803 804
419 2 -1
735 32 17 33 19 769 803 804 806
420 3 -1
736 56 11 57 11 770 804 805 806
421 11 -1
737 49 30 52 30 771 805 806 808
422 1 -1
742 56 3 57 4 776 810 811 815
423 15 -1
744 25 39 26 40 778 812 813 814
424 12 -1
745 49 86 50 90 779 813 814 818
425 9 -1
748 61 19 62 19 782 816 817 818
426 14 -1
750 84 34 85 34 784 818 819 819
427 0 -1
751 30 2 31 2 785 819 820 820
428 5 -1
752 51 99 54 99 786 820 821 823
429 1 -1
753 36 41 37 41 787 821 822 822
430 14 -1
754 10 3 12 6 788 822 823 828
431 13 -1
755 47 41 48 41 789 823 824 825
432 13 -1
757 95 46 97 46 791 825 826 827
433 11 -1
758 49 23 51 29 792 826 827 834
434 9 -1
759 71 15 71 16 793 827 828 829
435 7 -1
760 51 6 52 6 794 828 829 829
436 6 -1
766 71 84 73 84 800 834 835 836
437 1 -1
767 34 58 34 59 801 835 836 837
438 8 -1
768 1 71 3 71 802 836 837 839
439 9 -1
771 85 99 86 99 805 839 840 840
440 3 -1
772 61 72 63 72 806 840 841 842
441 5 -1
773 11 85 14 85 807 841 842 844
442 2 -1
775 7 56 10 56 809 843 844 848
443 5 -1
777 5 49 7 49 811 845 846 847
444 8 -1
778 48 79 50 79 812 846 847 848
445 0 -1
779 78 23 81 23 813 847 848 850
446 13 -1
781 66 35 66 35 815 849 850 850
447 7 -1
782 5 14 8 14 816 850 851 854
448 15 -1
784 9 4 9 5 818 852 853 854
449 10 -1
787 68 9 69 10 821 855 856 857
450 7 -1
788 39 19 40 19 822 856 857 857
451 15 -1
789 82 51 86 51 823 857 858 861
452 10 -1
790 49 96 50 96 824 858 859 860
453 10 -1
791 78 86 78 89 825 859 860 864
454 15 -1
793 35 28 35 30 827 861 862 864
455 4 -1
794 65 64 65 65 828 862 863 866
456 4 -1
795 30 46 31 46 829 863 864 865
457 9 -1
796 95 1 98 1 830 864 865 868
458 11 -1
797 27 43 28 43 831 865 866 866
459 13 -1
798 44 50 45 50 832 866 867 869
460 2 -1
799 61 95 62 96 833 867 868 869
461 9 -1
800 75 31 78 31 834 868 869 873
462 3 -1
802 23 99 23 96 836 870 871 874
463 14 -1
803 45 36 47 36 837 871 872 873
464 2 -1
805 47 54 52 54 839 873 874 878
465 7 -1
806 85 22 87 22 840 874 875 883
466 11 -1
807 82 84 84 84 841 875 876 877
467 12 -1
810 94 81 94 82 844 878 879 879
468 12 -1
813 80 97 80 98 847 881 882 882
469 9 -1
818 21 35 23 35 852 886 887 888
470 4 -1
820 68 11 69 11 854 888 889 891
471 4 -1
824 42 30 43 30 858 892 893 894
472 10 -1
825 88 42 89 44 859 893 894 896
473 4 -1
827 67 43 68 43 861 895 896 896
474 12 -1
828 40 86 42 90 862 896 897 906
475 14 -1
830 21 37 21 37 864 898 899 901
476 10 -1
831 66 53 66 54 865 899 900 900
477 10 -1
833 25 7 27 7 867 901 902 903
478 0 -1
834 90 59 91 60 868 902 903 904
479 6 -1
835 97 92 93 96 869 903 904 913
480 0 -1
839 95 61 97 61 873 907 908 909
481 15 -1
841 97 32 98 33 875 909 910 913
482 6 -1
842 97 19 99 19 876 910 911 912
483 13 -1
844 84 14 88 14 878 912 913 917
484 5 -1
845 97 71 97 71 879 913 914 915
485 2 -1
846 98 6 95 9 880 914 915 920
486 9 -1
847 13 7 14 7 881 915 916 916
487 10 -1
850 68 75 70 75 884 918 919 921
488 11 -1
851 11 0 12 1 885 919 920 923
489 14 -1
854 49 25 50 25 888 922 923 923
490 10 -1
856 95 3 96 4 890 924 925 927
491 13 -1
859 1 78 2 81 893 927 928 932
492 10 -1
860 60 7 60 7 894 928 929 929
493 8 -1
861 41 56 41 57 895 929 930 931
494 10 -1
864 6 79 7 81 898 932 933 935
495 1 -1
867 25 38 25 39 901 935 936 936
496 13 -1
868 69 34 71 34 902 936 937 938
497 6 -1
871 83 78 91 78 905 939 940 955
498 15 -1
873 60 99 62 99 907 941 942 943
499 4 -1
874 47 0 49 3 908 942 943 947
500 5 -1
875 11 19 11 21 909 943 944 946
501 14 -1
877 50 24 52 25 911 945 946 948
502 9 -1
878 23 66 23 66 912 946 947 948
503 7 -1
879 37 72 38 73 913 947 948 949
504 5 -1
880 18 90 21 91 914 948 949 952
505 8 -1
881 92 87 92 91 915 949 950 955
506 13 -1
882 9 36 11 36 916 950 951 952
507 10 -1
885 26 67 26 68 919 953 954 954
508 4 -1
887 21 84 21 86 921 955 956 958
509 8 -1
889 62 85 62 85 923 957 958 960
510 5 -1
891 87 76 89 76 925 959 960 961
511 11 -1
893 83 52 85 52 927 961 962 963
512 10 -1
894 26 76 28 76 928 962 963 965
513 4 -1
895 78 72 80 73 929 963 964 966
514 9 -1
896 51 12 52 12 930 964 965 966
515 2 -1
897 96 97 96 97 931 965 966 966
516 11 -1
898 49 96 50 96 932 966 967 968
517 6 -1
899 36 65 37 66 933 967 968 969
518 3 -1
900 1 98 4 100 934 968 969 974
519 14 -1
901 16 80 17 81 935 969 970 971
520 3 -1
902 36 69 37 69 936 970 971 971
521 8 -1
905 30 92 30 93 939 973 974 974
522 5 -1
910 29 85 29 86 944 978 979 979
523 2 -1
912 28 35 33 36 946 980 981 990
524 11 -1
914 98 53 93 55 948 982 983 989
525 15 -1
917 23 1 26 2 951 985 986 989
526 13 -1
919 7 1 9 1 953 987 988 989
527 1 -1
920 94 5 97 5 954 988 989 991
528 11 -1
921 20 21 20 21 955 989 990 990
529 6 -1
923 71 47 71 48 957 991 992 992
530 10 -1
925 59 41 59 41 959 993 994 996
531 8 -1
926 19 98 21 93 960 994 995 1003
532 9 -1
927 28 7 28 7 961 995 996 998
533 4 -1
928 59 73 59 75 962 996 997 1000
534 14 -1
929 24 77 24 77 963 997 998 998
535 13 -1
931 10 87 10 87 965 999 1000 1001
536 13 -1
933 68 69 69 74 967 1001 1002 1008
537 3 -1
935 59 2 60 2 969 1003 1004 1005
538 14 -1
936 31 27 31 28 970 1004 1005 1005
539 6 -1
937 27 89 29 90 971 1005 1006 1009
540 6 -1
938 35 91 35 92 972 1006 1007 1010
541 13 -1
940 48 30 49 30 974 1008 1009 1010
542 2 -1
942 24 11 25 11 976 1010 1011 1011
543 9 -1
943 89 49 91 52 977 1011 1012 1018
544 14 -1
944 97 5 97 6 978 1012 1013 1013
545 7 -1
945 85 11 85 14 979 1013 1014 1016
546 11 -1
947 66 26 74 29 981 1015 1016 1028
547 6 -1
948 84 63 85 65 982 1016 1017 1019
548 8 -1
950 45 16 47 16 984 1018 1019 1020
549 13 -1
951 69 34 69 35 985 1019 1020 1021
550 9 -1
954 95 82 95 82 988 1022 1023 1024
551 7 -1
955 37 67 37 67 989 1023 1024 1024
552 10 -1
957 87 48 90 48 991 1025 1026 1028
553 6 -1
958 96 50 97 50 992 1026 1027 1027
554 11 -1
963 75 2 77 3 997 1031 1032 1034
555 15 -1
964 7 98 9 98 998 1032 1033 1034
556 4 -1
966 31 8 33 8 1000 1034 1035 1036
557 14 -1
969 62 81 64 81 1003 1037 1038 1039
558 8 -1
972 1 35 3 37 1006 1040 1041 1046
559 9 -1
973 79 78 80 81 1007 1041 1042 1045
560 3 -1
974 39 57 49 57 1008 1042 1043 1052
561 15 -1
976 94 74 95 78 1010 1044 1045 1049
562 4 -1
979 36 67 37 68 1013 1047 1048 1051
563 1 -1
981 38 33 39 33 1015 1049 1050 1050
564 10 -1
983 65 99 67 100 1017 1051 1052 1054
565 15 -1
984 2 46 3 50 1018 1052 1053 1058
566 8 -1
987 30 35 30 37 1021 1055 1056 1059
567 8 -1
989 43 11 44 12 1023 1057 1058 1060
568 1 -1
990 2 87 4 87 1024 1058 1059 1062
569 0 -1
992 11 60 11 62 1026 1060 1061 1064
570 2 -1
993 55 84 56 84 1027 1061 1062 1063
571 11 -1
994 10 15 12 16 1028 1062 1063 1066
572 13 -1
996 66 80 67 81 1030 1064 1065 1066
573 7 -1
997 57 97 58 98 1031 1065 1066 1067
574 15 -1
998 82 34 82 34 1032 1066 1067 1067
575 5 -1
999 40 71 41 72 1033 1067 1068 1069
576 13 -1
1001 74 2 79 43 1035 1069 1070 1118
577 3 -1
1004 94 46 95 47 1038 1072 1073 1074
578 8 -1
1008 54 94 54 95 1042 1076 1077 1077
579 5 -1
1010 12 10 14 10 1044 1078 1079 1080
580 14 -1
1012 24 51 25 51 1046 1080 1081 1081
581 4 -1
1015 7 43 8 43 1049 1083 1084 1084
582 13 -1
1016 9 32 9 32 1050 1084 1085 1085
583 10 -1
1017 97 24 99 25 1051 1085 1086 1088
584 1 -1
1018 46 72 54 74 1052 1086 1087 1100
585 4 -1
1019 11 96 16 99 1053 1087 1088 1097
586 2 -1
1020 93 74 94 76 1054 1088 1089 1091
587 14 -1
1021 67 29 68 29 1055 1089 1090 1090
588 13 -1
1022 49 91 51 81 1056 1090 1091 1104
589 2 -1
1025 19 19 24 19 1059 1093 1094 1098
590 8 -1
1027 81 81 81 82 1061 1095 1096 1096
591 10 -1
1028 14 51 14 51 1062 1096 1097 1097
592 12 -1
1031 96 40 87 40 1065 1099 1100 1108
593 8 -1
1032 11 23 17 23 1066 1100 1101 1107
594 0 -1
1033 20 67 21 68 1067 1101 1102 1105
595 14 -1
1035 51 69 53 69 1069 1103 1104 1105
596 12 -1
1036 31 41 31 41 1070 1104 1105 1106
597 8 -1
1037 82 46 83 46 1071 1105 1106 1106
598 5 -1
1039 59 69 59 70 1073 1107 1108 1108
599 2 -1
1040 77 28 77 28 1074 1108 1109 1109
600 11 -1
1042 79 7 80 10 1076 1110 1111 1121
601 4 -1
1044 60 74 60 78 1078 1112 1113 1116
602 1 -1
1045 88 73 88 74 1079 1113 1114 1116
603 13 -1
1051 93 8 94 8 1085 1119 1120 1120
604 11 -1
1053 0 74 1 74 1087 1121 1122 1122
605 0 -1
1056 82 62 83 62 1090 1124 1125 1126
606 3 -1
1057 56 62 56 63 1091 1125 1126 1127
607 11 -1
1059 53 60 54 63 1093 1127 1128 1131
608 9 -1
1060 84 26 84 27 1094 1128 1129 1133
609 10 -1
1063 29 8 30 10 1097 1131 1132 1134
610 13 -1
1065 9 3 10 3 1099 1133 1134 1136
611 0 -1
1066 96 54 97 55 1100 1134 1135 1136
612 9 -1
1067 56 66 56 66 1101 1135 1136 1136
613 12 -1
1070 28 41 37 43 1104 1138 1139 1150
614 12 -1
1071 66 60 67 64 1105 1139 1140 1144
615 7 -1
1073 33 9 42 10 1107 1141 1142 1156
616 8 -1
1074 71 86 71 87 1108 1142 1143 1143
617 6 -1
1075 96 85 99 85 1109 1143 1144 1146
618 4 -1
1078 63 54 63 55 1112 1146 1147 1150
619 9 -1
1082 24 19 24 19 1116 1150 1151 1151
620 10 -1
1083 12 65 14 65 1117 1151 1152 1153
621 11 -1
1084 19 4 21 5 1118 1152 1153 1158
622 4 -1
1085 69 19 72 19 1119 1153 1154 1156
623 9 -1
1086 36 6 39 6 1120 1154 1155 1158
624 14 -1
1090 90 67 91 67 1124 1158 1159 1159
625 7 -1
1091 65 18 67 20 1125 1159 1160 1163
626 9 -1
1092 47 61 47 61 1126 1160 1161 1161
627 9 -1
1095 59 73 61 74 1129 1163 1164 1166
628 5 -1
1097 67 33 69 33 1131 1165 1166 1168
629 13 -1
1098 39 10 40 11 1132 1166 1167 1170
630 4 -1
1099 36 2 38 4 1133 1167 1168 1172
631 6 -1
1100 34 5 38 6 1134 1168 1169 1173
632 10 -1
1102 92 55 93 57 1136 1170 1171 1173
633 5 -1
1103 83 49 89 50 1137 1171 1172 1178
634 9 -1
1104 61 32 61 33 1138 1172 1173 1173
635 6 -1
1105 10 78 11 78 1139 1173 1174 1174
636 2 -1
1107 50 47 59 48 1141 1175 1176 1185
637 9 -1
1109 43 65 44 67 1143 1177 1178 1180
638 0 -1
1111 57 10 57 12 1145 1179 1180 1181
639 11 -1
1113 56 59 56 60 1147 1181 1182 1182
640 15 -1
1114 91 90 92 90 1148 1182 1183 1183
641 15 -1
1115 29 12 31 12 1149 1183 1184 1186
642 8 -1
1116 97 60 87 60 1150 1184 1185 1195
643 13 -1
1118 34 65 34 67 1152 1186 1187 1188
644 3 -1
1120 6 53 8 53 1154 1188 1189 1190
645 7 -1
1121 15 54 15 55 1155 1189 1190 1190
646 0 -1
1122 40 23 41 24 1156 1190 1191 1193
647 7 -1
1124 81 23 86 24 1158 1192 1193 1199
648 1 -1
1125 57 43 58 43 1159 1193 1194 1195
649 6 -1
1126 62 30 63 30 1160 1194 1195 1206
650 9 -1
1129 93 18 93 18 1163 1197 1198 1198
651 8 -1
1130 21 38 22 38 1164 1198 1199 1199
652 15 -1
1132 4 59 6 59 1166 1200 1201 1202
653 5 -1
1133 89 60 92 60 1167 1201 1202 1204
654 8 -1
1137 26 28 29 28 1171 1205 1206 1209
655 6 -1
1138 30 37 30 37 1172 1206 1207 1207
656 6 -1
1139 87 66 88 66 1173 1207 1208 1208
657 6 -1
1141 75 33 77 33 1175 1209 1210 1211
658 7 -1
1142 51 94 53 94 1176 1210 1211 1213
659 5 -1
1144 62 37 64 37 1178 1212 1213 1215
660 0 -1
1147 5 7 9 7 1181 1215 1216 1219
661 2 -1
1150 85 21 86 21 1184 1218 1219 1219
662 10 -1
1151 44 23 46 23 1185 1219 1220 1221
663 2 -1
1154 26 92 27 92 1188 1222 1223 1223
664 15 -1
1156 69 3 70 4 1190 1224 1225 1226
665 9 -1
1157 23 62 27 63 1191 1225 1226 1230
666 10 -1
1158 67 42 68 43 1192 1226 1227 1230
667 2 -1
1159 80 46 80 47 1193 1227 1228 1229
668 15 -1
1164 91 86 94 86 1198 1232 1233 1235
669 0 -1
1166 37 62 37 62 1200 1234 1235 1237
670 1 -1
1169 52 41 52 43 1203 1237 1238 1240
671 3 -1
1170 84 4 85 6 1204 1238 1239 1241
672 1 -1
1171 38 48 43 52 1205 1239 1240 1248
673 14 -1
1172 93 38 94 38 1206 1240 1241 1241
674 1 -1
1174 2 12 3 16 1208 1242 1243 1249
675 3 -1
1175 82 37 84 38 1209 1243 1244 1246
676 12 -1
1176 35 76 36 77 1210 1244 1245 1246
677 11 -1
1177 97 61 99 61 1211 1245 1246 1247
678 5 -1
1179 9 10 10 10 1213 1247 1248 1248
679 8 -1
1186 33 30 33 30 1220 1254 1255 1256
680 13 -1
1187 4 21 5 22 1221 1255 1256 1257
681 8 -1
1188 98 15 99 15 1222 1256 1257 1257
682 7 -1
1190 85 81 86 81 1224 1258 1259 1259
683 6 -1
1191 49 37 50 38 1225 1259 1260 1261
684 4 -1
1194 4 0 4 0 1228 1262 1263 1264
685 5 -1
1195 21 97 23 98 1229 1263 1264 1266
686 7 -1
1197 10 59 12 59 1231 1265 1266 1268
687 14 -1
1198 56 89 58 90 1232 1266 1267 1270
688 14 -1
1201 43 40 48 40 1235 1269 1270 1274
689 1 -1
1202 68 92 69 92 1236 1270 1271 1271
690 2 -1
1203 28 22 29 22 1237 1271 1272 1272
691 0 -1
1205 61 40 64 40 1239 1273 1274 1276
692 6 -1
1207 48 15 51 16 1241 1275 1276 1279
693 2 -1
1208 21 54 23 54 1242 1276 1277 1278
694 11 -1
1209 26 52 26 53 1243 1277 1278 1278
695 3 -1
1211 72 36 73 39 1245 1279 1280 1283
696 6 -1
1214 9 44 12 47 1248 1282 1283 1288
697 13 -1
1217 81 71 82 71 1251 1285 1286 1287
698 11 -1
1218 50 59 50 59 1252 1286 1287 1287
699 4 -1
1219 4 12 5 18 1253 1287 1288 1294
700 11 -1
1220 85 40 86 40 1254 1288 1289 1289
701 14 -1
1222 8 12 9 12 1256 1290 1291 1293
702 6 -1
1223 22 84 22 85 1257 1291 1292 1295
703 13 -1
1226 73 98 73 99 1260 1294 1295 1297
704 10 -1
1227 55 26 55 27 1261 1295 1296 1296
705 11 -1
1229 90 44 91 44 1263 1297 1298 1298
706 3 -1
1230 4 91 8 92 1264 1298 1299 1303
707 2 -1
1231 55 36 56 36 1265 1299 1300 1300
708 8 -1
1233 28 77 29 78 1267 1301 1302 1303
709 2 -1
1235 0 6 4 6 1269 1303 1304 1307
710 8 -1
1236 20 10 21 10 1270 1304 1305 1309
711 12 -1
1237 50 99 50 94 1271 1305 1306 1310
712 6 -1
1238 58 48 61 48 1272 1306 1307 1311
713 12 -1
1240 24 45 27 45 1274 1308 1309 1312
714 7 -1
1241 58 84 59 84 1275 1309 1310 1310
715 1 -1
1242 89 89 96 93 1276 1310 1311 1323
716 1 -1
1243 31 27 32 27 1277 1311 1312 1313
717 12 -1
1244 9 52 16 52 1278 1312 1313 1319
718 7 -1
1246 25 22 28 24 1280 1314 1315 1323
719 2 -1
1250 26 92 26 93 1284 1318 1319 1319
720 1 -1
1254 20 7 27 7 1288 1322 1323 1329
721 11 -1
1255 20 34 23 34 1289 1323 1324 1327
722 2 -1
1258 44 61 54 65 1292 1326 1327 1342
723 13 -1
1259 88 59 96 63 1293 1327 1328 1345
724 7 -1
1260 95 69 89 69 1294 1328 1329 1334
725 0 -1
1261 57 60 59 65 1295 1329 1330 1336
726 1 -1
1263 78 33 84 33 1297 1331 1332 1338
727 5 -1
1264 79 4 79 4 1298 1332 1333 1336
728 11 -1
1265 95 61 95 63 1299 1333 1334 1335
729 10 -1
1266 33 58 33 59 1300 1334 1335 1335
730 5 -1
1268 33 17 35 18 1302 1336 1337 1339
731 1 -1
1276 88 29 89 29 1310 1344 1345 1345
732 14 -1
1277 18 78 23 78 1311 1345 1346 1350
733 15 -1
1281 71 68 71 70 1315 1349 1350 1351
734 15 -1
1284 88 25 89 25 1318 1352 1353 1354
735 7 -1
1287 73 45 74 45 1321 1355 1356 1359
736 0 -1
1290 69 88 73 89 1324 1358 1359 1365
737 7 -1
1291 36 82 37 82 1325 1359 1360 1362
738 15 -1
1292 11 4 13 13 1326 1360 1361 1386
739 3 -1
1297 89 37 91 38 1331 1365 1366 1368
740 7 -1
1298 69 70 69 70 1332 1366 1367 1367
741 0 -1
1299 90 2 90 5 1333 1367 1368 1370
742 9 -1
1300 70 32 71 33 1334 1368 1369 1370
743 15 -1
1307 97 50 98 50 1341 1375 1376 1376
744 12 -1
1309 77 79 78 80 1343 1377 1378 1379
745 0 -1
1312 38 76 40 76 1346 1380 1381 1382
746 14 -1
1313 1 43 1 43 1347 1381 1382 1382
747 5 -1
1314 23 58 23 60 1348 1382 1383 1386
748 7 -1
1315 94 0 98 0 1349 1383 1384 1388
749 12 -1
1316 51 91 51 93 1350 1384 1385 1386
750 11 -1
1317 62 21 64 21 1351 1385 1386 1387
751 14 -1
1318 51 38 54 38 1352 1386 1387 1389
752 2 -1
1319 84 10 86 10 1353 1387 1388 1389
753 8 -1
1320 26 8 26 8 1354 1388 1389 1389
754 10 -1
1321 25 93 27 93 1355 1389 1390 1391
755 14 -1
1323 45 30 47 30 1357 1391 1392 1393
756 1 -1
1324 0 28 0 33 1358 1392 1393 1397
757 11 -1
1325 62 3 65 3 1359 1393 1394 1399
758 14 -1
1326 97 71 98 71 1360 1394 1395 1395
759 1 -1
1327 23 1 25 5 1361 1395 1396 1405
760 10 -1
1329 16 13 18 13 1363 1397 1398 1399
761 11 -1
1332 92 3 92 4 1366 1400 1401 1402
762 6 -1
1333 89 80 90 80 1367 1401 1402 1402
763 2 -1
1335 66 88 71 88 1369 1403 1404 1419
764 10 -1
1336 60 77 61 77 1370 1404 1405 1405
765 15 -1
1338 95 6 98 6 1372 1406 1407 1409
766 10 -1
1340 92 30 97 30 1374 1408 1409 1415
767 1 -1
1342 96 69 98 70 1376 1410 1411 1413
768 1 -1
1344 72 24 73 24 1378 1412 1413 1414
769 14 -1
1345 76 13 77 13 1379 1413 1414 1414
770 6 -1
1347 10 89 10 89 1381 1415 1416 1418
771 4 -1
1348 48 34 49 34 1382 1416 1417 1421
772 7 -1
1349 52 77 56 79 1383 1417 1418 1423
773 9 -1
1354 61 43 62 44 1388 1422 1423 1425
774 3 -1
1355 68 88 72 88 1389 1423 1424 1428
775 13 -1
1359 43 1 46 2 1393 1427 1428 1432
776 0 -1
1362 26 99 28 99 1396 1430 1431 1432
777 15 -1
1365 61 53 61 54 1399 1433 1434 1434
778 5 -1
1368 55 45 56 46 1402 1436 1437 1438
779 12 -1
1369 62 87 84 90 1403 1437 1438 1472
780 12 -1
1370 38 55 40 55 1404 1438 1439 1440
781 4 -1
1372 10 92 11 93 1406 1440 1441 1445
782 3 -1
1374 33 40 35 40 1408 1442 1443 1444
783 6 -1
1375 60 64 66 64 1409 1443 1444 1450
784 6 -1
1376 33 39 33 40 1410 1444 1445 1445
785 0 -1
1377 24 91 25 93 1411 1445 1446 1448
786 11 -1
1378 47 86 47 87 1412 1446 1447 1447
787 5 -1
1379 71 67 75 67 1413 1447 1448 1451
788 2 -1
1381 31 61 32 62 1415 1449 1450 1452
789 3 -1
1382 75 30 77 31 1416 1450 1451 1453
790 13 -1
1383 36 46 38 46 1417 1451 1452 1453
791 3 -1
1385 37 20 37 25 1419 1453 1454 1459
792 2 -1
1386 70 88 72 89 1420 1454 1455 1457
793 5 -1
1387 97 50 93 50 1421 1455 1456 1466
794 9 -1
1388 20 69 23 69 1422 1456 1457 1459
795 13 -1
1389 7 15 8 15 1423 1457 1458 1459
796 10 -1
1390 32 60 32 62 1424 1458 1459 1460
797 11 -1
1391 44 44 46 44 1425 1459 1460 1461
798 10 -1
1393 11 59 11 61 1427 1461 1462 1463
799 8 -1
1395 43 2 49 4 1429 1463 1464 1471
800 1 -1
1396 90 47 90 47 1430 1464 1465 1465
801 6 -1
1400 71 23 74 23 1434 1468 1469 1471
802 6 -1
1401 39 74 39 76 1435 1469 1470 1472
803 3 -1
1402 47 48 52 49 1436 1470 1471 1477
804 10 -1
1403 96 82 98 82 1437 1471 1472 1473
805 5 -1
1406 3 27 3 28 1440 1474 1475 1475
806 5 -1
1411 89 72 90 72 1445 1479 1480 1481
807 3 -1
1412 88 1 89 3 1446 1480 1481 1486
808 14 -1
1413 37 33 38 33 1447 1481 1482 1482
809 14 -1
1414 34 21 35 21 1448 1482 1483 1484
810 12 -1
1415 51 21 51 22 1449 1483 1484 1485
811 12 -1
1417 1 79 2 79 1451 1485 1486 1486
812 0 -1
1418 71 48 75 49 1452 1486 1487 1491
813 0 -1
1419 19 41 20 46 1453 1487 1488 1494
814 14 -1
1420 82 19 89 19 1454 1488 1489 1496
815 8 -1
1423 14 71 14 72 1457 1491 1492 1492
816 9 -1
1426 76 3 76 4 1460 1494 1495 1496
817 9 -1
1428 6 15 8 16 1462 1496 1497 1499
818 1 -1
1429 38 78 38 78 1463 1497 1498 1499
819 11 -1
1430 89 70 89 70 1464 1498 1499 1499
820 9 -1
1431 90 22 93 22 1465 1499 1500 1502
821 10 -1
1432 45 41 45 41 1466 1500 1501 1501
822 13 -1
1434 97 31 97 31 1468 1502 1503 1503
823 14 -1
1435 51 6 58 6 1469 1503 1504 1510
824 6 -1
1436 64 54 66 54 1470 1504 1505 1506
825 13 -1
1438 40 92 42 94 1472 1506 1507 1510
826 6 -1
1439 72 15 73 15 1473 1507 1508 1508
827 14 -1
1440 9 3 9 6 1474 1508 1509 1511
828 1 -1
1441 89 23 95 24 1475 1509 1510 1516
829 13 -1
1442 92 16 93 17 1476 1510 1511 1512
830 7 -1
1443 52 1 57 1 1477 1511 1512 1516
831 10 -1
1444 59 47 59 48 1478 1512 1513 1514
832 8 -1
1446 27 36 29 40 1480 1514 1515 1520
833 4 -1
1447 90 53 92 53 1481 1515 1516 1517
834 1 -1
1448 43 23 43 24 1482 1516 1517 1518
835 15 -1
1452 57 7 58 7 1486 1520 1521 1521
836 14 -1
1454 12 20 14 22 1488 1522 1523 1526
837 11 -1
1455 37 95 39 95 1489 1523 1524 1525
838 2 -1
1456 41 57 42 57 1490 1524 1525 1525
839 1 -1
1457 78 71 80 73 1491 1525 1526 1531
840 14 -1
1458 61 18 70 18 1492 1526 1527 1536
841 5 -1
1461 12 83 13 83 1495 1529 1530 1532
842 13 -1
1462 9 95 13 95 1496 1530 1531 1534
843 14 -1
1463 88 14 90 14 1497 1531 1532 1533
844 12 -1
1465 48 49 49 50 1499 1533 1534 1535
845 12 -1
1466 73 23 75 23 1500 1534 1535 1536
846 15 -1
1468 5 85 5 86 1502 1536 1537 1537
847 12 -1
1469 19 23 24 23 1503 1537 1538 1542
848 3 -1
1470 51 84 52 84 1504 1538 1539 1539
849 6 -1
1472 37 23 37 24 1506 1540 1541 1545
850 10 -1
1473 71 83 76 83 1507 1541 1542 1546
851 13 -1
1474 78 80 81 88 1508 1542 1543 1553
852 11 -1
1475 41 45 43 45 1509 1543 1544 1545
853 8 -1
1478 82 89 86 89 1512 1546 1547 1552
854 4 -1
1479 79 47 79 48 1513 1547 1548 1549
855 6 -1
1481 98 55 98 56 1515 1549 1550 1551
856 7 -1
1483 67 65 74 69 1517 1551 1552 1562
857 7 -1
1486 88 27 90 29 1520 1554 1555 1559
858 15 -1
1487 29 33 30 34 1521 1555 1556 1559
859 5 -1
1493 98 33 96 33 1527 1561 1562 1563
860 11 -1
1495 25 61 26 61 1529 1563 1564 1564
861 8 -1
1496 25 29 27 31 1530 1564 1565 1568
862 5 -1
1497 75 37 76 37 1531 1565 1566 1569
863 3 -1
1499 13 26 13 28 1533 1567 1568 1569
864 15 -1
1500 18 30 19 31 1534 1568 1569 1570
865 9 -1
1501 69 6 77 6 1535 1569 1570 1577
866 4 -1
1502 64 92 65 95 1536 1570 1571 1574
867 6 -1
1504 29 13 41 13 1538 1572 1573 1585
868 6 -1
1505 44 22 52 24 1539 1573 1574 1583
869 9 -1
1506 3 50 4 50 1540 1574 1575 1576
870 9 -1
1507 79 59 79 62 1541 1575 1576 1578
871 5 -1
1508 67 79 71 79 1542 1576 1577 1582
872 8 -1
1509 48 15 49 15 1543 1577 1578 1578
873 6 -1
1511 62 48 62 50 1545 1579 1580 1581
874 10 -1
1513 19 81 22 83 1547 1581 1582 1586
875 15 -1
1515 54 31 54 32 1549 1583 1584 1584
876 1 -1
1516 7 44 8 45 1550 1584 1585 1587
877 12 -1
1517 76 85 76 88 1551 1585 1586 1588
878 12 -1
1518 95 35 98 35 1552 1586 1587 1589
879 1 -1
1519 3 62 3 65 1553 1587 1588 1591
880 9 -1
1521 93 30 96 31 1555 1589 1590 1593
881 10 -1
1522 54 77 54 79 1556 1590 1591 1592
882 1 -1
1523 13 10 14 10 1557 1591 1592 1593
883 0 -1
1527 51 4 54 4 1561 1595 1596 1599
884 11 -1
1528 0 60 1 60 1562 1596 1597 1597
885 12 -1
1533 5 4 5 4 1567 1601 1602 1602
886 7 -1
1534 55 35 61 35 1568 1602 1603 1611
887 7 -1
1535 75 75 76 77 1569 1603 1604 1606
888 1 -1
1536 0 57 1 58 1570 1604 1605 1606
889 7 -1
1538 98 63 96 63 1572 1606 1607 1610
890 8 -1
1540 69 60 69 60 1574 1608 1609 1609
891 5 -1
1543 42 16 45 16 1577 1611 1612 1614
892 6 -1
1544 16 67 18 67 1578 1612 1613 1614
893 1 -1
1545 2 79 2 81 1579 1613 1614 1615
894 9 -1
1547 54 51 54 52 1581 1615 1616 1620
895 11 -1
1550 64 57 64 58 1584 1618 1619 1620
896 1 -1
1551 16 65 16 65 1585 1619 1620 1621
897 15 -1
1552 53 47 58 47 1586 1620 1621 1625
898 15 -1
1554 22 24 25 25 1588 1622 1623 1626
899 8 -1
1555 73 76 74 76 1589 1623 1624 1625
900 1 -1
1556 61 6 63 6 1590 1624 1625 1626
901 1 -1
1559 37 17 41 18 1593 1627 1628 1633
902 15 -1
1560 59 14 64 14 1594 1628 1629 1634
903 5 -1
1562 1 86 2 87 1596 1630 1631 1632
904 12 -1
1563 97 3 97 8 1597 1631 1632 1641
905 12 -1
1564 93 62 95 62 1598 1632 1633 1634
906 4 -1
1566 71 10 71 12 1600 1634 1635 1636
907 5 -1
1567 17 8 21 8 1601 1635 1636 1639
908 6 -1
1573 61 31 68 31 1607 1641 1642 1649
909 7 -1
1575 3 21 3 22 1609 1643 1644 1644
910 12 -1
1576 7 79 7 79 1610 1644 1645 1646
911 2 -1
1577 94 54 94 54 1611 1645 1646 1647
912 5 -1
1579 77 62 78 64 1613 1647 1648 1650
913 0 -1
1580 39 44 41 44 1614 1648 1649 1650
914 0 -1
1582 29 19 30 19 1616 1650 1651 1651
915 10 -1
1584 81 63 82 63 1618 1652 1653 1653
916 8 -1
1587 86 95 92 98 1621 1655 1656 1667
917 8 -1
1588 81 14 85 14 1622 1656 1657 1660
918 4 -1
1589 86 74 87 74 1623 1657 1658 1659
919 15 -1
1590 61 89 63 89 1624 1658 1659 1661
920 9 -1
1591 5 57 5 59 1625 1659 1660 1664
921 2 -1
1593 0 56 3 57 1627 1661 1662 1665
922 13 -1
1594 87 0 87 0 1628 1662 1663 1664
923 3 -1
1596 15 9 15 10 1630 1664 1665 1666
924 7 -1
1598 73 86 74 86 1632 1666 1667 1667
925 13 -1
1599 52 10 52 13 1633 1667 1668 1671
926 0 -1
1600 65 63 66 63 1634 1668 1669 1669
927 6 -1
1603 25 44 26 44 1637 1671 1672 1672
928 0 -1
1606 16 33 16 34 1640 1674 1675 1676
929 9 -1
1608 94 44 95 44 1642 1676 1677 1677
930 11 -1
1609 81 62 82 62 1643 1677 1678 1679
931 14 -1
1610 88 30 89 30 1644 1678 1679 1679
932 2 -1
1611 40 50 40 51 1645 1679 1680 1681
933 5 -1
1613 50 9 51 10 1647 1681 1682 1683
934 7 -1
1615 45 21 46 21 1649 1683 1684 1684
935 10 -1
1618 59 17 61 18 1652 1686 1687 1689
936 6 -1
1620 36 69 40 69 1654 1688 1689 1693
937 6 -1
1621 92 54 95 57 1655 1689 1690 1696
938 12 -1
1623 78 48 79 52 1657 1691 1692 1696
939 15 -1
1624 78 11 78 12 1658 1692 1693 1693
940 13 -1
1625 66 51 68 51 1659 1693 1694 1696
941 0 -1
1626 52 71 53 71 1660 1694 1695 1696
942 14 -1
1627 42 50 46 57 1661 1695 1696 1708
943 7 -1
1629 10 22 11 22 1663 1697 1698 1698
944 9 -1
1631 75 18 75 18 1665 1699 1700 1701
945 0 -1
1633 6 65 8 70 1667 1701 1702 1711
946 4 -1
1634 68 56 70 56 1668 1702 1703 1704
947 15 -1
1637 48 89 49 89 1671 1705 1706 1706
948 2 -1
1638 21 75 23 75 1672 1706 1707 1709
949 15 -1
1640 2 80 8 80 1674 1708 1709 1718
950 12 -1
1641 36 86 39 86 1675 1709 1710 1712
951 6 -1
1642 20 26 23 26 1676 1710 1711 1714
952 1 -1
1645 81 62 81 63 1679 1713 1714 1714
953 0 -1
1648 84 30 86 30 1682 1716 1717 1718
954 1 -1
1649 66 16 67 16 1683 1717 1718 1719
955 1 -1
1650 90 30 90 31 1684 1718 1719 1719
956 9 -1
1656 67 84 67 86 1690 1724 1725 1728
957 0 -1
1657 53 30 54 31 1691 1725 1726 1728
958 7 -1
1659 55 90 59 90 1693 1727 1728 1731
959 13 -1
1660 56 21 56 23 1694 1728 1729 1732
960 5 -1
1661 91 81 96 83 1695 1729 1730 1736
961 4 -1
1662 13 66 20 66 1696 1730 1731 1737
962 13 -1
1663 31 22 33 24 1697 1731 1732 1738
963 3 -1
1664 9 51 9 51 1698 1732 1733 1734
964 2 -1
1665 80 26 81 26 1699 1733 1734 1734
965 1 -1
1668 37 45 37 48 1702 1736 1737 1739
966 2 -1
1671 85 36 86 37 1705 1739 1740 1747
967 12 -1
1672 73 33 73 34 1706 1740 1741 1744
968 1 -1
1673 78 38 83 38 1707 1741 1742 1746
969 13 -1
1675 41 42 41 43 1709 1743 1744 1744
970 6 -1
1676 47 3 50 3 1710 1744 1745 1747
971 13 -1
1678 85 70 85 72 1712 1746 1747 1749
972 14 -1
1679 59 58 61 58 1713 1747 1748 1754
973 15 -1
1680 25 9 27 10 1714 1748 1749 1752
974 15 -1
1683 96 69 91 71 1717 1751 1752 1758
975 0 -1
1685 76 43 77 43 1719 1753 1754 1756
976 9 -1
1686 64 10 64 15 1720 1754 1755 1764
977 12 -1
1687 23 98 25 100 1721 1755 1756 1759
978 8 -1
1688 90 95 90 98 1722 1756 1757 1762
979 6 -1
1690 32 14 33 17 1724 1758 1759 1762
980 3 -1
1691 75 2 75 2 1725 1759 1760 1761
981 3 -1
1692 18 94 19 96 1726 1760 1761 1763
982 3 -1
1694 27 58 28 58 1728 1762 1763 1763
983 11 -1
1695 92 55 95 56 1729 1763 1764 1767
984 14 -1
1696 8 50 10 51 1730 1764 1765 1767
985 1 -1
1697 50 93 51 93 1731 1765 1766 1767
986 6 -1
1698 95 7 96 7 1732 1766 1767 1768
987 15 -1
1700 6 99 6 100 1734 1768 1769 1770
988 5 -1
1702 20 32 24 37 1736 1770 1771 1784
989 8 -1
1703 91 85 92 85 1737 1771 1772 1772
990 0 -1
1704 84 2 87 2 1738 1772 1773 1775
991 3 -1
1709 99 62 97 62 1743 1777 1778 1780
992 5 -1
1712 58 9 58 11 1746 1780 1781 1783
993 12 -1
1714 64 59 65 59 1748 1782 1783 1786
994 13 -1
1717 10 58 12 60 1751 1785 1786 1789
995 2 -1
1718 67 45 67 46 1752 1786 1787 1788
996 4 -1
1720 74 29 74 30 1754 1788 1789 1794
997 3 -1
1722 63 10 64 10 1756 1790 1791 1791
998 1 -1
1723 86 44 86 46 1757 1791 1792 1793
999 12 -1
1725 50 79 50 80 1759 1793 1794 1795
1000 12 -1
1726 82 12 84 13 1760 1794 1795 1797
