100 100 1797
4
0 23 64
1 7 52
2 27 99
3 38 29
36
0 0 0 100 6
0
1 0 0 100 6
0
2 0 0 100 6
0
3 0 0 100 6
0
4 0 0 100 6
0
5 0 0 100 6
0
6 0 0 100 6
0
7 0 0 100 6
0
8 0 0 100 6
0
9 1 0 100 6
0
10 1 0 100 6
0
11 1 0 100 6
0
12 1 0 100 6
0
13 1 0 100 6
0
14 1 0 100 6
0
15 1 0 100 6
0
16 1 0 100 6
0
17 1 0 100 6
0
18 2 0 100 6
0
19 2 0 100 6
0
20 2 0 100 6
0
21 2 0 100 6
0
22 2 0 100 6
0
23 2 0 100 6
0
24 2 0 100 6
0
25 2 0 100 6
0
26 2 0 100 6
0
27 3 0 100 6
0
28 3 0 100 6
0
29 3 0 100 6
0
30 3 0 100 6
0
31 3 0 100 6
0
32 3 0 100 6
0
33 3 0 100 6
0
34 3 0 100 6
0
35 3 0 100 6
0
1000
1 2 -1
2 59 65 61 66 36 70 71 73
2 2 -1
5 21 77 22 78 39 73 74 78
3 3 -1
7 54 45 56 46 41 75 76 79
4 0 -1
8 52 80 55 86 42 76 77 85
5 3 -1
9 89 70 90 72 43 77 78 83
6 0 -1
10 29 64 29 67 44 78 79 82
7 0 -1
11 68 65 70 66 45 79 80 85
8 3 -1
12 28 16 30 16 46 80 81 82
9 1 -1
13 32 5 32 6 47 81 82 83
10 2 -1
14 18 44 20 45 48 82 83 85
11 2 -1
15 34 53 39 53 49 83 84 89
12 2 -1
17 29 8 32 8 51 85 86 89
13 1 -1
18 18 27 24 27 52 86 87 92
14 3 -1
19 92 22 93 22 53 87 88 88
15 3 -1
20 23 62 24 62 54 88 89 90
16 2 -1
21 80 43 81 43 55 89 90 91
17 0 -1
22 82 48 83 51 56 90 91 94
18 3 -1
24 95 40 96 41 58 92 93 94
19 2 -1
29 5 86 6 88 63 97 98 103
20 0 -1
30 11 94 12 95 64 98 99 100
21 1 -1
31 51 61 52 62 65 99 100 101
22 0 -1
33 20 34 23 37 67 101 102 107
23 1 -1
35 21 19 22 19 69 103 104 104
24 2 -1
36 24 7 26 7 70 104 105 106
25 0 -1
39 70 58 71 58 73 107 108 108
26 2 -1
40 43 15 44 15 74 108 109 109
27 0 -1
41 51 42 51 44 75 109 110 111
28 1 -1
42 75 57 76 57 76 110 111 111
29 3 -1
43 1 16 1 17 77 111 112 112
30 0 -1
45 9 38 10 38 79 113 114 115
31 0 -1
49 3 62 6 62 83 117 118 120
32 1 -1
52 10 70 17 70 86 120 121 127
33 1 -1
53 77 82 82 82 87 121 122 126
34 1 -1
54 8 3 8 3 88 122 123 123
35 0 -1
56 80 65 97 65 90 124 125 141
36 3 -1
57 4 80 5 80 91 125 126 127
37 1 -1
59 90 57 90 58 93 127 128 128
38 3 -1
61 18 48 19 49 95 129 130 131
39 2 -1
62 31 4 32 9 96 130 131 138
40 2 -1
64 92 28 77 28 98 132 133 151
41 2 -1
69 35 72 35 73 103 137 138 139
42 2 -1
71 78 95 78 88 105 139 140 147
43 1 -1
73 38 50 38 51 107 141 142 146
44 1 -1
76 69 21 70 21 110 144 145 147
45 3 -1
78 78 77 79 78 112 146 147 148
46 0 -1
80 83 31 85 31 114 148 149 151
47 1 -1
81 17 98 17 98 115 149 150 151
48 3 -1
82 7 28 12 28 116 150 151 156
49 3 -1
83 43 2 48 2 117 151 152 156
50 2 -1
84 77 77 78 77 118 152 153 153
51 3 -1
86 46 5 55 5 120 154 155 164
52 3 -1
87 60 18 60 19 121 155 156 156
53 1 -1
90 77 66 78 66 124 158 159 159
54 1 -1
91 28 46 32 46 125 159 160 163
55 0 -1
92 1 48 2 48 126 160 161 161
56 3 -1
93 5 52 5 52 127 161 162 164
57 2 -1
94 57 91 59 93 128 162 163 168
58 1 -1
96 6 11 8 11 130 164 165 166
59 1 -1
103 47 66 48 68 137 171 172 174
60 0 -1
105 90 54 91 55 139 173 174 175
61 0 -1
106 38 69 40 75 140 174 175 184
62 3 -1
107 56 84 58 84 141 175 176 178
63 3 -1
108 11 67 12 67 142 176 177 184
64 3 -1
110 52 38 60 38 144 178 179 186
65 0 -1
111 12 40 13 40 145 179 180 180
66 3 -1
114 11 24 11 25 148 182 183 188
67 2 -1
115 13 66 15 68 149 183 184 188
68 0 -1
116 13 5 20 7 150 184 185 196
69 1 -1
119 16 85 19 85 153 187 188 190
70 1 -1
120 65 12 65 12 154 188 189 189
71 0 -1
122 28 11 30 12 156 190 191 194
72 1 -1
123 85 95 86 96 157 191 192 194
73 1 -1
124 56 5 58 7 158 192 193 196
74 1 -1
127 31 61 32 61 161 195 196 196
75 1 -1
128 27 19 44 20 162 196 197 215
76 1 -1
130 93 66 93 66 164 198 199 199
77 1 -1
132 57 90 66 90 166 200 201 215
78 0 -1
134 48 81 49 81 168 202 203 203
79 0 -1
135 91 83 97 88 169 203 204 214
80 0 -1
136 96 39 96 39 170 204 205 206
81 3 -1
139 69 40 70 40 173 207 208 208
82 0 -1
140 10 7 10 8 174 208 209 212
83 2 -1
141 95 64 90 64 175 209 210 214
84 1 -1
144 10 20 13 20 178 212 213 217
85 1 -1
145 62 38 62 39 179 213 214 215
86 1 -1
146 61 78 62 78 180 214 215 215
87 1 -1
147 98 14 99 14 181 215 216 216
88 0 -1
148 5 43 5 43 182 216 217 217
89 0 -1
149 75 61 75 62 183 217 218 219
90 1 -1
150 31 59 32 62 184 218 219 224
91 1 -1
153 96 61 97 61 187 221 222 222
92 3 -1
154 96 7 92 7 188 222 223 226
93 3 -1
155 48 10 52 10 189 223 224 227
94 2 -1
156 63 2 65 4 190 224 225 229
95 3 -1
157 81 96 82 99 191 225 226 230
96 3 -1
160 7 74 8 79 194 228 229 234
97 0 -1
162 90 89 90 90 196 230 231 231
98 3 -1
163 67 22 68 22 197 231 232 232
99 0 -1
166 72 93 73 93 200 234 235 236
100 3 -1
167 37 8 40 8 201 235 236 240
101 2 -1
168 27 49 28 50 202 236 237 238
102 2 -1
169 97 52 93 52 203 237 238 242
103 3 -1
170 90 19 93 21 204 238 239 243
104 2 -1
172 84 13 88 14 206 240 241 245
105 3 -1
173 23 5 27 6 207 241 242 246
106 0 -1
174 87 4 88 4 208 242 243 244
107 1 -1
179 34 37 35 37 213 247 248 248
108 1 -1
183 93 76 96 78 217 251 252 256
109 1 -1
184 94 48 95 49 218 252 253 254
110 2 -1
185 46 55 48 55 219 253 254 255
111 1 -1
186 50 96 53 96 220 254 255 263
112 1 -1
187 93 49 93 51 221 255 256 261
113 1 -1
189 11 82 13 84 223 257 258 262
114 1 -1
190 17 18 22 18 224 258 259 263
115 3 -1
193 30 33 30 34 227 261 262 262
116 1 -1
196 85 59 86 60 230 264 265 266
117 3 -1
197 83 49 84 49 231 265 266 266
118 2 -1
198 60 79 62 82 232 266 267 284
119 1 -1
199 36 25 36 26 233 267 268 268
120 3 -1
200 70 54 72 54 234 268 269 270
121 1 -1
201 54 61 55 61 235 269 270 270
122 1 -1
204 31 43 32 43 238 272 273 273
123 0 -1
208 68 33 68 33 242 276 277 277
124 3 -1
209 85 33 86 33 243 277 278 278
125 3 -1
211 72 92 74 92 245 279 280 282
126 2 -1
212 60 24 62 24 246 280 281 282
127 1 -1
213 2 4 2 6 247 281 282 289
128 1 -1
214 60 84 63 85 248 282 283 287
129 1 -1
218 36 21 38 25 252 286 287 293
130 0 -1
219 21 8 21 8 253 287 288 289
131 0 -1
224 39 55 39 56 258 292 293 295
132 0 -1
225 95 15 97 15 259 293 294 295
133 0 -1
229 38 84 38 90 263 297 298 303
134 3 -1
230 46 64 46 65 264 298 299 299
135 1 -1
231 10 78 13 78 265 299 300 302
136 1 -1
236 96 80 97 80 270 304 305 306
137 3 -1
237 86 71 88 71 271 305 306 307
138 1 -1
240 97 88 89 88 274 308 309 319
139 3 -1
242 76 62 76 64 276 310 311 312
140 3 -1
244 89 75 89 79 278 312 313 317
141 2 -1
245 39 61 39 63 279 313 314 319
142 2 -1
246 20 67 21 69 280 314 315 317
143 3 -1
247 68 24 70 25 281 315 316 318
144 0 -1
248 71 70 72 72 282 316 317 319
145 2 -1
250 29 99 31 99 284 318 319 320
146 3 -1
251 74 70 74 72 285 319 320 322
147 3 -1
253 28 15 29 15 287 321 322 322
148 2 -1
255 80 0 81 1 289 323 324 325
149 3 -1
256 7 39 11 39 290 324 325 328
150 2 -1
257 34 15 37 15 291 325 326 329
151 1 -1
258 74 45 74 45 292 326 327 327
152 1 -1
260 58 66 60 66 294 328 329 330
153 3 -1
261 21 20 30 20 295 329 330 341
154 0 -1
266 39 54 39 56 300 334 335 338
155 0 -1
267 73 76 73 77 301 335 336 338
156 2 -1
268 54 83 55 83 302 336 337 338
157 1 -1
269 52 74 53 74 303 337 338 338
158 2 -1
271 97 36 97 40 305 339 340 345
159 3 -1
272 15 75 16 75 306 340 341 341
160 1 -1
274 15 59 17 64 308 342 343 355
161 0 -1
277 58 29 60 29 311 345 346 347
162 1 -1
278 46 21 52 21 312 346 347 352
163 3 -1
279 48 8 51 8 313 347 348 351
164 0 -1
280 89 18 91 18 314 348 349 351
165 0 -1
283 17 41 18 41 317 351 352 352
166 2 -1
285 87 30 89 31 319 353 354 356
167 2 -1
286 62 47 64 47 320 354 355 357
168 1 -1
289 47 62 48 64 323 357 358 360
169 1 -1
293 22 14 25 14 327 361 362 365
170 0 -1
294 85 71 88 71 328 362 363 366
171 3 -1
295 96 59 97 60 329 363 364 365
172 1 -1
296 47 61 49 61 330 364 365 368
173 2 -1
303 0 68 0 73 337 371 372 380
174 3 -1
305 2 27 7 27 339 373 374 378
175 1 -1
306 89 60 90 60 340 374 375 375
176 1 -1
307 7 71 8 71 341 375 376 377
177 3 -1
310 66 80 66 82 344 378 379 382
178 3 -1
311 96 41 97 42 345 379 380 383
179 3 -1
312 31 35 32 40 346 380 381 389
180 3 -1
313 65 33 66 33 347 381 382 382
181 3 -1
315 46 6 46 7 349 383 384 385
182 0 -1
320 67 14 72 24 354 388 389 404
183 2 -1
321 81 20 81 22 355 389 390 392
184 1 -1
323 65 88 74 91 357 391 392 404
185 1 -1
325 77 60 79 61 359 393 394 401
186 0 -1
326 55 56 55 57 360 394 395 395
187 2 -1
327 85 92 86 93 361 395 396 398
188 3 -1
328 33 71 38 71 362 396 397 401
189 3 -1
329 68 96 71 96 363 397 398 400
190 0 -1
330 22 57 25 59 364 398 399 403
191 0 -1
337 22 52 25 52 371 405 406 418
192 2 -1
340 66 51 68 52 374 408 409 411
193 0 -1
342 27 52 27 53 376 410 411 411
194 2 -1
343 92 37 95 37 377 411 412 414
195 1 -1
345 83 74 85 74 379 413 414 425
196 3 -1
349 55 95 56 95 383 417 418 418
197 1 -1
351 58 16 59 16 385 419 420 420
198 1 -1
354 76 50 79 51 388 422 423 428
199 1 -1
356 12 71 13 71 390 424 425 425
200 3 -1
357 76 58 80 58 391 425 426 429
201 1 -1
358 9 3 10 8 392 426 427 433
202 2 -1
359 70 26 72 26 393 427 428 430
203 3 -1
360 84 17 85 18 394 428 429 430
204 2 -1
361 15 7 19 9 395 429 430 435
205 1 -1
363 15 70 15 71 397 431 432 432
206 2 -1
364 94 66 94 66 398 432 433 433
207 2 -1
365 55 64 57 64 399 433 434 435
208 3 -1
367 46 51 52 51 401 435 436 441
209 0 -1
371 0 78 1 78 405 439 440 440
210 3 -1
372 2 7 4 7 406 440 441 448
211 1 -1
373 51 8 53 9 407 441 442 444
212 2 -1
374 52 13 52 14 408 442 443 443
213 0 -1
375 95 52 95 53 409 443 444 444
214 0 -1
377 78 44 78 44 411 445 446 446
215 2 -1
379 35 82 36 82 413 447 448 448
216 3 -1
380 33 25 33 26 414 448 449 449
217 0 -1
381 37 86 42 86 415 449 450 454
218 1 -1
382 12 24 13 25 416 450 451 452
219 2 -1
383 74 44 75 44 417 451 452 452
220 3 -1
388 70 34 70 35 422 456 457 457
221 0 -1
391 67 36 68 37 425 459 460 461
222 2 -1
392 2 23 4 23 426 460 461 462
223 3 -1
394 85 21 85 24 428 462 463 465
224 0 -1
396 18 57 22 58 430 464 465 469
225 3 -1
397 92 23 92 24 431 465 466 466
226 1 -1
400 96 47 96 48 434 468 469 470
227 1 -1
401 90 65 90 67 435 469 470 471
228 0 -1
403 68 70 70 73 437 471 472 476
229 2 -1
404 70 5 72 5 438 472 473 474
230 1 -1
407 45 9 45 10 441 475 476 476
231 1 -1
408 29 50 31 50 442 476 477 479
232 0 -1
411 47 93 49 93 445 479 480 481
233 0 -1
412 80 5 81 5 446 480 481 481
234 1 -1
414 49 97 49 97 448 482 483 483
235 2 -1
418 26 11 26 12 452 486 487 487
236 3 -1
420 39 3 40 3 454 488 489 489
237 3 -1
421 20 17 21 17 455 489 490 491
238 3 -1
423 61 16 62 16 457 491 492 492
239 1 -1
426 40 66 42 68 460 494 495 499
240 0 -1
428 72 9 74 9 462 496 497 498
241 1 -1
433 34 62 34 62 467 501 502 503
242 2 -1
437 11 2 11 2 471 505 506 506
243 0 -1
439 3 67 5 67 473 507 508 509
244 3 -1
441 36 79 37 84 475 509 510 517
245 0 -1
446 73 28 76 28 480 514 515 518
246 0 -1
448 95 11 95 14 482 516 517 519
247 1 -1
450 37 53 37 58 484 518 519 526
248 2 -1
452 52 59 54 59 486 520 521 523
249 3 -1
455 15 33 15 36 489 523 524 526
250 3 -1
460 93 80 93 80 494 528 529 534
251 0 -1
461 11 22 11 23 495 529 530 531
252 3 -1
462 48 24 51 24 496 530 531 533
253 0 -1
464 65 49 67 49 498 532 533 534
254 0 -1
469 14 24 14 24 503 537 538 539
255 1 -1
471 76 10 80 10 505 539 540 550
256 0 -1
475 80 7 82 7 509 543 544 545
257 2 -1
478 90 49 94 49 512 546 547 550
258 3 -1
479 4 12 6 12 513 547 548 549
259 0 -1
480 67 13 68 15 514 548 549 556
260 3 -1
481 1 31 4 33 515 549 550 555
261 3 -1
482 46 42 46 42 516 550 551 551
262 3 -1
484 91 49 94 50 518 552 553 556
263 1 -1
486 33 52 33 55 520 554 555 557
264 0 -1
488 93 66 94 66 522 556 557 559
265 0 -1
489 68 22 80 23 523 557 558 570
266 2 -1
491 60 83 61 83 525 559 560 561
267 3 -1
493 65 73 66 73 527 561 562 562
268 0 -1
496 28 13 28 13 530 564 565 565
269 1 -1
501 14 93 14 94 535 569 570 571
270 3 -1
502 34 5 38 5 536 570 571 574
271 1 -1
505 17 86 19 86 539 573 574 575
272 0 -1
506 1 84 6 84 540 574 575 579
273 1 -1
507 0 30 0 31 541 575 576 579
274 3 -1
509 50 99 51 99 543 577 578 578
275 1 -1
511 30 44 30 46 545 579 580 581
276 3 -1
512 92 22 92 22 546 580 581 581
277 3 -1
515 7 42 7 44 549 583 584 586
278 3 -1
516 46 53 48 55 550 584 585 597
279 0 -1
517 60 58 60 62 551 585 586 589
280 0 -1
518 5 73 5 73 552 586 587 588
281 3 -1
520 73 92 74 92 554 588 589 589
282 2 -1
522 78 81 87 81 556 590 591 599
283 3 -1
523 28 17 28 17 557 591 592 592
284 0 -1
525 89 7 89 7 559 593 594 595
285 0 -1
526 80 9 80 11 560 594 595 596
286 1 -1
528 91 29 92 33 562 596 597 601
287 0 -1
530 62 52 64 54 564 598 599 602
288 0 -1
533 94 84 94 84 567 601 602 603
289 3 -1
535 75 5 78 5 569 603 604 606
290 1 -1
536 97 89 98 89 570 604 605 606
291 2 -1
537 2 23 3 23 571 605 606 606
292 1 -1
538 25 62 26 63 572 606 607 609
293 0 -1
540 73 3 73 3 574 608 609 612
294 0 -1
541 10 16 10 17 575 609 610 612
295 2 -1
542 78 35 84 36 576 610 611 618
296 2 -1
543 81 31 83 31 577 611 612 613
297 1 -1
546 14 97 16 97 580 614 615 616
298 0 -1
547 61 15 61 16 581 615 616 617
299 1 -1
550 40 37 41 37 584 618 619 619
300 1 -1
552 27 95 30 95 586 620 621 623
301 1 -1
553 29 52 29 53 587 621 622 623
302 3 -1
555 43 13 44 15 589 623 624 628
303 3 -1
556 46 60 48 60 590 624 625 626
304 1 -1
558 22 59 22 59 592 626 627 627
305 2 -1
559 83 99 87 99 593 627 628 632
306 1 -1
560 49 85 50 86 594 628 629 630
307 1 -1
562 64 19 64 19 596 630 631 631
308 0 -1
565 29 8 33 8 599 633 634 637
309 2 -1
566 0 20 1 22 600 634 635 638
310 2 -1
567 47 22 47 22 601 635 636 636
311 3 -1
570 31 69 33 69 604 638 639 642
312 1 -1
572 71 67 74 67 606 640 641 643
313 2 -1
573 71 80 72 81 607 641 642 644
314 0 -1
575 75 72 77 72 609 643 644 645
315 0 -1
577 18 91 18 92 611 645 646 646
316 3 -1
578 89 4 91 4 612 646 647 648
317 0 -1
579 69 10 72 12 613 647 648 652
318 3 -1
580 67 36 67 36 614 648 649 649
319 3 -1
585 51 67 53 68 619 653 654 656
320 0 -1
588 32 62 33 66 622 656 657 661
321 2 -1
589 68 27 74 27 623 657 658 672
322 2 -1
592 58 72 58 72 626 660 661 661
323 2 -1
594 89 43 90 44 628 662 663 664
324 1 -1
595 48 81 55 89 629 663 664 678
325 3 -1
596 54 22 58 22 630 664 665 668
326 3 -1
597 37 11 44 11 631 665 666 673
327 1 -1
599 76 18 82 20 633 667 668 675
328 3 -1
600 44 54 47 54 634 668 669 671
329 3 -1
601 93 80 94 80 635 669 670 671
330 0 -1
603 91 20 93 20 637 671 672 673
331 1 -1
608 13 90 13 93 642 676 677 679
332 0 -1
609 64 84 65 84 643 677 678 678
333 1 -1
610 24 24 26 25 644 678 679 683
334 2 -1
611 77 18 78 20 645 679 680 683
335 2 -1
613 26 30 28 33 647 681 682 689
336 0 -1
614 98 34 98 39 648 682 683 688
337 1 -1
615 13 59 13 59 649 683 684 684
338 0 -1
616 65 54 66 54 650 684 685 686
339 2 -1
619 45 99 48 100 653 687 688 692
340 3 -1
620 4 36 6 36 654 688 689 690
341 1 -1
621 4 93 7 94 655 689 690 694
342 2 -1
622 75 55 78 55 656 690 691 693
343 2 -1
623 16 66 16 67 657 691 692 693
344 0 -1
624 6 58 7 58 658 692 693 693
345 2 -1
625 11 30 13 30 659 693 694 695
346 3 -1
628 66 74 66 75 662 696 697 697
347 1 -1
629 62 71 65 71 663 697 698 702
348 1 -1
630 14 73 15 73 664 698 699 699
349 0 -1
634 47 86 47 86 668 702 703 703
350 1 -1
635 15 87 16 87 669 703 704 705
351 1 -1
636 51 18 53 18 670 704 705 706
352 2 -1
637 66 60 67 61 671 705 706 707
353 3 -1
639 6 65 6 66 673 707 708 708
354 1 -1
640 61 77 63 77 674 708 709 710
355 2 -1
641 53 38 55 38 675 709 710 711
356 1 -1
643 47 46 52 47 677 711 712 717
357 2 -1
645 45 52 47 52 679 713 714 715
358 1 -1
646 86 92 86 93 680 714 715 716
359 3 -1
648 64 43 65 43 682 716 717 717
360 2 -1
649 20 9 26 13 683 717 718 727
361 2 -1
650 11 39 12 39 684 718 719 719
362 3 -1
651 56 11 59 12 685 719 720 723
363 0 -1
652 85 23 96 26 686 720 721 735
364 0 -1
653 36 0 36 0 687 721 722 722
365 0 -1
656 23 17 24 17 690 724 725 725
366 1 -1
662 32 53 34 53 696 730 731 732
367 0 -1
663 24 67 31 67 697 731 732 739
368 2 -1
664 35 85 36 86 698 732 733 734
369 3 -1
665 42 24 43 24 699 733 734 734
370 0 -1
666 95 91 97 91 700 734 735 736
371 0 -1
667 38 36 41 36 701 735 736 738
372 1 -1
669 51 31 51 31 703 737 738 738
373 3 -1
672 80 10 83 10 706 740 741 744
374 2 -1
673 42 74 44 74 707 741 742 743
375 1 -1
674 70 38 70 38 708 742 743 746
376 2 -1
675 97 74 99 75 709 743 744 748
377 1 -1
678 49 73 53 73 712 746 747 750
378 2 -1
679 72 72 73 73 713 747 748 750
379 2 -1
680 65 67 67 70 714 748 749 754
380 2 -1
681 50 69 52 69 715 749 750 751
381 0 -1
682 98 82 98 82 716 750 751 752
382 2 -1
684 61 94 63 94 718 752 753 754
383 1 -1
685 15 1 18 3 719 753 754 758
384 2 -1
687 63 9 65 12 721 755 756 760
385 1 -1
688 63 34 65 34 722 756 757 758
386 2 -1
689 31 20 31 21 723 757 758 759
387 0 -1
690 93 84 93 85 724 758 759 760
388 0 -1
691 35 76 35 76 725 759 760 761
389 2 -1
692 3 72 4 73 726 760 761 762
390 3 -1
694 18 34 19 35 728 762 763 765
391 1 -1
696 0 67 2 67 730 764 765 766
392 1 -1
698 41 17 44 17 732 766 767 771
393 2 -1
700 3 28 3 29 734 768 769 769
394 0 -1
701 59 50 59 50 735 769 770 770
395 3 -1
702 82 13 83 15 736 770 771 777
396 2 -1
703 69 6 70 7 737 771 772 773
397 2 -1
704 4 65 4 65 738 772 773 774
398 2 -1
705 52 13 53 16 739 773 774 777
399 0 -1
706 97 46 97 48 740 774 775 776
400 3 -1
707 30 22 33 22 741 775 776 779
401 0 -1
708 74 5 79 6 742 776 777 783
402 0 -1
710 53 75 54 75 744 778 779 781
403 1 -1
712 61 15 62 15 746 780 781 781
404 0 -1
714 37 93 38 93 748 782 783 783
405 1 -1
716 27 95 27 96 750 784 785 785
406 2 -1
718 32 22 35 25 752 786 787 794
407 1 -1
719 14 51 14 52 753 787 788 788
408 0 -1
720 83 32 83 32 754 788 789 790
409 1 -1
722 30 79 30 79 756 790 791 792
410 0 -1
724 89 64 90 64 758 792 793 794
411 1 -1
725 84 39 85 42 759 793 794 804
412 3 -1
726 9 67 13 67 760 794 795 798
413 2 -1
727 72 79 75 79 761 795 796 798
414 2 -1
728 10 24 10 29 762 796 797 801
415 2 -1
729 82 48 82 48 763 797 798 798
416 1 -1
731 33 62 33 63 765 799 800 800
417 2 -1
733 56 92 58 92 767 801 802 803
418 3 -1
734 63 8 65 8 768 802 803 804
419 2 -1
735 24 43 25 43 769 803 804 806
420 3 -1
736 9 64 10 64 770 804 805 806
421 1 -1
737 19 21 20 21 771 805 806 808
422 1 -1
742 47 61 51 62 776 810 811 815
423 0 -1
744 91 56 92 57 778 812 813 814
424 0 -1
745 92 63 93 63 779 813 814 818
425 2 -1
748 66 1 66 3 782 816 817 818
426 0 -1
750 95 62 95 63 784 818 819 819
427 2 -1
751 43 28 43 28 785 819 820 820
428 1 -1
752 30 27 32 27 786 820 821 823
429 0 -1
753 73 52 73 53 787 821 822 822
430 0 -1
754 22 23 28 23 788 822 823 828
431 3 -1
755 52 50 52 52 789 823 824 825
432 2 -1
757 45 9 45 9 791 825 826 827
433 3 -1
758 98 11 95 13 792 826 827 834
434 0 -1
759 79 56 79 58 793 827 828 829
435 1 -1
760 8 58 8 58 794 828 829 829
436 1 -1
766 62 80 64 80 800 834 835 836
437 1 -1
767 56 35 56 36 801 835 836 837
438 0 -1
768 43 15 44 15 802 836 837 839
439 0 -1
771 55 58 55 59 805 839 840 840
440 3 -1
772 3 33 4 33 806 840 841 842
441 3 -1
773 28 18 31 18 807 841 842 844
442 1 -1
775 98 28 94 29 809 843 844 848
443 1 -1
777 70 47 71 48 811 845 846 847
444 3 -1
778 27 61 27 63 812 846 847 848
445 2 -1
779 44 71 47 71 813 847 848 850
446 2 -1
781 7 87 7 88 815 849 850 850
447 2 -1
782 89 29 90 32 816 850 851 854
448 1 -1
784 2 2 2 2 818 852 853 854
449 3 -1
787 85 25 85 26 821 855 856 857
450 0 -1
788 62 99 62 100 822 856 857 857
451 3 -1
789 82 31 85 31 823 857 858 861
452 1 -1
790 8 42 10 42 824 858 859 860
453 3 -1
791 97 77 93 78 825 859 860 864
454 1 -1
793 20 99 21 99 827 861 862 864
455 1 -1
794 80 48 83 49 828 862 863 866
456 3 -1
795 41 98 43 98 829 863 864 865
457 2 -1
796 38 97 42 97 830 864 865 868
458 1 -1
797 61 69 61 70 831 865 866 866
459 3 -1
798 2 71 5 71 832 866 867 869
460 0 -1
799 42 1 43 2 833 867 868 869
461 1 -1
800 88 17 89 17 834 868 869 873
462 2 -1
802 14 40 15 42 836 870 871 874
463 1 -1
803 44 1 44 3 837 871 872 873
464 1 -1
805 86 54 86 54 839 873 874 878
465 1 -1
806 1 48 5 50 840 874 875 883
466 2 -1
807 35 1 37 1 841 875 876 877
467 3 -1
810 34 63 35 63 844 878 879 879
468 1 -1
813 81 97 81 97 847 881 882 882
469 2 -1
818 83 3 83 5 852 886 887 888
470 0 -1
820 62 54 63 56 854 888 889 891
471 3 -1
824 71 53 71 55 858 892 893 894
472 2 -1
825 51 13 51 13 859 893 894 896
473 0 -1
827 61 42 61 43 861 895 896 896
474 2 -1
828 85 30 94 30 862 896 897 906
475 3 -1
830 19 23 20 24 864 898 899 901
476 0 -1
831 78 86 78 86 865 899 900 900
477 1 -1
833 81 24 81 24 867 901 902 903
478 3 -1
834 49 22 51 22 868 902 903 904
479 0 -1
835 76 99 83 96 869 903 904 913
480 1 -1
839 50 64 51 65 873 907 908 909
481 1 -1
841 88 88 90 90 875 909 910 913
482 1 -1
842 24 44 26 44 876 910 911 912
483 3 -1
844 79 44 83 44 878 912 913 917
484 0 -1
845 36 94 38 94 879 913 914 915
485 3 -1
846 69 13 69 14 880 914 915 920
486 1 -1
847 50 92 51 92 881 915 916 916
487 0 -1
850 62 33 65 33 884 918 919 921
488 1 -1
851 4 66 8 66 885 919 920 923
489 3 -1
854 26 67 27 67 888 922 923 923
490 0 -1
856 41 12 42 12 890 924 925 927
491 1 -1
859 3 9 8 9 893 927 928 932
492 3 -1
860 5 84 5 84 894 928 929 929
493 1 -1
861 59 87 61 87 895 929 930 931
494 0 -1
864 38 94 41 94 898 932 933 935
495 1 -1
867 61 44 61 44 901 935 936 936
496 0 -1
868 47 63 47 65 902 936 937 938
497 0 -1
871 68 26 72 30 905 939 940 955
498 0 -1
873 42 38 42 38 907 941 942 943
499 1 -1
874 38 11 42 11 908 942 943 947
500 2 -1
875 93 28 93 29 909 943 944 946
501 2 -1
877 45 62 48 62 911 945 946 948
502 3 -1
878 99 9 98 10 912 946 947 948
503 3 -1
879 70 69 70 71 913 947 948 949
504 0 -1
880 4 42 7 42 914 948 949 952
505 2 -1
881 36 41 42 41 915 949 950 955
506 0 -1
882 1 21 2 21 916 950 951 952
507 1 -1
885 63 42 63 42 919 953 954 954
508 2 -1
887 59 18 62 18 921 955 956 958
509 1 -1
889 7 28 10 28 923 957 958 960
510 1 -1
891 43 70 45 70 925 959 960 961
511 1 -1
893 8 72 8 74 927 961 962 963
512 3 -1
894 41 61 43 61 928 962 963 965
513 1 -1
895 26 52 26 53 929 963 964 966
514 2 -1
896 78 42 80 42 930 964 965 966
515 1 -1
897 10 93 11 93 931 965 966 966
516 0 -1
898 24 99 25 99 932 966 967 968
517 1 -1
899 25 70 25 72 933 967 968 969
518 1 -1
900 77 96 78 98 934 968 969 974
519 0 -1
901 23 58 25 58 935 969 970 971
520 0 -1
902 41 54 42 54 936 970 971 971
521 2 -1
905 70 90 70 90 939 973 974 974
522 2 -1
910 98 10 99 10 944 978 979 979
523 3 -1
912 15 23 16 28 946 980 981 990
524 0 -1
914 66 6 69 7 948 982 983 989
525 1 -1
917 72 9 74 11 951 985 986 989
526 0 -1
919 7 92 9 92 953 987 988 989
527 1 -1
920 22 19 22 19 954 988 989 991
528 3 -1
921 91 71 91 72 955 989 990 990
529 1 -1
923 37 11 38 11 957 991 992 992
530 0 -1
925 1 34 3 35 959 993 994 996
531 3 -1
926 82 65 86 67 960 994 995 1003
532 1 -1
927 99 81 97 81 961 995 996 998
533 1 -1
928 83 6 87 6 962 996 997 1000
534 1 -1
929 51 33 51 34 963 997 998 998
535 0 -1
931 30 35 31 36 965 999 1000 1001
536 1 -1
933 29 61 31 62 967 1001 1002 1008
537 0 -1
935 37 50 39 50 969 1003 1004 1005
538 0 -1
936 61 48 61 48 970 1004 1005 1005
539 1 -1
937 85 50 87 51 971 1005 1006 1009
540 3 -1
938 98 91 94 91 972 1006 1007 1010
541 2 -1
940 58 46 59 47 974 1008 1009 1010
542 0 -1
942 83 59 83 59 976 1010 1011 1011
543 2 -1
943 72 73 77 74 977 1011 1012 1018
544 0 -1
944 98 58 99 58 978 1012 1013 1013
545 0 -1
945 60 62 62 63 979 1013 1014 1016
546 2 -1
947 97 58 93 59 981 1015 1016 1028
547 0 -1
948 49 15 52 15 982 1016 1017 1019
548 2 -1
950 3 48 4 49 984 1018 1019 1020
549 2 -1
951 82 19 82 20 985 1019 1020 1021
550 3 -1
954 95 25 95 27 988 1022 1023 1024
551 3 -1
955 21 97 22 97 989 1023 1024 1024
552 0 -1
957 82 84 82 85 991 1025 1026 1028
553 1 -1
958 46 12 46 13 992 1026 1027 1027
554 3 -1
963 40 49 43 49 997 1031 1032 1034
555 2 -1
964 97 43 97 45 998 1032 1033 1034
556 3 -1
966 66 57 68 57 1000 1034 1035 1036
557 2 -1
969 5 64 7 64 1003 1037 1038 1039
558 0 -1
972 77 11 80 12 1006 1040 1041 1046
559 1 -1
973 47 72 51 72 1007 1041 1042 1045
560 0 -1
974 92 55 83 56 1008 1042 1043 1052
561 0 -1
976 56 65 59 67 1010 1044 1045 1049
562 3 -1
979 78 17 81 17 1013 1047 1048 1051
563 3 -1
981 53 73 53 73 1015 1049 1050 1050
564 0 -1
983 72 51 73 51 1017 1051 1052 1054
565 1 -1
984 73 83 75 85 1018 1052 1053 1058
566 0 -1
987 3 44 7 44 1021 1055 1056 1059
567 0 -1
989 71 67 73 67 1023 1057 1058 1060
568 1 -1
990 12 38 15 38 1024 1058 1059 1062
569 2 -1
992 76 41 80 41 1026 1060 1061 1064
570 2 -1
993 55 82 56 83 1027 1061 1062 1063
571 3 -1
994 96 20 98 21 1028 1062 1063 1066
572 2 -1
996 14 48 15 49 1030 1064 1065 1066
573 0 -1
997 42 73 43 74 1031 1065 1066 1067
574 2 -1
998 45 55 46 55 1032 1066 1067 1067
575 1 -1
999 88 25 90 25 1033 1067 1068 1069
576 2 -1
1001 17 93 46 81 1035 1069 1070 1118
577 1 -1
1004 10 54 12 54 1038 1072 1073 1074
578 2 -1
1008 75 64 75 65 1042 1076 1077 1077
579 3 -1
1010 50 46 50 48 1044 1078 1079 1080
580 2 -1
1012 25 44 26 44 1046 1080 1081 1081
581 3 -1
1015 36 65 36 65 1049 1083 1084 1084
582 3 -1
1016 4 46 4 46 1050 1084 1085 1085
583 3 -1
1017 98 5 99 5 1051 1085 1086 1088
584 2 -1
1018 31 26 42 29 1052 1086 1087 1100
585 1 -1
1019 1 47 6 48 1053 1087 1088 1097
586 3 -1
1020 99 78 97 78 1054 1088 1089 1091
587 1 -1
1021 6 55 6 55 1055 1089 1090 1090
588 2 -1
1022 57 10 68 11 1056 1090 1091 1104
589 1 -1
1025 2 4 7 4 1059 1093 1094 1098
590 2 -1
1027 72 73 73 73 1061 1095 1096 1096
591 2 -1
1028 81 61 81 61 1062 1096 1097 1097
592 1 -1
1031 62 98 71 98 1065 1099 1100 1108
593 1 -1
1032 50 5 51 11 1066 1100 1101 1107
594 2 -1
1033 74 22 74 24 1067 1101 1102 1105
595 0 -1
1035 53 96 55 96 1069 1103 1104 1105
596 2 -1
1036 57 38 58 39 1070 1104 1105 1106
597 2 -1
1037 96 28 96 28 1071 1105 1106 1106
598 0 -1
1039 87 63 88 63 1073 1107 1108 1108
599 0 -1
1040 0 23 0 23 1074 1108 1109 1109
600 0 -1
1042 4 22 6 24 1076 1110 1111 1121
601 2 -1
1044 80 73 81 76 1078 1112 1113 1116
602 0 -1
1045 85 80 86 80 1079 1113 1114 1116
603 1 -1
1051 0 82 1 82 1085 1119 1120 1120
604 2 -1
1053 42 81 42 81 1087 1121 1122 1122
605 1 -1
1056 27 1 29 1 1090 1124 1125 1126
606 0 -1
1057 66 50 67 50 1091 1125 1126 1127
607 1 -1
1059 51 74 54 74 1093 1127 1128 1131
608 1 -1
1060 94 78 99 78 1094 1128 1129 1133
609 0 -1
1063 17 91 18 93 1097 1131 1132 1134
610 3 -1
1065 67 86 68 87 1099 1133 1134 1136
611 1 -1
1066 76 32 76 34 1100 1134 1135 1136
612 3 -1
1067 21 48 22 48 1101 1135 1136 1136
613 0 -1
1070 68 65 79 65 1104 1138 1139 1150
614 1 -1
1071 2 95 4 97 1105 1139 1140 1144
615 0 -1
1073 34 0 37 3 1107 1141 1142 1156
616 0 -1
1074 7 97 7 98 1108 1142 1143 1143
617 1 -1
1075 9 66 9 67 1109 1143 1144 1146
618 1 -1
1078 79 80 82 80 1112 1146 1147 1150
619 2 -1
1082 13 81 13 81 1116 1150 1151 1151
620 0 -1
1083 34 73 35 74 1117 1151 1152 1153
621 0 -1
1084 79 62 83 64 1118 1152 1153 1158
622 2 -1
1085 5 3 5 3 1119 1153 1154 1156
623 3 -1
1086 84 33 86 35 1120 1154 1155 1158
624 3 -1
1090 67 45 67 46 1124 1158 1159 1159
625 1 -1
1091 26 83 29 83 1125 1159 1160 1163
626 0 -1
1092 32 91 33 91 1126 1160 1161 1161
627 1 -1
1095 16 21 19 21 1129 1163 1164 1166
628 3 -1
1097 98 60 99 60 1131 1165 1166 1168
629 1 -1
1098 45 34 49 34 1132 1166 1167 1170
630 1 -1
1099 76 29 78 30 1133 1167 1168 1172
631 1 -1
1100 5 81 5 81 1134 1168 1169 1173
632 0 -1
1102 79 53 81 53 1136 1170 1171 1173
633 2 -1
1103 11 77 18 77 1137 1171 1172 1178
634 1 -1
1104 64 8 64 9 1138 1172 1173 1173
635 2 -1
1105 27 84 28 84 1139 1173 1174 1174
636 2 -1
1107 34 37 34 40 1141 1175 1176 1185
637 2 -1
1109 78 68 80 69 1143 1177 1178 1180
638 1 -1
1111 56 27 57 28 1145 1179 1180 1181
639 1 -1
1113 70 68 70 68 1147 1181 1182 1182
640 3 -1
1114 97 70 98 70 1148 1182 1183 1183
641 2 -1
1115 45 53 47 54 1149 1183 1184 1186
642 0 -1
1116 62 99 67 93 1150 1184 1185 1195
643 0 -1
1118 10 47 12 47 1152 1186 1187 1188
644 3 -1
1120 77 36 79 36 1154 1188 1189 1190
645 2 -1
1121 64 16 65 16 1155 1189 1190 1190
646 3 -1
1122 91 45 91 48 1156 1190 1191 1193
647 0 -1
1124 91 85 98 85 1158 1192 1193 1199
648 1 -1
1125 90 55 90 55 1159 1193 1194 1195
649 2 -1
1126 98 40 96 49 1160 1194 1195 1206
650 1 -1
1129 19 14 20 14 1163 1197 1198 1198
651 2 -1
1130 2 51 3 51 1164 1198 1199 1199
652 0 -1
1132 91 43 91 44 1166 1200 1201 1202
653 0 -1
1133 35 37 36 38 1167 1201 1202 1204
654 2 -1
1137 83 19 87 19 1171 1205 1206 1209
655 0 -1
1138 94 17 95 17 1172 1206 1207 1207
656 2 -1
1139 45 39 45 40 1173 1207 1208 1208
657 1 -1
1141 70 9 72 9 1175 1209 1210 1211
658 0 -1
1142 12 48 14 48 1176 1210 1211 1213
659 3 -1
1144 39 89 42 89 1178 1212 1213 1215
660 3 -1
1147 28 44 31 45 1181 1215 1216 1219
661 1 -1
1150 88 71 89 71 1184 1218 1219 1219
662 1 -1
1151 19 20 21 20 1185 1219 1220 1221
663 2 -1
1154 52 45 52 46 1188 1222 1223 1223
664 2 -1
1156 66 97 68 97 1190 1224 1225 1226
665 0 -1
1157 70 97 72 99 1191 1225 1226 1230
666 1 -1
1158 38 89 41 89 1192 1226 1227 1230
667 0 -1
1159 9 44 9 44 1193 1227 1228 1229
668 2 -1
1164 5 98 7 98 1198 1232 1233 1235
669 3 -1
1166 33 31 36 31 1200 1234 1235 1237
670 2 -1
1169 35 8 38 8 1203 1237 1238 1240
671 2 -1
1170 29 95 29 97 1204 1238 1239 1241
672 3 -1
1171 77 4 78 6 1205 1239 1240 1248
673 3 -1
1172 0 56 0 56 1206 1240 1241 1241
674 0 -1
1174 78 64 85 64 1208 1242 1243 1249
675 2 -1
1175 95 5 96 5 1209 1243 1244 1246
676 0 -1
1176 7 2 9 2 1210 1244 1245 1246
677 2 -1
1177 69 26 71 26 1211 1245 1246 1247
678 1 -1
1179 21 61 21 62 1213 1247 1248 1248
679 0 -1
1186 8 31 8 32 1220 1254 1255 1256
680 2 -1
1187 65 66 66 66 1221 1255 1256 1257
681 0 -1
1188 89 0 89 1 1222 1256 1257 1257
682 3 -1
1190 51 96 52 96 1224 1258 1259 1259
683 0 -1
1191 97 91 99 91 1225 1259 1260 1261
684 2 -1
1194 94 93 94 95 1228 1262 1263 1264
685 0 -1
1195 17 79 19 79 1229 1263 1264 1266
686 1 -1
1197 54 9 56 9 1231 1265 1266 1268
687 0 -1
1198 26 26 29 27 1232 1266 1267 1270
688 2 -1
1201 71 64 75 64 1235 1269 1270 1274
689 1 -1
1202 93 8 93 8 1236 1270 1271 1271
690 1 -1
1203 74 16 74 16 1237 1271 1272 1272
691 0 -1
1205 95 7 97 7 1239 1273 1274 1276
692 2 -1
1207 99 37 96 38 1241 1275 1276 1279
693 3 -1
1208 69 31 70 31 1242 1276 1277 1278
694 0 -1
1209 88 78 88 78 1243 1277 1278 1278
695 3 -1
1211 80 91 81 94 1245 1279 1280 1283
696 3 -1
1214 11 49 13 51 1248 1282 1283 1288
697 3 -1
1217 68 73 70 73 1251 1285 1286 1287
698 1 -1
1218 46 34 46 34 1252 1286 1287 1287
699 0 -1
1219 7 59 11 60 1253 1287 1288 1294
700 1 -1
1220 66 90 67 90 1254 1288 1289 1289
701 1 -1
1222 76 51 77 53 1256 1290 1291 1293
702 1 -1
1223 43 57 46 57 1257 1291 1292 1295
703 2 -1
1226 84 95 84 97 1260 1294 1295 1297
704 0 -1
1227 62 78 63 78 1261 1295 1296 1296
705 3 -1
1229 64 15 65 15 1263 1297 1298 1298
706 1 -1
1230 49 76 51 76 1264 1298 1299 1303
707 1 -1
1231 49 7 50 7 1265 1299 1300 1300
708 0 -1
1233 50 33 52 33 1267 1301 1302 1303
709 0 -1
1235 8 41 8 41 1269 1303 1304 1307
710 0 -1
1236 98 80 99 82 1270 1304 1305 1309
711 0 -1
1237 43 42 48 42 1271 1305 1306 1310
712 0 -1
1238 32 44 32 45 1272 1306 1307 1311
713 3 -1
1240 50 23 53 24 1274 1308 1309 1312
714 3 -1
1241 57 61 57 62 1275 1309 1310 1310
715 1 -1
1242 29 41 40 42 1276 1310 1311 1323
716 1 -1
1243 47 30 48 31 1277 1311 1312 1313
717 3 -1
1244 6 3 6 4 1278 1312 1313 1319
718 0 -1
1246 75 53 81 54 1280 1314 1315 1323
719 2 -1
1250 37 54 37 54 1284 1318 1319 1319
720 1 -1
1254 79 52 81 55 1288 1322 1323 1329
721 1 -1
1255 10 63 14 63 1289 1323 1324 1327
722 3 -1
1258 59 99 69 93 1292 1326 1327 1342
723 3 -1
1259 82 10 97 12 1293 1327 1328 1345
724 0 -1
1260 86 44 86 48 1294 1328 1329 1334
725 3 -1
1261 95 89 88 89 1295 1329 1330 1336
726 2 -1
1263 82 98 88 99 1297 1331 1332 1338
727 1 -1
1264 93 55 94 58 1298 1332 1333 1336
728 1 -1
1265 95 47 97 47 1299 1333 1334 1335
729 3 -1
1266 34 52 35 52 1300 1334 1335 1335
730 3 -1
1268 30 27 33 27 1302 1336 1337 1339
731 0 -1
1276 40 77 41 77 1310 1344 1345 1345
732 1 -1
1277 1 24 3 26 1311 1345 1346 1350
733 2 -1
1281 57 24 59 24 1315 1349 1350 1351
734 2 -1
1284 45 6 45 8 1318 1352 1353 1354
735 1 -1
1287 45 57 48 58 1321 1355 1356 1359
736 0 -1
1290 33 57 36 61 1324 1358 1359 1365
737 1 -1
1291 40 16 40 19 1325 1359 1360 1362
738 3 -1
1292 1 53 5 59 1326 1360 1361 1386
739 3 -1
1297 47 21 48 21 1331 1365 1366 1368
740 0 -1
1298 51 89 51 89 1332 1366 1367 1367
741 2 -1
1299 35 44 35 45 1333 1367 1368 1370
742 0 -1
1300 20 83 22 83 1334 1368 1369 1370
743 0 -1
1307 92 59 92 60 1341 1375 1376 1376
744 0 -1
1309 58 62 60 62 1343 1377 1378 1379
745 3 -1
1312 83 21 83 22 1346 1380 1381 1382
746 1 -1
1313 20 37 21 37 1347 1381 1382 1382
747 2 -1
1314 7 60 9 61 1348 1382 1383 1386
748 1 -1
1315 46 20 50 20 1349 1383 1384 1388
749 0 -1
1316 76 16 77 16 1350 1384 1385 1386
750 2 -1
1317 99 37 99 37 1351 1385 1386 1387
751 0 -1
1318 71 88 74 88 1352 1386 1387 1389
752 2 -1
1319 91 53 91 54 1353 1387 1388 1389
753 3 -1
1320 34 13 35 13 1354 1388 1389 1389
754 3 -1
1321 12 81 14 81 1355 1389 1390 1391
755 0 -1
1323 84 3 84 5 1357 1391 1392 1393
756 3 -1
1324 64 54 67 56 1358 1392 1393 1397
757 3 -1
1325 2 64 4 64 1359 1393 1394 1399
758 2 -1
1326 16 47 17 47 1360 1394 1395 1395
759 3 -1
1327 26 4 33 7 1361 1395 1396 1405
760 2 -1
1329 27 31 27 32 1363 1397 1398 1399
761 1 -1
1332 24 96 24 96 1366 1400 1401 1402
762 2 -1
1333 35 81 35 82 1367 1401 1402 1402
763 0 -1
1335 32 82 34 82 1369 1403 1404 1419
764 3 -1
1336 74 4 74 4 1370 1404 1405 1405
765 2 -1
1338 77 36 78 38 1372 1406 1407 1409
766 3 -1
1340 75 14 77 17 1374 1408 1409 1415
767 3 -1
1342 60 3 60 5 1376 1410 1411 1413
768 1 -1
1344 47 24 47 26 1378 1412 1413 1414
769 3 -1
1345 84 16 84 16 1379 1413 1414 1414
770 0 -1
1347 56 96 56 98 1381 1415 1416 1418
771 0 -1
1348 77 32 78 33 1382 1416 1417 1421
772 2 -1
1349 59 18 60 23 1383 1417 1418 1423
773 2 -1
1354 67 2 67 3 1388 1422 1423 1425
774 1 -1
1355 43 37 45 38 1389 1423 1424 1428
775 3 -1
1359 26 63 28 64 1393 1427 1428 1432
776 2 -1
1362 42 23 42 24 1396 1430 1431 1432
777 3 -1
1365 54 62 55 62 1399 1433 1434 1434
778 2 -1
1368 9 59 9 61 1402 1436 1437 1438
779 1 -1
1369 47 42 61 48 1403 1437 1438 1472
780 0 -1
1370 41 17 41 18 1404 1438 1439 1440
781 1 -1
1372 25 82 26 85 1406 1440 1441 1445
782 2 -1
1374 28 54 29 55 1408 1442 1443 1444
783 3 -1
1375 64 64 64 68 1409 1443 1444 1450
784 0 -1
1376 23 7 23 7 1410 1444 1445 1445
785 0 -1
1377 89 58 91 58 1411 1445 1446 1448
786 2 -1
1378 76 62 76 63 1412 1446 1447 1447
787 3 -1
1379 45 31 47 31 1413 1447 1448 1451
788 0 -1
1381 59 20 60 20 1415 1449 1450 1452
789 2 -1
1382 50 7 52 8 1416 1450 1451 1453
790 1 -1
1383 19 61 20 62 1417 1451 1452 1453
791 0 -1
1385 34 50 39 51 1419 1453 1454 1459
792 0 -1
1386 76 2 76 3 1420 1454 1455 1457
793 0 -1
1387 55 4 59 5 1421 1455 1456 1466
794 3 -1
1388 66 72 66 75 1422 1456 1457 1459
795 1 -1
1389 93 62 93 64 1423 1457 1458 1459
796 3 -1
1390 36 71 38 71 1424 1458 1459 1460
797 2 -1
1391 86 51 86 51 1425 1459 1460 1461
798 0 -1
1393 79 14 81 14 1427 1461 1462 1463
799 0 -1
1395 26 97 29 98 1429 1463 1464 1471
800 3 -1
1396 13 51 14 51 1430 1464 1465 1465
801 2 -1
1400 16 10 17 12 1434 1468 1469 1471
802 2 -1
1401 48 34 49 34 1435 1469 1470 1472
803 2 -1
1402 11 34 16 34 1436 1470 1471 1477
804 0 -1
1403 78 97 79 98 1437 1471 1472 1473
805 2 -1
1406 31 36 31 36 1440 1474 1475 1475
806 2 -1
1411 58 29 59 30 1445 1479 1480 1481
807 3 -1
1412 70 71 72 73 1446 1480 1481 1486
808 3 -1
1413 41 50 42 50 1447 1481 1482 1482
809 0 -1
1414 55 68 56 69 1448 1482 1483 1484
810 2 -1
1415 94 33 96 33 1449 1483 1484 1485
811 3 -1
1417 33 26 33 27 1451 1485 1486 1486
812 0 -1
1418 21 85 22 87 1452 1486 1487 1491
813 0 -1
1419 57 82 64 82 1453 1487 1488 1494
814 3 -1
1420 20 11 23 13 1454 1488 1489 1496
815 3 -1
1423 70 49 71 49 1457 1491 1492 1492
816 1 -1
1426 12 49 13 49 1460 1494 1495 1496
817 1 -1
1428 87 69 87 70 1462 1496 1497 1499
818 3 -1
1429 91 8 91 10 1463 1497 1498 1499
819 2 -1
1430 31 51 32 51 1464 1498 1499 1499
820 1 -1
1431 15 87 17 88 1465 1499 1500 1502
821 3 -1
1432 30 0 30 1 1466 1500 1501 1501
822 3 -1
1434 26 99 26 99 1468 1502 1503 1503
823 3 -1
1435 78 81 85 81 1469 1503 1504 1510
824 3 -1
1436 16 78 17 78 1470 1504 1505 1506
825 2 -1
1438 23 37 23 41 1472 1506 1507 1510
826 1 -1
1439 28 7 28 7 1473 1507 1508 1508
827 1 -1
1440 11 82 11 84 1474 1508 1509 1511
828 2 -1
1441 53 10 55 10 1475 1509 1510 1516
829 2 -1
1442 17 88 18 89 1476 1510 1511 1512
830 0 -1
1443 23 26 28 26 1477 1511 1512 1516
831 1 -1
1444 75 84 77 84 1478 1512 1513 1514
832 2 -1
1446 18 8 23 9 1480 1514 1515 1520
833 1 -1
1447 48 47 49 48 1481 1515 1516 1517
834 0 -1
1448 67 17 67 18 1482 1516 1517 1518
835 1 -1
1452 38 85 39 85 1486 1520 1521 1521
836 1 -1
1454 97 66 93 66 1488 1522 1523 1526
837 3 -1
1455 48 96 49 97 1489 1523 1524 1525
838 3 -1
1456 18 0 19 0 1490 1524 1525 1525
839 0 -1
1457 28 26 33 27 1491 1525 1526 1531
840 0 -1
1458 12 80 15 80 1492 1526 1527 1536
841 3 -1
1461 15 74 18 74 1495 1529 1530 1532
842 1 -1
1462 83 58 85 60 1496 1530 1531 1534
843 2 -1
1463 62 33 63 33 1497 1531 1532 1533
844 3 -1
1465 31 0 31 0 1499 1533 1534 1535
845 2 -1
1466 68 98 70 98 1500 1534 1535 1536
846 3 -1
1468 9 4 9 4 1502 1536 1537 1537
847 3 -1
1469 60 49 62 51 1503 1537 1538 1542
848 0 -1
1470 63 64 64 64 1504 1538 1539 1539
849 3 -1
1472 87 56 89 58 1506 1540 1541 1545
850 0 -1
1473 6 57 9 58 1507 1541 1542 1546
851 0 -1
1474 32 32 35 40 1508 1542 1543 1553
852 1 -1
1475 6 37 8 37 1509 1543 1544 1545
853 0 -1
1478 80 45 82 45 1512 1546 1547 1552
854 2 -1
1479 59 88 61 88 1513 1547 1548 1549
855 1 -1
1481 49 94 51 94 1515 1549 1550 1551
856 1 -1
1483 32 85 38 89 1517 1551 1552 1562
857 3 -1
1486 97 34 98 38 1520 1554 1555 1559
858 2 -1
1487 57 74 57 74 1521 1555 1556 1559
859 0 -1
1493 24 99 25 99 1527 1561 1562 1563
860 1 -1
1495 81 39 82 39 1529 1563 1564 1564
861 3 -1
1496 49 32 49 32 1530 1564 1565 1568
862 1 -1
1497 35 51 39 51 1531 1565 1566 1569
863 3 -1
1499 23 56 24 56 1533 1567 1568 1569
864 3 -1
1500 85 25 86 25 1534 1568 1569 1570
865 0 -1
1501 32 30 35 31 1535 1569 1570 1577
866 0 -1
1502 65 60 65 60 1536 1570 1571 1574
867 2 -1
1504 40 35 50 36 1538 1572 1573 1585
868 2 -1
1505 30 43 36 45 1539 1573 1574 1583
869 0 -1
1506 28 76 29 77 1540 1574 1575 1576
870 1 -1
1507 44 15 47 15 1541 1575 1576 1578
871 0 -1
1508 53 76 57 78 1542 1576 1577 1582
872 1 -1
1509 41 40 42 40 1543 1577 1578 1578
873 0 -1
1511 87 75 88 76 1545 1579 1580 1581
874 3 -1
1513 92 12 92 16 1547 1581 1582 1586
875 1 -1
1515 58 56 58 57 1549 1583 1584 1584
876 0 -1
1516 55 91 58 91 1550 1584 1585 1587
877 1 -1
1517 20 4 20 5 1551 1585 1586 1588
878 0 -1
1518 96 63 99 63 1552 1586 1587 1589
879 1 -1
1519 49 91 50 93 1553 1587 1588 1591
880 0 -1
1521 24 82 26 82 1555 1589 1590 1593
881 2 -1
1522 63 96 63 98 1556 1590 1591 1592
882 3 -1
1523 37 41 38 41 1557 1591 1592 1593
883 0 -1
1527 18 90 18 94 1561 1595 1596 1599
884 3 -1
1528 23 99 24 99 1562 1596 1597 1597
885 3 -1
1533 67 76 67 77 1567 1601 1602 1602
886 3 -1
1534 75 61 78 62 1568 1602 1603 1611
887 0 -1
1535 87 69 89 70 1569 1603 1604 1606
888 2 -1
1536 56 54 58 54 1570 1604 1605 1606
889 3 -1
1538 35 28 37 30 1572 1606 1607 1610
890 3 -1
1540 45 98 45 98 1574 1608 1609 1609
891 0 -1
1543 9 63 11 64 1577 1611 1612 1614
892 3 -1
1544 72 49 74 49 1578 1612 1613 1614
893 0 -1
1545 66 56 68 56 1579 1613 1614 1615
894 1 -1
1547 25 0 30 0 1581 1615 1616 1620
895 3 -1
1550 18 1 18 3 1584 1618 1619 1620
896 3 -1
1551 25 65 25 65 1585 1619 1620 1621
897 2 -1
1552 61 61 61 63 1586 1620 1621 1625
898 2 -1
1554 81 60 84 61 1588 1622 1623 1626
899 0 -1
1555 18 3 18 3 1589 1623 1624 1625
900 2 -1
1556 37 42 39 42 1590 1624 1625 1626
901 3 -1
1559 97 65 93 66 1593 1627 1628 1633
902 3 -1
1560 91 18 96 18 1594 1628 1629 1634
903 1 -1
1562 56 30 58 30 1596 1630 1631 1632
904 0 -1
1563 57 13 59 18 1597 1631 1632 1641
905 2 -1
1564 41 45 42 46 1598 1632 1633 1634
906 1 -1
1566 20 55 20 57 1600 1634 1635 1636
907 2 -1
1567 47 93 49 94 1601 1635 1636 1639
908 2 -1
1573 51 76 56 76 1607 1641 1642 1649
909 3 -1
1575 87 26 88 26 1609 1643 1644 1644
910 0 -1
1576 8 87 10 87 1610 1644 1645 1646
911 2 -1
1577 77 8 78 9 1611 1645 1646 1647
912 3 -1
1579 5 24 6 25 1613 1647 1648 1650
913 2 -1
1580 49 59 50 59 1614 1648 1649 1650
914 1 -1
1582 10 79 11 79 1616 1650 1651 1651
915 3 -1
1584 5 36 5 37 1618 1652 1653 1653
916 1 -1
1587 42 55 51 56 1621 1655 1656 1667
917 2 -1
1588 54 80 55 83 1622 1656 1657 1660
918 0 -1
1589 57 77 59 77 1623 1657 1658 1659
919 1 -1
1590 57 59 58 60 1624 1658 1659 1661
920 0 -1
1591 21 61 26 61 1625 1659 1660 1664
921 1 -1
1593 27 94 28 97 1627 1661 1662 1665
922 3 -1
1594 90 84 90 86 1628 1662 1663 1664
923 3 -1
1596 54 9 56 9 1630 1664 1665 1666
924 3 -1
1598 55 92 55 93 1632 1666 1667 1667
925 2 -1
1599 63 31 65 33 1633 1667 1668 1671
926 3 -1
1600 92 50 92 50 1634 1668 1669 1669
927 0 -1
1603 73 31 74 31 1637 1671 1672 1672
928 1 -1
1606 61 21 62 21 1640 1674 1675 1676
929 2 -1
1608 76 43 77 43 1642 1676 1677 1677
930 2 -1
1609 46 70 47 70 1643 1677 1678 1679
931 0 -1
1610 42 55 43 55 1644 1678 1679 1679
932 1 -1
1611 28 56 28 56 1645 1679 1680 1681
933 3 -1
1613 70 94 71 95 1647 1681 1682 1683
934 0 -1
1615 29 23 30 23 1649 1683 1684 1684
935 0 -1
1618 14 53 14 56 1652 1686 1687 1689
936 2 -1
1620 64 61 68 62 1654 1688 1689 1693
937 2 -1
1621 3 18 4 22 1655 1689 1690 1696
938 3 -1
1623 17 36 21 37 1657 1691 1692 1696
939 0 -1
1624 61 42 62 42 1658 1692 1693 1693
940 0 -1
1625 29 77 32 77 1659 1693 1694 1696
941 2 -1
1626 44 87 45 88 1660 1694 1695 1696
942 1 -1
1627 95 97 90 93 1661 1695 1696 1708
943 0 -1
1629 40 28 41 28 1663 1697 1698 1698
944 1 -1
1631 6 3 7 3 1665 1699 1700 1701
945 0 -1
1633 68 4 69 4 1667 1701 1702 1711
946 1 -1
1634 64 99 65 99 1668 1702 1703 1704
947 0 -1
1637 20 72 21 72 1671 1705 1706 1706
948 0 -1
1638 68 77 70 78 1672 1706 1707 1709
949 0 -1
1640 46 77 52 77 1674 1708 1709 1718
950 1 -1
1641 75 84 75 87 1675 1709 1710 1712
951 3 -1
1642 90 21 93 21 1676 1710 1711 1714
952 2 -1
1645 75 73 76 73 1679 1713 1714 1714
953 3 -1
1648 82 23 82 23 1682 1716 1717 1718
954 3 -1
1649 73 38 75 38 1683 1717 1718 1719
955 2 -1
1650 29 20 29 20 1684 1718 1719 1719
956 1 -1
1656 26 22 29 23 1690 1724 1725 1728
957 1 -1
1657 33 91 34 91 1691 1725 1726 1728
958 0 -1
1659 82 38 83 38 1693 1727 1728 1731
959 1 -1
1660 51 60 53 60 1694 1728 1729 1732
960 2 -1
1661 92 58 95 58 1695 1729 1730 1736
961 2 -1
1662 70 58 74 59 1696 1730 1731 1737
962 3 -1
1663 46 99 52 99 1697 1731 1732 1738
963 1 -1
1664 23 1 25 1 1698 1732 1733 1734
964 1 -1
1665 11 84 11 84 1699 1733 1734 1734
965 2 -1
1668 64 36 67 36 1702 1736 1737 1739
966 2 -1
1671 34 79 38 80 1705 1739 1740 1747
967 2 -1
1672 36 6 39 6 1706 1740 1741 1744
968 1 -1
1673 7 19 8 21 1707 1741 1742 1746
969 3 -1
1675 88 6 89 6 1709 1743 1744 1744
970 3 -1
1676 92 23 93 23 1710 1744 1745 1747
971 1 -1
1678 95 16 95 18 1712 1746 1747 1749
972 2 -1
1679 99 90 93 90 1713 1747 1748 1754
973 2 -1
1680 78 71 80 73 1714 1748 1749 1752
974 3 -1
1683 8 36 10 41 1717 1751 1752 1758
975 1 -1
1685 31 98 32 98 1719 1753 1754 1756
976 2 -1
1686 14 50 22 50 1720 1754 1755 1764
977 0 -1
1687 97 52 98 54 1721 1755 1756 1759
978 1 -1
1688 17 75 21 76 1722 1756 1757 1762
979 0 -1
1690 78 90 78 93 1724 1758 1759 1762
980 1 -1
1691 41 92 43 92 1725 1759 1760 1761
981 0 -1
1692 8 62 10 62 1726 1760 1761 1763
982 0 -1
1694 2 29 2 30 1728 1762 1763 1763
983 0 -1
1695 58 54 59 56 1729 1763 1764 1767
984 0 -1
1696 54 47 55 48 1730 1764 1765 1767
985 2 -1
1697 29 54 31 54 1731 1765 1766 1767
986 0 -1
1698 31 69 33 69 1732 1766 1767 1768
987 3 -1
1700 56 62 58 62 1734 1768 1769 1770
988 0 -1
1702 46 58 50 58 1736 1770 1771 1784
989 2 -1
1703 72 17 73 17 1737 1771 1772 1772
990 2 -1
1704 1 98 2 100 1738 1772 1773 1775
991 2 -1
1709 29 66 30 67 1743 1777 1778 1780
992 1 -1
1712 8 17 11 17 1746 1780 1781 1783
993 0 -1
1714 29 13 29 14 1748 1782 1783 1786
994 3 -1
1717 99 71 98 72 1751 1785 1786 1789
995 0 -1
1718 66 52 66 53 1752 1786 1787 1788
996 1 -1
1720 12 55 13 56 1754 1788 1789 1794
997 2 -1
1722 52 15 53 15 1756 1790 1791 1791
998 1 -1
1723 48 19 48 20 1757 1791 1792 1793
999 2 -1
1725 59 56 60 56 1759 1793 1794 1795
1000 2 -1
1726 82 56 82 59 1760 1794 1795 1797
