100 100 1797
4
0 2 10
1 44 66
2 68 80
3 27 93
52
0 0 0 100 6
0
1 0 0 100 6
0
2 0 0 100 6
0
3 0 0 100 6
0
4 0 0 100 6
0
5 0 0 100 6
0
6 0 0 100 6
0
7 0 0 100 6
0
8 0 0 100 6
0
9 0 0 100 6
0
10 0 0 100 6
0
11 0 0 100 6
0
12 0 0 100 6
0
13 1 0 100 6
0
14 1 0 100 6
0
15 1 0 100 6
0
16 1 0 100 6
0
17 1 0 100 6
0
18 1 0 100 6
0
19 1 0 100 6
0
20 1 0 100 6
0
21 1 0 100 6
0
22 1 0 100 6
0
23 1 0 100 6
0
24 1 0 100 6
0
25 1 0 100 6
0
26 2 0 100 6
0
27 2 0 100 6
0
28 2 0 100 6
0
29 2 0 100 6
0
30 2 0 100 6
0
31 2 0 100 6
0
32 2 0 100 6
0
33 2 0 100 6
0
34 2 0 100 6
0
35 2 0 100 6
0
36 2 0 100 6
0
37 2 0 100 6
0
38 2 0 100 6
0
39 3 0 100 6
0
40 3 0 100 6
0
41 3 0 100 6
0
42 3 0 100 6
0
43 3 0 100 6
0
44 3 0 100 6
0
45 3 0 100 6
0
46 3 0 100 6
0
47 3 0 100 6
0
48 3 0 100 6
0
49 3 0 100 6
0
50 3 0 100 6
0
51 3 0 100 6
0
1000
1 1 -1
2 84 58 87 58 36 70 71 73
2 0 -1
5 45 34 50 34 39 73 74 78
3 3 -1
7 61 45 62 45 41 75 76 79
4 2 -1
8 66 10 73 10 42 76 77 85
5 2 -1
9 4 34 10 34 43 77 78 83
6 0 -1
10 0 67 2 67 44 78 79 82
7 2 -1
11 79 15 85 15 45 79 80 85
8 0 -1
12 41 45 43 45 46 80 81 82
9 2 -1
13 99 86 99 88 47 81 82 83
10 2 -1
14 75 92 78 92 48 82 83 85
11 3 -1
15 99 80 93 80 49 83 84 89
12 3 -1
17 39 31 43 31 51 85 86 89
13 3 -1
18 66 31 67 32 52 86 87 92
14 0 -1
19 56 13 57 13 53 87 88 88
15 2 -1
20 13 33 14 34 54 88 89 90
16 0 -1
21 94 65 96 65 55 89 90 91
17 3 -1
22 22 41 25 42 56 90 91 94
18 1 -1
24 17 19 19 19 58 92 93 94
19 0 -1
29 22 6 25 7 63 97 98 103
20 0 -1
30 16 81 17 81 64 98 99 100
21 3 -1
31 58 8 60 8 65 99 100 101
22 3 -1
33 20 72 24 74 67 101 102 107
23 0 -1
35 64 12 65 12 69 103 104 104
24 0 -1
36 57 31 58 32 70 104 105 106
25 2 -1
39 20 70 21 70 73 107 108 108
26 2 -1
40 35 89 36 89 74 108 109 109
27 0 -1
41 18 53 18 53 75 109 110 111
28 3 -1
42 59 55 60 55 76 110 111 111
29 0 -1
43 51 6 51 7 77 111 112 112
30 3 -1
45 56 42 57 43 79 113 114 115
31 0 -1
49 23 15 24 15 83 117 118 120
32 0 -1
52 72 98 79 98 86 120 121 127
33 3 -1
53 52 6 52 9 87 121 122 126
34 3 -1
54 43 60 43 60 88 122 123 123
35 3 -1
56 69 25 83 26 90 124 125 141
36 3 -1
57 11 2 11 2 91 125 126 127
37 0 -1
59 17 77 17 77 93 127 128 128
38 1 -1
61 90 37 91 38 95 129 130 131
39 0 -1
62 7 66 9 71 96 130 131 138
40 1 -1
64 29 73 39 79 98 132 133 151
41 2 -1
69 86 91 88 91 103 137 138 139
42 1 -1
71 92 88 93 89 105 139 140 147
43 1 -1
73 31 15 31 20 107 141 142 146
44 0 -1
76 79 85 79 88 110 144 145 147
45 2 -1
78 96 49 98 49 112 146 147 148
46 2 -1
80 83 58 86 58 114 148 149 151
47 3 -1
81 86 44 88 44 115 149 150 151
48 2 -1
82 80 72 81 72 116 150 151 156
49 2 -1
83 23 4 25 7 117 151 152 156
50 1 -1
84 82 38 83 38 118 152 153 153
51 2 -1
86 1 55 10 55 120 154 155 164
52 0 -1
87 67 61 68 61 121 155 156 156
53 2 -1
90 88 1 89 1 124 158 159 159
54 2 -1
91 91 13 93 13 125 159 160 163
55 3 -1
92 56 3 56 3 126 160 161 161
56 2 -1
93 51 76 53 76 127 161 162 164
57 2 -1
94 70 36 71 37 128 162 163 168
58 1 -1
96 49 57 51 57 130 164 165 166
59 0 -1
103 67 13 67 16 137 171 172 174
60 2 -1
105 94 30 95 30 139 173 174 175
61 2 -1
106 17 5 20 8 140 174 175 184
62 2 -1
107 18 83 18 83 141 175 176 178
63 2 -1
108 33 47 40 47 142 176 177 184
64 1 -1
110 46 29 51 32 144 178 179 186
65 2 -1
111 93 85 93 86 145 179 180 180
66 2 -1
114 16 9 18 13 148 182 183 188
67 0 -1
115 47 84 49 84 149 183 184 188
68 0 -1
116 61 85 62 94 150 184 185 196
69 1 -1
119 96 71 96 73 153 187 188 190
70 3 -1
120 2 39 2 39 154 188 189 189
71 0 -1
122 82 75 84 77 156 190 191 194
72 2 -1
123 17 37 18 39 157 191 192 194
73 3 -1
124 84 89 87 90 158 192 193 196
74 0 -1
127 5 97 5 98 161 195 196 196
75 1 -1
128 61 37 79 38 162 196 197 215
76 3 -1
130 46 41 47 41 164 198 199 199
77 1 -1
132 73 87 76 94 166 200 201 215
78 3 -1
134 81 72 82 72 168 202 203 203
79 3 -1
135 96 44 89 47 169 203 204 214
80 1 -1
136 65 47 67 47 170 204 205 206
81 1 -1
139 76 54 77 54 173 207 208 208
82 0 -1
140 11 46 13 46 174 208 209 212
83 2 -1
141 53 17 58 17 175 209 210 214
84 0 -1
144 53 96 57 97 178 212 213 217
85 3 -1
145 35 84 36 84 179 213 214 215
86 0 -1
146 41 52 41 53 180 214 215 215
87 3 -1
147 76 85 77 85 181 215 216 216
88 1 -1
148 99 4 99 4 182 216 217 217
89 3 -1
149 36 97 38 97 183 217 218 219
90 0 -1
150 80 8 83 10 184 218 219 224
91 3 -1
153 27 48 28 48 187 221 222 222
92 1 -1
154 0 79 3 80 188 222 223 226
93 3 -1
155 74 23 74 24 189 223 224 227
94 3 -1
156 88 22 93 22 190 224 225 229
95 1 -1
157 12 13 15 15 191 225 226 230
96 2 -1
160 27 42 28 47 194 228 229 234
97 0 -1
162 16 52 17 52 196 230 231 231
98 0 -1
163 7 99 8 99 197 231 232 232
99 1 -1
166 93 52 95 52 200 234 235 236
100 1 -1
167 33 41 38 41 201 235 236 240
101 0 -1
168 36 61 36 61 202 236 237 238
102 1 -1
169 6 21 7 23 203 237 238 242
103 1 -1
170 63 68 63 70 204 238 239 243
104 2 -1
172 29 61 33 62 206 240 241 245
105 2 -1
173 28 10 28 11 207 241 242 246
106 2 -1
174 31 11 32 12 208 242 243 244
107 1 -1
179 64 95 65 95 213 247 248 248
108 2 -1
183 71 22 74 23 217 251 252 256
109 0 -1
184 8 89 8 90 218 252 253 254
110 1 -1
185 1 12 1 12 219 253 254 255
111 3 -1
186 65 28 67 29 220 254 255 263
112 0 -1
187 84 95 89 95 221 255 256 261
113 1 -1
189 74 30 75 32 223 257 258 262
114 2 -1
190 48 31 50 32 224 258 259 263
115 0 -1
193 14 79 14 80 227 261 262 262
116 2 -1
196 51 30 52 31 230 264 265 266
117 3 -1
197 98 13 99 13 231 265 266 266
118 3 -1
198 68 32 74 32 232 266 267 284
119 1 -1
199 97 60 97 61 233 267 268 268
120 0 -1
200 62 91 64 91 234 268 269 270
121 2 -1
201 43 7 43 7 235 269 270 270
122 2 -1
204 56 65 57 65 238 272 273 273
123 1 -1
208 97 25 98 25 242 276 277 277
124 3 -1
209 21 52 21 52 243 277 278 278
125 2 -1
211 99 75 99 76 245 279 280 282
126 2 -1
212 73 41 75 41 246 280 281 282
127 0 -1
213 62 47 64 50 247 281 282 289
128 0 -1
214 25 32 25 37 248 282 283 287
129 2 -1
218 20 76 26 76 252 286 287 293
130 2 -1
219 75 9 75 11 253 287 288 289
131 3 -1
224 28 23 28 26 258 292 293 295
132 3 -1
225 69 12 70 12 259 293 294 295
133 0 -1
229 7 67 11 68 263 297 298 303
134 0 -1
230 57 87 57 88 264 298 299 299
135 2 -1
231 15 41 17 41 265 299 300 302
136 1 -1
236 69 90 70 90 270 304 305 306
137 2 -1
237 22 62 24 62 271 305 306 307
138 0 -1
240 3 20 3 24 274 308 309 319
139 2 -1
242 40 48 40 50 276 310 311 312
140 0 -1
244 38 38 41 39 278 312 313 317
141 0 -1
245 35 7 40 8 279 313 314 319
142 1 -1
246 36 13 36 15 280 314 315 317
143 1 -1
247 73 74 76 74 281 315 316 318
144 0 -1
248 76 28 76 28 282 316 317 319
145 2 -1
250 89 54 91 54 284 318 319 320
146 1 -1
251 37 1 38 3 285 319 320 322
147 3 -1
253 23 20 23 20 287 321 322 322
148 0 -1
255 34 68 34 70 289 323 324 325
149 1 -1
256 60 45 61 48 290 324 325 328
150 0 -1
257 79 44 82 44 291 325 326 329
151 2 -1
258 57 31 58 31 292 326 327 327
152 2 -1
260 39 31 41 31 294 328 329 330
153 0 -1
261 26 67 36 67 295 329 330 341
154 0 -1
266 87 62 88 63 300 334 335 338
155 0 -1
267 74 65 74 68 301 335 336 338
156 3 -1
268 86 91 87 91 302 336 337 338
157 1 -1
269 95 29 96 29 303 337 338 338
158 3 -1
271 98 94 92 94 305 339 340 345
159 1 -1
272 88 41 89 41 306 340 341 341
160 3 -1
274 93 46 96 46 308 342 343 355
161 0 -1
277 50 55 51 56 311 345 346 347
162 1 -1
278 47 94 52 95 312 346 347 352
163 0 -1
279 56 86 60 86 313 347 348 351
164 3 -1
280 18 66 21 66 314 348 349 351
165 1 -1
283 36 68 36 68 317 351 352 352
166 1 -1
285 16 63 18 64 319 353 354 356
167 2 -1
286 86 45 88 46 320 354 355 357
168 3 -1
289 86 99 89 99 323 357 358 360
169 0 -1
293 73 75 73 77 327 361 362 365
170 3 -1
294 49 71 51 71 328 362 363 366
171 0 -1
295 71 37 73 37 329 363 364 365
172 1 -1
296 75 24 76 26 330 364 365 368
173 2 -1
303 33 96 34 100 337 371 372 380
174 2 -1
305 88 48 92 49 339 373 374 378
175 1 -1
306 36 82 37 82 340 374 375 375
176 1 -1
307 56 93 58 93 341 375 376 377
177 1 -1
310 56 93 56 93 344 378 379 382
178 1 -1
311 96 2 96 6 345 379 380 383
179 3 -1
312 59 74 62 80 346 380 381 389
180 3 -1
313 57 25 58 25 347 381 382 382
181 0 -1
315 7 7 8 8 349 383 384 385
182 1 -1
320 28 46 44 46 354 388 389 404
183 3 -1
321 43 83 44 84 355 389 390 392
184 1 -1
323 10 57 10 64 357 391 392 404
185 3 -1
325 76 9 77 13 359 393 394 401
186 3 -1
326 8 34 8 35 360 394 395 395
187 0 -1
327 79 6 82 6 361 395 396 398
188 0 -1
328 73 64 73 67 362 396 397 401
189 0 -1
329 44 34 44 35 363 397 398 400
190 1 -1
330 90 15 93 15 364 398 399 403
191 0 -1
337 62 86 73 87 371 405 406 418
192 3 -1
340 83 33 84 35 374 408 409 411
193 2 -1
342 7 8 8 8 376 410 411 411
194 0 -1
343 89 69 90 70 377 411 412 414
195 0 -1
345 34 6 43 9 379 413 414 425
196 2 -1
349 23 3 23 3 383 417 418 418
197 1 -1
351 29 8 29 8 385 419 420 420
198 2 -1
354 54 73 57 73 388 422 423 428
199 3 -1
356 32 66 33 66 390 424 425 425
200 3 -1
357 59 68 62 69 391 425 426 429
201 1 -1
358 6 56 10 58 392 426 427 433
202 3 -1
359 19 38 19 41 393 427 428 430
203 3 -1
360 67 30 69 30 394 428 429 430
204 1 -1
361 88 74 91 76 395 429 430 435
205 1 -1
363 64 42 65 42 397 431 432 432
206 1 -1
364 20 13 20 13 398 432 433 433
207 0 -1
365 86 64 86 64 399 433 434 435
208 2 -1
367 58 58 60 58 401 435 436 441
209 1 -1
371 45 23 45 23 405 439 440 440
210 0 -1
372 30 41 38 41 406 440 441 448
211 0 -1
373 31 68 32 70 407 441 442 444
212 1 -1
374 7 95 8 95 408 442 443 443
213 1 -1
375 44 24 45 24 409 443 444 444
214 1 -1
377 53 93 53 94 411 445 446 446
215 3 -1
379 38 24 38 24 413 447 448 448
216 1 -1
380 11 83 12 83 414 448 449 449
217 0 -1
381 83 67 84 69 415 449 450 454
218 3 -1
382 75 13 75 14 416 450 451 452
219 2 -1
383 66 83 66 84 417 451 452 452
220 1 -1
388 34 99 35 99 422 456 457 457
221 3 -1
391 46 70 48 70 425 459 460 461
222 2 -1
392 51 18 52 18 426 460 461 462
223 0 -1
394 97 19 98 19 428 462 463 465
224 1 -1
396 53 41 56 43 430 464 465 469
225 0 -1
397 60 91 60 92 431 465 466 466
226 1 -1
400 25 94 26 94 434 468 469 470
227 2 -1
401 46 63 46 64 435 469 470 471
228 1 -1
403 57 47 61 48 437 471 472 476
229 0 -1
404 4 89 4 89 438 472 473 474
230 2 -1
407 92 53 92 54 441 475 476 476
231 0 -1
408 77 93 78 95 442 476 477 479
232 0 -1
411 6 17 8 17 445 479 480 481
233 0 -1
412 68 35 69 35 446 480 481 481
234 2 -1
414 16 76 16 77 448 482 483 483
235 0 -1
418 78 60 78 61 452 486 487 487
236 2 -1
420 30 38 30 38 454 488 489 489
237 1 -1
421 53 73 54 73 455 489 490 491
238 1 -1
423 24 1 24 2 457 491 492 492
239 3 -1
426 26 26 28 28 460 494 495 499
240 0 -1
428 87 9 87 11 462 496 497 498
241 1 -1
433 1 10 2 11 467 501 502 503
242 3 -1
437 11 33 11 33 471 505 506 506
243 3 -1
439 66 46 66 47 473 507 508 509
244 1 -1
441 96 46 96 48 475 509 510 517
245 0 -1
446 20 59 23 59 480 514 515 518
246 3 -1
448 33 50 33 53 482 516 517 519
247 3 -1
450 2 23 2 24 484 518 519 526
248 0 -1
452 51 98 52 98 486 520 521 523
249 1 -1
455 8 58 10 59 489 523 524 526
250 1 -1
460 51 91 53 95 494 528 529 534
251 2 -1
461 37 74 37 76 495 529 530 531
252 3 -1
462 0 93 0 93 496 530 531 533
253 2 -1
464 76 77 78 77 498 532 533 534
254 3 -1
469 31 84 32 85 503 537 538 539
255 0 -1
471 79 27 80 35 505 539 540 550
256 1 -1
475 56 30 56 30 509 543 544 545
257 2 -1
478 51 80 54 80 512 546 547 550
258 2 -1
479 82 43 83 44 513 547 548 549
259 2 -1
480 75 48 82 48 514 548 549 556
260 0 -1
481 92 81 92 86 515 549 550 555
261 1 -1
482 89 88 90 88 516 550 551 551
262 3 -1
484 13 13 17 13 518 552 553 556
263 3 -1
486 83 0 84 2 520 554 555 557
264 0 -1
488 64 84 64 87 522 556 557 559
265 3 -1
489 88 48 75 48 523 557 558 570
266 3 -1
491 80 11 81 12 525 559 560 561
267 3 -1
493 88 64 89 64 527 561 562 562
268 0 -1
496 67 55 68 55 530 564 565 565
269 1 -1
501 40 99 40 100 535 569 570 571
270 1 -1
502 64 0 66 0 536 570 571 574
271 0 -1
505 6 35 6 35 539 573 574 575
272 3 -1
506 22 85 26 86 540 574 575 579
273 2 -1
507 75 28 78 29 541 575 576 579
274 0 -1
509 55 58 56 58 543 577 578 578
275 1 -1
511 10 25 11 25 545 579 580 581
276 3 -1
512 38 50 38 51 546 580 581 581
277 0 -1
515 40 33 40 35 549 583 584 586
278 3 -1
516 7 39 16 42 550 584 585 597
279 1 -1
517 20 45 23 46 551 585 586 589
280 3 -1
518 84 50 84 50 552 586 587 588
281 2 -1
520 8 97 8 97 554 588 589 589
282 3 -1
522 49 43 57 43 556 590 591 599
283 2 -1
523 61 38 61 39 557 591 592 592
284 3 -1
525 59 5 59 5 559 593 594 595
285 2 -1
526 48 10 50 10 560 594 595 596
286 2 -1
528 34 26 38 27 562 596 597 601
287 2 -1
530 1 17 2 17 564 598 599 602
288 0 -1
533 86 88 86 89 567 601 602 603
289 1 -1
535 41 84 41 85 569 603 604 606
290 3 -1
536 42 93 43 94 570 604 605 606
291 0 -1
537 66 80 67 80 571 605 606 606
292 2 -1
538 7 72 7 72 572 606 607 609
293 0 -1
540 96 50 92 50 574 608 609 612
294 2 -1
541 22 69 25 69 575 609 610 612
295 2 -1
542 59 51 66 51 576 610 611 618
296 1 -1
543 2 69 3 69 577 611 612 613
297 3 -1
546 41 26 41 28 580 614 615 616
298 2 -1
547 52 68 52 69 581 615 616 617
299 1 -1
550 48 6 48 7 584 618 619 619
300 2 -1
552 22 61 24 61 586 620 621 623
301 0 -1
553 32 15 32 16 587 621 622 623
302 1 -1
555 96 59 96 60 589 623 624 628
303 2 -1
556 37 96 39 96 590 624 625 626
304 0 -1
558 32 48 33 48 592 626 627 627
305 2 -1
559 87 41 90 42 593 627 628 632
306 1 -1
560 16 0 18 0 594 628 629 630
307 3 -1
562 52 85 53 85 596 630 631 631
308 0 -1
565 24 17 27 17 599 633 634 637
309 0 -1
566 95 43 99 43 600 634 635 638
310 3 -1
567 65 30 66 30 601 635 636 636
311 2 -1
570 48 57 48 60 604 638 639 642
312 2 -1
572 43 75 43 77 606 640 641 643
313 0 -1
573 85 16 88 16 607 641 642 644
314 1 -1
575 20 95 21 96 609 643 644 645
315 1 -1
577 60 82 61 82 611 645 646 646
316 2 -1
578 46 75 47 75 612 646 647 648
317 0 -1
579 78 90 82 90 613 647 648 652
318 3 -1
580 92 68 92 68 614 648 649 649
319 3 -1
585 8 53 8 56 619 653 654 656
320 1 -1
588 80 81 83 82 622 656 657 661
321 3 -1
589 62 2 75 2 623 657 658 672
322 2 -1
592 33 70 33 71 626 660 661 661
323 3 -1
594 16 92 16 92 628 662 663 664
324 3 -1
595 9 13 21 15 629 663 664 678
325 1 -1
596 15 88 19 88 630 664 665 668
326 1 -1
597 64 72 72 72 631 665 666 673
327 2 -1
599 28 8 34 9 633 667 668 675
328 3 -1
600 90 54 92 54 634 668 669 671
329 3 -1
601 11 74 11 76 635 669 670 671
330 0 -1
603 38 39 38 41 637 671 672 673
331 1 -1
608 35 61 35 61 642 676 677 679
332 1 -1
609 83 71 83 71 643 677 678 678
333 2 -1
610 74 83 77 85 644 678 679 683
334 1 -1
611 23 57 24 57 645 679 680 683
335 2 -1
613 1 40 7 42 647 681 682 689
336 3 -1
614 31 93 36 93 648 682 683 688
337 0 -1
615 89 31 89 32 649 683 684 684
338 3 -1
616 14 84 14 86 650 684 685 686
339 2 -1
619 94 95 98 95 653 687 688 692
340 2 -1
620 87 32 88 33 654 688 689 690
341 0 -1
621 20 70 23 71 655 689 690 694
342 0 -1
622 27 70 30 70 656 690 691 693
343 0 -1
623 43 63 44 64 657 691 692 693
344 0 -1
624 97 28 98 28 658 692 693 693
345 0 -1
625 24 58 26 58 659 693 694 695
346 2 -1
628 94 22 95 22 662 696 697 697
347 1 -1
629 93 92 94 92 663 697 698 702
348 1 -1
630 77 5 77 6 664 698 699 699
349 0 -1
634 4 62 4 63 668 702 703 703
350 3 -1
635 77 64 79 64 669 703 704 705
351 2 -1
636 15 31 16 31 670 704 705 706
352 0 -1
637 62 44 62 46 671 705 706 707
353 3 -1
639 39 99 39 99 673 707 708 708
354 0 -1
640 65 89 65 91 674 708 709 710
355 2 -1
641 75 48 75 50 675 709 710 711
356 2 -1
643 0 20 0 24 677 711 712 717
357 1 -1
645 2 57 4 57 679 713 714 715
358 3 -1
646 89 73 90 73 680 714 715 716
359 3 -1
648 26 71 26 71 682 716 717 717
360 1 -1
649 44 43 50 46 683 717 718 727
361 1 -1
650 95 31 95 32 684 718 719 719
362 0 -1
651 28 82 28 82 685 719 720 723
363 3 -1
652 93 55 98 63 686 720 721 735
364 3 -1
653 53 56 54 56 687 721 722 722
365 2 -1
656 73 6 74 6 690 724 725 725
366 2 -1
662 75 30 77 30 696 730 731 732
367 0 -1
663 90 64 92 68 697 731 732 739
368 1 -1
664 96 98 97 98 698 732 733 734
369 1 -1
665 53 13 53 14 699 733 734 734
370 1 -1
666 24 66 24 67 700 734 735 736
371 0 -1
667 22 69 25 69 701 735 736 738
372 1 -1
669 25 22 26 22 703 737 738 738
373 3 -1
672 39 87 41 89 706 740 741 744
374 1 -1
673 32 65 34 65 707 741 742 743
375 0 -1
674 74 70 76 72 708 742 743 746
376 2 -1
675 10 40 14 41 709 743 744 748
377 3 -1
678 24 10 24 14 712 746 747 750
378 2 -1
679 6 59 8 60 713 747 748 750
379 1 -1
680 4 30 5 30 714 748 749 754
380 3 -1
681 8 62 8 63 715 749 750 751
381 2 -1
682 6 44 8 44 716 750 751 752
382 2 -1
684 46 19 48 19 718 752 753 754
383 2 -1
685 32 71 35 72 719 753 754 758
384 3 -1
687 7 21 10 23 721 755 756 760
385 2 -1
688 13 12 15 12 722 756 757 758
386 1 -1
689 73 65 74 65 723 757 758 759
387 3 -1
690 31 33 32 33 724 758 759 760
388 3 -1
691 88 44 89 45 725 759 760 761
389 1 -1
692 47 0 49 0 726 760 761 762
390 3 -1
694 61 10 64 10 728 762 763 765
391 3 -1
696 20 39 21 39 730 764 765 766
392 3 -1
698 78 69 79 71 732 766 767 771
393 3 -1
700 25 62 25 62 734 768 769 769
394 2 -1
701 94 52 95 52 735 769 770 770
395 1 -1
702 22 85 28 85 736 770 771 777
396 0 -1
703 39 44 41 44 737 771 772 773
397 3 -1
704 38 21 38 22 738 772 773 774
398 0 -1
705 85 3 89 3 739 773 774 777
399 2 -1
706 8 52 10 52 740 774 775 776
400 3 -1
707 52 93 52 96 741 775 776 779
401 2 -1
708 49 56 53 56 742 776 777 783
402 1 -1
710 1 10 1 13 744 778 779 781
403 2 -1
712 57 74 58 74 746 780 781 781
404 3 -1
714 67 20 68 20 748 782 783 783
405 3 -1
716 31 36 31 37 750 784 785 785
406 3 -1
718 45 20 46 20 752 786 787 794
407 1 -1
719 80 38 81 38 753 787 788 788
408 2 -1
720 40 57 41 58 754 788 789 790
409 1 -1
722 58 46 59 47 756 790 791 792
410 2 -1
724 99 62 98 62 758 792 793 794
411 1 -1
725 17 97 23 97 759 793 794 804
412 1 -1
726 88 57 91 58 760 794 795 798
413 2 -1
727 0 51 1 51 761 795 796 798
414 3 -1
728 25 69 29 70 762 796 797 801
415 2 -1
729 65 55 65 56 763 797 798 798
416 2 -1
731 58 27 59 27 765 799 800 800
417 0 -1
733 56 31 58 31 767 801 802 803
418 0 -1
734 94 58 96 58 768 802 803 804
419 2 -1
735 49 40 51 40 769 803 804 806
420 3 -1
736 40 4 41 4 770 804 805 806
421 2 -1
737 94 54 97 54 771 805 806 808
422 1 -1
742 25 94 25 99 776 810 811 815
423 2 -1
744 46 16 48 16 778 812 813 814
424 0 -1
745 48 35 53 35 779 813 814 818
425 1 -1
748 36 96 37 97 782 816 817 818
426 2 -1
750 29 79 30 79 784 818 819 819
427 2 -1
751 52 39 53 39 785 819 820 820
428 1 -1
752 27 18 29 18 786 820 821 823
429 1 -1
753 85 70 85 70 787 821 822 822
430 0 -1
754 49 83 53 83 788 822 823 828
431 2 -1
755 81 36 83 36 789 823 824 825
432 3 -1
757 58 93 60 93 791 825 826 827
433 3 -1
758 9 86 14 87 792 826 827 834
434 0 -1
759 67 88 69 88 793 827 828 829
435 2 -1
760 79 20 80 20 794 828 829 829
436 3 -1
766 76 13 78 13 800 834 835 836
437 0 -1
767 16 12 17 13 801 835 836 837
438 0 -1
768 13 66 13 68 802 836 837 839
439 3 -1
771 59 56 59 56 805 839 840 840
440 2 -1
772 5 74 5 75 806 840 841 842
441 0 -1
773 63 99 65 99 807 841 842 844
442 2 -1
775 98 38 99 39 809 843 844 848
443 0 -1
777 5 80 6 80 811 845 846 847
444 0 -1
778 47 88 47 88 812 846 847 848
445 2 -1
779 91 70 94 70 813 847 848 850
446 0 -1
781 3 8 4 8 815 849 850 850
447 2 -1
782 42 25 46 25 816 850 851 854
448 1 -1
784 2 10 2 10 818 852 853 854
449 3 -1
787 84 76 85 76 821 855 856 857
450 3 -1
788 27 0 27 1 822 856 857 857
451 1 -1
789 78 9 78 12 823 857 858 861
452 1 -1
790 78 8 79 8 824 858 859 860
453 3 -1
791 96 21 96 25 825 859 860 864
454 3 -1
793 86 8 89 8 827 861 862 864
455 2 -1
794 42 2 44 2 828 862 863 866
456 2 -1
795 31 79 33 79 829 863 864 865
457 3 -1
796 90 31 90 32 830 864 865 868
458 1 -1
797 12 11 12 12 831 865 866 866
459 2 -1
798 9 34 9 35 832 866 867 869
460 3 -1
799 10 93 11 94 833 867 868 869
461 0 -1
800 61 45 64 46 834 868 869 873
462 1 -1
802 56 40 60 40 836 870 871 874
463 2 -1
803 71 83 73 83 837 871 872 873
464 2 -1
805 32 73 34 74 839 873 874 878
465 1 -1
806 73 67 77 70 840 874 875 883
466 3 -1
807 29 44 29 44 841 875 876 877
467 3 -1
810 99 48 99 49 844 878 879 879
468 0 -1
813 17 78 17 79 847 881 882 882
469 2 -1
818 88 51 89 52 852 886 887 888
470 0 -1
820 61 60 61 63 854 888 889 891
471 0 -1
824 2 97 2 99 858 892 893 894
472 0 -1
825 33 88 36 88 859 893 894 896
473 3 -1
827 81 7 82 7 861 895 896 896
474 1 -1
828 83 81 84 81 862 896 897 906
475 3 -1
830 86 57 89 57 864 898 899 901
476 3 -1
831 64 82 64 82 865 899 900 900
477 0 -1
833 72 57 72 59 867 901 902 903
478 1 -1
834 0 83 2 83 868 902 903 904
479 2 -1
835 34 81 37 85 869 903 904 913
480 1 -1
839 16 12 18 12 873 907 908 909
481 3 -1
841 7 26 9 27 875 909 910 913
482 1 -1
842 32 28 34 28 876 910 911 912
483 3 -1
844 27 64 31 64 878 912 913 917
484 1 -1
845 24 67 25 67 879 913 914 915
485 0 -1
846 59 91 61 92 880 914 915 920
486 0 -1
847 39 79 39 79 881 915 916 916
487 0 -1
850 75 93 78 93 884 918 919 921
488 0 -1
851 66 39 66 40 885 919 920 923
489 1 -1
854 12 55 13 55 888 922 923 923
490 1 -1
856 16 80 19 80 890 924 925 927
491 0 -1
859 46 82 48 84 893 927 928 932
492 2 -1
860 44 53 44 54 894 928 929 929
493 0 -1
861 48 53 48 54 895 929 930 931
494 3 -1
864 83 52 86 52 898 932 933 935
495 3 -1
867 94 6 95 6 901 935 936 936
496 1 -1
868 23 64 23 65 902 936 937 938
497 2 -1
871 44 96 45 87 905 939 940 955
498 3 -1
873 74 92 74 92 907 941 942 943
499 1 -1
874 81 95 84 96 908 942 943 947
500 3 -1
875 68 12 71 12 909 943 944 946
501 0 -1
877 51 49 53 50 911 945 946 948
502 2 -1
878 24 30 26 30 912 946 947 948
503 0 -1
879 39 63 41 63 913 947 948 949
504 0 -1
880 52 83 53 84 914 948 949 952
505 3 -1
881 47 44 52 44 915 949 950 955
506 2 -1
882 98 9 96 9 916 950 951 952
507 3 -1
885 57 64 57 65 919 953 954 954
508 2 -1
887 87 93 87 94 921 955 956 958
509 3 -1
889 66 44 66 46 923 957 958 960
510 3 -1
891 7 69 8 69 925 959 960 961
511 3 -1
893 37 57 37 59 927 961 962 963
512 3 -1
894 96 74 97 74 928 962 963 965
513 0 -1
895 90 8 92 9 929 963 964 966
514 3 -1
896 76 67 78 67 930 964 965 966
515 2 -1
897 94 82 94 82 931 965 966 966
516 3 -1
898 9 52 11 52 932 966 967 968
517 1 -1
899 27 60 29 60 933 967 968 969
518 0 -1
900 2 87 7 88 934 968 969 974
519 0 -1
901 61 24 61 25 935 969 970 971
520 1 -1
902 32 64 33 64 936 970 971 971
521 2 -1
905 82 76 83 76 939 973 974 974
522 2 -1
910 83 0 83 0 944 978 979 979
523 0 -1
912 77 5 87 5 946 980 981 990
524 1 -1
914 90 3 91 8 948 982 983 989
525 3 -1
917 16 42 19 42 951 985 986 989
526 1 -1
919 76 56 77 56 953 987 988 989
527 1 -1
920 8 18 10 18 954 988 989 991
528 1 -1
921 27 40 28 40 955 989 990 990
529 0 -1
923 18 36 18 37 957 991 992 992
530 3 -1
925 67 84 67 84 959 993 994 996
531 2 -1
926 93 21 84 21 960 994 995 1003
532 2 -1
927 39 64 41 64 961 995 996 998
533 3 -1
928 52 1 53 2 962 996 997 1000
534 1 -1
929 90 31 91 31 963 997 998 998
535 0 -1
931 54 48 56 48 965 999 1000 1001
536 1 -1
933 80 30 82 35 967 1001 1002 1008
537 2 -1
935 99 56 98 57 969 1003 1004 1005
538 1 -1
936 11 37 12 37 970 1004 1005 1005
539 1 -1
937 67 92 68 93 971 1005 1006 1009
540 3 -1
938 33 92 34 93 972 1006 1007 1010
541 2 -1
940 87 3 88 4 974 1008 1009 1010
542 0 -1
942 42 66 42 67 976 1010 1011 1011
543 0 -1
943 73 50 74 56 977 1011 1012 1018
544 2 -1
944 14 16 14 17 978 1012 1013 1013
545 2 -1
945 30 19 30 20 979 1013 1014 1016
546 1 -1
947 51 78 52 85 981 1015 1016 1028
547 2 -1
948 12 28 14 29 982 1016 1017 1019
548 0 -1
950 14 13 14 13 984 1018 1019 1020
549 1 -1
951 55 56 57 56 985 1019 1020 1021
550 0 -1
954 74 59 75 59 988 1022 1023 1024
551 0 -1
955 14 26 14 26 989 1023 1024 1024
552 1 -1
957 88 86 90 86 991 1025 1026 1028
553 2 -1
958 54 77 54 77 992 1026 1027 1027
554 0 -1
963 80 64 83 64 997 1031 1032 1034
555 3 -1
964 57 28 57 30 998 1032 1033 1034
556 2 -1
966 22 98 24 98 1000 1034 1035 1036
557 1 -1
969 15 65 16 65 1003 1037 1038 1039
558 1 -1
972 2 50 2 55 1006 1040 1041 1046
559 2 -1
973 44 38 44 41 1007 1041 1042 1045
560 2 -1
974 8 11 14 14 1008 1042 1043 1052
561 2 -1
976 17 22 18 22 1010 1044 1045 1049
562 2 -1
979 10 65 11 67 1013 1047 1048 1051
563 2 -1
981 64 23 64 24 1015 1049 1050 1050
564 2 -1
983 79 68 79 70 1017 1051 1052 1054
565 2 -1
984 71 22 76 22 1018 1052 1053 1058
566 1 -1
987 20 52 24 52 1021 1055 1056 1059
567 3 -1
989 41 65 43 65 1023 1057 1058 1060
568 1 -1
990 96 65 98 67 1024 1058 1059 1062
569 3 -1
992 63 62 66 63 1026 1060 1061 1064
570 0 -1
993 6 91 8 91 1027 1061 1062 1063
571 1 -1
994 26 51 27 52 1028 1062 1063 1066
572 3 -1
996 36 45 37 45 1030 1064 1065 1066
573 3 -1
997 21 24 23 24 1031 1065 1066 1067
574 2 -1
998 36 34 37 34 1032 1066 1067 1067
575 1 -1
999 62 15 62 17 1033 1067 1068 1069
576 1 -1
1001 68 76 88 90 1035 1069 1070 1118
577 2 -1
1004 70 38 70 40 1038 1072 1073 1074
578 3 -1
1008 11 60 11 61 1042 1076 1077 1077
579 0 -1
1010 86 57 87 57 1044 1078 1079 1080
580 3 -1
1012 7 74 8 74 1046 1080 1081 1081
581 2 -1
1015 52 36 52 37 1049 1083 1084 1084
582 0 -1
1016 44 69 45 69 1050 1084 1085 1085
583 3 -1
1017 53 82 55 82 1051 1085 1086 1088
584 2 -1
1018 46 37 55 38 1052 1086 1087 1100
585 0 -1
1019 75 90 78 96 1053 1087 1088 1097
586 0 -1
1020 75 67 76 69 1054 1088 1089 1091
587 1 -1
1021 95 78 95 79 1055 1089 1090 1090
588 0 -1
1022 71 7 79 12 1056 1090 1091 1104
589 1 -1
1025 76 19 77 20 1059 1093 1094 1098
590 0 -1
1027 12 93 12 93 1061 1095 1096 1096
591 0 -1
1028 94 72 95 72 1062 1096 1097 1097
592 3 -1
1031 23 97 25 98 1065 1099 1100 1108
593 3 -1
1032 64 19 67 20 1066 1100 1101 1107
594 3 -1
1033 7 97 8 99 1067 1101 1102 1105
595 3 -1
1035 75 50 75 50 1069 1103 1104 1105
596 1 -1
1036 75 54 76 55 1070 1104 1105 1106
597 1 -1
1037 56 65 57 65 1071 1105 1106 1106
598 3 -1
1039 71 20 72 20 1073 1107 1108 1108
599 3 -1
1040 71 77 72 77 1074 1108 1109 1109
600 3 -1
1042 0 65 10 65 1076 1110 1111 1121
601 0 -1
1044 1 12 3 14 1078 1112 1113 1116
602 2 -1
1045 35 83 38 83 1079 1113 1114 1116
603 0 -1
1051 15 48 15 48 1085 1119 1120 1120
604 0 -1
1053 98 76 98 76 1087 1121 1122 1122
605 1 -1
1056 21 10 23 10 1090 1124 1125 1126
606 0 -1
1057 37 69 39 69 1091 1125 1126 1127
607 0 -1
1059 63 21 66 21 1093 1127 1128 1131
608 1 -1
1060 4 92 4 93 1094 1128 1129 1133
609 3 -1
1063 75 98 78 98 1097 1131 1132 1134
610 3 -1
1065 80 44 83 44 1099 1133 1134 1136
611 2 -1
1066 78 98 78 98 1100 1134 1135 1136
612 3 -1
1067 51 72 52 72 1101 1135 1136 1136
613 0 -1
1070 31 95 37 89 1104 1138 1139 1150
614 0 -1
1071 13 63 18 63 1105 1139 1140 1144
615 3 -1
1073 51 31 54 32 1107 1141 1142 1156
616 1 -1
1074 95 1 95 1 1108 1142 1143 1143
617 2 -1
1075 13 40 13 42 1109 1143 1144 1146
618 2 -1
1078 75 88 78 89 1112 1146 1147 1150
619 3 -1
1082 52 66 52 67 1116 1150 1151 1151
620 2 -1
1083 14 68 16 68 1117 1151 1152 1153
621 3 -1
1084 57 77 63 77 1118 1152 1153 1158
622 2 -1
1085 78 74 78 76 1119 1153 1154 1156
623 0 -1
1086 76 60 77 63 1120 1154 1155 1158
624 3 -1
1090 79 17 80 17 1124 1158 1159 1159
625 1 -1
1091 48 92 51 93 1125 1159 1160 1163
626 0 -1
1092 92 23 93 23 1126 1160 1161 1161
627 0 -1
1095 20 71 23 71 1129 1163 1164 1166
628 3 -1
1097 71 85 74 85 1131 1165 1166 1168
629 1 -1
1098 51 23 52 26 1132 1166 1167 1170
630 1 -1
1099 96 8 92 9 1133 1167 1168 1172
631 1 -1
1100 48 33 53 33 1134 1168 1169 1173
632 1 -1
1102 82 95 85 95 1136 1170 1171 1173
633 1 -1
1103 88 38 89 38 1137 1171 1172 1178
634 0 -1
1104 94 96 94 97 1138 1172 1173 1173
635 2 -1
1105 11 89 11 89 1139 1173 1174 1174
636 3 -1
1107 41 54 43 57 1141 1175 1176 1185
637 2 -1
1109 86 17 88 18 1143 1177 1178 1180
638 1 -1
1111 26 7 26 9 1145 1179 1180 1181
639 0 -1
1113 10 49 11 49 1147 1181 1182 1182
640 2 -1
1114 85 4 86 4 1148 1182 1183 1183
641 3 -1
1115 33 91 36 91 1149 1183 1184 1186
642 2 -1
1116 77 21 85 22 1150 1184 1185 1195
643 1 -1
1118 87 77 88 77 1152 1186 1187 1188
644 1 -1
1120 0 71 0 73 1154 1188 1189 1190
645 1 -1
1121 16 58 16 59 1155 1189 1190 1190
646 3 -1
1122 85 77 86 79 1156 1190 1191 1193
647 3 -1
1124 5 34 5 36 1158 1192 1193 1199
648 0 -1
1125 79 66 81 66 1159 1193 1194 1195
649 2 -1
1126 85 60 85 67 1160 1194 1195 1206
650 0 -1
1129 38 18 38 18 1163 1197 1198 1198
651 1 -1
1130 27 96 28 96 1164 1198 1199 1199
652 2 -1
1132 75 60 75 61 1166 1200 1201 1202
653 0 -1
1133 99 63 99 64 1167 1201 1202 1204
654 1 -1
1137 65 2 65 5 1171 1205 1206 1209
655 2 -1
1138 32 27 33 27 1172 1206 1207 1207
656 0 -1
1139 26 27 26 28 1173 1207 1208 1208
657 3 -1
1141 75 89 77 89 1175 1209 1210 1211
658 1 -1
1142 67 51 68 51 1176 1210 1211 1213
659 3 -1
1144 6 90 7 90 1178 1212 1213 1215
660 3 -1
1147 89 7 93 7 1181 1215 1216 1219
661 1 -1
1150 41 84 42 84 1184 1218 1219 1219
662 1 -1
1151 39 16 39 18 1185 1219 1220 1221
663 0 -1
1154 78 59 79 59 1188 1222 1223 1223
664 0 -1
1156 44 37 45 37 1190 1224 1225 1226
665 0 -1
1157 89 56 89 60 1191 1225 1226 1230
666 1 -1
1158 7 56 8 57 1192 1226 1227 1230
667 3 -1
1159 30 15 31 15 1193 1227 1228 1229
668 1 -1
1164 36 85 37 85 1198 1232 1233 1235
669 2 -1
1166 24 41 24 42 1200 1234 1235 1237
670 1 -1
1169 2 58 5 58 1203 1237 1238 1240
671 2 -1
1170 92 48 94 49 1204 1238 1239 1241
672 3 -1
1171 76 42 85 42 1205 1239 1240 1248
673 3 -1
1172 37 34 37 34 1206 1240 1241 1241
674 3 -1
1174 40 61 42 65 1208 1242 1243 1249
675 0 -1
1175 7 88 9 89 1209 1243 1244 1246
676 0 -1
1176 82 32 84 32 1210 1244 1245 1246
677 3 -1
1177 22 91 24 91 1211 1245 1246 1247
678 1 -1
1179 16 59 17 59 1213 1247 1248 1248
679 2 -1
1186 34 73 35 73 1220 1254 1255 1256
680 1 -1
1187 26 10 26 10 1221 1255 1256 1257
681 2 -1
1188 29 39 30 39 1222 1256 1257 1257
682 0 -1
1190 98 75 99 75 1224 1258 1259 1259
683 0 -1
1191 30 44 32 44 1225 1259 1260 1261
684 0 -1
1194 25 51 26 52 1228 1262 1263 1264
685 0 -1
1195 63 86 66 86 1229 1263 1264 1266
686 3 -1
1197 46 24 49 24 1231 1265 1266 1268
687 3 -1
1198 8 49 11 49 1232 1266 1267 1270
688 2 -1
1201 19 14 22 15 1235 1269 1270 1274
689 3 -1
1202 55 51 55 51 1236 1270 1271 1271
690 1 -1
1203 60 12 60 12 1237 1271 1272 1272
691 0 -1
1205 33 48 36 48 1239 1273 1274 1276
692 0 -1
1207 23 63 25 64 1241 1275 1276 1279
693 1 -1
1208 43 90 45 90 1242 1276 1277 1278
694 1 -1
1209 16 20 17 20 1243 1277 1278 1278
695 1 -1
1211 75 14 76 16 1245 1279 1280 1283
696 2 -1
1214 9 16 14 17 1248 1282 1283 1288
697 0 -1
1217 58 94 59 94 1251 1285 1286 1287
698 0 -1
1218 85 98 86 98 1252 1286 1287 1287
699 0 -1
1219 41 99 48 99 1253 1287 1288 1294
700 0 -1
1220 47 32 48 32 1254 1288 1289 1289
701 1 -1
1222 37 44 39 45 1256 1290 1291 1293
702 2 -1
1223 89 44 90 45 1257 1291 1292 1295
703 3 -1
1226 84 51 86 51 1260 1294 1295 1297
704 3 -1
1227 49 34 50 34 1261 1295 1296 1296
705 1 -1
1229 63 41 64 41 1263 1297 1298 1298
706 2 -1
1230 50 23 52 26 1264 1298 1299 1303
707 0 -1
1231 50 33 51 33 1265 1299 1300 1300
708 1 -1
1233 43 30 45 30 1267 1301 1302 1303
709 0 -1
1235 92 56 95 56 1269 1303 1304 1307
710 1 -1
1236 52 52 54 53 1270 1304 1305 1309
711 2 -1
1237 37 93 39 93 1271 1305 1306 1310
712 0 -1
1238 26 45 29 45 1272 1306 1307 1311
713 1 -1
1240 23 77 26 78 1274 1308 1309 1312
714 0 -1
1241 81 50 82 50 1275 1309 1310 1310
715 3 -1
1242 18 10 24 13 1276 1310 1311 1323
716 2 -1
1243 32 25 32 25 1277 1311 1312 1313
717 1 -1
1244 42 49 46 51 1278 1312 1313 1319
718 2 -1
1246 83 17 86 23 1280 1314 1315 1323
719 0 -1
1250 42 70 42 70 1284 1318 1319 1319
720 3 -1
1254 59 68 65 69 1288 1322 1323 1329
721 3 -1
1255 35 16 36 16 1289 1323 1324 1327
722 1 -1
1258 61 35 61 45 1292 1326 1327 1342
723 2 -1
1259 47 37 54 38 1293 1327 1328 1345
724 2 -1
1260 44 89 49 90 1294 1328 1329 1334
725 3 -1
1261 25 92 30 94 1295 1329 1330 1336
726 1 -1
1263 65 19 66 21 1297 1331 1332 1338
727 3 -1
1264 86 68 86 70 1298 1332 1333 1336
728 0 -1
1265 54 67 56 67 1299 1333 1334 1335
729 1 -1
1266 30 29 31 29 1300 1334 1335 1335
730 0 -1
1268 10 89 12 89 1302 1336 1337 1339
731 1 -1
1276 97 52 97 53 1310 1344 1345 1345
732 0 -1
1277 90 94 94 94 1311 1345 1346 1350
733 2 -1
1281 87 96 88 97 1315 1349 1350 1351
734 0 -1
1284 51 40 53 40 1318 1352 1353 1354
735 1 -1
1287 3 3 4 3 1321 1355 1356 1359
736 1 -1
1290 13 32 15 37 1324 1358 1359 1365
737 2 -1
1291 52 87 54 87 1325 1359 1360 1362
738 2 -1
1292 52 70 72 70 1326 1360 1361 1386
739 3 -1
1297 70 22 73 22 1331 1365 1366 1368
740 1 -1
1298 74 3 74 4 1332 1366 1367 1367
741 2 -1
1299 39 49 40 51 1333 1367 1368 1370
742 3 -1
1300 18 17 19 18 1334 1368 1369 1370
743 1 -1
1307 26 34 26 35 1341 1375 1376 1376
744 3 -1
1309 22 72 24 72 1343 1377 1378 1379
745 3 -1
1312 85 42 86 42 1346 1380 1381 1382
746 0 -1
1313 98 84 98 85 1347 1381 1382 1382
747 1 -1
1314 56 43 56 46 1348 1382 1383 1386
748 2 -1
1315 11 21 15 22 1349 1383 1384 1388
749 3 -1
1316 42 16 42 17 1350 1384 1385 1386
750 3 -1
1317 54 87 55 87 1351 1385 1386 1387
751 3 -1
1318 72 94 73 96 1352 1386 1387 1389
752 2 -1
1319 97 16 99 16 1353 1387 1388 1389
753 0 -1
1320 88 50 88 51 1354 1388 1389 1389
754 0 -1
1321 69 81 71 81 1355 1389 1390 1391
755 0 -1
1323 60 65 60 65 1357 1391 1392 1393
756 1 -1
1324 47 80 49 81 1358 1392 1393 1397
757 0 -1
1325 53 31 53 32 1359 1393 1394 1399
758 3 -1
1326 88 61 88 62 1360 1394 1395 1395
759 2 -1
1327 95 31 87 32 1361 1395 1396 1405
760 3 -1
1329 46 25 48 25 1363 1397 1398 1399
761 3 -1
1332 72 99 72 100 1366 1400 1401 1402
762 2 -1
1333 20 91 21 91 1367 1401 1402 1402
763 2 -1
1335 68 42 81 44 1369 1403 1404 1419
764 1 -1
1336 58 47 59 47 1370 1404 1405 1405
765 0 -1
1338 31 61 32 62 1372 1406 1407 1409
766 0 -1
1340 10 84 17 84 1374 1408 1409 1415
767 2 -1
1342 85 25 88 25 1376 1410 1411 1413
768 1 -1
1344 90 16 92 16 1378 1412 1413 1414
769 0 -1
1345 23 91 24 91 1379 1413 1414 1414
770 3 -1
1347 45 34 45 36 1381 1415 1416 1418
771 3 -1
1348 55 65 56 66 1382 1416 1417 1421
772 2 -1
1349 21 17 25 17 1383 1417 1418 1423
773 2 -1
1354 85 70 88 70 1388 1422 1423 1425
774 2 -1
1355 93 62 98 62 1389 1423 1424 1428
775 2 -1
1359 97 97 93 97 1393 1427 1428 1432
776 1 -1
1362 74 37 75 38 1396 1430 1431 1432
777 2 -1
1365 43 85 44 85 1399 1433 1434 1434
778 1 -1
1368 40 75 41 75 1402 1436 1437 1438
779 2 -1
1369 94 36 80 56 1403 1437 1438 1472
780 3 -1
1370 37 52 39 52 1404 1438 1439 1440
781 0 -1
1372 42 96 47 96 1406 1440 1441 1445
782 2 -1
1374 17 59 19 59 1408 1442 1443 1444
783 0 -1
1375 54 84 58 85 1409 1443 1444 1450
784 3 -1
1376 85 65 86 65 1410 1444 1445 1445
785 3 -1
1377 58 43 60 44 1411 1445 1446 1448
786 3 -1
1378 63 50 63 50 1412 1446 1447 1447
787 3 -1
1379 6 36 8 36 1413 1447 1448 1451
788 1 -1
1381 14 22 16 23 1415 1449 1450 1452
789 0 -1
1382 66 17 67 19 1416 1450 1451 1453
790 2 -1
1383 0 81 2 81 1417 1451 1452 1453
791 1 -1
1385 61 86 66 86 1419 1453 1454 1459
792 3 -1
1386 48 77 50 77 1420 1454 1455 1457
793 2 -1
1387 81 59 87 63 1421 1455 1456 1466
794 0 -1
1388 13 99 15 100 1422 1456 1457 1459
795 2 -1
1389 18 21 18 23 1423 1457 1458 1459
796 3 -1
1390 79 90 81 90 1424 1458 1459 1460
797 1 -1
1391 77 90 77 90 1425 1459 1460 1461
798 2 -1
1393 2 29 4 29 1427 1461 1462 1463
799 1 -1
1395 73 95 74 89 1429 1463 1464 1471
800 0 -1
1396 61 77 62 77 1430 1464 1465 1465
801 3 -1
1400 51 17 52 19 1434 1468 1469 1471
802 1 -1
1401 60 14 62 14 1435 1469 1470 1472
803 2 -1
1402 18 54 25 54 1436 1470 1471 1477
804 1 -1
1403 43 89 44 90 1437 1471 1472 1473
805 3 -1
1406 83 69 84 69 1440 1474 1475 1475
806 3 -1
1411 89 18 90 18 1445 1479 1480 1481
807 0 -1
1412 61 1 63 2 1446 1480 1481 1486
808 3 -1
1413 78 21 79 21 1447 1481 1482 1482
809 2 -1
1414 23 49 23 49 1448 1482 1483 1484
810 3 -1
1415 28 62 29 63 1449 1483 1484 1485
811 1 -1
1417 82 27 83 27 1451 1485 1486 1486
812 3 -1
1418 61 39 63 41 1452 1486 1487 1491
813 0 -1
1419 24 54 28 56 1453 1487 1488 1494
814 2 -1
1420 64 9 64 16 1454 1488 1489 1496
815 0 -1
1423 68 71 69 71 1457 1491 1492 1492
816 2 -1
1426 55 34 57 34 1460 1494 1495 1496
817 3 -1
1428 87 90 90 90 1462 1496 1497 1499
818 3 -1
1429 39 59 40 60 1463 1497 1498 1499
819 0 -1
1430 49 53 50 53 1464 1498 1499 1499
820 2 -1
1431 8 89 10 89 1465 1499 1500 1502
821 0 -1
1432 58 67 59 67 1466 1500 1501 1501
822 2 -1
1434 25 18 26 18 1468 1502 1503 1503
823 2 -1
1435 99 67 98 73 1469 1503 1504 1510
824 3 -1
1436 58 79 59 80 1470 1504 1505 1506
825 0 -1
1438 80 97 81 99 1472 1506 1507 1510
826 3 -1
1439 14 13 15 13 1473 1507 1508 1508
827 2 -1
1440 27 6 28 7 1474 1508 1509 1511
828 2 -1
1441 0 32 0 38 1475 1509 1510 1516
829 0 -1
1442 21 24 22 24 1476 1510 1511 1512
830 2 -1
1443 40 78 45 78 1477 1511 1512 1516
831 1 -1
1444 46 92 48 92 1478 1512 1513 1514
832 1 -1
1446 21 91 26 91 1480 1514 1515 1520
833 0 -1
1447 54 62 56 62 1481 1515 1516 1517
834 1 -1
1448 44 93 46 93 1482 1516 1517 1518
835 1 -1
1452 65 90 65 91 1486 1520 1521 1521
836 1 -1
1454 99 17 99 20 1488 1522 1523 1526
837 3 -1
1455 22 29 24 29 1489 1523 1524 1525
838 2 -1
1456 87 32 88 32 1490 1524 1525 1525
839 0 -1
1457 62 33 66 35 1491 1525 1526 1531
840 3 -1
1458 65 23 65 33 1492 1526 1527 1536
841 3 -1
1461 32 94 34 94 1495 1529 1530 1532
842 0 -1
1462 84 38 86 39 1496 1530 1531 1534
843 3 -1
1463 40 29 42 29 1497 1531 1532 1533
844 3 -1
1465 97 8 98 8 1499 1533 1534 1535
845 0 -1
1466 24 74 24 75 1500 1534 1535 1536
846 1 -1
1468 69 62 70 62 1502 1536 1537 1537
847 2 -1
1469 84 41 85 41 1503 1537 1538 1542
848 3 -1
1470 28 36 29 36 1504 1538 1539 1539
849 2 -1
1472 25 97 26 99 1506 1540 1541 1545
850 1 -1
1473 69 37 73 37 1507 1541 1542 1546
851 3 -1
1474 75 24 77 28 1508 1542 1543 1553
852 1 -1
1475 89 6 90 7 1509 1543 1544 1545
853 2 -1
1478 48 65 53 65 1512 1546 1547 1552
854 1 -1
1479 37 7 39 7 1513 1547 1548 1549
855 2 -1
1481 37 72 39 72 1515 1549 1550 1551
856 0 -1
1483 60 4 70 4 1517 1551 1552 1562
857 1 -1
1486 97 46 93 46 1520 1554 1555 1559
858 2 -1
1487 99 20 96 20 1521 1555 1556 1559
859 1 -1
1493 84 74 85 74 1527 1561 1562 1563
860 3 -1
1495 86 50 87 50 1529 1563 1564 1564
861 3 -1
1496 87 5 87 9 1530 1564 1565 1568
862 0 -1
1497 84 30 85 32 1531 1565 1566 1569
863 0 -1
1499 17 10 17 11 1533 1567 1568 1569
864 1 -1
1500 50 86 51 87 1534 1568 1569 1570
865 2 -1
1501 50 75 56 77 1535 1569 1570 1577
866 3 -1
1502 45 19 45 20 1536 1570 1571 1574
867 0 -1
1504 75 11 84 14 1538 1572 1573 1585
868 3 -1
1505 47 56 48 64 1539 1573 1574 1583
869 3 -1
1506 62 64 62 65 1540 1574 1575 1576
870 2 -1
1507 50 72 50 72 1541 1575 1576 1578
871 1 -1
1508 20 14 22 15 1542 1576 1577 1582
872 0 -1
1509 20 1 20 1 1543 1577 1578 1578
873 1 -1
1511 19 6 20 6 1545 1579 1580 1581
874 0 -1
1513 31 46 36 46 1547 1581 1582 1586
875 3 -1
1515 95 33 95 34 1549 1583 1584 1584
876 3 -1
1516 87 3 89 3 1550 1584 1585 1587
877 3 -1
1517 18 52 20 53 1551 1585 1586 1588
878 0 -1
1518 68 7 69 9 1552 1586 1587 1589
879 3 -1
1519 58 41 60 41 1553 1587 1588 1591
880 1 -1
1521 30 29 30 31 1555 1589 1590 1593
881 3 -1
1522 38 10 38 11 1556 1590 1591 1592
882 0 -1
1523 79 88 81 88 1557 1591 1592 1593
883 0 -1
1527 21 45 23 45 1561 1595 1596 1599
884 1 -1
1528 59 47 60 47 1562 1596 1597 1597
885 1 -1
1533 84 68 85 68 1567 1601 1602 1602
886 3 -1
1534 36 16 43 18 1568 1602 1603 1611
887 3 -1
1535 23 70 26 70 1569 1603 1604 1606
888 0 -1
1536 29 40 31 40 1570 1604 1605 1606
889 3 -1
1538 94 67 95 68 1572 1606 1607 1610
890 0 -1
1540 91 3 92 3 1574 1608 1609 1609
891 1 -1
1543 78 29 81 29 1577 1611 1612 1614
892 1 -1
1544 62 91 62 92 1578 1612 1613 1614
893 2 -1
1545 71 33 73 33 1579 1613 1614 1615
894 0 -1
1547 21 25 21 28 1581 1615 1616 1620
895 2 -1
1550 58 4 59 4 1584 1618 1619 1620
896 2 -1
1551 71 64 72 65 1585 1619 1620 1621
897 3 -1
1552 34 63 37 63 1586 1620 1621 1625
898 1 -1
1554 40 16 41 16 1588 1622 1623 1626
899 0 -1
1555 0 3 2 3 1589 1623 1624 1625
900 3 -1
1556 28 38 28 39 1590 1624 1625 1626
901 2 -1
1559 51 76 54 76 1593 1627 1628 1633
902 2 -1
1560 46 74 51 74 1594 1628 1629 1634
903 3 -1
1562 25 19 25 21 1596 1630 1631 1632
904 3 -1
1563 73 48 76 49 1597 1631 1632 1641
905 2 -1
1564 90 84 90 84 1598 1632 1633 1634
906 1 -1
1566 34 89 34 89 1600 1634 1635 1636
907 1 -1
1567 35 43 35 45 1601 1635 1636 1639
908 0 -1
1573 23 26 23 27 1607 1641 1642 1649
909 1 -1
1575 1 93 1 94 1609 1643 1644 1644
910 0 -1
1576 10 13 12 13 1610 1644 1645 1646
911 1 -1
1577 95 87 96 87 1611 1645 1646 1647
912 3 -1
1579 78 67 79 68 1613 1647 1648 1650
913 1 -1
1580 35 38 35 40 1614 1648 1649 1650
914 2 -1
1582 73 93 73 94 1616 1650 1651 1651
915 2 -1
1584 37 57 37 58 1618 1652 1653 1653
916 3 -1
1587 60 8 71 9 1621 1655 1656 1667
917 3 -1
1588 70 75 72 76 1622 1656 1657 1660
918 3 -1
1589 31 99 31 97 1623 1657 1658 1659
919 3 -1
1590 84 94 84 94 1624 1658 1659 1661
920 1 -1
1591 99 55 94 55 1625 1659 1660 1664
921 2 -1
1593 98 25 96 27 1627 1661 1662 1665
922 2 -1
1594 97 3 98 4 1628 1662 1663 1664
923 3 -1
1596 6 96 8 96 1630 1664 1665 1666
924 3 -1
1598 41 13 41 13 1632 1666 1667 1667
925 1 -1
1599 8 94 11 94 1633 1667 1668 1671
926 3 -1
1600 70 91 71 91 1634 1668 1669 1669
927 2 -1
1603 37 98 37 98 1637 1671 1672 1672
928 3 -1
1606 66 76 68 76 1640 1674 1675 1676
929 1 -1
1608 77 48 77 49 1642 1676 1677 1677
930 2 -1
1609 83 30 85 30 1643 1677 1678 1679
931 3 -1
1610 50 25 50 26 1644 1678 1679 1679
932 0 -1
1611 98 35 98 36 1645 1679 1680 1681
933 1 -1
1613 89 16 91 16 1647 1681 1682 1683
934 2 -1
1615 96 39 96 39 1649 1683 1684 1684
935 0 -1
1618 17 47 20 47 1652 1686 1687 1689
936 3 -1
1620 14 65 14 68 1654 1688 1689 1693
937 0 -1
1621 30 44 32 44 1655 1689 1690 1696
938 1 -1
1623 39 14 43 14 1657 1691 1692 1696
939 3 -1
1624 96 33 97 33 1658 1692 1693 1693
940 0 -1
1625 0 15 1 15 1659 1693 1694 1696
941 2 -1
1626 90 94 91 94 1660 1694 1695 1696
942 1 -1
1627 21 42 29 43 1661 1695 1696 1708
943 0 -1
1629 98 63 99 63 1663 1697 1698 1698
944 0 -1
1631 1 3 1 5 1665 1699 1700 1701
945 1 -1
1633 69 98 78 99 1667 1701 1702 1711
946 0 -1
1634 6 41 7 42 1668 1702 1703 1704
947 3 -1
1637 54 90 54 91 1671 1705 1706 1706
948 2 -1
1638 21 23 23 23 1672 1706 1707 1709
949 2 -1
1640 33 51 42 52 1674 1708 1709 1718
950 2 -1
1641 45 10 47 11 1675 1709 1710 1712
951 1 -1
1642 59 50 61 50 1676 1710 1711 1714
952 3 -1
1645 70 11 71 11 1679 1713 1714 1714
953 2 -1
1648 78 99 79 99 1682 1716 1717 1718
954 2 -1
1649 37 27 39 27 1683 1717 1718 1719
955 3 -1
1650 72 44 72 44 1684 1718 1719 1719
956 3 -1
1656 1 97 4 98 1690 1724 1725 1728
957 2 -1
1657 5 85 8 85 1691 1725 1726 1728
958 0 -1
1659 95 83 98 84 1693 1727 1728 1731
959 0 -1
1660 2 75 6 75 1694 1728 1729 1732
960 1 -1
1661 24 66 24 71 1695 1729 1730 1736
961 1 -1
1662 18 29 19 33 1696 1730 1731 1737
962 1 -1
1663 66 24 70 24 1697 1731 1732 1738
963 0 -1
1664 24 56 25 56 1698 1732 1733 1734
964 0 -1
1665 60 16 60 17 1699 1733 1734 1734
965 1 -1
1668 54 60 54 60 1702 1736 1737 1739
966 0 -1
1671 70 37 70 40 1705 1739 1740 1747
967 2 -1
1672 60 27 60 31 1706 1740 1741 1744
968 2 -1
1673 61 10 66 10 1707 1741 1742 1746
969 3 -1
1675 27 91 27 91 1709 1743 1744 1744
970 0 -1
1676 2 89 2 89 1710 1744 1745 1747
971 1 -1
1678 19 45 19 47 1712 1746 1747 1749
972 2 -1
1679 8 20 9 20 1713 1747 1748 1754
973 2 -1
1680 65 29 65 32 1714 1748 1749 1752
974 0 -1
1683 66 9 68 12 1717 1751 1752 1758
975 2 -1
1685 27 96 27 96 1719 1753 1754 1756
976 0 -1
1686 90 87 96 89 1720 1754 1755 1764
977 3 -1
1687 6 67 7 70 1721 1755 1756 1759
978 0 -1
1688 0 62 2 63 1722 1756 1757 1762
979 1 -1
1690 76 5 78 6 1724 1758 1759 1762
980 1 -1
1691 86 74 88 74 1725 1759 1760 1761
981 2 -1
1692 67 41 67 44 1726 1760 1761 1763
982 0 -1
1694 73 70 74 70 1728 1762 1763 1763
983 1 -1
1695 36 49 40 49 1729 1763 1764 1767
984 1 -1
1696 29 22 29 22 1730 1764 1765 1767
985 3 -1
1697 62 18 64 18 1731 1765 1766 1767
986 3 -1
1698 52 29 52 30 1732 1766 1767 1768
987 3 -1
1700 13 65 14 66 1734 1768 1769 1770
988 3 -1
1702 70 77 83 78 1736 1770 1771 1784
989 2 -1
1703 30 75 30 75 1737 1771 1772 1772
990 1 -1
1704 44 96 44 96 1738 1772 1773 1775
991 3 -1
1709 98 50 96 51 1743 1777 1778 1780
992 3 -1
1712 7 81 10 81 1746 1780 1781 1783
993 3 -1
1714 26 43 30 43 1748 1782 1783 1786
994 2 -1
1717 34 59 37 59 1751 1785 1786 1789
995 3 -1
1718 87 3 88 4 1752 1786 1787 1788
996 0 -1
1720 25 73 28 76 1754 1788 1789 1794
997 3 -1
1722 56 98 56 99 1756 1790 1791 1791
998 1 -1
1723 69 8 70 8 1757 1791 1792 1793
999 1 -1
1725 70 94 72 94 1759 1793 1794 1795
1000 1 -1
1726 61 95 63 96 1760 1794 1795 1797
