100 100 2591
1
0 21 94
54
0 0 0 100 6
0
1 0 0 100 6
0
2 0 0 100 6
0
3 0 0 100 6
0
4 0 0 100 6
0
5 0 0 100 6
0
6 0 0 100 6
0
7 0 0 100 6
0
8 0 0 100 6
0
9 0 0 100 6
0
10 0 0 100 6
0
11 0 0 100 6
0
12 0 0 100 6
0
13 0 0 100 6
0
14 0 0 100 6
0
15 0 0 100 6
0
16 0 0 100 6
0
17 0 0 100 6
0
18 0 -1 100 6
0
19 0 -1 100 6
0
20 0 -1 100 6
0
21 0 -1 100 6
0
22 0 -1 100 6
0
23 0 -1 100 6
0
24 0 -1 100 6
0
25 0 -1 100 6
0
26 0 -1 100 6
0
27 0 -1 100 6
0
28 0 -1 100 6
0
29 0 -1 100 6
0
30 0 -1 100 6
0
31 0 -1 100 6
0
32 0 -1 100 6
0
33 0 -1 100 6
0
34 0 -1 100 6
0
35 0 -1 100 6
0
36 0 -1 100 6
0
37 0 -1 100 6
0
38 0 -1 100 6
0
39 0 -1 100 6
0
40 0 -1 100 6
0
41 0 -1 100 6
0
42 0 -1 100 6
0
43 0 -1 100 6
0
44 0 -1 100 6
0
45 0 -1 100 6
0
46 0 -1 100 6
0
47 0 -1 100 6
0
48 0 -1 100 6
0
49 0 -1 100 6
0
50 0 -1 100 6
0
51 0 -1 100 6
0
52 0 -1 100 6
0
53 0 -1 100 6
0
1000
1 0 -1
2 80 90 83 90 433 864 865 867
2 0 -1
5 40 25 40 25 436 867 868 872
3 0 -1
7 20 85 24 85 438 869 870 873
4 0 -1
8 61 94 70 94 439 870 871 879
5 0 -1
9 20 88 26 88 440 871 872 877
6 0 -1
10 12 17 15 18 441 872 873 876
7 0 -1
11 75 58 77 59 442 873 874 879
8 0 -1
12 77 97 79 97 443 874 875 876
9 0 -1
13 32 55 32 57 444 875 876 877
10 0 -1
14 46 34 47 36 445 876 877 879
11 0 -1
15 0 83 2 83 446 877 878 883
12 0 -1
17 23 87 26 88 448 879 880 883
13 0 -1
18 51 72 55 74 449 880 881 886
14 0 -1
19 25 63 26 63 450 881 882 882
15 0 -1
20 68 73 68 74 451 882 883 884
16 0 -1
21 34 49 35 50 452 883 884 885
17 0 -1
22 21 68 22 69 453 884 885 888
18 0 -1
24 86 48 87 49 455 886 887 888
19 0 -1
29 87 31 92 31 460 891 892 897
20 0 -1
30 54 87 55 87 461 892 893 894
21 0 -1
31 33 85 33 86 462 893 894 895
22 0 -1
33 99 89 93 89 464 895 896 901
23 0 -1
35 66 60 66 61 466 897 898 898
24 0 -1
36 24 62 26 62 467 898 899 900
25 0 -1
39 34 2 35 2 470 901 902 902
26 0 -1
40 11 42 11 42 471 902 903 903
27 0 -1
41 47 45 47 47 472 903 904 905
28 0 -1
42 8 99 9 99 473 904 905 905
29 0 -1
43 81 29 81 30 474 905 906 906
30 0 -1
45 51 38 53 38 476 907 908 909
31 0 -1
49 88 40 91 40 480 911 912 914
32 0 -1
52 40 61 47 61 483 914 915 921
33 0 -1
53 28 8 33 8 484 915 916 920
34 0 -1
54 82 8 82 9 485 916 917 917
35 0 -1
56 33 39 50 39 487 918 919 935
36 0 -1
57 36 17 37 18 488 919 920 921
37 0 -1
59 5 33 6 33 490 921 922 922
38 0 -1
61 95 98 95 99 492 923 924 925
39 0 -1
62 96 64 99 64 493 924 925 932
40 0 -1
64 56 68 66 74 495 926 927 945
41 0 -1
69 96 23 98 23 500 931 932 933
42 0 -1
71 87 58 91 61 502 933 934 941
43 0 -1
73 31 57 33 59 504 935 936 940
44 0 -1
76 81 12 83 13 507 938 939 941
45 0 -1
78 19 93 20 94 509 940 941 942
46 0 -1
80 85 36 88 36 511 942 943 945
47 0 -1
81 45 70 47 70 512 943 944 945
48 0 -1
82 26 47 29 50 513 944 945 950
49 0 -1
83 52 91 54 91 514 945 946 950
50 0 -1
84 15 86 15 86 515 946 947 947
51 0 -1
86 58 42 65 42 517 948 949 958
52 0 -1
87 44 48 44 49 518 949 950 950
53 0 -1
90 90 88 90 89 521 952 953 953
54 0 -1
91 76 22 76 23 522 953 954 957
55 0 -1
92 70 32 71 32 523 954 955 955
56 0 -1
93 28 76 28 78 524 955 956 958
57 0 -1
94 77 22 80 25 525 956 957 962
58 0 -1
96 1 50 2 51 527 958 959 960
59 0 -1
103 70 96 70 99 534 965 966 968
60 0 -1
105 39 61 39 62 536 967 968 969
61 0 -1
106 36 22 41 26 537 968 969 978
62 0 -1
107 7 31 8 33 538 969 970 972
63 0 -1
108 25 17 29 18 539 970 971 978
64 0 -1
110 78 20 79 24 541 972 973 980
65 0 -1
111 15 52 16 52 542 973 974 974
66 0 -1
114 6 92 9 93 545 976 977 982
67 0 -1
115 71 26 73 28 546 977 978 982
68 0 -1
116 69 45 73 48 547 978 979 990
69 0 -1
119 54 78 56 78 550 981 982 984
70 0 -1
120 31 65 32 65 551 982 983 983
71 0 -1
122 93 90 93 91 553 984 985 988
72 0 -1
123 23 87 23 90 554 985 986 988
73 0 -1
124 49 75 49 79 555 986 987 990
74 0 -1
127 42 73 42 74 558 989 990 990
75 0 -1
128 35 89 53 89 559 990 991 1009
76 0 -1
130 33 27 34 27 561 992 993 993
77 0 -1
132 2 86 8 91 563 994 995 1009
78 0 -1
134 9 5 9 6 565 996 997 997
79 0 -1
135 12 93 17 95 566 997 998 1008
80 0 -1
136 35 56 35 58 567 998 999 1000
81 0 -1
139 51 90 51 91 570 1001 1002 1002
82 0 -1
140 0 53 2 53 571 1002 1003 1006
83 0 -1
141 14 8 17 8 572 1003 1004 1008
84 0 -1
144 74 76 74 76 575 1006 1007 1011
85 0 -1
145 43 61 44 61 576 1007 1008 1009
86 0 -1
146 96 69 97 69 577 1008 1009 1009
87 0 -1
147 32 68 33 68 578 1009 1010 1010
88 0 -1
148 60 39 61 39 579 1010 1011 1011
89 0 -1
149 40 70 42 70 580 1011 1012 1013
90 0 -1
150 85 64 85 67 581 1012 1013 1018
91 0 -1
153 51 2 52 2 584 1015 1016 1016
92 0 -1
154 45 11 48 11 585 1016 1017 1020
93 0 -1
155 3 9 3 12 586 1017 1018 1021
94 0 -1
156 34 21 36 24 587 1018 1019 1023
95 0 -1
157 75 79 77 80 588 1019 1020 1024
96 0 -1
160 69 48 71 48 591 1022 1023 1028
97 0 -1
162 21 15 22 15 593 1024 1025 1025
98 0 -1
163 68 4 69 4 594 1025 1026 1026
99 0 -1
166 41 14 41 14 597 1028 1029 1030
100 0 -1
167 95 82 95 82 598 1029 1030 1034
101 0 -1
168 63 26 63 28 599 1030 1031 1032
102 0 -1
169 83 29 83 30 600 1031 1032 1036
103 0 -1
170 6 27 11 27 601 1032 1033 1037
104 0 -1
172 10 58 10 59 603 1034 1035 1039
105 0 -1
173 27 32 30 33 604 1035 1036 1040
106 0 -1
174 87 68 87 69 605 1036 1037 1038
107 0 -1
179 63 48 63 48 610 1041 1042 1042
108 0 -1
183 5 40 5 40 614 1045 1046 1050
109 0 -1
184 1 92 1 94 615 1046 1047 1048
110 0 -1
185 19 69 19 71 616 1047 1048 1049
111 0 -1
186 58 38 67 38 617 1048 1049 1057
112 0 -1
187 35 40 39 41 618 1049 1050 1055
113 0 -1
189 7 1 9 1 620 1051 1052 1056
114 0 -1
190 51 83 54 84 621 1052 1053 1057
115 0 -1
193 73 58 74 58 624 1055 1056 1056
116 0 -1
196 88 55 89 56 627 1058 1059 1060
117 0 -1
197 51 39 52 39 628 1059 1060 1060
118 0 -1
198 62 99 65 86 629 1060 1061 1078
119 0 -1
199 55 65 55 66 630 1061 1062 1062
120 0 -1
200 47 6 47 6 631 1062 1063 1064
121 0 -1
201 99 31 98 31 632 1063 1064 1064
122 0 -1
204 10 71 11 71 635 1066 1067 1067
123 0 -1
208 26 28 27 28 639 1070 1071 1071
124 0 -1
209 36 82 36 82 640 1071 1072 1072
125 0 -1
211 25 57 26 58 642 1073 1074 1076
126 0 -1
212 46 88 46 90 643 1074 1075 1076
127 0 -1
213 57 96 65 96 644 1075 1076 1083
128 0 -1
214 88 69 89 73 645 1076 1077 1081
129 0 -1
218 48 86 55 86 649 1080 1081 1087
130 0 -1
219 34 26 35 27 650 1081 1082 1083
131 0 -1
224 33 39 36 39 655 1086 1087 1089
132 0 -1
225 70 39 70 39 656 1087 1088 1089
133 0 -1
229 48 22 49 25 660 1091 1092 1097
134 0 -1
230 68 65 69 65 661 1092 1093 1093
135 0 -1
231 25 48 25 49 662 1093 1094 1096
136 0 -1
236 9 5 11 5 667 1098 1099 1100
137 0 -1
237 56 7 56 7 668 1099 1100 1101
138 0 -1
240 73 76 81 77 671 1102 1103 1113
139 0 -1
242 51 30 52 30 673 1104 1105 1106
140 0 -1
244 73 2 74 5 675 1106 1107 1111
141 0 -1
245 6 92 9 92 676 1107 1108 1113
142 0 -1
246 39 68 39 71 677 1108 1109 1111
143 0 -1
247 14 19 16 19 678 1109 1110 1112
144 0 -1
248 11 19 12 21 679 1110 1111 1113
145 0 -1
250 25 69 25 70 681 1112 1113 1114
146 0 -1
251 95 53 96 55 682 1113 1114 1116
147 0 -1
253 26 85 26 86 684 1115 1116 1116
148 0 -1
255 51 85 51 85 686 1117 1118 1119
149 0 -1
256 41 52 44 52 687 1118 1119 1122
150 0 -1
257 31 19 33 21 688 1119 1120 1123
151 0 -1
258 57 17 58 17 689 1120 1121 1121
152 0 -1
260 64 86 65 87 691 1122 1123 1124
153 0 -1
261 58 48 70 48 692 1123 1124 1135
154 0 -1
266 48 59 51 59 697 1128 1129 1132
155 0 -1
267 8 23 9 25 698 1129 1130 1132
156 0 -1
268 87 61 89 61 699 1130 1131 1132
157 0 -1
269 38 2 39 2 700 1131 1132 1132
158 0 -1
271 71 44 74 47 702 1133 1134 1139
159 0 -1
272 11 80 11 80 703 1134 1135 1135
160 0 -1
274 2 18 9 24 705 1136 1137 1149
161 0 -1
277 35 53 36 54 708 1139 1140 1141
162 0 -1
278 82 20 86 21 709 1140 1141 1146
163 0 -1
279 65 42 69 42 710 1141 1142 1145
164 0 -1
280 48 46 48 47 711 1142 1143 1145
165 0 -1
283 66 60 66 60 714 1145 1146 1146
166 0 -1
285 88 75 91 75 716 1147 1148 1150
167 0 -1
286 31 60 32 62 717 1148 1149 1151
168 0 -1
289 21 81 23 82 720 1151 1152 1154
169 0 -1
293 60 23 63 23 724 1155 1156 1159
170 0 -1
294 52 72 53 73 725 1156 1157 1160
171 0 -1
295 44 99 46 99 726 1157 1158 1159
172 0 -1
296 44 13 48 13 727 1158 1159 1162
173 0 -1
303 59 86 68 86 734 1165 1166 1174
174 0 -1
305 23 39 24 40 736 1167 1168 1172
175 0 -1
306 3 64 3 65 737 1168 1169 1169
176 0 -1
307 71 13 73 13 738 1169 1170 1171
177 0 -1
310 9 50 13 50 741 1172 1173 1176
178 0 -1
311 96 5 92 5 742 1173 1174 1177
179 0 -1
312 94 58 98 58 743 1174 1175 1183
180 0 -1
313 5 19 6 19 744 1175 1176 1176
181 0 -1
315 1 86 2 87 746 1177 1178 1179
182 0 -1
320 72 36 85 37 751 1182 1183 1198
183 0 -1
321 63 8 66 8 752 1183 1184 1186
184 0 -1
323 49 41 58 44 754 1185 1186 1198
185 0 -1
325 81 52 81 52 756 1187 1188 1195
186 0 -1
326 43 59 43 60 757 1188 1189 1189
187 0 -1
327 66 48 68 49 758 1189 1190 1192
188 0 -1
328 83 50 87 51 759 1190 1191 1195
189 0 -1
329 79 87 81 88 760 1191 1192 1194
190 0 -1
330 28 30 32 30 761 1192 1193 1197
191 0 -1
337 42 69 50 70 768 1199 1200 1212
192 0 -1
340 81 90 83 90 771 1202 1203 1205
193 0 -1
342 60 67 61 67 773 1204 1205 1205
194 0 -1
343 13 17 13 17 774 1205 1206 1208
195 0 -1
345 5 56 6 58 776 1207 1208 1219
196 0 -1
349 1 82 2 82 780 1211 1212 1212
197 0 -1
351 5 2 6 2 782 1213 1214 1214
198 0 -1
354 33 77 37 78 785 1216 1217 1222
199 0 -1
356 53 7 54 7 787 1218 1219 1219
200 0 -1
357 41 21 41 21 788 1219 1220 1223
201 0 -1
358 21 29 25 30 789 1220 1221 1227
202 0 -1
359 24 56 26 57 790 1221 1222 1224
203 0 -1
360 26 43 26 45 791 1222 1223 1224
204 0 -1
361 49 37 53 37 792 1223 1224 1229
205 0 -1
363 49 61 50 61 794 1225 1226 1226
206 0 -1
364 48 73 48 74 795 1226 1227 1227
207 0 -1
365 9 80 10 81 796 1227 1228 1229
208 0 -1
367 66 64 72 64 798 1229 1230 1235
209 0 -1
371 72 28 72 28 802 1233 1234 1234
210 0 -1
372 67 82 73 84 803 1234 1235 1242
211 0 -1
373 67 73 70 73 804 1235 1236 1238
212 0 -1
374 71 50 71 51 805 1236 1237 1237
213 0 -1
375 99 68 99 69 806 1237 1238 1238
214 0 -1
377 61 90 61 90 808 1239 1240 1240
215 0 -1
379 17 72 17 73 810 1241 1242 1242
216 0 -1
380 49 74 50 74 811 1242 1243 1243
217 0 -1
381 14 24 17 26 812 1243 1244 1248
218 0 -1
382 96 24 97 25 813 1244 1245 1246
219 0 -1
383 45 28 46 28 814 1245 1246 1246
220 0 -1
388 65 21 66 21 819 1250 1251 1251
221 0 -1
391 75 58 76 59 822 1253 1254 1255
222 0 -1
392 58 11 60 11 823 1254 1255 1256
223 0 -1
394 11 37 13 38 825 1256 1257 1259
224 0 -1
396 53 77 53 81 827 1258 1259 1263
225 0 -1
397 82 75 82 76 828 1259 1260 1260
226 0 -1
400 75 92 77 92 831 1262 1263 1264
227 0 -1
401 8 60 8 61 832 1263 1264 1265
228 0 -1
403 43 54 47 55 834 1265 1266 1270
229 0 -1
404 90 95 92 95 835 1266 1267 1268
230 0 -1
407 12 49 13 49 838 1269 1270 1270
231 0 -1
408 51 24 54 24 839 1270 1271 1273
232 0 -1
411 92 59 93 60 842 1273 1274 1275
233 0 -1
412 36 22 37 22 843 1274 1275 1275
234 0 -1
414 9 14 10 14 845 1276 1277 1277
235 0 -1
418 80 78 81 78 849 1280 1281 1281
236 0 -1
420 64 16 65 16 851 1282 1283 1283
237 0 -1
421 59 3 59 3 852 1283 1284 1285
238 0 -1
423 1 3 2 3 854 1285 1286 1286
239 0 -1
426 77 1 80 2 857 1288 1289 1293
240 0 -1
428 57 69 57 71 859 1290 1291 1292
241 0 -1
433 22 77 24 77 864 1295 1296 1297
242 0 -1
437 61 32 62 32 868 1299 1300 1300
243 0 -1
439 0 58 0 60 870 1301 1302 1303
244 0 -1
441 39 73 42 76 872 1303 1304 1311
245 0 -1
446 23 48 26 49 877 1308 1309 1312
246 0 -1
448 96 23 99 23 879 1310 1311 1313
247 0 -1
450 4 59 12 59 881 1312 1313 1320
248 0 -1
452 96 27 97 27 883 1314 1315 1317
249 0 -1
455 13 27 15 28 886 1317 1318 1320
250 0 -1
460 86 6 87 10 891 1322 1323 1328
251 0 -1
461 4 41 6 41 892 1323 1324 1325
252 0 -1
462 84 15 85 16 893 1324 1325 1327
253 0 -1
464 87 20 89 20 895 1326 1327 1328
254 0 -1
469 54 10 54 10 900 1331 1332 1333
255 0 -1
471 19 23 21 27 902 1333 1334 1344
256 0 -1
475 58 49 58 50 906 1337 1338 1339
257 0 -1
478 12 72 12 76 909 1340 1341 1344
258 0 -1
479 66 17 66 17 910 1341 1342 1343
259 0 -1
480 34 94 34 97 911 1342 1343 1350
260 0 -1
481 29 18 31 18 912 1343 1344 1349
261 0 -1
482 12 32 12 32 913 1344 1345 1345
262 0 -1
484 16 20 19 21 915 1346 1347 1350
263 0 -1
486 79 32 81 33 917 1348 1349 1351
264 0 -1
488 38 39 41 39 919 1350 1351 1353
265 0 -1
489 38 68 51 68 920 1351 1352 1364
266 0 -1
491 33 32 33 32 922 1353 1354 1355
267 0 -1
493 36 95 37 95 924 1355 1356 1356
268 0 -1
496 14 52 15 52 927 1358 1359 1359
269 0 -1
501 97 49 99 49 932 1363 1364 1365
270 0 -1
502 63 14 67 14 933 1364 1365 1368
271 0 -1
505 73 22 73 24 936 1367 1368 1369
272 0 -1
506 28 8 28 12 937 1368 1369 1373
273 0 -1
507 26 15 30 15 938 1369 1370 1373
274 0 -1
509 47 27 48 27 940 1371 1372 1372
275 0 -1
511 97 92 99 92 942 1373 1374 1375
276 0 -1
512 7 96 8 96 943 1374 1375 1375
277 0 -1
515 5 3 8 3 946 1377 1378 1380
278 0 -1
516 26 38 32 41 947 1378 1379 1391
279 0 -1
517 16 98 16 94 948 1379 1380 1383
280 0 -1
518 58 48 58 49 949 1380 1381 1382
281 0 -1
520 75 14 76 14 951 1382 1383 1383
282 0 -1
522 36 31 37 39 953 1384 1385 1393
283 0 -1
523 36 22 36 23 954 1385 1386 1386
284 0 -1
525 34 57 36 57 956 1387 1388 1389
285 0 -1
526 52 72 53 72 957 1388 1389 1390
286 0 -1
528 95 16 95 16 959 1390 1391 1395
287 0 -1
530 35 83 37 84 961 1392 1393 1396
288 0 -1
533 35 43 35 45 964 1395 1396 1397
289 0 -1
535 7 34 8 36 966 1397 1398 1400
290 0 -1
536 70 56 72 56 967 1398 1399 1400
291 0 -1
537 19 80 20 80 968 1399 1400 1400
292 0 -1
538 80 43 81 43 969 1400 1401 1403
293 0 -1
540 35 44 39 44 971 1402 1403 1406
294 0 -1
541 17 86 19 86 972 1403 1404 1406
295 0 -1
542 36 90 41 92 973 1404 1405 1412
296 0 -1
543 86 95 87 95 974 1405 1406 1407
297 0 -1
546 59 63 61 63 977 1408 1409 1410
298 0 -1
547 18 9 19 10 978 1409 1410 1411
299 0 -1
550 24 86 24 86 981 1412 1413 1413
300 0 -1
552 62 33 63 33 983 1414 1415 1417
301 0 -1
553 59 80 60 80 984 1415 1416 1417
302 0 -1
555 97 43 92 43 986 1417 1418 1422
303 0 -1
556 95 4 97 4 987 1418 1419 1420
304 0 -1
558 26 29 26 29 989 1420 1421 1421
305 0 -1
559 60 73 60 76 990 1421 1422 1426
306 0 -1
560 76 0 77 1 991 1422 1423 1424
307 0 -1
562 20 22 20 22 993 1424 1425 1425
308 0 -1
565 87 68 88 69 996 1427 1428 1431
309 0 -1
566 19 41 22 42 997 1428 1429 1432
310 0 -1
567 14 9 14 10 998 1429 1430 1430
311 0 -1
570 76 64 78 65 1001 1432 1433 1436
312 0 -1
572 93 34 95 34 1003 1434 1435 1437
313 0 -1
573 45 81 46 81 1004 1435 1436 1438
314 0 -1
575 13 88 14 88 1006 1437 1438 1439
315 0 -1
577 63 51 64 51 1008 1439 1440 1440
316 0 -1
578 2 35 2 37 1009 1440 1441 1442
317 0 -1
579 67 38 68 38 1010 1441 1442 1446
318 0 -1
580 92 81 93 81 1011 1442 1443 1443
319 0 -1
585 47 73 49 73 1016 1447 1448 1450
320 0 -1
588 69 70 69 75 1019 1450 1451 1455
321 0 -1
589 91 49 94 59 1020 1451 1452 1466
322 0 -1
592 86 2 87 2 1023 1454 1455 1455
323 0 -1
594 64 12 66 12 1025 1456 1457 1458
324 0 -1
595 26 17 34 21 1026 1457 1458 1472
325 0 -1
596 41 71 44 72 1027 1458 1459 1462
326 0 -1
597 58 10 58 14 1028 1459 1460 1467
327 0 -1
599 31 74 31 80 1030 1461 1462 1469
328 0 -1
600 78 59 79 59 1031 1462 1463 1465
329 0 -1
601 51 10 51 11 1032 1463 1464 1465
330 0 -1
603 7 11 8 12 1034 1465 1466 1467
331 0 -1
608 68 88 71 88 1039 1470 1471 1473
332 0 -1
609 64 64 64 65 1040 1471 1472 1472
333 0 -1
610 81 35 85 35 1041 1472 1473 1477
334 0 -1
611 4 91 4 91 1042 1473 1474 1477
335 0 -1
613 27 41 32 42 1044 1475 1476 1483
336 0 -1
614 51 53 52 53 1045 1476 1477 1482
337 0 -1
615 15 37 16 37 1046 1477 1478 1478
338 0 -1
616 35 22 35 22 1047 1478 1479 1480
339 0 -1
619 85 24 86 28 1050 1481 1482 1486
340 0 -1
620 22 5 23 5 1051 1482 1483 1484
341 0 -1
621 54 52 59 52 1052 1483 1484 1488
342 0 -1
622 28 80 28 82 1053 1484 1485 1487
343 0 -1
623 61 90 62 91 1054 1485 1486 1487
344 0 -1
624 19 15 20 15 1055 1486 1487 1487
345 0 -1
625 97 90 99 90 1056 1487 1488 1489
346 0 -1
628 57 87 57 87 1059 1490 1491 1491
347 0 -1
629 71 25 75 25 1060 1491 1492 1496
348 0 -1
630 46 68 47 68 1061 1492 1493 1493
349 0 -1
634 6 10 7 10 1065 1496 1497 1497
350 0 -1
635 32 30 32 31 1066 1497 1498 1499
351 0 -1
636 27 36 27 37 1067 1498 1499 1500
352 0 -1
637 6 33 8 33 1068 1499 1500 1501
353 0 -1
639 73 76 73 76 1070 1501 1502 1502
354 0 -1
640 95 13 96 13 1071 1502 1503 1504
355 0 -1
641 12 19 14 19 1072 1503 1504 1505
356 0 -1
643 56 49 57 52 1074 1505 1506 1511
357 0 -1
645 48 80 49 81 1076 1507 1508 1509
358 0 -1
646 89 50 91 50 1077 1508 1509 1510
359 0 -1
648 85 25 85 25 1079 1510 1511 1511
360 0 -1
649 19 66 24 67 1080 1511 1512 1521
361 0 -1
650 75 86 75 87 1081 1512 1513 1513
362 0 -1
651 58 80 59 80 1082 1513 1514 1517
363 0 -1
652 18 93 23 99 1083 1514 1515 1529
364 0 -1
653 9 85 9 86 1084 1515 1516 1516
365 0 -1
656 77 78 78 78 1087 1518 1519 1519
366 0 -1
662 46 46 46 48 1093 1524 1525 1526
367 0 -1
663 56 52 63 52 1094 1525 1526 1533
368 0 -1
664 64 85 66 85 1095 1526 1527 1528
369 0 -1
665 8 44 9 44 1096 1527 1528 1528
370 0 -1
666 69 25 71 25 1097 1528 1529 1530
371 0 -1
667 75 33 77 33 1098 1529 1530 1532
372 0 -1
669 59 28 60 28 1100 1531 1532 1532
373 0 -1
672 52 24 53 26 1103 1534 1535 1538
374 0 -1
673 24 49 25 49 1104 1535 1536 1537
375 0 -1
674 27 42 28 42 1105 1536 1537 1540
376 0 -1
675 92 83 95 85 1106 1537 1538 1542
377 0 -1
678 84 91 88 91 1109 1540 1541 1544
378 0 -1
679 26 34 28 34 1110 1541 1542 1544
379 0 -1
680 32 70 32 71 1111 1542 1543 1548
380 0 -1
681 51 3 52 4 1112 1543 1544 1545
381 0 -1
682 18 54 19 55 1113 1544 1545 1546
382 0 -1
684 57 29 57 30 1115 1546 1547 1548
383 0 -1
685 44 1 46 3 1116 1547 1548 1552
384 0 -1
687 58 11 62 12 1118 1549 1550 1554
385 0 -1
688 41 51 43 51 1119 1550 1551 1552
386 0 -1
689 49 42 51 42 1120 1551 1552 1553
387 0 -1
690 72 86 72 88 1121 1552 1553 1554
388 0 -1
691 70 3 70 3 1122 1553 1554 1555
389 0 -1
692 81 89 81 91 1123 1554 1555 1556
390 0 -1
694 16 96 16 99 1125 1556 1557 1559
391 0 -1
696 98 43 98 43 1127 1558 1559 1560
392 0 -1
698 38 13 41 15 1129 1560 1561 1565
393 0 -1
700 54 97 54 98 1131 1562 1563 1563
394 0 -1
701 57 11 57 12 1132 1563 1564 1564
395 0 -1
702 15 92 17 93 1133 1564 1565 1571
396 0 -1
703 83 81 85 81 1134 1565 1566 1567
397 0 -1
704 36 79 37 79 1135 1566 1567 1568
398 0 -1
705 11 34 13 36 1136 1567 1568 1571
399 0 -1
706 37 3 38 4 1137 1568 1569 1570
400 0 -1
707 42 46 45 47 1138 1569 1570 1573
401 0 -1
708 20 0 22 5 1139 1570 1571 1577
402 0 -1
710 54 10 56 11 1141 1572 1573 1575
403 0 -1
712 93 43 94 43 1143 1574 1575 1575
404 0 -1
714 44 29 45 29 1145 1576 1577 1577
405 0 -1
716 25 67 25 68 1147 1578 1579 1579
406 0 -1
718 77 75 79 79 1149 1580 1581 1588
407 0 -1
719 44 26 44 26 1150 1581 1582 1582
408 0 -1
720 32 33 34 33 1151 1582 1583 1584
409 0 -1
722 44 87 44 87 1153 1584 1585 1586
410 0 -1
724 45 55 47 55 1155 1586 1587 1588
411 0 -1
725 24 20 24 24 1156 1587 1588 1598
412 0 -1
726 78 72 79 73 1157 1588 1589 1592
413 0 -1
727 71 38 74 38 1158 1589 1590 1592
414 0 -1
728 39 92 40 95 1159 1590 1591 1595
415 0 -1
729 87 43 87 43 1160 1591 1592 1592
416 0 -1
731 58 18 59 18 1162 1593 1594 1594
417 0 -1
733 44 55 45 55 1164 1595 1596 1597
418 0 -1
734 66 33 68 33 1165 1596 1597 1598
419 0 -1
735 88 74 89 74 1166 1597 1598 1600
420 0 -1
736 43 53 45 53 1167 1598 1599 1600
421 0 -1
737 5 42 5 45 1168 1599 1600 1602
422 0 -1
742 99 87 98 87 1173 1604 1605 1609
423 0 -1
744 26 79 26 79 1175 1606 1607 1608
424 0 -1
745 97 67 92 67 1176 1607 1608 1612
425 0 -1
748 32 82 34 82 1179 1610 1611 1612
426 0 -1
750 23 89 23 89 1181 1612 1613 1613
427 0 -1
751 64 24 65 24 1182 1613 1614 1614
428 0 -1
752 17 40 20 40 1183 1614 1615 1617
429 0 -1
753 49 73 50 73 1184 1615 1616 1616
430 0 -1
754 48 56 49 59 1185 1616 1617 1622
431 0 -1
755 15 81 15 82 1186 1617 1618 1619
432 0 -1
757 7 83 7 84 1188 1619 1620 1621
433 0 -1
758 2 71 10 71 1189 1620 1621 1628
434 0 -1
759 9 24 11 24 1190 1621 1622 1623
435 0 -1
760 85 58 85 59 1191 1622 1623 1623
436 0 -1
766 40 89 40 91 1197 1628 1629 1630
437 0 -1
767 77 55 77 56 1198 1629 1630 1631
438 0 -1
768 68 16 68 16 1199 1630 1631 1633
439 0 -1
771 81 80 81 81 1202 1633 1634 1634
440 0 -1
772 98 47 98 48 1203 1634 1635 1636
441 0 -1
773 19 83 20 83 1204 1635 1636 1638
442 0 -1
775 35 79 35 83 1206 1637 1638 1642
443 0 -1
777 1 81 3 81 1208 1639 1640 1641
444 0 -1
778 81 56 82 57 1209 1640 1641 1642
445 0 -1
779 38 19 40 19 1210 1641 1642 1644
446 0 -1
781 90 88 90 88 1212 1643 1644 1644
447 0 -1
782 77 96 79 98 1213 1644 1645 1648
448 0 -1
784 69 90 71 90 1215 1646 1647 1648
449 0 -1
787 63 67 63 67 1218 1649 1650 1651
450 0 -1
788 13 42 14 42 1219 1650 1651 1651
451 0 -1
789 64 67 65 69 1220 1651 1652 1655
452 0 -1
790 66 84 67 85 1221 1652 1653 1654
453 0 -1
791 23 85 24 87 1222 1653 1654 1658
454 0 -1
793 61 17 62 18 1224 1655 1656 1658
455 0 -1
794 79 4 80 4 1225 1656 1657 1660
456 0 -1
795 58 47 59 47 1226 1657 1658 1659
457 0 -1
796 36 58 36 59 1227 1658 1659 1662
458 0 -1
797 93 10 93 11 1228 1659 1660 1660
459 0 -1
798 29 85 30 86 1229 1660 1661 1663
460 0 -1
799 83 7 83 8 1230 1661 1662 1663
461 0 -1
800 98 47 94 48 1231 1662 1663 1667
462 0 -1
802 82 57 83 58 1233 1664 1665 1668
463 0 -1
803 18 37 18 37 1234 1665 1666 1667
464 0 -1
805 90 82 95 82 1236 1667 1668 1672
465 0 -1
806 2 62 5 63 1237 1668 1669 1677
466 0 -1
807 75 81 76 82 1238 1669 1670 1671
467 0 -1
810 34 11 35 11 1241 1672 1673 1673
468 0 -1
813 20 67 21 67 1244 1675 1676 1676
469 0 -1
818 91 51 92 52 1249 1680 1681 1682
470 0 -1
820 98 49 99 49 1251 1682 1683 1685
471 0 -1
824 35 10 37 10 1255 1686 1687 1688
472 0 -1
825 25 86 28 86 1256 1687 1688 1690
473 0 -1
827 88 22 89 22 1258 1689 1690 1690
474 0 -1
828 99 69 93 73 1259 1690 1691 1700
475 0 -1
830 41 31 44 31 1261 1692 1693 1695
476 0 -1
831 9 95 9 95 1262 1693 1694 1694
477 0 -1
833 28 55 29 56 1264 1695 1696 1697
478 0 -1
834 91 45 91 45 1265 1696 1697 1698
479 0 -1
835 50 17 51 19 1266 1697 1698 1707
480 0 -1
839 10 94 10 94 1270 1701 1702 1703
481 0 -1
841 41 72 45 72 1272 1703 1704 1707
482 0 -1
842 33 72 34 73 1273 1704 1705 1706
483 0 -1
844 35 83 38 84 1275 1706 1707 1711
484 0 -1
845 39 60 40 61 1276 1707 1708 1709
485 0 -1
846 58 23 63 24 1277 1708 1709 1714
486 0 -1
847 73 95 73 95 1278 1709 1710 1710
487 0 -1
850 75 12 78 12 1281 1712 1713 1715
488 0 -1
851 75 81 76 83 1282 1713 1714 1717
489 0 -1
854 76 15 76 16 1285 1716 1717 1717
490 0 -1
856 20 86 20 87 1287 1718 1719 1721
491 0 -1
859 58 77 59 77 1290 1721 1722 1726
492 0 -1
860 22 23 22 23 1291 1722 1723 1723
493 0 -1
861 47 22 49 22 1292 1723 1724 1725
494 0 -1
864 1 70 2 72 1295 1726 1727 1729
495 0 -1
867 85 95 86 95 1298 1729 1730 1730
496 0 -1
868 35 6 36 6 1299 1730 1731 1732
497 0 -1
871 58 14 68 18 1302 1733 1734 1749
498 0 -1
873 77 49 77 50 1304 1735 1736 1737
499 0 -1
874 34 19 35 22 1305 1736 1737 1741
500 0 -1
875 47 16 48 17 1306 1737 1738 1740
501 0 -1
877 26 63 28 63 1308 1739 1740 1742
502 0 -1
878 52 67 52 68 1309 1740 1741 1742
503 0 -1
879 59 93 60 94 1310 1741 1742 1743
504 0 -1
880 96 6 97 7 1311 1742 1743 1746
505 0 -1
881 46 74 48 76 1312 1743 1744 1749
506 0 -1
882 35 63 36 63 1313 1744 1745 1746
507 0 -1
885 20 21 21 21 1316 1747 1748 1748
508 0 -1
887 32 30 33 32 1318 1749 1750 1752
509 0 -1
889 28 17 31 17 1320 1751 1752 1754
510 0 -1
891 87 43 88 44 1322 1753 1754 1755
511 0 -1
893 22 73 24 73 1324 1755 1756 1757
512 0 -1
894 89 16 91 17 1325 1756 1757 1759
513 0 -1
895 48 3 48 5 1326 1757 1758 1760
514 0 -1
896 32 60 32 61 1327 1758 1759 1760
515 0 -1
897 26 10 26 11 1328 1759 1760 1760
516 0 -1
898 29 73 31 73 1329 1760 1761 1762
517 0 -1
899 98 57 99 57 1330 1761 1762 1763
518 0 -1
900 9 2 10 3 1331 1762 1763 1768
519 0 -1
901 55 53 55 54 1332 1763 1764 1765
520 0 -1
902 41 4 41 5 1333 1764 1765 1765
521 0 -1
905 42 28 43 28 1336 1767 1768 1768
522 0 -1
910 72 48 72 49 1341 1772 1773 1773
523 0 -1
912 40 30 49 31 1343 1774 1775 1784
524 0 -1
914 65 22 65 23 1345 1776 1777 1783
525 0 -1
917 26 78 29 78 1348 1779 1780 1783
526 0 -1
919 62 65 64 65 1350 1781 1782 1783
527 0 -1
920 64 88 67 88 1351 1782 1783 1785
528 0 -1
921 62 36 63 36 1352 1783 1784 1784
529 0 -1
923 68 61 69 61 1354 1785 1786 1786
530 0 -1
925 41 87 44 87 1356 1787 1788 1790
531 0 -1
926 74 36 80 37 1357 1788 1789 1797
532 0 -1
927 36 77 39 77 1358 1789 1790 1792
533 0 -1
928 5 74 5 75 1359 1790 1791 1794
534 0 -1
929 84 45 85 45 1360 1791 1792 1792
535 0 -1
931 13 37 15 37 1362 1793 1794 1795
536 0 -1
933 98 91 96 92 1364 1795 1796 1802
537 0 -1
935 76 1 78 1 1366 1797 1798 1799
538 0 -1
936 14 30 14 31 1367 1798 1799 1799
539 0 -1
937 69 35 73 35 1368 1799 1800 1803
540 0 -1
938 50 36 50 36 1369 1800 1801 1804
541 0 -1
940 62 57 63 58 1371 1802 1803 1804
542 0 -1
942 52 82 52 83 1373 1804 1805 1805
543 0 -1
943 59 10 63 10 1374 1805 1806 1812
544 0 -1
944 19 27 20 27 1375 1806 1807 1807
545 0 -1
945 81 39 83 40 1376 1807 1808 1810
546 0 -1
947 49 71 57 72 1378 1809 1810 1822
547 0 -1
948 84 99 87 99 1379 1810 1811 1813
548 0 -1
950 64 52 64 52 1381 1812 1813 1814
549 0 -1
951 22 0 24 0 1382 1813 1814 1815
550 0 -1
954 66 49 66 51 1385 1816 1817 1818
551 0 -1
955 76 50 77 50 1386 1817 1818 1818
552 0 -1
957 76 88 77 88 1388 1819 1820 1822
553 0 -1
958 78 34 79 34 1389 1820 1821 1821
554 0 -1
963 78 18 78 20 1394 1825 1826 1828
555 0 -1
964 19 25 21 25 1395 1826 1827 1828
556 0 -1
966 95 84 96 85 1397 1828 1829 1830
557 0 -1
969 63 6 63 7 1400 1831 1832 1833
558 0 -1
972 72 85 74 89 1403 1834 1835 1840
559 0 -1
973 29 22 33 22 1404 1835 1836 1839
560 0 -1
974 8 12 16 12 1405 1836 1837 1846
561 0 -1
976 94 43 95 44 1407 1838 1839 1843
562 0 -1
979 90 70 93 71 1410 1841 1842 1845
563 0 -1
981 78 15 79 15 1412 1843 1844 1844
564 0 -1
983 37 77 38 79 1414 1845 1846 1848
565 0 -1
984 95 22 95 25 1415 1846 1847 1852
566 0 -1
987 75 30 78 30 1418 1849 1850 1853
567 0 -1
989 80 27 82 28 1420 1851 1852 1854
568 0 -1
990 85 99 85 95 1421 1852 1853 1856
569 0 -1
992 76 81 79 81 1423 1854 1855 1858
570 0 -1
993 94 28 96 28 1424 1855 1856 1857
571 0 -1
994 15 93 15 97 1425 1856 1857 1860
572 0 -1
996 6 61 7 62 1427 1858 1859 1860
573 0 -1
997 66 92 67 93 1428 1859 1860 1861
574 0 -1
998 72 62 72 63 1429 1860 1861 1861
575 0 -1
999 29 61 31 61 1430 1861 1862 1863
576 0 -1
1001 3 48 40 54 1432 1863 1864 1912
577 0 -1
1004 94 57 94 59 1435 1866 1867 1868
578 0 -1
1008 47 13 47 13 1439 1870 1871 1871
579 0 -1
1010 83 82 83 83 1441 1872 1873 1874
580 0 -1
1012 42 33 42 33 1443 1874 1875 1875
581 0 -1
1015 35 79 35 79 1446 1877 1878 1878
582 0 -1
1016 17 3 17 4 1447 1878 1879 1879
583 0 -1
1017 43 42 43 45 1448 1879 1880 1882
584 0 -1
1018 78 82 78 86 1449 1880 1881 1894
585 0 -1
1019 46 79 48 87 1450 1881 1882 1891
586 0 -1
1020 83 22 85 23 1451 1882 1883 1885
587 0 -1
1021 45 65 46 65 1452 1883 1884 1884
588 0 -1
1022 40 16 48 21 1453 1884 1885 1898
589 0 -1
1025 38 38 40 41 1456 1887 1888 1892
590 0 -1
1027 66 77 66 78 1458 1889 1890 1890
591 0 -1
1028 57 90 57 90 1459 1890 1891 1891
592 0 -1
1031 31 89 37 89 1462 1893 1894 1902
593 0 -1
1032 43 30 49 30 1463 1894 1895 1901
594 0 -1
1033 74 14 75 16 1464 1895 1896 1899
595 0 -1
1035 21 93 21 95 1466 1897 1898 1899
596 0 -1
1036 61 91 61 91 1467 1898 1899 1900
597 0 -1
1037 2 87 2 87 1468 1899 1900 1900
598 0 -1
1039 62 93 62 93 1470 1901 1902 1902
599 0 -1
1040 2 98 2 98 1471 1902 1903 1903
600 0 -1
1042 67 77 70 78 1473 1904 1905 1915
601 0 -1
1044 44 57 44 57 1475 1906 1907 1910
602 0 -1
1045 89 79 92 79 1476 1907 1908 1910
603 0 -1
1051 12 56 12 56 1482 1913 1914 1914
604 0 -1
1053 13 99 13 99 1484 1915 1916 1916
605 0 -1
1056 94 70 95 70 1487 1918 1919 1920
606 0 -1
1057 72 71 72 73 1488 1919 1920 1921
607 0 -1
1059 72 87 73 88 1490 1921 1922 1925
608 0 -1
1060 72 32 76 32 1491 1922 1923 1927
609 0 -1
1063 99 2 96 2 1494 1925 1926 1928
610 0 -1
1065 49 66 51 66 1496 1927 1928 1930
611 0 -1
1066 59 68 59 69 1497 1928 1929 1930
612 0 -1
1067 77 31 77 32 1498 1929 1930 1930
613 0 -1
1070 90 25 94 28 1501 1932 1933 1944
614 0 -1
1071 21 53 22 55 1502 1933 1934 1938
615 0 -1
1073 7 45 18 46 1504 1935 1936 1950
616 0 -1
1074 70 67 71 67 1505 1936 1937 1937
617 0 -1
1075 33 46 33 47 1506 1937 1938 1940
618 0 -1
1078 52 49 54 49 1509 1940 1941 1944
619 0 -1
1082 89 44 89 45 1513 1944 1945 1945
620 0 -1
1083 2 36 4 36 1514 1945 1946 1947
621 0 -1
1084 5 50 6 55 1515 1946 1947 1952
622 0 -1
1085 84 97 84 97 1516 1947 1948 1950
623 0 -1
1086 29 12 29 16 1517 1948 1949 1952
624 0 -1
1090 62 48 63 48 1521 1952 1953 1953
625 0 -1
1091 53 17 57 17 1522 1953 1954 1957
626 0 -1
1092 31 35 31 36 1523 1954 1955 1955
627 0 -1
1095 47 63 50 63 1526 1957 1958 1960
628 0 -1
1097 53 84 56 84 1528 1959 1960 1962
629 0 -1
1098 7 43 11 43 1529 1960 1961 1964
630 0 -1
1099 30 57 31 57 1530 1961 1962 1966
631 0 -1
1100 32 16 34 16 1531 1962 1963 1967
632 0 -1
1102 26 25 29 25 1533 1964 1965 1967
633 0 -1
1103 65 58 72 58 1534 1965 1966 1972
634 0 -1
1104 12 3 12 4 1535 1966 1967 1967
635 0 -1
1105 91 0 91 1 1536 1967 1968 1968
636 0 -1
1107 87 61 96 62 1538 1969 1970 1979
637 0 -1
1109 30 67 33 67 1540 1971 1972 1974
638 0 -1
1111 3 81 3 82 1542 1973 1974 1975
639 0 -1
1113 70 61 71 61 1544 1975 1976 1976
640 0 -1
1114 92 51 93 51 1545 1976 1977 1977
641 0 -1
1115 99 75 99 76 1546 1977 1978 1980
642 0 -1
1116 74 70 75 72 1547 1978 1979 1989
643 0 -1
1118 90 41 90 43 1549 1980 1981 1982
644 0 -1
1120 6 90 7 91 1551 1982 1983 1984
645 0 -1
1121 90 37 90 38 1552 1983 1984 1984
646 0 -1
1122 38 1 41 1 1553 1984 1985 1987
647 0 -1
1124 27 19 34 19 1555 1986 1987 1993
648 0 -1
1125 44 74 46 74 1556 1987 1988 1989
649 0 -1
1126 51 39 60 42 1557 1988 1989 2000
650 0 -1
1129 24 63 24 64 1560 1991 1992 1992
651 0 -1
1130 75 99 76 99 1561 1992 1993 1993
652 0 -1
1132 15 46 15 48 1563 1994 1995 1996
653 0 -1
1133 82 13 82 16 1564 1995 1996 1998
654 0 -1
1137 52 99 54 100 1568 1999 2000 2003
655 0 -1
1138 10 43 10 44 1569 2000 2001 2001
656 0 -1
1139 32 90 33 90 1570 2001 2002 2002
657 0 -1
1141 45 97 45 97 1572 2003 2004 2005
658 0 -1
1142 83 37 83 39 1573 2004 2005 2007
659 0 -1
1144 54 78 54 79 1575 2006 2007 2009
660 0 -1
1147 84 4 85 4 1578 2009 2010 2013
661 0 -1
1150 48 6 48 7 1581 2012 2013 2013
662 0 -1
1151 59 39 60 39 1582 2013 2014 2015
663 0 -1
1154 62 93 63 93 1585 2016 2017 2017
664 0 -1
1156 17 34 19 34 1587 2018 2019 2020
665 0 -1
1157 45 74 48 74 1588 2019 2020 2024
666 0 -1
1158 44 70 45 73 1589 2020 2021 2024
667 0 -1
1159 95 88 96 89 1590 2021 2022 2023
668 0 -1
1164 5 41 7 41 1595 2026 2027 2029
669 0 -1
1166 42 1 44 1 1597 2028 2029 2031
670 0 -1
1169 54 91 56 91 1600 2031 2032 2034
671 0 -1
1170 23 70 24 71 1601 2032 2033 2035
672 0 -1
1171 0 71 6 72 1602 2033 2034 2042
673 0 -1
1172 87 57 87 58 1603 2034 2035 2035
674 0 -1
1174 71 51 73 54 1605 2036 2037 2043
675 0 -1
1175 32 83 32 86 1606 2037 2038 2040
676 0 -1
1176 17 17 17 17 1607 2038 2039 2040
677 0 -1
1177 65 12 67 12 1608 2039 2040 2041
678 0 -1
1179 36 11 36 12 1610 2041 2042 2042
679 0 -1
1186 17 34 19 34 1617 2048 2049 2050
680 0 -1
1187 32 99 34 99 1618 2049 2050 2051
681 0 -1
1188 29 47 30 47 1619 2050 2051 2051
682 0 -1
1190 28 10 29 10 1621 2052 2053 2053
683 0 -1
1191 94 11 96 11 1622 2053 2054 2055
684 0 -1
1194 18 7 18 8 1625 2056 2057 2058
685 0 -1
1195 43 34 45 34 1626 2057 2058 2060
686 0 -1
1197 41 66 42 68 1628 2059 2060 2062
687 0 -1
1198 13 38 14 39 1629 2060 2061 2064
688 0 -1
1201 81 56 85 56 1632 2063 2064 2068
689 0 -1
1202 15 44 15 45 1633 2064 2065 2065
690 0 -1
1203 29 82 30 82 1634 2065 2066 2066
691 0 -1
1205 64 65 64 65 1636 2067 2068 2070
692 0 -1
1207 3 77 6 77 1638 2069 2070 2073
693 0 -1
1208 61 99 61 100 1639 2070 2071 2072
694 0 -1
1209 73 17 73 17 1640 2071 2072 2072
695 0 -1
1211 36 31 40 31 1642 2073 2074 2077
696 0 -1
1214 54 40 55 41 1645 2076 2077 2082
697 0 -1
1217 50 88 50 89 1648 2079 2080 2081
698 0 -1
1218 54 18 54 18 1649 2080 2081 2081
699 0 -1
1219 27 44 29 48 1650 2081 2082 2088
700 0 -1
1220 13 74 14 74 1651 2082 2083 2083
701 0 -1
1222 72 19 72 21 1653 2084 2085 2087
702 0 -1
1223 85 33 87 34 1654 2085 2086 2089
703 0 -1
1226 43 82 46 82 1657 2088 2089 2091
704 0 -1
1227 9 0 9 0 1658 2089 2090 2090
705 0 -1
1229 50 71 51 71 1660 2091 2092 2092
706 0 -1
1230 57 68 59 68 1661 2092 2093 2097
707 0 -1
1231 17 54 18 54 1662 2093 2094 2094
708 0 -1
1233 39 26 39 28 1664 2095 2096 2097
709 0 -1
1235 27 63 31 63 1666 2097 2098 2101
710 0 -1
1236 71 61 72 62 1667 2098 2099 2103
711 0 -1
1237 19 7 23 8 1668 2099 2100 2104
712 0 -1
1238 58 42 60 43 1669 2100 2101 2105
713 0 -1
1240 29 64 30 67 1671 2102 2103 2106
714 0 -1
1241 64 30 64 31 1672 2103 2104 2104
715 0 -1
1242 72 65 80 70 1673 2104 2105 2117
716 0 -1
1243 7 20 7 22 1674 2105 2106 2107
717 0 -1
1244 2 1 6 2 1675 2106 2107 2113
718 0 -1
1246 10 61 16 61 1677 2108 2109 2117
719 0 -1
1250 75 95 75 96 1681 2112 2113 2113
720 0 -1
1254 32 16 34 16 1685 2116 2117 2123
721 0 -1
1255 5 49 6 49 1686 2117 2118 2121
722 0 -1
1258 2 67 6 69 1689 2120 2121 2136
723 0 -1
1259 13 60 27 60 1690 2121 2122 2139
724 0 -1
1260 97 50 98 54 1691 2122 2123 2128
725 0 -1
1261 30 82 30 86 1692 2123 2124 2130
726 0 -1
1263 39 77 42 79 1694 2125 2126 2132
727 0 -1
1264 82 74 85 75 1695 2126 2127 2130
728 0 -1
1265 28 26 28 28 1696 2127 2128 2129
729 0 -1
1266 13 63 13 64 1697 2128 2129 2129
730 0 -1
1268 82 63 85 63 1699 2130 2131 2133
731 0 -1
1276 7 16 7 16 1707 2138 2139 2139
732 0 -1
1277 38 29 39 29 1708 2139 2140 2144
733 0 -1
1281 97 50 99 50 1712 2143 2144 2145
734 0 -1
1284 97 14 98 15 1715 2146 2147 2148
735 0 -1
1287 47 0 51 0 1718 2149 2150 2153
736 0 -1
1290 1 52 6 54 1721 2152 2153 2159
737 0 -1
1291 44 97 46 98 1722 2153 2154 2156
738 0 -1
1292 26 87 39 89 1723 2154 2155 2180
739 0 -1
1297 29 84 30 84 1728 2159 2160 2162
740 0 -1
1298 88 5 89 5 1729 2160 2161 2161
741 0 -1
1299 41 56 44 56 1730 2161 2162 2164
742 0 -1
1300 31 78 32 79 1731 2162 2163 2164
743 0 -1
1307 70 89 70 90 1738 2169 2170 2170
744 0 -1
1309 74 35 75 35 1740 2171 2172 2173
745 0 -1
1312 89 90 91 90 1743 2174 2175 2176
746 0 -1
1313 74 58 75 58 1744 2175 2176 2176
747 0 -1
1314 27 94 30 95 1745 2176 2177 2180
748 0 -1
1315 27 48 32 48 1746 2177 2178 2182
749 0 -1
1316 2 84 2 86 1747 2178 2179 2180
750 0 -1
1317 16 16 17 17 1748 2179 2180 2181
751 0 -1
1318 61 34 62 34 1749 2180 2181 2183
752 0 -1
1319 40 57 40 58 1750 2181 2182 2183
753 0 -1
1320 67 90 68 90 1751 2182 2183 2183
754 0 -1
1321 43 65 43 66 1752 2183 2184 2185
755 0 -1
1323 20 72 20 74 1754 2185 2186 2187
756 0 -1
1324 80 32 85 32 1755 2186 2187 2191
757 0 -1
1325 28 15 29 16 1756 2187 2188 2193
758 0 -1
1326 58 64 59 64 1757 2188 2189 2189
759 0 -1
1327 26 90 33 91 1758 2189 2190 2199
760 0 -1
1329 62 44 64 44 1760 2191 2192 2193
761 0 -1
1332 60 85 62 85 1763 2194 2195 2196
762 0 -1
1333 79 43 80 43 1764 2195 2196 2196
763 0 -1
1335 41 63 56 64 1766 2197 2198 2213
764 0 -1
1336 62 62 63 62 1767 2198 2199 2199
765 0 -1
1338 54 25 55 25 1769 2200 2201 2203
766 0 -1
1340 97 97 93 100 1771 2202 2203 2209
767 0 -1
1342 14 69 16 70 1773 2204 2205 2207
768 0 -1
1344 95 20 95 22 1775 2206 2207 2208
769 0 -1
1345 24 18 24 19 1776 2207 2208 2208
770 0 -1
1347 65 65 67 66 1778 2209 2210 2212
771 0 -1
1348 45 36 50 36 1779 2210 2211 2215
772 0 -1
1349 8 68 14 68 1780 2211 2212 2217
773 0 -1
1354 44 9 45 11 1785 2216 2217 2219
774 0 -1
1355 18 34 20 35 1786 2217 2218 2222
775 0 -1
1359 7 1 10 3 1790 2221 2222 2226
776 0 -1
1362 39 38 39 38 1793 2224 2225 2226
777 0 -1
1365 36 93 36 93 1796 2227 2228 2228
778 0 -1
1368 87 68 87 68 1799 2230 2231 2232
779 0 -1
1369 27 94 50 97 1800 2231 2232 2266
780 0 -1
1370 20 8 21 8 1801 2232 2233 2234
781 0 -1
1372 87 41 90 42 1803 2234 2235 2239
782 0 -1
1374 77 76 78 76 1805 2236 2237 2238
783 0 -1
1375 22 79 28 80 1806 2237 2238 2244
784 0 -1
1376 87 3 88 3 1807 2238 2239 2239
785 0 -1
1377 32 24 34 24 1808 2239 2240 2242
786 0 -1
1378 16 28 16 29 1809 2240 2241 2241
787 0 -1
1379 22 4 25 5 1810 2241 2242 2245
788 0 -1
1381 27 78 28 79 1812 2243 2244 2246
789 0 -1
1382 94 79 97 79 1813 2244 2245 2247
790 0 -1
1383 65 57 66 58 1814 2245 2246 2247
791 0 -1
1385 5 33 8 33 1816 2247 2248 2253
792 0 -1
1386 14 72 14 72 1817 2248 2249 2251
793 0 -1
1387 67 60 72 64 1818 2249 2250 2260
794 0 -1
1388 38 76 40 76 1819 2250 2251 2253
795 0 -1
1389 11 55 13 55 1820 2251 2252 2253
796 0 -1
1390 54 49 56 49 1821 2252 2253 2254
797 0 -1
1391 84 93 85 93 1822 2253 2254 2255
798 0 -1
1393 76 18 76 18 1824 2255 2256 2257
799 0 -1
1395 25 98 25 94 1826 2257 2258 2265
800 0 -1
1396 0 77 1 77 1827 2258 2259 2259
801 0 -1
1400 24 35 27 35 1831 2262 2263 2265
802 0 -1
1401 92 19 94 19 1832 2263 2264 2266
803 0 -1
1402 47 31 50 33 1833 2264 2265 2271
804 0 -1
1403 59 57 61 57 1834 2265 2266 2267
805 0 -1
1406 10 13 11 13 1837 2268 2269 2269
806 0 -1
1411 24 8 24 9 1842 2273 2274 2275
807 0 -1
1412 36 79 42 79 1843 2274 2275 2280
808 0 -1
1413 32 83 33 83 1844 2275 2276 2276
809 0 -1
1414 8 79 9 80 1845 2276 2277 2278
810 0 -1
1415 9 0 9 2 1846 2277 2278 2279
811 0 -1
1417 18 56 19 56 1848 2279 2280 2280
812 0 -1
1418 70 62 75 62 1849 2280 2281 2285
813 0 -1
1419 99 22 99 25 1850 2281 2282 2288
814 0 -1
1420 31 8 33 13 1851 2282 2283 2290
815 0 -1
1423 97 98 98 98 1854 2285 2286 2286
816 0 -1
1426 82 69 84 69 1857 2288 2289 2290
817 0 -1
1428 77 32 78 33 1859 2290 2291 2293
818 0 -1
1429 45 72 46 73 1860 2291 2292 2293
819 0 -1
1430 42 54 43 54 1861 2292 2293 2293
820 0 -1
1431 59 44 61 44 1862 2293 2294 2296
821 0 -1
1432 73 81 74 81 1863 2294 2295 2295
822 0 -1
1434 6 94 6 94 1865 2296 2297 2297
823 0 -1
1435 10 17 11 23 1866 2297 2298 2304
824 0 -1
1436 79 22 81 22 1867 2298 2299 2300
825 0 -1
1438 14 76 18 76 1869 2300 2301 2304
826 0 -1
1439 43 20 44 20 1870 2301 2302 2302
827 0 -1
1440 26 11 27 11 1871 2302 2303 2305
828 0 -1
1441 14 9 20 10 1872 2303 2304 2310
829 0 -1
1442 44 25 45 26 1873 2304 2305 2306
830 0 -1
1443 66 68 67 71 1874 2305 2306 2310
831 0 -1
1444 1 6 3 6 1875 2306 2307 2308
832 0 -1
1446 26 87 26 91 1877 2308 2309 2314
833 0 -1
1447 18 84 20 84 1878 2309 2310 2311
834 0 -1
1448 91 99 92 100 1879 2310 2311 2312
835 0 -1
1452 9 4 10 4 1883 2314 2315 2315
836 0 -1
1454 56 20 59 21 1885 2316 2317 2320
837 0 -1
1455 44 71 46 71 1886 2317 2318 2319
838 0 -1
1456 69 11 70 11 1887 2318 2319 2319
839 0 -1
1457 62 14 64 15 1888 2319 2320 2325
840 0 -1
1458 14 94 22 96 1889 2320 2321 2330
841 0 -1
1461 94 48 97 48 1892 2323 2324 2326
842 0 -1
1462 29 16 31 17 1893 2324 2325 2328
843 0 -1
1463 55 83 55 84 1894 2325 2326 2327
844 0 -1
1465 74 28 75 29 1896 2327 2328 2329
845 0 -1
1466 11 59 12 59 1897 2328 2329 2330
846 0 -1
1468 6 99 6 99 1899 2330 2331 2331
847 0 -1
1469 76 27 79 29 1900 2331 2332 2336
848 0 -1
1470 1 40 2 40 1901 2332 2333 2333
849 0 -1
1472 78 89 78 91 1903 2334 2335 2339
850 0 -1
1473 92 65 95 66 1904 2335 2336 2340
851 0 -1
1474 81 14 88 18 1905 2336 2337 2347
852 0 -1
1475 53 90 54 90 1906 2337 2338 2339
853 0 -1
1478 66 6 66 12 1909 2340 2341 2346
854 0 -1
1479 17 39 19 39 1910 2341 2342 2343
855 0 -1
1481 3 18 5 18 1912 2343 2344 2345
856 0 -1
1483 70 14 70 21 1914 2345 2346 2356
857 0 -1
1486 7 37 9 37 1917 2348 2349 2353
858 0 -1
1487 76 7 77 9 1918 2349 2350 2353
859 0 -1
1493 9 59 9 60 1924 2355 2356 2357
860 0 -1
1495 29 45 29 45 1926 2357 2358 2358
861 0 -1
1496 48 79 50 80 1927 2358 2359 2362
862 0 -1
1497 64 93 65 96 1928 2359 2360 2363
863 0 -1
1499 43 51 43 51 1930 2361 2362 2363
864 0 -1
1500 95 36 95 37 1931 2362 2363 2364
865 0 -1
1501 38 90 39 97 1932 2363 2364 2371
866 0 -1
1502 91 85 94 85 1933 2364 2365 2368
867 0 -1
1504 56 8 68 8 1935 2366 2367 2379
868 0 -1
1505 24 50 31 50 1936 2367 2368 2377
869 0 -1
1506 48 29 48 30 1937 2368 2369 2370
870 0 -1
1507 18 42 21 42 1938 2369 2370 2372
871 0 -1
1508 39 27 44 28 1939 2370 2371 2376
872 0 -1
1509 27 78 27 79 1940 2371 2372 2372
873 0 -1
1511 95 71 97 71 1942 2373 2374 2375
874 0 -1
1513 85 23 85 23 1944 2375 2376 2380
875 0 -1
1515 55 14 56 14 1946 2377 2378 2378
876 0 -1
1516 9 25 9 28 1947 2378 2379 2381
877 0 -1
1517 31 88 33 88 1948 2379 2380 2382
878 0 -1
1518 61 39 61 39 1949 2380 2381 2383
879 0 -1
1519 56 91 60 91 1950 2381 2382 2385
880 0 -1
1521 69 87 71 87 1952 2383 2384 2387
881 0 -1
1522 64 6 65 6 1953 2384 2385 2386
882 0 -1
1523 57 60 58 61 1954 2385 2386 2387
883 0 -1
1527 55 98 58 99 1958 2389 2390 2393
884 0 -1
1528 69 56 70 56 1959 2390 2391 2391
885 0 -1
1533 95 28 95 29 1964 2395 2396 2396
886 0 -1
1534 70 45 75 46 1965 2396 2397 2405
887 0 -1
1535 94 86 96 87 1966 2397 2398 2400
888 0 -1
1536 95 14 95 15 1967 2398 2399 2400
889 0 -1
1538 38 39 42 39 1969 2400 2401 2404
890 0 -1
1540 64 69 64 69 1971 2402 2403 2403
891 0 -1
1543 69 25 72 25 1974 2405 2406 2408
892 0 -1
1544 45 7 45 7 1975 2406 2407 2408
893 0 -1
1545 71 62 72 62 1976 2407 2408 2409
894 0 -1
1547 68 43 71 43 1978 2409 2410 2414
895 0 -1
1550 67 41 68 41 1981 2412 2413 2414
896 0 -1
1551 62 32 63 33 1982 2413 2414 2415
897 0 -1
1552 4 88 6 90 1983 2414 2415 2419
898 0 -1
1554 18 6 21 7 1985 2416 2417 2420
899 0 -1
1555 84 10 85 10 1986 2417 2418 2419
900 0 -1
1556 69 97 69 98 1987 2418 2419 2420
901 0 -1
1559 84 22 86 26 1990 2421 2422 2427
902 0 -1
1560 16 18 18 20 1991 2422 2423 2428
903 0 -1
1562 15 34 15 36 1993 2424 2425 2426
904 0 -1
1563 84 84 85 92 1994 2425 2426 2435
905 0 -1
1564 13 20 14 20 1995 2426 2427 2428
906 0 -1
1566 79 90 79 91 1997 2428 2429 2430
907 0 -1
1567 50 5 53 6 1998 2429 2430 2433
908 0 -1
1573 58 72 64 74 2004 2435 2436 2443
909 0 -1
1575 48 4 48 5 2006 2437 2438 2438
910 0 -1
1576 28 91 29 92 2007 2438 2439 2440
911 0 -1
1577 92 88 94 88 2008 2439 2440 2441
912 0 -1
1579 35 49 37 50 2010 2441 2442 2444
913 0 -1
1580 82 44 84 44 2011 2442 2443 2444
914 0 -1
1582 27 67 28 67 2013 2444 2445 2445
915 0 -1
1584 87 47 87 48 2015 2446 2447 2447
916 0 -1
1587 86 66 89 75 2018 2449 2450 2461
917 0 -1
1588 70 30 73 30 2019 2450 2451 2454
918 0 -1
1589 95 67 95 67 2020 2451 2452 2453
919 0 -1
1590 95 30 97 30 2021 2452 2453 2455
920 0 -1
1591 17 98 20 99 2022 2453 2454 2458
921 0 -1
1593 94 9 95 9 2024 2455 2456 2459
922 0 -1
1594 29 51 31 51 2025 2456 2457 2458
923 0 -1
1596 44 99 45 100 2027 2458 2459 2460
924 0 -1
1598 58 54 58 54 2029 2460 2461 2461
925 0 -1
1599 98 5 98 7 2030 2461 2462 2465
926 0 -1
1600 53 18 54 18 2031 2462 2463 2463
927 0 -1
1603 61 89 62 89 2034 2465 2466 2466
928 0 -1
1606 95 96 95 97 2037 2468 2469 2470
929 0 -1
1608 53 26 53 27 2039 2470 2471 2471
930 0 -1
1609 57 12 57 13 2040 2471 2472 2473
931 0 -1
1610 90 17 91 17 2041 2472 2473 2473
932 0 -1
1611 29 50 29 51 2042 2473 2474 2475
933 0 -1
1613 34 22 36 22 2044 2475 2476 2477
934 0 -1
1615 96 93 97 93 2046 2477 2478 2478
935 0 -1
1618 66 45 68 46 2049 2480 2481 2483
936 0 -1
1620 2 14 7 14 2051 2482 2483 2487
937 0 -1
1621 54 62 54 62 2052 2483 2484 2490
938 0 -1
1623 26 18 31 18 2054 2485 2486 2490
939 0 -1
1624 38 45 39 45 2055 2486 2487 2487
940 0 -1
1625 65 7 68 7 2056 2487 2488 2490
941 0 -1
1626 31 84 33 84 2057 2488 2489 2490
942 0 -1
1627 37 74 41 77 2058 2489 2490 2502
943 0 -1
1629 26 99 26 100 2060 2491 2492 2492
944 0 -1
1631 5 37 7 37 2062 2493 2494 2495
945 0 -1
1633 14 71 20 73 2064 2495 2496 2505
946 0 -1
1634 89 19 90 20 2065 2496 2497 2498
947 0 -1
1637 64 41 65 41 2068 2499 2500 2500
948 0 -1
1638 37 86 40 86 2069 2500 2501 2503
949 0 -1
1640 15 54 16 56 2071 2502 2503 2512
950 0 -1
1641 21 56 23 56 2072 2503 2504 2506
951 0 -1
1642 66 14 66 15 2073 2504 2505 2508
952 0 -1
1645 15 8 15 8 2076 2507 2508 2508
953 0 -1
1648 78 66 78 68 2079 2510 2511 2512
954 0 -1
1649 53 55 55 55 2080 2511 2512 2513
955 0 -1
1650 13 76 13 77 2081 2512 2513 2513
956 0 -1
1656 97 32 93 32 2087 2518 2519 2522
957 0 -1
1657 51 68 51 68 2088 2519 2520 2522
958 0 -1
1659 67 24 71 24 2090 2521 2522 2525
959 0 -1
1660 89 68 89 69 2091 2522 2523 2526
960 0 -1
1661 28 13 32 15 2092 2523 2524 2530
961 0 -1
1662 61 13 64 16 2093 2524 2525 2531
962 0 -1
1663 33 10 38 12 2094 2525 2526 2532
963 0 -1
1664 32 21 32 23 2095 2526 2527 2528
964 0 -1
1665 55 82 55 82 2096 2527 2528 2528
965 0 -1
1668 99 3 99 3 2099 2530 2531 2533
966 0 -1
1671 43 14 43 21 2102 2533 2534 2541
967 0 -1
1672 5 49 7 50 2103 2534 2535 2538
968 0 -1
1673 20 17 22 20 2104 2535 2536 2540
969 0 -1
1675 38 73 38 74 2106 2537 2538 2538
970 0 -1
1676 75 12 76 12 2107 2538 2539 2541
971 0 -1
1678 97 9 98 11 2109 2540 2541 2543
972 0 -1
1679 12 44 12 51 2110 2541 2542 2548
973 0 -1
1680 94 2 94 5 2111 2542 2543 2546
974 0 -1
1683 35 83 37 83 2114 2545 2546 2552
975 0 -1
1685 94 68 95 69 2116 2547 2548 2550
976 0 -1
1686 51 13 59 15 2117 2548 2549 2558
977 0 -1
1687 42 84 42 88 2118 2549 2550 2553
978 0 -1
1688 7 41 7 44 2119 2550 2551 2556
979 0 -1
1690 9 42 9 44 2121 2552 2553 2556
980 0 -1
1691 44 5 44 5 2122 2553 2554 2555
981 0 -1
1692 68 38 69 39 2123 2554 2555 2557
982 0 -1
1694 91 40 92 40 2125 2556 2557 2557
983 0 -1
1695 74 86 77 86 2126 2557 2558 2561
984 0 -1
1696 18 38 21 38 2127 2558 2559 2561
985 0 -1
1697 29 90 30 91 2128 2559 2560 2561
986 0 -1
1698 99 62 97 62 2129 2560 2561 2562
987 0 -1
1700 37 69 39 69 2131 2562 2563 2564
988 0 -1
1702 62 29 73 29 2133 2564 2565 2578
989 0 -1
1703 1 46 1 47 2134 2565 2566 2566
990 0 -1
1704 24 4 25 4 2135 2566 2567 2569
991 0 -1
1709 23 37 25 37 2140 2571 2572 2574
992 0 -1
1712 1 5 4 5 2143 2574 2575 2577
993 0 -1
1714 0 3 1 4 2145 2576 2577 2580
994 0 -1
1717 25 69 29 69 2148 2579 2580 2583
995 0 -1
1718 73 5 73 6 2149 2580 2581 2582
996 0 -1
1720 78 96 79 97 2151 2582 2583 2588
997 0 -1
1722 98 2 98 3 2153 2584 2585 2585
998 0 -1
1723 65 35 65 37 2154 2585 2586 2587
999 0 -1
1725 78 68 80 68 2156 2587 2588 2589
1000 0 -1
1726 47 61 50 61 2157 2588 2589 2591
