100 100 1107
1
0 65 69
22
0 0 0 100 6
0
1 0 0 100 6
0
2 0 0 100 6
0
3 0 0 100 6
0
4 0 0 100 6
0
5 0 0 100 6
0
6 0 0 100 6
0
7 0 0 100 6
0
8 0 0 100 6
0
9 0 0 100 6
0
10 0 0 100 6
0
11 0 -1 100 6
0
12 0 -1 100 6
0
13 0 -1 100 6
0
14 0 -1 100 6
0
15 0 -1 100 6
0
16 0 -1 100 6
0
17 0 -1 100 6
0
18 0 -1 100 6
0
19 0 -1 100 6
0
20 0 -1 100 6
0
21 0 -1 100 6
0
300
1 0 -1
2 17 28 19 29 278 554 555 557
2 0 -1
5 42 72 42 75 281 557 558 562
3 0 -1
7 1 19 2 19 283 559 560 563
4 0 -1
8 77 82 84 84 284 560 561 569
5 0 -1
9 58 58 63 59 285 561 562 567
6 0 -1
10 73 13 75 14 286 562 563 566
7 0 -1
11 88 19 93 19 287 563 564 569
8 0 -1
12 29 77 29 77 288 564 565 566
9 0 -1
13 80 2 82 2 289 565 566 567
10 0 -1
14 94 61 96 62 290 566 567 569
11 0 -1
15 10 93 12 93 291 567 568 573
12 0 -1
17 41 90 42 90 293 569 570 573
13 0 -1
18 36 81 38 82 294 570 571 576
14 0 -1
19 93 24 93 25 295 571 572 572
15 0 -1
20 12 2 14 2 296 572 573 574
16 0 -1
21 36 1 36 2 297 573 574 575
17 0 -1
22 60 38 62 38 298 574 575 578
18 0 -1
24 59 69 59 71 300 576 577 578
19 0 -1
29 65 75 67 77 305 581 582 587
20 0 -1
30 31 56 31 56 306 582 583 584
21 0 -1
31 39 22 39 24 307 583 584 585
22 0 -1
33 90 55 96 55 309 585 586 591
23 0 -1
35 60 9 60 10 311 587 588 588
24 0 -1
36 96 70 98 70 312 588 589 590
25 0 -1
39 43 90 43 91 315 591 592 592
26 0 -1
40 34 25 34 25 316 592 593 593
27 0 -1
41 64 89 65 89 317 593 594 595
28 0 -1
42 33 99 33 99 318 594 595 595
29 0 -1
43 25 94 25 95 319 595 596 596
30 0 -1
45 6 47 6 47 321 597 598 599
31 0 -1
49 21 44 22 45 325 601 602 604
32 0 -1
52 50 46 57 46 328 604 605 611
33 0 -1
53 30 22 30 22 329 605 606 610
34 0 -1
54 39 78 40 78 330 606 607 607
35 0 -1
56 0 22 2 37 332 608 609 625
36 0 -1
57 92 43 94 43 333 609 610 611
37 0 -1
59 32 90 33 90 335 611 612 612
38 0 -1
61 10 47 11 48 337 613 614 615
39 0 -1
62 76 68 77 70 338 614 615 622
40 0 -1
64 9 49 10 66 340 616 617 635
41 0 -1
69 0 43 0 45 345 621 622 623
42 0 -1
71 85 8 93 8 347 623 624 631
43 0 -1
73 22 76 26 76 349 625 626 630
44 0 -1
76 3 64 3 66 352 628 629 631
45 0 -1
78 94 38 94 39 354 630 631 632
46 0 -1
80 85 95 88 95 356 632 633 635
47 0 -1
81 33 16 35 16 357 633 634 635
48 0 -1
82 76 4 78 5 358 634 635 640
49 0 -1
83 84 31 85 34 359 635 636 640
50 0 -1
84 16 85 16 85 360 636 637 637
51 0 -1
86 77 57 80 60 362 638 639 648
52 0 -1
87 82 6 83 6 363 639 640 640
53 0 -1
90 87 37 87 38 366 642 643 643
54 0 -1
91 40 71 40 72 367 643 644 647
55 0 -1
92 44 96 44 96 368 644 645 645
56 0 -1
93 7 20 9 21 369 645 646 648
57 0 -1
94 75 56 75 57 370 646 647 652
58 0 -1
96 92 46 93 47 372 648 649 650
59 0 -1
103 82 56 82 58 379 655 656 658
60 0 -1
105 85 86 85 87 381 657 658 659
61 0 -1
106 90 35 99 36 382 658 659 668
62 0 -1
107 57 92 57 94 383 659 660 662
63 0 -1
108 83 93 85 99 384 660 661 668
64 0 -1
110 39 57 43 59 386 662 663 670
65 0 -1
111 84 55 84 56 387 663 664 664
66 0 -1
114 31 82 34 85 390 666 667 672
67 0 -1
115 94 98 95 94 391 667 668 672
68 0 -1
116 41 44 44 49 392 668 669 680
69 0 -1
119 18 77 18 80 395 671 672 674
70 0 -1
120 98 51 98 51 396 672 673 673
71 0 -1
122 61 27 65 27 398 674 675 678
72 0 -1
123 56 53 58 54 399 675 676 678
73 0 -1
124 51 70 55 70 400 676 677 680
74 0 -1
127 77 79 78 79 403 679 680 680
75 0 -1
128 47 10 66 10 404 680 681 699
76 0 -1
130 89 53 90 53 406 682 683 683
77 0 -1
132 25 77 32 85 408 684 685 699
78 0 -1
134 21 89 22 89 410 686 687 687
79 0 -1
135 86 0 97 0 411 687 688 698
80 0 -1
136 32 78 34 78 412 688 689 690
81 0 -1
139 85 13 85 13 415 691 692 692
82 0 -1
140 65 36 69 36 416 692 693 696
83 0 -1
141 22 39 23 40 417 693 694 698
84 0 -1
144 38 4 41 6 420 696 697 701
85 0 -1
145 21 26 21 28 421 697 698 699
86 0 -1
146 2 54 3 54 422 698 699 699
87 0 -1
147 84 1 85 1 423 699 700 700
88 0 -1
148 29 92 29 93 424 700 701 701
89 0 -1
149 51 37 53 37 425 701 702 703
90 0 -1
150 92 94 94 96 426 702 703 708
91 0 -1
153 72 60 73 60 429 705 706 706
92 0 -1
154 99 27 96 27 430 706 707 710
93 0 -1
155 48 90 48 94 431 707 708 711
94 0 -1
156 14 13 14 17 432 708 709 713
95 0 -1
157 33 21 34 24 433 709 710 714
96 0 -1
160 37 21 40 23 436 712 713 718
97 0 -1
162 28 14 29 14 438 714 715 715
98 0 -1
163 72 57 73 57 439 715 716 716
99 0 -1
166 9 6 10 6 442 718 719 720
100 0 -1
167 97 87 94 88 443 719 720 724
101 0 -1
168 28 55 29 55 444 720 721 722
102 0 -1
169 8 45 9 48 445 721 722 726
103 0 -1
170 42 1 44 3 446 722 723 727
104 0 -1
172 63 22 67 22 448 724 725 729
105 0 -1
173 93 11 94 14 449 725 726 730
106 0 -1
174 87 42 89 42 450 726 727 728
107 0 -1
179 62 86 62 86 455 731 732 732
108 0 -1
183 58 27 59 31 459 735 736 740
109 0 -1
184 6 42 6 42 460 736 737 738
110 0 -1
185 11 49 11 50 461 737 738 739
111 0 -1
186 74 96 79 97 462 738 739 747
112 0 -1
187 34 71 36 75 463 739 740 745
113 0 -1
189 66 52 71 52 465 741 742 746
114 0 -1
190 5 86 9 87 466 742 743 747
115 0 -1
193 95 29 96 29 469 745 746 746
116 0 -1
196 9 5 11 5 472 748 749 750
117 0 -1
197 54 87 54 88 473 749 750 750
118 0 -1
198 41 86 42 94 474 750 751 768
119 0 -1
199 78 44 78 45 475 751 752 752
120 0 -1
200 0 75 0 75 476 752 753 754
121 0 -1
201 26 23 27 23 477 753 754 754
122 0 -1
204 93 55 93 55 480 756 757 757
123 0 -1
208 4 59 4 60 484 760 761 761
124 0 -1
209 11 96 11 97 485 761 762 762
125 0 -1
211 95 8 95 9 487 763 764 766
126 0 -1
212 11 58 13 58 488 764 765 766
127 0 -1
213 78 14 83 16 489 765 766 773
128 0 -1
214 46 47 46 49 490 766 767 771
129 0 -1
218 10 63 15 64 494 770 771 777
130 0 -1
219 39 34 39 34 495 771 772 773
131 0 -1
224 97 14 97 16 500 776 777 779
132 0 -1
225 36 93 37 94 501 777 778 779
133 0 -1
229 65 68 65 70 505 781 782 787
134 0 -1
230 56 86 56 86 506 782 783 783
135 0 -1
231 44 16 47 16 507 783 784 786
136 0 -1
236 90 39 92 39 512 788 789 790
137 0 -1
237 27 96 28 97 513 789 790 791
138 0 -1
240 27 24 36 25 516 792 793 803
139 0 -1
242 68 14 70 14 518 794 795 796
140 0 -1
244 88 87 93 87 520 796 797 801
141 0 -1
245 36 41 38 43 521 797 798 803
142 0 -1
246 61 56 61 58 522 798 799 801
143 0 -1
247 92 3 93 4 523 799 800 802
144 0 -1
248 74 10 74 13 524 800 801 803
145 0 -1
250 32 49 32 50 526 802 803 804
146 0 -1
251 98 51 99 52 527 803 804 806
147 0 -1
253 33 5 33 5 529 805 806 806
148 0 -1
255 64 66 65 66 531 807 808 809
149 0 -1
256 0 19 4 19 532 808 809 812
150 0 -1
257 16 10 18 12 533 809 810 813
151 0 -1
258 8 9 8 9 534 810 811 811
152 0 -1
260 39 15 41 15 536 812 813 814
153 0 -1
261 33 90 34 95 537 813 814 825
154 0 -1
266 86 6 90 6 542 818 819 822
155 0 -1
267 83 79 86 79 543 819 820 822
156 0 -1
268 23 65 24 66 544 820 821 822
157 0 -1
269 85 46 85 47 545 821 822 822
158 0 -1
271 24 78 25 80 547 823 824 829
159 0 -1
272 54 93 54 94 548 824 825 825
160 0 -1
274 54 56 67 56 550 826 827 839
161 0 -1
277 87 57 87 57 553 829 830 831
162 0 -1
278 65 6 65 8 554 830 831 836
163 0 -1
279 12 48 14 50 555 831 832 835
164 0 -1
280 8 32 9 32 556 832 833 835
165 0 -1
283 23 56 23 56 559 835 836 836
166 0 -1
285 99 25 99 25 561 837 838 840
167 0 -1
286 95 5 98 5 562 838 839 841
168 0 -1
289 47 68 47 70 565 841 842 844
169 0 -1
293 92 68 92 70 569 845 846 849
170 0 -1
294 0 3 2 5 570 846 847 850
171 0 -1
295 45 60 47 60 571 847 848 849
172 0 -1
296 36 91 37 94 572 848 849 852
173 0 -1
303 9 8 10 12 579 855 856 864
174 0 -1
305 14 12 19 12 581 857 858 862
175 0 -1
306 39 54 39 54 582 858 859 859
176 0 -1
307 50 7 52 7 583 859 860 861
177 0 -1
310 8 48 9 49 586 862 863 866
178 0 -1
311 10 8 10 9 587 863 864 867
179 0 -1
312 56 81 63 82 588 864 865 873
180 0 -1
313 68 1 68 1 589 865 866 866
181 0 -1
315 3 69 4 70 591 867 868 869
182 0 -1
320 85 14 89 23 596 872 873 888
183 0 -1
321 81 64 82 64 597 873 874 876
184 0 -1
323 43 75 47 84 599 875 876 888
185 0 -1
325 92 22 94 23 601 877 878 885
186 0 -1
326 2 55 3 55 602 878 879 879
187 0 -1
327 57 34 57 34 603 879 880 882
188 0 -1
328 32 66 32 70 604 880 881 885
189 0 -1
329 30 50 31 51 605 881 882 884
190 0 -1
330 93 41 96 43 606 882 883 887
191 0 -1
337 76 24 85 26 613 889 890 902
192 0 -1
340 96 43 96 46 616 892 893 895
193 0 -1
342 3 12 4 12 618 894 895 895
194 0 -1
343 75 38 75 40 619 895 896 898
195 0 -1
345 64 13 68 19 621 897 898 909
196 0 -1
349 16 53 16 53 625 901 902 902
197 0 -1
351 3 1 3 2 627 903 904 904
198 0 -1
354 46 62 46 68 630 906 907 912
199 0 -1
356 18 39 19 39 632 908 909 909
200 0 -1
357 14 76 18 76 633 909 910 913
201 0 -1
358 64 39 65 44 634 910 911 917
202 0 -1
359 76 28 78 28 635 911 912 914
203 0 -1
360 77 97 78 98 636 912 913 914
204 0 -1
361 54 41 54 46 637 913 914 919
205 0 -1
363 99 75 98 75 639 915 916 916
206 0 -1
364 90 48 90 48 640 916 917 917
207 0 -1
365 28 52 28 54 641 917 918 919
208 0 -1
367 21 20 25 22 643 919 920 925
209 0 -1
371 98 67 98 67 647 923 924 924
210 0 -1
372 49 58 56 59 648 924 925 932
211 0 -1
373 8 73 8 73 649 925 926 928
212 0 -1
374 26 4 26 4 650 926 927 927
213 0 -1
375 7 90 7 90 651 927 928 928
214 0 -1
377 5 0 6 0 653 929 930 930
215 0 -1
379 4 69 5 69 655 931 932 932
216 0 -1
380 74 20 74 20 656 932 933 933
217 0 -1
381 34 94 34 99 657 933 934 938
218 0 -1
382 60 93 60 93 658 934 935 936
219 0 -1
383 7 76 8 76 659 935 936 936
220 0 -1
388 96 14 97 14 664 940 941 941
221 0 -1
391 55 89 56 89 667 943 944 945
222 0 -1
392 71 27 73 27 668 944 945 946
223 0 -1
394 54 64 54 66 670 946 947 949
224 0 -1
396 44 51 48 51 672 948 949 953
225 0 -1
397 64 56 64 57 673 949 950 950
226 0 -1
400 50 23 52 23 676 952 953 954
227 0 -1
401 47 66 48 67 677 953 954 955
228 0 -1
403 61 11 66 11 679 955 956 960
229 0 -1
404 79 10 80 10 680 956 957 958
230 0 -1
407 29 78 30 78 683 959 960 960
231 0 -1
408 93 39 94 39 684 960 961 963
232 0 -1
411 15 74 15 74 687 963 964 965
233 0 -1
412 7 55 8 55 688 964 965 965
234 0 -1
414 61 81 61 81 690 966 967 967
235 0 -1
418 33 14 33 14 694 970 971 971
236 0 -1
420 99 28 98 28 696 972 973 973
237 0 -1
421 80 88 80 89 697 973 974 975
238 0 -1
423 74 16 75 16 699 975 976 976
239 0 -1
426 72 50 77 50 702 978 979 983
240 0 -1
428 93 85 94 85 704 980 981 982
241 0 -1
433 27 10 27 12 709 985 986 987
242 0 -1
437 21 65 22 65 713 989 990 990
243 0 -1
439 79 39 79 40 715 991 992 993
244 0 -1
441 44 84 48 85 717 993 994 1001
245 0 -1
446 94 86 94 90 722 998 999 1002
246 0 -1
448 59 57 61 57 724 1000 1001 1003
247 0 -1
450 69 38 75 40 726 1002 1003 1010
248 0 -1
452 66 55 68 56 728 1004 1005 1007
249 0 -1
455 80 70 83 70 731 1007 1008 1010
250 0 -1
460 14 39 20 39 736 1012 1013 1018
251 0 -1
461 41 28 41 30 737 1013 1014 1015
252 0 -1
462 54 99 56 100 738 1014 1015 1017
253 0 -1
464 60 32 62 32 740 1016 1017 1018
254 0 -1
469 45 11 46 12 745 1021 1022 1023
255 0 -1
471 15 79 23 79 747 1023 1024 1034
256 0 -1
475 85 95 86 95 751 1027 1028 1029
257 0 -1
478 72 23 72 24 754 1030 1031 1034
258 0 -1
479 34 38 34 39 755 1031 1032 1033
259 0 -1
480 82 1 90 1 756 1032 1033 1040
260 0 -1
481 76 35 79 38 757 1033 1034 1039
261 0 -1
482 88 49 88 49 758 1034 1035 1035
262 0 -1
484 78 77 81 77 760 1036 1037 1040
263 0 -1
486 49 3 49 3 762 1038 1039 1041
264 0 -1
488 59 65 60 66 764 1040 1041 1043
265 0 -1
489 83 72 91 77 765 1041 1042 1054
266 0 -1
491 35 21 37 21 767 1043 1044 1045
267 0 -1
493 8 52 9 52 769 1045 1046 1046
268 0 -1
496 26 64 27 64 772 1048 1049 1049
269 0 -1
501 44 34 44 34 777 1053 1054 1055
270 0 -1
502 43 51 46 51 778 1054 1055 1058
271 0 -1
505 99 78 98 78 781 1057 1058 1059
272 0 -1
506 51 31 53 32 782 1058 1059 1063
273 0 -1
507 86 14 88 15 783 1059 1060 1063
274 0 -1
509 50 8 50 9 785 1061 1062 1062
275 0 -1
511 72 6 74 6 787 1063 1064 1065
276 0 -1
512 34 84 34 85 788 1064 1065 1065
277 0 -1
515 83 71 83 72 791 1067 1068 1070
278 0 -1
516 68 86 79 88 792 1068 1069 1081
279 0 -1
517 51 14 52 15 793 1069 1070 1073
280 0 -1
518 57 78 58 78 794 1070 1071 1072
281 0 -1
520 81 94 81 94 796 1072 1073 1073
282 0 -1
522 36 60 39 63 798 1074 1075 1083
283 0 -1
523 13 44 14 44 799 1075 1076 1076
284 0 -1
525 45 13 46 13 801 1077 1078 1079
285 0 -1
526 1 3 1 5 802 1078 1079 1080
286 0 -1
528 55 39 56 39 804 1080 1081 1085
287 0 -1
530 62 29 64 30 806 1082 1083 1086
288 0 -1
533 62 82 62 83 809 1085 1086 1087
289 0 -1
535 99 74 97 74 811 1087 1088 1090
290 0 -1
536 21 55 22 55 812 1088 1089 1090
291 0 -1
537 99 2 99 2 813 1089 1090 1090
292 0 -1
538 81 82 84 82 814 1090 1091 1093
293 0 -1
540 77 97 81 97 816 1092 1093 1096
294 0 -1
541 2 19 5 19 817 1093 1094 1096
295 0 -1
542 74 98 81 99 818 1094 1095 1102
296 0 -1
543 93 33 93 34 819 1095 1096 1097
297 0 -1
546 77 53 77 54 822 1098 1099 1100
298 0 -1
547 19 34 19 34 823 1099 1100 1101
299 0 -1
550 47 47 47 48 826 1102 1103 1103
300 0 -1
552 35 42 35 44 828 1104 1105 1107
