100 100 2073
4
0 61 23
1 61 8
2 77 8
3 20 22
52
0 0 0 100 6
0
1 0 0 100 6
0
2 0 0 100 6
0
3 0 0 100 6
0
4 0 0 100 6
0
5 0 0 100 6
0
6 0 0 100 6
0
7 0 0 100 6
0
8 0 0 100 6
0
9 0 0 100 6
0
10 0 0 100 6
0
11 0 0 100 6
0
12 0 0 100 6
0
13 1 0 100 6
0
14 1 0 100 6
0
15 1 0 100 6
0
16 1 0 100 6
0
17 1 0 100 6
0
18 1 0 100 6
0
19 1 0 100 6
0
20 1 0 100 6
0
21 1 0 100 6
0
22 1 0 100 6
0
23 1 0 100 6
0
24 1 0 100 6
0
25 1 0 100 6
0
26 2 0 100 6
0
27 2 0 100 6
0
28 2 0 100 6
0
29 2 0 100 6
0
30 2 0 100 6
0
31 2 0 100 6
0
32 2 0 100 6
0
33 2 0 100 6
0
34 2 0 100 6
0
35 2 0 100 6
0
36 2 0 100 6
0
37 2 0 100 6
0
38 2 0 100 6
0
39 3 0 100 6
0
40 3 0 100 6
0
41 3 0 100 6
0
42 3 0 100 6
0
43 3 0 100 6
0
44 3 0 100 6
0
45 3 0 100 6
0
46 3 0 100 6
0
47 3 0 100 6
0
48 3 0 100 6
0
49 3 0 100 6
0
50 3 0 100 6
0
51 3 0 100 6
0
1000
1 1 -1
2 51 41 54 41 174 346 347 349
2 3 -1
5 99 82 95 82 177 349 350 354
3 2 -1
7 19 20 23 20 179 351 352 355
4 0 -1
8 75 30 75 31 180 352 353 361
5 2 -1
9 76 43 81 43 181 353 354 359
6 2 -1
10 36 97 39 97 182 354 355 358
7 1 -1
11 99 96 98 97 183 355 356 361
8 2 -1
12 80 36 81 36 184 356 357 358
9 3 -1
13 30 14 31 15 185 357 358 359
10 0 -1
14 85 34 86 36 186 358 359 361
11 0 -1
15 74 14 76 14 187 359 360 365
12 0 -1
17 61 29 65 29 189 361 362 365
13 2 -1
18 42 66 48 66 190 362 363 368
14 1 -1
19 8 7 9 7 191 363 364 364
15 3 -1
20 31 66 31 67 192 364 365 366
16 1 -1
21 51 35 52 36 193 365 366 367
17 0 -1
22 61 36 61 39 194 366 367 370
18 1 -1
24 80 92 82 92 196 368 369 370
19 3 -1
29 56 7 56 10 201 373 374 379
20 3 -1
30 72 96 72 98 202 374 375 376
21 2 -1
31 60 81 61 82 203 375 376 377
22 3 -1
33 64 83 65 85 205 377 378 383
23 3 -1
35 46 86 46 86 207 379 380 380
24 1 -1
36 35 90 35 92 208 380 381 382
25 2 -1
39 96 43 97 43 211 383 384 384
26 3 -1
40 7 48 7 48 212 384 385 385
27 2 -1
41 20 73 21 73 213 385 386 387
28 2 -1
42 98 45 99 45 214 386 387 387
29 0 -1
43 11 1 11 1 215 387 388 388
30 1 -1
45 66 8 67 8 217 389 390 391
31 2 -1
49 39 9 39 11 221 393 394 396
32 2 -1
52 6 21 8 21 224 396 397 403
33 2 -1
53 59 92 64 92 225 397 398 402
34 3 -1
54 4 94 4 95 226 398 399 399
35 3 -1
56 41 10 49 13 228 400 401 417
36 0 -1
57 88 41 90 41 229 401 402 403
37 0 -1
59 71 83 71 83 231 403 404 404
38 2 -1
61 37 12 37 13 233 405 406 407
39 2 -1
62 38 29 40 29 234 406 407 414
40 2 -1
64 38 81 50 83 236 408 409 427
41 2 -1
69 55 53 55 55 241 413 414 415
42 1 -1
71 0 5 3 10 243 415 416 423
43 0 -1
73 82 17 84 17 245 417 418 422
44 0 -1
76 91 37 91 40 248 420 421 423
45 3 -1
78 8 98 10 98 250 422 423 424
46 0 -1
80 23 10 26 10 252 424 425 427
47 3 -1
81 23 78 25 78 253 425 426 427
48 0 -1
82 67 85 67 86 254 426 427 432
49 3 -1
83 90 37 92 39 255 427 428 432
50 0 -1
84 69 68 69 68 256 428 429 429
51 3 -1
86 55 11 57 15 258 430 431 440
52 1 -1
87 5 81 5 81 259 431 432 432
53 3 -1
90 30 64 31 64 262 434 435 435
54 1 -1
91 42 90 45 90 263 435 436 439
55 1 -1
92 46 96 46 97 264 436 437 437
56 3 -1
93 39 55 42 55 265 437 438 440
57 2 -1
94 18 13 20 14 266 438 439 444
58 1 -1
96 16 37 16 37 268 440 441 442
59 2 -1
103 78 76 81 76 275 447 448 450
60 3 -1
105 10 14 12 14 277 449 450 451
61 3 -1
106 60 31 61 36 278 450 451 460
62 1 -1
107 16 34 17 34 279 451 452 454
63 0 -1
108 34 74 34 81 280 452 453 460
64 1 -1
110 80 20 87 20 282 454 455 462
65 3 -1
111 74 88 75 88 283 455 456 456
66 1 -1
114 13 84 14 87 286 458 459 464
67 2 -1
115 31 96 33 98 287 459 460 464
68 1 -1
116 9 97 11 97 288 460 461 472
69 0 -1
119 60 26 61 26 291 463 464 466
70 1 -1
120 36 66 36 66 292 464 465 465
71 1 -1
122 13 50 16 51 294 466 467 470
72 2 -1
123 52 77 55 77 295 467 468 470
73 2 -1
124 78 86 82 86 296 468 469 472
74 0 -1
127 11 49 11 49 299 471 472 472
75 2 -1
128 78 87 79 72 300 472 473 491
76 2 -1
130 15 84 16 84 302 474 475 475
77 2 -1
132 88 88 89 74 304 476 477 491
78 0 -1
134 1 53 2 53 306 478 479 479
79 2 -1
135 35 45 39 46 307 479 480 490
80 2 -1
136 51 87 51 89 308 480 481 482
81 2 -1
139 2 31 2 32 311 483 484 484
82 2 -1
140 15 15 18 15 312 484 485 488
83 0 -1
141 61 23 64 25 313 485 486 490
84 1 -1
144 52 1 55 2 316 488 489 493
85 1 -1
145 88 38 88 39 317 489 490 491
86 3 -1
146 52 23 53 23 318 490 491 491
87 1 -1
147 93 80 94 80 319 491 492 492
88 3 -1
148 49 49 49 50 320 492 493 493
89 2 -1
149 89 79 91 79 321 493 494 495
90 2 -1
150 72 20 75 21 322 494 495 500
91 2 -1
153 51 75 52 75 325 497 498 498
92 2 -1
154 87 98 90 98 326 498 499 502
93 3 -1
155 57 23 59 23 327 499 500 503
94 3 -1
156 8 67 8 69 328 500 501 505
95 2 -1
157 44 33 46 36 329 501 502 506
96 0 -1
160 84 36 88 36 332 504 505 510
97 0 -1
162 41 47 42 47 334 506 507 507
98 1 -1
163 44 88 45 88 335 507 508 508
99 2 -1
166 77 9 77 11 338 510 511 512
100 0 -1
167 98 14 94 15 339 511 512 516
101 0 -1
168 59 39 60 39 340 512 513 514
102 3 -1
169 81 52 84 52 341 513 514 518
103 1 -1
170 38 9 43 9 342 514 515 519
104 2 -1
172 1 11 2 12 344 516 517 521
105 1 -1
173 49 81 53 81 345 517 518 522
106 3 -1
174 22 55 22 56 346 518 519 520
107 1 -1
179 30 78 30 78 351 523 524 524
108 2 -1
183 91 1 94 2 355 527 528 532
109 3 -1
184 3 2 5 2 356 528 529 530
110 3 -1
185 78 7 78 9 357 529 530 531
111 0 -1
186 99 31 95 31 358 530 531 539
112 2 -1
187 45 60 47 63 359 531 532 537
113 3 -1
189 67 28 71 29 361 533 534 538
114 0 -1
190 49 40 52 42 362 534 535 539
115 3 -1
193 83 14 83 15 365 537 538 538
116 1 -1
196 18 99 20 99 368 540 541 542
117 1 -1
197 35 52 35 52 369 541 542 542
118 2 -1
198 82 47 87 52 370 542 543 560
119 0 -1
199 58 16 58 16 371 543 544 544
120 0 -1
200 52 29 53 29 372 544 545 546
121 3 -1
201 74 8 75 8 373 545 546 546
122 2 -1
204 64 17 64 17 376 548 549 549
123 1 -1
208 47 90 47 90 380 552 553 553
124 2 -1
209 91 24 91 25 381 553 554 554
125 0 -1
211 4 55 4 57 383 555 556 558
126 1 -1
212 0 93 0 94 384 556 557 558
127 1 -1
213 63 41 65 47 385 557 558 565
128 0 -1
214 68 70 68 74 386 558 559 563
129 3 -1
218 32 96 35 97 390 562 563 569
130 1 -1
219 19 38 19 40 391 563 564 565
131 2 -1
224 87 1 88 3 396 568 569 571
132 1 -1
225 99 37 98 37 397 569 570 571
133 0 -1
229 88 38 89 41 401 573 574 579
134 2 -1
230 56 23 56 24 402 574 575 575
135 0 -1
231 36 31 38 31 403 575 576 578
136 0 -1
236 86 37 87 37 408 580 581 582
137 2 -1
237 21 11 23 11 409 581 582 583
138 1 -1
240 63 19 67 23 412 584 585 595
139 2 -1
242 49 53 50 54 414 586 587 588
140 1 -1
244 86 66 86 69 416 588 589 593
141 0 -1
245 8 37 12 38 417 589 590 595
142 1 -1
246 0 41 1 41 418 590 591 593
143 3 -1
247 1 93 3 93 419 591 592 594
144 2 -1
248 76 11 76 11 420 592 593 595
145 3 -1
250 71 14 71 15 422 594 595 596
146 1 -1
251 66 6 68 6 423 595 596 598
147 1 -1
253 14 25 15 25 425 597 598 598
148 2 -1
255 97 63 99 63 427 599 600 601
149 1 -1
256 63 12 65 14 428 600 601 604
150 2 -1
257 34 14 36 15 429 601 602 605
151 2 -1
258 13 28 13 29 430 602 603 603
152 1 -1
260 52 56 52 56 432 604 605 606
153 1 -1
261 47 0 58 0 433 605 606 617
154 2 -1
266 32 91 34 91 438 610 611 614
155 3 -1
267 97 21 99 21 439 611 612 614
156 3 -1
268 78 89 80 89 440 612 613 614
157 0 -1
269 35 91 35 92 441 613 614 614
158 2 -1
271 93 68 95 69 443 615 616 621
159 3 -1
272 94 81 94 81 444 616 617 617
160 0 -1
274 77 99 85 95 446 618 619 631
161 2 -1
277 24 26 25 26 449 621 622 623
162 1 -1
278 66 12 71 13 450 622 623 628
163 3 -1
279 12 60 12 60 451 623 624 627
164 0 -1
280 99 74 97 75 452 624 625 627
165 0 -1
283 96 53 97 53 455 627 628 628
166 2 -1
285 65 12 68 12 457 629 630 632
167 3 -1
286 34 58 37 58 458 630 631 633
168 2 -1
289 78 24 78 25 461 633 634 636
169 1 -1
293 5 65 6 66 465 637 638 641
170 3 -1
294 59 63 60 64 466 638 639 642
171 2 -1
295 68 68 70 68 467 639 640 641
172 3 -1
296 50 82 51 82 468 640 641 644
173 2 -1
303 78 84 79 87 475 647 648 656
174 0 -1
305 87 36 90 36 477 649 650 654
175 1 -1
306 39 73 39 74 478 650 651 651
176 0 -1
307 57 16 57 18 479 651 652 653
177 2 -1
310 60 11 60 14 482 654 655 658
178 2 -1
311 54 17 55 17 483 655 656 659
179 0 -1
312 53 85 53 85 484 656 657 665
180 3 -1
313 98 21 99 21 485 657 658 658
181 0 -1
315 2 62 3 62 487 659 660 661
182 1 -1
320 80 14 83 19 492 664 665 680
183 1 -1
321 49 79 52 79 493 665 666 668
184 2 -1
323 73 19 84 19 495 667 668 680
185 0 -1
325 62 81 63 82 497 669 670 677
186 2 -1
326 85 56 86 56 498 670 671 671
187 2 -1
327 44 32 44 34 499 671 672 674
188 0 -1
328 83 35 86 35 500 672 673 677
189 0 -1
329 60 33 62 33 501 673 674 676
190 2 -1
330 84 17 87 17 502 674 675 679
191 1 -1
337 28 30 29 38 509 681 682 694
192 2 -1
340 0 40 3 40 512 684 685 687
193 3 -1
342 30 23 31 23 514 686 687 687
194 2 -1
343 88 97 88 100 515 687 688 690
195 2 -1
345 71 58 81 60 517 689 690 701
196 0 -1
349 43 40 44 40 521 693 694 694
197 1 -1
351 65 22 66 22 523 695 696 696
198 1 -1
354 90 75 92 77 526 698 699 704
199 3 -1
356 12 42 13 42 528 700 701 701
200 1 -1
357 4 17 6 19 529 701 702 705
201 3 -1
358 94 46 87 46 530 702 703 709
202 3 -1
359 11 32 13 33 531 703 704 706
203 1 -1
360 73 23 74 23 532 704 705 706
204 2 -1
361 39 64 45 64 533 705 706 711
205 1 -1
363 45 83 45 84 535 707 708 708
206 3 -1
364 45 39 46 39 536 708 709 709
207 2 -1
365 44 91 44 91 537 709 710 711
208 0 -1
367 40 61 43 64 539 711 712 717
209 1 -1
371 59 86 60 86 543 715 716 716
210 0 -1
372 97 36 92 38 544 716 717 724
211 2 -1
373 76 45 79 45 545 717 718 720
212 2 -1
374 90 26 90 26 546 718 719 719
213 0 -1
375 33 56 34 56 547 719 720 720
214 3 -1
377 94 85 95 85 549 721 722 722
215 3 -1
379 38 3 38 3 551 723 724 724
216 1 -1
380 66 96 66 97 552 724 725 725
217 1 -1
381 19 26 21 26 553 725 726 730
218 3 -1
382 73 18 73 20 554 726 727 728
219 2 -1
383 16 25 16 25 555 727 728 728
220 1 -1
388 24 5 24 5 560 732 733 733
221 1 -1
391 10 24 11 25 563 735 736 737
222 0 -1
392 88 47 89 47 564 736 737 738
223 1 -1
394 23 66 25 66 566 738 739 741
224 3 -1
396 34 64 36 65 568 740 741 745
225 3 -1
397 96 20 97 20 569 741 742 742
226 1 -1
400 27 47 27 49 572 744 745 746
227 0 -1
401 18 67 19 67 573 745 746 747
228 0 -1
403 54 13 57 14 575 747 748 752
229 1 -1
404 76 66 76 67 576 748 749 750
230 1 -1
407 56 51 56 51 579 751 752 752
231 3 -1
408 74 6 74 7 580 752 753 755
232 0 -1
411 19 59 21 59 583 755 756 757
233 3 -1
412 29 8 30 8 584 756 757 757
234 0 -1
414 92 80 93 80 586 758 759 759
235 0 -1
418 13 77 13 77 590 762 763 763
236 2 -1
420 96 8 96 9 592 764 765 765
237 0 -1
421 40 12 40 12 593 765 766 767
238 0 -1
423 81 0 81 0 595 767 768 768
239 2 -1
426 26 56 31 56 598 770 771 775
240 2 -1
428 99 60 98 60 600 772 773 774
241 0 -1
433 6 18 7 19 605 777 778 779
242 1 -1
437 54 8 54 9 609 781 782 782
243 1 -1
439 68 34 68 35 611 783 784 785
244 0 -1
441 52 73 58 73 613 785 786 793
245 0 -1
446 11 45 15 45 618 790 791 794
246 1 -1
448 42 0 43 1 620 792 793 795
247 1 -1
450 8 76 9 77 622 794 795 802
248 2 -1
452 76 60 79 60 624 796 797 799
249 1 -1
455 79 97 82 97 627 799 800 802
250 3 -1
460 90 56 91 61 632 804 805 810
251 0 -1
461 27 13 27 14 633 805 806 807
252 1 -1
462 61 52 63 53 634 806 807 809
253 1 -1
464 99 7 98 8 636 808 809 810
254 2 -1
469 65 48 66 48 641 813 814 815
255 2 -1
471 55 12 60 18 643 815 816 826
256 3 -1
475 75 30 76 30 647 819 820 821
257 2 -1
478 42 6 45 7 650 822 823 826
258 2 -1
479 70 72 70 72 651 823 824 825
259 1 -1
480 45 2 53 2 652 824 825 832
260 0 -1
481 97 58 91 58 653 825 826 831
261 2 -1
482 30 35 31 35 654 826 827 827
262 1 -1
484 77 20 78 21 656 828 829 832
263 2 -1
486 47 25 47 28 658 830 831 833
264 2 -1
488 67 20 68 22 660 832 833 835
265 2 -1
489 17 68 30 68 661 833 834 846
266 2 -1
491 74 29 76 29 663 835 836 837
267 3 -1
493 49 93 49 93 665 837 838 838
268 0 -1
496 48 63 49 63 668 840 841 841
269 0 -1
501 25 28 25 30 673 845 846 847
270 2 -1
502 16 24 18 26 674 846 847 850
271 3 -1
505 31 45 31 47 677 849 850 851
272 0 -1
506 17 32 21 32 678 850 851 855
273 2 -1
507 41 77 41 81 679 851 852 855
274 1 -1
509 37 82 38 82 681 853 854 854
275 1 -1
511 47 23 48 23 683 855 856 857
276 0 -1
512 66 34 67 34 684 856 857 857
277 0 -1
515 83 11 84 13 687 859 860 862
278 2 -1
516 71 95 80 95 688 860 861 873
279 3 -1
517 78 92 81 92 689 861 862 865
280 1 -1
518 97 92 99 92 690 862 863 864
281 0 -1
520 27 15 28 15 692 864 865 865
282 1 -1
522 45 96 53 96 694 866 867 875
283 3 -1
523 50 9 51 9 695 867 868 868
284 1 -1
525 37 46 37 48 697 869 870 871
285 1 -1
526 96 8 98 8 698 870 871 872
286 2 -1
528 43 45 44 49 700 872 873 877
287 0 -1
530 89 61 90 63 702 874 875 878
288 3 -1
533 31 50 33 50 705 877 878 879
289 3 -1
535 67 98 68 100 707 879 880 882
290 1 -1
536 99 58 97 58 708 880 881 882
291 0 -1
537 70 97 71 97 709 881 882 882
292 1 -1
538 3 52 5 52 710 882 883 885
293 2 -1
540 27 94 29 95 712 884 885 888
294 2 -1
541 6 27 9 27 713 885 886 888
295 2 -1
542 90 42 94 42 714 886 887 894
296 1 -1
543 59 4 59 6 715 887 888 889
297 3 -1
546 93 0 93 0 718 890 891 892
298 0 -1
547 39 53 39 55 719 891 892 893
299 3 -1
550 78 17 78 18 722 894 895 895
300 2 -1
552 72 77 75 77 724 896 897 899
301 3 -1
553 94 93 95 94 725 897 898 899
302 3 -1
555 2 40 7 40 727 899 900 904
303 0 -1
556 93 58 94 58 728 900 901 902
304 3 -1
558 18 97 18 97 730 902 903 903
305 1 -1
559 43 52 44 52 731 903 904 908
306 1 -1
560 98 3 96 3 732 904 905 906
307 2 -1
562 37 14 38 14 734 906 907 907
308 1 -1
565 21 22 25 22 737 909 910 913
309 2 -1
566 34 44 36 45 738 910 911 914
310 0 -1
567 5 71 5 72 739 911 912 912
311 2 -1
570 65 10 65 12 742 914 915 918
312 2 -1
572 79 90 81 90 744 916 917 919
313 3 -1
573 53 7 55 7 745 917 918 920
314 2 -1
575 54 92 54 93 747 919 920 921
315 3 -1
577 15 56 16 56 749 921 922 922
316 1 -1
578 0 3 2 3 750 922 923 924
317 1 -1
579 14 98 19 98 751 923 924 928
318 1 -1
580 23 66 24 66 752 924 925 925
319 1 -1
585 97 58 94 58 757 929 930 932
320 3 -1
588 51 29 52 32 760 932 933 937
321 1 -1
589 39 84 51 86 761 933 934 948
322 1 -1
592 56 67 57 67 764 936 937 937
323 1 -1
594 16 33 17 33 766 938 939 940
324 3 -1
595 21 94 28 94 767 939 940 954
325 3 -1
596 54 43 58 43 768 940 941 944
326 2 -1
597 95 2 87 2 769 941 942 949
327 1 -1
599 69 20 77 20 771 943 944 951
328 2 -1
600 38 59 40 59 772 944 945 947
329 2 -1
601 28 20 29 20 773 945 946 947
330 0 -1
603 74 57 75 57 775 947 948 949
331 2 -1
608 2 19 4 19 780 952 953 955
332 3 -1
609 96 37 97 37 781 953 954 954
333 0 -1
610 31 20 33 21 782 954 955 959
334 3 -1
611 2 24 5 25 783 955 956 959
335 1 -1
613 23 65 23 70 785 957 958 965
336 2 -1
614 13 10 18 10 786 958 959 964
337 0 -1
615 20 59 21 59 787 959 960 960
338 0 -1
616 54 46 55 47 788 960 961 962
339 3 -1
619 34 84 34 84 791 963 964 968
340 1 -1
620 97 86 97 86 792 964 965 966
341 1 -1
621 53 6 58 6 793 965 966 970
342 1 -1
622 49 61 50 61 794 966 967 969
343 3 -1
623 0 81 0 81 795 967 968 969
344 2 -1
624 38 55 39 55 796 968 969 969
345 3 -1
625 82 87 82 89 797 969 970 971
346 3 -1
628 21 61 21 62 800 972 973 973
347 3 -1
629 77 40 80 40 801 973 974 978
348 1 -1
630 74 17 75 17 802 974 975 975
349 1 -1
634 36 90 36 91 806 978 979 979
350 0 -1
635 54 76 56 76 807 979 980 981
351 1 -1
636 18 79 18 79 808 980 981 982
352 3 -1
637 85 66 85 66 809 981 982 983
353 3 -1
639 51 30 51 30 811 983 984 984
354 3 -1
640 15 54 15 55 812 984 985 986
355 1 -1
641 2 81 3 81 813 985 986 987
356 1 -1
643 65 97 66 100 815 987 988 993
357 0 -1
645 49 8 50 9 817 989 990 991
358 1 -1
646 29 64 31 64 818 990 991 992
359 2 -1
648 29 72 29 73 820 992 993 993
360 2 -1
649 78 18 88 18 821 993 994 1003
361 3 -1
650 26 27 27 27 822 994 995 995
362 1 -1
651 71 74 75 74 823 995 996 999
363 2 -1
652 88 48 74 48 824 996 997 1011
364 1 -1
653 67 76 67 77 825 997 998 998
365 0 -1
656 82 1 83 1 828 1000 1001 1001
366 2 -1
662 2 40 2 41 834 1006 1007 1008
367 2 -1
663 49 15 51 19 835 1007 1008 1015
368 3 -1
664 72 14 74 14 836 1008 1009 1010
369 3 -1
665 46 12 46 13 837 1009 1010 1010
370 1 -1
666 89 11 89 13 838 1010 1011 1012
371 0 -1
667 21 68 24 68 839 1011 1012 1014
372 3 -1
669 39 93 40 93 841 1013 1014 1014
373 3 -1
672 53 91 57 91 844 1016 1017 1020
374 2 -1
673 50 61 52 61 845 1017 1018 1019
375 2 -1
674 49 45 53 45 846 1018 1019 1022
376 3 -1
675 92 19 96 19 847 1019 1020 1024
377 1 -1
678 4 88 6 89 850 1022 1023 1026
378 0 -1
679 79 82 82 82 851 1023 1024 1026
379 2 -1
680 87 67 91 67 852 1024 1025 1030
380 1 -1
681 94 26 96 26 853 1025 1026 1027
381 3 -1
682 1 62 2 62 854 1026 1027 1028
382 0 -1
684 54 18 54 19 856 1028 1029 1030
383 3 -1
685 5 15 10 15 857 1029 1030 1034
384 1 -1
687 39 69 39 69 859 1031 1032 1036
385 0 -1
688 84 77 84 79 860 1032 1033 1034
386 0 -1
689 24 99 26 99 861 1033 1034 1035
387 3 -1
690 4 6 4 7 862 1034 1035 1036
388 3 -1
691 72 69 73 69 863 1035 1036 1037
389 1 -1
692 67 80 67 82 864 1036 1037 1038
390 1 -1
694 36 45 37 45 866 1038 1039 1041
391 2 -1
696 44 23 46 23 868 1040 1041 1042
392 1 -1
698 95 77 97 77 870 1042 1043 1047
393 3 -1
700 64 43 64 44 872 1044 1045 1045
394 2 -1
701 61 52 62 52 873 1045 1046 1046
395 0 -1
702 59 13 65 14 874 1046 1047 1053
396 3 -1
703 76 36 77 37 875 1047 1048 1049
397 2 -1
704 72 97 73 97 876 1048 1049 1050
398 0 -1
705 15 52 15 56 877 1049 1050 1053
399 2 -1
706 12 28 14 28 878 1050 1051 1052
400 2 -1
707 56 89 60 89 879 1051 1052 1055
401 2 -1
708 78 24 78 31 880 1052 1053 1059
402 3 -1
710 63 4 65 4 882 1054 1055 1057
403 2 -1
712 44 3 45 3 884 1056 1057 1057
404 1 -1
714 21 23 22 23 886 1058 1059 1059
405 2 -1
716 82 25 83 25 888 1060 1061 1061
406 0 -1
718 33 56 33 59 890 1062 1063 1070
407 1 -1
719 71 99 71 100 891 1063 1064 1064
408 2 -1
720 25 15 26 15 892 1064 1065 1066
409 3 -1
722 69 94 70 94 894 1066 1067 1068
410 0 -1
724 17 26 19 26 896 1068 1069 1070
411 1 -1
725 2 84 8 86 897 1069 1070 1080
412 2 -1
726 17 36 17 37 898 1070 1071 1074
413 0 -1
727 97 87 98 89 899 1071 1072 1074
414 3 -1
728 15 38 18 40 900 1072 1073 1077
415 0 -1
729 73 59 74 59 901 1073 1074 1074
416 3 -1
731 72 67 72 68 903 1075 1076 1076
417 0 -1
733 45 58 47 58 905 1077 1078 1079
418 1 -1
734 86 72 86 74 906 1078 1079 1080
419 3 -1
735 75 12 77 12 907 1079 1080 1082
420 0 -1
736 39 15 40 16 908 1080 1081 1082
421 0 -1
737 11 56 14 56 909 1081 1082 1084
422 2 -1
742 60 88 65 88 914 1086 1087 1091
423 2 -1
744 75 25 77 25 916 1088 1089 1090
424 1 -1
745 51 2 54 4 917 1089 1090 1094
425 3 -1
748 71 82 72 83 920 1092 1093 1094
426 3 -1
750 18 75 18 76 922 1094 1095 1095
427 0 -1
751 76 50 77 50 923 1095 1096 1096
428 3 -1
752 5 22 8 22 924 1096 1097 1099
429 0 -1
753 18 4 19 4 925 1097 1098 1098
430 2 -1
754 99 67 95 69 926 1098 1099 1104
431 1 -1
755 62 81 63 81 927 1099 1100 1101
432 3 -1
757 91 93 93 93 929 1101 1102 1103
433 2 -1
758 46 99 46 93 930 1102 1103 1110
434 3 -1
759 55 78 56 79 931 1103 1104 1105
435 2 -1
760 78 50 78 50 932 1104 1105 1105
436 1 -1
766 8 50 10 50 938 1110 1111 1112
437 3 -1
767 58 25 59 26 939 1111 1112 1113
438 0 -1
768 50 16 52 17 940 1112 1113 1115
439 2 -1
771 42 67 42 67 943 1115 1116 1116
440 1 -1
772 43 80 43 80 944 1116 1117 1118
441 2 -1
773 56 95 57 95 945 1117 1118 1120
442 2 -1
775 40 64 40 68 947 1119 1120 1124
443 1 -1
777 80 23 81 23 949 1121 1122 1123
444 2 -1
778 36 90 37 91 950 1122 1123 1124
445 1 -1
779 47 94 47 94 951 1123 1124 1126
446 3 -1
781 6 58 7 58 953 1125 1126 1126
447 2 -1
782 78 0 82 0 954 1126 1127 1130
448 2 -1
784 30 6 30 6 956 1128 1129 1130
449 0 -1
787 31 65 33 65 959 1131 1132 1133
450 2 -1
788 57 65 58 65 960 1132 1133 1133
451 0 -1
789 40 80 41 82 961 1133 1134 1137
452 3 -1
790 92 68 93 68 962 1134 1135 1136
453 2 -1
791 28 41 33 41 963 1135 1136 1140
454 1 -1
793 67 10 68 10 965 1137 1138 1140
455 1 -1
794 78 8 82 8 966 1138 1139 1142
456 0 -1
795 92 83 94 83 967 1139 1140 1141
457 0 -1
796 81 50 85 50 968 1140 1141 1144
458 2 -1
797 52 98 52 99 969 1141 1142 1142
459 1 -1
798 94 17 94 17 970 1142 1143 1145
460 1 -1
799 17 63 17 64 971 1143 1144 1145
461 3 -1
800 32 24 36 25 972 1144 1145 1149
462 3 -1
802 29 99 29 97 974 1146 1147 1150
463 2 -1
803 39 87 41 87 975 1147 1148 1149
464 3 -1
805 32 97 35 98 977 1149 1150 1154
465 3 -1
806 92 81 96 83 978 1150 1151 1159
466 3 -1
807 89 7 91 7 979 1151 1152 1153
467 0 -1
810 35 32 35 33 982 1154 1155 1155
468 0 -1
813 83 77 83 77 985 1157 1158 1158
469 0 -1
818 52 33 52 35 990 1162 1163 1164
470 0 -1
820 94 52 94 52 992 1164 1165 1167
471 3 -1
824 8 49 8 50 996 1168 1169 1170
472 1 -1
825 82 52 84 52 997 1169 1170 1172
473 2 -1
827 39 53 39 53 999 1171 1172 1172
474 2 -1
828 9 21 16 22 1000 1172 1173 1182
475 0 -1
830 61 78 62 80 1002 1174 1175 1177
476 1 -1
831 58 26 58 26 1003 1175 1176 1176
477 2 -1
833 30 14 31 14 1005 1177 1178 1179
478 3 -1
834 48 14 48 16 1006 1178 1179 1180
479 3 -1
835 58 1 58 2 1007 1179 1180 1189
480 1 -1
839 67 42 68 42 1011 1183 1184 1185
481 1 -1
841 97 7 99 7 1013 1185 1186 1189
482 2 -1
842 6 0 8 0 1014 1186 1187 1188
483 0 -1
844 63 75 67 76 1016 1188 1189 1193
484 0 -1
845 98 39 98 41 1017 1189 1190 1191
485 2 -1
846 19 23 19 23 1018 1190 1191 1196
486 2 -1
847 2 29 2 30 1019 1191 1192 1192
487 2 -1
850 59 72 60 73 1022 1194 1195 1197
488 2 -1
851 85 55 86 57 1023 1195 1196 1199
489 1 -1
854 55 46 56 46 1026 1198 1199 1199
490 3 -1
856 5 89 6 91 1028 1200 1201 1203
491 3 -1
859 98 63 94 63 1031 1203 1204 1208
492 3 -1
860 48 98 48 99 1032 1204 1205 1205
493 3 -1
861 23 62 23 62 1033 1205 1206 1207
494 0 -1
864 7 46 9 47 1036 1208 1209 1211
495 0 -1
867 75 24 76 24 1039 1211 1212 1212
496 0 -1
868 84 5 86 5 1040 1212 1213 1214
497 2 -1
871 16 15 26 20 1043 1215 1216 1231
498 3 -1
873 65 13 67 13 1045 1217 1218 1219
499 2 -1
874 69 14 70 18 1046 1218 1219 1223
500 1 -1
875 16 74 17 75 1047 1219 1220 1222
501 2 -1
877 13 92 13 92 1049 1221 1222 1224
502 0 -1
878 8 7 9 7 1050 1222 1223 1224
503 3 -1
879 73 12 74 13 1051 1223 1224 1225
504 0 -1
880 68 25 72 25 1052 1224 1225 1228
505 0 -1
881 63 21 69 21 1053 1225 1226 1231
506 3 -1
882 54 8 54 9 1054 1226 1227 1228
507 3 -1
885 35 67 35 67 1057 1229 1230 1230
508 3 -1
887 88 96 88 96 1059 1231 1232 1234
509 1 -1
889 6 79 9 79 1061 1233 1234 1236
510 3 -1
891 19 88 20 89 1063 1235 1236 1237
511 2 -1
893 4 5 4 7 1065 1237 1238 1239
512 0 -1
894 86 56 88 56 1066 1238 1239 1241
513 3 -1
895 81 47 82 47 1067 1239 1240 1242
514 2 -1
896 15 84 17 84 1068 1240 1241 1242
515 0 -1
897 89 94 90 94 1069 1241 1242 1242
516 3 -1
898 55 99 57 99 1070 1242 1243 1244
517 2 -1
899 25 29 26 30 1071 1243 1244 1245
518 2 -1
900 64 44 66 44 1072 1244 1245 1250
519 3 -1
901 74 68 75 68 1073 1245 1246 1247
520 2 -1
902 44 98 44 98 1074 1246 1247 1247
521 3 -1
905 19 92 20 92 1077 1249 1250 1250
522 0 -1
910 82 69 82 70 1082 1254 1255 1255
523 1 -1
912 9 64 14 66 1084 1256 1257 1266
524 0 -1
914 99 69 93 70 1086 1258 1259 1265
525 3 -1
917 27 80 30 81 1089 1261 1262 1265
526 0 -1
919 75 90 75 90 1091 1263 1264 1265
527 0 -1
920 46 31 46 34 1092 1264 1265 1267
528 1 -1
921 79 98 80 98 1093 1265 1266 1266
529 0 -1
923 33 0 34 0 1095 1267 1268 1268
530 3 -1
925 28 86 31 86 1097 1269 1270 1272
531 3 -1
926 39 62 47 62 1098 1270 1271 1279
532 1 -1
927 22 86 22 87 1099 1271 1272 1274
533 2 -1
928 77 79 80 79 1100 1272 1273 1276
534 1 -1
929 27 8 27 8 1101 1273 1274 1274
535 3 -1
931 45 23 46 24 1103 1275 1276 1277
536 0 -1
933 1 21 6 23 1105 1277 1278 1284
537 3 -1
935 6 34 6 36 1107 1279 1280 1281
538 1 -1
936 5 24 6 24 1108 1280 1281 1281
539 2 -1
937 47 52 51 52 1109 1281 1282 1285
540 3 -1
938 74 67 77 67 1110 1282 1283 1286
541 0 -1
940 69 74 69 76 1112 1284 1285 1286
542 2 -1
942 56 8 56 8 1114 1286 1287 1287
543 1 -1
943 58 23 61 24 1115 1287 1288 1294
544 2 -1
944 21 9 21 9 1116 1288 1289 1289
545 3 -1
945 44 3 45 4 1117 1289 1290 1292
546 3 -1
947 12 87 23 89 1119 1291 1292 1304
547 2 -1
948 73 14 75 14 1120 1292 1293 1295
548 0 -1
950 20 77 21 77 1122 1294 1295 1296
549 1 -1
951 45 44 45 46 1123 1295 1296 1297
550 0 -1
954 66 25 66 27 1126 1298 1299 1300
551 2 -1
955 68 69 69 69 1127 1299 1300 1300
552 1 -1
957 24 63 24 63 1129 1301 1302 1304
553 3 -1
958 66 66 67 66 1130 1302 1303 1303
554 1 -1
963 54 12 56 13 1135 1307 1308 1310
555 3 -1
964 85 72 85 72 1136 1308 1309 1310
556 2 -1
966 80 91 80 93 1138 1310 1311 1312
557 3 -1
969 48 31 48 31 1141 1313 1314 1315
558 2 -1
972 32 27 37 27 1144 1316 1317 1322
559 1 -1
973 10 21 10 22 1145 1317 1318 1321
560 2 -1
974 47 67 47 75 1146 1318 1319 1328
561 1 -1
976 49 79 49 82 1148 1320 1321 1325
562 1 -1
979 83 41 83 41 1151 1323 1324 1327
563 0 -1
981 92 89 92 89 1153 1325 1326 1326
564 0 -1
983 57 35 57 35 1155 1327 1328 1330
565 1 -1
984 3 21 3 27 1156 1328 1329 1334
566 2 -1
987 92 78 95 79 1159 1331 1332 1335
567 3 -1
989 68 21 69 23 1161 1333 1334 1336
568 2 -1
990 41 12 44 12 1162 1334 1335 1338
569 1 -1
992 84 16 86 17 1164 1336 1337 1340
570 1 -1
993 59 78 59 80 1165 1337 1338 1339
571 3 -1
994 59 66 62 67 1166 1338 1339 1342
572 1 -1
996 65 24 67 24 1168 1340 1341 1342
573 3 -1
997 71 67 73 67 1169 1341 1342 1343
574 3 -1
998 31 84 31 85 1170 1342 1343 1343
575 2 -1
999 72 34 73 35 1171 1343 1344 1345
576 1 -1
1001 75 62 89 90 1173 1345 1346 1394
577 0 -1
1004 21 14 22 14 1176 1348 1349 1350
578 2 -1
1008 49 32 50 32 1180 1352 1353 1353
579 3 -1
1010 55 4 56 5 1182 1354 1355 1356
580 0 -1
1012 32 66 32 67 1184 1356 1357 1357
581 3 -1
1015 42 99 42 99 1187 1359 1360 1360
582 0 -1
1016 91 97 92 97 1188 1360 1361 1361
583 3 -1
1017 20 32 22 32 1189 1361 1362 1364
584 2 -1
1018 49 77 50 89 1190 1362 1363 1376
585 1 -1
1019 94 40 98 40 1191 1363 1364 1373
586 2 -1
1020 82 94 82 94 1192 1364 1365 1367
587 2 -1
1021 86 34 86 34 1193 1365 1366 1366
588 0 -1
1022 42 32 55 32 1194 1366 1367 1380
589 2 -1
1025 7 41 7 44 1197 1369 1370 1374
590 1 -1
1027 38 36 38 37 1199 1371 1372 1372
591 1 -1
1028 24 87 25 87 1200 1372 1373 1373
592 0 -1
1031 65 4 74 4 1203 1375 1376 1384
593 1 -1
1032 24 68 31 68 1204 1376 1377 1383
594 3 -1
1033 77 83 80 84 1205 1377 1378 1381
595 2 -1
1035 26 56 28 56 1207 1379 1380 1381
596 0 -1
1036 7 10 9 10 1208 1380 1381 1382
597 1 -1
1037 48 21 48 21 1209 1381 1382 1382
598 2 -1
1039 71 28 72 28 1211 1383 1384 1384
599 3 -1
1040 23 65 24 65 1212 1384 1385 1385
600 1 -1
1042 70 68 70 69 1214 1386 1387 1397
601 2 -1
1044 19 20 22 21 1216 1388 1389 1392
602 0 -1
1045 15 97 15 97 1217 1389 1390 1392
603 0 -1
1051 28 21 29 21 1223 1395 1396 1396
604 1 -1
1053 49 8 49 8 1225 1397 1398 1398
605 1 -1
1056 3 26 3 28 1228 1400 1401 1402
606 0 -1
1057 90 57 92 57 1229 1401 1402 1403
607 1 -1
1059 57 64 60 65 1231 1403 1404 1407
608 2 -1
1060 38 92 43 92 1232 1404 1405 1409
609 2 -1
1063 0 12 1 12 1235 1407 1408 1410
610 2 -1
1065 79 56 81 57 1237 1409 1410 1412
611 3 -1
1066 84 84 84 84 1238 1410 1411 1412
612 3 -1
1067 83 56 84 56 1239 1411 1412 1412
613 3 -1
1070 9 14 12 19 1242 1414 1415 1426
614 2 -1
1071 52 61 56 62 1243 1415 1416 1420
615 2 -1
1073 66 54 78 57 1245 1417 1418 1432
616 0 -1
1074 47 54 48 54 1246 1418 1419 1419
617 2 -1
1075 44 83 45 85 1247 1419 1420 1422
618 0 -1
1078 70 87 70 88 1250 1422 1423 1426
619 1 -1
1082 47 39 48 39 1254 1426 1427 1427
620 2 -1
1083 34 44 36 44 1255 1427 1428 1429
621 0 -1
1084 4 68 8 68 1256 1428 1429 1434
622 1 -1
1085 19 49 21 49 1257 1429 1430 1432
623 2 -1
1086 22 27 25 27 1258 1430 1431 1434
624 1 -1
1090 99 6 98 6 1262 1434 1435 1435
625 2 -1
1091 83 23 84 24 1263 1435 1436 1439
626 2 -1
1092 62 93 63 93 1264 1436 1437 1437
627 0 -1
1095 77 64 77 64 1267 1439 1440 1442
628 0 -1
1097 1 14 1 16 1269 1441 1442 1444
629 1 -1
1098 57 82 58 83 1270 1442 1443 1446
630 1 -1
1099 35 15 39 16 1271 1443 1444 1448
631 1 -1
1100 98 75 94 76 1272 1444 1445 1449
632 3 -1
1102 48 26 49 26 1274 1446 1447 1449
633 0 -1
1103 69 19 76 19 1275 1447 1448 1454
634 1 -1
1104 71 35 71 36 1276 1448 1449 1449
635 2 -1
1105 72 39 72 40 1277 1449 1450 1450
636 0 -1
1107 17 16 23 20 1279 1451 1452 1461
637 1 -1
1109 59 6 60 7 1281 1453 1454 1456
638 1 -1
1111 96 38 98 38 1283 1455 1456 1457
639 2 -1
1113 14 5 15 5 1285 1457 1458 1458
640 1 -1
1114 34 58 35 58 1286 1458 1459 1459
641 2 -1
1115 97 37 94 37 1287 1459 1460 1462
642 2 -1
1116 49 79 50 85 1288 1460 1461 1471
643 3 -1
1118 2 82 4 82 1290 1462 1463 1464
644 2 -1
1120 20 24 22 24 1292 1464 1465 1466
645 3 -1
1121 4 77 5 77 1293 1465 1466 1466
646 1 -1
1122 49 27 49 28 1294 1466 1467 1469
647 0 -1
1124 96 13 97 14 1296 1468 1469 1475
648 2 -1
1125 72 76 72 78 1297 1469 1470 1471
649 1 -1
1126 19 70 25 74 1298 1470 1471 1482
650 1 -1
1129 49 57 49 57 1301 1473 1474 1474
651 0 -1
1130 95 27 95 28 1302 1474 1475 1475
652 3 -1
1132 85 37 86 38 1304 1476 1477 1478
653 2 -1
1133 57 10 57 10 1305 1477 1478 1480
654 2 -1
1137 45 92 47 93 1309 1481 1482 1485
655 0 -1
1138 15 24 16 24 1310 1482 1483 1483
656 2 -1
1139 79 39 80 39 1311 1483 1484 1484
657 0 -1
1141 60 6 62 6 1313 1485 1486 1487
658 2 -1
1142 34 38 37 38 1314 1486 1487 1489
659 2 -1
1144 78 82 81 82 1316 1488 1489 1491
660 0 -1
1147 91 36 93 37 1319 1491 1492 1495
661 1 -1
1150 11 4 11 4 1322 1494 1495 1495
662 3 -1
1151 18 74 20 74 1323 1495 1496 1497
663 1 -1
1154 87 31 87 31 1326 1498 1499 1499
664 3 -1
1156 35 11 36 12 1328 1500 1501 1502
665 1 -1
1157 56 64 57 65 1329 1501 1502 1506
666 3 -1
1158 85 68 86 70 1330 1502 1503 1506
667 3 -1
1159 87 1 89 1 1331 1503 1504 1505
668 3 -1
1164 55 43 55 46 1336 1508 1509 1511
669 0 -1
1166 21 63 23 63 1338 1510 1511 1513
670 1 -1
1169 54 10 55 12 1341 1513 1514 1516
671 2 -1
1170 80 39 81 39 1342 1514 1515 1517
672 2 -1
1171 5 8 7 8 1343 1515 1516 1524
673 0 -1
1172 39 37 39 38 1344 1516 1517 1517
674 2 -1
1174 19 27 26 27 1346 1518 1519 1525
675 2 -1
1175 51 78 51 80 1347 1519 1520 1522
676 3 -1
1176 32 14 34 14 1348 1520 1521 1522
677 0 -1
1177 74 31 76 31 1349 1521 1522 1523
678 1 -1
1179 82 44 83 44 1351 1523 1524 1524
679 0 -1
1186 66 98 67 98 1358 1530 1531 1532
680 2 -1
1187 19 37 20 38 1359 1531 1532 1533
681 3 -1
1188 41 88 41 89 1360 1532 1533 1533
682 3 -1
1190 95 80 96 80 1362 1534 1535 1535
683 0 -1
1191 3 16 5 16 1363 1535 1536 1537
684 1 -1
1194 1 43 1 45 1366 1538 1539 1540
685 3 -1
1195 16 18 16 20 1367 1539 1540 1542
686 0 -1
1197 15 49 17 49 1369 1541 1542 1544
687 1 -1
1198 22 54 25 54 1370 1542 1543 1546
688 1 -1
1201 69 35 74 35 1373 1545 1546 1550
689 2 -1
1202 15 18 15 19 1374 1546 1547 1547
690 1 -1
1203 39 23 40 23 1375 1547 1548 1548
691 0 -1
1205 43 53 45 54 1377 1549 1550 1552
692 3 -1
1207 1 66 3 66 1379 1551 1552 1555
693 1 -1
1208 46 92 48 92 1380 1552 1553 1554
694 3 -1
1209 0 76 1 76 1381 1553 1554 1554
695 1 -1
1211 32 15 33 17 1383 1555 1556 1559
696 0 -1
1214 90 82 90 84 1386 1558 1559 1564
697 0 -1
1217 99 37 98 38 1389 1561 1562 1563
698 1 -1
1218 90 48 90 49 1390 1562 1563 1563
699 1 -1
1219 23 59 23 61 1391 1563 1564 1570
700 3 -1
1220 41 85 41 85 1392 1564 1565 1565
701 3 -1
1222 58 33 60 33 1394 1566 1567 1569
702 2 -1
1223 80 25 81 27 1395 1567 1568 1571
703 3 -1
1226 9 30 11 31 1398 1570 1571 1573
704 2 -1
1227 14 22 14 22 1399 1571 1572 1572
705 1 -1
1229 91 21 92 21 1401 1573 1574 1574
706 0 -1
1230 90 77 90 82 1402 1574 1575 1579
707 0 -1
1231 87 11 88 11 1403 1575 1576 1576
708 2 -1
1233 78 13 79 13 1405 1577 1578 1579
709 0 -1
1235 34 49 36 50 1407 1579 1580 1583
710 2 -1
1236 71 74 71 79 1408 1580 1581 1585
711 1 -1
1237 0 93 1 93 1409 1581 1582 1586
712 3 -1
1238 55 51 59 52 1410 1582 1583 1587
713 0 -1
1240 15 18 16 18 1412 1584 1585 1588
714 3 -1
1241 73 34 74 34 1413 1585 1586 1586
715 0 -1
1242 1 17 12 17 1414 1586 1587 1599
716 3 -1
1243 67 69 68 69 1415 1587 1588 1589
717 1 -1
1244 30 2 37 2 1416 1588 1589 1595
718 0 -1
1246 56 66 61 66 1418 1590 1591 1599
719 3 -1
1250 24 30 24 30 1422 1594 1595 1595
720 0 -1
1254 94 79 97 81 1426 1598 1599 1605
721 3 -1
1255 90 53 91 55 1427 1599 1600 1603
722 3 -1
1258 62 58 71 59 1430 1602 1603 1618
723 1 -1
1259 94 3 79 6 1431 1603 1604 1621
724 2 -1
1260 37 57 37 60 1432 1604 1605 1610
725 0 -1
1261 38 45 41 46 1433 1605 1606 1612
726 0 -1
1263 56 11 57 14 1435 1607 1608 1614
727 1 -1
1264 61 59 64 59 1436 1608 1609 1612
728 2 -1
1265 90 46 90 46 1437 1609 1610 1611
729 0 -1
1266 70 10 70 10 1438 1610 1611 1611
730 0 -1
1268 36 44 37 45 1440 1612 1613 1615
731 3 -1
1276 20 86 21 86 1448 1620 1621 1621
732 0 -1
1277 48 59 49 60 1449 1621 1622 1626
733 2 -1
1281 78 61 79 61 1453 1625 1626 1627
734 0 -1
1284 86 11 86 11 1456 1628 1629 1630
735 1 -1
1287 79 58 80 60 1459 1631 1632 1635
736 2 -1
1290 39 95 43 95 1462 1634 1635 1641
737 0 -1
1291 91 87 91 90 1463 1635 1636 1638
738 3 -1
1292 66 14 84 22 1464 1636 1637 1662
739 0 -1
1297 59 78 61 78 1469 1641 1642 1644
740 0 -1
1298 47 69 47 70 1470 1642 1643 1643
741 3 -1
1299 15 91 15 92 1471 1643 1644 1646
742 2 -1
1300 42 76 42 78 1472 1644 1645 1646
743 2 -1
1307 57 64 58 64 1479 1651 1652 1652
744 0 -1
1309 42 24 44 24 1481 1653 1654 1655
745 3 -1
1312 95 2 95 3 1484 1656 1657 1658
746 3 -1
1313 25 8 26 8 1485 1657 1658 1658
747 2 -1
1314 39 28 39 32 1486 1658 1659 1662
748 3 -1
1315 21 90 26 90 1487 1659 1660 1664
749 3 -1
1316 26 78 28 78 1488 1660 1661 1662
750 1 -1
1317 66 27 66 27 1489 1661 1662 1663
751 2 -1
1318 17 17 19 17 1490 1662 1663 1665
752 0 -1
1319 58 56 59 56 1491 1663 1664 1665
753 2 -1
1320 2 1 3 1 1492 1664 1665 1665
754 0 -1
1321 82 10 83 11 1493 1665 1666 1667
755 0 -1
1323 0 50 0 52 1495 1667 1668 1669
756 3 -1
1324 2 36 6 36 1496 1668 1669 1673
757 0 -1
1325 84 66 88 66 1497 1669 1670 1675
758 3 -1
1326 32 47 32 47 1498 1670 1671 1671
759 0 -1
1327 5 1 11 1 1499 1671 1672 1681
760 0 -1
1329 86 67 87 67 1501 1673 1674 1675
761 2 -1
1332 50 35 51 36 1504 1676 1677 1678
762 3 -1
1333 86 60 86 61 1505 1677 1678 1678
763 1 -1
1335 49 55 64 56 1507 1679 1680 1695
764 3 -1
1336 26 10 26 10 1508 1680 1681 1681
765 3 -1
1338 83 22 85 22 1510 1682 1683 1685
766 2 -1
1340 99 98 94 99 1512 1684 1685 1691
767 3 -1
1342 34 98 34 98 1514 1686 1687 1689
768 0 -1
1344 40 66 42 66 1516 1688 1689 1690
769 3 -1
1345 43 51 44 51 1517 1689 1690 1690
770 3 -1
1347 25 57 28 57 1519 1691 1692 1694
771 2 -1
1348 7 62 11 63 1520 1692 1693 1697
772 3 -1
1349 55 38 60 38 1521 1693 1694 1699
773 3 -1
1354 81 71 81 72 1526 1698 1699 1701
774 3 -1
1355 63 18 63 23 1527 1699 1700 1704
775 2 -1
1359 0 98 3 98 1531 1703 1704 1708
776 3 -1
1362 69 27 69 27 1534 1706 1707 1708
777 1 -1
1365 79 84 80 84 1537 1709 1710 1710
778 3 -1
1368 15 19 15 19 1540 1712 1713 1714
779 1 -1
1369 86 73 68 79 1541 1713 1714 1748
780 2 -1
1370 31 3 33 3 1542 1714 1715 1716
781 3 -1
1372 54 32 55 32 1544 1716 1717 1721
782 2 -1
1374 31 69 33 69 1546 1718 1719 1720
783 0 -1
1375 78 67 79 69 1547 1719 1720 1726
784 2 -1
1376 27 65 27 66 1548 1720 1721 1721
785 2 -1
1377 69 18 71 19 1549 1721 1722 1724
786 1 -1
1378 34 18 34 19 1550 1722 1723 1723
787 0 -1
1379 91 56 91 60 1551 1723 1724 1727
788 2 -1
1381 35 80 38 80 1553 1725 1726 1728
789 2 -1
1382 56 52 59 52 1554 1726 1727 1729
790 2 -1
1383 66 63 68 63 1555 1727 1728 1729
791 1 -1
1385 42 53 42 58 1557 1729 1730 1735
792 3 -1
1386 68 52 69 52 1558 1730 1731 1733
793 0 -1
1387 25 59 31 60 1559 1731 1732 1742
794 3 -1
1388 55 13 57 13 1560 1732 1733 1735
795 1 -1
1389 40 71 40 71 1561 1733 1734 1735
796 1 -1
1390 3 8 5 8 1562 1734 1735 1736
797 2 -1
1391 10 41 10 42 1563 1735 1736 1737
798 0 -1
1393 25 14 26 14 1565 1737 1738 1739
799 1 -1
1395 0 64 4 65 1567 1739 1740 1747
800 2 -1
1396 93 60 93 60 1568 1740 1741 1741
801 2 -1
1400 73 75 73 75 1572 1744 1745 1747
802 2 -1
1401 85 62 88 62 1573 1745 1746 1748
803 0 -1
1402 34 13 40 14 1574 1746 1747 1753
804 3 -1
1403 68 96 70 96 1575 1747 1748 1749
805 0 -1
1406 20 61 21 61 1578 1750 1751 1751
806 3 -1
1411 20 95 21 96 1583 1755 1756 1757
807 1 -1
1412 54 10 59 11 1584 1756 1757 1762
808 2 -1
1413 95 70 96 70 1585 1757 1758 1758
809 0 -1
1414 5 9 5 9 1586 1758 1759 1760
810 2 -1
1415 16 10 17 11 1587 1759 1760 1761
811 0 -1
1417 77 70 78 70 1589 1761 1762 1762
812 0 -1
1418 38 53 38 56 1590 1762 1763 1767
813 2 -1
1419 48 86 53 88 1591 1763 1764 1770
814 0 -1
1420 42 8 42 11 1592 1764 1765 1772
815 2 -1
1423 83 43 84 43 1595 1767 1768 1768
816 1 -1
1426 90 39 90 41 1598 1770 1771 1772
817 2 -1
1428 91 43 93 43 1600 1772 1773 1775
818 0 -1
1429 36 67 36 68 1601 1773 1774 1775
819 2 -1
1430 29 44 29 44 1602 1774 1775 1775
820 1 -1
1431 87 73 87 76 1603 1775 1776 1778
821 3 -1
1432 79 53 79 53 1604 1776 1777 1777
822 1 -1
1434 47 13 48 13 1606 1778 1779 1779
823 0 -1
1435 52 44 56 45 1607 1779 1780 1786
824 2 -1
1436 88 35 89 36 1608 1780 1781 1782
825 1 -1
1438 46 81 50 81 1610 1782 1783 1786
826 1 -1
1439 49 44 49 45 1611 1783 1784 1784
827 1 -1
1440 78 39 79 41 1612 1784 1785 1787
828 0 -1
1441 0 23 0 26 1613 1785 1786 1792
829 3 -1
1442 9 48 11 48 1614 1786 1787 1788
830 0 -1
1443 73 12 74 16 1615 1787 1788 1792
831 1 -1
1444 89 95 90 95 1616 1788 1789 1790
832 3 -1
1446 75 21 76 26 1618 1790 1791 1796
833 3 -1
1447 47 14 47 16 1619 1791 1792 1793
834 0 -1
1448 76 55 76 55 1620 1792 1793 1794
835 0 -1
1452 16 98 16 99 1624 1796 1797 1797
836 1 -1
1454 58 41 62 41 1626 1798 1799 1802
837 0 -1
1455 68 56 69 57 1627 1799 1800 1801
838 1 -1
1456 97 71 98 71 1628 1800 1801 1801
839 3 -1
1457 59 6 65 6 1629 1801 1802 1807
840 1 -1
1458 53 59 57 65 1630 1802 1803 1812
841 3 -1
1461 43 31 46 31 1633 1805 1806 1808
842 2 -1
1462 18 94 21 94 1634 1806 1807 1810
843 0 -1
1463 6 78 6 79 1635 1807 1808 1809
844 1 -1
1465 69 77 69 77 1637 1809 1810 1811
845 1 -1
1466 98 96 99 96 1638 1810 1811 1812
846 1 -1
1468 11 48 12 48 1640 1812 1813 1813
847 3 -1
1469 88 49 91 50 1641 1813 1814 1818
848 3 -1
1470 65 54 66 54 1642 1814 1815 1815
849 1 -1
1472 33 32 35 34 1644 1816 1817 1821
850 3 -1
1473 47 95 50 95 1645 1817 1818 1822
851 1 -1
1474 12 50 23 50 1646 1818 1819 1829
852 0 -1
1475 1 71 1 71 1647 1819 1820 1821
853 3 -1
1478 17 13 18 13 1650 1822 1823 1828
854 2 -1
1479 37 29 39 29 1651 1823 1824 1825
855 2 -1
1481 87 78 88 78 1653 1825 1826 1827
856 1 -1
1483 50 29 57 30 1655 1827 1828 1838
857 3 -1
1486 34 90 34 95 1658 1830 1831 1835
858 3 -1
1487 28 94 29 96 1659 1831 1832 1835
859 2 -1
1493 87 34 88 34 1665 1837 1838 1839
860 1 -1
1495 80 98 81 98 1667 1839 1840 1840
861 2 -1
1496 35 80 35 83 1668 1840 1841 1844
862 2 -1
1497 59 73 59 77 1669 1841 1842 1845
863 0 -1
1499 65 56 66 56 1671 1843 1844 1845
864 0 -1
1500 35 79 35 80 1672 1844 1845 1846
865 1 -1
1501 68 52 70 56 1673 1845 1846 1853
866 1 -1
1502 75 23 78 24 1674 1846 1847 1850
867 3 -1
1504 7 77 19 77 1676 1848 1849 1861
868 3 -1
1505 63 81 69 81 1677 1849 1850 1859
869 3 -1
1506 84 86 85 87 1678 1850 1851 1852
870 2 -1
1507 2 16 5 16 1679 1851 1852 1854
871 3 -1
1508 48 1 49 6 1680 1852 1853 1858
872 2 -1
1509 71 2 71 2 1681 1853 1854 1854
873 1 -1
1511 34 24 35 25 1683 1855 1856 1857
874 1 -1
1513 17 36 20 38 1685 1857 1858 1862
875 3 -1
1515 32 32 32 32 1687 1859 1860 1860
876 1 -1
1516 3 12 4 12 1688 1860 1861 1863
877 2 -1
1517 46 29 47 31 1689 1861 1862 1864
878 2 -1
1518 67 98 69 98 1690 1862 1863 1865
879 2 -1
1519 42 17 43 17 1691 1863 1864 1867
880 2 -1
1521 70 46 72 46 1693 1865 1866 1869
881 2 -1
1522 16 83 18 83 1694 1866 1867 1868
882 2 -1
1523 28 18 30 18 1695 1867 1868 1869
883 1 -1
1527 59 43 61 44 1699 1871 1872 1875
884 3 -1
1528 70 82 71 82 1700 1872 1873 1873
885 2 -1
1533 82 28 83 28 1705 1877 1878 1878
886 2 -1
1534 61 60 61 62 1706 1878 1879 1887
887 3 -1
1535 75 83 78 83 1707 1879 1880 1882
888 0 -1
1536 74 52 76 52 1708 1880 1881 1882
889 3 -1
1538 57 95 58 98 1710 1882 1883 1886
890 0 -1
1540 26 68 26 68 1712 1884 1885 1885
891 3 -1
1543 32 87 35 87 1715 1887 1888 1890
892 1 -1
1544 43 17 43 19 1716 1888 1889 1890
893 2 -1
1545 89 27 91 27 1717 1889 1890 1891
894 0 -1
1547 55 91 55 91 1719 1891 1892 1896
895 2 -1
1550 84 62 85 63 1722 1894 1895 1896
896 0 -1
1551 91 76 93 76 1723 1895 1896 1897
897 1 -1
1552 25 74 29 75 1724 1896 1897 1901
898 3 -1
1554 14 99 15 96 1726 1898 1899 1902
899 3 -1
1555 2 48 3 48 1727 1899 1900 1901
900 1 -1
1556 6 82 6 84 1728 1900 1901 1902
901 2 -1
1559 67 18 67 20 1731 1903 1904 1909
902 1 -1
1560 89 26 95 26 1732 1904 1905 1910
903 3 -1
1562 4 59 6 59 1734 1906 1907 1908
904 3 -1
1563 77 96 78 99 1735 1907 1908 1917
905 3 -1
1564 16 42 17 43 1736 1908 1909 1910
906 1 -1
1566 83 56 85 56 1738 1910 1911 1912
907 3 -1
1567 36 72 40 72 1739 1911 1912 1915
908 0 -1
1573 97 72 92 72 1745 1917 1918 1925
909 2 -1
1575 2 87 2 87 1747 1919 1920 1920
910 0 -1
1576 27 34 29 34 1748 1920 1921 1922
911 1 -1
1577 30 57 31 57 1749 1921 1922 1923
912 1 -1
1579 90 67 90 69 1751 1923 1924 1926
913 0 -1
1580 43 91 44 91 1752 1924 1925 1926
914 1 -1
1582 91 5 91 5 1754 1926 1927 1927
915 0 -1
1584 22 84 22 84 1756 1928 1929 1929
916 3 -1
1587 8 86 12 92 1759 1931 1932 1943
917 2 -1
1588 1 19 4 20 1760 1932 1933 1936
918 1 -1
1589 8 6 9 7 1761 1933 1934 1935
919 0 -1
1590 35 23 35 24 1762 1934 1935 1937
920 3 -1
1591 74 11 78 11 1763 1935 1936 1940
921 3 -1
1593 5 14 8 14 1765 1937 1938 1941
922 1 -1
1594 57 68 58 68 1766 1938 1939 1940
923 1 -1
1596 1 11 3 11 1768 1940 1941 1942
924 0 -1
1598 49 11 50 11 1770 1942 1943 1943
925 2 -1
1599 91 26 95 26 1771 1943 1944 1947
926 2 -1
1600 99 81 99 81 1772 1944 1945 1945
927 0 -1
1603 71 59 72 59 1775 1947 1948 1948
928 0 -1
1606 72 63 73 64 1778 1950 1951 1952
929 2 -1
1608 54 48 54 48 1780 1952 1953 1953
930 3 -1
1609 33 63 35 63 1781 1953 1954 1955
931 2 -1
1610 1 34 2 34 1782 1954 1955 1955
932 0 -1
1611 91 3 91 4 1783 1955 1956 1957
933 3 -1
1613 22 87 23 88 1785 1957 1958 1959
934 3 -1
1615 73 33 73 34 1787 1959 1960 1960
935 1 -1
1618 52 82 54 82 1790 1962 1963 1965
936 0 -1
1620 58 33 61 33 1792 1964 1965 1969
937 1 -1
1621 20 3 26 4 1793 1965 1966 1972
938 2 -1
1623 57 72 57 77 1795 1967 1968 1972
939 1 -1
1624 62 13 62 13 1796 1968 1969 1969
940 0 -1
1625 58 23 60 23 1797 1969 1970 1972
941 3 -1
1626 97 67 97 67 1798 1970 1971 1972
942 1 -1
1627 9 2 9 4 1799 1971 1972 1984
943 2 -1
1629 73 33 73 33 1801 1973 1974 1974
944 0 -1
1631 61 97 63 97 1803 1975 1976 1977
945 1 -1
1633 56 14 66 14 1805 1977 1978 1987
946 2 -1
1634 21 70 23 70 1806 1978 1979 1980
947 1 -1
1637 67 58 67 58 1809 1981 1982 1982
948 0 -1
1638 31 55 32 56 1810 1982 1983 1985
949 2 -1
1640 4 95 5 98 1812 1984 1985 1994
950 1 -1
1641 28 85 29 87 1813 1985 1986 1988
951 0 -1
1642 57 79 59 80 1814 1986 1987 1990
952 0 -1
1645 84 33 84 33 1817 1989 1990 1990
953 3 -1
1648 7 76 9 76 1820 1992 1993 1994
954 0 -1
1649 67 40 67 41 1821 1993 1994 1995
955 2 -1
1650 53 52 54 52 1822 1994 1995 1995
956 1 -1
1656 1 31 1 35 1828 2000 2001 2004
957 3 -1
1657 44 31 44 32 1829 2001 2002 2004
958 3 -1
1659 74 18 78 18 1831 2003 2004 2007
959 3 -1
1660 56 65 58 66 1832 2004 2005 2008
960 2 -1
1661 19 26 19 30 1833 2005 2006 2012
961 1 -1
1662 74 81 79 82 1834 2006 2007 2013
962 0 -1
1663 40 32 40 36 1835 2007 2008 2014
963 0 -1
1664 45 33 47 33 1836 2008 2009 2010
964 1 -1
1665 45 63 46 63 1837 2009 2010 2010
965 0 -1
1668 69 35 71 35 1840 2012 2013 2015
966 1 -1
1671 10 35 18 35 1843 2015 2016 2023
967 2 -1
1672 87 63 88 64 1844 2016 2017 2020
968 2 -1
1673 21 85 22 85 1845 2017 2018 2022
969 3 -1
1675 37 6 37 6 1847 2019 2020 2020
970 2 -1
1676 55 59 56 61 1848 2020 2021 2023
971 1 -1
1678 70 27 70 29 1850 2022 2023 2025
972 3 -1
1679 72 26 75 26 1851 2023 2024 2030
973 1 -1
1680 49 88 52 88 1852 2024 2025 2028
974 0 -1
1683 71 1 75 4 1855 2027 2028 2034
975 3 -1
1685 34 58 34 58 1857 2029 2030 2032
976 3 -1
1686 57 35 65 35 1858 2030 2031 2040
977 3 -1
1687 2 8 3 11 1859 2031 2032 2035
978 0 -1
1688 33 16 39 16 1860 2032 2033 2038
979 1 -1
1690 81 40 82 43 1862 2034 2035 2038
980 1 -1
1691 88 97 89 97 1863 2035 2036 2037
981 1 -1
1692 39 85 39 86 1864 2036 2037 2039
982 2 -1
1694 56 62 57 62 1866 2038 2039 2039
983 1 -1
1695 22 36 26 36 1867 2039 2040 2043
984 1 -1
1696 39 99 41 100 1868 2040 2041 2043
985 3 -1
1697 12 50 12 52 1869 2041 2042 2043
986 2 -1
1698 56 16 56 18 1870 2042 2043 2044
987 2 -1
1700 35 20 35 20 1872 2044 2045 2046
988 2 -1
1702 97 35 85 36 1874 2046 2047 2060
989 3 -1
1703 49 40 49 41 1875 2047 2048 2048
990 0 -1
1704 84 9 84 11 1876 2048 2049 2051
991 1 -1
1709 17 34 17 36 1881 2053 2054 2056
992 2 -1
1712 80 57 80 59 1884 2056 2057 2059
993 0 -1
1714 49 97 51 97 1886 2058 2059 2062
994 0 -1
1717 56 29 60 29 1889 2061 2062 2065
995 1 -1
1718 70 52 71 53 1890 2062 2063 2064
996 2 -1
1720 36 65 37 67 1892 2064 2065 2070
997 3 -1
1722 22 66 22 66 1894 2066 2067 2067
998 3 -1
1723 85 76 87 76 1895 2067 2068 2069
999 0 -1
1725 70 9 70 10 1897 2069 2070 2071
1000 1 -1
1726 79 70 79 72 1898 2070 2071 2073
