100 100 3455
16
0 1 62
1 90 72
2 94 57
3 57 18
4 38 42
5 63 63
6 62 3
7 37 47
8 82 23
9 46 98
10 40 15
11 50 7
12 38 64
13 37 79
14 85 88
15 39 11
48
0 0 0 100 6
0
1 0 0 100 6
0
2 0 0 100 6
0
3 1 0 100 6
0
4 1 0 100 6
0
5 1 0 100 6
0
6 2 0 100 6
0
7 2 0 100 6
0
8 2 0 100 6
0
9 3 0 100 6
0
10 3 0 100 6
0
11 3 0 100 6
0
12 4 0 100 6
0
13 4 0 100 6
0
14 4 0 100 6
0
15 5 0 100 6
0
16 5 0 100 6
0
17 5 0 100 6
0
18 6 0 100 6
0
19 6 0 100 6
0
20 6 0 100 6
0
21 7 0 100 6
0
22 7 0 100 6
0
23 7 0 100 6
0
24 8 0 100 6
0
25 8 0 100 6
0
26 8 0 100 6
0
27 9 0 100 6
0
28 9 0 100 6
0
29 9 0 100 6
0
30 10 0 100 6
0
31 10 0 100 6
0
32 10 0 100 6
0
33 11 0 100 6
0
34 11 0 100 6
0
35 11 0 100 6
0
36 12 0 100 6
0
37 12 0 100 6
0
38 12 0 100 6
0
39 13 0 100 6
0
40 13 0 100 6
0
41 13 0 100 6
0
42 14 0 100 6
0
43 14 0 100 6
0
44 14 0 100 6
0
45 15 0 100 6
0
46 15 0 100 6
0
47 15 0 100 6
0
1000
1 7 -1
2 65 40 66 42 865 1728 1729 1731
2 10 -1
5 39 62 39 64 868 1731 1732 1736
3 3 -1
7 29 65 29 66 870 1733 1734 1737
4 13 -1
8 49 46 49 51 871 1734 1735 1743
5 9 -1
9 96 3 99 5 872 1735 1736 1741
6 8 -1
10 40 6 43 6 873 1736 1737 1740
7 2 -1
11 74 55 79 56 874 1737 1738 1743
8 5 -1
12 68 26 69 26 875 1738 1739 1740
9 12 -1
13 48 0 50 0 876 1739 1740 1741
10 14 -1
14 71 83 73 84 877 1740 1741 1743
11 5 -1
15 50 86 55 86 878 1741 1742 1747
12 14 -1
17 83 77 86 78 880 1743 1744 1747
13 6 -1
18 50 87 54 87 881 1744 1745 1750
14 0 -1
19 14 15 14 16 882 1745 1746 1746
15 7 -1
20 39 79 40 79 883 1746 1747 1748
16 6 -1
21 84 96 84 97 884 1747 1748 1749
17 8 -1
22 26 42 26 44 885 1748 1749 1752
18 2 -1
24 90 32 91 33 887 1750 1751 1752
19 2 -1
29 78 36 82 37 892 1755 1756 1761
20 2 -1
30 49 65 50 66 893 1756 1757 1758
21 8 -1
31 12 18 13 18 894 1757 1758 1759
22 1 -1
33 50 72 52 74 896 1759 1760 1765
23 14 -1
35 68 67 69 67 898 1761 1762 1762
24 8 -1
36 13 20 15 20 899 1762 1763 1764
25 10 -1
39 63 58 63 59 902 1765 1766 1766
26 12 -1
40 78 39 78 40 903 1766 1767 1767
27 2 -1
41 55 73 55 73 904 1767 1768 1769
28 11 -1
42 66 54 67 54 905 1768 1769 1769
29 3 -1
43 13 35 13 35 906 1769 1770 1770
30 0 -1
45 9 66 11 66 908 1771 1772 1773
31 0 -1
49 24 59 27 59 912 1775 1776 1778
32 14 -1
52 30 8 33 9 915 1778 1779 1785
33 8 -1
53 74 8 78 8 916 1779 1780 1784
34 8 -1
54 26 15 27 15 917 1780 1781 1781
35 4 -1
56 29 38 38 39 919 1782 1783 1799
36 7 -1
57 35 4 36 4 920 1783 1784 1785
37 3 -1
59 86 34 87 34 922 1785 1786 1786
38 6 -1
61 72 40 72 40 924 1787 1788 1789
39 9 -1
62 13 59 20 60 925 1788 1789 1796
40 3 -1
64 57 73 57 80 927 1790 1791 1809
41 9 -1
69 49 29 51 29 932 1795 1796 1797
42 5 -1
71 46 23 51 25 934 1797 1798 1805
43 3 -1
73 66 77 67 81 936 1799 1800 1804
44 3 -1
76 95 84 96 86 939 1802 1803 1805
45 12 -1
78 34 2 34 2 941 1804 1805 1806
46 2 -1
80 41 20 44 20 943 1806 1807 1809
47 9 -1
81 73 74 74 74 944 1807 1808 1809
48 6 -1
82 35 19 37 21 945 1808 1809 1814
49 9 -1
83 38 70 40 72 946 1809 1810 1814
50 15 -1
84 17 57 18 57 947 1810 1811 1811
51 3 -1
86 60 70 65 75 949 1812 1813 1822
52 3 -1
87 0 70 1 70 950 1813 1814 1814
53 3 -1
90 13 63 14 63 953 1816 1817 1817
54 7 -1
91 23 86 23 90 954 1817 1818 1821
55 6 -1
92 71 45 72 45 955 1818 1819 1819
56 4 -1
93 82 67 85 67 956 1819 1820 1822
57 2 -1
94 58 23 58 23 957 1820 1821 1826
58 4 -1
96 61 27 63 27 959 1822 1823 1824
59 12 -1
103 10 18 11 19 966 1829 1830 1832
60 3 -1
105 20 84 22 84 968 1831 1832 1833
61 14 -1
106 72 45 81 46 969 1832 1833 1842
62 3 -1
107 26 99 28 99 970 1833 1834 1836
63 6 -1
108 28 16 33 18 971 1834 1835 1842
64 8 -1
110 27 23 32 26 973 1836 1837 1844
65 0 -1
111 39 43 40 43 974 1837 1838 1838
66 0 -1
114 21 11 26 11 977 1840 1841 1846
67 12 -1
115 38 81 43 81 978 1841 1842 1846
68 4 -1
116 86 11 90 13 979 1842 1843 1854
69 1 -1
119 39 24 42 24 982 1845 1846 1848
70 2 -1
120 11 74 12 74 983 1846 1847 1847
71 4 -1
122 72 57 74 58 985 1848 1849 1852
72 15 -1
123 17 83 18 83 986 1849 1850 1852
73 6 -1
124 2 70 5 70 987 1850 1851 1854
74 7 -1
127 11 63 11 63 990 1853 1854 1854
75 4 -1
128 60 80 71 80 991 1854 1855 1873
76 0 -1
130 5 53 5 54 993 1856 1857 1857
77 10 -1
132 55 2 64 8 995 1858 1859 1873
78 13 -1
134 34 18 34 18 997 1860 1861 1861
79 13 -1
135 80 43 80 45 998 1861 1862 1872
80 5 -1
136 53 50 53 50 999 1862 1863 1864
81 10 -1
139 63 81 64 81 1002 1865 1866 1866
82 8 -1
140 91 60 95 60 1003 1866 1867 1870
83 1 -1
141 27 72 29 73 1004 1867 1868 1872
84 10 -1
144 8 82 11 84 1007 1870 1871 1875
85 10 -1
145 49 63 51 63 1008 1871 1872 1873
86 12 -1
146 43 96 43 97 1009 1872 1873 1873
87 4 -1
147 80 2 81 2 1010 1873 1874 1874
88 7 -1
148 44 32 44 32 1011 1874 1875 1875
89 7 -1
149 75 7 76 8 1012 1875 1876 1877
90 14 -1
150 73 7 76 10 1013 1876 1877 1882
91 14 -1
153 53 73 54 73 1016 1879 1880 1880
92 9 -1
154 89 74 93 74 1017 1880 1881 1884
93 1 -1
155 49 31 49 31 1018 1881 1882 1885
94 3 -1
156 35 44 40 44 1019 1882 1883 1887
95 0 -1
157 6 6 10 7 1020 1883 1884 1888
96 14 -1
160 91 14 97 14 1023 1886 1887 1892
97 15 -1
162 28 0 29 0 1025 1888 1889 1889
98 6 -1
163 44 53 45 53 1026 1889 1890 1890
99 14 -1
166 24 11 25 11 1029 1892 1893 1894
100 12 -1
167 31 3 36 3 1030 1893 1894 1898
101 4 -1
168 64 45 65 46 1031 1894 1895 1896
102 3 -1
169 22 47 26 47 1032 1895 1896 1900
103 10 -1
170 30 57 33 58 1033 1896 1897 1901
104 12 -1
172 44 99 46 97 1035 1898 1899 1903
105 14 -1
173 70 1 75 1 1036 1899 1900 1904
106 0 -1
174 45 76 47 76 1037 1900 1901 1902
107 8 -1
179 99 26 99 26 1042 1905 1906 1906
108 1 -1
183 72 3 75 4 1046 1909 1910 1914
109 9 -1
184 64 29 65 30 1047 1910 1911 1912
110 8 -1
185 81 35 83 35 1048 1911 1912 1913
111 7 -1
186 13 52 15 54 1049 1912 1913 1921
112 1 -1
187 5 18 6 22 1050 1913 1914 1919
113 8 -1
189 87 56 87 61 1052 1915 1916 1920
114 14 -1
190 28 83 28 87 1053 1916 1917 1921
115 15 -1
193 60 43 61 43 1056 1919 1920 1920
116 10 -1
196 33 69 33 70 1059 1922 1923 1924
117 15 -1
197 49 60 50 60 1060 1923 1924 1924
118 3 -1
198 0 13 16 14 1061 1924 1925 1942
119 7 -1
199 32 67 33 67 1062 1925 1926 1926
120 6 -1
200 72 23 72 23 1063 1926 1927 1928
121 12 -1
201 33 34 34 34 1064 1927 1928 1928
122 15 -1
204 43 93 43 94 1067 1930 1931 1931
123 2 -1
208 69 29 69 29 1071 1934 1935 1935
124 5 -1
209 35 63 35 64 1072 1935 1936 1936
125 7 -1
211 79 53 80 55 1074 1937 1938 1940
126 6 -1
212 78 27 79 27 1075 1938 1939 1940
127 3 -1
213 48 8 50 10 1076 1939 1940 1947
128 0 -1
214 88 49 90 51 1077 1940 1941 1945
129 10 -1
218 42 86 47 87 1081 1944 1945 1951
130 7 -1
219 21 47 21 48 1082 1945 1946 1947
131 0 -1
224 47 37 49 37 1087 1950 1951 1953
132 2 -1
225 48 59 50 59 1088 1951 1952 1953
133 5 -1
229 43 67 44 71 1092 1955 1956 1961
134 0 -1
230 74 78 74 79 1093 1956 1957 1957
135 0 -1
231 92 32 95 32 1094 1957 1958 1960
136 10 -1
236 76 32 77 33 1099 1962 1963 1964
137 3 -1
237 70 5 72 5 1100 1963 1964 1965
138 13 -1
240 23 90 32 91 1103 1966 1967 1977
139 10 -1
242 37 11 39 11 1105 1968 1969 1970
140 11 -1
244 86 3 89 3 1107 1970 1971 1975
141 15 -1
245 41 93 42 93 1108 1971 1972 1977
142 7 -1
246 47 80 48 81 1109 1972 1973 1975
143 4 -1
247 88 7 90 7 1110 1973 1974 1976
144 4 -1
248 52 23 55 23 1111 1974 1975 1977
145 7 -1
250 70 5 71 6 1113 1976 1977 1978
146 11 -1
251 36 74 36 77 1114 1977 1978 1980
147 3 -1
253 75 63 76 63 1116 1979 1980 1980
148 15 -1
255 85 77 87 77 1118 1981 1982 1983
149 3 -1
256 61 87 65 87 1119 1982 1983 1986
150 14 -1
257 5 46 9 46 1120 1983 1984 1987
151 11 -1
258 59 56 60 56 1121 1984 1985 1985
152 13 -1
260 51 32 52 33 1123 1986 1987 1988
153 2 -1
261 39 41 40 42 1124 1987 1988 1999
154 6 -1
266 16 18 18 20 1129 1992 1993 1996
155 14 -1
267 61 77 64 77 1130 1993 1994 1996
156 2 -1
268 53 58 55 58 1131 1994 1995 1996
157 6 -1
269 50 42 51 42 1132 1995 1996 1996
158 7 -1
271 45 59 51 59 1134 1997 1998 2003
159 13 -1
272 43 13 43 14 1135 1998 1999 1999
160 9 -1
274 29 15 40 15 1137 2000 2001 2013
161 1 -1
277 20 76 21 77 1140 2003 2004 2005
162 8 -1
278 58 91 62 92 1141 2004 2005 2010
163 9 -1
279 16 93 18 93 1142 2005 2006 2009
164 8 -1
280 31 13 31 15 1143 2006 2007 2009
165 7 -1
283 46 26 46 27 1146 2009 2010 2010
166 2 -1
285 57 22 60 22 1148 2011 2012 2014
167 13 -1
286 69 12 71 13 1149 2012 2013 2015
168 5 -1
289 88 91 89 93 1152 2015 2016 2018
169 5 -1
293 6 28 8 29 1156 2019 2020 2023
170 5 -1
294 30 20 34 20 1157 2020 2021 2024
171 9 -1
295 91 28 91 29 1158 2021 2022 2023
172 1 -1
296 77 48 77 48 1159 2022 2023 2026
173 7 -1
303 50 13 59 13 1166 2029 2030 2038
174 7 -1
305 98 1 93 1 1168 2031 2032 2036
175 14 -1
306 63 84 63 85 1169 2032 2033 2033
176 2 -1
307 17 24 19 24 1170 2033 2034 2035
177 6 -1
310 16 55 17 55 1173 2036 2037 2040
178 7 -1
311 15 90 15 94 1174 2037 2038 2041
179 5 -1
312 11 52 11 59 1175 2038 2039 2047
180 5 -1
313 73 66 74 66 1176 2039 2040 2040
181 7 -1
315 97 50 98 50 1178 2041 2042 2043
182 13 -1
320 28 19 35 24 1183 2046 2047 2062
183 9 -1
321 70 34 70 34 1184 2047 2048 2050
184 15 -1
323 70 84 71 92 1186 2049 2050 2062
185 11 -1
325 88 29 90 33 1188 2051 2052 2059
186 5 -1
326 82 98 82 99 1189 2052 2053 2053
187 7 -1
327 98 11 99 12 1190 2053 2054 2056
188 6 -1
328 36 5 37 6 1191 2054 2055 2059
189 10 -1
329 70 92 70 95 1192 2055 2056 2058
190 13 -1
330 22 5 25 5 1193 2056 2057 2061
191 5 -1
337 90 22 78 23 1200 2063 2064 2076
192 13 -1
340 41 57 42 59 1203 2066 2067 2069
193 6 -1
342 13 63 14 63 1205 2068 2069 2069
194 6 -1
343 76 13 76 16 1206 2069 2070 2072
195 11 -1
345 61 28 63 28 1208 2071 2072 2083
196 12 -1
349 48 12 48 13 1212 2075 2076 2076
197 1 -1
351 78 81 78 81 1214 2077 2078 2078
198 10 -1
354 57 94 61 94 1217 2080 2081 2086
199 9 -1
356 20 81 21 81 1219 2082 2083 2083
200 5 -1
357 38 91 39 92 1220 2083 2084 2087
201 5 -1
358 50 97 55 97 1221 2084 2085 2091
202 7 -1
359 80 11 82 12 1222 2085 2086 2088
203 15 -1
360 42 11 43 12 1223 2086 2087 2088
204 12 -1
361 28 54 28 56 1224 2087 2088 2093
205 6 -1
363 48 39 48 39 1226 2089 2090 2090
206 1 -1
364 21 8 21 9 1227 2090 2091 2091
207 13 -1
365 20 26 22 26 1228 2091 2092 2093
208 10 -1
367 20 97 24 97 1230 2093 2094 2099
209 1 -1
371 7 84 8 84 1234 2097 2098 2098
210 12 -1
372 60 45 62 49 1235 2098 2099 2106
211 5 -1
373 50 88 53 88 1236 2099 2100 2102
212 10 -1
374 78 80 78 80 1237 2100 2101 2101
213 4 -1
375 26 4 27 4 1238 2101 2102 2102
214 3 -1
377 78 14 78 14 1240 2103 2104 2104
215 3 -1
379 48 26 48 26 1242 2105 2106 2106
216 5 -1
380 90 65 91 65 1243 2106 2107 2107
217 7 -1
381 93 90 97 91 1244 2107 2108 2112
218 5 -1
382 4 46 4 46 1245 2108 2109 2110
219 10 -1
383 13 71 13 71 1246 2109 2110 2110
220 6 -1
388 52 1 53 1 1251 2114 2115 2115
221 13 -1
391 56 64 56 65 1254 2117 2118 2119
222 13 -1
392 5 84 6 85 1255 2118 2119 2120
223 7 -1
394 78 97 81 97 1257 2120 2121 2123
224 15 -1
396 52 68 57 68 1259 2122 2123 2127
225 9 -1
397 44 22 44 23 1260 2123 2124 2124
226 12 -1
400 8 28 10 28 1263 2126 2127 2128
227 13 -1
401 88 60 88 62 1264 2127 2128 2129
228 15 -1
403 15 32 18 32 1266 2129 2130 2134
229 13 -1
404 5 89 6 90 1267 2130 2131 2132
230 0 -1
407 84 67 84 67 1270 2133 2134 2134
231 7 -1
408 46 12 47 14 1271 2134 2135 2137
232 0 -1
411 13 65 13 66 1274 2137 2138 2139
233 2 -1
412 88 17 88 18 1275 2138 2139 2139
234 2 -1
414 10 85 11 85 1277 2140 2141 2141
235 7 -1
418 53 20 53 20 1281 2144 2145 2145
236 5 -1
420 29 58 29 59 1283 2146 2147 2147
237 5 -1
421 29 63 30 63 1284 2147 2148 2149
238 15 -1
423 61 20 62 20 1286 2149 2150 2150
239 0 -1
426 45 39 49 40 1289 2152 2153 2157
240 0 -1
428 52 29 53 30 1291 2154 2155 2156
241 13 -1
433 34 18 34 19 1296 2159 2160 2161
242 4 -1
437 75 11 76 11 1300 2163 2164 2164
243 11 -1
439 45 60 45 60 1302 2165 2166 2167
244 5 -1
441 96 60 97 63 1304 2167 2168 2175
245 4 -1
446 30 82 33 83 1309 2172 2173 2176
246 11 -1
448 76 43 77 43 1311 2174 2175 2177
247 0 -1
450 20 54 26 55 1313 2176 2177 2184
248 15 -1
452 26 47 27 47 1315 2178 2179 2181
249 0 -1
455 77 71 78 73 1318 2181 2182 2184
250 13 -1
460 6 32 9 35 1323 2186 2187 2192
251 5 -1
461 27 53 28 54 1324 2187 2188 2189
252 2 -1
462 49 20 52 20 1325 2188 2189 2191
253 0 -1
464 32 42 32 43 1327 2190 2191 2192
254 7 -1
469 47 27 47 28 1332 2195 2196 2197
255 13 -1
471 60 54 62 55 1334 2197 2198 2208
256 15 -1
475 42 3 42 4 1338 2201 2202 2203
257 0 -1
478 19 84 22 84 1341 2204 2205 2208
258 8 -1
479 81 62 82 62 1342 2205 2206 2207
259 13 -1
480 88 79 91 80 1343 2206 2207 2214
260 2 -1
481 33 70 37 71 1344 2207 2208 2213
261 0 -1
482 4 84 5 84 1345 2208 2209 2209
262 3 -1
484 77 79 78 82 1347 2210 2211 2214
263 1 -1
486 38 97 41 97 1349 2212 2213 2215
264 1 -1
488 60 68 60 69 1351 2214 2215 2217
265 2 -1
489 59 35 62 38 1352 2215 2216 2228
266 1 -1
491 67 80 67 82 1354 2217 2218 2219
267 15 -1
493 30 13 31 13 1356 2219 2220 2220
268 2 -1
496 93 48 94 48 1359 2222 2223 2223
269 4 -1
501 5 36 6 37 1364 2227 2228 2229
270 3 -1
502 49 51 51 52 1365 2228 2229 2232
271 5 -1
505 78 81 78 82 1368 2231 2232 2233
272 2 -1
506 82 51 85 53 1369 2232 2233 2237
273 10 -1
507 23 83 24 85 1370 2233 2234 2237
274 9 -1
509 3 41 4 41 1372 2235 2236 2236
275 0 -1
511 84 97 86 97 1374 2237 2238 2239
276 15 -1
512 90 91 91 91 1375 2238 2239 2239
277 12 -1
515 19 88 19 88 1378 2241 2242 2244
278 5 -1
516 29 87 37 89 1379 2242 2243 2255
279 11 -1
517 49 42 51 44 1380 2243 2244 2247
280 6 -1
518 3 53 3 55 1381 2244 2245 2246
281 7 -1
520 62 73 62 73 1383 2246 2247 2247
282 12 -1
522 10 73 15 76 1385 2248 2249 2257
283 6 -1
523 34 75 35 75 1386 2249 2250 2250
284 6 -1
525 95 55 95 57 1388 2251 2252 2253
285 5 -1
526 76 63 76 63 1389 2252 2253 2254
286 9 -1
528 31 78 31 81 1391 2254 2255 2259
287 5 -1
530 91 5 92 5 1393 2256 2257 2260
288 1 -1
533 55 47 56 47 1396 2259 2260 2261
289 5 -1
535 67 13 68 14 1398 2261 2262 2264
290 10 -1
536 76 63 76 65 1399 2262 2263 2264
291 13 -1
537 80 94 81 94 1400 2263 2264 2264
292 5 -1
538 47 35 48 37 1401 2264 2265 2267
293 5 -1
540 1 66 1 69 1403 2266 2267 2270
294 11 -1
541 77 6 80 6 1404 2267 2268 2270
295 6 -1
542 75 30 83 30 1405 2268 2269 2276
296 9 -1
543 37 29 37 31 1406 2269 2270 2271
297 1 -1
546 51 34 53 34 1409 2272 2273 2274
298 13 -1
547 60 83 60 85 1410 2273 2274 2275
299 0 -1
550 45 46 45 46 1413 2276 2277 2277
300 14 -1
552 23 22 26 22 1415 2278 2279 2281
301 10 -1
553 42 68 44 68 1416 2279 2280 2281
302 7 -1
555 64 57 65 58 1418 2281 2282 2286
303 2 -1
556 31 11 33 11 1419 2282 2283 2284
304 8 -1
558 85 21 85 21 1421 2284 2285 2285
305 4 -1
559 39 64 44 64 1422 2285 2286 2290
306 5 -1
560 46 19 48 19 1423 2286 2287 2288
307 10 -1
562 36 34 36 34 1425 2288 2289 2289
308 3 -1
565 36 66 38 67 1428 2291 2292 2295
309 4 -1
566 40 19 42 19 1429 2292 2293 2296
310 7 -1
567 71 50 71 50 1430 2293 2294 2294
311 2 -1
570 9 60 11 60 1433 2296 2297 2300
312 10 -1
572 96 70 98 71 1435 2298 2299 2301
313 15 -1
573 66 75 69 75 1436 2299 2300 2302
314 9 -1
575 72 4 74 4 1438 2301 2302 2303
315 7 -1
577 8 46 9 46 1440 2303 2304 2304
316 8 -1
578 53 68 55 68 1441 2304 2305 2306
317 12 -1
579 73 15 77 16 1442 2305 2306 2310
318 8 -1
580 51 69 51 69 1443 2306 2307 2307
319 15 -1
585 24 61 26 61 1448 2311 2312 2314
320 3 -1
588 32 69 37 69 1451 2314 2315 2319
321 0 -1
589 41 27 50 32 1452 2315 2316 2330
322 3 -1
592 53 39 53 39 1455 2318 2319 2319
323 0 -1
594 35 49 36 50 1457 2320 2321 2322
324 11 -1
595 51 3 64 3 1458 2321 2322 2336
325 2 -1
596 38 74 42 74 1459 2322 2323 2326
326 12 -1
597 96 78 91 79 1460 2323 2324 2331
327 4 -1
599 24 26 29 27 1462 2325 2326 2333
328 8 -1
600 26 90 27 91 1463 2326 2327 2329
329 10 -1
601 46 17 47 18 1464 2327 2328 2329
330 8 -1
603 55 44 57 44 1466 2329 2330 2331
331 11 -1
608 13 44 15 45 1471 2334 2335 2337
332 6 -1
609 15 90 16 90 1472 2335 2336 2336
333 3 -1
610 88 46 89 49 1473 2336 2337 2341
334 13 -1
611 15 44 15 47 1474 2337 2338 2341
335 9 -1
613 32 20 34 21 1476 2339 2340 2347
336 13 -1
614 72 39 75 39 1477 2340 2341 2346
337 8 -1
615 28 81 28 81 1478 2341 2342 2342
338 1 -1
616 63 0 63 2 1479 2342 2343 2344
339 7 -1
619 20 57 24 57 1482 2345 2346 2350
340 4 -1
620 49 12 50 13 1483 2346 2347 2348
341 4 -1
621 6 44 7 44 1484 2347 2348 2352
342 15 -1
622 11 85 13 86 1485 2348 2349 2351
343 12 -1
623 48 46 48 47 1486 2349 2350 2351
344 8 -1
624 33 51 34 51 1487 2350 2351 2351
345 7 -1
625 34 99 35 99 1488 2351 2352 2353
346 12 -1
628 39 69 40 69 1491 2354 2355 2355
347 14 -1
629 47 82 49 85 1492 2355 2356 2360
348 4 -1
630 50 80 50 80 1493 2356 2357 2357
349 3 -1
634 72 38 72 38 1497 2360 2361 2361
350 11 -1
635 61 19 63 19 1498 2361 2362 2363
351 3 -1
636 31 5 33 5 1499 2362 2363 2364
352 6 -1
637 36 80 36 82 1500 2363 2364 2365
353 3 -1
639 30 4 31 4 1502 2365 2366 2366
354 1 -1
640 52 66 52 67 1503 2366 2367 2368
355 13 -1
641 5 74 6 75 1504 2367 2368 2369
356 9 -1
643 94 26 95 26 1506 2369 2370 2375
357 8 -1
645 52 31 53 31 1508 2371 2372 2373
358 14 -1
646 16 36 16 38 1509 2372 2373 2374
359 15 -1
648 84 29 85 29 1511 2374 2375 2375
360 0 -1
649 92 40 99 40 1512 2375 2376 2385
361 10 -1
650 75 45 76 45 1513 2376 2377 2377
362 15 -1
651 1 78 2 80 1514 2377 2378 2381
363 2 -1
652 29 60 32 62 1515 2378 2379 2393
364 6 -1
653 27 39 28 39 1516 2379 2380 2380
365 13 -1
656 19 19 19 19 1519 2382 2383 2383
366 13 -1
662 21 29 21 30 1525 2388 2389 2390
367 2 -1
663 21 34 27 36 1526 2389 2390 2397
368 9 -1
664 9 32 9 33 1527 2390 2391 2392
369 11 -1
665 88 95 89 95 1528 2391 2392 2392
370 12 -1
666 50 64 52 64 1529 2392 2393 2394
371 5 -1
667 48 54 50 54 1530 2393 2394 2396
372 0 -1
669 7 34 8 34 1532 2395 2396 2396
373 15 -1
672 53 97 53 97 1535 2398 2399 2402
374 13 -1
673 69 51 70 52 1536 2399 2400 2401
375 3 -1
674 36 1 38 3 1537 2400 2401 2404
376 8 -1
675 32 81 37 81 1538 2401 2402 2406
377 3 -1
678 20 15 24 15 1541 2404 2405 2408
378 6 -1
679 35 6 38 6 1542 2405 2406 2408
379 13 -1
680 58 92 63 93 1543 2406 2407 2412
380 0 -1
681 35 41 35 43 1544 2407 2408 2409
381 4 -1
682 40 78 41 78 1545 2408 2409 2410
382 6 -1
684 34 72 36 72 1547 2410 2411 2412
383 10 -1
685 39 85 41 88 1548 2411 2412 2416
384 13 -1
687 40 46 42 47 1550 2413 2414 2418
385 6 -1
688 29 31 30 31 1551 2414 2415 2416
386 4 -1
689 16 43 16 43 1552 2415 2416 2417
387 11 -1
690 51 26 53 26 1553 2416 2417 2418
388 5 -1
691 8 82 9 82 1554 2417 2418 2419
389 0 -1
692 24 97 25 98 1555 2418 2419 2420
390 10 -1
694 6 42 9 42 1557 2420 2421 2423
391 0 -1
696 99 37 98 37 1559 2422 2423 2424
392 14 -1
698 43 89 45 89 1561 2424 2425 2429
393 6 -1
700 5 74 5 75 1563 2426 2427 2427
394 10 -1
701 91 62 92 62 1564 2427 2428 2428
395 5 -1
702 72 71 75 71 1565 2428 2429 2435
396 10 -1
703 50 28 51 29 1566 2429 2430 2431
397 4 -1
704 50 6 52 6 1567 2430 2431 2432
398 8 -1
705 34 23 35 25 1568 2431 2432 2435
399 14 -1
706 38 44 38 44 1569 2432 2433 2434
400 11 -1
707 4 57 7 57 1570 2433 2434 2437
401 15 -1
708 51 36 56 37 1571 2434 2435 2441
402 13 -1
710 99 42 99 44 1573 2436 2437 2439
403 6 -1
712 84 25 84 25 1575 2438 2439 2439
404 8 -1
714 7 98 8 98 1577 2440 2441 2441
405 1 -1
716 8 78 8 79 1579 2442 2443 2443
406 15 -1
718 87 16 94 17 1581 2444 2445 2452
407 8 -1
719 14 14 14 14 1582 2445 2446 2446
408 6 -1
720 36 72 38 72 1583 2446 2447 2448
409 2 -1
722 68 16 68 18 1585 2448 2449 2450
410 11 -1
724 18 11 19 12 1587 2450 2451 2452
411 11 -1
725 74 42 85 42 1588 2451 2452 2462
412 5 -1
726 80 15 82 17 1589 2452 2453 2456
413 6 -1
727 87 72 89 73 1590 2453 2454 2456
414 12 -1
728 4 1 5 2 1591 2454 2455 2459
415 14 -1
729 52 34 53 34 1592 2455 2456 2456
416 4 -1
731 51 40 52 40 1594 2457 2458 2458
417 12 -1
733 28 33 28 33 1596 2459 2460 2461
418 3 -1
734 79 65 81 65 1597 2460 2461 2462
419 11 -1
735 36 72 38 72 1598 2461 2462 2464
420 11 -1
736 46 80 46 80 1599 2462 2463 2464
421 10 -1
737 25 57 25 57 1600 2463 2464 2466
422 13 -1
742 55 96 59 96 1605 2468 2469 2473
423 11 -1
744 29 60 29 60 1607 2470 2471 2472
424 13 -1
745 98 33 93 33 1608 2471 2472 2476
425 8 -1
748 65 50 65 52 1611 2474 2475 2476
426 3 -1
750 49 45 49 45 1613 2476 2477 2477
427 15 -1
751 72 61 72 62 1614 2477 2478 2478
428 10 -1
752 33 74 34 75 1615 2478 2479 2481
429 1 -1
753 20 31 21 31 1616 2479 2480 2480
430 7 -1
754 48 14 51 16 1617 2480 2481 2486
431 2 -1
755 88 30 88 31 1618 2481 2482 2483
432 8 -1
757 22 99 22 99 1620 2483 2484 2485
433 9 -1
758 45 35 47 40 1621 2484 2485 2492
434 6 -1
759 83 48 83 50 1622 2485 2486 2487
435 13 -1
760 32 38 33 38 1623 2486 2487 2487
436 7 -1
766 96 91 98 91 1629 2492 2493 2494
437 5 -1
767 10 66 12 66 1630 2493 2494 2495
438 11 -1
768 5 98 7 98 1631 2494 2495 2497
439 5 -1
771 97 49 98 49 1634 2497 2498 2498
440 4 -1
772 3 94 3 95 1635 2498 2499 2500
441 6 -1
773 98 3 96 3 1636 2499 2500 2502
442 10 -1
775 12 57 15 59 1638 2501 2502 2506
443 5 -1
777 92 25 92 27 1640 2503 2504 2505
444 8 -1
778 77 19 77 20 1641 2504 2505 2506
445 5 -1
779 4 26 4 26 1642 2505 2506 2508
446 10 -1
781 28 42 28 43 1644 2507 2508 2508
447 8 -1
782 32 23 32 25 1645 2508 2509 2512
448 10 -1
784 25 77 27 77 1647 2510 2511 2512
449 12 -1
787 90 25 92 25 1650 2513 2514 2515
450 8 -1
788 84 32 84 32 1651 2514 2515 2515
451 9 -1
789 29 48 30 49 1652 2515 2516 2519
452 4 -1
790 22 9 23 10 1653 2516 2517 2518
453 8 -1
791 91 30 92 31 1654 2517 2518 2522
454 12 -1
793 37 53 37 53 1656 2519 2520 2522
455 8 -1
794 15 82 19 82 1657 2520 2521 2524
456 14 -1
795 62 99 64 99 1658 2521 2522 2523
457 0 -1
796 60 94 60 96 1659 2522 2523 2526
458 9 -1
797 50 42 50 43 1660 2523 2524 2524
459 4 -1
798 98 52 98 53 1661 2524 2525 2527
460 1 -1
799 66 19 68 19 1662 2525 2526 2527
461 6 -1
800 52 24 54 26 1663 2526 2527 2531
462 5 -1
802 87 55 87 56 1665 2528 2529 2532
463 2 -1
803 71 77 73 77 1666 2529 2530 2531
464 13 -1
805 99 47 97 48 1668 2531 2532 2536
465 0 -1
806 0 65 4 66 1669 2532 2533 2541
466 12 -1
807 35 3 37 3 1670 2533 2534 2535
467 10 -1
810 50 33 50 33 1673 2536 2537 2537
468 7 -1
813 25 8 26 8 1676 2539 2540 2540
469 9 -1
818 84 2 86 2 1681 2544 2545 2546
470 15 -1
820 11 88 11 88 1683 2546 2547 2549
471 9 -1
824 1 75 3 75 1687 2550 2551 2552
472 4 -1
825 20 50 20 51 1688 2551 2552 2554
473 6 -1
827 55 29 56 29 1690 2553 2554 2554
474 2 -1
828 40 55 46 55 1691 2554 2555 2564
475 0 -1
830 47 95 48 97 1693 2556 2557 2559
476 7 -1
831 16 97 17 97 1694 2557 2558 2558
477 0 -1
833 40 3 41 3 1696 2559 2560 2561
478 1 -1
834 19 67 21 67 1697 2560 2561 2562
479 6 -1
835 37 4 38 12 1698 2561 2562 2571
480 2 -1
839 80 30 81 30 1702 2565 2566 2567
481 0 -1
841 17 27 21 27 1704 2567 2568 2571
482 9 -1
842 89 58 89 58 1705 2568 2569 2570
483 0 -1
844 85 64 86 66 1707 2570 2571 2575
484 12 -1
845 45 39 45 41 1708 2571 2572 2573
485 5 -1
846 32 94 38 94 1709 2572 2573 2578
486 0 -1
847 96 43 96 43 1710 2573 2574 2574
487 6 -1
850 9 10 9 10 1713 2576 2577 2579
488 15 -1
851 50 62 54 62 1714 2577 2578 2581
489 1 -1
854 67 59 68 59 1717 2580 2581 2581
490 13 -1
856 73 17 73 20 1719 2582 2583 2585
491 3 -1
859 59 31 59 35 1722 2585 2586 2590
492 12 -1
860 41 99 41 99 1723 2586 2587 2587
493 3 -1
861 22 34 24 34 1724 2587 2588 2589
494 15 -1
864 79 68 80 68 1727 2590 2591 2593
495 7 -1
867 98 63 99 63 1730 2593 2594 2594
496 1 -1
868 4 46 6 46 1731 2594 2595 2596
497 8 -1
871 40 82 50 87 1734 2597 2598 2613
498 7 -1
873 89 39 91 39 1736 2599 2600 2601
499 2 -1
874 59 62 64 62 1737 2600 2601 2605
500 6 -1
875 30 25 30 27 1738 2601 2602 2604
501 8 -1
877 71 43 72 44 1740 2603 2604 2606
502 10 -1
878 12 99 12 100 1741 2604 2605 2606
503 4 -1
879 70 44 72 44 1742 2605 2606 2607
504 9 -1
880 84 93 85 96 1743 2606 2607 2610
505 6 -1
881 76 6 76 10 1744 2607 2608 2613
506 7 -1
882 5 91 5 93 1745 2608 2609 2610
507 12 -1
885 11 26 11 27 1748 2611 2612 2612
508 2 -1
887 14 96 14 97 1750 2613 2614 2616
509 4 -1
889 1 67 2 67 1752 2615 2616 2618
510 13 -1
891 68 42 70 42 1754 2617 2618 2619
511 4 -1
893 61 24 61 25 1756 2619 2620 2621
512 3 -1
894 22 47 23 49 1757 2620 2621 2623
513 1 -1
895 33 55 35 55 1758 2621 2622 2624
514 6 -1
896 12 37 12 37 1759 2622 2623 2624
515 5 -1
897 29 59 29 59 1760 2623 2624 2624
516 10 -1
898 77 52 77 54 1761 2624 2625 2626
517 14 -1
899 75 47 76 47 1762 2625 2626 2627
518 11 -1
900 67 38 70 39 1763 2626 2627 2632
519 0 -1
901 3 45 4 45 1764 2627 2628 2629
520 10 -1
902 62 71 62 72 1765 2628 2629 2629
521 15 -1
905 6 96 7 96 1768 2631 2632 2632
522 11 -1
910 68 9 69 9 1773 2636 2637 2637
523 8 -1
912 1 86 9 87 1775 2638 2639 2648
524 8 -1
914 4 46 8 48 1777 2640 2641 2647
525 9 -1
917 44 96 48 96 1780 2643 2644 2647
526 1 -1
919 14 27 16 27 1782 2645 2646 2647
527 9 -1
920 13 46 14 46 1783 2646 2647 2649
528 7 -1
921 19 73 19 74 1784 2647 2648 2648
529 14 -1
923 89 84 89 85 1786 2649 2650 2650
530 9 -1
925 24 62 27 62 1788 2651 2652 2654
531 2 -1
926 49 25 55 26 1789 2652 2653 2661
532 6 -1
927 29 85 31 86 1790 2653 2654 2656
533 14 -1
928 46 77 47 79 1791 2654 2655 2658
534 8 -1
929 52 52 52 52 1792 2655 2656 2656
535 0 -1
931 32 81 33 82 1794 2657 2658 2659
536 10 -1
933 19 87 20 87 1796 2659 2660 2666
537 6 -1
935 52 98 53 98 1798 2661 2662 2663
538 8 -1
936 46 75 47 75 1799 2662 2663 2663
539 14 -1
937 30 40 31 40 1800 2663 2664 2667
540 11 -1
938 56 25 57 26 1801 2664 2665 2668
541 8 -1
940 26 25 26 25 1803 2666 2667 2668
542 0 -1
942 93 66 93 67 1805 2668 2669 2669
543 2 -1
943 82 92 87 93 1806 2669 2670 2676
544 0 -1
944 73 33 74 33 1807 2670 2671 2671
545 13 -1
945 57 41 59 42 1808 2671 2672 2674
546 15 -1
947 21 81 27 84 1810 2673 2674 2686
547 2 -1
948 5 2 5 5 1811 2674 2675 2677
548 3 -1
950 64 10 66 10 1813 2676 2677 2678
549 1 -1
951 8 45 8 47 1814 2677 2678 2679
550 8 -1
954 3 73 3 74 1817 2680 2681 2682
551 0 -1
955 58 40 58 41 1818 2681 2682 2682
552 14 -1
957 34 71 35 71 1820 2683 2684 2686
553 9 -1
958 67 62 67 62 1821 2684 2685 2685
554 10 -1
963 73 65 76 65 1826 2689 2690 2692
555 6 -1
964 20 87 21 88 1827 2690 2691 2692
556 0 -1
966 78 71 79 71 1829 2692 2693 2694
557 5 -1
969 68 63 70 63 1832 2695 2696 2697
558 9 -1
972 62 35 62 40 1835 2698 2699 2704
559 15 -1
973 63 38 65 39 1836 2699 2700 2703
560 11 -1
974 91 44 98 45 1837 2700 2701 2710
561 9 -1
976 27 21 32 21 1839 2702 2703 2707
562 13 -1
979 50 60 53 61 1842 2705 2706 2709
563 12 -1
981 36 18 37 18 1844 2707 2708 2708
564 5 -1
983 8 2 8 3 1846 2709 2710 2712
565 11 -1
984 22 2 26 4 1847 2710 2711 2716
566 9 -1
987 51 63 55 63 1850 2713 2714 2717
567 9 -1
989 82 70 85 70 1852 2715 2716 2718
568 9 -1
990 96 60 92 60 1853 2716 2717 2720
569 15 -1
992 51 88 53 89 1855 2718 2719 2722
570 11 -1
993 69 66 70 66 1856 2719 2720 2721
571 8 -1
994 86 98 87 99 1857 2720 2721 2724
572 6 -1
996 29 14 31 14 1859 2722 2723 2724
573 5 -1
997 85 74 85 76 1860 2723 2724 2725
574 10 -1
998 47 80 48 80 1861 2724 2725 2725
575 14 -1
999 58 69 58 70 1862 2725 2726 2727
576 11 -1
1001 87 65 42 67 1864 2727 2728 2776
577 5 -1
1004 21 5 22 5 1867 2730 2731 2732
578 8 -1
1008 94 43 94 43 1871 2734 2735 2735
579 12 -1
1010 91 1 92 2 1873 2736 2737 2738
580 13 -1
1012 39 87 39 88 1875 2738 2739 2739
581 5 -1
1015 60 53 60 53 1878 2741 2742 2742
582 5 -1
1016 39 34 40 34 1879 2742 2743 2743
583 6 -1
1017 17 52 19 52 1880 2743 2744 2746
584 12 -1
1018 46 61 47 67 1881 2744 2745 2758
585 3 -1
1019 54 54 54 57 1882 2745 2746 2755
586 12 -1
1020 72 6 72 8 1883 2746 2747 2749
587 0 -1
1021 82 21 82 22 1884 2747 2748 2748
588 1 -1
1022 24 71 38 71 1885 2748 2749 2762
589 7 -1
1025 48 65 53 65 1888 2751 2752 2756
590 7 -1
1027 79 0 80 0 1890 2753 2754 2754
591 9 -1
1028 7 79 7 80 1891 2754 2755 2755
592 14 -1
1031 16 6 18 13 1894 2757 2758 2766
593 14 -1
1032 42 39 43 40 1895 2758 2759 2765
594 12 -1
1033 9 59 9 59 1896 2759 2760 2763
595 4 -1
1035 79 57 81 57 1898 2761 2762 2763
596 12 -1
1036 90 79 92 79 1899 2762 2763 2764
597 6 -1
1037 12 39 12 40 1900 2763 2764 2764
598 15 -1
1039 82 89 82 89 1902 2765 2766 2766
599 5 -1
1040 97 63 97 63 1903 2766 2767 2767
600 9 -1
1042 38 25 49 25 1905 2768 2769 2779
601 13 -1
1044 77 23 79 23 1907 2770 2771 2774
602 13 -1
1045 2 20 2 20 1908 2771 2772 2774
603 4 -1
1051 78 9 79 9 1914 2777 2778 2778
604 14 -1
1053 84 43 85 43 1916 2779 2780 2780
605 5 -1
1056 91 0 92 0 1919 2782 2783 2784
606 9 -1
1057 56 39 56 40 1920 2783 2784 2785
607 12 -1
1059 43 43 44 44 1922 2785 2786 2789
608 1 -1
1060 26 86 26 86 1923 2786 2787 2791
609 4 -1
1063 22 33 24 33 1926 2789 2790 2792
610 10 -1
1065 17 14 17 14 1928 2791 2792 2794
611 11 -1
1066 1 48 2 48 1929 2792 2793 2794
612 2 -1
1067 19 74 19 74 1930 2793 2794 2794
613 9 -1
1070 65 36 72 41 1933 2796 2797 2808
614 12 -1
1071 22 70 23 71 1934 2797 2798 2802
615 8 -1
1073 69 35 82 36 1936 2799 2800 2814
616 9 -1
1074 12 71 12 71 1937 2800 2801 2801
617 11 -1
1075 66 64 67 65 1938 2801 2802 2804
618 0 -1
1078 92 12 96 12 1941 2804 2805 2808
619 8 -1
1082 72 6 73 6 1945 2808 2809 2809
620 0 -1
1083 4 12 4 13 1946 2809 2810 2811
621 13 -1
1084 88 14 92 15 1947 2810 2811 2816
622 7 -1
1085 35 96 38 96 1948 2811 2812 2814
623 9 -1
1086 36 43 40 43 1949 2812 2813 2816
624 13 -1
1090 11 95 11 95 1953 2816 2817 2817
625 12 -1
1091 9 93 12 93 1954 2817 2818 2821
626 0 -1
1092 18 35 18 36 1955 2818 2819 2819
627 13 -1
1095 86 32 87 34 1958 2821 2822 2824
628 14 -1
1097 90 88 91 88 1960 2823 2824 2826
629 12 -1
1098 48 33 48 33 1961 2824 2825 2828
630 10 -1
1099 23 75 23 75 1962 2825 2826 2830
631 10 -1
1100 9 95 14 95 1963 2826 2827 2831
632 0 -1
1102 43 0 44 0 1965 2828 2829 2831
633 7 -1
1103 70 91 72 96 1966 2829 2830 2836
634 5 -1
1104 68 20 69 20 1967 2830 2831 2831
635 3 -1
1105 12 31 13 31 1968 2831 2832 2832
636 6 -1
1107 22 87 29 88 1970 2833 2834 2843
637 13 -1
1109 70 85 72 86 1972 2835 2836 2838
638 8 -1
1111 58 78 60 78 1974 2837 2838 2839
639 12 -1
1113 46 13 47 13 1976 2839 2840 2840
640 14 -1
1114 33 25 33 25 1977 2840 2841 2841
641 11 -1
1115 77 2 79 3 1978 2841 2842 2844
642 1 -1
1116 10 9 20 9 1979 2842 2843 2853
643 14 -1
1118 65 64 65 66 1981 2844 2845 2846
644 11 -1
1120 95 7 96 7 1983 2846 2847 2848
645 15 -1
1121 41 83 41 84 1984 2847 2848 2848
646 1 -1
1122 58 45 61 45 1985 2848 2849 2851
647 6 -1
1124 25 46 25 47 1987 2850 2851 2857
648 2 -1
1125 14 97 15 98 1988 2851 2852 2853
649 5 -1
1126 33 96 41 96 1989 2852 2853 2864
650 2 -1
1129 78 54 78 55 1992 2855 2856 2856
651 9 -1
1130 8 54 8 54 1993 2856 2857 2857
652 4 -1
1132 24 56 25 57 1995 2858 2859 2860
653 1 -1
1133 93 6 95 7 1996 2859 2860 2862
654 14 -1
1137 3 69 3 72 2000 2863 2864 2867
655 14 -1
1138 75 6 76 6 2001 2864 2865 2865
656 12 -1
1139 74 76 74 76 2002 2865 2866 2866
657 12 -1
1141 83 68 85 68 2004 2867 2868 2869
658 11 -1
1142 26 50 29 50 2005 2868 2869 2871
659 3 -1
1144 70 82 70 83 2007 2870 2871 2873
660 9 -1
1147 36 31 39 32 2010 2873 2874 2877
661 12 -1
1150 9 65 9 66 2013 2876 2877 2877
662 0 -1
1151 89 84 89 84 2014 2877 2878 2879
663 0 -1
1154 64 16 65 16 2017 2880 2881 2881
664 9 -1
1156 89 28 90 29 2019 2882 2883 2884
665 10 -1
1157 58 68 59 72 2020 2883 2884 2888
666 2 -1
1158 56 11 57 14 2021 2884 2885 2888
667 13 -1
1159 60 26 60 28 2022 2885 2886 2887
668 2 -1
1164 39 46 42 46 2027 2890 2891 2893
669 13 -1
1166 9 61 11 61 2029 2892 2893 2895
670 10 -1
1169 9 84 12 84 2032 2895 2896 2898
671 10 -1
1170 45 22 46 23 2033 2896 2897 2899
672 0 -1
1171 71 91 75 91 2034 2897 2898 2906
673 8 -1
1172 82 77 82 77 2035 2898 2899 2899
674 15 -1
1174 60 35 66 35 2037 2900 2901 2907
675 12 -1
1175 19 92 19 95 2038 2901 2902 2904
676 5 -1
1176 56 7 58 7 2039 2902 2903 2904
677 14 -1
1177 62 95 64 95 2040 2903 2904 2905
678 2 -1
1179 82 22 82 23 2042 2905 2906 2906
679 5 -1
1186 73 40 73 40 2049 2912 2913 2914
680 11 -1
1187 91 0 91 2 2050 2913 2914 2915
681 9 -1
1188 50 92 50 93 2051 2914 2915 2915
682 5 -1
1190 30 74 31 74 2053 2916 2917 2917
683 13 -1
1191 14 20 14 20 2054 2917 2918 2919
684 7 -1
1194 92 22 94 22 2057 2920 2921 2922
685 9 -1
1195 9 51 9 54 2058 2921 2922 2924
686 7 -1
1197 65 94 67 94 2060 2923 2924 2926
687 1 -1
1198 13 41 17 41 2061 2924 2925 2928
688 3 -1
1201 14 87 17 87 2064 2927 2928 2932
689 3 -1
1202 15 47 15 48 2065 2928 2929 2929
690 2 -1
1203 95 53 96 53 2066 2929 2930 2930
691 4 -1
1205 12 95 15 95 2068 2931 2932 2934
692 2 -1
1207 57 78 57 79 2070 2933 2934 2937
693 10 -1
1208 3 78 3 78 2071 2934 2935 2936
694 4 -1
1209 31 71 31 71 2072 2935 2936 2936
695 14 -1
1211 81 1 84 1 2074 2937 2938 2941
696 2 -1
1214 89 10 92 11 2077 2940 2941 2946
697 9 -1
1217 68 58 68 58 2080 2943 2944 2945
698 4 -1
1218 48 37 48 38 2081 2944 2945 2945
699 8 -1
1219 93 86 95 90 2082 2945 2946 2952
700 10 -1
1220 86 61 86 62 2083 2946 2947 2947
701 10 -1
1222 24 81 25 82 2085 2948 2949 2951
702 2 -1
1223 17 56 20 56 2086 2949 2950 2953
703 10 -1
1226 86 33 88 34 2089 2952 2953 2955
704 12 -1
1227 10 51 11 51 2090 2953 2954 2954
705 2 -1
1229 34 78 35 78 2092 2955 2956 2956
706 8 -1
1230 49 4 50 4 2093 2956 2957 2961
707 2 -1
1231 78 1 78 1 2094 2957 2958 2958
708 0 -1
1233 97 1 99 1 2096 2959 2960 2961
709 11 -1
1235 65 21 68 22 2098 2961 2962 2965
710 9 -1
1236 84 74 89 74 2099 2962 2963 2967
711 6 -1
1237 60 96 63 98 2100 2963 2964 2968
712 13 -1
1238 66 37 69 37 2101 2964 2965 2969
713 0 -1
1240 64 96 65 97 2103 2966 2967 2970
714 2 -1
1241 58 54 59 54 2104 2967 2968 2968
715 11 -1
1242 48 83 48 95 2105 2968 2969 2981
716 7 -1
1243 59 95 59 96 2106 2969 2970 2971
717 11 -1
1244 65 17 68 17 2107 2970 2971 2977
718 5 -1
1246 74 78 82 78 2109 2972 2973 2981
719 14 -1
1250 18 89 19 89 2113 2976 2977 2977
720 0 -1
1254 62 64 69 64 2117 2980 2981 2987
721 12 -1
1255 98 16 99 16 2118 2981 2982 2985
722 8 -1
1258 67 73 79 73 2121 2984 2985 3000
723 11 -1
1259 17 66 26 66 2122 2985 2986 3003
724 10 -1
1260 19 10 20 14 2123 2986 2987 2992
725 13 -1
1261 79 81 86 81 2124 2987 2988 2994
726 13 -1
1263 53 77 54 82 2126 2989 2990 2996
727 6 -1
1264 34 79 36 80 2127 2990 2991 2994
728 4 -1
1265 13 11 15 11 2128 2991 2992 2993
729 8 -1
1266 24 1 24 2 2129 2992 2993 2993
730 4 -1
1268 64 1 67 1 2131 2994 2995 2997
731 5 -1
1276 60 84 61 84 2139 3002 3003 3003
732 4 -1
1277 44 83 47 84 2140 3003 3004 3008
733 5 -1
1281 63 31 65 31 2144 3007 3008 3009
734 10 -1
1284 76 93 77 93 2147 3010 3011 3012
735 6 -1
1287 69 59 70 61 2150 3013 3014 3017
736 9 -1
1290 12 18 19 18 2153 3016 3017 3023
737 4 -1
1291 13 65 16 65 2154 3017 3018 3020
738 2 -1
1292 40 61 53 64 2155 3018 3019 3044
739 7 -1
1297 91 89 93 89 2160 3023 3024 3026
740 3 -1
1298 2 39 2 39 2161 3024 3025 3025
741 12 -1
1299 22 39 25 39 2162 3025 3026 3028
742 6 -1
1300 9 66 11 66 2163 3026 3027 3028
743 14 -1
1307 81 59 82 59 2170 3033 3034 3034
744 9 -1
1309 56 55 56 56 2172 3035 3036 3037
745 2 -1
1312 52 95 54 95 2175 3038 3039 3040
746 2 -1
1313 78 64 79 64 2176 3039 3040 3040
747 1 -1
1314 96 83 92 83 2177 3040 3041 3044
748 5 -1
1315 83 50 83 54 2178 3041 3042 3046
749 4 -1
1316 35 54 36 55 2179 3042 3043 3044
750 15 -1
1317 25 86 27 86 2180 3043 3044 3045
751 2 -1
1318 70 9 71 10 2181 3044 3045 3047
752 12 -1
1319 24 98 24 99 2182 3045 3046 3047
753 1 -1
1320 59 84 60 84 2183 3046 3047 3047
754 2 -1
1321 43 20 45 20 2184 3047 3048 3049
755 1 -1
1323 64 76 65 77 2186 3049 3050 3051
756 11 -1
1324 25 38 27 38 2187 3050 3051 3055
757 7 -1
1325 77 15 77 18 2188 3051 3052 3057
758 10 -1
1326 5 76 5 76 2189 3052 3053 3053
759 12 -1
1327 79 60 86 61 2190 3053 3054 3063
760 12 -1
1329 0 3 2 3 2192 3055 3056 3057
761 13 -1
1332 90 91 92 91 2195 3058 3059 3060
762 14 -1
1333 34 87 35 87 2196 3059 3060 3060
763 4 -1
1335 49 0 60 4 2198 3061 3062 3077
764 11 -1
1336 20 37 20 37 2199 3062 3063 3063
765 5 -1
1338 99 20 97 21 2201 3064 3065 3067
766 4 -1
1340 70 63 71 63 2203 3066 3067 3073
767 0 -1
1342 97 85 97 88 2205 3068 3069 3071
768 15 -1
1344 25 79 25 79 2207 3070 3071 3072
769 12 -1
1345 75 70 76 70 2208 3071 3072 3072
770 13 -1
1347 66 63 67 64 2210 3073 3074 3076
771 5 -1
1348 93 75 93 79 2211 3074 3075 3079
772 2 -1
1349 2 90 4 93 2212 3075 3076 3081
773 13 -1
1354 5 68 5 68 2217 3080 3081 3083
774 3 -1
1355 52 2 56 2 2218 3081 3082 3086
775 13 -1
1359 14 87 18 88 2222 3085 3086 3090
776 5 -1
1362 16 73 17 73 2225 3088 3089 3090
777 6 -1
1365 96 99 96 100 2228 3091 3092 3092
778 12 -1
1368 29 6 31 6 2231 3094 3095 3096
779 10 -1
1369 17 57 18 79 2232 3095 3096 3130
780 4 -1
1370 60 59 61 59 2233 3096 3097 3098
781 8 -1
1372 40 52 42 53 2235 3098 3099 3103
782 9 -1
1374 95 88 96 89 2237 3100 3101 3102
783 7 -1
1375 85 7 87 12 2238 3101 3102 3108
784 4 -1
1376 79 93 79 93 2239 3102 3103 3103
785 6 -1
1377 49 33 52 33 2240 3103 3104 3106
786 15 -1
1378 0 78 1 78 2241 3104 3105 3105
787 11 -1
1379 14 99 15 96 2242 3105 3106 3109
788 4 -1
1381 11 96 13 97 2244 3107 3108 3110
789 15 -1
1382 7 47 8 47 2245 3108 3109 3111
790 2 -1
1383 30 87 32 87 2246 3109 3110 3111
791 6 -1
1385 0 50 3 52 2248 3111 3112 3117
792 3 -1
1386 95 6 96 8 2249 3112 3113 3115
793 11 -1
1387 88 70 89 70 2250 3113 3114 3124
794 2 -1
1388 6 43 7 45 2251 3114 3115 3117
795 1 -1
1389 20 74 22 74 2252 3115 3116 3117
796 10 -1
1390 35 5 36 5 2253 3116 3117 3118
797 1 -1
1391 96 34 98 34 2254 3117 3118 3119
798 13 -1
1393 71 9 73 9 2256 3119 3120 3121
799 10 -1
1395 4 92 6 96 2258 3121 3122 3129
800 2 -1
1396 39 54 39 55 2259 3122 3123 3123
801 11 -1
1400 80 43 81 45 2263 3126 3127 3129
802 12 -1
1401 95 81 96 83 2264 3127 3128 3130
803 15 -1
1402 50 98 52 99 2265 3128 3129 3135
804 12 -1
1403 95 85 97 85 2266 3129 3130 3131
805 1 -1
1406 66 49 67 49 2269 3132 3133 3133
806 5 -1
1411 86 0 86 0 2274 3137 3138 3139
807 4 -1
1412 56 2 56 3 2275 3138 3139 3144
808 12 -1
1413 92 57 92 58 2276 3139 3140 3140
809 15 -1
1414 59 16 59 16 2277 3140 3141 3142
810 15 -1
1415 47 17 49 17 2278 3141 3142 3143
811 9 -1
1417 33 43 33 44 2280 3143 3144 3144
812 12 -1
1418 63 66 66 67 2281 3144 3145 3149
813 1 -1
1419 51 54 54 54 2282 3145 3146 3152
814 7 -1
1420 52 93 55 98 2283 3146 3147 3154
815 5 -1
1423 45 87 46 87 2286 3149 3150 3150
816 3 -1
1426 81 29 83 29 2289 3152 3153 3154
817 12 -1
1428 73 67 75 68 2291 3154 3155 3157
818 15 -1
1429 83 8 83 9 2292 3155 3156 3157
819 11 -1
1430 24 20 25 20 2293 3156 3157 3157
820 15 -1
1431 55 12 57 13 2294 3157 3158 3160
821 7 -1
1432 48 16 48 16 2295 3158 3159 3159
822 3 -1
1434 93 56 93 57 2297 3160 3161 3161
823 15 -1
1435 21 42 28 42 2298 3161 3162 3168
824 3 -1
1436 8 72 9 72 2299 3162 3163 3164
825 4 -1
1438 22 96 25 97 2301 3164 3165 3168
826 8 -1
1439 32 79 33 79 2302 3165 3166 3166
827 15 -1
1440 30 95 32 96 2303 3166 3167 3169
828 11 -1
1441 39 63 39 65 2304 3167 3168 3174
829 15 -1
1442 5 20 6 21 2305 3168 3169 3170
830 6 -1
1443 80 43 80 43 2306 3169 3170 3174
831 10 -1
1444 85 4 86 4 2307 3170 3171 3172
832 3 -1
1446 12 78 16 79 2309 3172 3173 3178
833 15 -1
1447 71 67 72 68 2310 3173 3174 3175
834 14 -1
1448 35 49 36 50 2311 3174 3175 3176
835 11 -1
1452 12 52 13 52 2315 3178 3179 3179
836 10 -1
1454 52 41 52 44 2317 3180 3181 3184
837 5 -1
1455 4 12 4 13 2318 3181 3182 3183
838 0 -1
1456 95 38 96 38 2319 3182 3183 3183
839 6 -1
1457 98 46 94 46 2320 3183 3184 3189
840 13 -1
1458 59 21 63 22 2321 3184 3185 3194
841 3 -1
1461 69 74 72 74 2324 3187 3188 3190
842 2 -1
1462 47 41 47 43 2325 3188 3189 3192
843 11 -1
1463 26 41 28 41 2326 3189 3190 3191
844 14 -1
1465 31 95 33 95 2328 3191 3192 3193
845 10 -1
1466 3 33 3 35 2329 3192 3193 3194
846 14 -1
1468 44 72 44 73 2331 3194 3195 3195
847 14 -1
1469 7 25 12 25 2332 3195 3196 3200
848 11 -1
1470 9 28 9 28 2333 3196 3197 3197
849 3 -1
1472 87 46 92 46 2335 3198 3199 3203
850 0 -1
1473 22 24 27 24 2336 3199 3200 3204
851 15 -1
1474 79 84 90 84 2337 3200 3201 3211
852 10 -1
1475 87 46 87 47 2338 3201 3202 3203
853 2 -1
1478 91 29 91 34 2341 3204 3205 3210
854 10 -1
1479 75 29 76 29 2342 3205 3206 3207
855 1 -1
1481 53 11 54 11 2344 3207 3208 3209
856 6 -1
1483 31 1 35 7 2346 3209 3210 3220
857 11 -1
1486 16 84 19 85 2349 3212 3213 3217
858 12 -1
1487 53 91 57 91 2350 3213 3214 3217
859 2 -1
1493 38 58 38 58 2356 3219 3220 3221
860 0 -1
1495 19 21 20 21 2358 3221 3222 3222
861 5 -1
1496 25 29 28 29 2359 3222 3223 3226
862 2 -1
1497 63 14 64 15 2360 3223 3224 3227
863 7 -1
1499 70 20 70 21 2362 3225 3226 3227
864 8 -1
1500 25 19 27 19 2363 3226 3227 3228
865 4 -1
1501 59 77 65 79 2364 3227 3228 3235
866 10 -1
1502 60 16 61 19 2365 3228 3229 3232
867 11 -1
1504 1 17 4 17 2367 3230 3231 3243
868 2 -1
1505 33 24 40 27 2368 3231 3232 3241
869 1 -1
1506 72 53 72 53 2369 3232 3233 3234
870 4 -1
1507 36 33 37 35 2370 3233 3234 3236
871 14 -1
1508 21 95 26 95 2371 3234 3235 3240
872 10 -1
1509 61 47 61 47 2372 3235 3236 3236
873 11 -1
1511 95 23 97 23 2374 3237 3238 3239
874 15 -1
1513 32 54 33 54 2376 3239 3240 3244
875 2 -1
1515 93 13 93 14 2378 3241 3242 3242
876 14 -1
1516 9 3 9 5 2379 3242 3243 3245
877 4 -1
1517 23 94 26 94 2380 3243 3244 3246
878 15 -1
1518 15 79 18 79 2381 3244 3245 3247
879 14 -1
1519 28 66 31 66 2382 3245 3246 3249
880 8 -1
1521 80 95 84 95 2384 3247 3248 3251
881 13 -1
1522 75 15 77 15 2385 3248 3249 3250
882 9 -1
1523 61 63 63 63 2386 3249 3250 3251
883 6 -1
1527 22 23 25 23 2390 3253 3254 3257
884 6 -1
1528 48 30 49 30 2391 3254 3255 3255
885 14 -1
1533 89 54 90 54 2396 3259 3260 3260
886 2 -1
1534 8 48 11 48 2397 3260 3261 3269
887 8 -1
1535 38 30 40 30 2398 3261 3262 3264
888 11 -1
1536 0 72 1 73 2399 3262 3263 3264
889 15 -1
1538 91 85 91 89 2401 3264 3265 3268
890 11 -1
1540 28 83 28 84 2403 3266 3267 3267
891 5 -1
1543 90 94 90 96 2406 3269 3270 3272
892 9 -1
1544 39 22 41 22 2407 3270 3271 3272
893 5 -1
1545 32 64 33 65 2408 3271 3272 3273
894 10 -1
1547 85 77 88 79 2410 3273 3274 3278
895 12 -1
1550 53 5 54 6 2413 3276 3277 3278
896 11 -1
1551 90 67 90 67 2414 3277 3278 3279
897 12 -1
1552 78 80 81 82 2415 3278 3279 3283
898 2 -1
1554 10 83 11 83 2417 3280 3281 3284
899 3 -1
1555 34 60 36 60 2418 3281 3282 3283
900 1 -1
1556 54 4 54 5 2419 3282 3283 3284
901 3 -1
1559 13 95 17 95 2422 3285 3286 3291
902 3 -1
1560 3 95 8 95 2423 3286 3287 3292
903 15 -1
1562 31 69 33 69 2425 3288 3289 3290
904 3 -1
1563 86 56 91 57 2426 3289 3290 3299
905 3 -1
1564 15 24 15 25 2427 3290 3291 3292
906 11 -1
1566 14 43 14 44 2429 3292 3293 3294
907 14 -1
1567 40 45 44 45 2430 3293 3294 3297
908 11 -1
1573 9 37 11 39 2436 3299 3300 3307
909 14 -1
1575 49 99 50 99 2438 3301 3302 3302
910 8 -1
1576 31 75 32 75 2439 3302 3303 3304
911 9 -1
1577 45 83 45 83 2440 3303 3304 3305
912 2 -1
1579 77 36 80 36 2442 3305 3306 3308
913 13 -1
1580 8 38 8 40 2443 3306 3307 3308
914 4 -1
1582 96 75 96 76 2445 3308 3309 3309
915 1 -1
1584 56 33 56 34 2447 3310 3311 3311
916 0 -1
1587 16 64 20 65 2450 3313 3314 3325
917 2 -1
1588 44 11 48 11 2451 3314 3315 3318
918 1 -1
1589 3 77 4 77 2452 3315 3316 3317
919 0 -1
1590 73 75 76 75 2453 3316 3317 3319
920 4 -1
1591 94 54 97 55 2454 3317 3318 3322
921 12 -1
1593 49 68 49 70 2456 3319 3320 3323
922 4 -1
1594 51 62 53 62 2457 3320 3321 3322
923 10 -1
1596 0 16 2 16 2459 3322 3323 3324
924 7 -1
1598 55 52 56 52 2461 3324 3325 3325
925 13 -1
1599 33 75 37 75 2462 3325 3326 3329
926 4 -1
1600 19 63 20 63 2463 3326 3327 3327
927 5 -1
1603 68 54 69 54 2466 3329 3330 3330
928 2 -1
1606 46 78 47 78 2469 3332 3333 3334
929 3 -1
1608 13 51 13 52 2471 3334 3335 3335
930 7 -1
1609 21 19 21 20 2472 3335 3336 3337
931 1 -1
1610 64 92 64 92 2473 3336 3337 3337
932 15 -1
1611 4 43 5 44 2474 3337 3338 3339
933 8 -1
1613 26 66 28 66 2476 3339 3340 3341
934 14 -1
1615 87 88 88 88 2478 3341 3342 3342
935 10 -1
1618 10 47 12 48 2481 3344 3345 3347
936 0 -1
1620 58 77 62 78 2483 3346 3347 3351
937 2 -1
1621 29 18 29 20 2484 3347 3348 3354
938 11 -1
1623 41 51 45 51 2486 3349 3350 3354
939 8 -1
1624 1 14 2 14 2487 3350 3351 3351
940 12 -1
1625 49 86 49 88 2488 3351 3352 3354
941 14 -1
1626 78 25 78 27 2489 3352 3353 3354
942 2 -1
1627 52 94 61 97 2490 3353 3354 3366
943 1 -1
1629 41 16 41 16 2492 3355 3356 3356
944 3 -1
1631 63 87 65 87 2494 3357 3358 3359
945 2 -1
1633 36 11 37 18 2496 3359 3360 3369
946 10 -1
1634 61 38 61 38 2497 3360 3361 3362
947 4 -1
1637 1 25 1 26 2500 3363 3364 3364
948 8 -1
1638 2 10 5 10 2501 3364 3365 3367
949 14 -1
1640 87 9 87 15 2503 3366 3367 3376
950 1 -1
1641 19 72 22 72 2504 3367 3368 3370
951 0 -1
1642 66 20 70 20 2505 3368 3369 3372
952 1 -1
1645 98 55 99 55 2508 3371 3372 3372
953 4 -1
1648 7 14 7 14 2511 3374 3375 3376
954 12 -1
1649 61 91 63 91 2512 3375 3376 3377
955 7 -1
1650 63 41 63 42 2513 3376 3377 3377
956 12 -1
1656 31 29 34 29 2519 3382 3383 3386
957 8 -1
1657 7 90 7 90 2520 3383 3384 3386
958 3 -1
1659 94 21 95 22 2522 3385 3386 3389
959 10 -1
1660 50 1 50 1 2523 3386 3387 3390
960 9 -1
1661 98 63 99 69 2524 3387 3388 3394
961 6 -1
1662 75 35 76 36 2525 3388 3389 3395
962 3 -1
1663 11 95 15 95 2526 3389 3390 3396
963 15 -1
1664 13 90 13 91 2527 3390 3391 3392
964 7 -1
1665 95 55 96 55 2528 3391 3392 3392
965 15 -1
1668 37 62 39 63 2531 3394 3395 3397
966 5 -1
1671 94 11 95 12 2534 3397 3398 3405
967 14 -1
1672 97 48 99 49 2535 3398 3399 3402
968 3 -1
1673 78 51 80 53 2536 3399 3400 3404
969 13 -1
1675 90 77 90 78 2538 3401 3402 3402
970 6 -1
1676 4 15 7 15 2539 3402 3403 3405
971 6 -1
1678 17 92 20 92 2541 3404 3405 3407
972 8 -1
1679 79 10 79 12 2542 3405 3406 3412
973 2 -1
1680 78 99 79 100 2543 3406 3407 3410
974 14 -1
1683 20 0 22 0 2546 3409 3410 3416
975 1 -1
1685 63 79 63 79 2548 3411 3412 3414
976 12 -1
1686 98 93 90 95 2549 3412 3413 3422
977 13 -1
1687 73 87 76 87 2550 3413 3414 3417
978 5 -1
1688 26 57 29 59 2551 3414 3415 3420
979 4 -1
1690 98 84 98 88 2553 3416 3417 3420
980 13 -1
1691 74 58 76 58 2554 3417 3418 3419
981 11 -1
1692 60 11 61 11 2555 3418 3419 3421
982 3 -1
1694 98 80 98 81 2557 3420 3421 3421
983 2 -1
1695 47 15 47 16 2558 3421 3422 3425
984 4 -1
1696 33 66 34 67 2559 3422 3423 3425
985 11 -1
1697 6 48 8 48 2560 3423 3424 3425
986 8 -1
1698 78 70 80 70 2561 3424 3425 3426
987 6 -1
1700 2 84 4 84 2563 3426 3427 3428
988 2 -1
1702 97 83 91 88 2565 3428 3429 3442
989 0 -1
1703 22 57 22 57 2566 3429 3430 3430
990 8 -1
1704 37 91 39 91 2567 3430 3431 3433
991 9 -1
1709 74 14 76 15 2572 3435 3436 3438
992 11 -1
1712 71 55 74 55 2575 3438 3439 3441
993 1 -1
1714 59 19 63 19 2577 3440 3441 3444
994 8 -1
1717 26 77 26 79 2580 3443 3444 3447
995 9 -1
1718 65 44 65 44 2581 3444 3445 3446
996 5 -1
1720 59 98 63 100 2583 3446 3447 3452
997 7 -1
1722 63 52 63 53 2585 3448 3449 3449
998 8 -1
1723 95 41 96 41 2586 3449 3450 3451
999 1 -1
1725 94 21 95 21 2588 3451 3452 3453
1000 0 -1
1726 24 96 24 97 2589 3452 3453 3455
