100 100 577
1
0 70 76
11
0 0 0 100 6
0
1 0 0 100 6
0
2 0 0 100 6
0
3 0 0 100 6
0
4 0 0 100 6
0
5 0 0 100 6
0
6 0 0 100 6
0
7 0 0 100 6
0
8 0 0 100 6
0
9 0 0 100 6
0
10 0 0 100 6
0
300
1 0 -1
2 78 56 79 57 13 24 25 27
2 0 -1
5 7 56 11 57 16 27 28 32
3 0 -1
7 23 21 27 21 18 29 30 33
4 0 -1
8 20 87 28 87 19 30 31 39
5 0 -1
9 82 65 84 68 20 31 32 37
6 0 -1
10 36 36 36 40 21 32 33 36
7 0 -1
11 79 46 79 49 22 33 34 39
8 0 -1
12 57 3 58 3 23 34 35 36
9 0 -1
13 69 94 71 94 24 35 36 37
10 0 -1
14 59 59 62 59 25 36 37 39
11 0 -1
15 0 34 5 35 26 37 38 43
12 0 -1
17 48 27 48 29 28 39 40 43
13 0 -1
18 94 76 88 76 29 40 41 46
14 0 -1
19 20 25 21 25 30 41 42 42
15 0 -1
20 86 39 86 40 31 42 43 44
16 0 -1
21 56 29 57 30 32 43 44 45
17 0 -1
22 39 46 42 46 33 44 45 48
18 0 -1
24 18 11 19 12 35 46 47 48
19 0 -1
29 45 66 51 66 40 51 52 57
20 0 -1
30 21 71 21 73 41 52 53 54
21 0 -1
31 95 79 97 79 42 53 54 55
22 0 -1
33 99 25 96 25 44 55 56 61
23 0 -1
35 59 15 59 15 46 57 58 58
24 0 -1
36 33 49 33 51 47 58 59 60
25 0 -1
39 51 39 51 40 50 61 62 62
26 0 -1
40 43 9 43 9 51 62 63 63
27 0 -1
41 29 97 30 97 52 63 64 65
28 0 -1
42 57 61 57 61 53 64 65 65
29 0 -1
43 56 47 57 47 54 65 66 66
30 0 -1
45 40 9 41 9 56 67 68 69
31 0 -1
49 21 89 22 90 60 71 72 74
32 0 -1
52 84 89 89 89 63 74 75 81
33 0 -1
53 19 80 20 82 64 75 76 80
34 0 -1
54 43 32 43 33 65 76 77 77
35 0 -1
56 68 38 80 40 67 78 79 95
36 0 -1
57 79 16 79 17 68 79 80 81
37 0 -1
59 57 33 57 33 70 81 82 82
38 0 -1
61 74 4 75 4 72 83 84 85
39 0 -1
62 23 78 25 84 73 84 85 92
40 0 -1
64 19 19 34 19 75 86 87 105
41 0 -1
69 45 11 46 11 80 91 92 93
42 0 -1
71 47 29 47 29 82 93 94 101
43 0 -1
73 11 17 16 17 84 95 96 100
44 0 -1
76 90 20 91 22 87 98 99 101
45 0 -1
78 88 57 90 57 89 100 101 102
46 0 -1
80 97 10 98 10 91 102 103 105
47 0 -1
81 15 0 17 0 92 103 104 105
48 0 -1
82 67 29 67 32 93 104 105 110
49 0 -1
83 38 18 39 20 94 105 106 110
50 0 -1
84 94 18 95 18 95 106 107 107
51 0 -1
86 23 20 24 27 97 108 109 118
52 0 -1
87 41 15 41 16 98 109 110 110
53 0 -1
90 97 20 97 20 101 112 113 113
54 0 -1
91 13 29 16 29 102 113 114 117
55 0 -1
92 0 81 0 81 103 114 115 115
56 0 -1
93 3 32 6 32 104 115 116 118
57 0 -1
94 92 45 95 46 105 116 117 122
58 0 -1
96 10 99 11 99 107 118 119 120
59 0 -1
103 93 4 95 4 114 125 126 128
60 0 -1
105 75 60 76 60 116 127 128 129
61 0 -1
106 56 61 56 64 117 128 129 138
62 0 -1
107 0 49 0 51 118 129 130 132
63 0 -1
108 25 15 26 19 119 130 131 138
64 0 -1
110 42 97 49 97 121 132 133 140
65 0 -1
111 91 32 92 32 122 133 134 134
66 0 -1
114 5 99 8 99 125 136 137 142
67 0 -1
115 67 17 71 18 126 137 138 142
68 0 -1
116 26 44 30 47 127 138 139 150
69 0 -1
119 70 34 71 36 130 141 142 144
70 0 -1
120 48 14 48 14 131 142 143 143
71 0 -1
122 35 32 37 34 133 144 145 148
72 0 -1
123 22 90 23 92 134 145 146 148
73 0 -1
124 11 85 14 85 135 146 147 150
74 0 -1
127 32 97 33 97 138 149 150 150
75 0 -1
128 95 94 85 85 139 150 151 169
76 0 -1
130 87 62 88 62 141 152 153 153
77 0 -1
132 9 71 9 86 143 154 155 169
78 0 -1
134 65 51 65 51 145 156 157 157
79 0 -1
135 37 51 41 58 146 157 158 168
80 0 -1
136 96 28 97 29 147 158 159 160
81 0 -1
139 23 12 23 12 150 161 162 162
82 0 -1
140 74 90 75 90 151 162 163 166
83 0 -1
141 34 44 34 46 152 163 164 168
84 0 -1
144 7 3 12 3 155 166 167 171
85 0 -1
145 21 57 23 57 156 167 168 169
86 0 -1
146 47 29 47 29 157 168 169 169
87 0 -1
147 52 85 53 85 158 169 170 170
88 0 -1
148 12 1 13 1 159 170 171 171
89 0 -1
149 10 89 11 89 160 171 172 173
90 0 -1
150 95 70 89 70 161 172 173 178
91 0 -1
153 25 52 26 52 164 175 176 176
92 0 -1
154 84 65 88 65 165 176 177 180
93 0 -1
155 58 74 58 76 166 177 178 181
94 0 -1
156 62 32 67 32 167 178 179 183
95 0 -1
157 92 62 95 63 168 179 180 184
96 0 -1
160 85 34 87 36 171 182 183 188
97 0 -1
162 22 34 23 34 173 184 185 185
98 0 -1
163 85 40 86 40 174 185 186 186
99 0 -1
166 19 0 21 0 177 188 189 190
100 0 -1
167 86 45 91 45 178 189 190 194
101 0 -1
168 46 16 47 16 179 190 191 192
102 0 -1
169 62 57 63 61 180 191 192 196
103 0 -1
170 83 49 84 51 181 192 193 197
104 0 -1
172 73 52 75 52 183 194 195 199
105 0 -1
173 1 33 1 37 184 195 196 200
106 0 -1
174 56 43 58 43 185 196 197 198
107 0 -1
179 1 5 2 5 190 201 202 202
108 0 -1
183 25 35 25 40 194 205 206 210
109 0 -1
184 83 40 83 40 195 206 207 208
110 0 -1
185 53 86 53 86 196 207 208 209
111 0 -1
186 52 46 58 46 197 208 209 217
112 0 -1
187 61 44 62 49 198 209 210 215
113 0 -1
189 12 45 13 48 200 211 212 216
114 0 -1
190 96 84 98 87 201 212 213 217
115 0 -1
193 27 20 27 20 204 215 216 216
116 0 -1
196 53 3 53 5 207 218 219 220
117 0 -1
197 88 19 89 19 208 219 220 220
118 0 -1
198 84 35 96 38 209 220 221 238
119 0 -1
199 35 57 35 58 210 221 222 222
120 0 -1
200 85 10 87 10 211 222 223 224
121 0 -1
201 2 63 2 63 212 223 224 224
122 0 -1
204 39 16 40 16 215 226 227 227
123 0 -1
208 28 60 28 60 219 230 231 231
124 0 -1
209 88 41 89 41 220 231 232 232
125 0 -1
211 11 58 14 58 222 233 234 236
126 0 -1
212 61 70 61 71 223 234 235 236
127 0 -1
213 63 99 66 97 224 235 236 243
128 0 -1
214 71 45 74 47 225 236 237 241
129 0 -1
218 77 27 79 29 229 240 241 247
130 0 -1
219 68 65 70 65 230 241 242 243
131 0 -1
224 77 43 79 43 235 246 247 249
132 0 -1
225 60 7 62 7 236 247 248 249
133 0 -1
229 96 28 97 33 240 251 252 257
134 0 -1
230 90 66 90 66 241 252 253 253
135 0 -1
231 87 51 88 53 242 253 254 256
136 0 -1
236 38 50 40 50 247 258 259 260
137 0 -1
237 96 55 97 55 248 259 260 261
138 0 -1
240 24 42 27 43 251 262 263 273
139 0 -1
242 13 27 14 27 253 264 265 266
140 0 -1
244 80 28 84 28 255 266 267 271
141 0 -1
245 97 49 94 52 256 267 268 273
142 0 -1
246 98 42 98 44 257 268 269 271
143 0 -1
247 96 15 98 15 258 269 270 272
144 0 -1
248 60 31 61 33 259 270 271 273
145 0 -1
250 78 27 80 27 261 272 273 274
146 0 -1
251 34 92 34 92 262 273 274 276
147 0 -1
253 54 64 55 64 264 275 276 276
148 0 -1
255 78 69 80 69 266 277 278 279
149 0 -1
256 89 15 89 19 267 278 279 282
150 0 -1
257 95 67 97 69 268 279 280 283
151 0 -1
258 18 30 18 30 269 280 281 281
152 0 -1
260 11 69 12 69 271 282 283 284
153 0 -1
261 73 31 78 36 272 283 284 295
154 0 -1
266 92 77 92 81 277 288 289 292
155 0 -1
267 73 67 76 67 278 289 290 292
156 0 -1
268 2 17 4 17 279 290 291 292
157 0 -1
269 21 38 22 38 280 291 292 292
158 0 -1
271 73 38 73 40 282 293 294 299
159 0 -1
272 91 65 92 65 283 294 295 295
160 0 -1
274 72 80 85 80 285 296 297 309
161 0 -1
277 25 91 27 91 288 299 300 301
162 0 -1
278 5 65 8 65 289 300 301 306
163 0 -1
279 7 14 11 14 290 301 302 305
164 0 -1
280 15 56 15 59 291 302 303 305
165 0 -1
283 69 90 69 90 294 305 306 306
166 0 -1
285 20 61 20 62 296 307 308 310
167 0 -1
286 73 23 73 26 297 308 309 311
168 0 -1
289 76 86 78 86 300 311 312 314
169 0 -1
293 4 84 6 86 304 315 316 319
170 0 -1
294 29 23 33 23 305 316 317 320
171 0 -1
295 57 60 58 60 306 317 318 319
172 0 -1
296 1 28 2 31 307 318 319 322
173 0 -1
303 64 97 68 93 314 325 326 334
174 0 -1
305 89 30 90 32 316 327 328 332
175 0 -1
306 10 86 11 86 317 328 329 329
176 0 -1
307 90 3 91 4 318 329 330 331
177 0 -1
310 53 10 57 10 321 332 333 336
178 0 -1
311 39 11 43 11 322 333 334 337
179 0 -1
312 47 87 52 88 323 334 335 343
180 0 -1
313 24 56 24 57 324 335 336 336
181 0 -1
315 38 1 39 2 326 337 338 339
182 0 -1
320 41 80 42 93 331 342 343 358
183 0 -1
321 52 95 53 96 332 343 344 346
184 0 -1
323 64 82 76 83 334 345 346 358
185 0 -1
325 80 26 81 29 336 347 348 355
186 0 -1
326 99 37 98 37 337 348 349 349
187 0 -1
327 68 19 70 19 338 349 350 352
188 0 -1
328 10 86 13 86 339 350 351 355
189 0 -1
329 92 98 92 98 340 351 352 354
190 0 -1
330 5 67 10 67 341 352 353 357
191 0 -1
337 48 80 50 91 348 359 360 372
192 0 -1
340 46 7 48 8 351 362 363 365
193 0 -1
342 55 66 55 66 353 364 365 365
194 0 -1
343 50 79 52 80 354 365 366 368
195 0 -1
345 6 13 6 22 356 367 368 379
196 0 -1
349 58 63 58 63 360 371 372 372
197 0 -1
351 48 76 49 76 362 373 374 374
198 0 -1
354 80 69 80 70 365 376 377 382
199 0 -1
356 87 58 88 58 367 378 379 379
200 0 -1
357 48 98 48 94 368 379 380 383
201 0 -1
358 86 8 92 8 369 380 381 387
202 0 -1
359 75 73 78 73 370 381 382 384
203 0 -1
360 60 68 61 68 371 382 383 384
204 0 -1
361 6 79 9 79 372 383 384 389
205 0 -1
363 21 18 21 18 374 385 386 386
206 0 -1
364 97 17 98 17 375 386 387 387
207 0 -1
365 94 11 94 12 376 387 388 389
208 0 -1
367 28 80 32 80 378 389 390 395
209 0 -1
371 25 24 25 24 382 393 394 394
210 0 -1
372 33 72 41 72 383 394 395 402
211 0 -1
373 98 3 96 4 384 395 396 398
212 0 -1
374 44 9 45 9 385 396 397 397
213 0 -1
375 24 7 24 8 386 397 398 398
214 0 -1
377 25 0 26 0 388 399 400 400
215 0 -1
379 42 92 43 92 390 401 402 402
216 0 -1
380 99 56 99 56 391 402 403 403
217 0 -1
381 78 95 83 95 392 403 404 408
218 0 -1
382 58 15 58 16 393 404 405 406
219 0 -1
383 21 47 22 47 394 405 406 406
220 0 -1
388 17 58 18 58 399 410 411 411
221 0 -1
391 47 44 47 44 402 413 414 415
222 0 -1
392 41 62 41 62 403 414 415 416
223 0 -1
394 67 41 68 41 405 416 417 419
224 0 -1
396 90 16 91 20 407 418 419 423
225 0 -1
397 52 63 53 63 408 419 420 420
226 0 -1
400 74 93 74 93 411 422 423 424
227 0 -1
401 78 40 79 41 412 423 424 425
228 0 -1
403 16 50 17 50 414 425 426 430
229 0 -1
404 62 84 64 84 415 426 427 428
230 0 -1
407 80 34 81 34 418 429 430 430
231 0 -1
408 84 66 84 66 419 430 431 433
232 0 -1
411 42 65 44 65 422 433 434 435
233 0 -1
412 85 1 85 2 423 434 435 435
234 0 -1
414 4 49 5 49 425 436 437 437
235 0 -1
418 19 83 20 83 429 440 441 441
236 0 -1
420 82 39 83 39 431 442 443 443
237 0 -1
421 25 24 25 26 432 443 444 445
238 0 -1
423 63 81 64 81 434 445 446 446
239 0 -1
426 70 89 73 90 437 448 449 453
240 0 -1
428 85 16 86 17 439 450 451 452
241 0 -1
433 41 86 42 87 444 455 456 457
242 0 -1
437 1 68 1 69 448 459 460 460
243 0 -1
439 55 25 55 25 450 461 462 463
244 0 -1
441 70 99 73 96 452 463 464 471
245 0 -1
446 12 84 13 87 457 468 469 472
246 0 -1
448 62 95 62 97 459 470 471 473
247 0 -1
450 81 69 83 73 461 472 473 480
248 0 -1
452 34 38 37 38 463 474 475 477
249 0 -1
455 45 61 47 62 466 477 478 480
250 0 -1
460 28 87 34 87 471 482 483 488
251 0 -1
461 6 89 7 90 472 483 484 485
252 0 -1
462 92 71 95 71 473 484 485 487
253 0 -1
464 26 38 28 38 475 486 487 488
254 0 -1
469 42 70 44 70 480 491 492 493
255 0 -1
471 6 67 9 74 482 493 494 504
256 0 -1
475 20 49 22 49 486 497 498 499
257 0 -1
478 18 75 18 76 489 500 501 504
258 0 -1
479 20 91 21 91 490 501 502 503
259 0 -1
480 69 14 77 14 491 502 503 510
260 0 -1
481 45 15 45 15 492 503 504 509
261 0 -1
482 33 36 34 36 493 504 505 505
262 0 -1
484 96 33 96 34 495 506 507 510
263 0 -1
486 48 76 49 78 497 508 509 511
264 0 -1
488 84 45 87 45 499 510 511 513
265 0 -1
489 39 56 41 58 500 511 512 524
266 0 -1
491 98 42 98 43 502 513 514 515
267 0 -1
493 61 37 61 38 504 515 516 516
268 0 -1
496 87 43 88 43 507 518 519 519
269 0 -1
501 52 95 52 96 512 523 524 525
270 0 -1
502 43 28 45 28 513 524 525 528
271 0 -1
505 17 55 19 55 516 527 528 529
272 0 -1
506 74 35 74 37 517 528 529 533
273 0 -1
507 57 54 57 56 518 529 530 533
274 0 -1
509 63 31 63 31 520 531 532 532
275 0 -1
511 62 55 62 57 522 533 534 535
276 0 -1
512 29 54 29 54 523 534 535 535
277 0 -1
515 3 84 5 85 526 537 538 540
278 0 -1
516 27 47 32 55 527 538 539 551
279 0 -1
517 61 27 64 27 528 539 540 543
280 0 -1
518 50 46 52 46 529 540 541 542
281 0 -1
520 89 41 89 42 531 542 543 543
282 0 -1
522 84 1 87 3 533 544 545 553
283 0 -1
523 9 20 9 20 534 545 546 546
284 0 -1
525 69 64 70 65 536 547 548 549
285 0 -1
526 50 39 50 41 537 548 549 550
286 0 -1
528 32 99 37 99 539 550 551 555
287 0 -1
530 26 52 28 53 541 552 553 556
288 0 -1
533 14 37 15 38 544 555 556 557
289 0 -1
535 4 7 6 7 546 557 558 560
290 0 -1
536 73 86 75 86 547 558 559 560
291 0 -1
537 31 23 32 23 548 559 560 560
292 0 -1
538 82 63 82 63 549 560 561 563
293 0 -1
540 69 9 73 9 551 562 563 566
294 0 -1
541 90 43 92 43 552 563 564 566
295 0 -1
542 49 11 57 11 553 564 565 572
296 0 -1
543 51 51 53 51 554 565 566 567
297 0 -1
546 49 52 51 52 557 568 569 570
298 0 -1
547 88 55 88 57 558 569 570 571
299 0 -1
550 45 29 46 29 561 572 573 573
300 0 -1
552 24 15 27 15 563 574 575 577
