100 100 665
4
0 47 58
1 75 18
2 61 35
3 57 5
20
0 0 0 100 6
0
1 0 -1 100 6
0
2 0 -1 100 6
0
3 0 -1 100 6
0
4 0 -1 100 6
0
5 1 0 100 6
0
6 1 -1 100 6
0
7 1 -1 100 6
0
8 1 -1 100 6
0
9 1 -1 100 6
0
10 2 0 100 6
0
11 2 -1 100 6
0
12 2 -1 100 6
0
13 2 -1 100 6
0
14 2 -1 100 6
0
15 3 0 100 6
0
16 3 -1 100 6
0
17 3 -1 100 6
0
18 3 -1 100 6
0
19 3 -1 100 6
0
300
1 1 -1
2 89 69 90 71 57 112 113 115
2 1 -1
5 38 31 40 33 60 115 116 120
3 2 -1
7 9 74 12 74 62 117 118 121
4 3 -1
8 46 30 53 31 63 118 119 127
5 1 -1
9 94 12 98 13 64 119 120 125
6 1 -1
10 70 55 70 59 65 120 121 124
7 1 -1
11 94 95 99 96 66 121 122 127
8 1 -1
12 6 74 7 75 67 122 123 124
9 0 -1
13 16 17 16 19 68 123 124 125
10 2 -1
14 96 73 96 73 69 124 125 127
11 1 -1
15 2 95 8 95 70 125 126 131
12 2 -1
17 10 69 12 70 72 127 128 131
13 1 -1
18 64 1 69 2 73 128 129 134
14 0 -1
19 90 54 91 54 74 129 130 130
15 2 -1
20 73 53 74 54 75 130 131 132
16 1 -1
21 57 62 58 62 76 131 132 133
17 3 -1
22 28 90 32 90 77 132 133 136
18 0 -1
24 73 35 75 35 79 134 135 136
19 1 -1
29 81 70 85 71 84 139 140 145
20 0 -1
30 21 87 22 88 85 140 141 142
21 0 -1
31 45 86 47 86 86 141 142 143
22 1 -1
33 17 65 22 65 88 143 144 149
23 1 -1
35 12 36 13 36 90 145 146 146
24 0 -1
36 88 36 90 36 91 146 147 148
25 1 -1
39 30 14 31 14 94 149 150 150
26 2 -1
40 94 43 95 43 95 150 151 151
27 0 -1
41 46 10 46 10 96 151 152 153
28 3 -1
42 10 33 10 33 97 152 153 153
29 1 -1
43 78 22 78 22 98 153 154 154
30 2 -1
45 15 53 16 53 100 155 156 157
31 3 -1
49 22 56 25 56 104 159 160 162
32 1 -1
52 28 3 28 6 107 162 163 169
33 0 -1
53 39 1 40 4 108 163 164 168
34 3 -1
54 5 55 6 55 109 164 165 165
35 1 -1
56 72 35 81 41 111 166 167 183
36 2 -1
57 33 97 33 98 112 167 168 169
37 0 -1
59 80 0 80 1 114 169 170 170
38 3 -1
61 23 81 25 81 116 171 172 173
39 0 -1
62 19 47 24 48 117 172 173 180
40 2 -1
64 15 71 25 71 119 174 175 193
41 0 -1
69 73 30 73 30 124 179 180 181
42 2 -1
71 44 32 44 38 126 181 182 189
43 1 -1
73 43 28 47 28 128 183 184 188
44 1 -1
76 58 20 61 20 131 186 187 189
45 2 -1
78 28 93 29 93 133 188 189 190
46 3 -1
80 88 20 91 20 135 190 191 193
47 3 -1
81 80 97 81 97 136 191 192 193
48 0 -1
82 80 28 85 28 137 192 193 198
49 0 -1
83 16 16 21 16 138 193 194 198
50 0 -1
84 30 11 30 11 139 194 195 195
51 1 -1
86 12 50 16 53 141 196 197 206
52 0 -1
87 88 6 89 6 142 197 198 198
53 3 -1
90 5 89 6 89 145 200 201 201
54 2 -1
91 56 64 57 67 146 201 202 205
55 1 -1
92 56 15 57 15 147 202 203 203
56 3 -1
93 23 17 26 17 148 203 204 206
57 1 -1
94 86 18 87 22 149 204 205 210
58 3 -1
96 90 31 91 31 151 206 207 208
59 2 -1
103 60 73 61 73 158 213 214 216
60 2 -1
105 27 57 27 59 160 215 216 217
61 0 -1
106 17 74 17 84 161 216 217 226
62 0 -1
107 11 60 11 61 162 217 218 220
63 3 -1
108 20 58 28 58 163 218 219 226
64 2 -1
110 2 13 5 15 165 220 221 228
65 0 -1
111 83 81 83 82 166 221 222 222
66 0 -1
114 4 4 10 4 169 224 225 230
67 1 -1
115 39 36 40 40 170 225 226 230
68 1 -1
116 58 90 62 94 171 226 227 238
69 3 -1
119 80 85 80 86 174 229 230 232
70 3 -1
120 51 63 52 63 175 230 231 231
71 3 -1
122 72 59 74 59 177 232 233 236
72 0 -1
123 6 1 6 4 178 233 234 236
73 0 -1
124 32 40 36 40 179 234 235 238
74 3 -1
127 8 49 9 49 182 237 238 238
75 3 -1
128 71 33 75 43 183 238 239 257
76 1 -1
130 98 88 98 89 185 240 241 241
77 2 -1
132 60 93 64 83 187 242 243 257
78 0 -1
134 25 33 25 34 189 244 245 245
79 0 -1
135 70 57 74 64 190 245 246 256
80 1 -1
136 19 59 20 59 191 246 247 248
81 0 -1
139 42 35 42 36 194 249 250 250
82 2 -1
140 79 78 83 78 195 250 251 254
83 1 -1
141 90 93 93 93 196 251 252 256
84 0 -1
144 31 47 33 50 199 254 255 259
85 0 -1
145 45 79 46 80 200 255 256 257
86 3 -1
146 84 27 85 27 201 256 257 257
87 0 -1
147 90 36 91 36 202 257 258 258
88 3 -1
148 50 80 51 80 203 258 259 259
89 2 -1
149 56 17 57 18 204 259 260 261
90 2 -1
150 68 60 68 62 205 260 261 266
91 0 -1
153 77 70 78 70 208 263 264 264
92 0 -1
154 31 71 31 75 209 264 265 268
93 3 -1
155 85 85 89 85 210 265 266 269
94 2 -1
156 23 13 28 13 211 266 267 271
95 1 -1
157 42 4 42 9 212 267 268 272
96 1 -1
160 70 49 70 54 215 270 271 276
97 1 -1
162 66 80 66 80 217 272 273 273
98 2 -1
163 69 89 70 89 218 273 274 274
99 2 -1
166 11 5 12 6 221 276 277 278
100 2 -1
167 4 69 8 69 222 277 278 282
101 0 -1
168 93 40 95 40 223 278 279 280
102 3 -1
169 89 95 89 95 224 279 280 284
103 3 -1
170 29 33 34 33 225 280 281 285
104 3 -1
172 86 61 87 64 227 282 283 287
105 0 -1
173 39 49 40 53 228 283 284 288
106 1 -1
174 78 11 78 13 229 284 285 286
107 2 -1
179 9 35 9 36 234 289 290 290
108 3 -1
183 37 47 38 47 238 293 294 298
109 3 -1
184 57 65 59 65 239 294 295 296
110 3 -1
185 68 87 69 88 240 295 296 297
111 0 -1
186 1 71 7 71 241 296 297 305
112 1 -1
187 62 17 66 17 242 297 298 303
113 2 -1
189 83 47 85 50 244 299 300 304
114 2 -1
190 34 66 34 70 245 300 301 305
115 0 -1
193 66 35 66 36 248 303 304 304
116 3 -1
196 88 44 89 45 251 306 307 308
117 3 -1
197 8 36 9 36 252 307 308 308
118 3 -1
198 72 76 88 76 253 308 309 326
119 0 -1
199 43 77 43 77 254 309 310 310
120 2 -1
200 13 73 14 74 255 310 311 312
121 1 -1
201 15 65 16 65 256 311 312 312
122 2 -1
204 60 2 60 2 259 314 315 315
123 0 -1
208 79 73 79 73 263 318 319 319
124 1 -1
209 17 16 17 17 264 319 320 320
125 3 -1
211 71 40 71 41 266 321 322 324
126 0 -1
212 32 86 32 86 267 322 323 324
127 0 -1
213 14 39 16 40 268 323 324 331
128 2 -1
214 16 24 18 26 269 324 325 329
129 0 -1
218 45 24 48 24 273 328 329 335
130 1 -1
219 80 19 81 20 274 329 330 331
131 0 -1
224 20 47 21 48 279 334 335 337
132 1 -1
225 47 32 47 32 280 335 336 337
133 2 -1
229 18 50 19 52 284 339 340 345
134 3 -1
230 95 51 95 52 285 340 341 341
135 3 -1
231 78 12 80 12 286 341 342 344
136 2 -1
236 82 56 84 56 291 346 347 348
137 1 -1
237 37 82 38 83 292 347 348 349
138 0 -1
240 20 21 29 22 295 350 351 361
139 1 -1
242 27 64 27 66 297 352 353 354
140 0 -1
244 39 11 40 14 299 354 355 359
141 3 -1
245 39 89 40 93 300 355 356 361
142 1 -1
246 83 27 83 27 301 356 357 359
143 0 -1
247 16 96 17 97 302 357 358 360
144 0 -1
248 10 33 10 36 303 358 359 361
145 1 -1
250 43 15 43 17 305 360 361 362
146 1 -1
251 61 75 63 75 306 361 362 364
147 3 -1
253 46 65 47 65 308 363 364 364
148 0 -1
255 10 35 11 36 310 365 366 367
149 3 -1
256 25 29 28 30 311 366 367 370
150 1 -1
257 56 69 60 69 312 367 368 371
151 2 -1
258 2 33 3 33 313 368 369 369
152 3 -1
260 73 52 73 54 315 370 371 372
153 3 -1
261 87 63 88 69 316 371 372 383
154 1 -1
266 15 18 17 19 321 376 377 380
155 3 -1
267 3 50 6 50 322 377 378 380
156 0 -1
268 49 1 51 1 323 378 379 380
157 1 -1
269 25 46 26 46 324 379 380 380
158 0 -1
271 85 72 89 74 326 381 382 387
159 2 -1
272 94 34 95 34 327 382 383 383
160 2 -1
274 44 0 47 0 329 384 385 397
161 1 -1
277 89 62 90 63 332 387 388 389
162 3 -1
278 16 59 22 59 333 388 389 394
163 0 -1
279 35 42 37 44 334 389 390 393
164 2 -1
280 80 77 83 77 335 390 391 393
165 1 -1
283 79 76 79 76 338 393 394 394
166 0 -1
285 93 75 94 76 340 395 396 398
167 3 -1
286 58 22 58 25 341 396 397 399
168 0 -1
289 28 98 31 98 344 399 400 402
169 3 -1
293 61 93 65 93 348 403 404 407
170 0 -1
294 86 94 89 94 349 404 405 408
171 1 -1
295 68 21 69 21 350 405 406 407
172 1 -1
296 89 93 91 95 351 406 407 410
173 1 -1
303 95 0 86 0 358 413 414 422
174 3 -1
305 43 99 46 97 360 415 416 420
175 3 -1
306 38 5 38 5 361 416 417 417
176 0 -1
307 53 95 53 97 362 417 418 419
177 1 -1
310 38 76 38 76 365 420 421 424
178 0 -1
311 8 14 11 15 366 421 422 425
179 1 -1
312 94 2 98 3 367 422 423 431
180 3 -1
313 63 62 64 62 368 423 424 424
181 1 -1
315 9 76 11 76 370 425 426 427
182 2 -1
320 55 66 60 70 375 430 431 446
183 2 -1
321 16 13 16 14 376 431 432 434
184 2 -1
323 36 49 36 57 378 433 434 446
185 3 -1
325 26 48 33 48 380 435 436 443
186 1 -1
326 80 95 81 95 381 436 437 437
187 2 -1
327 63 16 63 17 382 437 438 440
188 0 -1
328 79 53 80 53 383 438 439 443
189 1 -1
329 69 38 69 38 384 439 440 442
190 1 -1
330 29 75 33 76 385 440 441 445
191 0 -1
337 91 67 97 71 392 447 448 460
192 1 -1
340 52 92 54 92 395 450 451 453
193 0 -1
342 5 25 5 25 397 452 453 453
194 3 -1
343 66 92 66 95 398 453 454 456
195 3 -1
345 61 11 65 15 400 455 456 467
196 0 -1
349 10 66 11 66 404 459 460 460
197 2 -1
351 79 84 80 84 406 461 462 462
198 0 -1
354 31 11 32 16 409 464 465 470
199 3 -1
356 92 42 93 42 411 466 467 467
200 2 -1
357 26 22 26 26 412 467 468 471
201 3 -1
358 9 4 12 5 413 468 469 475
202 2 -1
359 6 19 6 20 414 469 470 472
203 1 -1
360 89 90 90 91 415 470 471 472
204 0 -1
361 18 78 24 78 416 471 472 477
205 2 -1
363 37 22 37 22 418 473 474 474
206 1 -1
364 7 14 7 14 419 474 475 475
207 0 -1
365 10 83 11 84 420 475 476 477
208 1 -1
367 8 36 8 36 422 477 478 483
209 1 -1
371 46 96 46 96 426 481 482 482
210 0 -1
372 56 67 60 71 427 482 483 490
211 0 -1
373 93 92 96 92 428 483 484 486
212 0 -1
374 76 43 77 43 429 484 485 485
213 0 -1
375 8 32 9 32 430 485 486 486
214 2 -1
377 43 93 44 93 432 487 488 488
215 3 -1
379 75 55 76 55 434 489 490 490
216 2 -1
380 63 65 64 65 435 490 491 491
217 0 -1
381 60 4 64 5 436 491 492 496
218 3 -1
382 31 52 32 52 437 492 493 494
219 0 -1
383 80 59 80 59 438 493 494 494
220 2 -1
388 24 7 25 7 443 498 499 499
221 0 -1
391 49 56 49 58 446 501 502 503
222 1 -1
392 46 56 46 57 447 502 503 504
223 2 -1
394 70 93 70 93 449 504 505 507
224 1 -1
396 17 21 20 23 451 506 507 511
225 0 -1
397 67 65 68 65 452 507 508 508
226 3 -1
400 18 88 18 89 455 510 511 512
227 2 -1
401 18 21 20 21 456 511 512 513
228 1 -1
403 55 71 57 71 458 513 514 518
229 0 -1
404 95 71 97 71 459 514 515 516
230 0 -1
407 81 31 82 31 462 517 518 518
231 0 -1
408 81 79 83 79 463 518 519 521
232 2 -1
411 71 64 72 65 466 521 522 523
233 0 -1
412 43 78 44 78 467 522 523 523
234 0 -1
414 25 96 26 96 469 524 525 525
235 0 -1
418 28 4 29 4 473 528 529 529
236 3 -1
420 46 32 46 32 475 530 531 531
237 0 -1
421 25 78 27 78 476 531 532 533
238 0 -1
423 31 76 32 76 478 533 534 534
239 3 -1
426 61 65 62 66 481 536 537 541
240 2 -1
428 30 15 31 15 483 538 539 540
241 2 -1
433 71 68 73 68 488 543 544 545
242 3 -1
437 48 19 49 19 492 547 548 548
243 2 -1
439 62 4 62 5 494 549 550 551
244 2 -1
441 67 56 69 62 496 551 552 559
245 0 -1
446 85 85 87 87 501 556 557 560
246 2 -1
448 64 98 66 98 503 558 559 561
247 2 -1
450 26 38 30 39 505 560 561 568
248 2 -1
452 33 24 36 24 507 562 563 565
249 0 -1
455 39 75 42 75 510 565 566 568
250 0 -1
460 9 31 15 31 515 570 571 576
251 3 -1
461 22 79 22 79 516 571 572 573
252 2 -1
462 52 59 54 60 517 572 573 575
253 2 -1
464 68 24 69 24 519 574 575 576
254 2 -1
469 32 95 34 95 524 579 580 581
255 3 -1
471 75 25 83 25 526 581 582 592
256 0 -1
475 88 64 89 64 530 585 586 587
257 2 -1
478 54 55 58 55 533 588 589 592
258 0 -1
479 26 20 27 21 534 589 590 591
259 3 -1
480 25 50 30 53 535 590 591 598
260 0 -1
481 12 89 13 92 536 591 592 597
261 0 -1
482 95 77 96 77 537 592 593 593
262 0 -1
484 61 79 65 79 539 594 595 598
263 0 -1
486 96 21 97 21 541 596 597 599
264 2 -1
488 10 71 12 72 543 598 599 601
265 2 -1
489 71 82 71 87 544 599 600 612
266 0 -1
491 49 32 49 32 546 601 602 603
267 3 -1
493 41 68 42 68 548 603 604 604
268 2 -1
496 9 36 9 37 551 606 607 607
269 2 -1
501 77 23 77 24 556 611 612 613
270 2 -1
502 53 46 55 47 557 612 613 616
271 1 -1
505 16 80 16 82 560 615 616 617
272 0 -1
506 92 2 95 4 561 616 617 621
273 3 -1
507 15 79 18 79 562 617 618 621
274 2 -1
509 28 36 29 36 564 619 620 620
275 2 -1
511 42 46 44 46 566 621 622 623
276 2 -1
512 58 44 59 44 567 622 623 623
277 1 -1
515 87 40 88 40 570 625 626 628
278 3 -1
516 8 81 16 83 571 626 627 639
279 2 -1
517 82 6 82 10 572 627 628 631
280 3 -1
518 67 4 68 4 573 628 629 630
281 2 -1
520 30 4 31 4 575 630 631 631
282 3 -1
522 54 45 57 45 577 632 633 641
283 2 -1
523 99 17 99 18 578 633 634 634
284 2 -1
525 39 15 40 15 580 635 636 637
285 3 -1
526 50 19 50 19 581 636 637 638
286 0 -1
528 59 57 60 59 583 638 639 643
287 0 -1
530 4 31 7 31 585 640 641 644
288 3 -1
533 58 69 59 70 588 643 644 645
289 1 -1
535 68 70 68 73 590 645 646 648
290 0 -1
536 35 25 37 25 591 646 647 648
291 2 -1
537 30 47 30 47 592 647 648 648
292 3 -1
538 47 52 50 52 593 648 649 651
293 0 -1
540 92 61 93 64 595 650 651 654
294 0 -1
541 98 21 95 21 596 651 652 654
295 2 -1
542 40 89 44 89 597 652 653 660
296 2 -1
543 92 51 92 52 598 653 654 655
297 1 -1
546 4 41 4 41 601 656 657 658
298 2 -1
547 52 2 54 2 602 657 658 659
299 2 -1
550 35 25 35 25 605 660 661 661
300 2 -1
552 5 14 5 15 607 662 663 665
