100 100 3455
1
0 39 24
36
0 0 0 100 6
0
1 0 0 100 6
0
2 0 0 100 6
0
3 0 0 100 6
0
4 0 0 100 6
0
5 0 0 100 6
0
6 0 0 100 6
0
7 0 0 100 6
0
8 0 0 100 6
0
9 0 0 100 6
0
10 0 0 100 6
0
11 0 0 100 6
0
12 0 0 100 6
0
13 0 0 100 6
0
14 0 0 100 6
0
15 0 0 100 6
0
16 0 0 100 6
0
17 0 0 100 6
0
18 0 0 100 6
0
19 0 0 100 6
0
20 0 0 100 6
0
21 0 0 100 6
0
22 0 0 100 6
0
23 0 0 100 6
0
24 0 0 100 6
0
25 0 0 100 6
0
26 0 0 100 6
0
27 0 0 100 6
0
28 0 0 100 6
0
29 0 0 100 6
0
30 0 0 100 6
0
31 0 0 100 6
0
32 0 0 100 6
0
33 0 0 100 6
0
34 0 0 100 6
0
35 0 0 100 6
0
1000
1 0 -1
2 49 50 51 50 865 1728 1729 1731
2 0 -1
5 72 77 76 77 868 1731 1732 1736
3 0 -1
7 86 4 87 5 870 1733 1734 1737
4 0 -1
8 78 14 83 14 871 1734 1735 1743
5 0 -1
9 87 48 90 51 872 1735 1736 1741
6 0 -1
10 24 7 25 7 873 1736 1737 1740
7 0 -1
11 75 41 81 41 874 1737 1738 1743
8 0 -1
12 34 93 36 93 875 1738 1739 1740
9 0 -1
13 71 88 71 90 876 1739 1740 1741
10 0 -1
14 18 49 20 49 877 1740 1741 1743
11 0 -1
15 22 86 22 88 878 1741 1742 1747
12 0 -1
17 81 66 81 70 880 1743 1744 1747
13 0 -1
18 54 78 55 83 881 1744 1745 1750
14 0 -1
19 21 1 21 2 882 1745 1746 1746
15 0 -1
20 10 94 12 94 883 1746 1747 1748
16 0 -1
21 0 41 0 41 884 1747 1748 1749
17 0 -1
22 83 88 87 88 885 1748 1749 1752
18 0 -1
24 22 3 24 3 887 1750 1751 1752
19 0 -1
29 16 8 19 8 892 1755 1756 1761
20 0 -1
30 34 42 34 43 893 1756 1757 1758
21 0 -1
31 41 9 41 11 894 1757 1758 1759
22 0 -1
33 15 6 15 6 896 1759 1760 1765
23 0 -1
35 83 22 84 22 898 1761 1762 1762
24 0 -1
36 45 47 46 47 899 1762 1763 1764
25 0 -1
39 50 88 51 88 902 1765 1766 1766
26 0 -1
40 90 93 91 93 903 1766 1767 1767
27 0 -1
41 40 10 42 10 904 1767 1768 1769
28 0 -1
42 47 3 47 4 905 1768 1769 1769
29 0 -1
43 23 9 23 9 906 1769 1770 1770
30 0 -1
45 61 95 63 95 908 1771 1772 1773
31 0 -1
49 84 58 87 58 912 1775 1776 1778
32 0 -1
52 35 41 41 42 915 1778 1779 1785
33 0 -1
53 73 92 77 93 916 1779 1780 1784
34 0 -1
54 48 15 48 15 917 1780 1781 1781
35 0 -1
56 53 58 65 61 919 1782 1783 1799
36 0 -1
57 16 24 18 24 920 1783 1784 1785
37 0 -1
59 96 21 97 21 922 1785 1786 1786
38 0 -1
61 81 26 81 26 924 1787 1788 1789
39 0 -1
62 1 12 7 14 925 1788 1789 1796
40 0 -1
64 64 61 80 61 927 1790 1791 1809
41 0 -1
69 65 32 65 32 932 1795 1796 1797
42 0 -1
71 1 69 7 70 934 1797 1798 1805
43 0 -1
73 25 9 25 11 936 1799 1800 1804
44 0 -1
76 42 57 43 58 939 1802 1803 1805
45 0 -1
78 64 48 65 48 941 1804 1805 1806
46 0 -1
80 59 17 59 17 943 1806 1807 1809
47 0 -1
81 5 40 6 40 944 1807 1808 1809
48 0 -1
82 7 30 7 31 945 1808 1809 1814
49 0 -1
83 72 19 73 19 946 1809 1810 1814
50 0 -1
84 95 2 96 2 947 1810 1811 1811
51 0 -1
86 15 29 19 35 949 1812 1813 1822
52 0 -1
87 50 65 51 65 950 1813 1814 1814
53 0 -1
90 19 75 20 75 953 1816 1817 1817
54 0 -1
91 67 10 69 10 954 1817 1818 1821
55 0 -1
92 0 52 1 52 955 1818 1819 1819
56 0 -1
93 46 41 49 41 956 1819 1820 1822
57 0 -1
94 43 8 46 8 957 1820 1821 1826
58 0 -1
96 12 5 12 7 959 1822 1823 1824
59 0 -1
103 41 41 43 41 966 1829 1830 1832
60 0 -1
105 71 38 71 40 968 1831 1832 1833
61 0 -1
106 19 85 23 87 969 1832 1833 1842
62 0 -1
107 30 41 31 43 970 1833 1834 1836
63 0 -1
108 9 6 9 9 971 1834 1835 1842
64 0 -1
110 99 19 95 22 973 1836 1837 1844
65 0 -1
111 65 61 65 62 974 1837 1838 1838
66 0 -1
114 78 98 81 99 977 1840 1841 1846
67 0 -1
115 39 63 42 63 978 1841 1842 1846
68 0 -1
116 21 46 29 48 979 1842 1843 1854
69 0 -1
119 64 87 64 87 982 1845 1846 1848
70 0 -1
120 14 43 14 43 983 1846 1847 1847
71 0 -1
122 84 14 88 14 985 1848 1849 1852
72 0 -1
123 85 50 85 51 986 1849 1850 1852
73 0 -1
124 85 7 85 7 987 1850 1851 1854
74 0 -1
127 2 45 3 45 990 1853 1854 1854
75 0 -1
128 57 26 76 26 991 1854 1855 1873
76 0 -1
130 79 49 80 49 993 1856 1857 1857
77 0 -1
132 87 18 89 21 995 1858 1859 1873
78 0 -1
134 22 77 23 77 997 1860 1861 1861
79 0 -1
135 65 13 66 14 998 1861 1862 1872
80 0 -1
136 56 1 58 1 999 1862 1863 1864
81 0 -1
139 7 6 8 6 1002 1865 1866 1866
82 0 -1
140 58 68 59 70 1003 1866 1867 1870
83 0 -1
141 53 79 56 81 1004 1867 1868 1872
84 0 -1
144 6 94 6 95 1007 1870 1871 1875
85 0 -1
145 68 98 70 98 1008 1871 1872 1873
86 0 -1
146 49 63 49 63 1009 1872 1873 1873
87 0 -1
147 74 56 75 56 1010 1873 1874 1874
88 0 -1
148 3 93 3 94 1011 1874 1875 1875
89 0 -1
149 61 93 63 93 1012 1875 1876 1877
90 0 -1
150 22 78 25 78 1013 1876 1877 1882
91 0 -1
153 24 37 25 37 1016 1879 1880 1880
92 0 -1
154 18 78 22 78 1017 1880 1881 1884
93 0 -1
155 68 18 69 20 1018 1881 1882 1885
94 0 -1
156 25 10 30 10 1019 1882 1883 1887
95 0 -1
157 75 1 75 1 1020 1883 1884 1888
96 0 -1
160 63 64 63 68 1023 1886 1887 1892
97 0 -1
162 76 17 76 18 1025 1888 1889 1889
98 0 -1
163 42 34 43 34 1026 1889 1890 1890
99 0 -1
166 61 0 62 0 1029 1892 1893 1894
100 0 -1
167 64 12 69 12 1030 1893 1894 1898
101 0 -1
168 77 85 77 87 1031 1894 1895 1896
102 0 -1
169 33 24 36 26 1032 1895 1896 1900
103 0 -1
170 67 20 70 22 1033 1896 1897 1901
104 0 -1
172 13 22 16 23 1035 1898 1899 1903
105 0 -1
173 57 8 58 12 1036 1899 1900 1904
106 0 -1
174 72 66 74 66 1037 1900 1901 1902
107 0 -1
179 74 3 75 3 1042 1905 1906 1906
108 0 -1
183 2 14 3 18 1046 1909 1910 1914
109 0 -1
184 31 90 33 90 1047 1910 1911 1912
110 0 -1
185 39 67 41 67 1048 1911 1912 1913
111 0 -1
186 4 18 6 25 1049 1912 1913 1921
112 0 -1
187 63 37 66 40 1050 1913 1914 1919
113 0 -1
189 1 70 4 70 1052 1915 1916 1920
114 0 -1
190 2 96 4 97 1053 1916 1917 1921
115 0 -1
193 43 53 44 53 1056 1919 1920 1920
116 0 -1
196 51 76 51 78 1059 1922 1923 1924
117 0 -1
197 41 64 42 64 1060 1923 1924 1924
118 0 -1
198 16 98 33 99 1061 1924 1925 1942
119 0 -1
199 91 75 91 76 1062 1925 1926 1926
120 0 -1
200 83 56 85 56 1063 1926 1927 1928
121 0 -1
201 77 74 77 75 1064 1927 1928 1928
122 0 -1
204 47 64 48 64 1067 1930 1931 1931
123 0 -1
208 34 33 35 33 1071 1934 1935 1935
124 0 -1
209 11 96 11 96 1072 1935 1936 1936
125 0 -1
211 72 91 73 92 1074 1937 1938 1940
126 0 -1
212 28 28 29 28 1075 1938 1939 1940
127 0 -1
213 76 37 82 38 1076 1939 1940 1947
128 0 -1
214 79 51 81 52 1077 1940 1941 1945
129 0 -1
218 74 23 80 24 1081 1944 1945 1951
130 0 -1
219 0 64 2 64 1082 1945 1946 1947
131 0 -1
224 3 7 3 7 1087 1950 1951 1953
132 0 -1
225 80 38 80 38 1088 1951 1952 1953
133 0 -1
229 62 3 66 3 1092 1955 1956 1961
134 0 -1
230 20 47 21 47 1093 1956 1957 1957
135 0 -1
231 31 22 33 23 1094 1957 1958 1960
136 0 -1
236 11 51 12 52 1099 1962 1963 1964
137 0 -1
237 42 86 44 86 1100 1963 1964 1965
138 0 -1
240 14 30 19 31 1103 1966 1967 1977
139 0 -1
242 71 83 73 83 1105 1968 1969 1970
140 0 -1
244 28 19 33 19 1107 1970 1971 1975
141 0 -1
245 67 23 72 24 1108 1971 1972 1977
142 0 -1
246 66 3 69 3 1109 1972 1973 1975
143 0 -1
247 86 97 87 99 1110 1973 1974 1976
144 0 -1
248 4 26 6 26 1111 1974 1975 1977
145 0 -1
250 20 0 21 1 1113 1976 1977 1978
146 0 -1
251 94 68 94 68 1114 1977 1978 1980
147 0 -1
253 22 26 23 26 1116 1979 1980 1980
148 0 -1
255 24 15 24 16 1118 1981 1982 1983
149 0 -1
256 53 62 53 64 1119 1982 1983 1986
150 0 -1
257 24 0 27 1 1120 1983 1984 1987
151 0 -1
258 45 59 46 59 1121 1984 1985 1985
152 0 -1
260 32 52 33 53 1123 1986 1987 1988
153 0 -1
261 17 60 23 63 1124 1987 1988 1999
154 0 -1
266 84 43 88 43 1129 1992 1993 1996
155 0 -1
267 24 79 24 81 1130 1993 1994 1996
156 0 -1
268 54 71 54 73 1131 1994 1995 1996
157 0 -1
269 16 18 16 18 1132 1995 1996 1996
158 0 -1
271 58 26 62 27 1134 1997 1998 2003
159 0 -1
272 4 11 4 11 1135 1998 1999 1999
160 0 -1
274 76 76 79 80 1137 2000 2001 2013
161 0 -1
277 75 64 75 66 1140 2003 2004 2005
162 0 -1
278 80 53 85 53 1141 2004 2005 2010
163 0 -1
279 3 68 4 68 1142 2005 2006 2009
164 0 -1
280 80 43 80 46 1143 2006 2007 2009
165 0 -1
283 55 91 55 92 1146 2009 2010 2010
166 0 -1
285 92 71 93 72 1148 2011 2012 2014
167 0 -1
286 88 62 91 62 1149 2012 2013 2015
168 0 -1
289 13 35 13 38 1152 2015 2016 2018
169 0 -1
293 89 99 90 100 1156 2019 2020 2023
170 0 -1
294 71 64 72 65 1157 2020 2021 2024
171 0 -1
295 93 71 94 71 1158 2021 2022 2023
172 0 -1
296 86 42 88 44 1159 2022 2023 2026
173 0 -1
303 37 76 37 78 1166 2029 2030 2038
174 0 -1
305 42 28 47 28 1168 2031 2032 2036
175 0 -1
306 7 38 7 38 1169 2032 2033 2033
176 0 -1
307 20 56 20 58 1170 2033 2034 2035
177 0 -1
310 20 66 21 69 1173 2036 2037 2040
178 0 -1
311 60 12 61 13 1174 2037 2038 2041
179 0 -1
312 57 89 64 91 1175 2038 2039 2047
180 0 -1
313 58 90 59 90 1176 2039 2040 2040
181 0 -1
315 48 24 50 24 1178 2041 2042 2043
182 0 -1
320 30 86 44 87 1183 2046 2047 2062
183 0 -1
321 75 98 77 99 1184 2047 2048 2050
184 0 -1
323 91 85 80 87 1186 2049 2050 2062
185 0 -1
325 59 61 62 65 1188 2051 2052 2059
186 0 -1
326 40 65 40 65 1189 2052 2053 2053
187 0 -1
327 77 36 77 36 1190 2053 2054 2056
188 0 -1
328 62 44 65 45 1191 2054 2055 2059
189 0 -1
329 7 51 10 51 1192 2055 2056 2058
190 0 -1
330 88 43 91 45 1193 2056 2057 2061
191 0 -1
337 37 82 38 86 1200 2063 2064 2076
192 0 -1
340 68 83 70 83 1203 2066 2067 2069
193 0 -1
342 49 77 50 77 1205 2068 2069 2069
194 0 -1
343 50 80 53 80 1206 2069 2070 2072
195 0 -1
345 25 93 29 99 1208 2071 2072 2083
196 0 -1
349 74 87 75 87 1212 2075 2076 2076
197 0 -1
351 40 72 41 72 1214 2077 2078 2078
198 0 -1
354 51 97 52 98 1217 2080 2081 2086
199 0 -1
356 93 60 93 61 1219 2082 2083 2083
200 0 -1
357 67 28 68 29 1220 2083 2084 2087
201 0 -1
358 87 42 92 43 1221 2084 2085 2091
202 0 -1
359 90 66 93 66 1222 2085 2086 2088
203 0 -1
360 16 67 16 68 1223 2086 2087 2088
204 0 -1
361 55 34 61 34 1224 2087 2088 2093
205 0 -1
363 1 74 2 74 1226 2089 2090 2090
206 0 -1
364 43 68 44 68 1227 2090 2091 2091
207 0 -1
365 69 77 69 78 1228 2091 2092 2093
208 0 -1
367 30 13 35 13 1230 2093 2094 2099
209 0 -1
371 81 16 81 17 1234 2097 2098 2098
210 0 -1
372 91 31 93 37 1235 2098 2099 2106
211 0 -1
373 63 97 63 98 1236 2099 2100 2102
212 0 -1
374 84 33 85 33 1237 2100 2101 2101
213 0 -1
375 36 93 36 94 1238 2101 2102 2102
214 0 -1
377 67 56 68 56 1240 2103 2104 2104
215 0 -1
379 9 61 10 61 1242 2105 2106 2106
216 0 -1
380 92 82 93 82 1243 2106 2107 2107
217 0 -1
381 98 81 98 86 1244 2107 2108 2112
218 0 -1
382 19 0 20 0 1245 2108 2109 2110
219 0 -1
383 90 30 90 31 1246 2109 2110 2110
220 0 -1
388 15 18 16 18 1251 2114 2115 2115
221 0 -1
391 46 87 46 89 1254 2117 2118 2119
222 0 -1
392 19 63 19 65 1255 2118 2119 2120
223 0 -1
394 37 76 39 77 1257 2120 2121 2123
224 0 -1
396 44 2 47 2 1259 2122 2123 2127
225 0 -1
397 91 8 92 8 1260 2123 2124 2124
226 0 -1
400 1 1 2 2 1263 2126 2127 2128
227 0 -1
401 80 76 80 77 1264 2127 2128 2129
228 0 -1
403 36 75 38 78 1266 2129 2130 2134
229 0 -1
404 50 2 50 4 1267 2130 2131 2132
230 0 -1
407 4 31 5 31 1270 2133 2134 2134
231 0 -1
408 41 12 42 14 1271 2134 2135 2137
232 0 -1
411 44 87 44 88 1274 2137 2138 2139
233 0 -1
412 17 74 17 74 1275 2138 2139 2139
234 0 -1
414 81 68 81 68 1277 2140 2141 2141
235 0 -1
418 31 64 31 64 1281 2144 2145 2145
236 0 -1
420 70 38 71 38 1283 2146 2147 2147
237 0 -1
421 89 23 89 24 1284 2147 2148 2149
238 0 -1
423 58 3 58 3 1286 2149 2150 2150
239 0 -1
426 48 86 51 88 1289 2152 2153 2157
240 0 -1
428 37 24 38 25 1291 2154 2155 2156
241 0 -1
433 77 3 78 3 1296 2159 2160 2161
242 0 -1
437 97 83 98 83 1300 2163 2164 2164
243 0 -1
439 61 6 62 6 1302 2165 2166 2167
244 0 -1
441 23 45 26 45 1304 2167 2168 2175
245 0 -1
446 11 56 15 56 1309 2172 2173 2176
246 0 -1
448 5 54 6 54 1311 2174 2175 2177
247 0 -1
450 36 95 40 98 1313 2176 2177 2184
248 0 -1
452 75 76 75 77 1315 2178 2179 2181
249 0 -1
455 98 83 96 84 1318 2181 2182 2184
250 0 -1
460 26 12 29 14 1323 2186 2187 2192
251 0 -1
461 93 43 94 44 1324 2187 2188 2189
252 0 -1
462 4 3 6 3 1325 2188 2189 2191
253 0 -1
464 13 2 13 3 1327 2190 2191 2192
254 0 -1
469 40 43 40 43 1332 2195 2196 2197
255 0 -1
471 32 44 40 45 1334 2197 2198 2208
256 0 -1
475 19 33 21 33 1338 2201 2202 2203
257 0 -1
478 53 38 53 39 1341 2204 2205 2208
258 0 -1
479 47 40 48 40 1342 2205 2206 2207
259 0 -1
480 5 0 5 8 1343 2206 2207 2214
260 0 -1
481 68 7 71 10 1344 2207 2208 2213
261 0 -1
482 46 2 47 2 1345 2208 2209 2209
262 0 -1
484 88 8 91 9 1347 2210 2211 2214
263 0 -1
486 58 73 61 73 1349 2212 2213 2215
264 0 -1
488 15 53 18 53 1351 2214 2215 2217
265 0 -1
489 61 87 71 87 1352 2215 2216 2228
266 0 -1
491 15 42 15 42 1354 2217 2218 2219
267 0 -1
493 29 25 30 25 1356 2219 2220 2220
268 0 -1
496 67 23 67 24 1359 2222 2223 2223
269 0 -1
501 48 83 48 84 1364 2227 2228 2229
270 0 -1
502 9 44 11 46 1365 2228 2229 2232
271 0 -1
505 95 60 96 61 1368 2231 2232 2233
272 0 -1
506 34 7 34 7 1369 2232 2233 2237
273 0 -1
507 85 79 86 80 1370 2233 2234 2237
274 0 -1
509 90 15 91 15 1372 2235 2236 2236
275 0 -1
511 45 50 45 51 1374 2237 2238 2239
276 0 -1
512 32 25 33 25 1375 2238 2239 2239
277 0 -1
515 18 45 18 46 1378 2241 2242 2244
278 0 -1
516 41 88 41 94 1379 2242 2243 2255
279 0 -1
517 60 61 62 61 1380 2243 2244 2247
280 0 -1
518 59 61 60 62 1381 2244 2245 2246
281 0 -1
520 56 8 57 8 1383 2246 2247 2247
282 0 -1
522 88 27 92 31 1385 2248 2249 2257
283 0 -1
523 82 15 82 15 1386 2249 2250 2250
284 0 -1
525 50 98 51 99 1388 2251 2252 2253
285 0 -1
526 4 15 5 15 1389 2252 2253 2254
286 0 -1
528 4 48 6 51 1391 2254 2255 2259
287 0 -1
530 34 82 38 82 1393 2256 2257 2260
288 0 -1
533 73 16 75 16 1396 2259 2260 2261
289 0 -1
535 95 52 96 53 1398 2261 2262 2264
290 0 -1
536 51 36 51 37 1399 2262 2263 2264
291 0 -1
537 47 86 47 86 1400 2263 2264 2264
292 0 -1
538 80 76 82 76 1401 2264 2265 2267
293 0 -1
540 83 6 84 9 1403 2266 2267 2270
294 0 -1
541 63 79 65 80 1404 2267 2268 2270
295 0 -1
542 99 77 94 80 1405 2268 2269 2276
296 0 -1
543 0 36 2 36 1406 2269 2270 2271
297 0 -1
546 64 87 64 88 1409 2272 2273 2274
298 0 -1
547 69 23 71 23 1410 2273 2274 2275
299 0 -1
550 61 1 61 2 1413 2276 2277 2277
300 0 -1
552 54 75 55 77 1415 2278 2279 2281
301 0 -1
553 10 34 12 34 1416 2279 2280 2281
302 0 -1
555 69 91 69 96 1418 2281 2282 2286
303 0 -1
556 33 12 33 14 1419 2282 2283 2284
304 0 -1
558 3 91 4 91 1421 2284 2285 2285
305 0 -1
559 39 89 44 89 1422 2285 2286 2290
306 0 -1
560 14 19 16 19 1423 2286 2287 2288
307 0 -1
562 10 23 10 24 1425 2288 2289 2289
308 0 -1
565 33 77 35 78 1428 2291 2292 2295
309 0 -1
566 64 91 68 91 1429 2292 2293 2296
310 0 -1
567 33 94 33 95 1430 2293 2294 2294
311 0 -1
570 35 40 39 40 1433 2296 2297 2300
312 0 -1
572 72 19 73 19 1435 2298 2299 2301
313 0 -1
573 70 11 72 11 1436 2299 2300 2302
314 0 -1
575 4 20 4 22 1438 2301 2302 2303
315 0 -1
577 96 32 96 33 1440 2303 2304 2304
316 0 -1
578 84 37 86 37 1441 2304 2305 2306
317 0 -1
579 40 52 42 54 1442 2305 2306 2310
318 0 -1
580 73 80 74 80 1443 2306 2307 2307
319 0 -1
585 93 28 96 28 1448 2311 2312 2314
320 0 -1
588 79 29 83 30 1451 2314 2315 2319
321 0 -1
589 50 39 55 40 1452 2315 2316 2330
322 0 -1
592 78 68 78 69 1455 2318 2319 2319
323 0 -1
594 45 38 46 38 1457 2320 2321 2322
324 0 -1
595 62 50 71 52 1458 2321 2322 2336
325 0 -1
596 85 91 86 93 1459 2322 2323 2326
326 0 -1
597 36 51 42 51 1460 2323 2324 2331
327 0 -1
599 17 64 17 72 1462 2325 2326 2333
328 0 -1
600 72 36 72 37 1463 2326 2327 2329
329 0 -1
601 57 56 57 58 1464 2327 2328 2329
330 0 -1
603 76 28 76 30 1466 2329 2330 2331
331 0 -1
608 30 41 32 42 1471 2334 2335 2337
332 0 -1
609 61 68 62 68 1472 2335 2336 2336
333 0 -1
610 82 25 82 26 1473 2336 2337 2341
334 0 -1
611 94 76 96 76 1474 2337 2338 2341
335 0 -1
613 9 96 13 97 1476 2339 2340 2347
336 0 -1
614 37 90 37 92 1477 2340 2341 2346
337 0 -1
615 42 37 43 37 1478 2341 2342 2342
338 0 -1
616 14 63 15 63 1479 2342 2343 2344
339 0 -1
619 66 89 70 89 1482 2345 2346 2350
340 0 -1
620 29 87 29 88 1483 2346 2347 2348
341 0 -1
621 44 39 46 39 1484 2347 2348 2352
342 0 -1
622 80 7 83 7 1485 2348 2349 2351
343 0 -1
623 49 5 49 5 1486 2349 2350 2351
344 0 -1
624 10 79 11 79 1487 2350 2351 2351
345 0 -1
625 91 17 91 18 1488 2351 2352 2353
346 0 -1
628 70 15 70 16 1491 2354 2355 2355
347 0 -1
629 69 49 71 49 1492 2355 2356 2360
348 0 -1
630 10 5 10 5 1493 2356 2357 2357
349 0 -1
634 5 51 6 51 1497 2360 2361 2361
350 0 -1
635 97 77 97 79 1498 2361 2362 2363
351 0 -1
636 32 16 32 16 1499 2362 2363 2364
352 0 -1
637 41 49 43 49 1500 2363 2364 2365
353 0 -1
639 80 94 80 94 1502 2365 2366 2366
354 0 -1
640 66 15 68 15 1503 2366 2367 2368
355 0 -1
641 50 14 51 14 1504 2367 2368 2369
356 0 -1
643 84 70 86 73 1506 2369 2370 2375
357 0 -1
645 5 33 7 33 1508 2371 2372 2373
358 0 -1
646 90 32 91 33 1509 2372 2373 2374
359 0 -1
648 94 70 95 70 1511 2374 2375 2375
360 0 -1
649 85 37 86 41 1512 2375 2376 2385
361 0 -1
650 90 1 91 1 1513 2376 2377 2377
362 0 -1
651 6 83 6 85 1514 2377 2378 2381
363 0 -1
652 18 31 23 39 1515 2378 2379 2393
364 0 -1
653 54 77 55 77 1516 2379 2380 2380
365 0 -1
656 71 29 72 29 1519 2382 2383 2383
366 0 -1
662 35 73 37 73 1525 2388 2389 2390
367 0 -1
663 66 73 68 75 1526 2389 2390 2397
368 0 -1
664 19 42 19 43 1527 2390 2391 2392
369 0 -1
665 43 44 44 44 1528 2391 2392 2392
370 0 -1
666 55 69 57 69 1529 2392 2393 2394
371 0 -1
667 52 54 54 54 1530 2393 2394 2396
372 0 -1
669 2 95 3 95 1532 2395 2396 2396
373 0 -1
672 29 73 31 75 1535 2398 2399 2402
374 0 -1
673 43 73 44 73 1536 2399 2400 2401
375 0 -1
674 67 46 67 50 1537 2400 2401 2404
376 0 -1
675 31 66 31 66 1538 2401 2402 2406
377 0 -1
678 75 99 76 97 1541 2404 2405 2408
378 0 -1
679 21 37 24 37 1542 2405 2406 2408
379 0 -1
680 69 35 75 35 1543 2406 2407 2412
380 0 -1
681 82 8 82 10 1544 2407 2408 2409
381 0 -1
682 69 56 71 56 1545 2408 2409 2410
382 0 -1
684 19 29 19 29 1547 2410 2411 2412
383 0 -1
685 36 1 40 2 1548 2411 2412 2416
384 0 -1
687 56 31 56 35 1550 2413 2414 2418
385 0 -1
688 17 19 19 19 1551 2414 2415 2416
386 0 -1
689 53 18 55 18 1552 2415 2416 2417
387 0 -1
690 92 26 94 26 1553 2416 2417 2418
388 0 -1
691 9 50 10 51 1554 2417 2418 2419
389 0 -1
692 66 21 67 22 1555 2418 2419 2420
390 0 -1
694 33 85 33 88 1557 2420 2421 2423
391 0 -1
696 7 14 7 16 1559 2422 2423 2424
392 0 -1
698 96 78 98 79 1561 2424 2425 2429
393 0 -1
700 28 20 29 20 1563 2426 2427 2427
394 0 -1
701 76 54 77 54 1564 2427 2428 2428
395 0 -1
702 98 11 93 12 1565 2428 2429 2435
396 0 -1
703 33 26 35 26 1566 2429 2430 2431
397 0 -1
704 63 78 65 78 1567 2430 2431 2432
398 0 -1
705 82 41 82 42 1568 2431 2432 2435
399 0 -1
706 73 61 74 62 1569 2432 2433 2434
400 0 -1
707 48 89 49 92 1570 2433 2434 2437
401 0 -1
708 17 55 18 57 1571 2434 2435 2441
402 0 -1
710 53 30 56 30 1573 2436 2437 2439
403 0 -1
712 35 87 36 87 1575 2438 2439 2439
404 0 -1
714 15 52 15 53 1577 2440 2441 2441
405 0 -1
716 83 26 84 26 1579 2442 2443 2443
406 0 -1
718 21 48 22 52 1581 2444 2445 2452
407 0 -1
719 92 55 92 55 1582 2445 2446 2446
408 0 -1
720 44 69 46 69 1583 2446 2447 2448
409 0 -1
722 54 5 54 6 1585 2448 2449 2450
410 0 -1
724 88 74 89 74 1587 2450 2451 2452
411 0 -1
725 59 43 68 43 1588 2451 2452 2462
412 0 -1
726 75 70 78 70 1589 2452 2453 2456
413 0 -1
727 65 67 65 70 1590 2453 2454 2456
414 0 -1
728 37 74 40 76 1591 2454 2455 2459
415 0 -1
729 42 83 43 83 1592 2455 2456 2456
416 0 -1
731 11 47 11 48 1594 2457 2458 2458
417 0 -1
733 78 49 80 49 1596 2459 2460 2461
418 0 -1
734 4 32 6 32 1597 2460 2461 2462
419 0 -1
735 29 93 31 93 1598 2461 2462 2464
420 0 -1
736 81 5 82 5 1599 2462 2463 2464
421 0 -1
737 98 51 95 51 1600 2463 2464 2466
422 0 -1
742 77 78 82 78 1605 2468 2469 2473
423 0 -1
744 67 3 67 3 1607 2470 2471 2472
424 0 -1
745 52 97 52 100 1608 2471 2472 2476
425 0 -1
748 41 68 42 69 1611 2474 2475 2476
426 0 -1
750 60 24 60 24 1613 2476 2477 2477
427 0 -1
751 96 32 96 33 1614 2477 2478 2478
428 0 -1
752 32 17 34 18 1615 2478 2479 2481
429 0 -1
753 88 42 89 42 1616 2479 2480 2480
430 0 -1
754 20 54 21 55 1617 2480 2481 2486
431 0 -1
755 77 56 78 56 1618 2481 2482 2483
432 0 -1
757 34 0 35 1 1620 2483 2484 2485
433 0 -1
758 84 53 87 56 1621 2484 2485 2492
434 0 -1
759 52 97 54 97 1622 2485 2486 2487
435 0 -1
760 57 22 58 22 1623 2486 2487 2487
436 0 -1
766 10 28 12 28 1629 2492 2493 2494
437 0 -1
767 8 18 10 18 1630 2493 2494 2495
438 0 -1
768 98 12 96 12 1631 2494 2495 2497
439 0 -1
771 22 90 22 91 1634 2497 2498 2498
440 0 -1
772 39 13 41 13 1635 2498 2499 2500
441 0 -1
773 51 32 52 34 1636 2499 2500 2502
442 0 -1
775 42 86 44 89 1638 2501 2502 2506
443 0 -1
777 35 27 37 27 1640 2503 2504 2505
444 0 -1
778 59 92 60 92 1641 2504 2505 2506
445 0 -1
779 16 62 19 62 1642 2505 2506 2508
446 0 -1
781 36 21 37 21 1644 2507 2508 2508
447 0 -1
782 6 54 9 55 1645 2508 2509 2512
448 0 -1
784 48 73 49 73 1647 2510 2511 2512
449 0 -1
787 7 61 7 61 1650 2513 2514 2515
450 0 -1
788 21 0 22 0 1651 2514 2515 2515
451 0 -1
789 4 12 8 12 1652 2515 2516 2519
452 0 -1
790 31 81 32 82 1653 2516 2517 2518
453 0 -1
791 83 36 84 40 1654 2517 2518 2522
454 0 -1
793 42 58 44 59 1656 2519 2520 2522
455 0 -1
794 18 34 22 34 1657 2520 2521 2524
456 0 -1
795 41 96 43 96 1658 2521 2522 2523
457 0 -1
796 61 66 62 66 1659 2522 2523 2526
458 0 -1
797 56 69 57 69 1660 2523 2524 2524
459 0 -1
798 84 21 87 21 1661 2524 2525 2527
460 0 -1
799 23 15 23 15 1662 2525 2526 2527
461 0 -1
800 83 1 86 3 1663 2526 2527 2531
462 0 -1
802 68 0 69 1 1665 2528 2529 2532
463 0 -1
803 56 17 58 17 1666 2529 2530 2531
464 0 -1
805 71 96 74 97 1668 2531 2532 2536
465 0 -1
806 28 92 32 97 1669 2532 2533 2541
466 0 -1
807 11 4 13 4 1670 2533 2534 2535
467 0 -1
810 57 47 58 47 1673 2536 2537 2537
468 0 -1
813 20 12 21 12 1676 2539 2540 2540
469 0 -1
818 15 26 15 27 1681 2544 2545 2546
470 0 -1
820 94 85 94 88 1683 2546 2547 2549
471 0 -1
824 96 60 97 61 1687 2550 2551 2552
472 0 -1
825 83 11 85 11 1688 2551 2552 2554
473 0 -1
827 57 50 58 50 1690 2553 2554 2554
474 0 -1
828 3 2 8 6 1691 2554 2555 2564
475 0 -1
830 96 35 97 37 1693 2556 2557 2559
476 0 -1
831 39 85 39 85 1694 2557 2558 2558
477 0 -1
833 11 71 11 71 1696 2559 2560 2561
478 0 -1
834 63 94 65 94 1697 2560 2561 2562
479 0 -1
835 51 27 55 27 1698 2561 2562 2571
480 0 -1
839 86 53 86 55 1702 2565 2566 2567
481 0 -1
841 7 1 7 5 1704 2567 2568 2571
482 0 -1
842 65 80 67 80 1705 2568 2569 2570
483 0 -1
844 92 57 97 57 1707 2570 2571 2575
484 0 -1
845 32 35 32 35 1708 2571 2572 2573
485 0 -1
846 5 81 7 84 1709 2572 2573 2578
486 0 -1
847 7 19 8 19 1710 2573 2574 2574
487 0 -1
850 45 73 47 73 1713 2576 2577 2579
488 0 -1
851 0 98 1 98 1714 2577 2578 2581
489 0 -1
854 70 24 70 24 1717 2580 2581 2581
490 0 -1
856 80 10 80 11 1719 2582 2583 2585
491 0 -1
859 12 25 12 29 1722 2585 2586 2590
492 0 -1
860 20 57 21 57 1723 2586 2587 2587
493 0 -1
861 40 0 42 0 1724 2587 2588 2589
494 0 -1
864 4 15 4 18 1727 2590 2591 2593
495 0 -1
867 64 65 65 65 1730 2593 2594 2594
496 0 -1
868 39 27 39 29 1731 2594 2595 2596
497 0 -1
871 7 14 18 15 1734 2597 2598 2613
498 0 -1
873 70 49 72 49 1736 2599 2600 2601
499 0 -1
874 61 76 65 77 1737 2600 2601 2605
500 0 -1
875 42 78 44 78 1738 2601 2602 2604
501 0 -1
877 88 88 88 90 1740 2603 2604 2606
502 0 -1
878 61 40 63 40 1741 2604 2605 2606
503 0 -1
879 75 46 76 46 1742 2605 2606 2607
504 0 -1
880 29 94 30 94 1743 2606 2607 2610
505 0 -1
881 98 90 93 91 1744 2607 2608 2613
506 0 -1
882 9 36 9 37 1745 2608 2609 2610
507 0 -1
885 50 26 50 27 1748 2611 2612 2612
508 0 -1
887 56 66 58 66 1750 2613 2614 2616
509 0 -1
889 33 99 34 99 1752 2615 2616 2618
510 0 -1
891 36 7 37 7 1754 2617 2618 2619
511 0 -1
893 44 81 46 81 1756 2619 2620 2621
512 0 -1
894 67 84 68 85 1757 2620 2621 2623
513 0 -1
895 77 65 77 66 1758 2621 2622 2624
514 0 -1
896 36 37 37 38 1759 2622 2623 2624
515 0 -1
897 10 85 11 85 1760 2623 2624 2624
516 0 -1
898 56 83 57 84 1761 2624 2625 2626
517 0 -1
899 37 45 37 46 1762 2625 2626 2627
518 0 -1
900 91 77 93 78 1763 2626 2627 2632
519 0 -1
901 93 71 94 72 1764 2627 2628 2629
520 0 -1
902 68 15 69 15 1765 2628 2629 2629
521 0 -1
905 63 86 63 86 1768 2631 2632 2632
522 0 -1
910 11 57 11 57 1773 2636 2637 2637
523 0 -1
912 53 81 61 83 1775 2638 2639 2648
524 0 -1
914 77 36 77 43 1777 2640 2641 2647
525 0 -1
917 0 54 4 54 1780 2643 2644 2647
526 0 -1
919 58 67 58 68 1782 2645 2646 2647
527 0 -1
920 95 58 97 59 1783 2646 2647 2649
528 0 -1
921 6 3 7 3 1784 2647 2648 2648
529 0 -1
923 14 40 15 40 1786 2649 2650 2650
530 0 -1
925 51 12 51 15 1788 2651 2652 2654
531 0 -1
926 69 3 74 6 1789 2652 2653 2661
532 0 -1
927 51 85 51 88 1790 2653 2654 2656
533 0 -1
928 51 39 55 39 1791 2654 2655 2658
534 0 -1
929 5 46 5 47 1792 2655 2656 2656
535 0 -1
931 88 83 88 83 1794 2657 2658 2659
536 0 -1
933 70 97 74 99 1796 2659 2660 2666
537 0 -1
935 13 57 14 58 1798 2661 2662 2663
538 0 -1
936 25 55 25 56 1799 2662 2663 2663
539 0 -1
937 6 88 8 89 1800 2663 2664 2667
540 0 -1
938 97 11 94 12 1801 2664 2665 2668
541 0 -1
940 84 21 85 21 1803 2666 2667 2668
542 0 -1
942 74 32 74 32 1805 2668 2669 2669
543 0 -1
943 10 50 13 51 1806 2669 2670 2676
544 0 -1
944 54 38 55 38 1807 2670 2671 2671
545 0 -1
945 36 74 37 76 1808 2671 2672 2674
546 0 -1
947 11 61 21 63 1810 2673 2674 2686
547 0 -1
948 72 21 75 21 1811 2674 2675 2677
548 0 -1
950 43 60 45 60 1813 2676 2677 2678
549 0 -1
951 41 12 43 12 1814 2677 2678 2679
550 0 -1
954 67 16 67 18 1817 2680 2681 2682
551 0 -1
955 92 89 92 90 1818 2681 2682 2682
552 0 -1
957 46 49 48 49 1820 2683 2684 2686
553 0 -1
958 75 52 75 53 1821 2684 2685 2685
554 0 -1
963 91 66 91 67 1826 2689 2690 2692
555 0 -1
964 50 33 50 34 1827 2690 2691 2692
556 0 -1
966 62 6 63 7 1829 2692 2693 2694
557 0 -1
969 87 72 88 73 1832 2695 2696 2697
558 0 -1
972 90 57 92 59 1835 2698 2699 2704
559 0 -1
973 99 81 97 83 1836 2699 2700 2703
560 0 -1
974 45 35 55 35 1837 2700 2701 2710
561 0 -1
976 89 64 92 65 1839 2702 2703 2707
562 0 -1
979 7 8 10 8 1842 2705 2706 2709
563 0 -1
981 76 76 77 76 1844 2707 2708 2708
564 0 -1
983 90 2 91 3 1846 2709 2710 2712
565 0 -1
984 91 35 92 40 1847 2710 2711 2716
566 0 -1
987 57 7 57 11 1850 2713 2714 2717
567 0 -1
989 8 59 10 59 1852 2715 2716 2718
568 0 -1
990 32 5 35 6 1853 2716 2717 2720
569 0 -1
992 82 26 86 26 1855 2718 2719 2722
570 0 -1
993 25 65 25 67 1856 2719 2720 2721
571 0 -1
994 35 20 38 20 1857 2720 2721 2724
572 0 -1
996 32 67 34 67 1859 2722 2723 2724
573 0 -1
997 78 50 79 50 1860 2723 2724 2725
574 0 -1
998 33 38 33 38 1861 2724 2725 2725
575 0 -1
999 72 63 72 63 1862 2725 2726 2727
576 0 -1
1001 60 75 13 75 1864 2727 2728 2776
577 0 -1
1004 41 40 42 41 1867 2730 2731 2732
578 0 -1
1008 83 49 84 49 1871 2734 2735 2735
579 0 -1
1010 6 99 7 99 1873 2736 2737 2738
580 0 -1
1012 80 7 80 7 1875 2738 2739 2739
581 0 -1
1015 61 96 61 97 1878 2741 2742 2742
582 0 -1
1016 93 90 93 90 1879 2742 2743 2743
583 0 -1
1017 40 13 40 13 1880 2743 2744 2746
584 0 -1
1018 67 31 68 36 1881 2744 2745 2758
585 0 -1
1019 45 43 51 45 1882 2745 2746 2755
586 0 -1
1020 86 2 86 4 1883 2746 2747 2749
587 0 -1
1021 26 12 26 12 1884 2747 2748 2748
588 0 -1
1022 65 35 72 40 1885 2748 2749 2762
589 0 -1
1025 13 47 13 50 1888 2751 2752 2756
590 0 -1
1027 23 78 24 78 1890 2753 2754 2754
591 0 -1
1028 10 74 10 74 1891 2754 2755 2755
592 0 -1
1031 10 67 14 67 1894 2757 2758 2766
593 0 -1
1032 64 61 67 64 1895 2758 2759 2765
594 0 -1
1033 27 25 30 25 1896 2759 2760 2763
595 0 -1
1035 1 44 2 44 1898 2761 2762 2763
596 0 -1
1036 71 92 73 92 1899 2762 2763 2764
597 0 -1
1037 91 92 92 92 1900 2763 2764 2764
598 0 -1
1039 19 44 19 45 1902 2765 2766 2766
599 0 -1
1040 52 74 52 75 1903 2766 2767 2767
600 0 -1
1042 75 22 77 23 1905 2768 2769 2779
601 0 -1
1044 70 49 71 49 1907 2770 2771 2774
602 0 -1
1045 90 11 90 14 1908 2771 2772 2774
603 0 -1
1051 35 78 36 78 1914 2777 2778 2778
604 0 -1
1053 79 8 80 8 1916 2779 2780 2780
605 0 -1
1056 56 8 57 9 1919 2782 2783 2784
606 0 -1
1057 57 67 59 67 1920 2783 2784 2785
607 0 -1
1059 50 58 50 61 1922 2785 2786 2789
608 0 -1
1060 4 59 9 59 1923 2786 2787 2791
609 0 -1
1063 73 58 76 58 1926 2789 2790 2792
610 0 -1
1065 60 30 61 32 1928 2791 2792 2794
611 0 -1
1066 44 2 45 2 1929 2792 2793 2794
612 0 -1
1067 17 35 17 35 1930 2793 2794 2794
613 0 -1
1070 56 78 67 78 1933 2796 2797 2808
614 0 -1
1071 61 22 63 25 1934 2797 2798 2802
615 0 -1
1073 26 3 29 8 1936 2799 2800 2814
616 0 -1
1074 3 20 4 20 1937 2800 2801 2801
617 0 -1
1075 5 44 7 45 1938 2801 2802 2804
618 0 -1
1078 6 11 10 11 1941 2804 2805 2808
619 0 -1
1082 4 92 5 92 1945 2808 2809 2809
620 0 -1
1083 35 53 36 53 1946 2809 2810 2811
621 0 -1
1084 20 2 22 3 1947 2810 2811 2816
622 0 -1
1085 15 41 15 41 1948 2811 2812 2814
623 0 -1
1086 97 54 94 54 1949 2812 2813 2816
624 0 -1
1090 46 90 47 90 1953 2816 2817 2817
625 0 -1
1091 12 42 14 42 1954 2817 2818 2821
626 0 -1
1092 7 64 7 64 1955 2818 2819 2819
627 0 -1
1095 34 53 37 53 1958 2821 2822 2824
628 0 -1
1097 35 55 35 56 1960 2823 2824 2826
629 0 -1
1098 62 79 65 79 1961 2824 2825 2828
630 0 -1
1099 36 28 37 31 1962 2825 2826 2830
631 0 -1
1100 8 12 12 13 1963 2826 2827 2831
632 0 -1
1102 17 45 18 46 1965 2828 2829 2831
633 0 -1
1103 36 10 40 12 1966 2829 2830 2836
634 0 -1
1104 60 93 61 93 1967 2830 2831 2831
635 0 -1
1105 19 46 19 47 1968 2831 2832 2832
636 0 -1
1107 21 99 26 100 1970 2833 2834 2843
637 0 -1
1109 50 57 52 58 1972 2835 2836 2838
638 0 -1
1111 13 80 14 81 1974 2837 2838 2839
639 0 -1
1113 38 43 39 43 1976 2839 2840 2840
640 0 -1
1114 40 91 40 91 1977 2840 2841 2841
641 0 -1
1115 69 71 71 71 1978 2841 2842 2844
642 0 -1
1116 16 45 23 46 1979 2842 2843 2853
643 0 -1
1118 72 96 72 97 1981 2844 2845 2846
644 0 -1
1120 33 85 33 85 1983 2846 2847 2848
645 0 -1
1121 56 46 57 46 1984 2847 2848 2848
646 0 -1
1122 56 34 56 36 1985 2848 2849 2851
647 0 -1
1124 15 96 18 99 1987 2850 2851 2857
648 0 -1
1125 45 78 47 78 1988 2851 2852 2853
649 0 -1
1126 23 51 29 52 1989 2852 2853 2864
650 0 -1
1129 66 40 67 40 1992 2855 2856 2856
651 0 -1
1130 80 32 81 32 1993 2856 2857 2857
652 0 -1
1132 85 22 85 22 1995 2858 2859 2860
653 0 -1
1133 67 7 70 7 1996 2859 2860 2862
654 0 -1
1137 49 9 51 11 2000 2863 2864 2867
655 0 -1
1138 0 9 1 9 2001 2864 2865 2865
656 0 -1
1139 19 10 20 10 2002 2865 2866 2866
657 0 -1
1141 67 42 69 42 2004 2867 2868 2869
658 0 -1
1142 32 93 33 93 2005 2868 2869 2871
659 0 -1
1144 35 67 38 67 2007 2870 2871 2873
660 0 -1
1147 20 63 20 64 2010 2873 2874 2877
661 0 -1
1150 42 70 43 70 2013 2876 2877 2877
662 0 -1
1151 57 38 57 38 2014 2877 2878 2879
663 0 -1
1154 27 95 28 95 2017 2880 2881 2881
664 0 -1
1156 50 12 51 13 2019 2882 2883 2884
665 0 -1
1157 92 11 96 12 2020 2883 2884 2888
666 0 -1
1158 31 50 35 50 2021 2884 2885 2888
667 0 -1
1159 58 45 58 46 2022 2885 2886 2887
668 0 -1
1164 2 63 2 66 2027 2890 2891 2893
669 0 -1
1166 5 8 8 8 2029 2892 2893 2895
670 0 -1
1169 32 22 32 25 2032 2895 2896 2898
671 0 -1
1170 79 89 79 89 2033 2896 2897 2899
672 0 -1
1171 98 20 96 27 2034 2897 2898 2906
673 0 -1
1172 44 58 44 58 2035 2898 2899 2899
674 0 -1
1174 75 0 75 4 2037 2900 2901 2907
675 0 -1
1175 96 8 96 10 2038 2901 2902 2904
676 0 -1
1176 88 85 90 85 2039 2902 2903 2904
677 0 -1
1177 32 37 32 39 2040 2903 2904 2905
678 0 -1
1179 52 80 52 81 2042 2905 2906 2906
679 0 -1
1186 34 65 34 66 2049 2912 2913 2914
680 0 -1
1187 18 59 19 59 2050 2913 2914 2915
681 0 -1
1188 19 40 20 40 2051 2914 2915 2915
682 0 -1
1190 27 75 27 76 2053 2916 2917 2917
683 0 -1
1191 73 96 74 97 2054 2917 2918 2919
684 0 -1
1194 80 97 81 98 2057 2920 2921 2922
685 0 -1
1195 91 75 91 76 2058 2921 2922 2924
686 0 -1
1197 94 1 95 1 2060 2923 2924 2926
687 0 -1
1198 1 1 4 2 2061 2924 2925 2928
688 0 -1
1201 55 33 60 33 2064 2927 2928 2932
689 0 -1
1202 75 30 75 31 2065 2928 2929 2929
690 0 -1
1203 94 89 94 90 2066 2929 2930 2930
691 0 -1
1205 53 2 54 3 2068 2931 2932 2934
692 0 -1
1207 75 31 79 31 2070 2933 2934 2937
693 0 -1
1208 29 39 29 41 2071 2934 2935 2936
694 0 -1
1209 14 65 14 65 2072 2935 2936 2936
695 0 -1
1211 35 29 36 32 2074 2937 2938 2941
696 0 -1
1214 43 71 45 73 2077 2940 2941 2946
697 0 -1
1217 24 2 25 2 2080 2943 2944 2945
698 0 -1
1218 56 33 57 33 2081 2944 2945 2945
699 0 -1
1219 56 35 61 37 2082 2945 2946 2952
700 0 -1
1220 86 90 87 90 2083 2946 2947 2947
701 0 -1
1222 78 39 80 39 2085 2948 2949 2951
702 0 -1
1223 50 53 53 53 2086 2949 2950 2953
703 0 -1
1226 10 86 10 86 2089 2952 2953 2955
704 0 -1
1227 61 57 62 57 2090 2953 2954 2954
705 0 -1
1229 22 27 22 27 2092 2955 2956 2956
706 0 -1
1230 25 88 29 88 2093 2956 2957 2961
707 0 -1
1231 64 17 64 18 2094 2957 2958 2958
708 0 -1
1233 56 11 57 11 2096 2959 2960 2961
709 0 -1
1235 90 69 90 69 2098 2961 2962 2965
710 0 -1
1236 23 49 24 53 2099 2962 2963 2967
711 0 -1
1237 74 50 74 54 2100 2963 2964 2968
712 0 -1
1238 23 88 26 90 2101 2964 2965 2969
713 0 -1
1240 67 37 69 38 2103 2966 2967 2970
714 0 -1
1241 95 23 95 24 2104 2967 2968 2968
715 0 -1
1242 44 37 44 42 2105 2968 2969 2981
716 0 -1
1243 27 99 28 99 2106 2969 2970 2971
717 0 -1
1244 80 27 84 27 2107 2970 2971 2977
718 0 -1
1246 19 47 22 50 2109 2972 2973 2981
719 0 -1
1250 25 73 25 73 2113 2976 2977 2977
720 0 -1
1254 36 31 43 31 2117 2980 2981 2987
721 0 -1
1255 24 43 27 44 2118 2981 2982 2985
722 0 -1
1258 80 34 89 39 2121 2984 2985 3000
723 0 -1
1259 28 83 36 89 2122 2985 2986 3003
724 0 -1
1260 16 51 17 54 2123 2986 2987 2992
725 0 -1
1261 8 59 13 60 2124 2987 2988 2994
726 0 -1
1263 0 36 6 37 2126 2989 2990 2996
727 0 -1
1264 12 3 12 5 2127 2990 2991 2994
728 0 -1
1265 51 15 53 15 2128 2991 2992 2993
729 0 -1
1266 89 42 90 42 2129 2992 2993 2993
730 0 -1
1268 52 20 55 20 2131 2994 2995 2997
731 0 -1
1276 80 29 81 29 2139 3002 3003 3003
732 0 -1
1277 38 47 39 47 2140 3003 3004 3008
733 0 -1
1281 17 87 19 87 2144 3007 3008 3009
734 0 -1
1284 43 44 44 45 2147 3010 3011 3012
735 0 -1
1287 27 27 29 29 2150 3013 3014 3017
736 0 -1
1290 11 96 16 97 2153 3016 3017 3023
737 0 -1
1291 28 82 29 83 2154 3017 3018 3020
738 0 -1
1292 53 33 60 43 2155 3018 3019 3044
739 0 -1
1297 64 45 65 47 2160 3023 3024 3026
740 0 -1
1298 20 85 21 85 2161 3024 3025 3025
741 0 -1
1299 79 24 79 26 2162 3025 3026 3028
742 0 -1
1300 28 76 30 76 2163 3026 3027 3028
743 0 -1
1307 79 28 80 28 2170 3033 3034 3034
744 0 -1
1309 4 78 5 79 2172 3035 3036 3037
745 0 -1
1312 33 68 35 68 2175 3038 3039 3040
746 0 -1
1313 53 11 53 12 2176 3039 3040 3040
747 0 -1
1314 42 74 42 76 2177 3040 3041 3044
748 0 -1
1315 62 1 63 4 2178 3041 3042 3046
749 0 -1
1316 86 23 88 23 2179 3042 3043 3044
750 0 -1
1317 12 46 12 48 2180 3043 3044 3045
751 0 -1
1318 82 71 85 71 2181 3044 3045 3047
752 0 -1
1319 28 78 29 78 2182 3045 3046 3047
753 0 -1
1320 81 76 81 77 2183 3046 3047 3047
754 0 -1
1321 78 96 80 96 2184 3047 3048 3049
755 0 -1
1323 78 31 79 32 2186 3049 3050 3051
756 0 -1
1324 37 6 39 6 2187 3050 3051 3055
757 0 -1
1325 82 48 87 48 2188 3051 3052 3057
758 0 -1
1326 57 75 58 75 2189 3052 3053 3053
759 0 -1
1327 72 3 72 6 2190 3053 3054 3063
760 0 -1
1329 38 16 38 18 2192 3055 3056 3057
761 0 -1
1332 97 97 98 97 2195 3058 3059 3060
762 0 -1
1333 69 54 70 54 2196 3059 3060 3060
763 0 -1
1335 46 15 52 19 2198 3061 3062 3077
764 0 -1
1336 25 60 25 60 2199 3062 3063 3063
765 0 -1
1338 2 37 2 37 2201 3064 3065 3067
766 0 -1
1340 25 32 32 32 2203 3066 3067 3073
767 0 -1
1342 83 48 85 49 2205 3068 3069 3071
768 0 -1
1344 51 90 51 92 2207 3070 3071 3072
769 0 -1
1345 21 27 22 27 2208 3071 3072 3072
770 0 -1
1347 75 15 77 15 2210 3073 3074 3076
771 0 -1
1348 17 85 21 85 2211 3074 3075 3079
772 0 -1
1349 87 94 92 95 2212 3075 3076 3081
773 0 -1
1354 18 20 18 22 2217 3080 3081 3083
774 0 -1
1355 91 68 96 68 2218 3081 3082 3086
775 0 -1
1359 1 22 2 24 2222 3085 3086 3090
776 0 -1
1362 46 12 46 14 2225 3088 3089 3090
777 0 -1
1365 57 39 57 40 2228 3091 3092 3092
778 0 -1
1368 96 26 98 26 2231 3094 3095 3096
779 0 -1
1369 30 53 37 64 2232 3095 3096 3130
780 0 -1
1370 13 7 14 8 2233 3096 3097 3098
781 0 -1
1372 88 38 89 40 2235 3098 3099 3103
782 0 -1
1374 49 80 49 82 2237 3100 3101 3102
783 0 -1
1375 82 98 85 99 2238 3101 3102 3108
784 0 -1
1376 46 89 47 89 2239 3102 3103 3103
785 0 -1
1377 64 30 66 30 2240 3103 3104 3106
786 0 -1
1378 67 46 68 46 2241 3104 3105 3105
787 0 -1
1379 23 13 25 15 2242 3105 3106 3109
788 0 -1
1381 99 66 99 67 2244 3107 3108 3110
789 0 -1
1382 47 93 47 96 2245 3108 3109 3111
790 0 -1
1383 39 25 40 26 2246 3109 3110 3111
791 0 -1
1385 45 80 46 81 2248 3111 3112 3117
792 0 -1
1386 2 69 2 71 2249 3112 3113 3115
793 0 -1
1387 49 86 60 86 2250 3113 3114 3124
794 0 -1
1388 32 98 33 99 2251 3114 3115 3117
795 0 -1
1389 23 78 24 79 2252 3115 3116 3117
796 0 -1
1390 3 9 4 9 2253 3116 3117 3118
797 0 -1
1391 29 0 31 0 2254 3117 3118 3119
798 0 -1
1393 27 96 27 97 2256 3119 3120 3121
799 0 -1
1395 18 71 21 72 2258 3121 3122 3129
800 0 -1
1396 17 91 17 91 2259 3122 3123 3123
801 0 -1
1400 15 61 16 61 2263 3126 3127 3129
802 0 -1
1401 78 13 79 13 2264 3127 3128 3130
803 0 -1
1402 38 87 44 88 2265 3128 3129 3135
804 0 -1
1403 83 22 84 23 2266 3129 3130 3131
805 0 -1
1406 84 74 84 74 2269 3132 3133 3133
806 0 -1
1411 96 35 98 35 2274 3137 3138 3139
807 0 -1
1412 8 71 14 71 2275 3138 3139 3144
808 0 -1
1413 38 78 39 78 2276 3139 3140 3140
809 0 -1
1414 47 39 49 39 2277 3140 3141 3142
810 0 -1
1415 95 31 97 31 2278 3141 3142 3143
811 0 -1
1417 92 38 92 39 2280 3143 3144 3144
812 0 -1
1418 29 86 34 86 2281 3144 3145 3149
813 0 -1
1419 40 52 47 52 2282 3145 3146 3152
814 0 -1
1420 97 99 90 99 2283 3146 3147 3154
815 0 -1
1423 3 80 3 80 2286 3149 3150 3150
816 0 -1
1426 76 14 78 14 2289 3152 3153 3154
817 0 -1
1428 33 18 36 18 2291 3154 3155 3157
818 0 -1
1429 9 59 9 61 2292 3155 3156 3157
819 0 -1
1430 96 55 97 55 2293 3156 3157 3157
820 0 -1
1431 62 4 62 4 2294 3157 3158 3160
821 0 -1
1432 64 25 64 26 2295 3158 3159 3159
822 0 -1
1434 44 19 44 20 2297 3160 3161 3161
823 0 -1
1435 48 64 52 67 2298 3161 3162 3168
824 0 -1
1436 19 75 21 75 2299 3162 3163 3164
825 0 -1
1438 23 56 27 56 2301 3164 3165 3168
826 0 -1
1439 7 95 7 95 2302 3165 3166 3166
827 0 -1
1440 50 79 53 79 2303 3166 3167 3169
828 0 -1
1441 73 66 74 66 2304 3167 3168 3174
829 0 -1
1442 30 25 32 25 2305 3168 3169 3170
830 0 -1
1443 96 64 92 64 2306 3169 3170 3174
831 0 -1
1444 77 39 79 39 2307 3170 3171 3172
832 0 -1
1446 87 16 89 18 2309 3172 3173 3178
833 0 -1
1447 24 17 25 17 2310 3173 3174 3175
834 0 -1
1448 22 92 22 92 2311 3174 3175 3176
835 0 -1
1452 91 78 92 78 2315 3178 3179 3179
836 0 -1
1454 18 74 18 77 2317 3180 3181 3184
837 0 -1
1455 59 31 60 32 2318 3181 3182 3183
838 0 -1
1456 18 99 19 99 2319 3182 3183 3183
839 0 -1
1457 56 48 56 52 2320 3183 3184 3189
840 0 -1
1458 56 38 62 39 2321 3184 3185 3194
841 0 -1
1461 34 36 36 36 2324 3187 3188 3190
842 0 -1
1462 40 88 40 92 2325 3188 3189 3192
843 0 -1
1463 52 50 52 51 2326 3189 3190 3191
844 0 -1
1465 39 98 40 99 2328 3191 3192 3193
845 0 -1
1466 97 67 98 68 2329 3192 3193 3194
846 0 -1
1468 7 89 7 89 2331 3194 3195 3195
847 0 -1
1469 71 16 75 17 2332 3195 3196 3200
848 0 -1
1470 80 32 81 32 2333 3196 3197 3197
849 0 -1
1472 16 66 16 71 2335 3198 3199 3203
850 0 -1
1473 36 60 40 60 2336 3199 3200 3204
851 0 -1
1474 55 64 66 64 2337 3200 3201 3211
852 0 -1
1475 28 6 29 6 2338 3201 3202 3203
853 0 -1
1478 23 43 29 43 2341 3204 3205 3210
854 0 -1
1479 66 52 67 53 2342 3205 3206 3207
855 0 -1
1481 79 70 81 70 2344 3207 3208 3209
856 0 -1
1483 74 95 79 98 2346 3209 3210 3220
857 0 -1
1486 1 84 1 88 2349 3212 3213 3217
858 0 -1
1487 82 53 82 56 2350 3213 3214 3217
859 0 -1
1493 84 23 86 23 2356 3219 3220 3221
860 0 -1
1495 41 43 42 43 2358 3221 3222 3222
861 0 -1
1496 33 98 33 95 2359 3222 3223 3226
862 0 -1
1497 14 6 17 6 2360 3223 3224 3227
863 0 -1
1499 7 72 7 73 2362 3225 3226 3227
864 0 -1
1500 14 93 15 94 2363 3226 3227 3228
865 0 -1
1501 14 43 22 43 2364 3227 3228 3235
866 0 -1
1502 2 53 6 53 2365 3228 3229 3232
867 0 -1
1504 88 46 89 58 2367 3230 3231 3243
868 0 -1
1505 24 18 27 21 2368 3231 3232 3241
869 0 -1
1506 3 24 4 24 2369 3232 3233 3234
870 0 -1
1507 77 37 80 37 2370 3233 3234 3236
871 0 -1
1508 64 37 64 37 2371 3234 3235 3240
872 0 -1
1509 8 94 8 95 2372 3235 3236 3236
873 0 -1
1511 60 30 62 30 2374 3237 3238 3239
874 0 -1
1513 11 17 16 17 2376 3239 3240 3244
875 0 -1
1515 48 28 48 28 2378 3241 3242 3242
876 0 -1
1516 37 22 39 23 2379 3242 3243 3245
877 0 -1
1517 79 4 82 4 2380 3243 3244 3246
878 0 -1
1518 11 52 12 54 2381 3244 3245 3247
879 0 -1
1519 73 84 76 85 2382 3245 3246 3249
880 0 -1
1521 32 88 32 92 2384 3247 3248 3251
881 0 -1
1522 96 40 96 42 2385 3248 3249 3250
882 0 -1
1523 78 6 78 7 2386 3249 3250 3251
883 0 -1
1527 32 55 32 58 2390 3253 3254 3257
884 0 -1
1528 21 66 22 66 2391 3254 3255 3255
885 0 -1
1533 77 39 77 39 2396 3259 3260 3260
886 0 -1
1534 61 68 69 69 2397 3260 3261 3269
887 0 -1
1535 71 31 72 33 2398 3261 3262 3264
888 0 -1
1536 72 35 72 35 2399 3262 3263 3264
889 0 -1
1538 28 38 32 38 2401 3264 3265 3268
890 0 -1
1540 29 16 30 16 2403 3266 3267 3267
891 0 -1
1543 76 85 77 86 2406 3269 3270 3272
892 0 -1
1544 63 55 65 55 2407 3270 3271 3272
893 0 -1
1545 83 2 85 2 2408 3271 3272 3273
894 0 -1
1547 81 69 82 71 2410 3273 3274 3278
895 0 -1
1550 65 31 66 31 2413 3276 3277 3278
896 0 -1
1551 22 33 23 34 2414 3277 3278 3279
897 0 -1
1552 74 66 79 66 2415 3278 3279 3283
898 0 -1
1554 97 95 98 96 2417 3280 3281 3284
899 0 -1
1555 79 35 81 35 2418 3281 3282 3283
900 0 -1
1556 83 16 85 16 2419 3282 3283 3284
901 0 -1
1559 56 89 62 89 2422 3285 3286 3291
902 0 -1
1560 2 42 2 46 2423 3286 3287 3292
903 0 -1
1562 20 62 20 63 2425 3288 3289 3290
904 0 -1
1563 26 51 32 52 2426 3289 3290 3299
905 0 -1
1564 72 32 73 32 2427 3290 3291 3292
906 0 -1
1566 91 98 93 98 2429 3292 3293 3294
907 0 -1
1567 85 73 89 73 2430 3293 3294 3297
908 0 -1
1573 97 86 90 86 2436 3299 3300 3307
909 0 -1
1575 16 5 16 6 2438 3301 3302 3302
910 0 -1
1576 67 43 67 45 2439 3302 3303 3304
911 0 -1
1577 5 5 6 5 2440 3303 3304 3305
912 0 -1
1579 97 93 94 93 2442 3305 3306 3308
913 0 -1
1580 79 99 80 99 2443 3306 3307 3308
914 0 -1
1582 22 5 23 5 2445 3308 3309 3309
915 0 -1
1584 0 56 0 57 2447 3310 3311 3311
916 0 -1
1587 12 59 18 65 2450 3313 3314 3325
917 0 -1
1588 17 61 20 61 2451 3314 3315 3318
918 0 -1
1589 7 59 8 59 2452 3315 3316 3317
919 0 -1
1590 64 42 64 44 2453 3316 3317 3319
920 0 -1
1591 21 45 26 45 2454 3317 3318 3322
921 0 -1
1593 41 2 45 2 2456 3319 3320 3323
922 0 -1
1594 60 63 60 64 2457 3320 3321 3322
923 0 -1
1596 49 67 49 67 2459 3322 3323 3324
924 0 -1
1598 53 61 53 61 2461 3324 3325 3325
925 0 -1
1599 95 31 95 33 2462 3325 3326 3329
926 0 -1
1600 40 23 41 23 2463 3326 3327 3327
927 0 -1
1603 68 75 69 75 2466 3329 3330 3330
928 0 -1
1606 39 53 39 53 2469 3332 3333 3334
929 0 -1
1608 41 73 41 74 2471 3334 3335 3335
930 0 -1
1609 23 68 24 69 2472 3335 3336 3337
931 0 -1
1610 4 90 4 91 2473 3336 3337 3337
932 0 -1
1611 79 19 80 20 2474 3337 3338 3339
933 0 -1
1613 69 93 69 93 2476 3339 3340 3341
934 0 -1
1615 50 70 51 70 2478 3341 3342 3342
935 0 -1
1618 50 41 50 41 2481 3344 3345 3347
936 0 -1
1620 36 10 40 11 2483 3346 3347 3351
937 0 -1
1621 31 60 36 62 2484 3347 3348 3354
938 0 -1
1623 29 53 33 54 2486 3349 3350 3354
939 0 -1
1624 10 44 11 44 2487 3350 3351 3351
940 0 -1
1625 48 85 50 86 2488 3351 3352 3354
941 0 -1
1626 65 58 65 59 2489 3352 3353 3354
942 0 -1
1627 22 90 27 91 2490 3353 3354 3366
943 0 -1
1629 2 16 2 16 2492 3355 3356 3356
944 0 -1
1631 24 94 24 96 2494 3357 3358 3359
945 0 -1
1633 24 91 34 91 2496 3359 3360 3369
946 0 -1
1634 98 21 96 21 2497 3360 3361 3362
947 0 -1
1637 45 73 45 74 2500 3363 3364 3364
948 0 -1
1638 70 65 70 65 2501 3364 3365 3367
949 0 -1
1640 91 95 98 98 2503 3366 3367 3376
950 0 -1
1641 74 64 77 64 2504 3367 3368 3370
951 0 -1
1642 83 92 87 92 2505 3368 3369 3372
952 0 -1
1645 62 37 62 38 2508 3371 3372 3372
953 0 -1
1648 25 8 26 9 2511 3374 3375 3376
954 0 -1
1649 33 7 34 8 2512 3375 3376 3377
955 0 -1
1650 70 5 70 6 2513 3376 3377 3377
956 0 -1
1656 45 30 45 33 2519 3382 3383 3386
957 0 -1
1657 88 66 90 66 2520 3383 3384 3386
958 0 -1
1659 81 32 84 33 2522 3385 3386 3389
959 0 -1
1660 79 83 79 83 2523 3386 3387 3390
960 0 -1
1661 3 19 7 21 2524 3387 3388 3394
961 0 -1
1662 3 44 10 44 2525 3388 3389 3395
962 0 -1
1663 17 84 18 89 2526 3389 3390 3396
963 0 -1
1664 26 60 26 61 2527 3390 3391 3392
964 0 -1
1665 54 77 54 77 2528 3391 3392 3392
965 0 -1
1668 61 70 64 70 2531 3394 3395 3397
966 0 -1
1671 28 88 35 89 2534 3397 3398 3405
967 0 -1
1672 43 36 47 36 2535 3398 3399 3402
968 0 -1
1673 41 51 43 51 2536 3399 3400 3404
969 0 -1
1675 81 41 81 41 2538 3401 3402 3402
970 0 -1
1676 96 3 99 3 2539 3402 3403 3405
971 0 -1
1678 92 7 92 9 2541 3404 3405 3407
972 0 -1
1679 85 63 85 63 2542 3405 3406 3412
973 0 -1
1680 58 46 59 47 2543 3406 3407 3410
974 0 -1
1683 31 91 38 91 2546 3409 3410 3416
975 0 -1
1685 16 9 19 9 2548 3411 3412 3414
976 0 -1
1686 97 2 98 4 2549 3412 3413 3422
977 0 -1
1687 29 69 29 71 2550 3413 3414 3417
978 0 -1
1688 86 55 86 58 2551 3414 3415 3420
979 0 -1
1690 77 49 79 51 2553 3416 3417 3420
980 0 -1
1691 50 83 50 85 2554 3417 3418 3419
981 0 -1
1692 5 22 6 23 2555 3418 3419 3421
982 0 -1
1694 33 83 33 83 2557 3420 3421 3421
983 0 -1
1695 52 5 52 9 2558 3421 3422 3425
984 0 -1
1696 48 89 49 90 2559 3422 3423 3425
985 0 -1
1697 88 97 90 97 2560 3423 3424 3425
986 0 -1
1698 60 71 61 72 2561 3424 3425 3426
987 0 -1
1700 95 30 96 30 2563 3426 3427 3428
988 0 -1
1702 90 74 80 76 2565 3428 3429 3442
989 0 -1
1703 62 58 63 58 2566 3429 3430 3430
990 0 -1
1704 62 57 65 57 2567 3430 3431 3433
991 0 -1
1709 24 6 26 7 2572 3435 3436 3438
992 0 -1
1712 57 75 60 75 2575 3438 3439 3441
993 0 -1
1714 86 77 88 78 2577 3440 3441 3444
994 0 -1
1717 45 33 47 35 2580 3443 3444 3447
995 0 -1
1718 0 17 2 17 2581 3444 3445 3446
996 0 -1
1720 25 84 27 86 2583 3446 3447 3452
997 0 -1
1722 49 21 49 22 2585 3448 3449 3449
998 0 -1
1723 64 6 65 7 2586 3449 3450 3451
999 0 -1
1725 26 43 26 43 2588 3451 3452 3453
1000 0 -1
1726 98 82 96 82 2589 3452 3453 3455
