100 100 831
4
0 41 64
1 51 46
2 76 27
3 7 89
20
0 0 0 100 6
0
1 0 0 100 6
0
2 0 0 100 6
0
3 0 0 100 6
0
4 0 0 100 6
0
5 1 0 100 6
0
6 1 0 100 6
0
7 1 0 100 6
0
8 1 0 100 6
0
9 1 0 100 6
0
10 2 0 100 6
0
11 2 0 100 6
0
12 2 0 100 6
0
13 2 0 100 6
0
14 2 0 100 6
0
15 3 0 100 6
0
16 3 0 100 6
0
17 3 0 100 6
0
18 3 0 100 6
0
19 3 0 100 6
0
300
1 1 -1
2 48 94 48 95 140 278 279 281
2 2 -1
5 14 83 14 86 143 281 282 286
3 1 -1
7 68 51 70 53 145 283 284 287
4 2 -1
8 80 71 80 80 146 284 285 293
5 3 -1
9 13 7 17 8 147 285 286 291
6 2 -1
10 41 54 45 54 148 286 287 290
7 3 -1
11 22 20 23 23 149 287 288 293
8 2 -1
12 98 13 96 13 150 288 289 290
9 2 -1
13 65 31 65 33 151 289 290 291
10 1 -1
14 83 32 84 32 152 290 291 293
11 2 -1
15 32 20 37 20 153 291 292 297
12 2 -1
17 17 68 21 68 155 293 294 297
13 3 -1
18 83 98 84 94 156 294 295 300
14 2 -1
19 88 85 89 85 157 295 296 296
15 0 -1
20 96 28 98 28 158 296 297 298
16 0 -1
21 2 27 2 28 159 297 298 299
17 1 -1
22 98 29 98 30 160 298 299 302
18 0 -1
24 68 31 68 31 162 300 301 302
19 0 -1
29 25 9 27 9 167 305 306 311
20 3 -1
30 32 12 34 12 168 306 307 308
21 3 -1
31 57 41 59 41 169 307 308 309
22 2 -1
33 14 92 20 92 171 309 310 315
23 3 -1
35 69 99 70 99 173 311 312 312
24 1 -1
36 24 44 24 45 174 312 313 314
25 1 -1
39 13 26 13 26 177 315 316 316
26 3 -1
40 8 4 9 4 178 316 317 317
27 1 -1
41 95 20 95 21 179 317 318 319
28 0 -1
42 79 77 79 77 180 318 319 319
29 1 -1
43 61 16 62 16 181 319 320 320
30 0 -1
45 11 1 13 1 183 321 322 323
31 0 -1
49 65 75 67 75 187 325 326 328
32 1 -1
52 31 8 33 8 190 328 329 335
33 2 -1
53 21 13 23 15 191 329 330 334
34 3 -1
54 23 77 24 77 192 330 331 331
35 2 -1
56 8 5 16 12 194 332 333 349
36 0 -1
57 44 59 44 60 195 333 334 335
37 2 -1
59 30 37 30 38 197 335 336 336
38 2 -1
61 9 66 9 66 199 337 338 339
39 2 -1
62 8 53 16 53 200 338 339 346
40 2 -1
64 80 0 86 5 202 340 341 359
41 2 -1
69 89 22 91 22 207 345 346 347
42 2 -1
71 42 75 44 78 209 347 348 355
43 1 -1
73 3 40 7 41 211 349 350 354
44 0 -1
76 35 39 36 39 214 352 353 355
45 1 -1
78 60 5 61 6 216 354 355 356
46 0 -1
80 22 82 22 83 218 356 357 359
47 1 -1
81 2 94 4 94 219 357 358 359
48 1 -1
82 7 63 9 65 220 358 359 364
49 1 -1
83 28 42 29 42 221 359 360 364
50 3 -1
84 95 15 96 15 222 360 361 361
51 0 -1
86 54 11 54 20 224 362 363 372
52 3 -1
87 60 61 61 61 225 363 364 364
53 3 -1
90 95 3 96 3 228 366 367 367
54 2 -1
91 47 90 49 91 229 367 368 371
55 3 -1
92 10 32 11 32 230 368 369 369
56 2 -1
93 29 64 32 64 231 369 370 372
57 2 -1
94 3 30 4 33 232 370 371 376
58 1 -1
96 73 78 75 78 234 372 373 374
59 2 -1
103 58 22 59 22 241 379 380 382
60 3 -1
105 37 81 39 81 243 381 382 383
61 1 -1
106 61 4 65 6 244 382 383 392
62 2 -1
107 35 16 36 18 245 383 384 386
63 3 -1
108 81 66 82 72 246 384 385 392
64 1 -1
110 35 93 41 95 248 386 387 394
65 3 -1
111 79 38 79 38 249 387 388 388
66 2 -1
114 62 34 62 36 252 390 391 396
67 2 -1
115 35 12 36 12 253 391 392 396
68 1 -1
116 60 43 61 46 254 392 393 404
69 0 -1
119 13 47 16 47 257 395 396 398
70 1 -1
120 41 77 41 77 258 396 397 397
71 1 -1
122 92 76 93 79 260 398 399 402
72 3 -1
123 28 11 30 11 261 399 400 402
73 0 -1
124 55 23 55 24 262 400 401 404
74 0 -1
127 44 74 44 74 265 403 404 404
75 0 -1
128 53 91 66 92 266 404 405 423
76 2 -1
130 86 80 87 80 268 406 407 407
77 3 -1
132 38 87 49 88 270 408 409 423
78 1 -1
134 49 42 50 42 272 410 411 411
79 0 -1
135 61 0 68 2 273 411 412 422
80 2 -1
136 97 49 98 50 274 412 413 414
81 3 -1
139 4 50 4 51 277 415 416 416
82 2 -1
140 94 85 94 89 278 416 417 420
83 1 -1
141 92 45 93 49 279 417 418 422
84 2 -1
144 26 24 31 24 282 420 421 425
85 1 -1
145 72 36 73 36 283 421 422 423
86 2 -1
146 41 62 41 62 284 422 423 423
87 3 -1
147 33 67 33 67 285 423 424 424
88 1 -1
148 37 94 38 94 286 424 425 425
89 2 -1
149 88 74 89 75 287 425 426 427
90 1 -1
150 21 16 23 18 288 426 427 432
91 2 -1
153 76 86 77 86 291 429 430 430
92 1 -1
154 99 82 99 85 292 430 431 434
93 0 -1
155 27 20 27 21 293 431 432 435
94 2 -1
156 22 58 26 58 294 432 433 437
95 3 -1
157 64 12 64 12 295 433 434 438
96 1 -1
160 41 90 46 91 298 436 437 442
97 2 -1
162 17 40 18 40 300 438 439 439
98 1 -1
163 7 70 7 71 301 439 440 440
99 1 -1
166 4 37 4 39 304 442 443 444
100 3 -1
167 10 49 15 49 305 443 444 448
101 2 -1
168 98 58 96 58 306 444 445 446
102 0 -1
169 76 19 80 19 307 445 446 450
103 1 -1
170 52 27 56 28 308 446 447 451
104 2 -1
172 58 46 59 47 310 448 449 453
105 3 -1
173 0 34 4 34 311 449 450 454
106 3 -1
174 65 88 65 89 312 450 451 452
107 1 -1
179 61 57 61 58 317 455 456 456
108 0 -1
183 31 58 33 58 321 459 460 464
109 2 -1
184 23 69 24 69 322 460 461 462
110 1 -1
185 46 40 48 40 323 461 462 463
111 1 -1
186 22 42 25 43 324 462 463 471
112 2 -1
187 92 2 98 2 325 463 464 469
113 0 -1
189 60 3 62 6 327 465 466 470
114 1 -1
190 43 64 48 64 328 466 467 471
115 3 -1
193 46 47 47 47 331 469 470 470
116 0 -1
196 30 25 30 26 334 472 473 474
117 2 -1
197 41 30 41 31 335 473 474 474
118 0 -1
198 62 11 70 15 336 474 475 492
119 3 -1
199 66 31 66 31 337 475 476 476
120 0 -1
200 54 9 56 9 338 476 477 478
121 2 -1
201 92 58 93 58 339 477 478 478
122 2 -1
204 69 94 70 94 342 480 481 481
123 0 -1
208 66 15 67 15 346 484 485 485
124 2 -1
209 66 61 66 61 347 485 486 486
125 0 -1
211 68 20 71 20 349 487 488 490
126 1 -1
212 89 33 89 33 350 488 489 490
127 2 -1
213 90 72 96 72 351 489 490 497
128 2 -1
214 1 78 1 82 352 490 491 495
129 1 -1
218 72 30 72 34 356 494 495 501
130 1 -1
219 31 45 31 47 357 495 496 497
131 1 -1
224 73 36 73 36 362 500 501 503
132 2 -1
225 83 72 84 73 363 501 502 503
133 0 -1
229 72 53 75 55 367 505 506 511
134 1 -1
230 79 6 79 6 368 506 507 507
135 2 -1
231 26 6 29 6 369 507 508 510
136 3 -1
236 17 48 19 48 374 512 513 514
137 0 -1
237 64 95 64 96 375 513 514 515
138 3 -1
240 57 63 65 63 378 516 517 527
139 0 -1
242 29 62 31 62 380 518 519 520
140 3 -1
244 72 27 73 30 382 520 521 525
141 3 -1
245 19 37 23 39 383 521 522 527
142 0 -1
246 28 66 28 68 384 522 523 525
143 1 -1
247 81 76 84 76 385 523 524 526
144 2 -1
248 68 2 71 2 386 524 525 527
145 3 -1
250 9 87 10 87 388 526 527 528
146 2 -1
251 0 32 3 32 389 527 528 530
147 1 -1
253 27 14 28 14 391 529 530 530
148 0 -1
255 86 68 87 69 393 531 532 533
149 0 -1
256 5 67 6 70 394 532 533 536
150 2 -1
257 20 60 23 61 395 533 534 537
151 0 -1
258 39 25 40 25 396 534 535 535
152 0 -1
260 72 92 73 92 398 536 537 538
153 2 -1
261 50 99 52 93 399 537 538 549
154 3 -1
266 5 35 8 36 404 542 543 546
155 3 -1
267 78 15 78 15 405 543 544 546
156 2 -1
268 16 97 18 97 406 544 545 546
157 1 -1
269 13 89 13 89 407 545 546 546
158 3 -1
271 67 36 68 37 409 547 548 553
159 3 -1
272 47 68 47 68 410 548 549 549
160 2 -1
274 36 10 46 11 412 550 551 563
161 1 -1
277 6 65 8 65 415 553 554 555
162 3 -1
278 78 62 82 62 416 554 555 560
163 2 -1
279 10 93 11 96 417 555 556 559
164 3 -1
280 16 70 17 71 418 556 557 559
165 2 -1
283 83 41 84 41 421 559 560 560
166 3 -1
285 37 71 40 71 423 561 562 564
167 3 -1
286 10 44 12 44 424 562 563 565
168 0 -1
289 55 92 57 92 427 565 566 568
169 2 -1
293 56 73 58 75 431 569 570 573
170 1 -1
294 47 67 47 70 432 570 571 574
171 0 -1
295 62 36 64 36 433 571 572 573
172 2 -1
296 37 97 39 99 434 572 573 576
173 3 -1
303 96 88 90 90 441 579 580 588
174 0 -1
305 78 4 81 4 443 581 582 586
175 3 -1
306 62 70 62 70 444 582 583 583
176 3 -1
307 16 51 17 51 445 583 584 585
177 0 -1
310 34 38 36 40 448 586 587 590
178 0 -1
311 60 42 63 43 449 587 588 591
179 2 -1
312 33 79 37 80 450 588 589 597
180 3 -1
313 82 66 83 66 451 589 590 590
181 0 -1
315 62 70 63 71 453 591 592 593
182 1 -1
320 16 39 32 39 458 596 597 612
183 2 -1
321 77 70 77 73 459 597 598 600
184 0 -1
323 18 68 29 69 461 599 600 612
185 0 -1
325 23 50 27 50 463 601 602 609
186 0 -1
326 77 56 77 56 464 602 603 603
187 0 -1
327 81 25 83 26 465 603 604 606
188 1 -1
328 2 99 2 94 466 604 605 609
189 3 -1
329 96 36 98 36 467 605 606 608
190 3 -1
330 11 3 12 7 468 606 607 611
191 2 -1
337 59 93 70 95 475 613 614 626
192 1 -1
340 51 72 52 73 478 616 617 619
193 2 -1
342 26 20 27 20 480 618 619 619
194 3 -1
343 15 12 16 13 481 619 620 622
195 2 -1
345 34 24 36 30 483 621 622 633
196 1 -1
349 84 0 84 1 487 625 626 626
197 0 -1
351 79 33 79 33 489 627 628 628
198 0 -1
354 79 74 79 74 492 630 631 636
199 2 -1
356 73 98 74 98 494 632 633 633
200 3 -1
357 56 22 59 22 495 633 634 637
201 3 -1
358 18 28 22 31 496 634 635 641
202 3 -1
359 63 91 65 91 497 635 636 638
203 2 -1
360 88 26 89 27 498 636 637 638
204 1 -1
361 58 58 58 62 499 637 638 643
205 2 -1
363 16 85 17 85 501 639 640 640
206 1 -1
364 63 73 63 74 502 640 641 641
207 2 -1
365 93 43 95 43 503 641 642 643
208 1 -1
367 86 93 89 93 505 643 644 649
209 2 -1
371 1 34 1 34 509 647 648 648
210 1 -1
372 67 51 75 51 510 648 649 656
211 0 -1
373 42 83 44 83 511 649 650 652
212 0 -1
374 8 5 9 5 512 650 651 651
213 2 -1
375 21 89 21 90 513 651 652 652
214 3 -1
377 86 26 86 26 515 653 654 654
215 2 -1
379 16 32 17 32 517 655 656 656
216 3 -1
380 77 40 77 40 518 656 657 657
217 2 -1
381 67 56 68 56 519 657 658 662
218 2 -1
382 30 45 32 45 520 658 659 660
219 0 -1
383 81 1 81 2 521 659 660 660
220 1 -1
388 96 5 97 5 526 664 665 665
221 3 -1
391 97 63 97 65 529 667 668 669
222 0 -1
392 64 94 66 94 530 668 669 670
223 3 -1
394 31 41 34 41 532 670 671 673
224 0 -1
396 86 63 86 63 534 672 673 677
225 0 -1
397 44 71 45 71 535 673 674 674
226 2 -1
400 98 0 96 0 538 676 677 678
227 1 -1
401 25 71 27 71 539 677 678 679
228 0 -1
403 51 2 56 2 541 679 680 684
229 1 -1
404 83 63 83 64 542 680 681 682
230 2 -1
407 69 50 69 50 545 683 684 684
231 0 -1
408 93 91 96 91 546 684 685 687
232 2 -1
411 70 30 70 30 549 687 688 689
233 2 -1
412 47 16 47 16 550 688 689 689
234 0 -1
414 60 21 60 22 552 690 691 691
235 1 -1
418 71 31 72 31 556 694 695 695
236 2 -1
420 69 89 69 90 558 696 697 697
237 0 -1
421 42 48 43 49 559 697 698 699
238 0 -1
423 33 53 33 53 561 699 700 700
239 1 -1
426 90 4 95 4 564 702 703 707
240 0 -1
428 29 43 29 45 566 704 705 706
241 2 -1
433 90 77 91 78 571 709 710 711
242 3 -1
437 64 27 64 28 575 713 714 714
243 3 -1
439 37 99 37 97 577 715 716 717
244 3 -1
441 95 18 99 19 579 717 718 725
245 2 -1
446 51 14 53 14 584 722 723 726
246 2 -1
448 56 56 57 58 586 724 725 727
247 2 -1
450 55 37 63 37 588 726 727 734
248 1 -1
452 60 13 62 14 590 728 729 731
249 2 -1
455 54 56 55 56 593 731 732 734
250 2 -1
460 33 92 36 94 598 736 737 742
251 2 -1
461 60 21 62 21 599 737 738 739
252 3 -1
462 50 37 53 37 600 738 739 741
253 1 -1
464 12 54 13 55 602 740 741 742
254 2 -1
469 16 36 17 37 607 745 746 747
255 1 -1
471 52 9 60 12 609 747 748 758
256 0 -1
475 7 60 9 60 613 751 752 753
257 2 -1
478 80 87 82 87 616 754 755 758
258 1 -1
479 7 89 8 90 617 755 756 757
259 1 -1
480 4 22 5 26 618 756 757 764
260 2 -1
481 77 57 80 57 619 757 758 763
261 1 -1
482 92 61 92 62 620 758 759 759
262 2 -1
484 17 48 20 48 622 760 761 764
263 3 -1
486 89 21 91 22 624 762 763 765
264 3 -1
488 60 28 61 28 626 764 765 767
265 1 -1
489 30 50 35 56 627 765 766 778
266 2 -1
491 16 30 17 30 629 767 768 769
267 3 -1
493 16 79 16 80 631 769 770 770
268 0 -1
496 17 13 17 13 634 772 773 773
269 2 -1
501 8 78 10 78 639 777 778 779
270 2 -1
502 71 58 74 58 640 778 779 782
271 3 -1
505 23 76 25 76 643 781 782 783
272 0 -1
506 44 20 47 21 644 782 783 787
273 0 -1
507 80 38 84 38 645 783 784 787
274 2 -1
509 83 19 83 20 647 785 786 786
275 3 -1
511 76 77 76 79 649 787 788 789
276 1 -1
512 17 87 17 88 650 788 789 789
277 1 -1
515 71 82 72 83 653 791 792 794
278 3 -1
516 47 38 55 43 654 792 793 805
279 1 -1
517 5 37 6 40 655 793 794 797
280 2 -1
518 23 70 23 70 656 794 795 796
281 0 -1
520 78 17 79 17 658 796 797 797
282 0 -1
522 65 68 70 70 660 798 799 807
283 0 -1
523 52 6 53 6 661 799 800 800
284 3 -1
525 38 39 40 39 663 801 802 803
285 1 -1
526 17 49 19 49 664 802 803 804
286 0 -1
528 12 61 16 61 666 804 805 809
287 1 -1
530 66 50 67 51 668 806 807 810
288 3 -1
533 85 74 85 75 671 809 810 811
289 2 -1
535 68 42 69 44 673 811 812 814
290 0 -1
536 66 87 68 87 674 812 813 814
291 1 -1
537 83 58 84 58 675 813 814 814
292 0 -1
538 20 65 20 67 676 814 815 817
293 3 -1
540 72 7 72 9 678 816 817 820
294 0 -1
541 64 32 64 34 679 817 818 820
295 3 -1
542 90 96 94 98 680 818 819 826
296 0 -1
543 51 80 52 81 681 819 820 821
297 3 -1
546 94 5 96 5 684 822 823 824
298 3 -1
547 19 59 21 59 685 823 824 825
299 2 -1
550 32 27 33 27 688 826 827 827
300 1 -1
552 77 1 78 2 690 828 829 831
