100 100 831
1
0 57 53
22
0 0 0 100 6
0
1 0 0 100 6
0
2 0 0 100 6
0
3 0 0 100 6
0
4 0 0 100 6
0
5 0 -1 100 6
0
6 0 -1 100 6
0
7 0 -1 100 6
0
8 0 -1 100 6
0
9 0 -1 100 6
0
10 0 -1 100 6
0
11 0 -1 100 6
0
12 0 -1 100 6
0
13 0 -1 100 6
0
14 0 -1 100 6
0
15 0 -1 100 6
0
16 0 -1 100 6
0
17 0 -1 100 6
0
18 0 -1 100 6
0
19 0 -1 100 6
0
20 0 -1 100 6
0
21 0 -1 100 6
0
300
1 0 -1
2 79 17 81 17 140 278 279 281
2 0 -1
5 24 47 24 50 143 281 282 286
3 0 -1
7 96 0 92 0 145 283 284 287
4 0 -1
8 51 23 53 29 146 284 285 293
5 0 -1
9 34 80 36 84 147 285 286 291
6 0 -1
10 6 38 10 38 148 286 287 290
7 0 -1
11 32 58 32 59 149 287 288 293
8 0 -1
12 31 99 31 100 150 288 289 290
9 0 -1
13 72 39 74 39 151 289 290 291
10 0 -1
14 34 8 35 10 152 290 291 293
11 0 -1
15 42 95 43 98 153 291 292 297
12 0 -1
17 63 14 67 14 155 293 294 297
13 0 -1
18 60 82 66 82 156 294 295 300
14 0 -1
19 41 94 42 94 157 295 296 296
15 0 -1
20 83 20 83 22 158 296 297 298
16 0 -1
21 7 15 9 15 159 297 298 299
17 0 -1
22 19 60 19 61 160 298 299 302
18 0 -1
24 77 36 79 36 162 300 301 302
19 0 -1
29 34 32 35 32 167 305 306 311
20 0 -1
30 83 27 84 27 168 306 307 308
21 0 -1
31 24 5 26 5 169 307 308 309
22 0 -1
33 47 93 48 97 171 309 310 315
23 0 -1
35 43 30 43 30 173 311 312 312
24 0 -1
36 5 83 6 83 174 312 313 314
25 0 -1
39 23 74 24 74 177 315 316 316
26 0 -1
40 83 68 83 69 178 316 317 317
27 0 -1
41 65 1 67 1 179 317 318 319
28 0 -1
42 34 16 34 17 180 318 319 319
29 0 -1
43 74 15 75 15 181 319 320 320
30 0 -1
45 3 60 4 60 183 321 322 323
31 0 -1
49 80 53 80 55 187 325 326 328
32 0 -1
52 55 35 61 36 190 328 329 335
33 0 -1
53 4 93 4 98 191 329 330 334
34 0 -1
54 91 23 92 23 192 330 331 331
35 0 -1
56 80 44 91 46 194 332 333 349
36 0 -1
57 10 79 12 79 195 333 334 335
37 0 -1
59 78 84 79 84 197 335 336 336
38 0 -1
61 45 81 45 82 199 337 338 339
39 0 -1
62 4 63 6 63 200 338 339 346
40 0 -1
64 65 1 76 8 202 340 341 359
41 0 -1
69 10 52 12 52 207 345 346 347
42 0 -1
71 19 21 20 28 209 347 348 355
43 0 -1
73 85 51 88 51 211 349 350 354
44 0 -1
76 59 48 61 49 214 352 353 355
45 0 -1
78 51 38 52 38 216 354 355 356
46 0 -1
80 95 20 97 20 218 356 357 359
47 0 -1
81 0 41 0 41 219 357 358 359
48 0 -1
82 29 75 30 78 220 358 359 364
49 0 -1
83 59 73 64 73 221 359 360 364
50 0 -1
84 44 34 45 34 222 360 361 361
51 0 -1
86 1 10 9 12 224 362 363 372
52 0 -1
87 10 69 10 69 225 363 364 364
53 0 -1
90 61 91 61 91 228 366 367 367
54 0 -1
91 51 55 51 57 229 367 368 371
55 0 -1
92 73 12 73 13 230 368 369 369
56 0 -1
93 68 23 69 23 231 369 370 372
57 0 -1
94 42 71 47 71 232 370 371 376
58 0 -1
96 98 71 98 73 234 372 373 374
59 0 -1
103 47 31 50 31 241 379 380 382
60 0 -1
105 64 17 64 19 243 381 382 383
61 0 -1
106 4 84 8 88 244 382 383 392
62 0 -1
107 89 68 92 68 245 383 384 386
63 0 -1
108 68 66 73 69 246 384 385 392
64 0 -1
110 19 73 19 81 248 386 387 394
65 0 -1
111 90 38 91 38 249 387 388 388
66 0 -1
114 87 93 88 94 252 390 391 396
67 0 -1
115 1 39 5 39 253 391 392 396
68 0 -1
116 1 21 5 25 254 392 393 404
69 0 -1
119 33 46 34 46 257 395 396 398
70 0 -1
120 55 44 56 44 258 396 397 397
71 0 -1
122 76 42 78 43 260 398 399 402
72 0 -1
123 6 34 7 35 261 399 400 402
73 0 -1
124 71 80 71 82 262 400 401 404
74 0 -1
127 20 52 20 52 265 403 404 404
75 0 -1
128 64 34 77 35 266 404 405 423
76 0 -1
130 34 5 35 5 268 406 407 407
77 0 -1
132 21 74 27 78 270 408 409 423
78 0 -1
134 24 96 25 96 272 410 411 411
79 0 -1
135 4 79 14 80 273 411 412 422
80 0 -1
136 86 13 87 14 274 412 413 414
81 0 -1
139 50 17 51 17 277 415 416 416
82 0 -1
140 64 9 68 9 278 416 417 420
83 0 -1
141 90 2 91 6 279 417 418 422
84 0 -1
144 52 98 52 98 282 420 421 425
85 0 -1
145 12 87 13 88 283 421 422 423
86 0 -1
146 23 12 23 13 284 422 423 423
87 0 -1
147 42 79 42 79 285 423 424 424
88 0 -1
148 15 94 16 94 286 424 425 425
89 0 -1
149 98 19 99 20 287 425 426 427
90 0 -1
150 0 87 4 87 288 426 427 432
91 0 -1
153 52 22 52 23 291 429 430 430
92 0 -1
154 28 63 28 67 292 430 431 434
93 0 -1
155 89 83 90 86 293 431 432 435
94 0 -1
156 96 45 91 45 294 432 433 437
95 0 -1
157 96 49 96 49 295 433 434 438
96 0 -1
160 56 98 57 93 298 436 437 442
97 0 -1
162 10 43 11 43 300 438 439 439
98 0 -1
163 38 19 39 19 301 439 440 440
99 0 -1
166 39 50 39 51 304 442 443 444
100 0 -1
167 47 87 48 91 305 443 444 448
101 0 -1
168 66 29 68 29 306 444 445 446
102 0 -1
169 12 83 17 83 307 445 446 450
103 0 -1
170 17 81 22 81 308 446 447 451
104 0 -1
172 74 36 75 38 310 448 449 453
105 0 -1
173 11 74 11 78 311 449 450 454
106 0 -1
174 68 44 68 45 312 450 451 452
107 0 -1
179 37 56 38 56 317 455 456 456
108 0 -1
183 72 96 75 98 321 459 460 464
109 0 -1
184 23 72 23 72 322 460 461 462
110 0 -1
185 15 70 16 71 323 461 462 463
111 0 -1
186 7 39 9 40 324 462 463 471
112 0 -1
187 16 25 22 25 325 463 464 469
113 0 -1
189 45 8 50 8 327 465 466 470
114 0 -1
190 83 26 83 27 328 466 467 471
115 0 -1
193 73 28 73 29 331 469 470 470
116 0 -1
196 10 80 12 80 334 472 473 474
117 0 -1
197 37 23 38 23 335 473 474 474
118 0 -1
198 23 81 26 85 336 474 475 492
119 0 -1
199 65 95 65 96 337 475 476 476
120 0 -1
200 61 82 63 82 338 476 477 478
121 0 -1
201 27 38 27 39 339 477 478 478
122 0 -1
204 98 94 98 94 342 480 481 481
123 0 -1
208 94 54 94 55 346 484 485 485
124 0 -1
209 43 64 43 65 347 485 486 486
125 0 -1
211 50 3 50 4 349 487 488 490
126 0 -1
212 78 15 79 16 350 488 489 490
127 0 -1
213 94 55 86 55 351 489 490 497
128 0 -1
214 48 29 51 31 352 490 491 495
129 0 -1
218 30 58 30 58 356 494 495 501
130 0 -1
219 6 40 8 40 357 495 496 497
131 0 -1
224 39 72 42 72 362 500 501 503
132 0 -1
225 90 95 92 95 363 501 502 503
133 0 -1
229 94 68 97 68 367 505 506 511
134 0 -1
230 94 16 95 16 368 506 507 507
135 0 -1
231 29 41 32 41 369 507 508 510
136 0 -1
236 86 6 87 7 374 512 513 514
137 0 -1
237 95 88 96 88 375 513 514 515
138 0 -1
240 62 20 62 22 378 516 517 527
139 0 -1
242 36 23 38 23 380 518 519 520
140 0 -1
244 54 60 55 64 382 520 521 525
141 0 -1
245 62 53 68 53 383 521 522 527
142 0 -1
246 34 25 35 27 384 522 523 525
143 0 -1
247 64 21 66 21 385 523 524 526
144 0 -1
248 9 21 9 24 386 524 525 527
145 0 -1
250 42 88 43 89 388 526 527 528
146 0 -1
251 66 85 68 86 389 527 528 530
147 0 -1
253 77 37 78 37 391 529 530 530
148 0 -1
255 83 0 85 0 393 531 532 533
149 0 -1
256 93 8 96 9 394 532 533 536
150 0 -1
257 12 27 14 29 395 533 534 537
151 0 -1
258 67 29 68 29 396 534 535 535
152 0 -1
260 86 23 87 23 398 536 537 538
153 0 -1
261 42 11 51 13 399 537 538 549
154 0 -1
266 1 65 5 65 404 542 543 546
155 0 -1
267 37 88 39 89 405 543 544 546
156 0 -1
268 12 19 14 19 406 544 545 546
157 0 -1
269 2 20 2 21 407 545 546 546
158 0 -1
271 3 56 8 56 409 547 548 553
159 0 -1
272 81 68 81 68 410 548 549 549
160 0 -1
274 83 57 95 58 412 550 551 563
161 0 -1
277 69 55 69 55 415 553 554 555
162 0 -1
278 13 4 17 5 416 554 555 560
163 0 -1
279 70 40 73 40 417 555 556 559
164 0 -1
280 25 81 25 82 418 556 557 559
165 0 -1
283 2 6 3 6 421 559 560 560
166 0 -1
285 21 41 22 41 423 561 562 564
167 0 -1
286 45 11 45 11 424 562 563 565
168 0 -1
289 54 27 57 27 427 565 566 568
169 0 -1
293 70 98 70 99 431 569 570 573
170 0 -1
294 73 67 74 69 432 570 571 574
171 0 -1
295 62 83 63 83 433 571 572 573
172 0 -1
296 29 49 32 49 434 572 573 576
173 0 -1
303 93 45 99 45 441 579 580 588
174 0 -1
305 89 96 93 97 443 581 582 586
175 0 -1
306 67 85 67 85 444 582 583 583
176 0 -1
307 47 15 49 15 445 583 584 585
177 0 -1
310 53 32 55 34 448 586 587 590
178 0 -1
311 16 23 19 23 449 587 588 591
179 0 -1
312 15 12 22 12 450 588 589 597
180 0 -1
313 35 43 36 43 451 589 590 590
181 0 -1
315 69 92 69 93 453 591 592 593
182 0 -1
320 60 8 67 15 458 596 597 612
183 0 -1
321 82 72 82 73 459 597 598 600
184 0 -1
323 74 68 82 69 461 599 600 612
185 0 -1
325 63 4 63 8 463 601 602 609
186 0 -1
326 83 33 83 33 464 602 603 603
187 0 -1
327 15 23 15 24 465 603 604 606
188 0 -1
328 23 27 26 27 466 604 605 609
189 0 -1
329 15 22 16 23 467 605 606 608
190 0 -1
330 75 20 80 20 468 606 607 611
191 0 -1
337 49 67 56 73 475 613 614 626
192 0 -1
340 5 64 8 64 478 616 617 619
193 0 -1
342 80 44 80 45 480 618 619 619
194 0 -1
343 7 18 7 19 481 619 620 622
195 0 -1
345 12 85 20 88 483 621 622 633
196 0 -1
349 40 79 41 79 487 625 626 626
197 0 -1
351 51 72 52 72 489 627 628 628
198 0 -1
354 51 29 55 31 492 630 631 636
199 0 -1
356 25 25 25 26 494 632 633 633
200 0 -1
357 10 54 14 54 495 633 634 637
201 0 -1
358 17 5 24 5 496 634 635 641
202 0 -1
359 42 44 43 46 497 635 636 638
203 0 -1
360 30 81 32 81 498 636 637 638
204 0 -1
361 8 83 8 85 499 637 638 643
205 0 -1
363 21 55 22 55 501 639 640 640
206 0 -1
364 17 17 18 17 502 640 641 641
207 0 -1
365 64 43 64 44 503 641 642 643
208 0 -1
367 80 21 80 25 505 643 644 649
209 0 -1
371 69 30 69 30 509 647 648 648
210 0 -1
372 50 61 53 63 510 648 649 656
211 0 -1
373 15 0 17 1 511 649 650 652
212 0 -1
374 15 80 16 80 512 650 651 651
213 0 -1
375 45 45 46 45 513 651 652 652
214 0 -1
377 8 51 8 52 515 653 654 654
215 0 -1
379 85 91 85 91 517 655 656 656
216 0 -1
380 11 81 12 81 518 656 657 657
217 0 -1
381 75 97 80 97 519 657 658 662
218 0 -1
382 10 17 10 17 520 658 659 660
219 0 -1
383 54 63 55 63 521 659 660 660
220 0 -1
388 89 96 89 97 526 664 665 665
221 0 -1
391 57 20 58 21 529 667 668 669
222 0 -1
392 12 41 12 41 530 668 669 670
223 0 -1
394 30 71 30 74 532 670 671 673
224 0 -1
396 32 73 34 74 534 672 673 677
225 0 -1
397 11 91 11 92 535 673 674 674
226 0 -1
400 82 31 84 31 538 676 677 678
227 0 -1
401 79 95 80 95 539 677 678 679
228 0 -1
403 49 42 54 42 541 679 680 684
229 0 -1
404 69 89 70 89 542 680 681 682
230 0 -1
407 20 70 21 70 545 683 684 684
231 0 -1
408 74 7 77 7 546 684 685 687
232 0 -1
411 96 57 96 57 549 687 688 689
233 0 -1
412 20 99 20 99 550 688 689 689
234 0 -1
414 68 95 68 95 552 690 691 691
235 0 -1
418 0 56 1 56 556 694 695 695
236 0 -1
420 59 63 59 63 558 696 697 697
237 0 -1
421 8 71 8 72 559 697 698 699
238 0 -1
423 3 17 3 18 561 699 700 700
239 0 -1
426 71 24 71 24 564 702 703 707
240 0 -1
428 96 47 96 49 566 704 705 706
241 0 -1
433 75 65 75 67 571 709 710 711
242 0 -1
437 83 24 83 25 575 713 714 714
243 0 -1
439 33 1 35 1 577 715 716 717
244 0 -1
441 12 82 16 82 579 717 718 725
245 0 -1
446 18 51 18 53 584 722 723 726
246 0 -1
448 90 2 92 3 586 724 725 727
247 0 -1
450 53 82 61 82 588 726 727 734
248 0 -1
452 90 89 90 89 590 728 729 731
249 0 -1
455 94 99 95 99 593 731 732 734
250 0 -1
460 83 4 88 5 598 736 737 742
251 0 -1
461 73 29 73 29 599 737 738 739
252 0 -1
462 99 94 97 94 600 738 739 741
253 0 -1
464 19 90 19 91 602 740 741 742
254 0 -1
469 23 37 24 37 607 745 746 747
255 0 -1
471 13 95 18 95 609 747 748 758
256 0 -1
475 83 48 84 48 613 751 752 753
257 0 -1
478 42 96 46 96 616 754 755 758
258 0 -1
479 13 50 15 50 617 755 756 757
259 0 -1
480 78 33 84 35 618 756 757 764
260 0 -1
481 74 86 77 87 619 757 758 763
261 0 -1
482 71 61 71 61 620 758 759 759
262 0 -1
484 26 61 29 61 622 760 761 764
263 0 -1
486 26 98 26 100 624 762 763 765
264 0 -1
488 97 27 94 27 626 764 765 767
265 0 -1
489 84 62 92 67 627 765 766 778
266 0 -1
491 73 53 75 53 629 767 768 769
267 0 -1
493 55 41 55 41 631 769 770 770
268 0 -1
496 70 78 70 79 634 772 773 773
269 0 -1
501 88 43 90 43 639 777 778 779
270 0 -1
502 57 93 61 93 640 778 779 782
271 0 -1
505 97 18 99 18 643 781 782 783
272 0 -1
506 75 34 76 38 644 782 783 787
273 0 -1
507 92 0 96 0 645 783 784 787
274 0 -1
509 93 79 93 79 647 785 786 786
275 0 -1
511 96 76 98 76 649 787 788 789
276 0 -1
512 80 21 81 21 650 788 789 789
277 0 -1
515 4 14 6 15 653 791 792 794
278 0 -1
516 97 26 90 28 654 792 793 805
279 0 -1
517 48 35 49 36 655 793 794 797
280 0 -1
518 2 16 2 17 656 794 795 796
281 0 -1
520 13 53 14 53 658 796 797 797
282 0 -1
522 59 74 66 76 660 798 799 807
283 0 -1
523 63 74 64 74 661 799 800 800
284 0 -1
525 7 19 9 19 663 801 802 803
285 0 -1
526 45 72 47 72 664 802 803 804
286 0 -1
528 67 74 69 76 666 804 805 809
287 0 -1
530 34 36 35 36 668 806 807 810
288 0 -1
533 99 35 99 37 671 809 810 811
289 0 -1
535 5 49 5 52 673 811 812 814
290 0 -1
536 70 72 72 72 674 812 813 814
291 0 -1
537 9 41 9 41 675 813 814 814
292 0 -1
538 16 94 17 95 676 814 815 817
293 0 -1
540 42 10 42 14 678 816 817 820
294 0 -1
541 86 42 88 42 679 817 818 820
295 0 -1
542 84 58 87 60 680 818 819 826
296 0 -1
543 97 69 97 70 681 819 820 821
297 0 -1
546 31 13 33 13 684 822 823 824
298 0 -1
547 45 66 46 66 685 823 824 825
299 0 -1
550 33 61 34 61 688 826 827 827
300 0 -1
552 80 3 83 3 690 828 829 831
