100 100 1107
1
0 73 52
22
0 0 0 100 6
0
1 0 0 100 6
0
2 0 0 100 6
0
3 0 0 100 6
0
4 0 0 100 6
0
5 0 0 100 6
0
6 0 0 100 6
0
7 0 0 100 6
0
8 0 0 100 6
0
9 0 0 100 6
0
10 0 0 100 6
0
11 0 0 100 6
0
12 0 0 100 6
0
13 0 0 100 6
0
14 0 0 100 6
0
15 0 0 100 6
0
16 0 0 100 6
0
17 0 0 100 6
0
18 0 0 100 6
0
19 0 0 100 6
0
20 0 0 100 6
0
21 0 0 100 6
0
300
1 0 -1
2 21 28 23 28 278 554 555 557
2 0 -1
5 17 68 19 70 281 557 558 562
3 0 -1
7 39 74 42 75 283 559 560 563
4 0 -1
8 83 74 83 78 284 560 561 569
5 0 -1
9 41 16 42 19 285 561 562 567
6 0 -1
10 20 97 20 97 286 562 563 566
7 0 -1
11 78 3 83 4 287 563 564 569
8 0 -1
12 81 69 82 70 288 564 565 566
9 0 -1
13 13 50 15 50 289 565 566 567
10 0 -1
14 87 43 89 44 290 566 567 569
11 0 -1
15 9 17 12 20 291 567 568 573
12 0 -1
17 25 98 29 98 293 569 570 573
13 0 -1
18 40 38 46 38 294 570 571 576
14 0 -1
19 9 48 10 48 295 571 572 572
15 0 -1
20 84 56 86 56 296 572 573 574
16 0 -1
21 39 64 41 64 297 573 574 575
17 0 -1
22 25 41 28 42 298 574 575 578
18 0 -1
24 13 48 15 48 300 576 577 578
19 0 -1
29 30 40 32 42 305 581 582 587
20 0 -1
30 6 23 6 25 306 582 583 584
21 0 -1
31 30 52 32 52 307 583 584 585
22 0 -1
33 3 5 6 8 309 585 586 591
23 0 -1
35 93 49 94 49 311 587 588 588
24 0 -1
36 98 36 98 38 312 588 589 590
25 0 -1
39 26 25 26 25 315 591 592 592
26 0 -1
40 17 19 18 19 316 592 593 593
27 0 -1
41 57 14 59 14 317 593 594 595
28 0 -1
42 13 74 14 74 318 594 595 595
29 0 -1
43 5 76 6 76 319 595 596 596
30 0 -1
45 89 96 91 96 321 597 598 599
31 0 -1
49 70 71 70 73 325 601 602 604
32 0 -1
52 20 1 24 4 328 604 605 611
33 0 -1
53 70 80 75 80 329 605 606 610
34 0 -1
54 96 72 96 72 330 606 607 607
35 0 -1
56 30 32 39 37 332 608 609 625
36 0 -1
57 27 10 29 10 333 609 610 611
37 0 -1
59 46 44 47 44 335 611 612 612
38 0 -1
61 24 39 24 39 337 613 614 615
39 0 -1
62 46 36 54 36 338 614 615 622
40 0 -1
64 43 33 53 42 340 616 617 635
41 0 -1
69 89 4 90 4 345 621 622 623
42 0 -1
71 23 79 30 79 347 623 624 631
43 0 -1
73 59 83 62 85 349 625 626 630
44 0 -1
76 8 60 8 60 352 628 629 631
45 0 -1
78 10 61 11 62 354 630 631 632
46 0 -1
80 14 96 16 97 356 632 633 635
47 0 -1
81 62 92 62 92 357 633 634 635
48 0 -1
82 3 77 8 77 358 634 635 640
49 0 -1
83 80 50 80 52 359 635 636 640
50 0 -1
84 97 19 97 20 360 636 637 637
51 0 -1
86 60 31 64 33 362 638 639 648
52 0 -1
87 60 32 60 33 363 639 640 640
53 0 -1
90 15 92 15 92 366 642 643 643
54 0 -1
91 6 89 8 90 367 643 644 647
55 0 -1
92 34 0 35 0 368 644 645 645
56 0 -1
93 59 56 61 56 369 645 646 648
57 0 -1
94 30 76 33 79 370 646 647 652
58 0 -1
96 78 20 79 20 372 648 649 650
59 0 -1
103 47 7 48 9 379 655 656 658
60 0 -1
105 43 54 45 54 381 657 658 659
61 0 -1
106 56 95 63 96 382 658 659 668
62 0 -1
107 47 22 49 23 383 659 660 662
63 0 -1
108 96 13 88 13 384 660 661 668
64 0 -1
110 41 31 41 33 386 662 663 670
65 0 -1
111 37 47 37 47 387 663 664 664
66 0 -1
114 68 26 73 27 390 666 667 672
67 0 -1
115 52 20 57 20 391 667 668 672
68 0 -1
116 79 16 90 16 392 668 669 680
69 0 -1
119 14 24 14 27 395 671 672 674
70 0 -1
120 67 3 67 4 396 672 673 673
71 0 -1
122 66 89 67 89 398 674 675 678
72 0 -1
123 30 79 31 80 399 675 676 678
73 0 -1
124 53 39 55 41 400 676 677 680
74 0 -1
127 7 8 7 8 403 679 680 680
75 0 -1
128 44 4 45 18 404 680 681 699
76 0 -1
130 55 13 56 13 406 682 683 683
77 0 -1
132 97 36 83 37 408 684 685 699
78 0 -1
134 95 26 96 26 410 686 687 687
79 0 -1
135 51 35 53 44 411 687 688 698
80 0 -1
136 83 83 83 83 412 688 689 690
81 0 -1
139 47 51 48 51 415 691 692 692
82 0 -1
140 15 24 16 27 416 692 693 696
83 0 -1
141 63 36 64 40 417 693 694 698
84 0 -1
144 64 53 68 54 420 696 697 701
85 0 -1
145 93 27 93 27 421 697 698 699
86 0 -1
146 8 91 8 91 422 698 699 699
87 0 -1
147 50 51 50 51 423 699 700 700
88 0 -1
148 52 96 53 96 424 700 701 701
89 0 -1
149 66 38 68 38 425 701 702 703
90 0 -1
150 96 50 97 54 426 702 703 708
91 0 -1
153 10 31 10 32 429 705 706 706
92 0 -1
154 80 69 82 71 430 706 707 710
93 0 -1
155 12 73 12 74 431 707 708 711
94 0 -1
156 3 4 4 5 432 708 709 713
95 0 -1
157 6 18 7 18 433 709 710 714
96 0 -1
160 15 41 17 42 436 712 713 718
97 0 -1
162 82 93 82 94 438 714 715 715
98 0 -1
163 47 59 47 60 439 715 716 716
99 0 -1
166 89 65 91 65 442 718 719 720
100 0 -1
167 68 74 72 74 443 719 720 724
101 0 -1
168 45 70 45 70 444 720 721 722
102 0 -1
169 43 12 44 13 445 721 722 726
103 0 -1
170 30 98 30 100 446 722 723 727
104 0 -1
172 30 84 31 87 448 724 725 729
105 0 -1
173 43 71 47 71 449 725 726 730
106 0 -1
174 5 58 5 60 450 726 727 728
107 0 -1
179 72 89 73 89 455 731 732 732
108 0 -1
183 5 62 10 62 459 735 736 740
109 0 -1
184 13 43 14 44 460 736 737 738
110 0 -1
185 5 80 6 81 461 737 738 739
111 0 -1
186 48 27 53 29 462 738 739 747
112 0 -1
187 20 65 25 66 463 739 740 745
113 0 -1
189 47 70 47 75 465 741 742 746
114 0 -1
190 27 44 30 45 466 742 743 747
115 0 -1
193 27 11 28 11 469 745 746 746
116 0 -1
196 64 53 66 53 472 748 749 750
117 0 -1
197 59 33 59 34 473 749 750 750
118 0 -1
198 54 81 69 84 474 750 751 768
119 0 -1
199 20 99 20 99 475 751 752 752
120 0 -1
200 87 47 87 47 476 752 753 754
121 0 -1
201 35 98 35 98 477 753 754 754
122 0 -1
204 35 52 36 52 480 756 757 757
123 0 -1
208 71 93 72 93 484 760 761 761
124 0 -1
209 71 59 71 60 485 761 762 762
125 0 -1
211 97 26 97 27 487 763 764 766
126 0 -1
212 78 85 80 85 488 764 765 766
127 0 -1
213 26 7 34 7 489 765 766 773
128 0 -1
214 40 98 43 99 490 766 767 771
129 0 -1
218 87 34 90 37 494 770 771 777
130 0 -1
219 17 58 19 58 495 771 772 773
131 0 -1
224 7 19 10 19 500 776 777 779
132 0 -1
225 7 67 8 68 501 777 778 779
133 0 -1
229 48 24 52 24 505 781 782 787
134 0 -1
230 24 29 24 29 506 782 783 783
135 0 -1
231 52 72 55 72 507 783 784 786
136 0 -1
236 37 39 38 39 512 788 789 790
137 0 -1
237 81 37 82 38 513 789 790 791
138 0 -1
240 24 6 24 14 516 792 793 803
139 0 -1
242 56 87 57 88 518 794 795 796
140 0 -1
244 81 54 81 56 520 796 797 801
141 0 -1
245 1 62 1 66 521 797 798 803
142 0 -1
246 31 16 31 17 522 798 799 801
143 0 -1
247 81 28 82 28 523 799 800 802
144 0 -1
248 37 59 40 59 524 800 801 803
145 0 -1
250 59 79 61 79 526 802 803 804
146 0 -1
251 12 26 14 26 527 803 804 806
147 0 -1
253 42 28 43 28 529 805 806 806
148 0 -1
255 63 13 65 13 531 807 808 809
149 0 -1
256 24 28 24 28 532 808 809 812
150 0 -1
257 37 34 40 35 533 809 810 813
151 0 -1
258 58 14 58 14 534 810 811 811
152 0 -1
260 94 74 96 74 536 812 813 814
153 0 -1
261 5 88 9 91 537 813 814 825
154 0 -1
266 12 19 13 20 542 818 819 822
155 0 -1
267 33 89 34 90 543 819 820 822
156 0 -1
268 73 19 73 20 544 820 821 822
157 0 -1
269 13 76 13 76 545 821 822 822
158 0 -1
271 26 5 29 6 547 823 824 829
159 0 -1
272 50 29 50 30 548 824 825 825
160 0 -1
274 4 98 12 95 550 826 827 839
161 0 -1
277 34 44 35 45 553 829 830 831
162 0 -1
278 85 89 89 89 554 830 831 836
163 0 -1
279 96 95 92 95 555 831 832 835
164 0 -1
280 98 28 99 29 556 832 833 835
165 0 -1
283 24 79 25 79 559 835 836 836
166 0 -1
285 51 14 54 14 561 837 838 840
167 0 -1
286 91 70 93 70 562 838 839 841
168 0 -1
289 20 19 23 19 565 841 842 844
169 0 -1
293 91 36 93 37 569 845 846 849
170 0 -1
294 12 99 14 97 570 846 847 850
171 0 -1
295 55 13 55 14 571 847 848 849
172 0 -1
296 86 47 90 47 572 848 849 852
173 0 -1
303 55 58 64 58 579 855 856 864
174 0 -1
305 50 48 53 48 581 857 858 862
175 0 -1
306 82 5 82 5 582 858 859 859
176 0 -1
307 87 15 89 15 583 859 860 861
177 0 -1
310 40 57 42 59 586 862 863 866
178 0 -1
311 27 16 27 19 587 863 864 867
179 0 -1
312 69 62 73 64 588 864 865 873
180 0 -1
313 28 12 29 12 589 865 866 866
181 0 -1
315 55 33 56 33 591 867 868 869
182 0 -1
320 75 23 82 26 596 872 873 888
183 0 -1
321 92 20 94 21 597 873 874 876
184 0 -1
323 49 90 58 94 599 875 876 888
185 0 -1
325 24 28 26 33 601 877 878 885
186 0 -1
326 39 34 39 35 602 878 879 879
187 0 -1
327 83 21 85 21 603 879 880 882
188 0 -1
328 90 66 95 66 604 880 881 885
189 0 -1
329 19 6 20 8 605 881 882 884
190 0 -1
330 62 5 66 6 606 882 883 887
191 0 -1
337 75 20 85 23 613 889 890 902
192 0 -1
340 33 45 33 47 616 892 893 895
193 0 -1
342 15 72 15 72 618 894 895 895
194 0 -1
343 4 2 4 3 619 895 896 898
195 0 -1
345 45 59 52 59 621 897 898 909
196 0 -1
349 86 45 86 46 625 901 902 902
197 0 -1
351 21 55 22 55 627 903 904 904
198 0 -1
354 3 61 4 63 630 906 907 912
199 0 -1
356 81 5 81 6 632 908 909 909
200 0 -1
357 95 35 96 37 633 909 910 913
201 0 -1
358 74 24 76 28 634 910 911 917
202 0 -1
359 69 92 72 92 635 911 912 914
203 0 -1
360 77 40 78 41 636 912 913 914
204 0 -1
361 60 24 60 28 637 913 914 919
205 0 -1
363 9 94 10 94 639 915 916 916
206 0 -1
364 48 43 48 43 640 916 917 917
207 0 -1
365 42 56 44 56 641 917 918 919
208 0 -1
367 68 53 73 53 643 919 920 925
209 0 -1
371 3 78 4 78 647 923 924 924
210 0 -1
372 72 87 78 87 648 924 925 932
211 0 -1
373 61 7 64 7 649 925 926 928
212 0 -1
374 61 44 62 44 650 926 927 927
213 0 -1
375 38 92 39 92 651 927 928 928
214 0 -1
377 50 23 51 23 653 929 930 930
215 0 -1
379 41 62 41 63 655 931 932 932
216 0 -1
380 23 86 24 86 656 932 933 933
217 0 -1
381 33 52 35 52 657 933 934 938
218 0 -1
382 28 45 30 45 658 934 935 936
219 0 -1
383 62 33 63 33 659 935 936 936
220 0 -1
388 70 72 70 72 664 940 941 941
221 0 -1
391 13 28 15 28 667 943 944 945
222 0 -1
392 21 13 21 15 668 944 945 946
223 0 -1
394 15 7 15 7 670 946 947 949
224 0 -1
396 44 0 45 4 672 948 949 953
225 0 -1
397 92 48 93 48 673 949 950 950
226 0 -1
400 95 97 95 99 676 952 953 954
227 0 -1
401 87 33 87 35 677 953 954 955
228 0 -1
403 52 55 52 57 679 955 956 960
229 0 -1
404 68 2 70 2 680 956 957 958
230 0 -1
407 59 36 59 36 683 959 960 960
231 0 -1
408 3 73 5 74 684 960 961 963
232 0 -1
411 57 19 59 19 687 963 964 965
233 0 -1
412 9 54 10 54 688 964 965 965
234 0 -1
414 29 37 30 37 690 966 967 967
235 0 -1
418 44 99 44 99 694 970 971 971
236 0 -1
420 1 7 2 7 696 972 973 973
237 0 -1
421 40 67 42 67 697 973 974 975
238 0 -1
423 48 27 49 27 699 975 976 976
239 0 -1
426 2 79 3 83 702 978 979 983
240 0 -1
428 16 63 18 63 704 980 981 982
241 0 -1
433 82 94 84 94 709 985 986 987
242 0 -1
437 10 21 11 21 713 989 990 990
243 0 -1
439 79 78 79 80 715 991 992 993
244 0 -1
441 93 56 85 56 717 993 994 1001
245 0 -1
446 46 3 50 3 722 998 999 1002
246 0 -1
448 30 41 31 42 724 1000 1001 1003
247 0 -1
450 58 45 63 47 726 1002 1003 1010
248 0 -1
452 44 41 47 41 728 1004 1005 1007
249 0 -1
455 59 38 60 40 731 1007 1008 1010
250 0 -1
460 36 12 41 13 736 1012 1013 1018
251 0 -1
461 29 45 30 45 737 1013 1014 1015
252 0 -1
462 6 51 6 53 738 1014 1015 1017
253 0 -1
464 77 85 79 85 740 1016 1017 1018
254 0 -1
469 59 35 61 35 745 1021 1022 1023
255 0 -1
471 1 80 9 80 747 1023 1024 1034
256 0 -1
475 92 31 92 33 751 1027 1028 1029
257 0 -1
478 78 47 81 48 754 1030 1031 1034
258 0 -1
479 67 98 69 98 755 1031 1032 1033
259 0 -1
480 62 35 63 41 756 1032 1033 1040
260 0 -1
481 21 34 22 38 757 1033 1034 1039
261 0 -1
482 32 96 33 96 758 1034 1035 1035
262 0 -1
484 83 34 87 34 760 1036 1037 1040
263 0 -1
486 38 62 38 65 762 1038 1039 1041
264 0 -1
488 63 81 65 81 764 1040 1041 1043
265 0 -1
489 76 52 81 58 765 1041 1042 1054
266 0 -1
491 50 19 51 20 767 1043 1044 1045
267 0 -1
493 18 47 19 47 769 1045 1046 1046
268 0 -1
496 63 20 64 20 772 1048 1049 1049
269 0 -1
501 22 72 24 72 777 1053 1054 1055
270 0 -1
502 11 37 15 37 778 1054 1055 1058
271 0 -1
505 50 65 51 65 781 1057 1058 1059
272 0 -1
506 3 51 8 51 782 1058 1059 1063
273 0 -1
507 2 5 2 9 783 1059 1060 1063
274 0 -1
509 79 81 80 81 785 1061 1062 1062
275 0 -1
511 37 48 37 49 787 1063 1064 1065
276 0 -1
512 44 58 44 59 788 1064 1065 1065
277 0 -1
515 18 40 18 42 791 1067 1068 1070
278 0 -1
516 2 30 7 34 792 1068 1069 1081
279 0 -1
517 17 85 21 85 793 1069 1070 1073
280 0 -1
518 66 66 68 66 794 1070 1071 1072
281 0 -1
520 19 7 19 8 796 1072 1073 1073
282 0 -1
522 90 11 94 16 798 1074 1075 1083
283 0 -1
523 13 25 14 25 799 1075 1076 1076
284 0 -1
525 93 66 93 68 801 1077 1078 1079
285 0 -1
526 30 10 31 10 802 1078 1079 1080
286 0 -1
528 20 89 24 90 804 1080 1081 1085
287 0 -1
530 3 86 7 86 806 1082 1083 1086
288 0 -1
533 84 36 84 37 809 1085 1086 1087
289 0 -1
535 36 84 37 84 811 1087 1088 1090
290 0 -1
536 63 67 63 67 812 1088 1089 1090
291 0 -1
537 0 24 1 24 813 1089 1090 1090
292 0 -1
538 79 49 79 49 814 1090 1091 1093
293 0 -1
540 88 56 88 57 816 1092 1093 1096
294 0 -1
541 7 5 7 6 817 1093 1094 1096
295 0 -1
542 51 44 58 45 818 1094 1095 1102
296 0 -1
543 78 76 79 76 819 1095 1096 1097
297 0 -1
546 55 12 55 13 822 1098 1099 1100
298 0 -1
547 39 18 40 19 823 1099 1100 1101
299 0 -1
550 1 10 1 10 826 1102 1103 1103
300 0 -1
552 58 45 59 45 828 1104 1105 1107
